89.0806
0,435.149,8.86827,4,2,0.0390625,0,0.00471753
1,138.573,8.50294,4,1,0.0390625,0,0.00432836
2,435.053,9.80638,4,2,0.0458984,0,0.00420184
3,435.117,11.1131,5,2,0.0556641,0,0.00426788
4,435.117,10.2472,5,2,0.0488281,0,0.00430825
5,435.151,8.80294,5,2,0.0371094,0,0.00428024
6,435.053,11.3914,5,2,0.0576172,0,0.00434485
7,435.149,9.89631,5,2,0.0458984,0,0.00431922
8,435.117,11.7917,5,2,0.0615234,0,0.00432652
9,435.053,10.2677,6,2,0.046875,0,0.004365
10,434.902,11.3494,5,2,0.0585938,0,0.00433892
11,435.151,10.6958,5,2,0.046875,0,0.00434397
12,435.151,10.1737,5,2,0.0449219,0,0.00438443
13,435.053,10.4945,5,2,0.0488281,0,0.00430976
14,435.151,11.9971,5,2,0.0634766,0,0.0044649
15,112.44,10.4005,6,1,0.0498047,0,0.00434523
16,434.954,11.2299,6,2,0.0546875,0,0.00432254
17,435.149,10.6351,6,2,0.0458984,0,0.00433816
18,434.954,11.2466,6,2,0.0498047,0,0.00437048
19,435.127,10.854,6,2,0.0478516,0,0.00432722
20,109.829,10.6038,6,1,0.0517578,0,0.00437841
21,1008.92,11.5824,6,3,0.046875,0,0.00440627
22,435.117,13.0286,6,2,0.0664062,0,0.00441125
23,435.149,10.2424,6,2,0.0449219,0,0.00434596
24,110.371,10.0856,6,1,0.0449219,0,0.00453522
25,116.603,11.358,6,1,0.0566406,0,0.00441463
26,435.117,13.0316,6,2,0.0644531,0,0.00435204
27,435.151,12.7348,6,2,0.0615234,0,0.00437947
28,435.149,13.9275,6,2,0.0664062,0,0.00441911
29,435.127,11.8048,6,2,0.0585938,0,0.00436821
30,435.117,13.2462,6,2,0.0732422,0,0.00443043
31,435.149,12.2779,6,2,0.0566406,0,0.0043816
32,435.127,11.3977,6,2,0.0537109,0,0.00438395
33,435.127,11.7399,6,2,0.0537109,0,0.00440853
34,434.639,11.7136,6,2,0.0556641,0,0.00442747
35,112.44,11.0709,6,1,0.0498047,0,0.00448086
36,110.371,12.2752,6,1,0.0644531,0,0.00469456
37,112.934,11.8082,6,1,0.0585938,0,0.00442526
38,1009.59,12.8306,6,3,0.0576172,0,0.00447933
39,1010.79,13.9703,6,3,0.0712891,0,0.00443062
40,435.053,13.4024,6,2,0.0615234,0,0.00443508
41,435.053,11.7493,6,2,0.0566406,0,0.00442676
42,110.903,11.1852,6,1,0.0507812,0,0.00443206
43,435.151,13.983,6,2,0.0703125,0,0.00444581
44,1008.21,13.598,6,3,0.0625,0,0.00445141
45,435.053,11.1012,6,2,0.0488281,0,0.00441621
46,435.117,14.7088,6,2,0.078125,0,0.00446197
47,435.151,13.345,7,2,0.0595703,0,0.00455689
48,435.151,13.1252,6,2,0.0585938,0,0.00449485
49,435.151,11.1392,6,2,0.0439453,0,0.00443266
50,110.903,11.1221,6,1,0.0517578,0,0.00442576
51,435.151,13.2037,6,2,0.0664062,0,0.00445082
52,435.053,12.784,6,2,0.0644531,0,0.00442701
53,435.127,13.5821,7,2,0.0625,0,0.00450256
54,435.151,13.3168,7,2,0.0605469,0,0.00452368
55,110.903,12.6245,7,1,0.0625,0,0.0045249
56,435.127,13.8845,7,2,0.0654297,0,0.0045977
57,435.151,16.3554,7,2,0.0878906,0,0.00471306
58,434.639,12.0549,7,2,0.0546875,0,0.00469947
59,435.127,12.5723,6,2,0.0585938,0,0.00477518
60,435.151,13.7823,6,2,0.0673828,0,0.00472991
61,435.151,13.6031,7,2,0.0664062,0,0.00475661
62,434.639,12.2865,7,2,0.0576172,0,0.0047135
63,435.127,12.8847,7,2,0.0566406,0,0.00453331
64,435.151,15.2401,7,2,0.0771484,0,0.00454902
65,435.127,13.56,7,2,0.0654297,0,0.00453766
66,435.053,12.4965,7,2,0.0585938,0,0.00459741
67,435.127,11.0996,7,2,0.0458984,0,0.00453977
68,435.127,13.9165,7,2,0.0664062,0,0.00454889
69,435.127,15.8847,7,2,0.0800781,0,0.00455283
70,435.053,14.4302,7,2,0.0771484,0,0.00449149
71,1011.31,14.4715,7,3,0.0703125,0,0.00450607
72,435.151,14.911,7,2,0.0722656,0,0.00451581
73,435.053,14.8476,7,2,0.0742188,0,0.00451319
74,435.053,14.038,7,2,0.0703125,0,0.00460704
75,1008.92,15.987,7,3,0.078125,0,0.00457784
76,435.117,13.4481,7,2,0.0664062,0,0.00460957
77,435.151,15.7102,7,2,0.0839844,0,0.00462412
78,435.127,15.8097,7,2,0.0839844,0,0.00460953
79,435.053,13.0067,7,2,0.0634766,0,0.00457507
80,434.818,14.9634,7,2,0.0800781,0,0.00463808
81,435.151,12.3886,7,2,0.0546875,0,0.00459219
82,435.151,14.0513,7,2,0.0693359,0,0.00451534
83,435.151,14.5953,7,2,0.0703125,0,0.00468757
84,435.053,14.3504,6,2,0.0732422,0,0.00457577
85,435.151,15.4577,7,2,0.0830078,0,0.00459663
86,435.127,14.3599,7,2,0.0722656,0,0.00457895
87,435.151,14.6322,7,2,0.0761719,0,0.0045694
88,434.639,14.2361,7,2,0.0732422,0,0.0046469
89,434.639,13.2089,7,2,0.0654297,0,0.00456843
90,435.151,15.4125,7,2,0.0800781,0,0.00453706
91,1010.21,15.9167,7,3,0.0800781,0,0.00455754
92,435.151,15.0498,8,2,0.0722656,0,0.00457125
93,435.151,14.8714,7,2,0.0712891,0,0.00457293
94,435.151,15.7069,8,2,0.0878906,0,0.00460906
95,435.127,13.2592,7,2,0.0634766,0,0.00461146
96,435.149,14.1989,7,2,0.0693359,0,0.00453683
97,1008.92,17.5433,8,3,0.0957031,0,0.00466082
98,435.149,15.4368,8,2,0.0751953,0,0.00467313
99,435.149,15.3343,8,2,0.0771484,0,0.00466967
100,435.127,16.2154,8,2,0.0878906,0,0.0046364
101,1004.1,18.8392,8,3,0.0986328,0,0.00469168
102,435.149,15.9209,8,2,0.0751953,0,0.00471855
103,435.151,15.0561,8,2,0.0732422,0,0.00464627
104,435.151,17.8068,8,2,0.09375,0,0.00463265
105,435.151,17.257,8,2,0.0898438,0,0.00473787
106,435.149,16.081,8,2,0.0869141,0,0.00459107
107,435.149,15.3588,8,2,0.0751953,0,0.00467045
108,435.151,15.2029,8,2,0.0751953,0,0.00467475
109,111.937,14.6633,8,1,0.078125,0,0.0047583
110,434.781,14.7506,8,2,0.0751953,0,0.00466093
111,435.127,16.1975,8,2,0.0849609,0,0.00463415
112,435.151,15.6058,8,2,0.0771484,0,0.00468884
113,434.818,15.8928,8,2,0.0859375,0,0.00468719
114,435.151,17.0365,8,2,0.0908203,0,0.00481013
115,435.151,16.751,8,2,0.0888672,0,0.00469141
116,1008.92,16.0986,8,3,0.0820312,0,0.0046934
117,1008.21,17.875,8,3,0.0917969,0,0.00468857
118,435.127,16.8018,8,2,0.0830078,0,0.00472197
119,435.151,16.2451,8,2,0.0791016,0,0.00471104
120,435.127,18.5373,8,2,0.0947266,0,0.00474933
121,435.151,17.5577,8,2,0.0888672,0,0.00478568
122,435.151,18.6356,8,2,0.104492,0,0.00473158
123,435.127,17.7694,9,2,0.0966797,0,0.00474989
124,1008.92,21.0986,9,3,0.118164,0,0.00486578
125,435.151,21.3282,9,2,0.12207,0,0.00494195
126,435.127,20.3465,9,2,0.113281,0,0.0050514
127,1008.92,21.903,9,3,0.117188,0,0.0049141
128,435.151,21.3295,9,2,0.116211,0,0.00489531
129,435.151,21.6788,9,2,0.119141,0,0.00477644
130,1008.92,21.1167,9,3,0.120117,0,0.00479333
131,435.151,23.9096,9,2,0.136719,0,0.00482951
132,1011.31,22.0959,9,3,0.119141,0,0.00488726
133,435.127,23.3986,9,2,0.133789,0,0.00480206
134,1009.59,25.7481,9,3,0.15332,0,0.00485919
135,435.151,24.1646,9,2,0.138672,0,0.00487131
136,1009.59,26.5806,9,3,0.155273,0,0.00493717
137,435.149,25.0781,9,2,0.143555,0,0.00490434
138,435.151,27.2297,9,2,0.162109,0,0.00495475
139,1009.59,28.042,9,3,0.15918,0,0.00491537
140,1008.92,28.7657,9,3,0.167969,0,0.00486883
141,435.151,26.1207,9,2,0.158203,0,0.00488372
142,435.151,28.0405,9,2,0.173828,0,0.00491044
143,435.151,26.8291,9,2,0.15625,0,0.00494277
144,1008.92,27.4807,9,3,0.152344,0,0.0049518
145,1011.31,25.2177,9,3,0.149414,0,0.00496958
146,435.151,26.3973,9,2,0.151367,0,0.0049612
147,435.151,30.8182,9,2,0.194336,0,0.00490816
148,1008.92,29.4239,9,3,0.181641,0,0.00492408
149,1008.92,32.3575,9,3,0.199219,0,0.0050901
150,435.151,27.625,9,2,0.169922,0,0.00496356
151,1008.92,30.127,9,3,0.185547,0,0.00502245
152,435.151,32.3024,9,2,0.208984,0,0.00499438
153,1010.21,31.7062,9,3,0.186523,0,0.00497124
154,1008.92,34.9749,9,3,0.209961,0,0.00495071
155,1008.92,34.889,9,3,0.214844,0,0.00505225
156,1011.31,36.1355,9,3,0.225586,0,0.00497971
157,1843.9,39.047,9,4,0.234375,0,0.0050051
158,435.151,35.2556,9,2,0.227539,0,0.00498256
159,1011.31,38.3332,9,3,0.237305,0,0.00505479
160,435.151,37.1024,9,2,0.243164,0,0.00501078
161,1009.59,38.4795,9,3,0.243164,0,0.00502772
162,435.127,33.4329,9,2,0.211914,0,0.00500567
163,435.151,33.4991,9,2,0.223633,0,0.00501734
164,1008.92,32.2554,9,3,0.194336,0,0.00502859
165,1008.92,36.5803,9,3,0.22168,0,0.00505319
166,1843.9,37.0431,9,4,0.230469,0,0.00502916
167,1827.51,42.3637,10,4,0.279297,0,0.00507769
168,435.151,35.2156,9,2,0.232422,0,0.00499508
169,1008.92,37.1704,10,3,0.240234,0,0.00502603
170,435.151,35.8437,9,2,0.232422,0,0.00511204
171,1008.92,36.9733,9,3,0.241211,0,0.00502002
172,1011.31,40.3334,11,3,0.255859,0,0.00514955
173,435.151,38,10,2,0.248047,0,0.00507968
174,1008.92,40.6635,10,3,0.256836,0,0.00504006
175,1008.92,39.1322,10,3,0.25,0,0.00503687
176,1008.92,38.5233,10,3,0.24707,0,0.00510514
177,435.151,39.0945,10,2,0.253906,0,0.00511239
178,1009.59,42.4211,11,3,0.270508,0,0.0051
179,435.151,39.0625,10,2,0.251953,0,0.00508442
180,1012.18,41.0088,10,3,0.257812,0,0.00515433
181,1008.92,40.2154,11,3,0.258789,0,0.00507423
182,1009.59,41.0369,11,3,0.24707,0,0.00511704
183,1008.92,40.5067,11,3,0.262695,0,0.00512539
184,1010.21,40.9755,9,3,0.254883,0,0.00511913
185,1008.92,41.5732,11,3,0.276367,0,0.00513415
186,1009.59,42.3098,11,3,0.260742,0,0.00516739
187,435.151,38.1771,11,2,0.24707,0,0.00511452
188,1011.78,41.4908,11,3,0.265625,0,0.00509909
189,1010.21,44.9865,11,3,0.283203,0,0.00508267
190,1011.78,46.6339,11,3,0.291016,0,0.00528558
191,1011.78,39.9361,10,3,0.250977,0,0.00516769
192,1008.92,42.8156,11,3,0.271484,0,0.00518693
193,435.151,38.0228,11,2,0.246094,0,0.00513149
194,435.151,41.2126,12,2,0.265625,0,0.00519488
195,1008.92,41.8435,11,3,0.260742,0,0.00517177
196,1008.92,43.1934,12,3,0.273438,0,0.00523168
197,1009.59,43.6265,12,3,0.286133,0,0.00519687
198,1008.92,43.5886,11,3,0.27832,0,0.00526652
199,1008.92,47.0606,11,3,0.291992,0,0.00519306
200,1008.92,45.674,12,3,0.297852,0,0.00527496
201,435.149,43.2136,12,2,0.286133,0,0.00518619
202,1008.92,44.9575,12,3,0.293945,0,0.00524253
203,1012.52,44.2545,12,3,0.273438,0,0.00518602
204,1008.92,43.8118,13,3,0.283203,0,0.00517925
205,435.127,45.8738,12,2,0.291016,0,0.00518459
206,1007.46,45.9431,13,3,0.296875,0,0.00513644
207,1011.31,46.4174,12,3,0.286133,0,0.00528687
208,435.151,40.8372,11,2,0.262695,0,0.0052645
209,1008.92,45.5716,12,3,0.280273,0,0.00518463
210,1008.92,43.6049,12,3,0.289062,0,0.00526128
211,1010.21,49.3604,13,3,0.313477,0,0.0052373
212,1008.92,49.1477,12,3,0.300781,0,0.005243
213,1011.78,51.4612,13,3,0.327148,0,0.00521903
214,1008.92,45.0359,12,3,0.288086,0,0.00523045
215,1009.59,47.3825,13,3,0.302734,0,0.0053226
216,435.151,44.3304,12,2,0.279297,0,0.00523258
217,435.127,40.3984,12,2,0.261719,0,0.00533099
218,1011.31,44.2481,12,3,0.277344,0,0.00534074
219,1011.31,47.3458,13,3,0.304688,0,0.00536615
220,1010.21,46.8935,12,3,0.297852,0,0.00542188
221,1008.92,45.1381,13,3,0.28125,0,0.00539749
222,1011.31,47.2222,13,3,0.285156,0,0.00556061
223,1004.1,54.2781,13,3,0.341797,0,0.0060071
224,1009.59,46.3876,13,3,0.285156,0,0.00560443
225,1011.31,53.1832,13,3,0.331055,0,0.0055571
226,1011.78,48.8868,13,3,0.306641,0,0.00555988
227,1011.31,49.7415,13,3,0.307617,0,0.00558506
228,1008.92,45.8135,13,3,0.291992,0,0.00540902
229,1004.1,49.913,13,3,0.305664,0,0.00556862
230,1842.49,51.8493,13,4,0.305664,0,0.00559501
231,1843.9,58.2369,13,4,0.338867,0,0.00558923
232,1008.92,51.8642,13,3,0.319336,0,0.00564539
233,1010.21,48.7852,13,3,0.3125,0,0.00556653
234,1006.68,53.3495,14,3,0.333984,0,0.0054831
235,1842.49,56.0528,14,4,0.319336,0,0.00583284
236,435.149,52.6566,15,2,0.333984,0,0.00579486
237,1004.1,53.3599,15,3,0.326172,0,0.0056101
238,1010.21,60.2597,15,3,0.364258,0,0.00566641
239,1008.92,58.0217,15,3,0.351562,0,0.00574043
240,1007.46,54.9117,15,3,0.335938,0,0.00582504
241,1836.29,59.1603,15,4,0.353516,0,0.00570789
242,1004.1,51.1762,15,3,0.295898,0,0.00577501
243,1007.46,58.3012,15,3,0.358398,0,0.00576078
244,1007.46,60.8034,15,3,0.361328,0,0.00581934
245,1837.92,59.026,15,4,0.354492,0,0.00587882
246,1836.29,63.667,15,4,0.374023,0,0.00576641
247,1005.85,56.3809,15,3,0.338867,0,0.00576286
248,1010.21,62.0038,15,3,0.360352,0,0.0059092
249,1011.31,64.779,17,3,0.388672,0,0.00597377
250,993.611,54.7853,16,3,0.330078,0,0.00588922
251,1002.23,58.5195,16,3,0.349609,0,0.00595546
252,1007.46,55.6886,15,3,0.334961,0,0.00587983
253,1008.21,58.1839,16,3,0.352539,0,0.00586244
254,1006.68,62.3706,17,3,0.369141,0,0.00588773
255,1006.68,63.5917,17,3,0.376953,0,0.00593962
256,2927.27,66.6072,17,5,0.381836,0,0.00599422
257,1008.92,61.1064,16,3,0.351562,0,0.00590093
258,1008.21,63.6117,17,3,0.37793,0,0.00617812
259,1007.46,60.9414,17,3,0.367188,0,0.00603111
260,1010.21,61.3425,17,3,0.34668,0,0.00621399
261,1007.46,61.946,17,3,0.367188,0,0.00618042
262,1008.21,59.1033,17,3,0.34375,0,0.00607596
263,1007.46,62.6211,17,3,0.369141,0,0.00621038
264,1003.18,67.0644,17,3,0.381836,0,0.00619202
265,1004.1,65.1539,17,3,0.392578,0,0.00621288
266,1825.63,61.046,17,4,0.358398,0,0.00620389
267,1823.71,65.0012,17,4,0.345703,0,0.00635188
268,1009.59,70.1442,18,3,0.393555,0,0.00632323
269,1008.92,62.9016,17,3,0.383789,0,0.0062643
270,1837.92,67.5936,19,4,0.396484,0,0.00654175
271,1819.76,66.8863,17,4,0.373047,0,0.00669651
272,1831.15,70.6306,17,4,0.382812,0,0.00670699
273,1006.68,66.0542,18,3,0.368164,0,0.00687246
274,1012.18,74.3919,19,3,0.40625,0,0.00725147
275,1006.68,70.7401,19,3,0.375,0,0.0070592
276,1009.59,71.1225,19,3,0.353516,0,0.00740902
277,1007.46,72.0797,19,3,0.34082,0,0.00757866
278,1005.85,68.4018,22,3,0.345703,0,0.00778933
279,1000.23,70.6313,21,3,0.334961,0,0.00805529
280,1011.31,67.1488,21,3,0.321289,0,0.00804861
281,1836.29,73.6977,23,4,0.335938,0,0.00841184
282,1010.21,69.189,23,3,0.297852,0,0.00849809
283,1843.9,80.053,33,4,0.325195,0,0.00901284
284,1011.31,81.321,101,3,0.333984,0,0.00900448
285,1004.99,81.0054,101,3,0.310547,0,0.00943743
286,1005.85,73.8874,101,3,0.287109,0,0.00961843
287,435.151,78.4977,101,2,0.295898,0,0.00993606
288,1010.21,74.0684,101,3,0.266602,0,0.00991162
289,1011.31,78.2266,101,3,0.269531,0,0.0101205
290,1009.59,73.062,101,3,0.224609,0,0.0103022
291,1002.23,79.5269,101,3,0.251953,0,0.011002
292,1523.32,84.0861,101,4,0.275391,0,0.0108568
293,1000.23,80.4528,101,3,0.263672,0,0.0112313
294,2903.85,79.6037,101,5,0.254883,0,0.010618
295,940.922,74.4226,101,3,0.255859,0,0.010826
296,1011.78,79.2377,101,3,0.241211,0,0.0112596
297,1819.76,85.7102,101,4,0.262695,0,0.011425
298,435.151,76.6325,101,2,0.240234,0,0.0109461
299,1821.75,80.083,101,4,0.234375,0,0.011521
300,994.777,79.2284,101,3,0.232422,0,0.011488
301,1009.59,80.2336,101,3,0.21582,0,0.0118491
302,1807.12,90.1413,101,4,0.25,0,0.0120277
303,1813.59,90.8272,101,4,0.272461,0,0.0119285
304,988.72,81.0929,101,3,0.233398,0,0.011617
305,956.362,85.6358,101,3,0.266602,0,0.0118893
306,1735.52,86.7067,101,4,0.239258,0,0.0120429
307,1825.63,87.3627,101,4,0.250977,0,0.0113351
308,1778.72,85.2079,101,4,0.230469,0,0.0118706
309,991.21,84.9922,101,3,0.248047,0,0.0120056
310,993.611,79.5483,101,3,0.21582,0,0.0119177
311,1008.92,84.9605,101,3,0.248047,0,0.0117186
312,1802.66,91.0263,101,4,0.276367,0,0.0116801
313,764.846,83.2261,101,3,0.231445,0,0.0119136
314,1831.15,90.3729,101,4,0.234375,0,0.0124068
315,1831.15,93.1411,101,4,0.263672,0,0.0122863
316,435.149,84.9438,101,2,0.224609,0,0.0125987
317,1813.59,91.29,101,4,0.245117,0,0.0124821
318,1841.02,87.5141,101,4,0.244141,0,0.0122105
319,1795.76,93.3098,101,4,0.260742,0,0.0124653
320,998.128,85.4475,101,3,0.209961,0,0.0124197
321,1802.66,87.6095,101,4,0.21582,0,0.0128291
322,1009.59,89.2007,101,3,0.236328,0,0.0126114
323,2891.12,97.4954,101,5,0.254883,0,0.0128184
324,991.21,86.9256,101,3,0.246094,0,0.0124188
325,997.036,89.2566,101,3,0.25293,0,0.0123865
326,969.087,93.3172,101,3,0.263672,0,0.012537
327,1786.17,95.3484,101,4,0.273438,0,0.0123045
328,1007.46,91.5459,101,3,0.24707,0,0.0121811
329,1819.76,90.9387,101,4,0.25293,0,0.0123594
330,1007.46,96.2823,101,3,0.277344,0,0.0124005
331,1817.74,98.5801,101,4,0.288086,0,0.0123078
332,1005.85,96.8815,101,3,0.283203,0,0.0120982
333,1003.18,99.1416,101,3,0.283203,0,0.012626
334,1003.18,92.3068,101,3,0.262695,0,0.0124036
335,1823.71,97.7353,101,4,0.283203,0,0.0124496
336,1004.99,88.8971,101,3,0.261719,0,0.0122999
337,1664.9,93.5006,101,4,0.261719,0,0.0127396
338,4176.45,99.6523,101,6,0.288086,0,0.0124569
339,994.777,97.1971,101,3,0.296875,0,0.0123783
340,1776.18,97.1469,101,4,0.301758,0,0.0123064
341,1744.03,102.136,101,4,0.311523,0,0.0123438
342,1807.12,102.751,101,4,0.327148,0,0.0120626
343,1010.21,101.06,101,3,0.305664,0,0.0125997
344,2524.81,109.893,101,5,0.326172,0,0.0126216
345,1843.9,101.924,101,4,0.321289,0,0.012201
346,1842.49,99.0103,101,4,0.308594,0,0.0120897
347,1008.92,100.162,101,3,0.318359,0,0.0118294
348,1827.51,96.3675,101,4,0.292969,0,0.0119408
349,1829.35,97.7824,101,4,0.295898,0,0.0120102
350,1832.91,101.382,101,4,0.318359,0,0.0121604
351,1843.9,104.985,101,4,0.34668,0,0.0119907
352,1717.99,100.306,101,4,0.322266,0,0.0123135
353,1760.49,106.893,101,4,0.314453,0,0.0127756
354,1831.15,113.973,101,4,0.352539,0,0.0127217
355,1791.02,105.604,101,4,0.336914,0,0.0124762
356,1006.68,103.239,101,3,0.332031,0,0.0123345
357,4225.24,110.685,101,6,0.370117,0,0.0121488
358,1827.51,107.542,101,4,0.350586,0,0.011685
359,2881.17,105.416,101,5,0.365234,0,0.0116057
360,1825.63,113.484,101,4,0.382812,0,0.0118719
361,1768.44,116.752,101,4,0.40918,0,0.0119178
362,1807.12,108.358,101,4,0.388672,0,0.0120599
363,1815.68,118.764,101,4,0.410156,0,0.0120727
364,4196.4,117.788,101,6,0.381836,0,0.0122365
365,1708.97,110.781,101,4,0.413086,0,0.0117737
366,4257.05,119.787,101,6,0.43457,0,0.0116809
367,7135.27,120.371,101,8,0.423828,0,0.0113236
368,1831.15,132.378,101,4,0.481445,0,0.011407
369,1819.76,134.547,101,4,0.494141,0,0.0109814
370,2362.45,123.251,101,5,0.489258,0,0.0110734
371,2900.72,124.781,101,5,0.501953,0,0.0111722
372,2830.78,125.269,101,5,0.522461,0,0.0107385
373,3842.3,151.587,101,6,0.574219,0,0.0111327
374,3848.83,144.815,101,6,0.549805,0,0.0109752
375,2288.23,145.162,101,5,0.583984,0,0.0108183
376,4186.5,157.08,101,6,0.611328,0,0.0108266
377,2867.41,155.787,101,5,0.629883,0,0.010748
378,5594.12,171.135,101,7,0.675781,0,0.0105237
379,4220.53,185.786,101,6,0.707031,0,0.0105253
380,4140.23,183.344,101,6,0.695312,0,0.0107863
381,4063.27,187.403,101,6,0.742188,0,0.0101983
382,4080.24,179.562,101,6,0.737305,0,0.0101445
383,6915.1,205.624,101,8,0.758789,0,0.00998009
384,7324.72,221.904,106.93,8,0.844727,1,0.010472
385,6740.42,230.912,104.312,8,0.833984,1,0.0105816
386,28100.8,308.276,109.275,13,0.96875,1,0.0107583
387,20985.9,328.338,110.371,12,1.04004,1,0.0109437
388,21234.6,412.768,109.275,12,1.11133,1,0.011212
389,28475.1,445.642,111.425,13,1.18652,1,0.0113586
390,12697.5,560.756,113.419,10,1.37402,1,0.0119803
391,60083.1,809.28,116.603,15,1.58887,1,0.01238
392,19004.7,940.324,136.764,12,1.85156,1,0.0129554
393,58961.8,1133.2,137.796,15,2.0166,1,0.0135691
394,164733,1485.96,140.131,17,2.14355,1,0.013388
395,300217,2298.03,420.846,18,2.5166,2,0.0143753
396,163279,2509.21,427.827,17,2.72754,2,0.0143048
397,1.09359e+06,3586.57,429.175,20,2.83301,2,0.0151247
398,566119,3548.95,432.828,19,3.25781,2,0.015234
399,1.68486e+07,26854.7,435,24,3.50488,2,0.0161703
400,8.45098e+06,15321.7,966,23,3.93652,3,0.0169281
401,8.45107e+06,21112.6,1003.18,23,4.67773,3,0.0187621
402,567412,9720.95,1008.92,19,4.62109,3,0.0181712
403,3.36288e+07,71749.1,1732.64,25,4.97949,4,0.0192107
404,1.68472e+07,58198.7,1763.17,24,5.45898,4,0.0206012
405,3.3626e+07,88785.6,1807.12,25,5.8916,4,0.0213339
406,4.2522e+06,46170.6,1768.44,22,5.71973,4,0.0218933
407,6.7187e+07,168685,1773.62,26,5.55176,4,0.020608
408,8.4495e+06,61055.2,2682.21,23,6.15039,5,0.0227442
409,1.68423e+07,89491,2264.96,24,5.95898,5,0.0222257
410,3.36269e+07,111229,2795.37,25,6.41895,5,0.0229601
411,1.34303e+08,275600,3644.42,27,6.94043,6,0.0253412
412,6.71807e+07,214314,3931.8,26,7.15625,6,0.0258011
413,3.36253e+07,296993,4649.65,25,7.6748,7,0.0270424
414,1.07384e+09,1.78918e+06,4201.3,30,7.80273,6,0.0279604
415,6.71869e+07,390301,5134.88,26,7.81445,7,0.0270532
416,1.34299e+08,656518,4096.95,27,7.46191,6,0.0266826
417,2.68522e+08,1.30968e+06,5517.84,28,8.30371,7,0.0292781
418,1.34299e+08,1.00674e+06,5848.92,27,8.60938,7,0.0302818
419,1.07385e+09,4.22544e+06,7275.83,30,9.19043,8,0.0313345
420,5.36967e+08,2.58476e+06,7305.25,29,9.16211,8,0.0316569
421,4.29509e+09,6.43853e+06,8640.46,32,9.65234,10,0.0331096
422,5.3697e+08,3.54296e+06,7275.83,29,9.43262,8,0.0337281
423,1.718e+10,3.92945e+07,7010.77,34,9.36426,8,0.0336238
424,8.59006e+09,1.8409e+07,7295.47,33,9.51855,8,0.0336296
425,2.14759e+09,7.24318e+06,5422.79,31,8.81445,7,0.0318285
426,4.29508e+09,2.19263e+07,5751.36,32,9.31152,7,0.0343205
427,8.59006e+09,2.62465e+07,9466.31,33,10.3584,9,0.0361763
428,4.29509e+09,2.37141e+07,8905.29,32,10.3252,9,0.0361281
429,4.29508e+09,1.69657e+07,9944.99,32,10.3652,9,0.0362412
430,8.59006e+09,2.6942e+07,9430.66,33,10.4688,9,0.0361999
431,1.718e+10,3.02086e+07,9297.69,34,10.4648,9,0.0365066
432,4.29508e+09,3.05816e+07,9685.61,32,10.6396,9,0.0367804
433,8.59005e+09,3.22674e+07,12102.6,33,10.7598,11,0.0377241
434,6.87196e+10,1.15805e+08,9663.07,36,10.8467,9,0.0379045
435,1.718e+10,4.27789e+07,10404.7,34,10.8193,10,0.0370145
436,6.87196e+10,1.14431e+08,12183.3,36,11.2871,10,0.0384811
437,3.43599e+10,7.02615e+07,14266.8,35,11.6328,11,0.0390432
438,8.59006e+09,6.7372e+07,15775.6,33,11.918,11,0.0399873
439,3.43599e+10,1.62074e+08,18818.5,35,12.4121,12,0.0402825
440,3.43599e+10,1.48787e+08,19269.5,35,12.2285,12,0.0402373
441,3.43599e+10,1.05817e+08,18735,35,12.251,12,0.0398286
442,6.87196e+10,2.40185e+08,18942.9,36,12.208,12,0.0399537
443,1.09951e+12,1.1343e+09,16259.8,40,12.001,11,0.039979
444,3.43599e+10,1.36625e+08,19803.4,35,12.6787,12,0.0413018
445,5.49756e+11,7.77758e+08,15067.4,39,11.709,11,0.0391803
446,1.37439e+11,3.16841e+08,15337.9,37,11.6572,11,0.0399627
447,2.74878e+11,4.31707e+08,15470.2,38,11.8389,11,0.0395497
448,1.37439e+11,2.85422e+08,19938,37,12.4434,12,0.0420457
449,1.37439e+11,7.37793e+08,20165,37,12.835,12,0.0435817
450,3.43599e+10,1.44222e+08,20423.4,35,12.8027,12,0.0428044
451,3.43599e+10,1.47544e+08,20368.6,35,12.5039,12,0.0421172
452,1.37439e+11,4.7625e+08,21160.4,37,13.0928,13,0.0426618
453,1.09951e+12,1.83997e+09,20089.9,40,12.8184,12,0.0423315
454,5.49756e+11,1.0172e+09,20313.5,39,13.0488,12,0.0424676
455,1.37439e+11,6.83074e+08,21250.8,37,13.416,12,0.043918
456,2.74878e+11,9.66742e+08,20459.8,38,13.2031,12,0.0439361
457,1.09951e+12,4.27571e+09,27194.3,40,13.5127,13,0.044399
458,1.37439e+11,8.41324e+08,19647.6,37,13.0342,12,0.0435018
459,1.09951e+12,2.30562e+09,19784,40,13.0527,12,0.0435036
460,5.49756e+11,1.79645e+09,26436.2,39,13.5889,13,0.0448473
461,2.74878e+11,1.20438e+09,26613.2,38,13.4688,13,0.0445729
462,2.74878e+11,1.21072e+09,19647.6,38,13.1367,12,0.0438717
463,2.19902e+12,4.00797e+09,37606.4,41,14.2285,14,0.0465508
464,5.49756e+11,1.06948e+09,21119.8,39,13.3672,12,0.0436594
465,4.39805e+12,5.47759e+09,37976.1,42,13.7744,14,0.0450549
466,5.49756e+11,1.05429e+09,52820.6,39,14.1895,15,0.0458327
467,2.19902e+12,2.88181e+09,52660.2,41,14.5225,15,0.0463195
468,2.19902e+12,3.26749e+09,26613.2,41,14.0762,13,0.0461792
469,2.19902e+12,4.02022e+09,20014.2,41,13.4541,12,0.0439783
470,1.75922e+13,1.80804e+10,19390.1,44,13.0752,12,0.0437441
471,1.09951e+12,2.4714e+09,26324.5,40,14.1602,13,0.0456132
472,8.79609e+12,1.13857e+10,28420.2,43,14.666,13,0.0467575
473,4.39805e+12,9.95603e+09,24608.1,42,14.166,13,0.0473383
474,2.19902e+12,5.20506e+09,14981.3,41,13.1104,11,0.0453592
475,4.39805e+12,6.52091e+09,15838.3,42,13.1152,11,0.0451134
476,1.09951e+12,2.33215e+09,38527.2,40,14.3301,14,0.0471701
477,2.19902e+12,5.46246e+09,57740.8,41,15.334,15,0.0482386
478,2.19902e+12,4.09764e+09,57277.8,41,15.1299,15,0.0475205
479,1.75922e+13,3.26042e+10,39303.4,44,15.0117,14,0.0474907
480,8.79609e+12,1.06316e+10,38875.5,43,15.25,14,0.0482238
481,7.03687e+13,7.49945e+10,35838.5,46,14.8848,14,0.0474767
482,1.09951e+12,4.19562e+09,38620.9,40,15.1416,14,0.0486218
483,1.09951e+12,3.60403e+09,27444,40,14.7744,13,0.047312
484,5.49756e+11,3.7842e+09,37581.5,39,15.1426,14,0.0486154
485,1.09951e+12,3.93455e+09,91695.5,40,15.709,16,0.0497759
486,1.09951e+12,5.07712e+09,57195,40,15.7695,15,0.049765
487,8.79609e+12,2.21783e+10,38898.4,43,15.3701,14,0.0482907
488,4.39805e+12,8.82941e+09,38170,42,14.7559,14,0.0481384
489,1.09951e+12,4.28531e+09,38218.1,40,14.7939,14,0.0477549
490,5.49756e+11,4.16716e+09,25614.6,39,14.4053,13,0.0471005
491,5.49756e+11,2.037e+09,25661.3,39,14.3887,13,0.0463171
492,4.39805e+12,8.46171e+09,38456.4,42,14.8359,14,0.0474073
493,2.19902e+12,7.29867e+09,57360.3,41,15.4717,15,0.0488475
494,8.79609e+12,1.77758e+10,57360.3,43,15.3154,15,0.0492874
495,3.51844e+13,4.34431e+10,37127.1,45,15.1445,14,0.0501217
496,4.39805e+12,9.75567e+09,94055.2,42,16.0342,16,0.0509568
497,2.74878e+11,3.24252e+09,54235.2,38,15.2627,15,0.050003
498,5.49756e+11,4.75624e+09,37730.6,39,14.8828,14,0.0481
499,1.09951e+12,2.91685e+09,57497,40,15.5508,15,0.0497709
500,1.09951e+12,4.25302e+09,38073.4,40,14.9346,14,0.0487138
501,8.79609e+12,1.26994e+10,57167.3,43,15.5049,15,0.0500442
502,8.79609e+12,1.58679e+10,56916.7,43,15.5107,15,0.050261
503,2.19902e+12,5.30815e+09,161324,41,16.2637,17,0.0529376
504,5.49756e+11,2.42458e+09,58961.8,39,15.833,15,0.0513331
505,8.79609e+12,2.53421e+10,94524.4,43,16.2676,16,0.0526683
506,3.51844e+13,4.18477e+10,55474.9,45,15.1377,15,0.0494239
507,4.39805e+12,1.0436e+10,38000.5,42,14.7686,14,0.0497169
508,1.75922e+13,2.62197e+10,24460.4,44,13.707,13,0.0471149
509,3.51844e+13,4.42761e+10,25426.7,45,14.1455,13,0.0480987
510,8.79609e+12,1.33857e+10,16865.1,43,13.1387,12,0.0460173
511,8.79609e+12,2.16378e+10,24112.2,43,14.1289,13,0.0482802
512,8.79609e+12,1.78846e+10,16430.4,43,13.2686,11,0.0463082
513,7.03687e+13,8.30712e+10,15551.8,46,13.251,11,0.0464846
514,8.79609e+12,1.93749e+10,15220.6,43,13.7041,11,0.0475994
515,1.75922e+13,2.49775e+10,19107.1,44,14.0723,12,0.0482952
516,4.39805e+12,1.94976e+10,13741.9,42,13.791,11,0.0482148
517,3.51844e+13,5.75689e+10,17184.9,45,13.8242,12,0.0478858
518,7.03687e+13,1.20871e+11,12493.3,46,13.042,10,0.0444049
519,8.79609e+12,1.61948e+10,11708.8,43,12.9775,10,0.0443883
520,8.79609e+12,1.38977e+10,26324.5,43,14.5117,13,0.0481128
521,5.49756e+11,3.33188e+09,20313.5,39,14.3701,12,0.0494129
522,1.75922e+13,2.22043e+10,38000.5,44,14.7949,14,0.0499671
523,8.79609e+12,3.71826e+10,56916.7,43,15.543,15,0.0517168
524,8.79609e+12,2.21524e+10,57659.9,43,15.6182,15,0.0513454
525,1.40737e+14,1.50755e+11,57000.5,47,15.5176,15,0.0516088
526,1.75922e+13,3.72031e+10,58375.6,44,15.8047,15,0.0519619
527,3.51844e+13,6.08457e+10,39170,45,15.6416,14,0.0512762
528,2.19902e+12,6.06997e+09,27627.6,41,14.6934,13,0.04759
529,3.51844e+13,7.15531e+10,25567.8,45,14.4688,13,0.0481201
530,2.19902e+12,1.15635e+10,37380.9,41,15.4736,14,0.0516779
531,3.51844e+13,5.97695e+10,36187.4,45,15.0928,14,0.0510329
532,1.75922e+13,6.92429e+10,39035,44,15.5967,14,0.0531653
533,7.03687e+13,8.87767e+10,25021.4,46,14.7227,13,0.0512384
534,4.39805e+12,1.72817e+10,38000.5,42,15.3252,14,0.0535907
535,1.40737e+14,1.4944e+11,20108.7,47,14.3848,12,0.0503628
536,2.19902e+12,6.30935e+09,26569.2,41,14.5049,13,0.0499878
537,1.40737e+14,1.46168e+11,26569.2,47,14.5195,13,0.0496927
538,1.75922e+13,3.05777e+10,18354.1,44,13.8281,12,0.0494161
539,5.49756e+11,3.74757e+09,11664.1,39,12.5879,10,0.0448259
540,8.79609e+12,1.56531e+10,9924.74,43,11.917,10,0.0436924
541,1.75922e+13,3.04609e+10,11971.7,44,12.8535,10,0.0465508
542,4.39805e+12,2.1425e+10,9714.23,42,12.4053,10,0.0453912
543,4.39805e+12,8.96015e+09,12043,42,12.2314,10,0.0442526
544,2.19902e+12,5.36299e+09,11390.7,41,12.4307,10,0.045325
545,8.79609e+12,1.9383e+10,9924.74,43,12.2939,10,0.0454543
546,1.40737e+14,1.7933e+11,15961.9,47,13.4629,11,0.048211
547,8.79609e+12,3.12112e+10,15568,43,13.5029,11,0.0479858
548,1.75922e+13,3.17553e+10,17094,44,13.3809,12,0.0487739
549,7.03687e+13,1.98411e+11,19918.9,46,13.6113,12,0.0508628
550,1.75922e+13,3.43587e+10,12057.2,44,12.7266,10,0.0467834
551,1.09951e+12,4.17405e+09,17184.9,40,13.2031,12,0.0471536
552,4.39805e+12,1.93267e+10,15616.4,42,13.1348,11,0.0477984
553,7.03687e+13,8.51276e+10,22776.8,46,13.8809,13,0.0490278
554,3.51844e+13,5.34509e+10,11942.9,45,12.8555,10,0.045635
555,1.75922e+13,4.34216e+10,18396.8,44,13.7617,12,0.0480777
556,8.79609e+12,1.7411e+10,19667.2,43,14.0352,12,0.0490616
557,1.09951e+12,4.02002e+09,18942.9,40,13.7061,12,0.0478925
558,2.81475e+14,2.97478e+11,19188.5,48,13.7334,12,0.0481175
559,8.79609e+12,4.08871e+10,57740.8,43,15.998,15,0.0539329
560,8.79609e+12,2.30651e+10,23220.4,43,14.4902,13,0.0505202
561,2.19902e+12,1.31975e+10,56292.3,41,15.8018,15,0.0539088
562,8.79609e+12,2.87134e+10,38480,43,15.418,14,0.0523078
563,1.1259e+15,1.16767e+12,58245.3,50,15.6318,15,0.0532522
564,1.40737e+14,1.61768e+11,297612,47,17.7773,18,0.0590217
565,1.75922e+13,5.99872e+10,93240.6,44,16.6436,16,0.0545032
566,1.75922e+13,3.06328e+10,159434,44,16.5957,17,0.0551102
567,8.79609e+12,2.59705e+10,58658.8,43,15.582,15,0.0513068
568,1.1259e+15,1.13909e+12,91663.1,50,16.2812,16,0.053581
569,8.79609e+12,2.52114e+10,159616,43,16.7754,17,0.0547237
570,1.40737e+14,1.54002e+11,93332.5,47,16.3027,16,0.053256
571,4.39805e+12,3.46809e+10,162951,42,17.0312,17,0.055287
572,7.03687e+13,9.66447e+10,91630.7,46,16.5527,16,0.0538466
573,2.19902e+12,1.90007e+10,160692,41,16.8711,17,0.0547685
574,3.51844e+13,4.83364e+10,90342.4,45,15.748,16,0.0518951
575,7.03687e+13,1.08974e+11,56916.7,46,15.7617,15,0.0509741
576,2.81475e+14,3.86315e+11,93332.5,48,16.6143,16,0.0538593
577,4.39805e+12,2.13333e+10,56521.3,42,15.5762,15,0.0510569
578,1.1259e+15,1.12708e+12,38097.6,50,15.29,14,0.0512222
579,3.51844e+13,9.96125e+10,94320.4,45,16.6797,16,0.0534486
580,4.39805e+12,2.54087e+10,91630.7,42,16.0889,16,0.0517394
581,4.39805e+12,2.26129e+10,56972.6,42,15.6152,15,0.0504585
582,3.51844e+13,6.11756e+10,57981.5,45,15.5059,15,0.0507206
583,7.03687e+13,1.11868e+11,36293.8,46,15.1084,14,0.0498631
584,3.51844e+13,4.52103e+10,25260.8,45,14.6914,13,0.049372
585,3.51844e+13,4.66005e+10,20674.5,45,14.083,12,0.0475975
586,8.79609e+12,2.256e+10,27827.7,43,14.7012,13,0.0486526
587,1.40737e+14,2.12099e+11,56549.7,47,15.5781,15,0.0510411
588,8.79609e+12,3.55742e+10,56407.1,43,15.7578,15,0.0522881
589,3.51844e+13,7.76319e+10,92588.6,45,16.3213,16,0.0535929
590,1.75922e+13,8.97526e+10,299343,44,17.5459,18,0.0552754
591,2.81475e+14,3.29286e+11,293231,48,17.5029,18,0.0556764
592,3.51844e+13,9.89689e+10,87202.2,45,15.9434,16,0.0541723
593,3.51844e+13,8.16206e+10,161704,45,17.6309,17,0.057768
594,1.75922e+13,4.90094e+10,163506,44,17.3691,17,0.0564122
595,3.51844e+13,7.50826e+10,93606.1,45,16.6406,16,0.0535522
596,1.40737e+14,2.4548e+11,163570,47,17.5615,17,0.0560439
597,3.51844e+13,9.40524e+10,297283,45,17.5459,18,0.0556113
598,1.75922e+13,7.6997e+10,563071,44,18.5391,19,0.058443
599,8.79609e+12,3.9496e+10,164915,43,17.5303,17,0.0561532
600,3.51844e+13,1.18431e+11,296951,45,17.6465,18,0.0557823
601,7.03687e+13,1.5018e+11,95540.5,46,16.6846,16,0.0536664
602,1.40737e+14,1.92823e+11,161773,47,17.4834,17,0.0567883
603,7.03687e+13,2.09893e+11,161773,46,17.3418,17,0.0565878
604,1.1259e+15,1.25951e+12,297320,50,17.8271,18,0.058292
605,7.03687e+13,1.52173e+11,293311,46,17.3613,18,0.0567764
606,7.03687e+13,1.09631e+11,563710,46,18.6309,19,0.059761
607,3.51844e+13,1.31973e+11,163506,45,17.5732,17,0.0578115
608,1.40737e+14,2.85445e+11,157149,47,17.207,17,0.0565589
609,1.40737e+14,3.69597e+11,39369.5,47,15.8525,14,0.0523689
610,1.75922e+13,1.1288e+11,93995.8,44,16.8672,16,0.0562151
611,1.40737e+14,2.13377e+11,94320.4,47,16.9473,16,0.0554944
612,2.81475e+14,3.40748e+11,291258,48,17.4248,18,0.0574067
613,5.6295e+14,7.21849e+11,163115,49,17.8477,17,0.0594347
614,1.75922e+13,1.54078e+11,296877,44,18.3545,18,0.0608032
615,7.03687e+13,2.33409e+11,94897.9,46,17.3164,16,0.0576813
616,1.40737e+14,6.95244e+11,158771,47,17.6172,17,0.0595529
617,3.51844e+13,1.50437e+11,94349.7,45,17.2393,16,0.0578075
618,1.1259e+15,1.17687e+12,92745.2,50,16.7422,16,0.0560596
619,7.03687e+13,2.45806e+11,565749,46,19.2812,19,0.0634535
620,2.81475e+14,4.05355e+11,297466,48,18.3691,18,0.0597504
621,1.40737e+14,3.07281e+11,565336,47,18.5156,19,0.0614461
622,1.75922e+13,9.36016e+10,162586,44,17.4951,17,0.0582995
623,2.81475e+14,6.95333e+11,158137,48,17.0967,17,0.0581097
624,1.40737e+14,2.54414e+11,57928.3,47,16.3799,15,0.0557794
625,2.81475e+14,4.47674e+11,295440,48,18.2471,18,0.0615315
626,7.03687e+13,3.63896e+11,1.08986e+06,46,19.0986,20,0.0631276
627,7.03687e+13,3.56797e+11,558952,46,18.5283,19,0.0617516
628,1.40737e+14,4.481e+11,295131,47,17.6953,18,0.0600672
629,7.03687e+13,2.18151e+11,565487,46,18.7129,19,0.0621942
630,2.81475e+14,7.28876e+11,563312,48,18.8701,19,0.0635544
631,7.03687e+13,3.88385e+11,297466,46,18.1445,18,0.0623973
632,1.40737e+14,3.06671e+11,298508,47,18.1572,18,0.0624366
633,1.40737e+14,4.76199e+11,1.08495e+06,47,19.0195,20,0.0645584
634,2.81475e+14,6.86929e+11,163181,48,17.6152,17,0.060989
635,2.2518e+15,3.60013e+12,564648,51,18.9365,19,0.0635963
636,7.03687e+13,2.98132e+11,1.09292e+06,46,19.7666,20,0.0661988
637,2.2518e+15,2.52721e+12,1.09309e+06,51,19.748,20,0.0663535
638,2.81475e+14,4.22812e+11,2.14084e+06,48,19.5859,21,0.0643595
639,3.51844e+13,1.76479e+11,1.09618e+06,45,19.8662,20,0.0661376
640,8.79609e+12,6.52847e+10,2.14475e+06,43,19.8105,21,0.0660774
641,1.40737e+14,2.42517e+11,1.09013e+06,47,18.999,20,0.0638435
642,1.1259e+15,1.38868e+12,564879,50,18.6914,19,0.0634482
643,1.40737e+14,5.752e+11,1.0912e+06,47,19.3398,20,0.0649626
644,1.40737e+14,4.42391e+11,297136,47,18.0312,18,0.0599464
645,7.03687e+13,1.82494e+11,564841,46,18.9814,19,0.0627205
646,7.03687e+13,2.02398e+11,161219,46,17.4912,17,0.0580838
647,7.03687e+13,2.58601e+11,1.08854e+06,46,18.7949,20,0.0631773
648,7.03687e+13,2.90299e+11,163635,46,17.8496,17,0.0604149
649,5.6295e+14,8.33768e+11,561971,49,18.2861,19,0.0618342
650,7.03687e+13,3.48915e+11,1.09292e+06,46,19.2236,20,0.0639511
651,2.81475e+14,7.02103e+11,2.14447e+06,48,19.6602,21,0.0652681
652,2.81475e+14,6.62189e+11,1.0915e+06,48,19.2617,20,0.0631984
653,2.81475e+14,6.32268e+11,300610,48,18.1699,18,0.0599005
654,7.03687e+13,4.62758e+11,1.09359e+06,46,19.3838,20,0.0648362
655,5.6295e+14,1.71139e+12,559647,49,18.7295,19,0.0629594
656,9.0072e+15,9.44581e+12,563908,53,19.0352,19,0.0615712
657,2.81475e+14,6.23908e+11,4.24485e+06,48,20.792,22,0.0649917
658,5.6295e+14,1.23818e+12,1.09513e+06,49,20.0098,20,0.0631033
659,2.2518e+15,2.43941e+12,4.23767e+06,51,19.8408,22,0.0625625
660,1.40737e+14,5.31484e+11,4.24859e+06,47,21.2627,22,0.0660777
661,5.6295e+14,9.45238e+11,2.14484e+06,49,20.1016,21,0.0629681
662,1.1259e+15,1.29212e+12,2.1464e+06,50,20.2471,21,0.0638467
663,5.6295e+14,1.32606e+12,8.44463e+06,49,21.2617,23,0.0655502
664,5.6295e+14,1.24313e+12,4.24806e+06,49,20.7812,22,0.0636282
665,7.03687e+13,3.53523e+11,4.24637e+06,46,20.834,22,0.0645296
666,2.2518e+15,4.0136e+12,2.14613e+06,51,20.29,21,0.0641931
667,2.81475e+14,5.17185e+11,4.24281e+06,48,20.4424,22,0.0640268
668,5.6295e+14,8.93723e+11,4.24657e+06,49,20.8086,22,0.0654473
669,1.40737e+14,5.756e+11,1.08986e+06,47,19.1729,20,0.0614624
670,2.81475e+14,4.96185e+11,1.09053e+06,48,19.0723,20,0.0610107
671,2.81475e+14,5.09582e+11,2.14676e+06,48,19.9443,21,0.0638522
672,7.03687e+13,3.85129e+11,2.14645e+06,46,20.3916,21,0.0647606
673,1.1259e+15,1.36028e+12,2.14348e+06,50,20.0459,21,0.0639076
674,1.40737e+14,4.11875e+11,297393,47,17.665,18,0.0577974
675,2.2518e+15,2.51202e+12,1.08941e+06,51,19.0068,20,0.0626743
676,2.81475e+14,5.77782e+11,1.09106e+06,48,19.3018,20,0.0634201
677,5.6295e+14,1.2879e+12,297721,49,18.3711,18,0.0608861
678,1.1259e+15,1.77003e+12,295555,50,18.2979,18,0.0609226
679,7.03687e+13,4.44979e+11,2.14084e+06,46,19.5254,21,0.0640942
680,7.03687e+13,1.03611e+11,564221,46,18.5459,19,0.0609717
681,5.6295e+14,6.87736e+11,561348,49,18.4766,19,0.0614984
682,5.6295e+14,1.9653e+12,563272,49,18.8838,19,0.0624447
683,1.1259e+15,1.54824e+12,1.09236e+06,50,19.5898,20,0.0643001
684,7.03687e+13,3.37451e+11,2.14572e+06,46,20.2012,21,0.0652251
685,2.81475e+14,5.89068e+11,1.09396e+06,48,19.6787,20,0.0649143
686,7.03687e+13,2.75806e+11,2.14242e+06,46,19.8252,21,0.0654346
687,2.81475e+14,4.06633e+11,1.09137e+06,48,19.1875,20,0.0634187
688,1.1259e+15,1.34281e+12,1.0915e+06,50,19.415,20,0.0633642
689,1.1259e+15,1.55325e+12,562991,50,18.6904,19,0.0622943
690,5.6295e+14,7.27669e+11,564802,49,19.2656,19,0.0644322
691,3.51844e+13,1.10406e+11,88660.1,45,16.249,16,0.0555126
692,3.51844e+13,1.58282e+11,296579,45,17.9033,18,0.0609791
693,7.03687e+13,2.46824e+11,561888,46,18.3223,19,0.0622695
694,5.6295e+14,5.75624e+11,560249,49,17.8906,19,0.0621113
695,1.40737e+14,3.09343e+11,1.09115e+06,47,19.1436,20,0.0650352
696,2.81475e+14,5.63972e+11,565935,48,19.0791,19,0.0648209
697,1.1259e+15,1.31536e+12,1.08859e+06,50,18.8154,20,0.0634117
698,3.51844e+13,1.87185e+11,1.08822e+06,45,19.5098,20,0.0668651
699,7.03687e+13,1.95093e+11,1.09067e+06,46,19.3516,20,0.0666128
700,4.39805e+12,5.29233e+10,1.09045e+06,42,19.3877,20,0.0664999
701,7.03687e+13,2.8723e+11,563750,46,18.9102,19,0.0643866
702,4.5036e+15,4.6119e+12,564377,52,18.9795,19,0.0644096
703,8.79609e+12,8.07484e+10,560590,43,18.5508,19,0.064403
704,5.6295e+14,8.43278e+11,289133,49,17.9844,18,0.0626058
705,5.6295e+14,7.18777e+11,298259,49,18.6582,18,0.0649972
706,3.51844e+13,2.58505e+11,1.08757e+06,45,19.0752,20,0.0653696
707,7.03687e+13,3.38775e+11,1.0879e+06,46,19.3018,20,0.0662212
708,2.81475e+14,6.33044e+11,1.08639e+06,48,19.2207,20,0.065347
709,1.40737e+14,9.06086e+11,4.24292e+06,47,20.542,22,0.069144
710,2.81475e+14,4.8587e+11,1.09067e+06,48,19.4502,20,0.0664746
711,2.81475e+14,1.13034e+12,564182,48,18.874,19,0.065061
712,2.2518e+15,2.53338e+12,560759,51,18.5273,19,0.063065
713,3.51844e+13,2.47169e+11,1.08955e+06,45,19.3096,20,0.0659778
714,1.75922e+13,6.83051e+10,561515,44,18.0078,19,0.0618219
715,1.40737e+14,3.65505e+11,297210,47,17.835,18,0.0610211
716,7.03687e+13,2.72802e+11,562910,46,18.6191,19,0.0629909
717,1.1259e+15,1.41476e+12,300900,50,18.1953,18,0.0624824
718,2.81475e+14,8.89485e+11,562054,48,18.8262,19,0.0637427
719,1.40737e+14,4.63524e+11,157759,47,17.1123,17,0.0597362
720,1.40737e+14,2.68637e+11,297612,47,17.6514,18,0.0612601
721,1.40737e+14,2.63293e+11,160869,47,17.2207,17,0.0596648
722,1.40737e+14,3.09972e+11,297539,47,18.4258,18,0.0626232
723,1.40737e+14,4.5e+11,298437,47,17.7715,18,0.0615359
724,5.6295e+14,7.40617e+11,94025.5,49,16.9795,16,0.0588292
725,1.75922e+13,1.15177e+11,91727.9,44,16.8994,16,0.0585606
726,2.81475e+14,3.95291e+11,160763,48,17.2529,17,0.0598856
727,8.79609e+12,7.62198e+10,57821.4,43,16.415,15,0.0569029
728,7.03687e+13,3.71151e+11,163246,46,18.0889,17,0.0623736
729,7.03687e+13,1.99859e+11,160050,46,17.0967,17,0.059233
730,7.03687e+13,2.0719e+11,293271,46,17.8789,18,0.0621391
731,7.03687e+13,1.50854e+11,293432,46,17.7139,18,0.0626059
732,1.40737e+14,2.32489e+11,295785,47,17.7695,18,0.0616099
733,1.40737e+14,4.53295e+11,562259,47,18.7783,19,0.06456
734,1.75922e+13,8.22521e+10,292253,44,17.6582,18,0.0608916
735,1.40737e+14,3.46138e+11,92177.2,47,16.8271,16,0.0589323
736,5.6295e+14,9.8564e+11,159507,49,17.6484,17,0.0613842
737,5.6295e+14,6.03191e+11,55974.2,49,16.2666,15,0.0569742
738,1.1259e+15,1.58648e+12,1.08827e+06,50,19.3545,20,0.0676218
739,7.03687e+13,1.94514e+11,1.08932e+06,46,19.3848,20,0.0673116
740,2.81475e+14,5.07813e+11,561764,48,18.5576,19,0.0646219
741,1.40737e+14,2.27651e+11,562341,47,18.3643,19,0.0643524
742,1.75922e+13,8.61493e+10,563710,44,19.0244,19,0.066265
743,2.2518e+15,4.01088e+12,558689,51,18.5117,19,0.0652773
744,1.40737e+14,3.63573e+11,1.09004e+06,47,19.6523,20,0.0710657
745,1.75922e+13,1.13936e+11,1.08995e+06,44,19.4414,20,0.0692062
746,3.51844e+13,2.38533e+11,2.14203e+06,45,19.9863,21,0.0693078
747,3.51844e+13,2.12619e+11,1.08776e+06,45,19.123,20,0.0660023
748,3.51844e+13,1.9068e+11,2.14319e+06,45,20.2734,21,0.0693762
749,4.5036e+15,5.89454e+12,2.14423e+06,52,20.1426,21,0.0686037
750,2.81475e+14,8.22066e+11,8.43864e+06,48,21.8594,23,0.074302
751,1.40737e+14,5.85786e+11,2.14456e+06,47,20.6943,21,0.0710212
752,1.1259e+15,2.2088e+12,4.24687e+06,50,20.8623,22,0.0713991
753,1.40737e+14,5.46387e+11,8.44331e+06,47,21.3564,23,0.0734213
754,5.6295e+14,1.16856e+12,4.24546e+06,49,20.9326,22,0.0723353
755,5.6295e+14,1.07301e+12,4.24672e+06,49,21.0117,22,0.0725414
756,9.0072e+15,9.11853e+12,298188,53,18.3076,18,0.0651291
757,1.40737e+14,7.90484e+11,8.44015e+06,47,21.5957,23,0.0750639
758,2.81475e+14,6.68222e+11,2.14734e+06,48,20.6211,21,0.0721495
759,7.03687e+13,5.5765e+11,4.24987e+06,46,21.6123,22,0.0750355
760,5.6295e+14,1.56838e+12,2.14554e+06,49,20.9746,21,0.0735355
761,2.2518e+15,2.46896e+12,8.44066e+06,51,21.668,23,0.0746847
762,7.03687e+13,2.12552e+11,1.09424e+06,46,20.4395,20,0.0712837
763,5.6295e+14,8.48449e+11,1.0935e+06,49,20.2539,20,0.0705788
764,5.6295e+14,1.06538e+12,4.25057e+06,49,21.6699,22,0.074579
765,2.81475e+14,6.61474e+11,4.24572e+06,48,21.3857,22,0.074365
766,2.81475e+14,9.03131e+11,8.43421e+06,48,21.5918,23,0.0753037
767,5.6295e+14,2.21801e+12,1.68338e+07,49,22.542,24,0.0780951
768,2.81475e+14,8.34697e+11,1.68286e+07,48,22.3945,24,0.0776026
769,2.81475e+14,1.30062e+12,1.68392e+07,48,22.6016,24,0.0780506
770,2.81475e+14,1.07724e+12,8.44452e+06,48,21.8574,23,0.0755076
771,2.81475e+14,1.35476e+12,1.68373e+07,48,23.0332,24,0.0794625
772,2.2518e+15,3.00704e+12,1.68357e+07,51,22.7217,24,0.0785699
773,5.6295e+14,2.29049e+12,1.68407e+07,49,23.1904,24,0.0803186
774,1.40737e+14,8.135e+11,1.68354e+07,47,22.8262,24,0.0788086
775,2.2518e+15,2.7581e+12,1.68425e+07,51,22.7686,24,0.0777474
776,1.40737e+14,5.57438e+11,8.43997e+06,47,21.8545,23,0.0765178
777,1.40737e+14,7.4887e+11,4.24839e+06,47,21.9258,22,0.0760212
778,2.81475e+14,7.52782e+11,2.14475e+06,48,21.1299,21,0.0740465
779,5.6295e+14,1.17262e+12,4.24307e+06,49,21.084,22,0.0737061
780,2.81475e+14,9.10924e+11,2.14362e+06,48,21.1475,21,0.0736145
781,2.81475e+14,1.08713e+12,8.44264e+06,48,21.7646,23,0.0751173
782,2.2518e+15,2.86994e+12,4.24687e+06,51,21.207,22,0.0738513
783,4.5036e+15,5.06107e+12,2.14178e+06,52,20.7412,21,0.0736163
784,5.6295e+14,1.47626e+12,2.13938e+06,49,20.7627,21,0.0727287
785,1.1259e+15,1.85278e+12,2.14423e+06,50,20.7041,21,0.0721153
786,2.81475e+14,8.78988e+11,1.08887e+06,48,20.2305,20,0.0718955
787,5.6295e+14,1.07819e+12,2.13948e+06,49,20.4531,21,0.071798
788,1.1259e+15,3.0007e+12,2.14376e+06,50,21.333,21,0.0740544
789,1.1259e+15,2.6479e+12,2.14498e+06,50,20.8584,21,0.0716412
790,2.81475e+14,6.17489e+11,2.13989e+06,48,20.502,21,0.0706328
791,1.1259e+15,2.95174e+12,2.14129e+06,50,20.5928,21,0.0710547
792,7.20576e+16,7.11497e+13,558952,56,18.7363,19,0.0654358
793,5.6295e+14,1.56414e+12,2.14207e+06,49,20.2188,21,0.0693518
794,1.80144e+16,2.01577e+13,561971,54,19.2373,19,0.0664478
795,1.1259e+15,2.1473e+12,4.24244e+06,50,21.4385,22,0.0753613
796,4.5036e+15,7.42099e+12,4.24217e+06,52,21.6504,22,0.0758074
797,2.81475e+14,7.86422e+11,561515,48,19.7471,19,0.070527
798,2.2518e+15,4.60308e+12,2.13805e+06,51,20.7539,21,0.0742153
799,5.6295e+14,1.77768e+12,4.24318e+06,49,21.7227,22,0.0774746
800,2.81475e+14,1.55482e+12,2.1459e+06,48,21.4844,21,0.075409
801,1.40737e+14,7.30161e+11,2.1439e+06,47,21.2061,21,0.0751912
802,1.40737e+14,1.02708e+12,2.143e+06,47,21.4297,21,0.0765581
803,2.81475e+14,1.22643e+12,2.14442e+06,48,21.125,21,0.0757064
804,2.2518e+15,3.20664e+12,2.14222e+06,51,20.6924,21,0.0743946
805,4.5036e+15,9.73865e+12,1.09009e+06,52,20.6475,20,0.0748903
806,5.6295e+14,2.31276e+12,1.09137e+06,49,20.5098,20,0.0738674
807,2.2518e+15,4.25308e+12,2.14433e+06,51,21.1094,21,0.0754713
808,1.1259e+15,2.98934e+12,2.14409e+06,50,21.0225,21,0.0747926
809,3.60288e+16,3.94061e+13,2.14447e+06,55,21.041,21,0.0741116
810,5.6295e+14,1.22149e+12,1.09283e+06,49,19.8623,20,0.0693037
811,1.1259e+15,2.65253e+12,4.24281e+06,50,21.0352,22,0.074252
812,4.5036e+15,1.06586e+13,1.09045e+06,52,20.3447,20,0.0722456
813,1.80144e+16,2.16723e+13,1.08596e+06,54,19.8936,20,0.0709227
814,1.1259e+15,2.31013e+12,1.09325e+06,50,20.3975,20,0.0714061
815,5.6295e+14,1.2057e+12,4.23912e+06,49,20.8936,22,0.0730832
816,1.40737e+14,7.25062e+11,1.09115e+06,47,20.2402,20,0.0712876
817,2.81475e+14,1.30824e+12,2.14212e+06,48,20.3662,21,0.0726008
818,1.1259e+15,1.76058e+12,1.08785e+06,50,19.666,20,0.0701948
819,5.6295e+14,9.14043e+11,1.08804e+06,49,19.8535,20,0.0706338
820,1.1259e+15,1.3552e+12,92557.1,50,17.833,16,0.063495
821,1.1259e+15,2.11634e+12,93209.9,50,17.8232,16,0.0641027
822,5.6295e+14,2.5515e+12,300316,49,19.2227,18,0.0677628
823,1.1259e+15,2.7746e+12,1.09102e+06,50,19.7012,20,0.0703695
824,9.0072e+15,1.55235e+13,562504,53,19.668,19,0.0703104
825,2.2518e+15,3.93107e+12,1.09067e+06,51,20.2334,20,0.0724551
826,1.80144e+16,1.94518e+13,562300,54,19.6602,19,0.0701028
827,5.6295e+14,1.44464e+12,294819,49,18.6338,18,0.0667189
828,9.0072e+15,1.4539e+13,295937,53,18.9717,18,0.0684108
829,2.2518e+15,3.5303e+12,1.08686e+06,51,19.2617,20,0.0688843
830,5.6295e+14,3.00805e+12,1.08973e+06,49,19.9512,20,0.0721987
831,2.2518e+15,5.09205e+12,162216,51,18.6465,17,0.0683618
832,9.0072e+15,1.26101e+13,1.09461e+06,53,20.3418,20,0.0746712
833,5.6295e+14,3.35247e+12,4.23868e+06,49,20.6963,22,0.0760532
834,2.2518e+15,3.27044e+12,295975,51,18.9688,18,0.0700769
835,1.1259e+15,6.52486e+12,1.08995e+06,50,20.1445,20,0.0741728
836,5.6295e+14,2.99042e+12,558952,49,19.3369,19,0.0705512
837,2.2518e+15,9.94055e+12,560121,51,19.6328,19,0.0717193
838,9.0072e+15,1.20843e+13,1.08514e+06,53,19.7129,20,0.0715105
839,9.0072e+15,1.05004e+13,2.13948e+06,53,20.0723,21,0.0733398
840,2.2518e+15,5.53181e+12,8.44015e+06,51,21.4316,23,0.0781178
841,4.5036e+15,1.57991e+13,1.68323e+07,52,21.7236,24,0.080039
842,4.5036e+15,9.69427e+12,4.24386e+06,52,20.9473,22,0.077621
843,5.6295e+14,3.29798e+12,4.24286e+06,49,20.7891,22,0.0765262
844,1.80144e+16,1.8533e+13,4.24217e+06,54,20.4629,22,0.0748907
845,2.2518e+15,3.16468e+12,4.24449e+06,51,21.1602,22,0.0776118
846,5.6295e+14,1.03139e+12,2.14114e+06,49,19.665,21,0.0739492
847,4.5036e+15,5.95191e+12,2.13974e+06,52,19.9697,21,0.0742885
848,1.1259e+15,3.0582e+12,4.24412e+06,50,20.5732,22,0.0759961
849,1.40737e+14,6.81202e+11,2.14475e+06,47,20.4453,21,0.0760614
850,5.6295e+14,1.02315e+12,1.08362e+06,49,19.1729,20,0.0714447
851,5.6295e+14,1.16241e+12,4.23912e+06,49,20.2666,22,0.0742736
852,1.1259e+15,3.37472e+12,2.14494e+06,50,20.3643,21,0.0748527
853,1.1259e+15,2.95516e+12,1.0878e+06,50,19.9502,20,0.0732466
854,4.5036e+15,1.02412e+13,2.14203e+06,52,20.5029,21,0.0750168
855,2.81475e+14,1.41559e+12,562667,48,19.2754,19,0.0709719
856,1.1259e+15,2.77935e+12,1.0879e+06,50,19.5996,20,0.0719304
857,1.1259e+15,3.09292e+12,1.09e+06,50,19.8896,20,0.0730708
858,1.80144e+16,1.94337e+13,1.09189e+06,54,20.0459,20,0.073672
859,3.60288e+16,3.73035e+13,2.1473e+06,55,20.8301,21,0.0754295
860,2.2518e+15,4.42416e+12,1.68339e+07,51,22.6094,24,0.0799481
861,1.1259e+15,4.88254e+12,8.44544e+06,50,21.9023,23,0.0780631
862,2.2518e+15,8.38066e+12,4.2426e+06,51,20.959,22,0.0753039
863,2.2518e+15,4.86733e+12,8.44287e+06,51,21.8271,23,0.0788422
864,2.2518e+15,9.70556e+12,1.68323e+07,51,22.4814,24,0.0800997
865,1.1259e+15,5.24285e+12,8.43663e+06,50,21.5713,23,0.0783209
866,1.1259e+15,2.69002e+12,2.14636e+06,50,21.1182,21,0.0759323
867,1.1259e+15,3.23144e+12,562789,50,19.7324,19,0.0712221
868,9.0072e+15,1.19204e+13,2.14609e+06,53,20.8691,21,0.0754039
869,3.60288e+16,4.7971e+13,2.14405e+06,55,20.5029,21,0.0751894
870,5.6295e+14,3.10885e+12,1.08973e+06,49,19.8662,20,0.0731193
871,1.1259e+15,3.58691e+12,559388,50,18.833,19,0.070612
872,1.80144e+16,2.01186e+13,561723,54,19.2578,19,0.0717304
873,9.0072e+15,1.05369e+13,2.14232e+06,53,20.7314,21,0.0757272
874,2.81475e+14,2.11926e+12,562341,48,19.2305,19,0.0712192
875,2.81475e+14,2.02033e+12,1.08691e+06,48,19.3818,20,0.0712821
876,2.2518e+15,2.99799e+12,296354,51,18.4453,18,0.0688913
877,4.5036e+15,5.56766e+12,560886,52,19.1846,19,0.0711834
878,1.80144e+16,2.36913e+13,563670,54,19.6104,19,0.0730382
879,2.81475e+14,2.55141e+12,1.08877e+06,48,19.8271,20,0.0738664
880,4.5036e+15,5.98687e+12,292947,52,18.9746,18,0.0707343
881,5.6295e+14,3.43052e+12,162918,49,18.4189,17,0.0693264
882,2.81475e+14,1.02199e+12,160050,48,18.1582,17,0.0693861
883,4.5036e+15,6.16138e+12,91173.7,52,17.4961,16,0.0673845
884,2.2518e+15,3.81389e+12,161807,51,18.7256,17,0.06977
885,2.81475e+14,1.25203e+12,159616,48,18.2607,17,0.0693721
886,9.0072e+15,1.89984e+13,293069,53,18.7158,18,0.0702601
887,1.1259e+15,4.19566e+12,1.08524e+06,50,19.7939,20,0.0734645
888,2.81475e+14,1.41015e+12,1.08672e+06,48,19.543,20,0.0724861
889,4.5036e+15,5.84743e+12,561557,52,19.1543,19,0.0707125
890,2.2518e+15,7.04157e+12,8.44083e+06,51,21.4805,23,0.0789323
891,2.2518e+15,9.59169e+12,4.24732e+06,51,21.6875,22,0.0794919
892,2.2518e+15,4.65336e+12,4.24028e+06,51,20.7324,22,0.0762417
893,2.2518e+15,5.78681e+12,4.24449e+06,51,21.4756,22,0.0777837
894,1.1259e+15,5.25684e+12,1.68294e+07,50,22.209,24,0.0796708
895,9.0072e+15,1.76545e+13,2.14599e+06,53,20.6865,21,0.0757514
896,9.0072e+15,1.10371e+13,2.14271e+06,53,21.0723,21,0.0760007
897,2.2518e+15,7.87547e+12,561012,51,19.0537,19,0.069794
898,1.80144e+16,2.45431e+13,1.0871e+06,54,19.8838,20,0.0729083
899,9.0072e+15,1.47917e+13,2.14168e+06,53,20.8115,21,0.0771375
900,2.2518e+15,7.13675e+12,2.14232e+06,51,20.5352,21,0.0770233
901,2.2518e+15,3.54089e+12,1.09202e+06,51,20.293,20,0.0755022
902,2.2518e+15,6.03322e+12,295861,51,19.0742,18,0.0709612
903,7.20576e+16,8.07595e+13,563352,56,19.6035,19,0.0731804
904,4.5036e+15,9.67951e+12,8.4427e+06,52,22.2686,23,0.081725
905,2.2518e+15,3.85298e+12,2.14442e+06,51,20.3789,21,0.0755846
906,9.0072e+15,1.02136e+13,561054,53,19.4521,19,0.0724704
907,9.0072e+15,1.31029e+13,4.2483e+06,53,21.9541,22,0.0814357
908,9.0072e+15,1.32875e+13,8.44314e+06,53,22.2598,23,0.0818399
909,1.80144e+16,2.21217e+13,8.4402e+06,54,21.876,23,0.0806415
910,4.5036e+15,1.02179e+13,8.4496e+06,52,22.6113,23,0.0827852
911,1.44115e+17,1.50933e+14,4.23682e+06,57,20.7832,22,0.0775755
912,4.5036e+15,1.33139e+13,8.44463e+06,52,23.2891,23,0.0859901
913,9.0072e+15,2.33675e+13,1.68338e+07,53,23.3857,24,0.0861295
914,4.5036e+15,1.45835e+13,4.24126e+06,52,22.0166,22,0.0817998
915,1.1259e+15,4.39971e+12,4.23807e+06,50,21.5195,22,0.0795465
916,9.0072e+15,2.11727e+13,1.09128e+06,53,20.4316,20,0.0762508
917,3.60288e+16,4.91409e+13,8.44009e+06,55,22.4639,23,0.0820665
918,1.80144e+16,5.16473e+13,1.68374e+07,54,23.6777,24,0.08782
919,4.5036e+15,1.76374e+13,3.36165e+07,52,23.8574,25,0.0891712
920,2.2518e+15,1.42083e+13,8.43793e+06,51,22.3643,23,0.083944
921,3.60288e+16,5.31666e+13,8.44314e+06,55,22.5869,23,0.0843194
922,1.1259e+15,5.8223e+12,2.13953e+06,50,21.0156,21,0.07929
923,4.5036e+15,1.44142e+13,1.08509e+06,52,21.0732,20,0.0795021
924,2.2518e+15,1.19751e+13,2.14029e+06,51,20.6914,21,0.077604
925,7.20576e+16,8.43426e+13,563631,56,20.1553,19,0.075751
926,1.1259e+15,6.71042e+12,562667,50,20.2354,19,0.0766383
927,2.8823e+17,2.92709e+14,161150,58,19.3574,17,0.0736106
928,1.1259e+15,3.52055e+12,2.13831e+06,50,20.6133,21,0.0780528
929,5.6295e+14,3.00591e+12,1.08928e+06,49,20.6084,20,0.0777376
930,9.0072e+15,1.58964e+13,554051,53,19.7461,19,0.0743987
931,1.1259e+15,5.43491e+12,1.09031e+06,50,20.1113,20,0.0763707
932,2.2518e+15,8.4902e+12,557088,51,19.4541,19,0.0731381
933,4.5036e+15,1.16972e+13,158956,52,18.6279,17,0.0707911
934,3.60288e+16,4.63011e+13,1.09022e+06,55,19.6143,20,0.0737146
935,2.2518e+15,6.07087e+12,1.08035e+06,51,19.8232,20,0.0753166
936,1.80144e+16,2.20356e+13,296951,54,19.0996,18,0.0723496
937,1.80144e+16,3.10266e+13,1.08918e+06,54,20.5781,20,0.0775997
938,4.5036e+15,1.38716e+13,2.14319e+06,52,21.1094,21,0.0789466
939,2.2518e+15,8.97795e+12,553627,51,19.4766,19,0.0738954
940,4.5036e+15,1.31967e+13,158174,52,18.5312,17,0.069762
941,1.80144e+16,3.27908e+13,563071,54,19.6699,19,0.0744179
942,9.0072e+15,1.36257e+13,296241,53,19.2568,18,0.0726027
943,2.2518e+15,7.05043e+12,2.14636e+06,51,20.8301,21,0.0770981
944,1.80144e+16,2.60045e+13,4.24381e+06,54,21.6318,22,0.0799767
945,9.0072e+15,1.90064e+13,4.24223e+06,53,21.1875,22,0.0785198
946,2.2518e+15,7.36492e+12,2.13789e+06,51,20.3105,21,0.0762045
947,2.30584e+18,2.33e+15,1.09189e+06,61,20.7949,20,0.0774815
948,4.5036e+15,1.20324e+13,2.14466e+06,52,21.0225,21,0.0791015
949,1.80144e+16,2.51735e+13,4.24485e+06,54,21.4131,22,0.0795004
950,4.5036e+15,8.06612e+12,1.09098e+06,52,20.0508,20,0.0749231
951,4.5036e+15,1.43898e+13,1.09124e+06,52,19.957,20,0.0747012
952,4.5036e+15,1.88451e+13,4.24077e+06,52,21.6641,22,0.0796573
953,9.0072e+15,1.76039e+13,1.09045e+06,53,20.6123,20,0.0762835
954,1.44115e+17,1.49428e+14,297793,57,19.4824,18,0.0738571
955,9.0072e+15,1.68715e+13,2.14314e+06,53,21.4648,21,0.0783474
956,4.5036e+15,2.1437e+13,4.23608e+06,52,21.5957,22,0.0794807
957,1.80144e+16,2.66132e+13,2.14232e+06,54,21.4297,21,0.0782496
958,1.15292e+18,1.17161e+15,4.24505e+06,60,22.1592,22,0.0809382
959,4.5036e+15,1.78282e+13,8.44275e+06,52,23.248,23,0.0847583
960,2.2518e+15,1.20201e+13,4.24323e+06,51,22.4111,22,0.0824443
961,1.80144e+16,3.874e+13,4.24607e+06,54,22.6377,22,0.0833416
962,3.60288e+16,5.09791e+13,2.14352e+06,55,21.9805,21,0.0816835
963,7.20576e+16,1.76485e+14,4.23857e+06,56,22.1025,22,0.0829042
964,9.0072e+15,2.46011e+13,8.44457e+06,53,23.209,23,0.0850512
965,1.1259e+15,9.1772e+12,4.24727e+06,50,22.3594,22,0.0822013
966,2.2518e+15,9.61e+12,4.24546e+06,51,22.9854,22,0.0840814
967,4.5036e+15,2.21007e+13,2.1469e+06,52,22.1465,21,0.0820223
968,2.2518e+15,9.44931e+12,4.2426e+06,51,22.1514,22,0.0816348
969,1.80144e+16,4.44227e+13,4.2419e+06,54,21.5771,22,0.0800324
970,4.5036e+15,1.8342e+13,2.14079e+06,52,21.541,21,0.0809251
971,2.8823e+17,2.86504e+14,2.14183e+06,58,21.752,21,0.0805481
972,2.8823e+17,2.9824e+14,2.14039e+06,58,21.4238,21,0.0810585
973,5.6295e+14,3.13171e+12,293392,49,20.0537,18,0.0756236
974,2.8823e+17,3.08674e+14,560121,58,19.9746,19,0.075383
975,3.60288e+16,4.33637e+13,297136,55,19.9473,18,0.0761545
976,1.1259e+15,4.58251e+12,1.08794e+06,50,20.3164,20,0.0759466
977,4.5036e+15,1.38933e+13,559257,52,19.6865,19,0.0739191
978,4.5036e+15,9.75087e+12,295861,52,18.9473,18,0.0719311
979,4.5036e+15,1.13954e+13,295975,52,19.7881,18,0.0748055
980,1.44115e+17,1.48661e+14,291425,57,19.667,18,0.0742158
981,3.60288e+16,6.60804e+13,1.08724e+06,55,20.8447,20,0.0787978
982,2.2518e+15,8.66446e+12,564026,51,20.2529,19,0.076391
983,4.5036e+15,8.35736e+12,562012,52,20.2305,19,0.0766734
984,3.60288e+16,7.65743e+13,563670,55,20.6338,19,0.0777806
985,4.5036e+15,1.76962e+13,1.08914e+06,52,21.0107,20,0.0785321
986,9.0072e+15,1.53744e+13,1.09202e+06,53,20.8145,20,0.0787151
987,2.2518e+15,5.92545e+12,1.089e+06,51,20.2676,20,0.0765639
988,7.20576e+16,7.71711e+13,2.14153e+06,56,21.1133,21,0.0799399
989,4.5036e+15,1.75749e+13,565860,52,20.4805,19,0.0780153
990,1.1259e+15,7.63028e+12,296691,50,19.6201,18,0.0748949
991,9.0072e+15,2.84168e+13,292376,53,19.2139,18,0.0727338
992,4.5036e+15,1.01832e+13,292212,52,19.4111,18,0.0744481
993,4.5036e+15,1.26387e+13,299171,52,19.9297,18,0.0751759
994,2.2518e+15,8.10254e+12,295053,51,19.6631,18,0.0738909
995,4.5036e+15,1.395e+13,163506,52,19.6523,17,0.0734225
996,9.0072e+15,1.33806e+13,557492,53,19.9346,19,0.074939
997,2.2518e+15,1.29152e+13,1.08905e+06,51,20.3936,20,0.0775696
998,4.5036e+15,1.28634e+13,162785,52,19.2998,17,0.0739854
999,1.80144e+16,2.57692e+13,1.08644e+06,54,20.6133,20,0.0782656
1000,4.5036e+15,9.34124e+12,158808,52,18.8984,17,0.0737071
1001,1.1259e+15,4.99143e+12,556408,50,20.4795,19,0.0783531
1002,2.2518e+15,5.82014e+12,561348,51,20.3066,19,0.0775323
1003,1.15292e+18,1.13292e+15,1.08485e+06,60,20.3389,20,0.0780357
1004,2.2518e+15,1.08415e+13,8.45034e+06,51,23.2109,23,0.0875062
1005,1.80144e+16,3.4541e+13,8.43834e+06,54,22.5664,23,0.0858952
1006,9.0072e+15,2.87111e+13,4.24622e+06,53,22.1738,22,0.0843139
1007,9.0072e+15,2.75067e+13,1.09089e+06,53,20.9648,20,0.0790873
1008,9.0072e+15,1.32115e+13,1.08738e+06,53,20.5342,20,0.0770097
1009,9.0072e+15,2.21978e+13,559170,53,20.5508,19,0.0780303
1010,1.80144e+16,2.66614e+13,4.24083e+06,54,21.4814,22,0.0801913
1011,2.2518e+15,5.03442e+12,561012,51,19.3672,19,0.0728778
1012,9.0072e+15,1.94721e+13,296316,53,19.207,18,0.0727031
1013,4.5036e+15,1.24504e+13,294190,52,19.1562,18,0.0704674
1014,4.5036e+15,1.00149e+13,2.13882e+06,52,20.7295,21,0.0756163
1015,2.2518e+15,4.96515e+12,562259,51,19.543,19,0.0729903
1016,1.1259e+15,4.82664e+12,296013,50,19.1367,18,0.0710888
1017,4.5036e+15,8.98843e+12,1.08959e+06,52,20.3271,20,0.0754096
1018,2.2518e+15,4.97253e+12,2.13979e+06,51,20.8047,21,0.0757969
1019,4.5036e+15,1.1645e+13,560377,52,20,19,0.0737725
1020,1.1259e+15,6.4526e+12,161876,50,18.8633,17,0.0706034
1021,2.2518e+15,7.404e+12,294545,51,19.1699,18,0.0715864
1022,2.2518e+15,6.70144e+12,295131,51,19.1348,18,0.0723362
1023,4.5036e+15,9.72898e+12,288960,52,18.9453,18,0.0712112
1024,2.2518e+15,7.11546e+12,295401,51,19.5088,18,0.0726791
1025,2.2518e+15,1.34431e+13,298117,51,19.708,18,0.0723032
1026,9.0072e+15,1.76953e+13,295131,53,18.9619,18,0.0700162
1027,1.80144e+16,3.92437e+13,157379,54,18.4756,17,0.0680659
1028,4.5036e+15,1.69499e+13,90710.5,52,18.0361,16,0.0673089
1029,9.0072e+15,1.7504e+13,92145.3,53,17.5156,16,0.0655053
1030,7.20576e+16,7.4939e+13,562341,56,19.666,19,0.072519
1031,4.5036e+15,8.20954e+12,93575.8,52,18.1641,16,0.0665266
1032,5.6295e+14,1.29788e+12,34679,49,16.1309,14,0.0594623
1033,3.60288e+16,4.52735e+13,158808,55,18.1797,17,0.0677914
1034,7.20576e+16,7.65543e+13,2.14409e+06,56,20.7031,21,0.0770545
1035,1.1259e+15,7.04063e+12,1.68318e+07,50,22.6602,24,0.0834314
1036,9.0072e+15,1.5398e+13,1.09084e+06,53,20.6299,20,0.0771267
1037,1.80144e+16,2.61909e+13,4.23383e+06,54,21.8027,22,0.0831701
1038,1.1259e+15,3.53748e+12,1.08827e+06,50,20.4287,20,0.0774738
1039,4.5036e+15,1.1927e+13,2.13585e+06,52,20.8486,21,0.079459
1040,2.81475e+14,2.26581e+12,2.13867e+06,48,20.8584,21,0.0804159
1041,1.80144e+16,2.26189e+13,559992,54,19.8389,19,0.0766637
1042,9.0072e+15,1.92278e+13,8.43893e+06,53,22.0039,23,0.0824042
1043,9.0072e+15,1.3196e+13,2.14124e+06,53,21.0479,21,0.0789397
1044,2.2518e+15,7.3067e+12,2.13826e+06,51,20.7412,21,0.0775789
1045,1.80144e+16,2.17925e+13,554004,54,19.416,19,0.0730033
1046,1.80144e+16,2.78219e+13,1.08402e+06,54,20.1016,20,0.0765702
1047,2.2518e+15,6.14251e+12,297466,51,19.5127,18,0.074158
1048,4.5036e+15,6.75352e+12,561348,52,19.8057,19,0.0750195
1049,1.1259e+15,4.00767e+12,559647,50,19.5566,19,0.0737447
1050,9.0072e+15,1.06099e+13,159141,53,18.5771,17,0.0701851
1051,3.60288e+16,4.13874e+13,2.14409e+06,55,20.5713,21,0.0762559
1052,1.1259e+15,4.17099e+12,8.43561e+06,50,21.7451,23,0.0793222
1053,2.81475e+14,1.95354e+12,1.09181e+06,48,20.293,20,0.0750472
1054,9.0072e+15,1.40393e+13,4.24449e+06,53,20.9375,22,0.075863
1055,1.80144e+16,1.89273e+13,563947,54,19.5244,19,0.0708115
1056,9.0072e+15,1.1895e+13,1.09163e+06,53,19.8574,20,0.0728863
1057,9.0072e+15,1.29865e+13,563232,53,19.5664,19,0.0728825
1058,1.80144e+16,2.22503e+13,8.43922e+06,54,21.8711,23,0.0796292
1059,4.5036e+15,1.15805e+13,2.14409e+06,52,21.3203,21,0.0786764
1060,1.1259e+15,5.53247e+12,2.1439e+06,50,21.0225,21,0.0767472
1061,2.2518e+15,7.67801e+12,2.13984e+06,51,20.5176,21,0.0748179
1062,2.2518e+15,5.28974e+12,1.09031e+06,51,20.166,20,0.0740916
1063,1.1259e+15,6.44646e+12,4.24131e+06,50,20.6289,22,0.075918
1064,9.0072e+15,1.22554e+13,1.09189e+06,53,20.4795,20,0.0752012
1065,1.80144e+16,2.18758e+13,2.143e+06,54,20.9092,21,0.0764623
1066,3.60288e+16,5.33301e+13,4.24732e+06,55,21.3232,22,0.0765699
1067,1.1259e+15,4.39365e+12,2.14563e+06,50,20.4697,21,0.0742744
1068,4.5036e+15,1.22887e+13,1.08982e+06,52,19.6006,20,0.0710828
1069,1.1259e+15,5.03019e+12,559431,50,19.3721,19,0.0714163
1070,4.5036e+15,2.06999e+13,2.13769e+06,52,19.9961,21,0.0736479
1071,3.60288e+16,4.0914e+13,2.14452e+06,55,21.0361,21,0.0774627
1072,4.5036e+15,1.27244e+13,4.24131e+06,52,21.5938,22,0.0792982
1073,1.80144e+16,2.12343e+13,1.08701e+06,54,19.5381,20,0.0732731
1074,1.1259e+15,4.05706e+12,4.24474e+06,50,21.3047,22,0.0794309
1075,2.2518e+15,9.39605e+12,557715,51,19.9385,19,0.0755381
1076,2.2518e+15,6.59434e+12,1.09181e+06,51,20.3799,20,0.0764736
1077,4.5036e+15,1.07602e+13,562382,52,20.4014,19,0.0769852
1078,1.1259e+15,3.80973e+12,4.24516e+06,50,21.3848,22,0.0794803
1079,2.2518e+15,8.73926e+12,2.13959e+06,51,20.2305,21,0.0767349
1080,4.5036e+15,8.49991e+12,2.14104e+06,52,21.0068,21,0.0788844
1081,7.20576e+16,8.15538e+13,4.24212e+06,56,21.9844,22,0.0827066
1082,2.2518e+15,1.03211e+13,8.44259e+06,51,22.708,23,0.0866306
1083,4.5036e+15,1.13151e+13,2.14572e+06,52,21.5674,21,0.0824841
1084,4.5036e+15,1.34671e+13,4.24088e+06,52,21.8516,22,0.0842511
1085,9.0072e+15,1.4333e+13,8.43609e+06,53,22.125,23,0.0856659
1086,1.1259e+15,3.26709e+12,1.0878e+06,50,20.2695,20,0.0787924
1087,1.44115e+17,1.52113e+14,2.14261e+06,57,20.9961,21,0.080888
1088,1.80144e+16,2.07649e+13,4.24376e+06,54,22.3301,22,0.087771
1089,7.20576e+16,1.12516e+14,1.68319e+07,56,23.4619,24,0.0914638
1090,3.60288e+16,4.80402e+13,8.44331e+06,55,22.957,23,0.0891837
1091,1.1259e+15,4.25229e+12,8.4318e+06,50,21.9795,23,0.085859
1092,1.1259e+15,4.01413e+12,4.24169e+06,50,21.915,22,0.0864744
1093,7.20576e+16,9.15714e+13,2.14153e+06,56,21.2012,21,0.0839083
1094,5.6295e+14,3.8062e+12,4.24355e+06,49,22.0332,22,0.0869219
1095,2.81475e+14,2.68651e+12,2.13669e+06,48,20.7578,21,0.0819081
1096,9.0072e+15,1.73429e+13,1.09027e+06,53,20.5479,20,0.0810768
1097,1.1259e+15,4.33868e+12,4.23929e+06,50,21.4492,22,0.0830166
1098,2.2518e+15,7.56123e+12,2.13774e+06,51,20.8525,21,0.0819224
1099,9.0072e+15,1.32779e+13,1.08572e+06,53,20.2432,20,0.079138
1100,5.6295e+14,3.86683e+12,1.09049e+06,49,21.0791,20,0.0819707
1101,4.5036e+15,7.6043e+12,562504,52,20.2363,19,0.0790268
1102,5.6295e+14,4.14489e+12,2.14217e+06,49,21.4326,21,0.0834252
1103,4.5036e+15,9.98353e+12,1.09089e+06,52,20.9189,20,0.0810046
1104,2.2518e+15,7.54787e+12,4.23688e+06,51,21.6289,22,0.0844917
1105,1.44115e+17,1.6882e+14,2.14227e+06,57,21.4209,21,0.0846357
1106,4.5036e+15,1.57676e+13,1.68351e+07,52,22.9912,24,0.0887653
1107,3.60288e+16,4.43401e+13,558027,55,19.4893,19,0.0759246
1108,1.80144e+16,2.11979e+13,1.09141e+06,54,21.1211,20,0.0833945
1109,4.5036e+15,2.18597e+13,4.23551e+06,52,22.335,22,0.0869184
1110,4.5036e+15,1.0861e+13,1.08102e+06,52,21.0947,20,0.0827828
1111,3.60288e+16,4.37626e+13,1.08982e+06,55,21.5068,20,0.0853922
1112,1.1259e+15,6.82339e+12,4.24329e+06,50,22.4287,22,0.0873073
1113,2.2518e+15,1.63871e+13,4.24276e+06,51,22.668,22,0.088504
1114,2.2518e+15,5.78016e+12,4.23069e+06,51,22.1562,22,0.0865512
1115,9.0072e+15,2.40701e+13,8.44123e+06,53,22.9922,23,0.0891684
1116,2.2518e+15,9.79732e+12,4.24786e+06,51,22.9941,22,0.0889266
1117,9.0072e+15,2.89363e+13,4.24039e+06,53,22.4561,22,0.0869936
1118,4.5036e+15,2.23694e+13,1.68297e+07,52,23.8252,24,0.0917886
1119,1.80144e+16,2.96148e+13,2.14348e+06,54,22.0938,21,0.0848111
1120,4.5036e+15,1.74332e+13,8.44436e+06,52,22.7783,23,0.0868091
1121,9.0072e+15,1.56274e+13,2.14009e+06,53,21.7217,21,0.0824932
1122,1.1259e+15,8.33634e+12,2.13789e+06,50,21.4316,21,0.0818284
1123,9.0072e+15,2.13977e+13,1.08586e+06,53,20.7344,20,0.0802458
1124,2.2518e+15,9.74779e+12,2.13851e+06,51,21.5674,21,0.0841457
1125,1.44115e+17,1.58628e+14,1.08831e+06,57,20.9805,20,0.08154
1126,1.80144e+16,3.8734e+13,4.24365e+06,54,22.709,22,0.0875593
1127,1.44115e+17,1.83315e+14,1.09128e+06,57,21.459,20,0.0832423
1128,1.1259e+15,6.97996e+12,1.09172e+06,50,21.127,20,0.0811782
1129,4.5036e+15,7.54886e+12,2.13877e+06,52,21.1123,21,0.081321
1130,3.60288e+16,4.46461e+13,8.44375e+06,55,23.3027,23,0.0881284
1131,4.5036e+15,1.7473e+13,2.143e+06,52,21.7129,21,0.0845839
1132,3.60288e+16,4.17073e+13,2.14044e+06,55,21.2832,21,0.0831548
1133,9.0072e+15,1.98117e+13,8.44242e+06,53,23.1201,23,0.0882074
1134,3.60288e+16,6.86986e+13,8.43781e+06,55,23.0098,23,0.0878893
1135,4.5036e+15,9.13264e+12,4.24371e+06,52,22.5293,22,0.0856266
1136,4.5036e+15,1.10619e+13,1.68387e+07,52,24.21,24,0.091358
1137,3.60288e+16,8.69687e+13,3.36166e+07,55,24.3516,25,0.0935859
1138,9.0072e+15,3.1045e+13,1.68306e+07,53,23.5039,24,0.090588
1139,3.60288e+16,5.6419e+13,8.44032e+06,55,23.1611,23,0.0881154
1140,4.5036e+15,2.33979e+13,1.68321e+07,52,23.7285,24,0.0876519
1141,1.80144e+16,2.81086e+13,1.68391e+07,54,24.1299,24,0.0910043
1142,9.0072e+15,2.68481e+13,8.4418e+06,53,23.1992,23,0.0863306
1143,9.0072e+15,1.69667e+13,1.68306e+07,53,23.3271,24,0.0865971
1144,9.0072e+15,2.13841e+13,4.24318e+06,53,22.4189,22,0.0848411
1145,4.5036e+15,2.05789e+13,8.44512e+06,52,23.8916,23,0.0903959
1146,1.80144e+16,4.98418e+13,3.36088e+07,54,24.4707,25,0.0924155
1147,1.1259e+15,1.32078e+13,8.44348e+06,50,23.3691,23,0.087822
1148,2.2518e+15,1.05255e+13,3.36168e+07,51,24.499,25,0.0926572
1149,4.5036e+15,1.70277e+13,8.44298e+06,52,23.6328,23,0.0898926
1150,4.5036e+15,1.29943e+13,1.68343e+07,52,23.5322,24,0.0896068
1151,4.5036e+15,1.73843e+13,8.44501e+06,52,23.1592,23,0.0884418
1152,1.80144e+16,3.02569e+13,4.24642e+06,54,22.5439,22,0.0865758
1153,1.80144e+16,3.59822e+13,8.43875e+06,54,23.1807,23,0.087816
1154,4.5036e+15,1.04813e+13,3.3619e+07,52,24.9043,25,0.0943153
1155,4.5036e+15,1.81055e+13,1.68392e+07,52,24.2695,24,0.0923773
1156,4.5036e+15,1.52084e+13,3.36183e+07,52,24.4453,25,0.0932827
1157,1.80144e+16,2.90997e+13,6.71785e+07,54,25.1602,26,0.0953398
1158,4.5036e+15,2.43392e+13,2.68503e+08,52,26.4082,28,0.100695
1159,2.2518e+15,1.15034e+13,6.71743e+07,51,24.8652,26,0.0947322
1160,4.5036e+15,1.31197e+13,6.71732e+07,52,25.0957,26,0.0967722
1161,1.80144e+16,3.68963e+13,1.34279e+08,54,25.458,27,0.09778
1162,2.2518e+15,1.36224e+13,3.3617e+07,51,24.6553,25,0.0958525
1163,4.5036e+15,1.27339e+13,3.36162e+07,52,24.4639,25,0.0940029
1164,1.80144e+16,4.03841e+13,3.36204e+07,54,24.666,25,0.0955198
1165,7.20576e+16,9.65749e+13,3.36117e+07,56,24.4805,25,0.0942554
1166,9.0072e+15,3.74928e+13,6.71835e+07,53,25.7432,26,0.099088
1167,9.0072e+15,2.90527e+13,1.34287e+08,53,25.6592,27,0.097084
1168,9.0072e+15,4.32166e+13,1.3429e+08,53,26.0352,27,0.0988613
1169,9.0072e+15,2.393e+13,1.34285e+08,53,25.2881,27,0.0961626
1170,1.80144e+16,3.76863e+13,3.3623e+07,54,24.8066,25,0.0935192
1171,1.1259e+15,1.07915e+13,3.36149e+07,50,24.5684,25,0.0934953
1172,2.2518e+15,1.31688e+13,6.71695e+07,51,24.7207,26,0.0941716
1173,1.80144e+16,3.82093e+13,3.362e+07,54,24.9238,25,0.0949088
1174,9.0072e+15,2.7247e+13,6.71761e+07,53,25.0947,26,0.0952655
1175,2.2518e+15,1.22911e+13,1.68343e+07,51,24.0566,24,0.0920283
1176,7.20576e+16,9.69687e+13,8.44303e+06,56,23.5352,23,0.0899913
1177,3.60288e+16,1.23295e+14,2.68519e+08,55,26.5986,28,0.101283
1178,7.20576e+16,1.24267e+14,2.68512e+08,56,26.1504,28,0.100025
1179,9.0072e+15,3.26393e+13,1.34287e+08,53,25.6396,27,0.0976783
1180,1.80144e+16,3.77596e+13,3.36115e+07,54,23.8701,25,0.0917136
1181,9.0072e+15,3.99996e+13,2.6851e+08,53,26.3486,28,0.100068
1182,1.1259e+15,1.40714e+13,1.34294e+08,50,25.8633,27,0.0982699
1183,4.5036e+15,1.90028e+13,6.71832e+07,52,24.8398,26,0.0947653
1184,1.80144e+16,4.30159e+13,2.68508e+08,54,25.5381,28,0.0983056
1185,4.5036e+15,2.43484e+13,6.71731e+07,52,25.0566,26,0.0944507
1186,4.5036e+15,1.59064e+13,1.34282e+08,52,25.3877,27,0.0953247
1187,2.2518e+15,1.29784e+13,1.34293e+08,51,25.5537,27,0.0960214
1188,1.80144e+16,6.10697e+13,1.34293e+08,54,25.8535,27,0.0972136
1189,1.80144e+16,3.50214e+13,2.68511e+08,54,26.5537,28,0.100687
1190,4.5036e+15,2.46592e+13,2.6851e+08,52,26.3027,28,0.0993641
1191,1.80144e+16,5.28387e+13,2.68501e+08,54,26.2129,28,0.0994992
1192,3.60288e+16,6.25171e+13,1.34292e+08,55,25.9229,27,0.099538
1193,9.0072e+15,3.43287e+13,1.34284e+08,53,26.0029,27,0.0995614
1194,7.20576e+16,2.05257e+14,3.36176e+07,56,24.9785,25,0.0955048
1195,4.5036e+15,2.71881e+13,6.71765e+07,52,25.791,26,0.0995541
1196,3.60288e+16,6.00066e+13,1.34285e+08,55,25.6279,27,0.0978205
1197,1.80144e+16,5.56284e+13,6.71729e+07,54,25.4746,26,0.0971554
1198,1.80144e+16,5.21417e+13,3.36165e+07,54,25.0625,25,0.0962524
1199,9.0072e+15,3.24183e+13,6.71715e+07,53,24.6895,26,0.0946878
1200,1.80144e+16,5.08938e+13,6.71775e+07,54,25.1045,26,0.0968438
1201,1.80144e+16,5.97466e+13,1.34289e+08,54,25.4199,27,0.0982915
1202,4.5036e+15,2.33155e+13,1.34284e+08,52,25.5684,27,0.0985914
1203,9.0072e+15,2.91078e+13,3.36185e+07,53,24.6631,25,0.0956447
1204,9.0072e+15,2.16222e+13,1.34296e+08,53,25.5156,27,0.0995299
1205,7.20576e+16,9.39273e+13,2.68504e+08,56,26.0781,28,0.100215
1206,3.60288e+16,6.13683e+13,5.36956e+08,55,26.876,29,0.103742
1207,9.0072e+15,3.61426e+13,1.34292e+08,53,25.5781,27,0.0990538
1208,4.5036e+15,2.65358e+13,5.36944e+08,52,26.4072,29,0.101388
1209,1.80144e+16,6.4865e+13,1.3429e+08,54,25.7168,27,0.0989711
1210,4.5036e+15,3.4943e+13,1.34286e+08,52,25.6875,27,0.0987825
1211,1.80144e+16,3.58928e+13,6.71686e+07,54,24.9707,26,0.0955046
1212,1.80144e+16,4.81443e+13,6.71751e+07,54,25.2236,26,0.0978313
1213,4.5036e+15,2.53752e+13,2.68507e+08,52,26.5527,28,0.102977
1214,1.80144e+16,4.32413e+13,6.71685e+07,54,25.0449,26,0.0977763
1215,1.80144e+16,4.18098e+13,1.3429e+08,54,25.4033,27,0.0990216
1216,1.80144e+16,1.32188e+14,2.68512e+08,54,26.3223,28,0.101977
1217,9.0072e+15,3.71369e+13,5.36949e+08,53,26.6191,29,0.103028
1218,1.80144e+16,9.61279e+13,1.34292e+08,54,25.5566,27,0.100371
1219,2.8823e+17,3.82643e+14,1.07382e+09,58,27.1191,30,0.10665
1220,5.76461e+17,6.30072e+14,5.36946e+08,59,26.8867,29,0.103751
1221,2.8823e+17,3.09547e+14,2.14758e+09,58,28.2725,31,0.108704
1222,3.60288e+16,6.29669e+13,2.14758e+09,55,28.0664,31,0.108026
1223,7.20576e+16,1.00719e+14,2.68507e+08,56,26.7461,28,0.102715
1224,9.0072e+15,5.49364e+13,2.14758e+09,53,28.2881,31,0.108641
1225,9.0072e+15,3.82574e+13,2.68503e+08,53,25.9844,28,0.101453
1226,7.20576e+16,1.3824e+14,2.6851e+08,56,26.5391,28,0.101039
1227,9.0072e+15,4.67906e+13,1.34289e+08,53,25.7197,27,0.0985565
1228,1.80144e+16,5.44067e+13,1.34286e+08,54,25.6748,27,0.0988248
1229,2.8823e+17,3.40357e+14,1.34291e+08,58,26.1953,27,0.100562
1230,1.80144e+16,5.0806e+13,1.07384e+09,54,27.8682,30,0.10759
1231,7.20576e+16,1.54339e+14,5.36958e+08,56,27.2568,29,0.105356
1232,4.5036e+15,3.26452e+13,1.34289e+08,52,26.0752,27,0.100981
1233,7.20576e+16,1.52459e+14,6.71781e+07,56,25.5186,26,0.0982532
1234,1.80144e+16,6.8675e+13,1.34284e+08,54,25.499,27,0.0981846
1235,4.5036e+15,2.32094e+13,1.34285e+08,52,24.8701,27,0.0960491
1236,1.15292e+18,1.20088e+15,1.34289e+08,60,25.5938,27,0.0994128
1237,1.80144e+16,6.38994e+13,6.71803e+07,54,25.7539,26,0.0973987
1238,3.60288e+16,1.03283e+14,1.34287e+08,55,25.6992,27,0.098521
1239,1.80144e+16,9.5108e+13,3.36167e+07,54,24.7744,25,0.0950208
1240,1.80144e+16,8.37917e+13,3.36158e+07,54,24.6885,25,0.0957527
1241,1.15292e+18,1.17571e+15,6.7176e+07,60,25.2295,26,0.0970807
1242,1.80144e+16,9.97943e+13,4.29506e+09,54,28.5625,32,0.109934
1243,4.5036e+15,4.27221e+13,6.71775e+07,52,25.6934,26,0.0987854
1244,3.60288e+16,7.74753e+13,2.68518e+08,55,25.6699,28,0.0989905
1245,2.8823e+17,3.54793e+14,2.68508e+08,58,26.3379,28,0.100816
1246,7.20576e+16,1.09166e+14,1.34285e+08,56,25.3027,27,0.098054
1247,3.60288e+16,8.33427e+13,1.34282e+08,55,25.5557,27,0.0990582
1248,3.60288e+16,7.92136e+13,2.685e+08,55,26.1182,28,0.100752
1249,3.60288e+16,9.76826e+13,1.34284e+08,55,25.7822,27,0.100521
1250,1.44115e+17,2.6552e+14,1.34289e+08,57,25.8926,27,0.10071
1251,3.60288e+16,8.07426e+13,5.36944e+08,55,26.8398,29,0.104085
1252,7.20576e+16,1.49926e+14,1.07383e+09,56,27.5234,30,0.106986
1253,1.44115e+17,2.79989e+14,5.36952e+08,57,27.2725,29,0.105886
1254,7.20576e+16,1.6091e+14,2.68512e+08,56,26.0205,28,0.101054
1255,2.8823e+17,5.03826e+14,1.07383e+09,58,27.792,30,0.107544
1256,5.76461e+17,7.03469e+14,1.07383e+09,59,27.751,30,0.107961
1257,1.44115e+17,2.51975e+14,2.14759e+09,57,28.2109,31,0.108026
1258,7.20576e+16,1.79687e+14,1.07383e+09,56,27.9844,30,0.10784
1259,1.80144e+16,4.80969e+13,2.14756e+09,54,28.0498,31,0.108657
1260,7.20576e+16,1.48463e+14,4.29506e+09,56,28.2822,32,0.108812
1261,1.80144e+16,5.64672e+13,1.07383e+09,54,27.4727,30,0.105402
1262,1.44115e+17,2.13999e+14,2.14757e+09,57,27.707,31,0.10736
1263,9.0072e+15,5.48197e+13,6.71814e+07,53,25.291,26,0.0974745
1264,7.20576e+16,1.16008e+14,2.68499e+08,56,25.6992,28,0.0987362
1265,1.80144e+16,4.56972e+13,2.68517e+08,54,26.334,28,0.100293
1266,1.80144e+16,3.9728e+13,2.68509e+08,54,25.8916,28,0.0986199
1267,1.80144e+16,5.60223e+13,6.71783e+07,54,25.0352,26,0.0965344
1268,9.0072e+15,3.45578e+13,6.71754e+07,53,24.7314,26,0.0947595
1269,7.20576e+16,1.53009e+14,1.34279e+08,56,25.1826,27,0.0968301
1270,7.20576e+16,2.74951e+14,6.71752e+07,56,25.1797,26,0.0964379
1271,9.0072e+15,3.50469e+13,3.36195e+07,53,24.502,25,0.0950722
1272,1.80144e+16,5.9442e+13,6.71773e+07,54,24.8369,26,0.0962196
1273,1.80144e+16,7.39567e+13,6.7175e+07,54,25.5371,26,0.0982322
1274,1.44115e+17,1.86469e+14,3.36212e+07,57,24.2217,25,0.0935131
1275,1.80144e+16,1.49847e+14,1.07383e+09,54,27.2529,30,0.105487
1276,7.20576e+16,1.66789e+14,1.07382e+09,56,27.0117,30,0.105976
1277,1.44115e+17,2.15682e+14,2.14757e+09,57,27.7061,31,0.108573
1278,3.60288e+16,1.26028e+14,5.3695e+08,55,26.8428,29,0.106268
1279,7.20576e+16,2.27471e+14,5.36954e+08,56,26.9238,29,0.106129
1280,3.60288e+16,2.53016e+14,8.59002e+09,55,28.5459,33,0.112073
1281,1.44115e+17,2.54415e+14,4.29506e+09,57,28.1621,32,0.109522
1282,7.20576e+16,2.32385e+14,1.07382e+09,56,27.4395,30,0.107343
1283,7.20576e+16,3.07726e+14,1.07383e+09,56,26.8818,30,0.105826
1284,1.15292e+18,1.49484e+15,2.14758e+09,60,27.4072,31,0.106544
1285,7.20576e+16,1.68138e+14,1.07383e+09,56,27.1943,30,0.104722
1286,3.60288e+16,1.1096e+14,1.3429e+08,55,26.0693,27,0.101567
1287,9.0072e+15,8.59824e+13,2.68519e+08,53,26.4033,28,0.102348
1288,3.60288e+16,1.26617e+14,1.07383e+09,55,27.4287,30,0.106762
1289,7.20576e+16,1.69578e+14,1.07383e+09,56,27.4297,30,0.107629
1290,1.80144e+16,6.60667e+13,1.07383e+09,54,26.7363,30,0.10409
1291,1.44115e+17,1.84844e+14,1.07384e+09,57,27.7051,30,0.107176
1292,1.80144e+16,1.23546e+14,5.36948e+08,54,26.5527,29,0.103931
1293,1.80144e+16,1.07344e+14,5.36946e+08,54,26.3115,29,0.103272
1294,7.20576e+16,1.3273e+14,2.68507e+08,56,25.7354,28,0.100891
1295,1.80144e+16,9.45801e+13,1.07383e+09,54,27.4414,30,0.106258
1296,1.80144e+16,8.41452e+13,2.68506e+08,54,26.5088,28,0.102717
1297,4.5036e+15,4.94297e+13,1.34293e+08,52,25.5664,27,0.0990207
1298,1.80144e+16,8.0164e+13,5.36947e+08,54,26.2451,29,0.101414
1299,7.20576e+16,1.51345e+14,5.36954e+08,56,26.7158,29,0.10374
1300,1.80144e+16,1.48496e+14,1.07382e+09,54,27.4316,30,0.10635
1301,1.44115e+17,3.78133e+14,1.34285e+08,57,25.6494,27,0.100645
1302,1.80144e+16,8.29135e+13,3.36178e+07,54,24.6689,25,0.0964097
1303,7.20576e+16,1.7555e+14,1.68367e+07,56,24.3174,24,0.0945266
1304,4.5036e+15,3.73114e+13,3.36088e+07,52,24.0635,25,0.093595
1305,7.20576e+16,2.29638e+14,8.44495e+06,56,23.6943,23,0.0921264
1306,3.60288e+16,1.49807e+14,3.36172e+07,55,25.0273,25,0.0983713
1307,3.60288e+16,1.51087e+14,6.71746e+07,55,26.0869,26,0.101988
1308,9.0072e+15,6.19267e+13,1.3429e+08,53,26.2197,27,0.103113
1309,1.80144e+16,7.1778e+13,1.68389e+07,54,24.5352,24,0.0960123
1310,1.44115e+17,2.72861e+14,1.68398e+07,57,24.7363,24,0.0973006
1311,3.60288e+16,1.10807e+14,8.44146e+06,55,24.0605,23,0.0947671
1312,2.8823e+17,4.29349e+14,4.24622e+06,58,23.4717,22,0.0924296
1313,3.60288e+16,2.04223e+14,5.36951e+08,55,27.1211,29,0.106083
1314,1.44115e+17,3.95978e+14,3.36185e+07,57,25.0967,25,0.0975537
1315,1.80144e+16,7.77492e+13,1.3429e+08,54,26.2178,27,0.103388
1316,1.44115e+17,2.85132e+14,2.68509e+08,57,26.3184,28,0.102568
1317,1.44115e+17,3.71088e+14,5.36954e+08,57,27.4082,29,0.106648
1318,5.76461e+17,9.46391e+14,1.07383e+09,59,28.0928,30,0.109427
1319,2.8823e+17,3.89355e+14,2.14758e+09,58,28.6748,31,0.111334
1320,1.44115e+17,3.37402e+14,1.07383e+09,57,28.335,30,0.111017
1321,3.60288e+16,1.91929e+14,1.07383e+09,55,28.1895,30,0.109727
1322,1.80144e+16,1.27066e+14,2.68506e+08,54,26.4893,28,0.104315
1323,5.76461e+17,7.82593e+14,2.6852e+08,59,27.2285,28,0.106053
1324,7.20576e+16,2.77079e+14,1.07382e+09,56,27.8379,30,0.108723
1325,3.60288e+16,1.42119e+14,2.68504e+08,55,26.626,28,0.103937
1326,9.0072e+15,6.1509e+13,3.36185e+07,53,25.4385,25,0.0983598
1327,7.20576e+16,2.36623e+14,1.68316e+07,56,24.3516,24,0.0960855
1328,1.15292e+18,1.22697e+15,1.34282e+08,60,25.7705,27,0.0999082
1329,1.44115e+17,4.77789e+14,5.36957e+08,57,27.5342,29,0.107852
1330,1.15292e+18,1.50942e+15,8.59004e+09,60,29.3721,33,0.115889
1331,7.20576e+16,4.167e+14,1.07383e+09,56,28.9014,30,0.11408
1332,7.20576e+16,3.00299e+14,8.59004e+09,56,29.4189,33,0.11637
1333,3.60288e+16,2.85182e+14,8.59004e+09,55,29.6396,33,0.117589
1334,5.76461e+17,1.06698e+15,4.29507e+09,59,28.8584,32,0.114337
1335,2.8823e+17,4.60161e+14,4.29507e+09,58,29.4072,32,0.117012
1336,7.20576e+16,3.16055e+14,1.34285e+08,56,26.9121,27,0.107186
1337,7.20576e+16,2.65259e+14,5.36941e+08,56,27.165,29,0.106827
1338,2.8823e+17,6.43772e+14,2.14758e+09,58,28.8564,31,0.113651
1339,7.20576e+16,2.16004e+14,4.29506e+09,56,29.0674,32,0.114058
1340,2.8823e+17,4.55669e+14,1.07383e+09,58,28.1191,30,0.111043
1341,1.44115e+17,4.79016e+14,2.68515e+08,57,27.3467,28,0.106879
1342,1.44115e+17,5.11063e+14,5.36941e+08,57,27.3574,29,0.107354
1343,2.8823e+17,5.81871e+14,2.68513e+08,58,27.043,28,0.106248
1344,5.76461e+17,7.2314e+14,5.36949e+08,59,27.3809,29,0.108229
1345,1.44115e+17,4.0727e+14,2.14757e+09,57,28.4707,31,0.111253
1346,2.8823e+17,5.44133e+14,5.36947e+08,58,28.0391,29,0.109339
1347,2.8823e+17,1.13286e+15,5.36941e+08,58,27.5371,29,0.108247
1348,2.8823e+17,1.17946e+15,5.36953e+08,58,27.5996,29,0.108396
1349,2.8823e+17,4.53097e+14,1.34296e+08,58,27.002,27,0.107603
1350,3.60288e+16,2.69311e+14,1.68384e+07,55,24.8105,24,0.0973494
1351,7.20576e+16,4.33498e+14,2.68507e+08,56,26.6758,28,0.105316
1352,2.8823e+17,1.01541e+15,2.68518e+08,58,27.084,28,0.107165
1353,1.80144e+16,2.04286e+14,2.68503e+08,54,27.4375,28,0.108997
1354,4.61169e+18,5.4971e+15,2.68515e+08,62,26.8682,28,0.106214
1355,3.60288e+16,1.53847e+14,1.34284e+08,55,26.5635,27,0.105075
1356,1.15292e+18,1.35528e+15,3.36195e+07,60,26.2129,25,0.104019
1357,7.20576e+16,3.54945e+14,1.07382e+09,56,27.8955,30,0.109635
1358,7.20576e+16,2.81484e+14,2.68496e+08,56,27.0254,28,0.107493
1359,1.80144e+16,1.51559e+14,5.36949e+08,54,27.7949,29,0.109569
1360,1.44115e+17,5.13553e+14,1.07383e+09,57,27.8076,30,0.109118
1361,1.44115e+17,3.55146e+14,2.68515e+08,57,27.5605,28,0.10854
1362,1.44115e+17,5.08716e+14,2.6851e+08,57,26.7441,28,0.10549
1363,7.20576e+16,3.0163e+14,1.34297e+08,56,26.9717,27,0.10637
1364,1.44115e+17,4.8909e+14,1.34289e+08,57,26.6074,27,0.105623
1365,1.80144e+16,1.28731e+14,5.36953e+08,54,27.2363,29,0.107557
1366,3.60288e+16,1.59515e+14,1.34288e+08,55,26.2861,27,0.103749
1367,2.30584e+18,2.76853e+15,2.6851e+08,61,27.0439,28,0.106518
1368,3.60288e+16,1.97457e+14,2.68507e+08,55,27.4824,28,0.108472
1369,2.8823e+17,6.31021e+14,3.36139e+07,58,25.8975,25,0.101963
1370,1.44115e+17,3.13441e+14,6.71696e+07,57,25.9141,26,0.102936
1371,1.44115e+17,2.85643e+14,6.71711e+07,57,25.5225,26,0.100978
1372,1.44115e+17,5.78646e+14,2.68511e+08,57,26.5303,28,0.105368
1373,3.60288e+16,2.39653e+14,1.34293e+08,55,26.4434,27,0.103952
1374,1.44115e+17,2.47246e+14,8.44118e+06,57,24.5361,23,0.0966447
1375,7.20576e+16,4.02218e+14,1.68361e+07,56,24.8271,24,0.0988498
1376,7.20576e+16,3.27897e+14,8.43716e+06,56,24.0215,23,0.0952044
1377,5.76461e+17,8.7678e+14,1.34284e+08,59,25.9834,27,0.103759
1378,2.8823e+17,8.01143e+14,1.68372e+07,58,25.4258,24,0.102739
1379,7.20576e+16,3.70457e+14,3.36073e+07,56,25.6885,25,0.102821
1380,2.8823e+17,4.2059e+14,3.36195e+07,58,25.7637,25,0.10257
1381,2.8823e+17,6.24244e+14,8.44468e+06,58,23.9346,23,0.0956373
1382,1.80144e+16,1.40661e+14,6.71686e+07,54,25.4609,26,0.101556
1383,1.44115e+17,3.65801e+14,8.44174e+06,57,24.5791,23,0.0978747
1384,2.8823e+17,4.55902e+14,1.68357e+07,58,25.0273,24,0.0997808
1385,2.8823e+17,6.21414e+14,2.14004e+06,58,23.666,21,0.0939185
1386,2.8823e+17,5.02796e+14,1.68317e+07,58,24.8506,24,0.0980459
1387,7.20576e+16,3.6853e+14,1.08677e+06,56,22.3887,20,0.0891477
1388,7.20576e+16,1.4202e+14,8.44152e+06,56,24.5605,23,0.0972564
1389,1.15292e+18,1.42761e+15,8.44264e+06,60,24.1777,23,0.0964887
1390,5.76461e+17,1.02042e+15,1.34287e+08,59,26.6357,27,0.105193
1391,1.44115e+17,6.44669e+14,6.71713e+07,57,25.7246,26,0.102498
1392,7.20576e+16,2.48753e+14,6.71717e+07,56,26.2217,26,0.104166
1393,1.44115e+17,7.92405e+14,6.71665e+07,57,25.6465,26,0.101417
1394,5.76461e+17,8.13029e+14,1.34278e+08,59,25.9443,27,0.103456
1395,3.60288e+16,2.13575e+14,1.09049e+06,55,22.5215,20,0.0902643
1396,1.15292e+18,1.34515e+15,3.36175e+07,60,25.334,25,0.101652
1397,3.60288e+16,1.79875e+14,8.59003e+09,55,28.1816,33,0.113204
1398,2.8823e+17,7.09726e+14,1.07383e+09,58,27.1553,30,0.108457
1399,1.15292e+18,1.63227e+15,2.14757e+09,60,27.5967,31,0.110238
1400,2.8823e+17,6.56963e+14,4.29507e+09,58,28.0635,32,0.111431
1401,1.15292e+18,1.32827e+15,1.3429e+08,60,26.0137,27,0.102419
1402,1.44115e+17,5.08816e+14,4.29505e+09,57,27.5742,32,0.108621
1403,5.76461e+17,1.76443e+15,2.68508e+08,59,26.7041,28,0.106221
1404,1.15292e+18,1.51771e+15,2.14758e+09,60,27.4033,31,0.10832
1405,4.61169e+18,5.03969e+15,8.59005e+09,62,28.6895,33,0.113239
1406,7.20576e+16,4.73656e+14,4.29505e+09,56,28.3516,32,0.111585
1407,1.15292e+18,3.11149e+15,2.68519e+08,60,27.2695,28,0.107244
1408,2.8823e+17,1.3055e+15,1.07383e+09,58,27.4629,30,0.108463
1409,7.20576e+16,4.07451e+14,2.68506e+08,56,26.4355,28,0.104463
1410,4.61169e+18,7.31363e+15,1.718e+10,62,29.1006,34,0.115334
1411,7.20576e+16,5.20363e+14,8.59003e+09,56,28.6992,33,0.114647
1412,2.8823e+17,8.53142e+14,4.29505e+09,58,28.915,32,0.114799
1413,1.44115e+17,6.30994e+14,1.07381e+09,57,27.1426,30,0.108879
1414,2.30584e+18,3.20788e+15,4.29506e+09,61,28.6641,32,0.114513
1415,7.20576e+16,5.08684e+14,3.43599e+10,56,30.1836,35,0.119895
1416,4.61169e+18,6.53165e+15,1.718e+10,62,29.1914,34,0.117385
1417,2.8823e+17,1.19505e+15,3.43598e+10,58,29.793,35,0.119341
1418,5.76461e+17,1.22617e+15,1.718e+10,59,29.9795,34,0.12053
1419,5.76461e+17,1.49035e+15,3.43599e+10,59,29.9717,35,0.121079
1420,5.76461e+17,1.63253e+15,1.718e+10,59,29.2334,34,0.118173
1421,2.8823e+17,7.83743e+14,1.718e+10,58,29.5039,34,0.11984
1422,1.44115e+17,5.25307e+14,4.29505e+09,57,28.0928,32,0.112854
1423,1.80144e+16,1.7224e+14,8.59004e+09,54,28.9678,33,0.116609
1424,2.8823e+17,6.63325e+14,8.59004e+09,58,28.7324,33,0.11661
1425,2.30584e+18,4.18854e+15,1.718e+10,61,28.96,34,0.117546
1426,3.60288e+16,2.98147e+14,3.43598e+10,55,29.7627,35,0.12038
1427,1.47574e+20,1.44728e+17,6.87196e+10,67,29.6572,36,0.120095
1428,5.76461e+17,1.3078e+15,1.37439e+11,59,31.4639,37,0.126408
1429,3.60288e+16,3.72038e+14,3.43599e+10,55,30.5859,35,0.12302
1430,1.44115e+17,4.13081e+14,3.43598e+10,57,29.9121,35,0.121082
1431,5.76461e+17,1.48254e+15,3.43598e+10,59,29.9756,35,0.123466
1432,2.30584e+18,4.60382e+15,2.14758e+09,61,28.3818,31,0.11472
1433,7.20576e+16,5.28928e+14,8.59004e+09,56,29.1768,33,0.119078
1434,5.76461e+17,1.16089e+15,8.59003e+09,59,28.7002,33,0.116072
1435,5.76461e+17,1.15128e+15,2.14757e+09,59,28.2412,31,0.114222
1436,4.61169e+18,5.42756e+15,6.87196e+10,62,30.4336,36,0.123183
1437,7.20576e+16,7.92965e+14,8.59003e+09,56,29.4551,33,0.119442
1438,9.22337e+18,1.00528e+16,2.14758e+09,63,28.3613,31,0.115699
1439,1.84467e+19,1.89453e+16,2.14757e+09,64,28.2783,31,0.116427
1440,2.8823e+17,1.45361e+15,1.34293e+08,58,27.5986,27,0.112703
1441,1.15292e+18,2.53224e+15,5.36949e+08,60,27.8877,29,0.114634
1442,7.3787e+19,7.40854e+16,1.07382e+09,66,28.4766,30,0.1162
1443,2.30584e+18,3.94368e+15,8.59003e+09,61,29.5176,33,0.121335
1444,2.8823e+17,1.69904e+15,2.14757e+09,58,28.9443,31,0.11738
1445,1.15292e+18,1.69429e+15,1.718e+10,60,29.7871,34,0.121254
1446,2.30584e+18,5.37753e+15,3.43598e+10,61,30.6182,35,0.124737
1447,5.76461e+17,2.64062e+15,1.07383e+09,59,28.2412,30,0.115417
1448,5.76461e+17,2.08059e+15,2.14757e+09,59,28.1553,31,0.115484
1449,2.30584e+18,3.23876e+15,8.59004e+09,61,29.5342,33,0.120641
1450,1.15292e+18,2.69028e+15,8.59004e+09,60,29.3936,33,0.119351
1451,2.8823e+17,1.10373e+15,6.87196e+10,58,30.4033,36,0.124148
1452,2.30584e+18,3.6674e+15,1.718e+10,61,29.9551,34,0.120905
1453,1.44115e+17,6.3343e+14,1.07381e+09,57,27.8115,30,0.113559
1454,5.76461e+17,1.47064e+15,5.36935e+08,59,27.5537,29,0.11313
1455,5.76461e+17,1.20194e+15,5.36951e+08,59,27.5723,29,0.112054
1456,1.15292e+18,1.91384e+15,1.718e+10,60,29.9121,34,0.122323
1457,5.76461e+17,1.44341e+15,1.34284e+08,59,26.7549,27,0.10923
1458,4.61169e+18,5.5604e+15,8.59003e+09,62,29.6211,33,0.120397
1459,5.76461e+17,2.07947e+15,3.43599e+10,59,30.041,35,0.122068
1460,4.61169e+18,6.18424e+15,3.43599e+10,62,30.6162,35,0.12383
1461,5.76461e+17,1.48567e+15,3.43598e+10,59,30.375,35,0.124211
1462,5.76461e+17,1.19635e+15,1.718e+10,59,29.542,34,0.120754
1463,5.76461e+17,1.35739e+15,3.43599e+10,59,29.8721,35,0.121936
1464,5.76461e+17,1.56534e+15,3.43599e+10,59,30.1455,35,0.122952
1465,2.8823e+17,1.2484e+15,1.718e+10,58,29.3477,34,0.118716
1466,1.15292e+18,1.67354e+15,1.718e+10,60,29.6924,34,0.120936
1467,1.44115e+17,6.45864e+14,6.87196e+10,57,30.1436,36,0.123611
1468,5.76461e+17,1.07718e+15,4.29506e+09,59,28.8447,32,0.117154
1469,7.20576e+16,4.94231e+14,1.718e+10,56,29.2148,34,0.11924
1470,1.44115e+17,6.77491e+14,2.14758e+09,57,28.0498,31,0.113436
1471,1.44115e+17,3.56298e+14,4.29507e+09,57,28.0713,32,0.114391
1472,2.8823e+17,1.24898e+15,4.29506e+09,58,28.9717,32,0.117318
1473,3.60288e+16,2.14314e+14,8.59004e+09,55,28.9053,33,0.116648
1474,5.76461e+17,1.29415e+15,4.29506e+09,59,28.9023,32,0.117261
1475,5.76461e+17,1.48036e+15,4.29507e+09,59,29.0215,32,0.117957
1476,1.15292e+18,1.56575e+15,8.59002e+09,60,28.9678,33,0.117258
1477,7.20576e+16,3.43758e+14,3.43598e+10,56,30.0898,35,0.121937
1478,1.44115e+17,8.05025e+14,8.59003e+09,57,29.6396,33,0.119688
1479,4.61169e+18,5.14531e+15,4.29507e+09,62,29.5869,32,0.120124
1480,7.20576e+16,5.12442e+14,6.87196e+10,56,31.0498,36,0.12598
1481,4.61169e+18,6.15563e+15,1.718e+10,62,29.5039,34,0.119653
1482,1.15292e+18,1.93705e+15,4.29507e+09,60,29.1025,32,0.118184
1483,1.15292e+18,1.68044e+15,2.68514e+08,60,27.4961,28,0.111436
1484,2.8823e+17,6.08105e+14,5.36953e+08,58,27.6406,29,0.112898
1485,1.15292e+18,2.98979e+15,2.6851e+08,60,27.6865,28,0.113501
1486,5.76461e+17,1.7241e+15,2.68511e+08,59,27.958,28,0.114094
1487,5.76461e+17,2.65485e+15,1.07383e+09,59,28.1133,30,0.113977
1488,2.30584e+18,3.72305e+15,2.14756e+09,61,27.8301,31,0.112424
1489,1.44115e+17,1.00027e+15,2.14757e+09,57,28.0684,31,0.112965
1490,1.15292e+18,2.03686e+15,2.68516e+08,60,27.4082,28,0.110879
1491,5.76461e+17,1.5657e+15,2.14758e+09,59,28.457,31,0.116329
1492,2.8823e+17,8.87796e+14,2.14757e+09,58,27.9492,31,0.114438
1493,2.8823e+17,1.06185e+15,1.07382e+09,58,27.9141,30,0.113842
1494,2.30584e+18,3.83625e+15,4.29506e+09,61,28.8467,32,0.11738
1495,2.8823e+17,9.14741e+14,4.29505e+09,58,28.9102,32,0.118128
1496,2.30584e+18,4.08322e+15,8.59003e+09,61,29.8682,33,0.121747
1497,9.22337e+18,1.20914e+16,8.59004e+09,63,29.3672,33,0.120643
1498,2.8823e+17,1.20096e+15,1.718e+10,58,29.8447,34,0.123268
1499,1.44115e+17,4.9386e+14,2.14757e+09,57,28.7715,31,0.119186
