55.18
0,110.371,8.33658,4,1,0.0429688,0,0.00474547
1,110.903,9.06778,5,1,0.0458984,0,0.00435516
2,1010.21,8.29467,4,3,0.03125,0,0.00432893
3,111.425,8.78998,5,1,0.0400391,0,0.00432992
4,435.127,8.60145,5,2,0.0351562,0,0.00429604
5,435.127,10.3516,5,2,0.0517578,0,0.00429844
6,435.149,10.835,5,2,0.0527344,0,0.00434311
7,435.151,11.4298,5,2,0.0595703,0,0.0043499
8,124.394,9.77436,5,1,0.0488281,0,0.00433464
9,434.639,9.72011,5,2,0.0400391,0,0.00441209
10,435.053,9.98887,6,2,0.0410156,0,0.0043938
11,434.818,9.8419,6,2,0.0429688,0,0.00435973
12,434.818,11.4505,6,2,0.0566406,0,0.0043928
13,435.149,11.9611,6,2,0.0595703,0,0.00441917
14,435.127,11.9303,6,2,0.0625,0,0.00441891
15,435.151,11.13,6,2,0.0556641,0,0.00440146
16,434.954,11.7231,6,2,0.0585938,0,0.00439794
17,435.127,12.0939,6,2,0.0625,0,0.00441874
18,435.127,11.3729,6,2,0.0546875,0,0.00436912
19,434.954,11.5525,6,2,0.0566406,0,0.00443353
20,435.117,11.7167,6,2,0.0556641,0,0.004383
21,435.053,14.2125,6,2,0.0761719,0,0.00442133
22,435.117,11.8357,6,2,0.0546875,0,0.0044706
23,434.954,10.8404,6,2,0.0507812,0,0.00440504
24,435.053,12.1269,6,2,0.0595703,0,0.00440368
25,435.127,14.1007,6,2,0.0634766,0,0.00443348
26,434.954,10.8432,6,2,0.0498047,0,0.00439727
27,1010.79,14.746,6,3,0.0800781,0,0.00440168
28,435.149,11.6389,6,2,0.0566406,0,0.00439551
29,435.151,11.6907,6,2,0.0498047,0,0.0044486
30,116.603,11.3689,6,1,0.0576172,0,0.00441024
31,435.127,12.1175,6,2,0.0576172,0,0.00440969
32,434.781,12.3669,6,2,0.0634766,0,0.00441608
33,435.149,12.5377,6,2,0.0634766,0,0.00443745
34,435.151,12.0426,6,2,0.0546875,0,0.00444416
35,435.127,13.2379,6,2,0.0693359,0,0.00446625
36,434.954,13.7267,6,2,0.0742188,0,0.0045758
37,435.151,11.1137,6,2,0.0498047,0,0.004468
38,434.954,11.6798,6,2,0.0527344,0,0.00446288
39,114.828,11.2944,6,1,0.0537109,0,0.0045443
40,435.151,12.8753,6,2,0.0625,0,0.00441129
41,435.053,12.0828,6,2,0.0576172,0,0.00448992
42,114.366,13.1081,6,1,0.0703125,0,0.00451225
43,435.149,13.1469,6,2,0.0644531,0,0.00453815
44,435.151,12.3563,6,2,0.0585938,0,0.00452953
45,435.151,13.5306,6,2,0.0673828,0,0.00450181
46,435.149,12.0009,6,2,0.0537109,0,0.00447855
47,435.053,13.5004,7,2,0.0712891,0,0.00450085
48,435.053,12.6686,6,2,0.0605469,0,0.00450256
49,435.151,12.8643,6,2,0.0605469,0,0.00451561
50,1010.79,13.4014,6,3,0.0585938,0,0.00448939
51,435.151,13.1261,7,2,0.0605469,0,0.00453242
52,435.127,13.7228,7,2,0.0673828,0,0.00452187
53,434.639,12.6073,7,2,0.0615234,0,0.00451519
54,435.127,14.1908,7,2,0.0703125,0,0.00456503
55,435.127,13.9841,7,2,0.0683594,0,0.00454496
56,435.117,13.6539,7,2,0.0664062,0,0.00454068
57,434.954,13.8347,7,2,0.0703125,0,0.00454114
58,435.127,13.7684,7,2,0.0712891,0,0.00451221
59,435.149,12.568,7,2,0.0566406,0,0.00453545
60,435.151,15.7951,7,2,0.0791016,0,0.00459065
61,435.149,15.0132,7,2,0.0742188,0,0.00459134
62,435.053,12.4851,7,2,0.0537109,0,0.0045938
63,435.053,13.1951,7,2,0.0634766,0,0.00453967
64,434.818,13.1353,7,2,0.0634766,0,0.00461309
65,109.829,12.6014,7,1,0.0625,0,0.00455899
66,435.151,13.9258,7,2,0.0625,0,0.00455325
67,435.151,14.4248,7,2,0.0693359,0,0.00455679
68,435.151,14.3356,7,2,0.0722656,0,0.004602
69,435.127,15.3753,7,2,0.0800781,0,0.00462237
70,435.151,15.5582,7,2,0.0830078,0,0.00460399
71,435.053,12.7922,7,2,0.0556641,0,0.00465529
72,435.127,13.8695,7,2,0.0654297,0,0.00464078
73,435.151,14.6024,7,2,0.0761719,0,0.00459319
74,435.117,14.9408,7,2,0.0791016,0,0.00460328
75,435.151,14.9791,8,2,0.0732422,0,0.00461611
76,435.127,14.6462,8,2,0.0751953,0,0.00479805
77,435.127,14.5155,7,2,0.0712891,0,0.00512495
78,435.127,13.1443,8,2,0.0595703,0,0.00507125
79,435.149,13.9983,8,2,0.0625,0,0.0050529
80,434.954,13.1838,8,2,0.0595703,0,0.00503019
81,435.149,14.9856,8,2,0.0742188,0,0.00502057
82,435.053,14.8804,8,2,0.0722656,0,0.00497445
83,435.151,15.5325,8,2,0.0869141,0,0.00490242
84,435.149,15.4734,8,2,0.0820312,0,0.00504516
85,435.149,15.615,8,2,0.0810547,0,0.00495617
86,435.117,13.495,8,2,0.0664062,0,0.0049582
87,435.151,16.3639,8,2,0.0820312,0,0.00500792
88,435.117,16.3648,8,2,0.0830078,0,0.00500025
89,117.45,16.359,8,1,0.0927734,0,0.00497715
90,435.151,14.8385,8,2,0.0693359,0,0.0048434
91,435.151,16.4985,8,2,0.0820312,0,0.00473745
92,435.127,16.069,8,2,0.0820312,0,0.00479833
93,435.053,14.9879,8,2,0.0693359,0,0.00467422
94,435.127,16.4234,8,2,0.0888672,0,0.00471354
95,435.149,14.9964,8,2,0.0722656,0,0.00467112
96,434.954,15.0396,8,2,0.0771484,0,0.00466221
97,435.151,20.1936,8,2,0.106445,0,0.00466638
98,435.151,18.1586,8,2,0.0976562,0,0.00462797
99,435.127,17.778,8,2,0.0898438,0,0.00467849
100,1011.78,18.0926,8,3,0.0917969,0,0.00470883
101,435.127,19.7768,8,2,0.104492,0,0.00472329
102,435.127,16.1306,8,2,0.0839844,0,0.00471882
103,435.149,16.5278,8,2,0.0888672,0,0.00470828
104,435.127,16.5699,8,2,0.0839844,0,0.00469833
105,435.127,17.4255,8,2,0.09375,0,0.00469507
106,1010.21,18.4635,8,3,0.0986328,0,0.0047343
107,435.053,17.5144,8,2,0.0927734,0,0.00466149
108,435.127,15.3941,8,2,0.0800781,0,0.00472588
109,435.127,16.5796,8,2,0.0859375,0,0.00469522
110,435.127,15.6519,8,2,0.078125,0,0.004694
111,435.149,18.2289,8,2,0.09375,0,0.00472329
112,435.151,19.1752,8,2,0.0917969,0,0.00477246
113,1010.79,20.5781,8,3,0.112305,0,0.00472152
114,435.151,17.6249,8,2,0.0878906,0,0.00477209
115,435.149,17.1903,8,2,0.0898438,0,0.00475508
116,1010.21,19.1482,8,3,0.102539,0,0.0048187
117,435.149,19.3174,8,2,0.108398,0,0.00471952
118,435.149,19.083,8,2,0.104492,0,0.00474908
119,435.151,19.4137,8,2,0.108398,0,0.00472087
120,435.151,18.8873,8,2,0.105469,0,0.00473019
121,435.151,19.2791,8,2,0.110352,0,0.00474704
122,1011.31,23.8191,8,3,0.131836,0,0.00476695
123,435.127,21.6553,9,2,0.125977,0,0.00486602
124,435.151,19.1833,8,2,0.107422,0,0.0047633
125,435.151,22.3499,8,2,0.123047,0,0.00501968
126,435.149,22.0748,9,2,0.124023,0,0.00497382
127,435.151,21.0086,9,2,0.123047,0,0.00489325
128,1008.92,21.865,9,3,0.120117,0,0.00483152
129,435.127,18.8143,9,2,0.105469,0,0.00478866
130,435.151,22.4631,9,2,0.131836,0,0.00479289
131,435.151,21.6877,9,2,0.118164,0,0.00479956
132,1009.59,23.6548,9,3,0.135742,0,0.00479712
133,1008.92,22.3796,9,3,0.125,0,0.00480437
134,1008.92,24.1722,9,3,0.139648,0,0.00483346
135,1011.31,24.9091,9,3,0.137695,0,0.00482016
136,435.151,23.537,9,2,0.130859,0,0.00480886
137,1008.92,24.5405,9,3,0.138672,0,0.0048076
138,435.151,24.2627,9,2,0.146484,0,0.00487113
139,435.151,25.4794,9,2,0.149414,0,0.0048789
140,1010.21,27.5866,9,3,0.160156,0,0.00482663
141,435.151,29.1413,9,2,0.181641,0,0.00481132
142,1009.59,26.4534,9,3,0.155273,0,0.00483632
143,435.151,27.2347,9,2,0.166016,0,0.00483251
144,435.151,25.7998,9,2,0.148438,0,0.00485249
145,1011.78,25.7118,9,3,0.147461,0,0.00484619
146,1008.92,24.7233,9,3,0.141602,0,0.00480865
147,435.151,28.4937,9,2,0.167969,0,0.00487126
148,435.151,25.0248,9,2,0.15625,0,0.00485264
149,435.151,24.5934,9,2,0.144531,0,0.00485635
150,435.151,28.1619,9,2,0.177734,0,0.00484621
151,1009.59,28.631,9,3,0.166016,0,0.00491139
152,1010.21,28.9582,9,3,0.171875,0,0.00488716
153,435.151,31.5405,9,2,0.194336,0,0.00487757
154,435.127,25.9985,9,2,0.165039,0,0.00484713
155,1009.59,32.4794,9,3,0.198242,0,0.00488228
156,435.151,30.5259,9,2,0.182617,0,0.00486973
157,1009.59,33.1935,9,3,0.196289,0,0.00489989
158,435.151,34.4421,9,2,0.220703,0,0.00491278
159,1010.79,34.137,9,3,0.213867,0,0.00488697
160,1011.78,32.3191,9,3,0.200195,0,0.00494632
161,1008.92,29.5327,9,3,0.181641,0,0.00487919
162,1011.31,33.3099,9,3,0.195312,0,0.00493083
163,1008.92,36.1987,9,3,0.224609,0,0.00492722
164,1011.31,34.9155,9,3,0.219727,0,0.00492633
165,1008.92,32.1441,9,3,0.196289,0,0.00492038
166,1009.59,36.0471,9,3,0.230469,0,0.00489999
167,1010.79,37.9838,9,3,0.240234,0,0.00494635
168,435.151,32.8364,9,2,0.213867,0,0.00487954
169,435.151,36.4061,9,2,0.234375,0,0.00491682
170,1009.59,35.8241,9,3,0.235352,0,0.0049835
171,1009.59,34.992,9,3,0.224609,0,0.00495968
172,435.151,31.2135,9,2,0.198242,0,0.00491908
173,1008.92,33.4701,9,3,0.21875,0,0.0048932
174,1010.21,39.7483,9,3,0.25,0,0.00499897
175,1843.9,35.9852,9,4,0.227539,0,0.00507417
176,435.151,37.1263,9,2,0.238281,0,0.00500514
177,435.151,38.8896,9,2,0.262695,0,0.00486891
178,1008.92,39.2398,9,3,0.256836,0,0.00497742
179,435.151,41.4605,9,2,0.262695,0,0.00503623
180,435.151,36.9369,9,2,0.249023,0,0.00496716
181,1011.31,39.305,9,3,0.254883,0,0.00496243
182,435.151,41.8891,9,2,0.279297,0,0.00493451
183,435.151,40.6833,9,2,0.251953,0,0.00496959
184,435.151,37.7722,9,2,0.248047,0,0.0049392
185,1008.92,37.5458,9,3,0.249023,0,0.00495018
186,435.151,35.6895,9,2,0.235352,0,0.00499375
187,435.149,37.6533,9,2,0.249023,0,0.00493855
188,1009.59,38.5943,9,3,0.240234,0,0.00495192
189,1011.78,40.9863,9,3,0.25293,0,0.00495534
190,1009.59,38.3955,9,3,0.257812,0,0.00490151
191,1011.78,41.3658,9,3,0.260742,0,0.0049753
192,435.151,38.0983,9,2,0.250977,0,0.00494651
193,1009.59,39.5131,9,3,0.256836,0,0.00496445
194,435.151,38.8789,9,2,0.258789,0,0.00494669
195,1007.46,38.3447,10,3,0.257812,0,0.00496931
196,1009.59,41.1634,10,3,0.27832,0,0.00498897
197,1009.59,39.1037,10,3,0.265625,0,0.00502101
198,435.151,38.4365,9,2,0.25,0,0.00495912
199,1008.92,36.5955,9,3,0.237305,0,0.00499178
200,1008.92,42.1063,9,3,0.269531,0,0.00497849
201,1011.78,39.331,9,3,0.25293,0,0.00501783
202,435.151,43.086,9,2,0.28125,0,0.00501453
203,435.151,39.4879,9,2,0.259766,0,0.00497593
204,1008.92,37.082,9,3,0.244141,0,0.0049682
205,1010.21,44.7152,9,3,0.291016,0,0.00508022
206,1010.21,44.8727,10,3,0.291016,0,0.00505347
207,1008.92,40.648,9,3,0.259766,0,0.00499603
208,1848.92,44.5287,9,4,0.28125,0,0.00519136
209,1011.31,44.1215,9,3,0.27832,0,0.0050472
210,1008.92,44.3476,10,3,0.290039,0,0.0052898
211,1008.92,44.1553,11,3,0.294922,0,0.005111
212,1008.92,44.7581,9,3,0.304688,0,0.00500652
213,1008.92,47.4282,10,3,0.303711,0,0.00499381
214,1009.59,44.8079,9,3,0.286133,0,0.00500684
215,435.151,44.0152,10,2,0.294922,0,0.00501896
216,435.151,41.5281,10,2,0.280273,0,0.00503228
217,435.151,41.9714,10,2,0.282227,0,0.00504249
218,435.151,42.7972,10,2,0.282227,0,0.0050519
219,1009.59,43.2282,10,3,0.288086,0,0.00500878
220,1008.92,43.6055,10,3,0.288086,0,0.00500014
221,1008.92,44.9258,9,3,0.286133,0,0.00500605
222,1008.92,43.5803,10,3,0.289062,0,0.00499613
223,1010.21,47.2342,10,3,0.313477,0,0.00514034
224,1008.92,44.7674,10,3,0.294922,0,0.00503947
225,1011.31,44.5171,10,3,0.290039,0,0.00501336
226,1843.9,43.784,9,4,0.27832,0,0.00503022
227,1009.59,45.0975,11,3,0.297852,0,0.00509497
228,435.151,44.7731,9,2,0.293945,0,0.00510122
229,1008.92,45.3374,11,3,0.313477,0,0.00512604
230,435.151,43.4574,10,2,0.291992,0,0.00511496
231,435.151,43.6478,11,2,0.291992,0,0.00513146
232,435.151,46.6029,10,2,0.3125,0,0.00507617
233,1011.31,46.4259,10,3,0.289062,0,0.00507529
234,1008.92,42.1871,10,3,0.275391,0,0.00501903
235,435.151,42.2027,10,2,0.28125,0,0.00499422
236,1009.59,46.6572,11,3,0.301758,0,0.00503543
237,1011.31,45.9704,10,3,0.300781,0,0.00504986
238,1008.92,49.9901,11,3,0.324219,0,0.00502864
239,1010.21,44.7617,10,3,0.303711,0,0.00503634
240,1008.92,45.662,10,3,0.293945,0,0.00500211
241,1008.92,45.6929,11,3,0.300781,0,0.0050591
242,1012.18,47.9631,11,3,0.316406,0,0.00507469
243,1009.59,46.7744,11,3,0.31543,0,0.00508096
244,435.151,46.4157,10,2,0.306641,0,0.00503332
245,435.151,46.4263,11,2,0.303711,0,0.00507199
246,1011.31,47.2681,11,3,0.304688,0,0.00504283
247,435.151,46.421,11,2,0.300781,0,0.00503286
248,1009.59,45.2321,11,3,0.283203,0,0.00506448
249,1008.92,47.0621,11,3,0.299805,0,0.00507575
250,1011.31,50.4754,11,3,0.316406,0,0.00506108
251,435.151,46.6927,11,2,0.306641,0,0.00507746
252,1008.92,47.3526,11,3,0.31543,0,0.00512629
253,1008.92,46.1466,11,3,0.307617,0,0.0051003
254,1011.31,48.5861,11,3,0.320312,0,0.00514844
255,1012.18,47.9116,12,3,0.333008,0,0.00505891
256,1008.92,46.2033,11,3,0.314453,0,0.00507539
257,1008.92,47.5434,11,3,0.304688,0,0.00506189
258,435.151,48.2286,12,2,0.325195,0,0.00507522
259,1010.21,46.2264,11,3,0.305664,0,0.00507138
260,1843.9,53.5583,12,4,0.351562,0,0.00504864
261,1009.59,48.243,11,3,0.325195,0,0.00506243
262,1008.92,45.0624,11,3,0.294922,0,0.00508119
263,435.151,46.1191,11,2,0.317383,0,0.00508619
264,1008.92,52.2834,12,3,0.339844,0,0.00509895
265,1009.59,49.1609,12,3,0.331055,0,0.00518907
266,1012.52,45.389,11,3,0.295898,0,0.00514
267,1007.46,48.299,11,3,0.318359,0,0.00519175
268,1008.92,49.0569,12,3,0.324219,0,0.00516387
269,1010.21,48.9542,12,3,0.319336,0,0.00517138
270,1008.92,49.4863,12,3,0.331055,0,0.00525097
271,1011.31,44.7329,11,3,0.290039,0,0.00519929
272,435.151,50.2297,13,2,0.347656,0,0.00524064
273,1011.31,52.8453,12,3,0.333984,0,0.00513395
274,1008.92,51.2862,12,3,0.339844,0,0.00535213
275,1843.9,53.2237,12,4,0.34082,0,0.0051878
276,1011.31,44.9263,11,3,0.301758,0,0.0052428
277,1008.92,50.6023,12,3,0.326172,0,0.00532988
278,1011.31,50.0571,12,3,0.342773,0,0.00526287
279,435.151,42.491,12,2,0.27832,0,0.00535234
280,1008.92,50.4952,12,3,0.327148,0,0.00523731
281,1009.59,47.2891,12,3,0.30957,0,0.00516454
282,435.151,44.6236,11,2,0.308594,0,0.00513034
283,1011.31,48.89,11,3,0.314453,0,0.00517254
284,1011.78,48.7288,12,3,0.316406,0,0.00525093
285,1845.26,50.0394,12,4,0.323242,0,0.00534481
286,1012.52,49.4492,12,3,0.322266,0,0.00521993
287,1008.92,48.8238,12,3,0.323242,0,0.00515073
288,1008.92,47.4844,12,3,0.317383,0,0.00513429
289,1837.92,48.0089,12,4,0.304688,0,0.00516221
290,1008.92,47.5623,11,3,0.3125,0,0.00516478
291,1011.78,51.518,12,3,0.333984,0,0.00519211
292,1011.78,49.1553,12,3,0.319336,0,0.00519948
293,1008.92,45.4356,12,3,0.291992,0,0.00519527
294,1009.59,46.7362,12,3,0.311523,0,0.0053139
295,1848.92,53.293,12,4,0.334961,0,0.00523855
296,435.151,56.5263,12,2,0.363281,0,0.00512939
297,1008.92,49.4443,12,3,0.325195,0,0.00518773
298,1008.92,50.5777,12,3,0.330078,0,0.00521865
299,1008.92,49.288,12,3,0.324219,0,0.00518426
300,1008.92,48.6725,12,3,0.333008,0,0.00515615
301,435.151,48.1114,11,2,0.311523,0,0.00519647
302,435.151,48.8919,11,2,0.306641,0,0.00518525
303,1008.92,47.2421,12,3,0.317383,0,0.00511557
304,1010.21,53.7376,13,3,0.347656,0,0.00525348
305,435.151,45.3756,12,2,0.293945,0,0.00517109
306,1008.92,48.5367,13,3,0.332031,0,0.00519306
307,1008.92,45.0951,12,3,0.291992,0,0.00519202
308,1011.31,55.1849,13,3,0.354492,0,0.0052019
309,1008.92,51.7723,12,3,0.339844,0,0.00517253
310,1008.92,46.9316,13,3,0.311523,0,0.00520618
311,1008.92,54.1351,13,3,0.352539,0,0.00522964
312,1008.92,46.6435,12,3,0.30957,0,0.00521362
313,1011.31,48.2875,13,3,0.325195,0,0.00527252
314,1831.15,50.7401,13,4,0.349609,0,0.00536519
315,1010.79,48.898,13,3,0.333008,0,0.00531813
316,1843.9,46.0542,12,4,0.291992,0,0.00523505
317,1008.92,48.9799,13,3,0.319336,0,0.00523759
318,1010.79,48.8614,13,3,0.330078,0,0.00532472
319,1008.92,49.3277,13,3,0.325195,0,0.0053325
320,435.151,50.3805,13,2,0.329102,0,0.00551384
321,1011.31,54.7125,13,3,0.348633,0,0.00538357
322,1008.92,51.1432,13,3,0.333984,0,0.00524621
323,1011.31,53.8014,13,3,0.34668,0,0.00523892
324,1010.79,50.7983,12,3,0.323242,0,0.00526379
325,2906.93,50.8858,13,5,0.307617,0,0.00523187
326,1008.92,52.0027,13,3,0.34668,0,0.00523798
327,1011.31,52.6141,13,3,0.348633,0,0.00535549
328,1012.18,54.0317,13,3,0.331055,0,0.00529058
329,1008.92,53.0627,13,3,0.341797,0,0.00533995
330,1008.92,51.4138,13,3,0.352539,0,0.00532068
331,1841.02,59.4429,13,4,0.357422,0,0.00528014
332,1005.85,52.1256,13,3,0.338867,0,0.00532352
333,1008.92,53.8619,13,3,0.338867,0,0.00534148
334,1831.15,54.301,13,4,0.333984,0,0.0055224
335,1006.68,50.9456,13,3,0.318359,0,0.00542382
336,1011.31,58.1343,13,3,0.355469,0,0.00541139
337,1010.21,55.0562,13,3,0.342773,0,0.00535136
338,1008.92,63.68,13,3,0.373047,0,0.00540958
339,1011.31,55.4371,13,3,0.342773,0,0.00544924
340,1009.59,53.8141,13,3,0.336914,0,0.00549191
341,1008.92,58.2708,13,3,0.358398,0,0.00547257
342,1008.92,56.4598,13,3,0.354492,0,0.00549757
343,1836.29,56.4801,15,4,0.336914,0,0.0056913
344,1007.46,59.1062,15,3,0.356445,0,0.00562357
345,1007.46,54.888,15,3,0.348633,0,0.00563531
346,1005.85,58.8406,15,3,0.375,0,0.00562802
347,1834.62,62.7439,15,4,0.355469,0,0.00569192
348,1819.76,61.8765,15,4,0.371094,0,0.00576105
349,1010.21,59.0097,15,3,0.357422,0,0.00574724
350,1811.47,64.8921,17,4,0.382812,0,0.00576545
351,1793.4,64.7515,16,4,0.382812,0,0.00581353
352,1821.75,61.9861,16,4,0.359375,0,0.00576242
353,1005.85,62.4042,16,3,0.37207,0,0.00583311
354,1009.59,65.0299,17,3,0.386719,0,0.00588661
355,1005.85,69.7084,17,3,0.408203,0,0.00600652
356,1815.68,73.467,17,4,0.415039,0,0.00592455
357,1004.1,65.1926,18,3,0.386719,0,0.00602247
358,1811.47,72.9027,19,4,0.414062,0,0.00598219
359,1832.91,70.7905,19,4,0.388672,0,0.00606715
360,1815.68,70.0836,18,4,0.401367,0,0.00602668
361,1837.92,73.4181,20,4,0.410156,0,0.00627335
362,1831.15,67.714,20,4,0.392578,0,0.00612282
363,1007.46,67.0517,20,3,0.397461,0,0.00613241
364,2891.12,76.1864,19,5,0.416992,0,0.00623494
365,1004.1,67.4014,21,3,0.396484,0,0.00626567
366,1831.15,77.2659,23,4,0.439453,0,0.00642965
367,1007.46,71.6457,21,3,0.40332,0,0.006413
368,1008.92,80.2009,22,3,0.453125,0,0.00645635
369,1821.75,74.3196,21,4,0.414062,0,0.00656475
370,1819.76,84.3677,23,4,0.456055,0,0.0066209
371,1008.21,77.8896,24,3,0.439453,0,0.00649716
372,1008.92,85.6662,25,3,0.467773,0,0.00663123
373,4229.91,95.8583,25,6,0.492188,0,0.00671044
374,2834.58,88.3697,23,5,0.454102,0,0.00676308
375,4107.95,95.2896,26,6,0.473633,0,0.00705518
376,1834.62,95.0112,29,4,0.509766,0,0.00705802
377,1778.72,85.7598,26,4,0.467773,0,0.00694895
378,1778.72,85.7436,29,4,0.470703,0,0.00698567
379,1839.49,88.4818,25,4,0.460938,0,0.0069383
380,1776.18,93.845,31,4,0.49707,0,0.00703065
381,1763.17,89.4763,27,4,0.475586,0,0.00700316
382,2815.31,100.111,33,5,0.525391,0,0.00720469
383,1813.59,98.5486,35,4,0.536133,0,0.00716936
384,1829.35,106.101,33,4,0.53125,0,0.00731845
385,1819.76,97.2475,33,4,0.515625,0,0.00730031
386,1793.4,92.9633,33,4,0.500977,0,0.00735906
387,2924.51,97.5447,31,5,0.491211,0,0.00726186
388,1798.09,93.858,35,4,0.501953,0,0.00755617
389,1819.76,103.904,33,4,0.507812,0,0.00744835
390,1793.4,107.69,38,4,0.554688,0,0.00772309
391,2867.41,104.522,35,5,0.53125,0,0.00763861
392,1809.31,103.198,39,4,0.545898,0,0.00782146
393,2849.48,103.178,36,5,0.541016,0,0.00749219
394,2826.95,111.922,36,5,0.556641,0,0.00759304
395,1821.75,101.054,35,4,0.525391,0,0.00751338
396,1832.91,110.466,43,4,0.56543,0,0.00781297
397,2927.27,96.9576,37,5,0.496094,0,0.00767196
398,2757.91,106.351,42,5,0.540039,0,0.00801868
399,1817.74,96.5697,35,4,0.504883,0,0.00770707
400,1807.12,119.146,51,4,0.598633,0,0.00812201
401,1800.39,114.414,45,4,0.56543,0,0.00809895
402,1804.91,114.845,44,4,0.561523,0,0.00809014
403,1004.1,105.04,44,3,0.535156,0,0.00808164
404,2823.1,115.353,45,5,0.573242,0,0.0081566
405,2826.95,121.669,49,5,0.592773,0,0.00835729
406,1798.09,114.168,51,4,0.576172,0,0.00834007
407,1768.44,121.75,53,4,0.616211,0,0.00829085
408,2891.12,128.363,49,5,0.605469,0,0.00820803
409,2787.22,107.873,47,5,0.554688,0,0.00811299
410,2932.65,118.874,51,5,0.585938,0,0.00837281
411,1819.76,122.147,49,4,0.602539,0,0.00804475
412,1834.62,106.999,45,4,0.539062,0,0.00818032
413,1760.49,120.156,53,4,0.601562,0,0.00842815
414,1817.74,122.987,50,4,0.582031,0,0.00841757
415,2834.58,122.906,53,5,0.600586,0,0.00861332
416,2860.33,127.085,53,5,0.610352,0,0.0085166
417,1827.51,122.51,53,4,0.602539,0,0.00856354
418,1795.76,118.582,52,4,0.584961,0,0.00842949
419,2819.22,119.763,53,5,0.580078,0,0.00854054
420,1804.91,114.229,53,4,0.583008,0,0.00848439
421,2826.95,114.948,53,5,0.574219,0,0.00846043
422,1783.71,119.604,53,4,0.598633,0,0.00860679
423,1807.12,116.667,51,4,0.576172,0,0.00845882
424,1749.6,128.067,52,4,0.616211,0,0.00849839
425,2826.95,128.258,54,5,0.632812,0,0.00859662
426,1793.4,124.49,53,4,0.613281,0,0.00866271
427,2830.78,117.321,53,5,0.587891,0,0.00872687
428,2884.52,119.396,53,5,0.585938,0,0.00854685
429,2891.12,131.973,53,5,0.62207,0,0.00872436
430,2799.41,118.172,51,5,0.581055,0,0.00838498
431,1781.23,116.525,53,4,0.597656,0,0.00855264
432,1815.68,127.238,51,4,0.605469,0,0.00846054
433,2900.72,129.635,54,5,0.632812,0,0.00879262
434,1757.8,125.736,53,4,0.621094,0,0.00861984
435,2823.1,125.094,53,5,0.618164,0,0.0086666
436,1819.76,138.622,63,4,0.657227,0,0.00893679
437,2749.33,124.069,53,5,0.609375,0,0.00862353
438,2770.61,116.118,60,5,0.604492,0,0.00843837
439,2696.01,140.728,60,5,0.670898,0,0.00877988
440,2811.38,134.314,58,5,0.647461,0,0.00891712
441,1821.75,126.664,54,4,0.620117,0,0.00888748
442,1802.66,125.385,67,4,0.633789,0,0.00884682
443,1798.09,137.314,68,4,0.664062,0,0.00866244
444,4935.66,141.051,54,7,0.658203,0,0.00863749
445,4225.24,125.711,58,6,0.621094,0,0.00863303
446,6882.78,131.767,61,8,0.638672,0,0.00873475
447,2815.31,133.798,54,5,0.637695,0,0.00876807
448,4045.03,131.492,54,7,0.638672,0,0.00862233
449,2803.43,132.123,54,5,0.637695,0,0.0085213
450,1807.12,125.93,55,4,0.625,0,0.00877023
451,5230.83,144.524,66,7,0.679688,0,0.00886721
452,1802.66,128.64,53,4,0.623047,0,0.00874499
453,5315.79,133.675,105.663,7,0.664062,1,0.00880517
454,3980.72,128.662,76,7,0.645508,0,0.00879969
455,2881.17,137.426,56,5,0.655273,0,0.00861499
456,2791.31,144.22,106.93,5,0.700195,1,0.00860815
457,2891.12,142.78,54,5,0.65918,0,0.00871512
458,1819.76,124.788,54,4,0.617188,0,0.00900598
459,1732.64,123.529,58,4,0.619141,0,0.0086215
460,4161.13,130.103,60,6,0.639648,0,0.00880967
461,2891.12,130.251,66,5,0.643555,0,0.00889608
462,2799.41,141.447,108.13,5,0.698242,1,0.00883229
463,1829.35,127.861,66,4,0.639648,0,0.00879255
464,1839.49,126.176,63,4,0.631836,0,0.0088829
465,1002.23,133.524,70,3,0.666016,0,0.0088885
466,2766.4,127.152,76,5,0.648438,0,0.00895031
467,2849.48,136.4,73,5,0.669922,0,0.00908107
468,1815.68,134.782,72,4,0.661133,0,0.00904259
469,2838.35,140.964,64,5,0.664062,0,0.00914712
470,1795.76,132.103,63,4,0.646484,0,0.00909174
471,1802.66,127.009,76,4,0.646484,0,0.00895972
472,4102.47,136.115,103.594,6,0.669922,1,0.00886635
473,2860.33,130.66,106.306,5,0.65625,1,0.00904122
474,2787.22,141.165,73,5,0.668945,0,0.00899674
475,2909.97,152.39,109.275,5,0.728516,1,0.00887005
476,1773.62,132.315,74,4,0.663086,0,0.00880407
477,1825.63,141.583,70,4,0.680664,0,0.0088402
478,2897.56,128.409,106.93,5,0.65918,1,0.00883161
479,1834.62,139.78,65,4,0.672852,0,0.00877639
480,2740.66,137.417,105,5,0.679688,1,0.0087699
481,2856.74,126.217,53,5,0.603516,0,0.00898885
482,1798.09,137.415,109.275,4,0.698242,1,0.00910518
483,1768.44,137.428,106.306,4,0.686523,1,0.00900961
484,1823.71,136.387,66,4,0.652344,0,0.00897083
485,2845.8,139.315,76,5,0.679688,0,0.00882312
486,1821.75,130.504,66,4,0.647461,0,0.00892466
487,2819.22,134.366,106.306,5,0.673828,1,0.00904285
488,1832.91,148.81,108.709,4,0.719727,1,0.00935357
489,1802.66,138.843,107.538,4,0.682617,1,0.00929679
490,2787.22,128.905,54,5,0.625977,0,0.00900344
491,2903.85,145.413,105.663,5,0.698242,1,0.0089991
492,2811.38,142.396,76,5,0.679688,0,0.00900266
493,2870.9,141.866,62,5,0.666016,0,0.00909746
494,1819.76,144.859,107.538,4,0.702148,1,0.00903444
495,4229.91,149.6,71,6,0.694336,0,0.00895628
496,2884.52,144.521,106.306,5,0.694336,1,0.00900903
497,2856.74,149.681,109.829,5,0.726562,1,0.0088033
498,1773.62,131.974,72,4,0.663086,0,0.00907476
499,2834.58,133.986,76,5,0.665039,0,0.0089331
500,2803.43,145.237,72,5,0.688477,0,0.0088985
501,2870.9,139.803,109.275,5,0.702148,1,0.00912089
502,2867.41,139.506,67,5,0.669922,0,0.00886462
503,1823.71,125.284,54,4,0.610352,0,0.00876378
504,1817.74,141.652,105,4,0.685547,1,0.00908067
505,2811.38,141.233,107.538,5,0.697266,1,0.00903255
506,1823.71,139.655,105,4,0.682617,1,0.00894217
507,1813.59,128.423,75,4,0.655273,0,0.00876887
508,2849.48,135.529,66,5,0.650391,0,0.00864582
509,1773.62,129.5,74,4,0.654297,0,0.00873944
510,2863.89,140.196,72,5,0.676758,0,0.00878256
511,1773.62,129.39,57,4,0.642578,0,0.00891165
512,1819.76,148.927,108.709,4,0.717773,1,0.00897756
513,1802.66,135.883,105,4,0.672852,1,0.00897726
514,2884.52,146.871,109.275,5,0.714844,1,0.00873494
515,1804.91,130,66,4,0.641602,0,0.00882947
516,2830.78,158.432,108.13,5,0.733398,1,0.00886058
517,1795.76,141.012,108.13,4,0.699219,1,0.00898768
518,2778.96,136.476,109.275,5,0.6875,1,0.00881187
519,1811.47,136.042,76,4,0.677734,0,0.00888757
520,2842.09,152.389,109.275,5,0.728516,1,0.00892009
521,2877.78,141.751,104.312,5,0.685547,1,0.00881774
522,1791.02,137.115,107.538,4,0.681641,1,0.0089196
523,1815.68,138.032,101,4,0.677734,0,0.00881445
524,2863.89,146.199,104.312,5,0.693359,1,0.00896154
525,4113.41,153.232,107.538,6,0.722656,1,0.00907198
526,2874.36,142.853,106.306,5,0.6875,1,0.00919111
527,2912.97,146.471,109.275,5,0.706055,1,0.00900842
528,4191.47,144.944,107.538,6,0.694336,1,0.00899581
529,1804.91,141.177,105.663,4,0.688477,1,0.00887035
530,2749.33,133.864,76,5,0.666016,0,0.00891636
531,1821.75,129.641,76,4,0.658203,0,0.00876997
532,1804.91,138.764,66,4,0.669922,0,0.00883556
533,1819.76,137.196,106.93,4,0.682617,1,0.00889429
534,1778.72,143.482,107.538,4,0.700195,1,0.0090583
535,2874.36,141.966,110.903,5,0.705078,1,0.00918451
536,1825.63,147.181,109.829,4,0.714844,1,0.0093021
537,1837.92,153.881,109.829,4,0.734375,1,0.00899288
538,2870.9,146.38,107.538,5,0.696289,1,0.00895688
539,1817.74,142.919,105.663,4,0.688477,1,0.00903554
540,1841.02,136.251,105.663,4,0.674805,1,0.00881935
541,1834.62,145.543,106.306,4,0.698242,1,0.00882589
542,1834.62,148.426,109.275,4,0.726562,1,0.00884295
543,2778.96,135.268,106.93,5,0.675781,1,0.0090074
544,2894.36,133.861,66,5,0.642578,0,0.00894362
545,1757.8,146.676,105.663,4,0.701172,1,0.00915263
546,1755.09,141.906,109.829,4,0.707031,1,0.0090594
547,2803.43,141.567,109.275,5,0.707031,1,0.0090309
548,2395.95,154.169,110.371,5,0.745117,1,0.00913614
549,2795.37,142.081,76,5,0.680664,0,0.0091549
550,1819.76,149.189,106.306,4,0.708008,1,0.00898169
551,1821.75,144.996,109.829,4,0.714844,1,0.00886029
552,2803.43,143.745,110.903,5,0.720703,1,0.00887517
553,1778.72,132.72,105.663,4,0.668945,1,0.00900998
554,2849.48,165.82,110.903,5,0.77832,1,0.00906777
555,2874.36,140.566,109.275,5,0.701172,1,0.00894818
556,4155.95,154.014,110.903,6,0.746094,1,0.00888508
557,2845.8,153.662,111.425,5,0.741211,1,0.00907269
558,1815.68,133.276,107.538,4,0.674805,1,0.0088712
559,2877.78,138.948,108.709,5,0.691406,1,0.00892397
560,1831.15,139.512,108.709,4,0.691406,1,0.0091355
561,2795.37,137.962,106.93,5,0.682617,1,0.00902393
562,4124.23,132.027,70,6,0.649414,0,0.0089015
563,1798.09,137.928,76,4,0.677734,0,0.00883607
564,2877.78,136.988,108.709,5,0.688477,1,0.00875602
565,2912.97,145.389,109.829,5,0.71582,1,0.00876515
566,2940.29,146.47,107.538,5,0.705078,1,0.00884259
567,1837.92,148.93,107.538,4,0.706055,1,0.00878071
568,2727.49,138.468,109.275,5,0.695312,1,0.00896559
569,1773.62,130.64,74,4,0.661133,0,0.00887008
570,4186.5,150.705,72,6,0.679688,0,0.00915199
571,1831.15,137.814,101,4,0.668945,0,0.00894212
572,2849.48,133.66,101,5,0.661133,0,0.00877391
573,2849.48,145.093,109.829,5,0.719727,1,0.00897045
574,2849.48,138.905,105.663,5,0.69043,1,0.00879293
575,2811.38,141.667,108.709,5,0.705078,1,0.00872195
576,2867.41,138.081,108.709,5,0.697266,1,0.00875235
577,2845.8,141.96,110.903,5,0.725586,1,0.00884744
578,1823.71,146.17,107.538,4,0.711914,1,0.00885126
579,2918.83,142.368,108.13,5,0.703125,1,0.00872891
580,2884.52,144.634,106.93,5,0.689453,1,0.00872582
581,1823.71,148.435,109.275,4,0.725586,1,0.00844692
582,1831.15,152.908,107.538,4,0.71875,1,0.00857855
583,1827.51,152.328,109.829,4,0.740234,1,0.00857853
584,2731.9,141.313,108.13,5,0.699219,1,0.00867709
585,2811.38,152.717,109.275,5,0.727539,1,0.00886544
586,2830.78,155.48,109.275,5,0.749023,1,0.00867375
587,1813.59,140.122,107.538,4,0.696289,1,0.00880321
588,1813.59,147.388,109.829,4,0.724609,1,0.00879047
589,2942.72,142.693,107.538,5,0.681641,1,0.00893598
590,2860.33,143.089,106.306,5,0.695312,1,0.00877021
591,2937.8,152.826,109.829,5,0.745117,1,0.0088496
592,1821.75,145.568,109.829,4,0.725586,1,0.00888371
593,4118.83,144.285,106.93,6,0.695312,1,0.00890121
594,1712,147.171,108.13,4,0.726562,1,0.00885301
595,1800.39,132.441,105.663,4,0.665039,1,0.00892465
596,1004.1,128.998,107.538,3,0.663086,1,0.00872565
597,2856.74,142.505,107.538,5,0.698242,1,0.00863067
598,2921.69,148.541,106.306,5,0.703125,1,0.0087566
599,1825.63,136.916,107.538,4,0.679688,1,0.00880732
600,1836.29,142.256,105.663,4,0.6875,1,0.00883445
601,4171.38,140.334,108.709,6,0.69043,1,0.00873699
602,1795.76,143.796,107.538,4,0.696289,1,0.00883313
603,2842.09,146.531,110.903,5,0.725586,1,0.00914364
604,1819.76,151.548,110.371,4,0.729492,1,0.0090659
605,1791.02,138.868,107.538,4,0.686523,1,0.00908069
606,4166.27,137.244,72,6,0.667969,0,0.00902563
607,2834.58,131.565,108.709,5,0.675781,1,0.00918673
608,1752.35,138.53,76,4,0.673828,0,0.00918888
609,2860.33,145.746,106.93,5,0.695312,1,0.00911615
610,1804.91,140.041,106.93,4,0.685547,1,0.00890676
611,1819.76,138.666,108.709,4,0.695312,1,0.00910162
612,1841.02,158.062,109.829,4,0.743164,1,0.0089862
613,1788.61,134.154,75,4,0.669922,0,0.00891349
614,2856.74,147.102,105.663,5,0.694336,1,0.00913822
615,2108.97,140.304,104.312,5,0.681641,1,0.0089008
616,2863.89,150.638,109.275,5,0.723633,1,0.00909362
617,4261.42,168.495,111.937,6,0.783203,1,0.00909782
618,2856.74,138.944,109.829,5,0.691406,1,0.00912302
619,1815.68,148.77,108.13,4,0.710938,1,0.00908303
620,2686.83,139.514,76,5,0.675781,0,0.00927511
621,1807.12,142.309,109.829,4,0.710938,1,0.00892694
622,2787.22,148.258,109.829,5,0.71875,1,0.00893415
623,2915.92,146.117,109.829,5,0.708984,1,0.00893179
624,2842.09,138.362,106.93,5,0.680664,1,0.00885917
625,2863.89,150.822,109.829,5,0.722656,1,0.00886988
626,2903.85,165.125,109.829,5,0.762695,1,0.00881809
627,1773.62,132.487,106.93,4,0.675781,1,0.00883103
628,2903.85,151.656,108.709,5,0.71582,1,0.00894108
629,1829.35,148.106,110.371,4,0.722656,1,0.00888798
630,1831.15,132.819,70,4,0.661133,0,0.00894027
631,1776.18,138.65,109.829,4,0.702148,1,0.00913066
632,1827.51,153.972,111.425,4,0.758789,1,0.0088535
633,2842.09,143.665,108.13,5,0.704102,1,0.00888137
634,2856.74,151.143,109.275,5,0.71582,1,0.00877234
635,2877.78,145.099,108.709,5,0.712891,1,0.00890746
636,2881.17,160.443,107.538,5,0.744141,1,0.00889289
637,1839.49,142.399,108.13,4,0.705078,1,0.00891698
638,2894.36,142.243,105,5,0.678711,1,0.00893721
639,2235.59,144.48,107.538,5,0.708008,1,0.00895001
640,1798.09,147.533,109.829,4,0.71582,1,0.00921229
641,4257.05,149.115,110.371,6,0.725586,1,0.00916291
642,1829.35,137.998,106.93,4,0.681641,1,0.00918224
643,4129.59,151.55,108.709,6,0.706055,1,0.00904833
644,2915.92,134.284,103.594,5,0.666016,1,0.00912559
645,2909.97,143.038,109.829,5,0.698242,1,0.00940286
646,1813.59,142.523,106.306,4,0.691406,1,0.00903968
647,1848.92,160.296,108.709,4,0.744141,1,0.00916278
648,2867.41,150.948,109.275,5,0.717773,1,0.00919229
649,2807.41,162.355,109.275,5,0.760742,1,0.00902473
650,4091.41,148.352,108.13,6,0.709961,1,0.0089141
651,5579.09,163.815,110.371,7,0.75,1,0.00943757
652,3893.96,166.713,113.419,6,0.804688,1,0.00959548
653,3735.08,161.124,110.903,6,0.750977,1,0.00951268
654,2663.54,145.136,101,5,0.670898,0,0.00952338
655,2863.89,171.11,111.425,5,0.783203,1,0.00974015
656,4196.4,167.914,111.425,6,0.774414,1,0.00941776
657,1788.61,148.394,110.903,4,0.727539,1,0.00958311
658,1827.51,158.441,109.829,4,0.754883,1,0.00916036
659,1813.59,147.046,108.709,4,0.704102,1,0.00921006
660,2560.74,156.877,108.709,5,0.728516,1,0.00937899
661,2834.58,173.266,110.903,5,0.78125,1,0.00959821
662,2918.83,156.033,111.937,5,0.769531,1,0.00942669
663,2753.63,162.65,110.903,5,0.771484,1,0.00941899
664,9060.14,174.83,107.538,9,0.743164,1,0.00986209
665,5446.9,172.389,110.371,7,0.768555,1,0.0100666
666,8970.24,181.436,111.425,9,0.805664,1,0.01005
667,3707.51,176.426,110.903,6,0.787109,1,0.0100558
668,5045.49,201.659,109.829,7,0.816406,1,0.0103788
669,4096.95,174.864,109.829,6,0.767578,1,0.0102415
670,11013.2,221.738,110.903,10,0.853516,1,0.0105486
671,4229.91,186.61,110.903,6,0.798828,1,0.0105542
672,3550.8,196.691,111.937,6,0.837891,1,0.0108615
673,4191.47,209.911,113.419,6,0.869141,1,0.0109946
674,4107.95,204.286,111.937,6,0.84375,1,0.0109273
675,5438.88,211.956,110.903,7,0.844727,1,0.0108735
676,7636.89,241.147,111.937,8,0.922852,1,0.0109799
677,7285.66,255.874,112.934,8,0.947266,1,0.0115607
678,7512.9,250.142,111.937,8,0.942383,1,0.0116552
679,4490.91,266.696,114.366,7,0.992188,1,0.0114529
680,5638.51,240.212,112.934,7,0.931641,1,0.0113021
681,5548.69,236.312,111.937,7,0.916016,1,0.0113669
682,7305.25,265.162,113.419,8,0.96875,1,0.012244
683,14876.9,295.731,113.419,11,1.01855,1,0.0117542
684,7671.02,283.728,114.366,8,1.02344,1,0.0119906
685,9696.83,300.059,114.828,9,1.05469,1,0.0119796
686,5204.92,286.517,111.937,7,1.01465,1,0.0118964
687,12265.9,327.711,114.366,10,1.0957,1,0.0124433
688,7083.83,320.425,114.828,8,1.10352,1,0.0124889
689,7729.25,365.819,114.366,8,1.16699,1,0.0130514
690,6904.35,349.135,115.729,8,1.14941,1,0.0127782
691,12571.1,394.44,115.729,10,1.22656,1,0.012586
692,9047.37,395.392,116.603,9,1.20801,1,0.0129118
693,9651.76,373.348,114.828,9,1.17383,1,0.0131046
694,8308.63,431.66,120.227,9,1.33008,1,0.0137197
695,15946.6,430.671,118.273,11,1.2666,1,0.0135038
696,8530.59,464.374,117.865,9,1.31934,1,0.0146248
697,15437.3,527.324,122.741,11,1.44824,1,0.0137908
698,12360.8,453.93,119.071,10,1.33887,1,0.0135597
699,14449.5,507.64,119.847,11,1.4082,1,0.0140474
700,10916.6,525.337,123.746,10,1.47754,1,0.014262
701,14100.2,568.515,124.394,11,1.55859,1,0.0144845
702,12252.2,605.195,130.931,10,1.63574,1,0.0145631
703,20405.2,629.074,127.657,12,1.61523,1,0.0140484
704,26766.3,691.98,137.17,13,1.67285,1,0.0147519
705,26722.7,676.773,131.606,13,1.70215,1,0.0143612
706,14062.9,655.201,137.037,11,1.70605,1,0.0144915
707,16037.9,708.221,137.037,11,1.74512,1,0.014189
708,39035,751.433,137.17,14,1.74121,1,0.0144486
709,38737.3,794.431,137.914,14,1.83496,1,0.0148272
710,19249.3,731.376,137.796,12,1.83398,1,0.0148046
711,19976.2,802.936,137.427,12,1.89648,1,0.0148855
712,26722.7,853.927,138.675,13,1.94629,1,0.0151575
713,37902.8,1002.07,354.987,14,2.11914,2,0.01525
714,17365.7,871.572,359.354,12,2.05957,2,0.0147564
715,34024.4,946.357,283.42,14,2.05957,2,0.0155721
716,15946.6,982.918,362.576,11,2.1709,2,0.0152434
717,12279.6,905.654,334.367,10,2.08496,2,0.0153039
718,18880.8,1128.57,369.909,12,2.31738,2,0.0158801
719,95152.2,1265.15,393.836,16,2.375,2,0.0159937
720,18860,1091.34,351.658,12,2.24805,2,0.0152338
721,25379.5,1298.07,417.719,13,2.44531,2,0.0161544
722,19289.7,1198.8,369.909,12,2.32812,2,0.0159818
723,19568.9,1288.51,420.239,12,2.51465,2,0.0164609
724,27361.3,1435.94,420.846,13,2.55762,2,0.0162483
725,26414,1351.58,380.891,13,2.46484,2,0.0161677
726,20108.7,1326.93,407.827,12,2.49121,2,0.0162003
727,20276.6,1249.45,412.261,12,2.43848,2,0.0161948
728,92494.1,1381.46,424.824,16,2.50391,2,0.0161961
729,36818.4,1415.11,420.239,14,2.54492,2,0.0164643
730,24435.7,1578.28,425.352,13,2.70312,2,0.0164814
731,88379.1,1857.01,428.288,16,2.85352,2,0.0173964
732,33561.2,1616.42,431.878,14,2.83008,2,0.0171205
733,91500.8,1894.16,430.413,16,2.93066,2,0.0178983
734,37152.7,2032.34,433.114,14,3.11426,2,0.0180265
735,90140.1,2019.19,432.828,16,3.11426,2,0.018943
736,38714.1,1950.05,433.384,14,3.11426,2,0.0187896
737,26030.4,1871.27,434.093,13,3.10449,2,0.0190409
738,92240.9,2196.26,709.675,16,3.29004,3,0.0196348
739,55915.9,2258.23,772.467,15,3.35742,3,0.0189607
740,39102.7,2287.88,738.964,14,3.34473,3,0.0191589
741,90140.1,2304.66,434.781,16,3.33496,2,0.0195856
742,90476.7,2441,434.781,16,3.29102,2,0.0191956
743,162046,2831.58,914.806,17,3.60938,3,0.0205406
744,294467,2772.23,792.453,18,3.52051,3,0.0202327
745,158882,3099.27,811.935,17,3.65234,3,0.0202757
746,553674,3939.06,914.806,19,3.71777,3,0.0212949
747,297612,3434.71,914.806,18,3.74512,3,0.0208314
748,161428,3180.3,951.342,17,3.86133,3,0.0208425
749,297173,3799.13,972.108,18,4.02246,3,0.0206627
750,89800.6,3464.71,986.145,16,4.09766,3,0.0219816
751,288873,4067.2,976.512,18,4.16406,3,0.022559
752,92209,3897.24,977.944,16,4.14355,3,0.0214925
753,296391,4691.01,1223.19,18,4.32617,4,0.0222753
754,2.13841e+06,5976.86,1289.79,21,4.34082,4,0.0227537
755,296278,4765.63,994.777,18,4.29785,3,0.0214531
756,161670,4922.83,1420.9,17,4.58691,4,0.0227905
757,4.24044e+06,11581.1,1556.99,22,4.80176,4,0.0234273
758,561431,8200.53,1729.75,19,5.10742,4,0.0243102
759,563312,8185.95,1776.18,19,5.39453,4,0.0254302
760,1.68383e+07,27095.9,1755.09,24,5.33984,4,0.0254232
761,2.13294e+06,13418.3,2644.57,21,5.67969,5,0.0254063
762,4.24697e+06,19614.4,2705.11,22,5.85254,5,0.025769
763,1.68355e+07,39334.7,2745.01,24,5.88086,5,0.0266743
764,6.71875e+07,101775,3301.06,26,6.2168,6,0.028164
765,8.44848e+06,38802.1,2834.58,23,6.04395,5,0.0248279
766,8.44802e+06,34813.7,2830.78,23,6.03223,5,0.0253235
767,5.36965e+08,554366,2903.85,29,6.28516,5,0.0263988
768,8.59005e+09,1.09164e+07,5290.53,33,7.83691,7,0.0309695
769,5.36957e+08,2.22905e+06,8733.57,29,9.27148,9,0.034602
770,2.68515e+08,1.67039e+06,9882.15,28,9.84277,9,0.0356155
771,1.07385e+09,4.397e+06,9454.45,30,9.72461,9,0.0356622
772,6.87196e+10,7.36352e+07,11482.8,36,9.87109,10,0.0365464
773,1.34304e+08,1.92578e+06,9548.43,27,9.84961,9,0.0355558
774,4.29507e+09,7.91761e+06,12113.5,32,10.4453,10,0.0375676
775,1.07384e+09,3.97183e+06,11390.7,30,10.0273,10,0.0365431
776,1.07384e+09,4.4779e+06,9685.61,30,9.875,9,0.0361143
777,8.59005e+09,1.07264e+07,12609.4,33,10.5713,10,0.0384529
778,4.29508e+09,8.96887e+06,15033,32,10.9131,11,0.0391714
779,2.14759e+09,5.28278e+06,15033,31,10.9561,11,0.0405545
780,4.29508e+09,8.24948e+06,12333.8,32,10.71,10,0.0396581
781,4.29507e+09,9.49155e+06,12722.4,32,10.6494,10,0.0396567
782,5.36959e+08,2.95768e+06,12400.9,29,10.7588,10,0.0391431
783,2.14759e+09,6.74485e+06,11573.9,31,10.2119,10,0.0383258
784,8.59005e+09,2.12556e+07,9394.74,33,10.3828,9,0.0393158
785,8.59004e+09,3.28492e+07,12571.1,33,10.9727,10,0.0410321
786,1.07384e+09,7.94233e+06,11957.3,30,10.5107,10,0.0405137
787,3.43599e+10,6.39276e+07,12141.5,35,10.7832,10,0.0417908
788,1.37439e+11,1.86887e+08,11421.5,37,10.6279,10,0.0412157
789,1.718e+10,4.52343e+07,9548.43,34,10.3438,9,0.0391765
790,1.37439e+11,2.6715e+08,9583.16,37,10.7432,9,0.0406623
791,1.37439e+11,2.30342e+08,11797.5,37,10.8145,10,0.0415774
792,3.43598e+10,5.92242e+07,9501.69,35,10.5146,9,0.0402731
793,1.718e+10,3.38257e+07,12427.5,34,11.2275,10,0.042849
794,6.87196e+10,1.28536e+08,12028.8,36,10.915,10,0.0429881
795,8.59004e+09,3.16196e+07,12197.1,33,11.0596,10,0.0431078
796,4.39805e+12,5.46325e+09,11738.5,42,11.4648,10,0.0436591
797,6.87196e+10,1.55962e+08,11768,36,10.832,10,0.0426457
798,5.49756e+11,5.79376e+08,12622.1,39,11.4453,10,0.0437667
799,1.09951e+12,1.26444e+09,15568,40,11.8691,11,0.045079
800,5.49756e+11,8.69957e+08,11782.8,39,11.1143,10,0.0418678
801,6.87196e+10,1.29424e+08,14736.2,36,11.4551,11,0.042655
802,1.718e+10,9.02082e+07,12099.5,34,10.8926,10,0.0420378
803,3.43599e+10,6.73047e+07,15033,35,11.5371,11,0.0429045
804,1.37439e+11,2.40136e+08,11482.8,37,11.1426,10,0.041331
805,3.43599e+10,8.15369e+07,14963.9,35,11.5957,11,0.0429039
806,8.59005e+09,4.175e+07,16216.2,33,11.6484,11,0.0429874
807,1.37439e+11,2.66453e+08,12155.5,37,11.0791,10,0.0423491
808,1.37439e+11,3.96821e+08,9489.92,37,10.9512,9,0.0428415
809,1.37439e+11,1.77513e+08,11543.6,37,11.1895,10,0.0434871
810,3.43599e+10,8.76381e+07,14789.2,35,11.7412,11,0.0456048
811,5.49756e+11,8.50574e+08,14876.9,39,11.668,11,0.0446066
812,7.03687e+13,6.94977e+10,19549.2,46,12.2939,12,0.0464209
813,6.87196e+10,2.52775e+08,19667.2,36,12.627,12,0.0470495
814,2.74878e+11,5.55006e+08,20239.6,38,12.5156,12,0.0456535
815,1.09951e+12,1.2398e+09,25045.5,40,12.3848,13,0.0457604
816,2.19902e+12,2.73435e+09,15519.2,41,11.9023,11,0.0440813
817,2.74878e+11,5.14706e+08,14647.4,38,11.6348,11,0.0439665
818,8.59006e+09,6.58477e+07,7353.72,33,10.6201,8,0.0413367
819,1.37439e+11,3.81104e+08,11899.6,37,11.3105,10,0.043845
820,6.87196e+10,1.82765e+08,14394.9,36,11.5527,11,0.0440224
821,1.09951e+12,1.89833e+09,15169.8,40,12.25,11,0.0452043
822,2.74878e+11,4.90715e+08,15287.8,38,12.2715,11,0.0454521
823,2.74878e+11,6.3058e+08,19628,38,12.4648,12,0.0457655
824,3.43599e+10,1.33175e+08,15775.6,35,12.3184,11,0.044546
825,6.87196e+10,2.52726e+08,19957.1,36,12.5029,12,0.0453901
826,2.74878e+11,4.95386e+08,19309.8,38,12.3467,12,0.0445749
827,1.718e+10,1.09919e+08,14503.8,34,11.6738,11,0.0431417
828,5.49756e+11,6.71651e+08,18268.2,39,11.9834,12,0.0437408
829,2.19902e+12,3.3717e+09,26007.6,41,12.9023,13,0.0460092
830,1.75922e+13,2.42243e+10,27088.6,44,13.2568,13,0.0480484
831,5.49756e+11,1.02882e+09,26766.3,39,13.2852,13,0.0470617
832,1.09951e+12,2.02128e+09,27906.6,40,13.2305,13,0.0466351
833,5.49756e+11,8.30322e+08,36267.2,39,13.1191,14,0.0472804
834,6.87196e+10,2.53575e+08,37556.6,36,13.6436,14,0.047139
835,1.37439e+11,2.69081e+08,36896,37,13.2881,14,0.0470178
836,1.37439e+11,4.31857e+08,36557.6,37,13.3506,14,0.0469707
837,1.75922e+13,3.4606e+10,35070.8,44,13.4053,14,0.0469268
838,6.87196e+10,2.35686e+08,38000.5,36,13.5088,14,0.0468602
839,4.39805e+12,6.4767e+09,26053.3,42,12.7705,13,0.0451741
840,5.49756e+11,9.15496e+08,24311.8,39,12.8721,13,0.0457283
841,1.37439e+11,2.80269e+08,36000.1,37,13.4951,14,0.0470017
842,1.37439e+11,4.05133e+08,34167.9,37,13.3984,14,0.0468674
843,5.49756e+11,1.03593e+09,25093.5,39,12.7783,13,0.0453169
844,7.03687e+13,7.00168e+10,27647.8,46,13.4238,13,0.0466361
845,1.37439e+11,2.60301e+08,20183.7,37,12.209,12,0.0442128
846,3.43599e+10,1.37139e+08,19489.7,35,12.5176,12,0.0453598
847,5.49756e+11,8.73649e+08,19004.7,39,12.4736,12,0.0452203
848,2.74878e+11,6.52025e+08,12155.5,38,11.3936,10,0.0442927
849,7.03687e+13,6.99163e+10,13761,46,11.4775,11,0.0440496
850,2.74878e+11,4.7388e+08,20762.4,38,12.2568,12,0.0472949
851,1.37439e+11,2.03894e+08,7476.34,37,10.7324,9,0.0434336
852,5.49756e+11,1.908e+09,15486.6,39,11.6885,11,0.0455275
853,4.39805e+12,4.65504e+09,9617.6,42,10.8252,9,0.0438349
854,4.39805e+12,4.96094e+09,9924.2,42,10.7412,9,0.0439285
855,1.09951e+12,1.31194e+09,9273.14,40,10.8271,9,0.0439792
856,2.19902e+12,2.72158e+09,9860.89,41,10.8857,9,0.0437629
857,4.39805e+12,4.65166e+09,11856,42,10.9199,10,0.0433485
858,5.49756e+11,9.00935e+08,14193,39,10.9609,11,0.0438156
859,4.39805e+12,4.89117e+09,11375.2,42,10.7764,10,0.0438745
860,6.87196e+10,3.65961e+08,4389.66,36,9.79297,7,0.0419903
861,1.75922e+13,2.18038e+10,10916.6,44,11.0137,10,0.0450542
862,5.49756e+11,5.99066e+08,9594.67,39,10.8018,9,0.0434983
863,5.49756e+11,1.44314e+09,14929.2,39,11.5029,11,0.045281
864,2.74878e+11,4.34731e+08,15354.6,38,11.7324,11,0.0454333
865,4.39805e+12,9.17937e+09,14303.5,42,11.2041,11,0.0440483
866,8.79609e+12,2.31192e+10,13969.2,43,11.3135,11,0.0448068
867,2.19902e+12,2.31606e+09,14753.9,41,11.4111,11,0.044629
868,2.74878e+11,7.01971e+08,12609.4,38,11.4492,10,0.0443118
869,1.37439e+11,2.08602e+08,14081.5,37,11.126,11,0.0441206
870,8.79609e+12,8.78004e+09,18138.8,43,11.8438,12,0.0461343
871,3.51844e+13,3.75105e+10,15616.4,45,11.8652,11,0.0463935
872,2.81475e+14,2.76027e+11,24583.6,48,12.332,13,0.0469404
873,8.59005e+09,8.30874e+07,15931.2,33,11.6143,11,0.0443188
874,2.19902e+12,2.35176e+09,14841.9,41,11.4922,11,0.0438899
875,2.74878e+11,3.66499e+08,14413.1,38,11.4385,11,0.0452327
876,5.49756e+11,1.03671e+09,9322.12,39,10.7256,9,0.0423557
877,5.49756e+11,1.35794e+09,13893.8,39,11.2168,11,0.0442652
878,3.43599e+10,1.10736e+08,13818,35,11.4043,11,0.0447397
879,2.74878e+11,8.70361e+08,11634.1,38,11.0918,10,0.0437731
880,1.75922e+13,1.74904e+10,12480.2,44,11.0566,10,0.0447133
881,1.09951e+12,1.66299e+09,16283.3,40,11.5195,12,0.0456942
882,6.87196e+10,2.03429e+08,15321.3,36,11.6689,11,0.0451326
883,2.74878e+11,9.08667e+08,17942.8,38,11.5332,12,0.0449266
884,5.49756e+11,7.03953e+08,11604.1,39,11.0801,10,0.0437759
885,2.74878e+11,6.0437e+08,19608.3,38,11.9492,12,0.048035
886,1.09951e+12,1.26105e+09,18051.9,40,11.4072,12,0.0452664
887,5.49756e+11,1.13034e+09,7135.27,39,10.0781,8,0.042868
888,1.40737e+14,1.63849e+11,8693.38,47,10.3066,9,0.044046
889,1.37439e+11,4.95727e+08,15220.6,37,11.5225,11,0.0483105
890,5.49756e+11,6.2169e+08,8800.09,39,10.1104,9,0.0441898
891,3.43599e+10,9.42709e+07,13818,35,10.9053,11,0.0470059
892,2.19902e+12,2.25982e+09,11782.8,41,10.8252,10,0.0461338
893,1.09951e+12,1.11805e+09,12099.5,40,10.8652,10,0.0461969
894,2.19902e+12,3.95529e+09,17207.6,41,11.5303,12,0.0476361
895,1.09951e+12,1.16894e+09,6673.47,40,10.2744,8,0.0435943
896,4.39805e+12,5.10446e+09,11723.6,42,10.9902,10,0.0458134
897,6.87196e+10,1.48539e+08,17833.1,36,11.6934,12,0.0490063
898,2.81475e+14,2.76186e+11,16657.2,48,11.3174,12,0.0468883
899,1.09951e+12,2.3493e+09,25800.6,40,12.6816,13,0.0500145
900,4.39805e+12,9.08019e+09,26831.4,42,12.9639,13,0.0513185
901,3.51844e+13,6.99119e+10,38218.1,45,13.7773,14,0.0526955
902,4.39805e+12,7.35008e+09,55326.4,42,14.1064,15,0.0540497
903,2.19902e+12,5.47512e+09,55087.2,41,13.8936,15,0.052161
904,4.5036e+15,4.6962e+12,52884.6,52,14.2217,15,0.0539869
905,4.39805e+12,1.06054e+10,57360.3,42,14.3906,15,0.0535954
906,1.75922e+13,2.42591e+10,57000.5,44,14.415,15,0.0543603
907,7.03687e+13,1.05183e+11,55356.2,46,14.2715,15,0.0538723
908,8.79609e+12,1.31441e+10,26007.6,43,13.4521,13,0.0521611
909,3.51844e+13,4.00446e+10,36973.3,45,13.7393,14,0.0539086
910,2.19902e+12,7.30622e+09,10488.7,41,11.8105,10,0.0506492
911,2.19902e+12,3.55924e+09,26144.2,41,13.0283,13,0.0518642
912,5.6295e+14,5.55684e+11,35703,49,13.8711,14,0.0546359
913,1.75922e+13,1.9838e+10,23401.1,44,13.3779,13,0.0527313
914,4.39805e+12,1.21525e+10,55593.2,42,14.0254,15,0.0536133
915,1.75922e+13,3.32307e+10,89698.2,44,14.959,16,0.0560787
916,2.81475e+14,3.48544e+11,55504.6,48,14.3154,15,0.0543656
917,2.81475e+14,4.55802e+11,58008.1,48,14.9092,15,0.0566714
918,2.19902e+12,7.5502e+09,159067,41,15.1172,17,0.057053
919,1.40737e+14,2.85483e+11,92081.5,47,15.0479,16,0.0567798
920,5.6295e+14,5.5051e+11,91500.8,49,14.4727,16,0.0540194
921,1.75922e+13,2.67164e+10,57848.2,44,14.2783,15,0.0536772
922,1.09951e+12,2.24593e+09,57497,40,14.6348,15,0.056443
923,8.79609e+12,9.62462e+09,51782.8,43,14.0596,15,0.053462
924,8.79609e+12,2.41947e+10,53738.5,43,14.1211,15,0.0533572
925,3.51844e+13,3.56156e+10,38194.1,45,14.2744,14,0.054431
926,3.51844e+13,3.68632e+10,56578.2,45,14.748,15,0.0566656
927,8.79609e+12,1.37406e+10,94232.3,43,15.4502,16,0.0570446
928,7.03687e+13,1.02567e+11,91889.1,46,15.2129,16,0.0560171
929,3.51844e+13,4.30405e+10,92017.5,45,15.0859,16,0.0559664
930,7.03687e+13,7.22919e+10,90975.9,46,14.8887,16,0.056328
931,1.40737e+14,1.39577e+11,56177.1,47,14.5576,15,0.0563044
932,1.75922e+13,4.46373e+10,89423.8,44,14.8438,16,0.0555881
933,4.39805e+12,1.80024e+10,92399.4,42,15.1143,16,0.056843
934,1.75922e+13,3.34133e+10,57277.8,44,14.6455,15,0.0555861
935,8.79609e+12,1.35948e+10,91272.2,43,15.0225,16,0.0570307
936,1.1259e+15,1.24232e+12,161254,50,15.5,17,0.0580888
937,2.81475e+14,2.88892e+11,93484.8,48,15.5664,16,0.057414
938,8.79609e+12,1.99707e+10,54997,43,14.7969,15,0.0552402
939,1.75922e+13,4.54452e+10,161080,44,15.7549,17,0.0584522
940,8.79609e+12,1.90667e+10,93393.5,43,15.127,16,0.057434
941,3.51844e+13,3.98571e+10,161463,45,15.7441,17,0.0590183
942,5.6295e+14,5.88552e+11,94869.4,49,15.4248,16,0.0595128
943,2.81475e+14,3.50651e+11,296278,48,16.123,18,0.0610813
944,2.81475e+14,6.27706e+11,161739,48,15.9619,17,0.0592891
945,1.40737e+14,1.68375e+11,91953.3,47,15.2598,16,0.0579203
946,2.81475e+14,3.31236e+11,156533,48,15.6074,17,0.0579664
947,7.03687e+13,1.32316e+11,292458,46,16.0918,18,0.0594965
948,2.81475e+14,3.59658e+11,160515,48,15.5684,17,0.0583461
949,9.0072e+15,8.82207e+12,35675.8,53,14.5215,14,0.0559853
950,2.81475e+14,3.82117e+11,92932.1,48,15.3691,16,0.0576779
951,1.75922e+13,2.80055e+10,24212.2,44,13.3643,13,0.0533737
952,8.79609e+12,2.10906e+10,91760.2,43,15.0811,16,0.0593134
953,1.15292e+18,1.12843e+15,86658,60,15.209,16,0.058714
954,7.03687e+13,9.97141e+10,89423.8,46,15.2793,16,0.0597306
955,7.03687e+13,1.26921e+11,53675.9,46,14.707,15,0.0584499
956,5.6295e+14,7.68014e+11,55799,49,14.6387,15,0.0572668
957,5.6295e+14,6.50965e+11,38000.5,49,14.2041,14,0.0570988
958,7.03687e+13,7.78092e+10,22380,46,13.3057,13,0.0545982
959,1.75922e+13,2.61715e+10,37878.3,44,14.2598,14,0.0583685
960,8.79609e+12,2.65019e+10,34367.6,43,13.6416,14,0.0566548
961,1.40737e+14,3.173e+11,54173.5,47,14.376,15,0.0572296
962,2.19902e+12,1.13915e+10,54080.8,41,13.9248,15,0.0551771
963,7.03687e+13,1.32069e+11,92209,46,14.5059,16,0.0567646
964,7.03687e+13,7.42934e+10,55974.2,46,13.5947,15,0.0531412
965,1.75922e+13,6.09809e+10,53707.2,44,13.7236,15,0.0526185
966,1.75922e+13,3.1555e+10,89286,44,14.6279,16,0.0565356
967,1.1259e+15,1.15562e+12,92682.7,50,15.1318,16,0.0576728
968,1.1259e+15,1.12687e+12,89492.6,50,14.8506,16,0.0584908
969,5.76461e+17,5.63015e+14,161010,59,15.6533,17,0.0590025
970,7.03687e+13,1.21548e+11,295286,46,16.4707,18,0.0623094
971,5.6295e+14,9.92128e+11,162216,49,15.9727,17,0.0599184
972,2.19902e+12,1.50943e+10,93756.7,41,15.4902,16,0.0596175
973,2.81475e+14,3.07689e+11,291258,48,16.0889,18,0.0603493
974,1.75922e+13,2.59564e+10,162452,44,15.8701,17,0.0603851
975,2.2518e+15,2.21159e+12,90409.6,51,14.8398,16,0.0575417
976,1.1259e+15,1.11876e+12,92431,50,14.7295,16,0.0559067
977,2.2518e+15,3.32902e+12,93575.8,51,14.7607,16,0.0556221
978,3.60288e+16,3.52097e+13,56119.3,55,14.5957,15,0.055017
979,3.51844e+13,8.89275e+10,18984.1,45,13.2158,12,0.0501244
980,8.79609e+12,2.36038e+10,14467.6,43,12.4854,11,0.0479609
981,1.40737e+14,1.47228e+11,15169.8,47,12.8447,11,0.0484664
982,3.51844e+13,6.06438e+10,15169.8,45,12.5684,11,0.0469011
983,8.79609e+12,2.96755e+10,24011.8,43,13.0918,13,0.0492717
984,1.40737e+14,2.00709e+11,19469.9,47,13.1934,12,0.0504925
985,4.39805e+12,1.11003e+10,58349.6,42,14.4209,15,0.0548296
986,3.51844e+13,1.0172e+11,27173.2,45,14.207,13,0.0545303
987,4.5036e+15,5.06134e+12,92682.7,52,15.4609,16,0.0583514
988,3.60288e+16,3.75979e+13,161704,55,16.0752,17,0.0598748
989,9.22337e+18,9.02486e+15,88800,63,14.7168,16,0.0581714
990,4.5036e+15,4.66876e+12,161150,52,16.0342,17,0.060573
991,2.81475e+14,4.01896e+11,295975,48,16.4961,18,0.0623857
992,1.40737e+14,3.18201e+11,295555,47,16.6582,18,0.0619598
993,3.51844e+13,7.25233e+10,91760.2,45,15.2314,16,0.0571139
994,2.2518e+15,2.45945e+12,93025,51,15.9775,16,0.0601698
995,8.79609e+12,2.78401e+10,298754,43,16.9727,18,0.0631866
996,3.51844e+13,1.73386e+11,296766,45,16.625,18,0.0620132
997,1.40737e+14,3.04973e+11,160657,47,15.8291,17,0.0591362
998,1.40737e+14,4.76413e+11,293593,47,16.6436,18,0.0618
999,2.81475e+14,9.76103e+11,561096,48,17.2217,19,0.0640741
1000,1.1259e+15,2.15084e+12,294111,50,16.4307,18,0.0618056
1001,1.1259e+15,2.3735e+12,292663,50,16.5664,18,0.0628529
1002,1.1259e+15,1.41516e+12,295478,50,17.0977,18,0.0631685
1003,1.1259e+15,1.13979e+12,162485,50,16.2109,17,0.0606077
1004,1.1259e+15,2.4191e+12,163603,50,16.8584,17,0.0627842
1005,9.0072e+15,2.22013e+13,92462.6,53,15.5449,16,0.0597199
1006,4.5036e+15,7.11341e+12,157910,52,15.8203,17,0.0609288
1007,7.20576e+16,7.05616e+13,292376,56,16.3223,18,0.0616081
1008,2.81475e+14,7.26411e+11,297283,48,16.7109,18,0.0620816
1009,7.03687e+13,1.48899e+11,157759,46,15.7334,17,0.0592231
1010,3.60288e+16,3.57534e+13,557982,55,17.0117,19,0.0626232
1011,3.51844e+13,1.25182e+11,56832.5,45,15.0781,15,0.0579512
1012,2.2518e+15,2.83872e+12,157645,51,15.5488,17,0.0585981
1013,9.0072e+15,1.06464e+13,162686,53,16.752,17,0.0629199
1014,9.0072e+15,9.944e+12,1.08582e+06,53,17.9863,20,0.0665659
1015,7.20576e+16,7.88276e+13,1.09133e+06,56,18.8418,20,0.0685357
1016,9.0072e+15,1.08144e+13,2.14295e+06,53,19.1689,21,0.0692077
1017,2.2518e+15,3.08643e+12,2.1439e+06,51,19.084,21,0.069986
1018,7.20576e+16,7.57035e+13,1.09675e+06,56,19.1611,20,0.0698235
1019,4.5036e+15,1.12891e+13,1.09106e+06,52,18.6406,20,0.0673608
1020,5.6295e+14,1.24337e+12,1.09202e+06,49,18.7676,20,0.068643
1021,2.2518e+15,2.67129e+12,563868,51,18.5117,19,0.0671213
1022,1.80144e+16,1.87165e+13,2.14526e+06,54,19.7051,21,0.0709122
1023,2.2518e+15,3.42581e+12,2.143e+06,51,19.4404,21,0.0710694
1024,2.81475e+14,4.97114e+11,1.09232e+06,48,18.8682,20,0.0684669
1025,7.3787e+19,7.20935e+16,562300,66,17.8193,19,0.0643844
1026,5.76461e+17,6.03959e+14,1.08928e+06,59,18.4746,20,0.0669575
1027,9.22337e+18,9.02462e+15,2.14595e+06,63,19.5264,21,0.0719278
1028,1.80144e+16,2.17887e+13,2.14314e+06,54,19.0215,21,0.0704451
1029,9.0072e+15,2.37846e+13,2.14309e+06,53,18.9746,21,0.0695873
1030,5.6295e+14,1.16623e+12,2.14508e+06,49,19.0801,21,0.0713224
1031,7.20576e+16,7.40863e+13,1.09004e+06,56,18.7168,20,0.0700951
1032,9.0072e+15,1.60402e+13,2.14386e+06,53,19.4971,21,0.0714821
1033,3.60288e+16,5.35978e+13,1.08982e+06,55,18.4727,20,0.0679839
1034,7.20576e+16,7.7814e+13,2.13877e+06,56,18.9639,21,0.0704822
1035,2.2518e+15,4.74417e+12,2.143e+06,51,19.5332,21,0.0728379
1036,2.30584e+18,2.40387e+15,1.09317e+06,61,19.0752,20,0.0705116
1037,7.20576e+16,7.09508e+13,1.09317e+06,56,18.5977,20,0.0691608
1038,2.81475e+14,8.19141e+11,562667,48,18.0166,19,0.0661104
1039,9.0072e+15,1.44141e+13,559647,53,17.5156,19,0.0645519
1040,1.44115e+17,1.77732e+14,563947,57,18.29,19,0.0693637
1041,7.20576e+16,7.3702e+13,1.08677e+06,56,18.3701,20,0.0685394
1042,1.80144e+16,2.04424e+13,298998,54,18.5244,18,0.0667498
1043,9.0072e+15,1.37187e+13,297829,53,18.7305,18,0.0680044
1044,3.60288e+16,5.58827e+13,1.09202e+06,55,19.0889,20,0.0705919
1045,7.20576e+16,7.37854e+13,561847,56,18.293,19,0.0677303
1046,3.60288e+16,4.1948e+13,566156,55,18.4141,19,0.0696169
1047,7.20576e+16,1.20481e+14,1.09067e+06,56,18.8643,20,0.0716872
1048,2.2518e+15,5.83224e+12,562545,51,17.8887,19,0.0692455
1049,1.15292e+18,1.13775e+15,161773,60,16.5107,17,0.0662232
1050,1.80144e+16,6.04171e+13,56578.2,54,14.999,15,0.0620741
1051,3.60288e+16,3.8943e+13,158362,55,15.79,17,0.0636943
1052,2.2518e+15,7.4535e+12,552725,51,17.0615,19,0.0666291
1053,4.61169e+18,4.59718e+15,160122,62,16.2422,17,0.0640647
1054,2.81475e+14,6.27273e+11,295363,48,17.5977,18,0.0655011
1055,1.44115e+17,1.51343e+14,559518,57,17.8652,19,0.0675138
1056,2.2518e+15,4.95036e+12,161219,51,16.5635,17,0.06106
1057,1.44115e+17,1.7075e+14,157759,57,16.2744,17,0.0612033
1058,7.20576e+16,7.19163e+13,163050,56,16.5684,17,0.0643305
1059,5.6295e+14,2.29191e+12,295363,49,16.2695,18,0.0643207
1060,3.60288e+16,5.55896e+13,289003,55,16.3721,18,0.0649091
1061,3.60288e+16,5.53682e+13,291758,55,16.5459,18,0.0645583
1062,3.60288e+16,3.69582e+13,154560,55,15.7344,17,0.0628906
1063,1.44115e+17,1.43787e+14,53613.2,57,14.6533,15,0.061405
1064,3.60288e+16,4.48438e+13,293793,55,16.8584,18,0.0669581
1065,5.6295e+14,1.78896e+12,156880,49,15.3545,17,0.0628541
1066,1.44115e+17,1.5241e+14,292417,57,15.6191,18,0.0635057
1067,2.81475e+14,1.18066e+12,19147.9,48,13.8477,12,0.0580647
1068,4.5036e+15,8.75117e+12,55828.3,52,14.6699,15,0.0600914
1069,7.20576e+16,8.15982e+13,160194,56,15.873,17,0.0640239
1070,2.8823e+17,3.10444e+14,298824,58,17.4775,18,0.0688743
1071,1.44115e+17,1.4771e+14,560462,57,17.708,19,0.0691216
1072,9.0072e+15,1.23417e+13,296127,53,17.6953,18,0.0693061
1073,7.20576e+16,8.26537e+13,90510.2,56,15.5898,16,0.0640707
1074,5.6295e+14,1.13713e+12,160230,49,16.207,17,0.0639894
1075,4.5036e+15,6.92584e+12,89732.4,52,15.5146,16,0.0623473
1076,1.1259e+15,2.53667e+12,157683,50,16.3447,17,0.0637585
1077,5.6295e+14,1.78715e+12,294545,49,17.1006,18,0.0665751
1078,3.60288e+16,3.89198e+13,291133,55,16.9219,18,0.066093
1079,2.30584e+18,2.40683e+15,559344,61,17.7305,19,0.0699336
1080,1.44115e+17,1.62116e+14,160586,57,16.6426,17,0.0685677
1081,3.60288e+16,9.3842e+13,157188,55,15.96,17,0.066095
1082,1.44115e+17,1.68061e+14,38690.9,57,15.0938,14,0.0633323
1083,1.80144e+16,7.01762e+13,25379.5,54,14.3662,13,0.0610266
1084,9.0072e+15,9.98141e+12,54633.6,53,15.0449,15,0.0628371
1085,7.20576e+16,8.39128e+13,26700.9,56,14.417,13,0.0610307
1086,7.20576e+16,1.21027e+14,161704,56,16.8936,17,0.0666284
1087,7.20576e+16,9.28306e+13,559647,56,17.7559,19,0.0696492
1088,5.76461e+17,6.23625e+14,295053,59,16.7881,18,0.067015
1089,1.44115e+17,1.94873e+14,562829,57,18.0742,19,0.0711116
1090,1.80144e+16,2.81221e+13,299274,54,17.8057,18,0.0700976
1091,2.8823e+17,2.88622e+14,159616,58,16.5332,17,0.0656279
1092,9.0072e+15,1.1006e+13,297025,53,17.5547,18,0.068936
1093,2.81475e+14,1.0618e+12,561096,48,17.6875,19,0.0691533
1094,1.15292e+18,1.14522e+15,297829,60,16.9102,18,0.0665951
1095,2.2518e+15,2.84326e+12,56804.4,51,15.4746,15,0.0605267
1096,2.2518e+15,5.54216e+12,93179.2,51,15.6064,16,0.0604988
1097,9.0072e+15,9.74518e+12,36240.6,53,14.7744,14,0.0587815
1098,1.1259e+15,3.80374e+12,296013,50,17.7949,18,0.0693662
1099,1.44115e+17,1.42322e+14,561180,57,17.8125,19,0.0697888
1100,7.20576e+16,1.09275e+14,1.09004e+06,56,18.8965,20,0.0728509
1101,3.60288e+16,5.82004e+13,2.14222e+06,55,20.0596,21,0.0768619
1102,1.80144e+16,3.68383e+13,560674,54,18.3271,19,0.0725523
1103,1.88895e+22,1.84468e+19,296988,74,17.0234,18,0.0677816
1104,2.2518e+15,2.55365e+12,27003.5,51,14.3311,13,0.0601341
1105,7.20576e+16,1.53989e+14,294897,56,16.9883,18,0.0684658
1106,3.60288e+16,8.45825e+13,1.08715e+06,55,18.6445,20,0.072486
1107,5.76461e+17,6.04765e+14,158474,59,16.0732,17,0.0641508
1108,5.76461e+17,8.50212e+14,562708,59,18.5322,19,0.0720698
1109,5.6295e+14,1.47124e+12,162984,49,17.0742,17,0.0676756
1110,1.44115e+17,2.60946e+14,161910,57,16.8408,17,0.0667236
1111,3.60288e+16,4.11848e+13,158436,55,16.2773,17,0.0644563
1112,1.84467e+19,1.80383e+16,559257,64,18.3164,19,0.0714818
1113,5.76461e+17,5.66809e+14,1.08982e+06,59,18.5557,20,0.0723995
1114,9.0072e+15,1.49209e+13,159397,53,16.0762,17,0.066045
1115,3.60288e+16,4.23001e+13,296542,55,17.4307,18,0.0692961
1116,2.30584e+18,2.53965e+15,1.08729e+06,61,18.6279,20,0.0719659
1117,4.61169e+18,4.585e+15,558160,62,17.0117,19,0.0687328
1118,2.8823e+17,2.83282e+14,556408,58,17.0049,19,0.0673968
1119,1.44115e+17,1.4297e+14,558996,57,18.0713,19,0.0706253
1120,1.80144e+16,2.25302e+13,293992,54,16.917,18,0.0676891
1121,1.1259e+15,2.39961e+12,557670,50,16.8779,19,0.067915
1122,4.5036e+15,5.28899e+12,557312,52,17.1152,19,0.067728
1123,3.68935e+19,3.60792e+16,2.14178e+06,65,19.1924,21,0.074735
1124,7.20576e+16,1.08037e+14,1.08896e+06,56,18.875,20,0.0731259
1125,1.15292e+18,1.33372e+15,560928,60,18.6543,19,0.0729507
1126,1.80144e+16,3.41328e+13,1.08977e+06,54,19.1748,20,0.0745451
1127,7.20576e+16,1.05589e+14,561557,56,18.0801,19,0.0713684
1128,5.76461e+17,8.55257e+14,1.08586e+06,59,18.2061,20,0.0707036
1129,2.8823e+17,3.04642e+14,561930,58,18.8203,19,0.0725036
1130,2.2518e+15,6.21858e+12,1.08836e+06,51,18.8418,20,0.0732634
1131,9.0072e+15,1.76127e+13,560886,53,18.4209,19,0.0722763
1132,5.90296e+20,5.76477e+17,1.08629e+06,69,18.6104,20,0.0736218
1133,2.2518e+15,8.76361e+12,1.08986e+06,51,19.0527,20,0.0746553
1134,7.20576e+16,7.08961e+13,296354,56,17.7744,18,0.0702055
1135,2.2518e+15,8.71463e+12,561515,51,18.6221,19,0.0725468
1136,9.0072e+15,1.29616e+13,293713,53,17.1699,18,0.0676886
1137,1.1259e+15,2.65233e+12,558996,50,17.8389,19,0.0696167
1138,1.15292e+18,1.19903e+15,563071,60,18.6826,19,0.0725778
1139,1.1259e+15,3.08723e+12,562991,50,18.4473,19,0.0702225
1140,3.60288e+16,8.1666e+13,562218,55,18.7266,19,0.0692593
1141,2.2518e+15,4.94853e+12,561222,51,18.2402,19,0.0690371
1142,2.30584e+18,2.28782e+15,298963,61,18.1055,18,0.0687956
1143,3.60288e+16,4.54509e+13,1.08804e+06,55,18.915,20,0.0725295
1144,4.61169e+18,5.07319e+15,2.13494e+06,62,19.6309,21,0.0768757
1145,1.44115e+17,1.50375e+14,158993,57,15.6875,17,0.0647339
1146,1.80144e+16,2.82087e+13,2.14064e+06,54,19.5518,21,0.0754611
1147,5.6295e+14,1.39062e+12,558952,49,17.1992,19,0.0692352
1148,1.80144e+16,2.35316e+13,1.09027e+06,54,18.498,20,0.0726838
1149,5.6295e+14,1.20534e+12,1.08785e+06,49,18.2334,20,0.0711935
1150,2.2518e+15,4.16346e+12,2.1368e+06,51,18.5977,21,0.0740202
1151,2.36118e+21,2.30616e+18,1.09275e+06,71,19.2061,20,0.0757624
1152,2.2518e+15,7.49508e+12,2.13903e+06,51,18.793,21,0.0743219
1153,1.80144e+16,2.74808e+13,4.24142e+06,54,19.9209,22,0.0775612
1154,2.81475e+14,4.04278e+11,1.09168e+06,48,18.4678,20,0.0730871
1155,4.61169e+18,4.61498e+15,2.13564e+06,62,19.043,21,0.0762485
1156,1.44115e+17,1.49541e+14,4.23857e+06,57,20.2891,22,0.0792616
1157,2.8823e+17,8.7941e+14,2.14158e+06,58,19.3945,21,0.0768112
1158,3.60288e+16,6.86603e+13,4.23918e+06,55,19.6562,22,0.0780454
1159,4.5036e+15,6.09907e+12,1.09058e+06,52,18.3945,20,0.0739936
1160,3.60288e+16,5.132e+13,296429,55,16.9541,18,0.0697911
1161,9.0072e+15,1.66067e+13,559863,53,17.209,19,0.0700086
1162,1.80144e+16,2.06858e+13,15680.5,54,13.9531,11,0.0605179
1163,1.44115e+17,1.53214e+14,2.13478e+06,57,18.5693,21,0.0749946
1164,2.8823e+17,3.02927e+14,2.14324e+06,58,18.958,21,0.0766087
1165,1.80144e+16,3.90504e+13,2.14222e+06,54,19.0869,21,0.0768255
1166,7.20576e+16,1.72716e+14,1.09241e+06,56,18.8008,20,0.0765437
1167,1.80144e+16,3.34764e+13,1.08995e+06,54,18.9629,20,0.0758399
1168,9.0072e+15,2.54797e+13,2.14059e+06,53,18.6777,21,0.0749585
1169,4.61169e+18,4.53055e+15,2.13643e+06,62,18.5498,21,0.074806
1170,4.5036e+15,1.31984e+13,1.09211e+06,52,18.5449,20,0.0754214
1171,4.5036e+15,1.13243e+13,2.14352e+06,52,18.9912,21,0.075912
1172,5.76461e+17,6.03466e+14,4.24158e+06,59,19.8916,22,0.0785429
1173,4.5036e+15,8.3638e+12,2.1439e+06,52,19.6514,21,0.0784631
1174,1.44115e+17,2.33435e+14,1.08743e+06,57,18.416,20,0.0745727
1175,2.30584e+18,2.36275e+15,4.24233e+06,61,20.3135,22,0.080632
1176,4.5036e+15,6.42659e+12,2.14428e+06,52,19.334,21,0.0774124
1177,3.60288e+16,5.57966e+13,1.08504e+06,55,18.6201,20,0.0751513
1178,1.1259e+15,3.05388e+12,563710,50,18.4102,19,0.0734369
1179,3.60288e+16,5.63166e+13,2.13994e+06,55,19.9375,21,0.0793706
1180,5.76461e+17,6.09688e+14,4.23979e+06,59,20.4639,22,0.0806571
1181,2.8823e+17,3.1966e+14,1.09194e+06,58,18.791,20,0.0747886
1182,1.44115e+17,2.93249e+14,295555,57,17.4463,18,0.0718449
1183,3.60288e+16,4.17929e+13,562504,55,18.126,19,0.073627
1184,9.0072e+15,1.13698e+13,298684,53,17.5195,18,0.0718629
1185,9.0072e+15,1.3434e+13,1.09093e+06,53,18.8701,20,0.0756463
1186,5.6295e+14,1.43056e+12,2.14498e+06,49,19.375,21,0.079053
1187,1.44115e+17,1.46702e+14,4.24006e+06,57,20.3291,22,0.0834127
1188,1.44115e+17,1.53354e+14,4.24786e+06,57,20.5898,22,0.0803215
1189,9.0072e+15,1.31768e+13,4.23929e+06,53,20.2422,22,0.0800162
1190,4.61169e+18,4.54232e+15,4.24597e+06,62,21.1367,22,0.0826293
1191,1.80144e+16,3.02707e+13,8.44043e+06,54,20.9541,23,0.0821357
1192,1.80144e+16,4.16283e+13,4.24365e+06,54,20.8252,22,0.0818215
1193,1.80144e+16,2.17612e+13,8.43764e+06,54,20.8896,23,0.0809482
1194,3.60288e+16,4.4588e+13,1.09049e+06,55,18.5879,20,0.0757465
1195,9.0072e+15,1.30548e+13,4.24223e+06,53,20.1436,22,0.0787182
1196,5.76461e+17,5.69107e+14,1.09004e+06,59,18.9482,20,0.0758093
1197,1.1259e+15,2.76861e+12,4.23354e+06,50,19.4355,22,0.0763824
1198,3.60288e+16,3.80247e+13,2.14084e+06,55,19.4854,21,0.0770538
1199,2.8823e+17,2.85213e+14,1.08582e+06,58,18.3037,20,0.0736353
1200,2.30584e+18,2.25316e+15,2.13856e+06,61,19.4385,21,0.0753038
1201,1.44115e+17,1.72894e+14,2.14414e+06,57,19.8584,21,0.0773151
1202,1.80144e+16,2.05468e+13,2.14475e+06,54,19.9297,21,0.0773502
1203,1.40737e+14,4.82533e+11,4.23885e+06,47,20.1611,22,0.0777406
1204,4.5036e+15,9.93536e+12,4.24033e+06,52,20.043,22,0.0774735
1205,4.5036e+15,1.10726e+13,1.09181e+06,52,19.0322,20,0.0737033
1206,9.0072e+15,1.02408e+13,1.08859e+06,53,18.9619,20,0.0735008
1207,4.61169e+18,4.50945e+15,1.09181e+06,62,19.1299,20,0.0755295
1208,4.5036e+15,1.38021e+13,2.14328e+06,52,19.5029,21,0.0767967
1209,5.6295e+14,1.12905e+12,2.14024e+06,49,19.3438,21,0.0755043
1210,7.3787e+19,7.20972e+16,1.08724e+06,66,18.0303,20,0.0722051
1211,1.80144e+16,2.33747e+13,1.09146e+06,54,18.4561,20,0.0746047
1212,1.44115e+17,1.48244e+14,1.08524e+06,57,17.5918,20,0.070966
1213,2.8823e+17,4.3152e+14,1.08203e+06,58,17.1982,20,0.0697386
1214,1.40737e+14,4.50773e+11,1.08178e+06,47,17.9287,20,0.0717875
1215,7.20576e+16,7.98509e+13,555906,56,17,19,0.0693271
1216,9.0072e+15,1.52732e+13,1.08682e+06,53,18.2852,20,0.0726233
1217,1.80144e+16,1.90335e+13,560035,54,17.3301,19,0.0694852
1218,7.20576e+16,8.10855e+13,1.0847e+06,56,17.9512,20,0.0716419
1219,7.20576e+16,8.60753e+13,297099,56,16.8096,18,0.0679852
1220,1.44115e+17,1.79388e+14,1.09254e+06,57,18.9834,20,0.0751055
1221,7.20576e+16,9.80318e+13,2.13892e+06,56,19.3633,21,0.0774919
1222,1.44115e+17,1.44583e+14,1.08157e+06,57,18.8896,20,0.0754488
1223,3.60288e+16,4.18095e+13,2.14508e+06,55,19.7402,21,0.0786862
1224,3.60288e+16,5.6351e+13,4.24044e+06,55,20.3164,22,0.0809672
1225,7.20576e+16,7.45414e+13,2.1448e+06,56,19.8281,21,0.0789772
1226,2.81475e+14,1.28626e+12,2.14442e+06,48,19.9404,21,0.0797905
1227,3.60288e+16,5.24122e+13,2.13789e+06,55,18.9482,21,0.0768555
1228,7.20576e+16,7.17961e+13,2.1382e+06,56,19.334,21,0.0779351
1229,2.2518e+15,7.63057e+12,2.14124e+06,51,19.0068,21,0.0777702
1230,1.80144e+16,2.24537e+13,561306,54,18.208,19,0.0747567
1231,4.72237e+21,4.61411e+18,2.14456e+06,72,20.2197,21,0.081077
1232,1.1259e+15,3.26323e+12,4.23716e+06,50,20.4492,22,0.0802933
1233,1.80144e+16,3.40926e+13,4.24153e+06,54,20.4971,22,0.0813106
1234,9.0072e+15,9.38576e+12,4.23874e+06,53,20.1719,22,0.0802458
1235,1.15292e+18,1.26964e+15,2.14371e+06,60,20.3203,21,0.0808074
1236,1.15292e+18,1.13595e+15,1.09321e+06,60,19.4639,20,0.0764403
1237,9.22337e+18,9.47403e+15,1.08729e+06,63,19.3174,20,0.0766729
1238,9.0072e+15,2.16243e+13,1.08729e+06,53,19.7568,20,0.0791733
1239,5.76461e+17,5.70574e+14,564182,59,18.8564,19,0.0770755
1240,2.2518e+15,3.85633e+12,563432,51,18.752,19,0.076057
1241,3.60288e+16,5.16667e+13,1.08977e+06,55,19.041,20,0.0781463
1242,3.60288e+16,6.06541e+13,1.08905e+06,55,19.4102,20,0.0800659
1243,3.60288e+16,5.46326e+13,1.09013e+06,55,19.2783,20,0.0792585
1244,1.15292e+18,1.31128e+15,2.14212e+06,60,20.0254,21,0.0820899
1245,3.60288e+16,5.6602e+13,4.23637e+06,55,20.0957,22,0.0818221
1246,1.80144e+16,3.74729e+13,4.24339e+06,54,20.8545,22,0.0848333
1247,4.5036e+15,9.48747e+12,2.13805e+06,52,19.2725,21,0.0791269
1248,9.0072e+15,1.15641e+13,1.09045e+06,53,19.2881,20,0.0798548
1249,1.1259e+15,6.04762e+12,4.23984e+06,50,20.2188,22,0.0828121
1250,7.20576e+16,1.16196e+14,2.14461e+06,56,20.5312,21,0.0830603
1251,1.80144e+16,3.98751e+13,4.24055e+06,54,20.6807,22,0.0836473
1252,1.84467e+19,2.09992e+16,8.44203e+06,64,21.9922,23,0.0878379
1253,2.30584e+18,2.58278e+15,1.08941e+06,61,19.3887,20,0.08032
1254,9.0072e+15,1.62302e+13,1.08719e+06,53,19.5908,20,0.0811161
1255,9.0072e+15,2.91304e+13,2.14089e+06,53,20.1484,21,0.0829099
1256,1.80144e+16,6.35293e+13,2.13989e+06,54,19.7842,21,0.0819586
1257,4.61169e+18,4.64972e+15,2.13685e+06,62,19.7891,21,0.0807784
1258,1.15292e+18,1.14339e+15,292006,60,18.3721,18,0.0770128
1259,7.20576e+16,1.16637e+14,1.08959e+06,56,20.0371,20,0.0822991
1260,3.60288e+16,5.17485e+13,2.14522e+06,55,20.7256,21,0.0853209
1261,3.60288e+16,6.48035e+13,2.14014e+06,55,20.9189,21,0.0849409
1262,5.76461e+17,1.20554e+15,4.23488e+06,59,20.6729,22,0.0841446
1263,1.44115e+17,6.1133e+14,1.09089e+06,57,19.9014,20,0.0820106
1264,2.8823e+17,6.90124e+14,2.14074e+06,58,20.5684,21,0.0838791
1265,2.30584e+18,2.87704e+15,2.13974e+06,61,20.3799,21,0.0843647
1266,2.2518e+15,4.77169e+12,2.14119e+06,51,20.1582,21,0.083134
1267,4.61169e+18,4.55984e+15,565411,62,19.1416,19,0.0800012
1268,2.30584e+18,2.34203e+15,1.08817e+06,61,19.5186,20,0.0811665
1269,2.8823e+17,3.73005e+14,287339,58,17.7744,18,0.0761517
1270,1.1259e+15,4.40124e+12,557626,50,18.5186,19,0.0768076
1271,5.90296e+20,5.7795e+17,159725,69,16.9902,17,0.0711377
1272,7.20576e+16,1.0718e+14,50078.1,56,15.5684,15,0.0684903
1273,9.0072e+15,1.57866e+13,88343.9,53,16.0176,16,0.0695402
1274,1.80144e+16,2.97414e+13,560759,54,18.4287,19,0.0761362
1275,1.44115e+17,1.59153e+14,158324,57,16.5566,17,0.0702345
1276,5.76461e+17,5.74202e+14,54419.7,59,15.8125,15,0.0681616
1277,5.76461e+17,6.00443e+14,559257,59,17.7178,19,0.0748064
1278,2.8823e+17,3.27482e+14,559474,58,18.2051,19,0.0754361
1279,1.44115e+17,2.2213e+14,1.08533e+06,57,18.9658,20,0.0772954
1280,2.2518e+15,4.18873e+12,295594,51,17.293,18,0.0715179
1281,4.5036e+15,9.32319e+12,295053,52,17.251,18,0.0709969
1282,9.0072e+15,1.07006e+13,295747,53,17.3447,18,0.0718519
1283,9.0072e+15,1.33906e+13,557760,53,17.9863,19,0.073327
1284,7.20576e+16,1.47424e+14,562218,56,18.5752,19,0.0749052
1285,2.8823e+17,2.94858e+14,554191,58,18.2236,19,0.074173
1286,1.44115e+17,1.7946e+14,295363,57,17.3799,18,0.0708135
1287,4.5036e+15,1.66058e+13,561971,52,18.4824,19,0.0758094
1288,3.60288e+16,5.53783e+13,159942,55,16.7256,17,0.070667
1289,3.60288e+16,3.89402e+13,553011,55,17.6914,19,0.0736461
1290,5.76461e+17,6.16387e+14,561847,59,18.8145,19,0.0771112
1291,1.15292e+18,1.16268e+15,292171,60,16.9873,18,0.0709886
1292,2.8823e+17,6.12335e+14,564416,58,18.166,19,0.0744647
1293,1.44115e+17,4.5667e+14,564802,57,18.4473,19,0.0757085
1294,1.15292e+18,1.43634e+15,296089,60,18.0586,18,0.0736182
1295,2.8823e+17,3.27705e+14,563192,58,18.5039,19,0.0759251
1296,3.60288e+16,1.64422e+14,1.08923e+06,55,19.6631,20,0.0808463
1297,2.2518e+15,1.09027e+13,1.0861e+06,51,18.6875,20,0.0761216
1298,1.84467e+19,1.80828e+16,1.08132e+06,64,19.0361,20,0.0772907
1299,1.80144e+16,2.07634e+13,1.08766e+06,54,18.2471,20,0.0742057
1300,7.20576e+16,1.93958e+14,559257,56,17.9951,19,0.0741901
1301,1.84467e+19,1.80365e+16,564764,64,18.6338,19,0.0759929
1302,3.60288e+16,6.62246e+13,1.09176e+06,55,19.3965,20,0.0784296
1303,1.84467e+19,2.47765e+16,556454,64,17.8828,19,0.07377
1304,1.44115e+17,1.45798e+14,564104,57,18.208,19,0.0746253
1305,7.3787e+19,7.22197e+16,295823,66,17.7432,18,0.0730415
1306,9.0072e+15,1.23402e+13,565712,53,18.3154,19,0.0742096
1307,1.44115e+17,1.72892e+14,295823,57,17.3398,18,0.0703934
1308,1.44115e+17,1.53197e+14,293952,57,16.8955,18,0.0693791
1309,3.60288e+16,4.13995e+13,295823,55,17.6221,18,0.0725819
1310,5.6295e+14,1.97399e+12,295053,49,17.6855,18,0.0726693
1311,2.30584e+18,2.39933e+15,290712,61,16.4023,18,0.068806
1312,9.22337e+18,9.3186e+15,1.08548e+06,63,18.7295,20,0.0761419
1313,2.8823e+17,2.85801e+14,2.13706e+06,58,19.0664,21,0.0745401
1314,1.15292e+18,1.14013e+15,2.13974e+06,60,19.6602,21,0.0760164
1315,4.5036e+15,1.00706e+13,1.08475e+06,52,18.3867,20,0.0734852
1316,1.44115e+17,3.45849e+14,562910,57,18.8076,19,0.0733488
1317,7.20576e+16,1.03848e+14,1.0849e+06,56,18.7344,20,0.0734961
1318,3.60288e+16,4.91954e+13,563908,55,18.5576,19,0.0727219
1319,1.1259e+15,2.38218e+12,1.08601e+06,50,18.3994,20,0.0706485
1320,9.0072e+15,1.96982e+13,296728,53,17.5898,18,0.0691342
1321,9.22337e+18,9.37283e+15,564026,63,18.8477,19,0.0729915
1322,2.8823e+17,3.74453e+14,1.08495e+06,58,18.9834,20,0.0725192
1323,4.8357e+24,4.72237e+21,1.09076e+06,82,19.6543,20,0.074711
1324,2.30584e+18,2.92944e+15,4.24207e+06,61,20.7773,22,0.081106
1325,7.20576e+16,1.83976e+14,4.23968e+06,56,20.6514,22,0.0799709
1326,1.44115e+17,2.06486e+14,4.24672e+06,57,20.9668,22,0.0824559
1327,5.76461e+17,8.51903e+14,4.24839e+06,59,21.3652,22,0.083936
1328,2.8823e+17,4.949e+14,4.22803e+06,58,20.291,22,0.080903
1329,2.30584e+18,2.98899e+15,561806,61,19.3232,19,0.0762126
1330,1.44115e+17,1.94472e+14,2.14324e+06,57,19.9072,21,0.080243
1331,2.30584e+18,2.36141e+15,2.13706e+06,61,19.7041,21,0.0775955
1332,1.44115e+17,2.2989e+14,4.24423e+06,57,20.4971,22,0.0796416
1333,7.20576e+16,1.16319e+14,2.13964e+06,56,20.1182,21,0.0781577
1334,5.76461e+17,6.75833e+14,2.14237e+06,59,20.0703,21,0.0795657
1335,1.15292e+18,1.26747e+15,8.44457e+06,60,21.6689,23,0.0841281
1336,9.22337e+18,1.00358e+16,4.24612e+06,63,21.4131,22,0.0830516
1337,4.61169e+18,4.52537e+15,1.68344e+07,62,22.2725,24,0.0866266
1338,1.44115e+17,3.93119e+14,2.14409e+06,57,20.4082,21,0.0807063
1339,5.76461e+17,6.26522e+14,8.44157e+06,59,21.2744,23,0.0828682
1340,3.60288e+16,1.23866e+14,4.24485e+06,55,20.8535,22,0.0830933
1341,1.15292e+18,1.2457e+15,4.23722e+06,60,20.5332,22,0.0820988
1342,1.15292e+18,1.72181e+15,1.68303e+07,60,21.7461,24,0.0857826
1343,4.61169e+18,4.84046e+15,8.44359e+06,62,21.4219,23,0.0845024
1344,3.68935e+19,3.76659e+16,1.6836e+07,65,22.3398,24,0.0857749
1345,7.20576e+16,2.08314e+14,3.36149e+07,56,22.5332,25,0.0873026
1346,4.5036e+15,1.88896e+13,1.6837e+07,52,22.8428,24,0.0881858
1347,1.15292e+18,1.35936e+15,4.24334e+06,60,20.8994,22,0.0824552
1348,3.60288e+16,1.82621e+14,1.68302e+07,55,22.4131,24,0.0865805
1349,3.60288e+16,1.06543e+14,8.44353e+06,55,21.626,23,0.0839623
1350,2.30584e+18,2.71389e+15,8.4387e+06,61,21.4473,23,0.0834548
1351,2.8823e+17,7.95042e+14,8.44089e+06,58,21.4111,23,0.0828154
1352,3.60288e+16,8.03126e+13,1.68352e+07,55,22.3809,24,0.0863922
1353,3.68935e+19,3.7309e+16,8.4414e+06,65,21.2295,23,0.0822406
1354,2.8823e+17,3.19387e+14,8.44651e+06,58,21.7236,23,0.0847617
1355,1.15292e+18,1.1665e+15,1.68377e+07,60,22.1426,24,0.0865107
1356,9.22337e+18,9.65998e+15,1.68401e+07,63,22.5371,24,0.0892912
1357,1.88895e+22,1.84482e+19,8.44452e+06,74,21.7441,23,0.084874
1358,1.44115e+17,1.47794e+14,1.68354e+07,57,22.6484,24,0.0873694
1359,7.20576e+16,1.07434e+14,8.43916e+06,56,22.1094,23,0.0867316
1360,3.60288e+16,5.24949e+13,8.44152e+06,55,21.8604,23,0.0849554
1361,3.60288e+16,5.15973e+13,8.43893e+06,55,21.3564,23,0.0863884
1362,1.15292e+18,1.1994e+15,1.68251e+07,60,21.8477,24,0.0879777
1363,1.80144e+16,3.35651e+13,8.43403e+06,54,21.29,23,0.0844466
1364,2.30584e+18,3.40315e+15,8.43758e+06,61,21.5078,23,0.0842841
1365,2.2518e+15,8.75919e+12,8.43846e+06,51,20.957,23,0.0827209
1366,7.20576e+16,1.36912e+14,4.24292e+06,56,20.5518,22,0.0812029
1367,1.44115e+17,1.51464e+14,4.23464e+06,57,20.3359,22,0.0808828
1368,1.15292e+18,1.25536e+15,8.44603e+06,60,22.292,23,0.0865394
1369,3.60288e+16,9.60324e+13,4.24292e+06,55,21.0039,22,0.0829269
1370,3.60288e+16,7.91375e+13,4.24546e+06,55,21.1025,22,0.0836695
1371,9.22337e+18,1.47795e+16,4.24223e+06,63,21.0938,22,0.0834628
1372,7.20576e+16,8.07506e+13,4.24712e+06,56,20.4727,22,0.0827495
1373,7.20576e+16,8.4525e+13,561806,56,18.1455,19,0.0742801
1374,1.15292e+18,1.44298e+15,4.24302e+06,60,20.3311,22,0.0811375
1375,7.20576e+16,1.09497e+14,4.24672e+06,56,20.875,22,0.0827499
1376,1.44115e+17,1.82266e+14,2.13989e+06,57,19.5713,21,0.0785954
1377,5.90296e+20,6.1255e+17,8.44248e+06,69,22.0029,23,0.0862552
1378,3.60288e+16,5.31929e+13,3.36139e+07,55,22.9395,25,0.08907
1379,2.8823e+17,4.11173e+14,4.24088e+06,58,20.417,22,0.0806889
1380,3.60288e+16,6.18774e+13,8.44015e+06,55,21.5371,23,0.0849909
1381,2.30584e+18,2.3058e+15,8.43704e+06,61,21.4727,23,0.0842362
1382,5.76461e+17,1.24655e+15,1.68218e+07,59,21.8018,24,0.0857587
1383,3.60288e+16,9.42897e+13,4.24485e+06,55,21.0654,22,0.0827291
1384,3.60288e+16,6.0721e+13,8.44392e+06,55,21.4492,23,0.0851776
1385,2.8823e+17,4.00569e+14,8.4414e+06,58,21.4609,23,0.0848263
1386,2.8823e+17,3.03335e+14,8.44163e+06,58,21.3447,23,0.0834557
1387,1.15292e+18,1.29121e+15,1.68253e+07,60,22.3467,24,0.0864594
1388,1.80144e+16,2.46042e+13,4.24607e+06,54,21.5186,22,0.0831513
1389,2.8823e+17,3.7179e+14,4.24386e+06,58,20.4404,22,0.0799878
1390,1.80144e+16,5.12362e+13,2.14039e+06,54,20.209,21,0.0789061
1391,2.8823e+17,3.31228e+14,2.13856e+06,58,19.7773,21,0.0779597
1392,9.22337e+18,1.04271e+16,2.14198e+06,63,20.5107,21,0.0796116
1393,3.60288e+16,9.65282e+13,8.44253e+06,55,22.2051,23,0.0856981
1394,3.60288e+16,8.09525e+13,4.24561e+06,55,21.8105,22,0.0836601
1395,5.76461e+17,6.11119e+14,4.24244e+06,59,21.2852,22,0.0825979
1396,3.60288e+16,3.74555e+13,4.24572e+06,55,21.0723,22,0.0811558
1397,1.15292e+18,1.19556e+15,4.24131e+06,60,21.2998,22,0.0826196
1398,5.76461e+17,6.47879e+14,4.23829e+06,59,20.6064,22,0.0789917
1399,9.0072e+15,1.61966e+13,8.43899e+06,53,21.6582,23,0.0824888
1400,3.60288e+16,5.90484e+13,4.23912e+06,55,20.8291,22,0.0802278
1401,2.8823e+17,2.98085e+14,4.24433e+06,58,21.1943,22,0.0813999
1402,5.76461e+17,5.72807e+14,1.0908e+06,59,20.252,20,0.0769534
1403,9.0072e+15,1.31747e+13,4.24423e+06,53,21.3516,22,0.0814587
1404,7.20576e+16,1.52468e+14,4.24376e+06,56,21.4561,22,0.0831848
1405,9.22337e+18,1.35694e+16,8.44015e+06,63,21.8467,23,0.083384
1406,1.15292e+18,1.47874e+15,8.43567e+06,60,21.7842,23,0.0837185
1407,1.80144e+16,4.3368e+13,4.24727e+06,54,21.4561,22,0.0814934
1408,4.61169e+18,5.08266e+15,4.24023e+06,62,20.7207,22,0.0795693
1409,1.15292e+18,1.12934e+15,2.14222e+06,60,20.3369,21,0.0781758
1410,1.44115e+17,1.97923e+14,4.24602e+06,57,20.8652,22,0.0808062
1411,5.76461e+17,5.6957e+14,1.09392e+06,59,19.9541,20,0.0780914
1412,1.1259e+15,3.89325e+12,4.24072e+06,50,20.8506,22,0.0797938
1413,3.60288e+16,7.77306e+13,2.14059e+06,55,20.0195,21,0.0771584
1414,9.0072e+15,1.19575e+13,2.14475e+06,53,20.1582,21,0.0781202
1415,4.5036e+15,8.22522e+12,4.23722e+06,52,20.2627,22,0.0795915
1416,1.44115e+17,1.62401e+14,4.23979e+06,57,20.5273,22,0.0790413
1417,3.60288e+16,3.82944e+13,8.43704e+06,55,20.5371,23,0.0793948
1418,5.6295e+14,9.59611e+11,8.44667e+06,49,21.1387,23,0.081548
1419,1.1259e+15,3.70553e+12,2.14423e+06,50,19.9307,21,0.0777654
1420,2.30584e+18,2.27699e+15,4.23756e+06,61,20.2637,22,0.0811167
1421,7.20576e+16,8.95581e+13,2.13743e+06,56,19.4521,21,0.0775328
1422,1.80144e+16,2.23423e+13,4.23677e+06,54,20.0908,22,0.0796855
1423,3.60288e+16,5.83992e+13,4.24072e+06,55,20.584,22,0.0809505
1424,9.0072e+15,1.24781e+13,4.24255e+06,53,20.6973,22,0.08145
1425,1.44115e+17,1.74848e+14,2.14144e+06,57,20.2266,21,0.0796516
1426,1.1259e+15,4.16729e+12,2.14595e+06,50,20.3418,21,0.0790777
1427,2.8823e+17,2.84589e+14,2.14531e+06,58,19.8545,21,0.0771066
1428,7.20576e+16,8.40482e+13,4.23923e+06,56,20.6045,22,0.0801335
1429,3.60288e+16,7.31185e+13,4.23823e+06,55,20.4619,22,0.0797652
1430,4.5036e+15,1.83857e+13,8.43494e+06,52,21.4697,23,0.0834654
1431,1.80144e+16,2.77344e+13,2.14158e+06,54,19.9014,21,0.0778848
1432,1.80144e+16,2.31294e+13,2.14738e+06,54,20.4756,21,0.0799929
1433,2.8823e+17,2.85861e+14,2.14484e+06,58,20.3418,21,0.0804205
1434,2.30584e+18,2.25835e+15,2.14129e+06,61,20.2148,21,0.0797234
1435,4.5036e+15,9.78453e+12,2.14716e+06,52,20.0557,21,0.0794247
1436,3.60288e+16,5.25202e+13,2.14433e+06,55,20.3936,21,0.0808748
1437,2.2518e+15,5.80707e+12,2.13553e+06,51,19.5312,21,0.0793618
1438,3.60288e+16,4.31594e+13,2.14222e+06,55,20.4395,21,0.081474
1439,4.5036e+15,1.22365e+13,2.13882e+06,52,19.7588,21,0.0799381
1440,7.20576e+16,7.32928e+13,2.14034e+06,56,19.4521,21,0.0780704
1441,7.20576e+16,8.73512e+13,2.14338e+06,56,20.04,21,0.0804152
1442,2.81475e+14,9.29181e+11,1.08799e+06,48,18.1582,20,0.0746356
1443,1.80144e+16,2.77075e+13,560970,54,17.2246,19,0.0703138
1444,5.76461e+17,5.66551e+14,1.08941e+06,59,18.1387,20,0.0737095
1445,4.5036e+15,8.1968e+12,552391,52,17.9414,19,0.0726884
1446,4.5036e+15,1.45762e+13,290965,52,17.2832,18,0.0712537
1447,1.1259e+15,3.88438e+12,295709,50,16.96,18,0.0702186
1448,9.0072e+15,1.29047e+13,558248,53,17.8115,19,0.0722666
1449,4.5036e+15,7.47631e+12,297099,52,17.7568,18,0.0723174
1450,1.44115e+17,2.01489e+14,294190,57,17.6943,18,0.0737228
1451,1.80144e+16,2.49573e+13,294348,54,17.4844,18,0.0713773
1452,4.5036e+15,1.50727e+13,2.13564e+06,52,19.4814,21,0.0773366
1453,4.5036e+15,7.25898e+12,1.09309e+06,52,19.3389,20,0.0768688
1454,5.76461e+17,5.88642e+14,1.08877e+06,59,19.2158,20,0.0776882
1455,2.2518e+15,4.91819e+12,4.23973e+06,51,20.7275,22,0.0818825
1456,1.15292e+18,1.13181e+15,1.08836e+06,60,19.4473,20,0.0778542
1457,2.2518e+15,3.22037e+12,296203,51,17.7207,18,0.0710676
1458,3.60288e+16,6.29931e+13,55057.2,55,16.1143,15,0.0660095
1459,1.44115e+17,2.47119e+14,1.08955e+06,57,19.4531,20,0.0784737
1460,1.15292e+18,1.13195e+15,1.09115e+06,60,19.7158,20,0.0806683
1461,7.20576e+16,1.11837e+14,1.09163e+06,56,19.709,20,0.0798722
1462,5.76461e+17,6.90662e+14,1.08918e+06,59,19.5039,20,0.0788235
1463,1.44115e+17,1.46766e+14,2.14079e+06,57,20.0342,21,0.0804964
1464,1.15292e+18,1.25609e+15,2.14304e+06,60,20.0459,21,0.0808925
1465,5.76461e+17,6.76233e+14,4.23665e+06,59,20.2207,22,0.0818178
1466,1.44115e+17,4.09485e+14,2.14153e+06,57,19.9004,21,0.081061
1467,1.15292e+18,1.87236e+15,4.23677e+06,60,20.5547,22,0.0829033
1468,2.8823e+17,5.10335e+14,1.08705e+06,58,19.4756,20,0.0799962
1469,9.0072e+15,2.00404e+13,297099,53,17.5703,18,0.072966
1470,1.44115e+17,2.27389e+14,561515,57,18.6982,19,0.0766172
1471,2.30584e+18,2.40485e+15,550942,61,18.5898,19,0.0759186
1472,2.95148e+20,2.88252e+17,2.14109e+06,68,20.4082,21,0.0810683
1473,3.60288e+16,7.29522e+13,2.1429e+06,55,20.752,21,0.0814791
1474,4.61169e+18,4.53358e+15,2.14242e+06,62,20.4814,21,0.0811845
1475,1.15292e+18,1.21192e+15,1.08822e+06,60,19.7773,20,0.078129
1476,1.44115e+17,1.55517e+14,4.23951e+06,57,21.1582,22,0.0837363
1477,3.60288e+16,6.19908e+13,2.14198e+06,55,20.6826,21,0.0809348
1478,1.15292e+18,1.14427e+15,553910,60,18.1855,19,0.0744329
1479,7.20576e+16,1.11521e+14,1.09194e+06,56,19.9873,20,0.0785763
1480,7.20576e+16,9.87066e+13,2.13846e+06,56,20.1426,21,0.0788963
1481,2.8823e+17,8.70738e+14,2.14029e+06,58,20.6064,21,0.081084
1482,2.95148e+20,2.88563e+17,2.13979e+06,68,20.3193,21,0.0793731
1483,1.15292e+18,1.2618e+15,2.13928e+06,60,20.5439,21,0.0800729
1484,1.47574e+20,1.44216e+17,4.24402e+06,67,21.6973,22,0.0849477
1485,7.20576e+16,2.33747e+14,4.24093e+06,56,21.5781,22,0.0867555
1486,4.61169e+18,5.09231e+15,4.2394e+06,62,21.293,22,0.0860883
1487,2.8823e+17,3.42416e+14,2.14173e+06,58,20.8291,21,0.0844733
1488,1.15292e+18,1.20771e+15,2.14124e+06,60,21.3818,21,0.0870842
1489,7.20576e+16,1.29624e+14,2.14149e+06,56,20.9326,21,0.0847816
1490,1.44115e+17,4.78324e+14,4.2451e+06,57,21.6719,22,0.088595
1491,2.8823e+17,4.21962e+14,2.14144e+06,58,20.5898,21,0.0837261
1492,4.5036e+15,1.34229e+13,2.14129e+06,52,20.7822,21,0.0862513
1493,1.15292e+18,1.42304e+15,562586,60,19.4326,19,0.0810472
1494,9.22337e+18,9.67162e+15,1.0885e+06,63,20.1201,20,0.0855492
1495,2.8823e+17,3.51025e+14,561806,58,19.3994,19,0.0845639
1496,7.20576e+16,8.96773e+13,554004,56,18.498,19,0.0798339
1497,3.68935e+19,9.02464e+16,293271,65,18.7227,18,0.0812339
1498,1.15292e+18,1.54327e+15,1.08701e+06,60,19.7715,20,0.085425
1499,4.61169e+18,4.71504e+15,2.13e+06,62,21.1455,21,0.091436
