85.3879
0,434.954,8.01063,4,2,0.0351562,0,0.00451001
1,435.151,10.8527,4,2,0.0576172,0,0.00435943
2,435.149,10.2845,5,2,0.0488281,0,0.00422744
3,111.425,9.80441,5,1,0.0507812,0,0.0042479
4,435.149,9.79203,5,2,0.0439453,0,0.00426685
5,435.053,9.06556,4,2,0.0419922,0,0.00424965
6,1008.92,10.3179,5,3,0.0439453,0,0.00429665
7,435.053,10.8395,5,2,0.0566406,0,0.00430108
8,110.371,10.8959,5,1,0.0585938,0,0.00436739
9,434.954,9.91777,5,2,0.0449219,0,0.0043211
10,1010.21,11.5561,5,3,0.0585938,0,0.00437571
11,435.151,10.4113,5,2,0.0498047,0,0.00432293
12,435.053,10.7266,5,2,0.0546875,0,0.004363
13,435.117,12.425,6,2,0.0576172,0,0.00441596
14,435.053,11.0831,6,2,0.0546875,0,0.00438177
15,435.149,10.4505,6,2,0.046875,0,0.00430386
16,435.151,11.4437,6,2,0.0556641,0,0.00434174
17,434.412,9.9199,6,2,0.0439453,0,0.00431234
18,434.954,11.2286,6,2,0.0546875,0,0.00442107
19,435.127,11.4385,6,2,0.0576172,0,0.00433103
20,109.829,11.2904,6,1,0.0585938,0,0.00433861
21,435.149,11.3318,6,2,0.0498047,0,0.0043771
22,435.151,12.3094,6,2,0.0615234,0,0.00435082
23,111.937,11.0397,6,1,0.0546875,0,0.00438373
24,435.127,11.0191,6,2,0.046875,0,0.00437758
25,434.818,11.3807,6,2,0.0546875,0,0.00440542
26,434.902,11.8796,6,2,0.0566406,0,0.00433996
27,111.425,12.3537,6,1,0.0673828,0,0.00439285
28,435.117,11.6207,6,2,0.0576172,0,0.0043803
29,434.818,11.8832,6,2,0.0595703,0,0.00441906
30,434.954,11.2667,6,2,0.0517578,0,0.00448918
31,435.127,12.5599,6,2,0.0625,0,0.00439161
32,434.818,11.2978,6,2,0.0517578,0,0.00442157
33,435.127,12.1854,6,2,0.0615234,0,0.00441033
34,435.053,11.6876,6,2,0.0576172,0,0.00438291
35,110.903,11.1442,6,1,0.0527344,0,0.0044201
36,435.127,13.0683,6,2,0.0625,0,0.00440498
37,435.127,13.1484,6,2,0.0683594,0,0.00442911
38,433.874,12.2606,6,2,0.0625,0,0.00442405
39,435.127,13.2666,6,2,0.0673828,0,0.00443159
40,435.127,14.6357,6,2,0.0761719,0,0.00446702
41,435.117,13.2385,6,2,0.0664062,0,0.00447922
42,435.127,13.5809,6,2,0.0654297,0,0.00461179
43,435.117,13.7868,7,2,0.0703125,0,0.00453094
44,435.127,12.4927,6,2,0.0595703,0,0.00443922
45,435.117,14.0508,6,2,0.0703125,0,0.00447863
46,434.818,14.2393,7,2,0.0751953,0,0.00447997
47,435.117,14.445,7,2,0.0742188,0,0.00447479
48,435.151,17.5791,7,2,0.0947266,0,0.00449542
49,435.149,17.1658,7,2,0.0898438,0,0.00447004
50,435.151,14.8026,7,2,0.0751953,0,0.00446541
51,435.151,17.0948,7,2,0.0898438,0,0.00459623
52,435.151,16.9944,7,2,0.0957031,0,0.00454861
53,435.151,15.4512,7,2,0.0810547,0,0.00448726
54,435.127,14.3436,7,2,0.0683594,0,0.00482485
55,435.127,15.1921,7,2,0.0771484,0,0.00450536
56,434.954,13.4821,7,2,0.0693359,0,0.00446218
57,435.149,18.3697,7,2,0.0986328,0,0.0045476
58,435.151,13.5238,7,2,0.0595703,0,0.0045804
59,435.127,14.2889,7,2,0.0742188,0,0.00450482
60,435.053,14.9287,7,2,0.0830078,0,0.00449294
61,435.127,15.8773,7,2,0.0878906,0,0.00452549
62,1012.18,15.6909,7,3,0.0732422,0,0.00454992
63,435.151,14.6041,7,2,0.0673828,0,0.00453993
64,435.053,13.984,7,2,0.0722656,0,0.0045555
65,435.151,14.1689,7,2,0.0654297,0,0.0047068
66,435.149,13.1054,7,2,0.0625,0,0.00450426
67,435.117,13.9143,7,2,0.0673828,0,0.00450039
68,435.151,13.8269,7,2,0.0703125,0,0.00452929
69,435.151,16.1137,8,2,0.078125,0,0.0045569
70,435.127,14.25,7,2,0.0712891,0,0.00454206
71,435.117,14.1332,7,2,0.0693359,0,0.00456785
72,435.149,16.2222,8,2,0.0859375,0,0.00456597
73,435.053,13.6609,7,2,0.0693359,0,0.0045219
74,435.151,14.8741,7,2,0.0712891,0,0.00450494
75,435.151,15.4094,8,2,0.0732422,0,0.00460893
76,435.053,14.543,8,2,0.0722656,0,0.00459736
77,435.151,16.7347,8,2,0.0859375,0,0.00456821
78,435.151,16.3018,8,2,0.0849609,0,0.00459997
79,1008.92,15.7111,8,3,0.0800781,0,0.00455005
80,434.954,15.7459,8,2,0.0830078,0,0.00454379
81,435.151,18.073,8,2,0.0996094,0,0.00456507
82,435.127,15.5977,8,2,0.0849609,0,0.00458024
83,435.149,15.0427,8,2,0.0751953,0,0.00457742
84,435.127,16.0786,8,2,0.0849609,0,0.00454928
85,435.127,15.4574,8,2,0.0830078,0,0.00454559
86,435.117,16.1712,8,2,0.0830078,0,0.00456401
87,435.151,16.3647,8,2,0.0810547,0,0.00459202
88,435.127,17.1205,8,2,0.09375,0,0.00476654
89,435.151,16.9276,8,2,0.0927734,0,0.00460834
90,435.149,16.7979,8,2,0.0869141,0,0.00461081
91,435.149,19.3327,8,2,0.103516,0,0.00462092
92,434.954,15.8972,8,2,0.0859375,0,0.00465285
93,435.151,18.1013,8,2,0.0947266,0,0.00461902
94,435.117,16.4522,8,2,0.0878906,0,0.00458963
95,435.151,16.0684,8,2,0.0839844,0,0.00459421
96,435.127,18.0561,8,2,0.102539,0,0.004605
97,435.151,15.6202,8,2,0.0771484,0,0.0046293
98,435.151,17.2169,8,2,0.0996094,0,0.00455551
99,1010.79,19.4261,8,3,0.104492,0,0.0045737
100,435.127,19.8976,8,2,0.114258,0,0.00462235
101,435.151,15.7512,8,2,0.0830078,0,0.00469336
102,1012.52,16.9994,8,3,0.0849609,0,0.0047435
103,435.149,18.2349,8,2,0.0957031,0,0.00465993
104,435.149,17.8566,8,2,0.0957031,0,0.00462558
105,1011.78,20.8974,8,3,0.121094,0,0.00465112
106,435.127,19.4767,8,2,0.107422,0,0.00465923
107,435.127,17.6834,8,2,0.0986328,0,0.00470055
108,435.151,19.3194,8,2,0.102539,0,0.00467589
109,435.127,17.2632,8,2,0.0927734,0,0.0047952
110,435.149,18.8194,8,2,0.101562,0,0.00469004
111,435.149,19.8434,8,2,0.111328,0,0.00474261
112,435.149,19.106,8,2,0.104492,0,0.00474502
113,435.151,17.9822,8,2,0.0927734,0,0.00471946
114,435.151,19.7805,8,2,0.107422,0,0.00479534
115,435.149,18.1023,8,2,0.0976562,0,0.00476489
116,1009.59,20.1252,8,3,0.108398,0,0.0047114
117,435.151,18.5678,8,2,0.0986328,0,0.00467629
118,435.149,20.502,8,2,0.115234,0,0.00467388
119,435.151,19.1282,9,2,0.105469,0,0.00474814
120,435.151,20.8838,8,2,0.125977,0,0.0047356
121,1011.78,24.2418,9,3,0.128906,0,0.00475298
122,1008.92,22.5119,9,3,0.125,0,0.0047506
123,435.127,22.2116,9,2,0.12793,0,0.00471391
124,435.151,22.0897,8,2,0.124023,0,0.00473137
125,1007.46,23.7929,8,3,0.142578,0,0.00471262
126,435.151,23.6244,9,2,0.144531,0,0.00472145
127,435.149,21.6853,9,2,0.125,0,0.0047687
128,435.151,25.3299,9,2,0.157227,0,0.0047956
129,435.151,21.0546,9,2,0.115234,0,0.00491254
130,435.151,24.55,9,2,0.147461,0,0.00474407
131,435.149,23.5721,9,2,0.136719,0,0.00471723
132,435.151,23.6162,9,2,0.139648,0,0.00473914
133,435.151,22.6316,9,2,0.118164,0,0.00475708
134,435.151,28.719,9,2,0.172852,0,0.00475658
135,435.151,27.3745,9,2,0.164062,0,0.00474968
136,435.149,22.8215,9,2,0.133789,0,0.00471687
137,435.151,23.7188,9,2,0.138672,0,0.00473461
138,435.151,26.8906,9,2,0.161133,0,0.00476685
139,435.151,24.617,9,2,0.152344,0,0.00480175
140,1009.59,24.7209,9,3,0.143555,0,0.00476301
141,435.151,29.6017,9,2,0.181641,0,0.00487144
142,1010.79,30.398,9,3,0.181641,0,0.0049127
143,1012.18,29.4026,9,3,0.182617,0,0.00487299
144,435.151,32.2315,9,2,0.204102,0,0.0049216
145,1008.92,29.6974,9,3,0.175781,0,0.00491604
146,435.151,26.1168,9,2,0.154297,0,0.00488157
147,435.151,31.6522,9,2,0.200195,0,0.00487676
148,435.151,27.0148,9,2,0.170898,0,0.00494
149,435.151,33.1847,9,2,0.200195,0,0.00497656
150,435.151,33.2148,9,2,0.205078,0,0.00490443
151,1008.92,31.4334,9,3,0.189453,0,0.00492862
152,1011.78,36.5973,9,3,0.231445,0,0.00494001
153,435.151,31.4131,9,2,0.200195,0,0.00495884
154,1008.92,30.2188,9,3,0.189453,0,0.00489888
155,435.151,32.7409,9,2,0.207031,0,0.00496813
156,435.151,31.1218,9,2,0.198242,0,0.0049848
157,435.151,36.948,9,2,0.244141,0,0.00494686
158,1004.99,37.2142,9,3,0.229492,0,0.00496924
159,1011.78,37.5985,9,3,0.227539,0,0.0049478
160,435.151,35.3835,9,2,0.233398,0,0.00500887
161,435.151,33.8921,9,2,0.219727,0,0.00490777
162,1008.92,35.3697,9,3,0.214844,0,0.00491794
163,1011.31,32.5601,9,3,0.208008,0,0.00500787
164,1008.92,38.3695,9,3,0.242188,0,0.00495867
165,435.151,37.5865,9,2,0.233398,0,0.00499515
166,1008.92,37.56,9,3,0.244141,0,0.00495181
167,1010.79,40.9131,9,3,0.257812,0,0.00497079
168,435.151,35.0943,9,2,0.233398,0,0.00495519
169,1008.92,35.9238,9,3,0.240234,0,0.00500604
170,1009.59,36.8116,9,3,0.233398,0,0.00501015
171,1009.59,34.1319,9,3,0.216797,0,0.00502408
172,1009.59,39.8088,9,3,0.254883,0,0.00514784
173,1011.31,43.6392,10,3,0.276367,0,0.00511141
174,435.151,41.0103,10,2,0.277344,0,0.00504433
175,435.149,38.6701,9,2,0.243164,0,0.00502201
176,435.151,39.4833,9,2,0.258789,0,0.00509305
177,1005.85,40.1685,9,3,0.250977,0,0.00500441
178,1009.59,36.2182,9,3,0.222656,0,0.00497066
179,1008.92,39.1294,9,3,0.25,0,0.005047
180,435.151,39.715,9,2,0.251953,0,0.00499894
181,1008.92,41.8168,9,3,0.264648,0,0.00502094
182,435.151,38.9605,9,2,0.255859,0,0.00501428
183,435.151,45.3016,10,2,0.304688,0,0.0050582
184,1011.31,41.2779,10,3,0.271484,0,0.00502459
185,1011.31,40.8698,9,3,0.264648,0,0.0050026
186,435.151,37.2904,9,2,0.243164,0,0.00512504
187,1011.31,40.5521,10,3,0.255859,0,0.00502624
188,1008.92,41.7709,9,3,0.267578,0,0.00502613
189,1011.31,42.2611,10,3,0.27832,0,0.00503176
190,1008.92,43.5359,10,3,0.280273,0,0.00500525
191,1011.31,47.0226,11,3,0.302734,0,0.00506534
192,1843.9,50.2887,11,4,0.317383,0,0.00506271
193,1008.92,43.9066,10,3,0.271484,0,0.00502389
194,1010.79,43.1875,9,3,0.275391,0,0.00498507
195,435.151,46.016,11,2,0.308594,0,0.00502383
196,1009.59,36.348,9,3,0.240234,0,0.00510338
197,1009.59,43.4003,10,3,0.277344,0,0.00506665
198,1009.59,39.7106,10,3,0.263672,0,0.00498117
199,1008.92,43.4049,11,3,0.280273,0,0.00507236
200,435.151,40.4026,9,2,0.268555,0,0.0050209
201,1008.92,43.9009,9,3,0.280273,0,0.00501277
202,1008.92,46.426,11,3,0.298828,0,0.0050646
203,1011.31,48.3927,11,3,0.301758,0,0.00502726
204,1011.31,49.7302,11,3,0.326172,0,0.00506074
205,1010.79,42.8099,10,3,0.28125,0,0.0050976
206,1008.92,41.7063,9,3,0.267578,0,0.00511835
207,1008.92,41.9431,10,3,0.273438,0,0.00521341
208,435.151,42.0292,10,2,0.289062,0,0.00517372
209,435.151,44.1835,10,2,0.28418,0,0.00531842
210,1008.92,45.1021,11,3,0.295898,0,0.00532013
211,1843.9,52.0617,11,4,0.327148,0,0.00516341
212,1010.21,47.1179,11,3,0.293945,0,0.0052849
213,1009.59,49.8476,11,3,0.329102,0,0.0051638
214,1012.18,48.7489,11,3,0.318359,0,0.00508661
215,1010.21,47.549,9,3,0.291016,0,0.00503366
216,1008.92,43.6087,10,3,0.293945,0,0.00507322
217,1008.92,44.7929,11,3,0.297852,0,0.00503689
218,4346.62,49.7972,11,6,0.303711,0,0.00523245
219,1008.92,44.7332,11,3,0.285156,0,0.00514577
220,1843.9,47.7168,11,4,0.300781,0,0.00510532
221,435.151,44.5161,11,2,0.294922,0,0.00512356
222,1008.92,43.6527,11,3,0.289062,0,0.00510781
223,1011.31,47.9353,11,3,0.311523,0,0.00515592
224,1008.92,54.537,12,3,0.34375,0,0.00506516
225,1841.02,50.4642,11,4,0.307617,0,0.00508019
226,435.151,49.6598,11,2,0.342773,0,0.00503493
227,1845.26,49.474,11,4,0.314453,0,0.00505877
228,1011.31,44.9222,11,3,0.287109,0,0.00506115
229,435.151,47.3173,10,2,0.310547,0,0.00508892
230,1009.59,50.7178,11,3,0.318359,0,0.00509299
231,1011.31,49.3346,11,3,0.320312,0,0.00512312
232,435.151,48.3876,12,2,0.316406,0,0.00513454
233,1011.31,48.1368,11,3,0.321289,0,0.00505721
234,435.149,48.5579,12,2,0.333984,0,0.00518706
235,1009.59,49.996,11,3,0.322266,0,0.00508044
236,435.151,45.6387,11,2,0.297852,0,0.0051267
237,1008.92,45.8879,10,3,0.292969,0,0.00511769
238,1008.92,44.5697,11,3,0.300781,0,0.00509934
239,1008.92,50.6896,12,3,0.330078,0,0.00521628
240,1008.92,48.9016,11,3,0.31543,0,0.0050821
241,435.151,47.4306,12,2,0.318359,0,0.005134
242,1009.59,45.2492,11,3,0.302734,0,0.00508525
243,1009.59,52.0054,11,3,0.339844,0,0.00508312
244,1008.92,49.6765,11,3,0.321289,0,0.00508864
245,435.151,46.8899,10,2,0.311523,0,0.00510104
246,1011.31,49.9017,12,3,0.320312,0,0.00518966
247,1009.59,45.0038,11,3,0.294922,0,0.00512632
248,1009.59,47.0648,11,3,0.314453,0,0.00513064
249,1008.92,44.7025,12,3,0.291992,0,0.00518625
250,1009.59,47.3625,11,3,0.310547,0,0.00512202
251,1009.59,54.7352,12,3,0.356445,0,0.00518709
252,1008.92,47.1111,11,3,0.310547,0,0.00511517
253,1008.92,51.8602,11,3,0.331055,0,0.00508795
254,435.151,48.3971,11,2,0.319336,0,0.00510364
255,1008.92,53.4101,12,3,0.335938,0,0.00513492
256,1008.92,52.058,11,3,0.336914,0,0.0051077
257,1008.92,51.651,12,3,0.323242,0,0.00508378
258,435.151,44.768,12,2,0.303711,0,0.00509906
259,1008.92,48.0399,12,3,0.321289,0,0.00511977
260,1009.59,44.8948,12,3,0.297852,0,0.00520367
261,435.151,47.5853,12,2,0.316406,0,0.00510621
262,1011.78,45.543,12,3,0.304688,0,0.00519649
263,1009.59,45.3206,12,3,0.298828,0,0.00513203
264,435.151,48.9974,13,2,0.332031,0,0.00515497
265,1012.18,48.5754,12,3,0.310547,0,0.00517562
266,1008.92,54.4958,12,3,0.355469,0,0.00519055
267,1843.9,52.201,12,4,0.34082,0,0.00512732
268,435.151,45.581,11,2,0.299805,0,0.0050975
269,1010.79,48.5985,12,3,0.327148,0,0.0051506
270,1008.92,47.2196,12,3,0.3125,0,0.00522946
271,435.151,50.991,13,2,0.327148,0,0.00515668
272,1011.31,50.4285,13,3,0.329102,0,0.0051895
273,1008.92,49.5114,12,3,0.316406,0,0.00515337
274,1008.92,53.0694,12,3,0.34375,0,0.00516809
275,1010.21,47.5799,13,3,0.323242,0,0.00519378
276,1009.59,51.9929,12,3,0.331055,0,0.00517781
277,1011.31,50.8824,13,3,0.332031,0,0.00513677
278,1011.31,49.7463,13,3,0.321289,0,0.0051111
279,1008.92,46.0861,12,3,0.318359,0,0.00509883
280,1011.31,54.7239,12,3,0.345703,0,0.00515368
281,1848.92,51.6354,12,4,0.318359,0,0.00518446
282,1008.92,48.3133,12,3,0.3125,0,0.00518259
283,1011.31,46.811,12,3,0.306641,0,0.00515587
284,1011.31,51.5793,13,3,0.34375,0,0.00521139
285,1011.31,53.4332,12,3,0.34668,0,0.00515546
286,1008.92,43.8657,12,3,0.290039,0,0.00518028
287,435.151,48.9089,13,2,0.330078,0,0.00517484
288,1010.21,44.9136,12,3,0.291016,0,0.00517818
289,1008.92,47.348,13,3,0.306641,0,0.00520259
290,1009.59,50.7126,13,3,0.320312,0,0.005345
291,1009.59,50.8745,13,3,0.328125,0,0.00515811
292,1008.92,55.4751,13,3,0.353516,0,0.00525614
293,1008.92,49.1279,13,3,0.320312,0,0.00518153
294,435.151,47.5525,13,2,0.314453,0,0.00524271
295,435.151,46.7834,13,2,0.313477,0,0.00518746
296,1008.92,52.1759,13,3,0.338867,0,0.00524205
297,1008.92,50.0213,13,3,0.323242,0,0.0051631
298,1007.46,47.6722,13,3,0.314453,0,0.00515742
299,435.151,51.6289,13,2,0.345703,0,0.00515224
300,1010.21,49.6055,13,3,0.325195,0,0.00522942
301,435.151,50.5448,13,2,0.324219,0,0.00520013
302,1005.85,54.8064,13,3,0.345703,0,0.00518291
303,1011.31,50.0537,13,3,0.324219,0,0.00523095
304,435.151,48.6885,13,2,0.324219,0,0.00519666
305,1008.92,46.9994,13,3,0.304688,0,0.00530168
306,1008.92,51.8598,13,3,0.326172,0,0.00522761
307,1008.92,53.39,13,3,0.336914,0,0.00522669
308,1011.31,53.5223,13,3,0.345703,0,0.00526134
309,1009.59,50.4681,13,3,0.327148,0,0.00529311
310,1005.85,48.2984,13,3,0.322266,0,0.00546307
311,1008.21,50.8714,13,3,0.325195,0,0.0053156
312,1008.92,54.8759,13,3,0.349609,0,0.00527952
313,1008.92,54.1673,13,3,0.342773,0,0.00526915
314,1010.21,55.8137,13,3,0.333008,0,0.00538829
315,435.151,50.7463,13,2,0.331055,0,0.00542721
316,1008.92,53.7762,14,3,0.332031,0,0.00556934
317,1846.55,62.6344,14,4,0.373047,0,0.00546756
318,1843.9,55.8309,14,4,0.348633,0,0.00540849
319,435.151,50.9464,14,2,0.320312,0,0.00541381
320,1011.31,57.0153,15,3,0.361328,0,0.00553526
321,1000.23,52.403,14,3,0.327148,0,0.00555461
322,1008.92,54.406,15,3,0.336914,0,0.00548645
323,1834.62,57.8731,15,4,0.347656,0,0.00553865
324,1008.92,56.2858,15,3,0.347656,0,0.00552421
325,1012.52,61.1777,15,3,0.361328,0,0.00555936
326,1010.21,56.3238,15,3,0.339844,0,0.00558836
327,1011.31,56.437,16,3,0.350586,0,0.00562752
328,1005.85,57.5451,16,3,0.356445,0,0.00560401
329,1007.46,55.1448,16,3,0.34082,0,0.00569047
330,435.149,56.2182,16,2,0.360352,0,0.00562017
331,1009.59,59.8815,16,3,0.359375,0,0.00572741
332,1831.15,60.3706,17,4,0.354492,0,0.00574808
333,1005.85,61.1439,17,3,0.364258,0,0.00590496
334,1012.18,63.0165,16,3,0.359375,0,0.00570823
335,1011.78,63.327,17,3,0.366211,0,0.00594725
336,1010.21,60.7323,17,3,0.367188,0,0.00580325
337,1848.92,62.6128,17,4,0.371094,0,0.00590307
338,1011.31,65.6939,17,3,0.37793,0,0.00588252
339,1006.68,60.8938,17,3,0.365234,0,0.00586092
340,1011.31,58.8228,17,3,0.341797,0,0.005898
341,1004.1,63.8157,17,3,0.366211,0,0.00598302
342,1008.92,64.3864,17,3,0.362305,0,0.00597024
343,1010.21,62.124,18,3,0.374023,0,0.00601083
344,1823.71,66.182,18,4,0.391602,0,0.00608935
345,1003.18,64.4519,20,3,0.393555,0,0.00625169
346,1004.99,67.8607,19,3,0.388672,0,0.00637885
347,1834.62,69.5734,20,4,0.379883,0,0.00637303
348,1005.85,73.3425,24,3,0.431641,0,0.0064811
349,1008.92,77.3126,23,3,0.429688,0,0.00661545
350,1007.46,72.4818,24,3,0.392578,0,0.00688393
351,1791.02,77.075,24,4,0.420898,0,0.0068935
352,1004.1,78.9957,27,3,0.417969,0,0.00723159
353,1809.31,78.1105,26,4,0.420898,0,0.00734377
354,1832.91,80.7579,29,4,0.419922,0,0.00744428
355,1793.4,83.5527,35,4,0.4375,0,0.00772361
356,1010.21,83.3947,38,3,0.441406,0,0.00785814
357,1786.17,91.2927,36,4,0.441406,0,0.00808796
358,2894.36,87.1203,40,5,0.44043,0,0.00790541
359,1788.61,91.4236,40,4,0.427734,0,0.00850838
360,2682.21,87.1035,38,5,0.414062,0,0.0085974
361,1809.31,88.0048,50,4,0.415039,0,0.00886616
362,2921.69,104.123,70,5,0.474609,0,0.0088947
363,1006.68,85.7782,61,3,0.408203,0,0.00920408
364,1829.35,99.888,101,4,0.439453,0,0.00921775
365,1813.59,96.9355,101,4,0.467773,0,0.0092448
366,1800.39,91.7155,101,4,0.430664,0,0.0091068
367,1834.62,87.5973,70,4,0.398438,0,0.00929861
368,1776.18,94.0031,101,4,0.422852,0,0.0096647
369,1005.85,95.1245,101,3,0.425781,0,0.00959253
370,1804.91,95.7972,101,4,0.405273,0,0.00952482
371,1006.68,95.2883,101,3,0.439453,0,0.0100361
372,1007.46,91.7798,101,3,0.398438,0,0.0100751
373,1842.49,100.86,101,4,0.416992,0,0.00989502
374,1001.24,96.6222,101,3,0.415039,0,0.0103147
375,1817.74,99.3424,101,4,0.421875,0,0.0101788
376,1793.4,101.038,101,4,0.421875,0,0.0103491
377,1008.21,101.641,101,3,0.429688,0,0.0101397
378,1008.21,101.355,101,3,0.433594,0,0.010527
379,1821.75,98.094,101,4,0.40918,0,0.0101517
380,1008.92,99.9447,101,3,0.423828,0,0.0107059
381,1012.77,106.291,101,3,0.466797,0,0.010304
382,1773.62,105.229,101,4,0.470703,0,0.0101716
383,1006.68,111.002,101,3,0.480469,0,0.0103622
384,1836.29,108.898,101,4,0.481445,0,0.0102768
385,1007.46,106.497,101,3,0.450195,0,0.0103719
386,1817.74,109.643,101,4,0.441406,0,0.0107659
387,1008.21,104.374,101,3,0.428711,0,0.0107298
388,2940.29,102.605,101,5,0.419922,0,0.0106089
389,1008.92,104.348,101,3,0.40332,0,0.0113375
390,1815.68,99.8176,101,4,0.430664,0,0.0110199
391,1821.75,104.918,101,4,0.420898,0,0.0113367
392,1837.92,114.28,101,4,0.462891,0,0.0113094
393,1807.12,104.283,101,4,0.425781,0,0.0112145
394,1836.29,114.876,101,4,0.447266,0,0.0114487
395,2927.27,115.907,101,5,0.463867,0,0.0116181
396,1008.21,109.398,101,3,0.442383,0,0.0110454
397,1843.9,115.199,101,4,0.492188,0,0.0113982
398,1004.1,103.406,101,3,0.417969,0,0.0111726
399,1009.59,111.646,101,3,0.444336,0,0.0113621
400,1788.61,109.2,101,4,0.439453,0,0.011252
401,1815.68,121.38,101,4,0.487305,0,0.0115084
402,1809.31,112.901,101,4,0.453125,0,0.0113215
403,1003.18,115.1,101,3,0.461914,0,0.011376
404,1010.79,109.868,101,3,0.459961,0,0.0116495
405,1007.46,108.934,101,3,0.448242,0,0.0112247
406,1012.18,110.231,101,3,0.428711,0,0.0115913
407,1827.51,113.261,101,4,0.433594,0,0.0117218
408,1781.23,116.715,101,4,0.464844,0,0.011445
409,1791.02,118.6,101,4,0.5,0,0.0116238
410,1829.35,114.969,101,4,0.46582,0,0.0113282
411,1008.92,114.06,101,3,0.479492,0,0.0112694
412,1815.68,114.211,101,4,0.456055,0,0.0113804
413,1800.39,118.171,101,4,0.46875,0,0.0117008
414,1786.17,117.749,101,4,0.473633,0,0.0115362
415,1823.71,121.148,101,4,0.489258,0,0.0118391
416,1802.66,116.763,101,4,0.466797,0,0.0117782
417,1823.71,111.233,101,4,0.436523,0,0.0114711
418,5823.76,128.08,101,7,0.469727,0,0.0116515
419,1829.35,123.108,101,4,0.50293,0,0.011578
420,2915.92,114.092,101,5,0.4375,0,0.0113494
421,1823.71,116.829,101,4,0.454102,0,0.0116555
422,1804.91,121.585,101,4,0.481445,0,0.0115211
423,2811.38,123.888,101,5,0.500977,0,0.0113202
424,1007.46,119.871,101,3,0.508789,0,0.0113293
425,1671.39,114.399,101,4,0.458008,0,0.0113187
426,1829.35,121.259,101,4,0.500977,0,0.0114797
427,1829.35,124.848,101,4,0.503906,0,0.0114788
428,1705.93,129.1,101,4,0.524414,0,0.0117188
429,1011.31,117.132,101,3,0.495117,0,0.011351
430,1010.21,122.937,101,3,0.517578,0,0.0108657
431,1793.4,125.885,101,4,0.542969,0,0.0105706
432,1800.39,121.576,101,4,0.516602,0,0.01102
433,1793.4,118.24,101,4,0.503906,0,0.0110639
434,1819.76,133.817,101,4,0.538086,0,0.0114424
435,4265.75,131.396,101,6,0.554688,0,0.0108999
436,1832.91,129.431,101,4,0.571289,0,0.0107767
437,1788.61,124.865,101,4,0.545898,0,0.0108822
438,1746.82,124.839,101,4,0.526367,0,0.0111787
439,1819.76,126.398,101,4,0.537109,0,0.0110699
440,1837.92,129.612,101,4,0.55957,0,0.0104968
441,1815.68,125.521,101,4,0.517578,0,0.0111504
442,1800.39,135.444,101,4,0.583008,0,0.0111017
443,1817.74,131.917,101,4,0.580078,0,0.0110559
444,1821.75,134.455,101,4,0.569336,0,0.010997
445,4057.57,133.125,101,6,0.55957,0,0.0111095
446,1811.47,133.052,101,4,0.570312,0,0.010906
447,2778.96,130.851,101,5,0.544922,0,0.0111137
448,1832.91,138.631,101,4,0.580078,0,0.0113072
449,1836.29,138.585,101,4,0.589844,0,0.010652
450,1715,123.794,101,4,0.524414,0,0.0109713
451,1817.74,129.182,101,4,0.545898,0,0.0109922
452,1802.66,142.865,101,4,0.611328,0,0.0111977
453,2924.51,132.785,101,5,0.571289,0,0.0110497
454,1832.91,148.339,101,4,0.621094,0,0.0108916
455,1798.09,129.301,101,4,0.564453,0,0.0109478
456,1843.9,146.534,101,4,0.607422,0,0.0110266
457,1832.91,134.269,101,4,0.584961,0,0.011115
458,1809.31,137.291,101,4,0.601562,0,0.0108542
459,2830.78,159.082,101,5,0.664062,0,0.0109152
460,4016.86,154.146,101,6,0.669922,0,0.0110481
461,6673.47,154.48,101,8,0.635742,0,0.0106788
462,2881.17,159.797,101,5,0.68457,0,0.0106805
463,2874.36,157.591,101,5,0.68457,0,0.0104217
464,3912.98,162.743,101,6,0.674805,0,0.0107643
465,2884.52,157.599,101,5,0.668945,0,0.0104227
466,5517.84,167.745,101,7,0.688477,0,0.0106674
467,2842.09,152.056,101,5,0.667969,0,0.0104489
468,2903.85,182.842,101,5,0.745117,0,0.0104202
469,9674.36,179.907,105.663,9,0.75,1,0.0103489
470,10226.8,196.045,105,9,0.783203,1,0.0101872
471,3665.61,188.02,106.93,6,0.793945,1,0.0104647
472,5081.49,199.406,101,7,0.773438,0,0.0106192
473,5751.36,189.374,101,7,0.759766,0,0.0104977
474,4176.45,212.083,106.306,6,0.841797,1,0.0104962
475,2921.69,222.881,108.709,5,0.871094,1,0.010437
476,5470.78,220.068,105.663,7,0.816406,1,0.0105918
477,9085.59,206.881,101,9,0.808594,0,0.0100981
478,5879.4,249.17,108.709,7,0.90332,1,0.0105588
479,5879.4,215.167,108.709,7,0.861328,1,0.0101993
480,6957.85,234.383,106.306,8,0.875,1,0.010565
481,2757.91,222.08,110.371,5,0.897461,1,0.0106595
482,7324.72,258.063,108.709,8,0.932617,1,0.0101869
483,58427.5,312.693,110.371,15,0.969727,1,0.0104953
484,5848.92,307.944,111.937,7,1.06152,1,0.0104826
485,8693.38,305.992,111.937,9,1.03613,1,0.0107857
486,19127.5,363.024,114.828,12,1.15918,1,0.0107486
487,8970.24,356.073,112.934,9,1.14941,1,0.0108236
488,16142.6,370.044,113.897,11,1.1543,1,0.0109128
489,9098.28,362.437,114.366,9,1.19824,1,0.0107566
490,7382.45,360.776,114.366,8,1.16992,1,0.0109672
491,15977.2,423.563,116.603,11,1.2959,1,0.011037
492,15470.2,394.047,112.934,11,1.19141,1,0.0107559
493,27607.3,428.607,117.03,13,1.27148,1,0.0113627
494,16022.8,452.177,117.03,11,1.30762,1,0.0114274
495,11753.3,484.78,118.675,10,1.40332,1,0.0113537
496,15884.9,429.733,119.071,11,1.35156,1,0.0112915
497,15237.4,503.354,118.273,11,1.40332,1,0.0111011
498,16142.6,497.089,120.227,11,1.38867,1,0.0118024
499,17275.5,528.867,121.334,12,1.44434,1,0.0113755
500,37127.1,591.77,119.071,14,1.47363,1,0.0118534
501,12155.5,591.964,123.415,10,1.55176,1,0.0117371
502,28420.2,591.31,119.462,13,1.47559,1,0.0117266
503,16007.6,603.941,120.97,11,1.55859,1,0.0119902
504,21136.3,641.892,122.741,12,1.59766,1,0.0118313
505,15186.7,582.685,120.97,11,1.55664,1,0.0117669
506,16345.9,606.318,123.746,11,1.57812,1,0.0118144
507,27667.9,718.479,136.624,13,1.67871,1,0.0125156
508,95375.2,886.655,136.482,16,1.70703,1,0.0126993
509,14081.5,761.902,136.482,11,1.7666,1,0.0124291
510,27748.2,838.218,137.17,13,1.86133,1,0.0124995
511,39012.3,850.444,137.17,14,1.81836,1,0.0128123
512,157226,998.762,137.914,17,1.8125,1,0.0133163
513,38290,989.96,138.872,14,1.99414,1,0.0133132
514,95039.6,1155.39,139.059,16,2.01465,1,0.0135291
515,91695.5,1234.9,139.408,16,2.13574,1,0.0136278
516,92994.1,1235.47,371.956,16,2.23535,2,0.0145025
517,4.25144e+06,5370.01,404.719,22,2.22852,2,0.0137926
518,565184,1998.33,348.286,19,2.32129,2,0.016265
519,564260,3683.89,363.639,19,2.52441,2,0.0170571
520,2.1454e+06,6365.9,394.714,21,2.62988,2,0.0175459
521,1.0942e+06,4641.31,407.061,20,2.57812,2,0.0174244
522,564879,3838.33,380.891,19,2.85938,2,0.0192016
523,2.14685e+06,6654.17,427.354,21,3.13281,2,0.0191701
524,4.24707e+06,10065.5,704.26,22,3.59277,3,0.0196372
525,8.44776e+06,18123.7,434.902,23,3.78027,2,0.0204592
526,2.15106e+06,17660.5,937.341,21,4.17188,3,0.0220318
527,6.71899e+07,74568.4,949.639,26,4.48926,3,0.0218858
528,3.36225e+07,95646.2,1449.19,25,5.32812,4,0.0238185
529,6.7192e+07,122181,984.827,26,5.12891,3,0.0242942
530,8.44864e+06,45527.3,969.087,23,5.13965,3,0.02398
531,3.36205e+07,131249,1469.09,25,5.41309,4,0.0245949
532,8.44879e+06,38597.1,983.489,23,5.08496,3,0.0243186
533,3.36244e+07,63667.6,977.944,25,4.99219,3,0.0234316
534,1.34298e+08,185064,964.432,27,4.99512,3,0.025039
535,6.71787e+07,187999,892.687,26,4.71875,3,0.0233806
536,4.25202e+06,34693.8,967.552,22,4.84375,3,0.0244882
537,8.44479e+06,45467.1,964.432,23,4.75781,3,0.0237858
538,3.36183e+07,84853.4,1285.41,25,5.24219,4,0.0249311
539,6.71817e+07,144812,975.061,26,5.15137,3,0.0237926
540,6.71862e+07,130614,1738.37,26,5.84277,4,0.0252273
541,1.34296e+08,325361,1752.35,27,5.84863,4,0.0252461
542,2.68517e+08,635689,1469.09,28,5.68164,4,0.026098
543,1.34299e+08,437741,1702.88,27,6.19434,4,0.0268638
544,2.68519e+08,611810,1681.01,28,6.21094,4,0.0269495
545,5.36969e+08,1.35505e+06,1333.08,29,5.80078,4,0.0266648
546,1.34298e+08,571353,1773.62,27,6.46289,4,0.0275946
547,1.07383e+09,1.86448e+06,1793.4,30,6.5293,4,0.0274519
548,5.3696e+08,2.08333e+06,2696.01,29,7.0293,5,0.0289401
549,1.34295e+08,820742,2691.43,27,7.05957,5,0.027991
550,4.29508e+09,4.95151e+06,1811.47,32,6.74219,4,0.0277076
551,1.07384e+09,2.75934e+06,3339.95,30,7.70215,6,0.0307113
552,4.29509e+09,5.83967e+06,3651.5,32,7.70605,6,0.0298028
553,5.36962e+08,2.0215e+06,3748.75,29,7.89453,6,0.0306759
554,5.3697e+08,2.63478e+06,2736.29,29,7.60156,5,0.0297029
555,5.36952e+08,2.50033e+06,3938.03,29,8.03516,6,0.030701
556,4.29509e+09,5.85394e+06,2753.63,32,7.52051,5,0.029829
557,4.29508e+09,6.8582e+06,2867.41,32,7.61621,5,0.0294794
558,5.36967e+08,2.80111e+06,2770.61,29,7.5332,5,0.0292902
559,1.07383e+09,3.32024e+06,2753.63,30,7.375,5,0.0297626
560,2.68528e+08,1.75883e+06,2807.41,28,7.64355,5,0.0307149
561,5.36968e+08,2.39088e+06,2819.22,29,7.33594,5,0.029312
562,4.29508e+09,6.3929e+06,2757.91,32,7.71387,5,0.0306492
563,1.718e+10,2.13726e+07,2639.78,34,7.37988,5,0.0305555
564,1.07385e+09,3.1635e+06,2770.61,30,7.65137,5,0.0300209
565,2.68527e+08,2.82957e+06,3874.74,28,7.94922,6,0.0305934
566,1.34303e+08,1.23702e+06,3312.03,27,7.44434,7,0.0294857
567,1.07384e+09,2.77754e+06,3796.01,30,7.76562,6,0.0301534
568,1.07385e+09,2.79731e+06,3919.27,30,7.85059,6,0.0306693
569,8.59004e+09,1.55575e+07,2830.78,33,7.60352,5,0.0293253
570,2.14758e+09,5.65044e+06,5541.02,31,8.73438,7,0.0325629
571,1.07384e+09,4.92972e+06,3893.96,30,8.19141,6,0.0313986
572,3.43599e+10,4.26298e+07,5126.03,35,8.64648,7,0.0326246
573,1.07384e+09,3.18491e+06,4460.7,30,8.27441,7,0.0318053
574,1.07385e+09,4.1557e+06,4085.84,30,8.25586,6,0.0316664
575,1.07384e+09,5.50054e+06,2874.36,30,7.85449,5,0.0309277
576,1.07385e+09,2.58741e+06,2823.1,30,7.57031,5,0.0302308
577,2.1476e+09,4.00763e+06,3409.04,31,7.84375,6,0.0311766
578,2.14759e+09,5.52434e+06,4091.41,31,8.2041,6,0.0318088
579,5.36964e+08,4.12387e+06,5000.06,29,8.45605,7,0.0324245
580,4.29508e+09,1.21426e+07,3815.97,32,7.93652,6,0.0304777
581,2.14759e+09,7.67761e+06,4708.09,31,8.24023,7,0.0307975
582,2.14759e+09,6.46632e+06,5548.69,31,8.81348,7,0.0324078
583,2.14759e+09,8.77779e+06,3900.32,31,8.05859,6,0.0304945
584,8.59006e+09,2.14487e+07,5315.79,33,8.79199,7,0.0324228
585,1.718e+10,3.79992e+07,5422.79,34,8.68262,7,0.0323153
586,1.718e+10,2.47203e+07,5382.11,34,8.91992,7,0.0328822
587,1.718e+10,2.39913e+07,5406.59,34,8.73633,7,0.0323853
588,1.718e+10,3.02189e+07,4181.49,34,8.69824,6,0.0323229
589,2.14759e+09,1.90193e+07,6882.78,31,9.47754,8,0.0332847
590,4.29508e+09,1.94399e+07,4659.43,32,8.79297,7,0.0324777
591,6.87196e+10,9.14194e+07,5623.83,36,8.95312,7,0.0322478
592,3.43599e+10,5.57513e+07,6639.71,35,9.69531,8,0.0338987
593,6.87196e+10,1.07047e+08,7467.02,36,9.81445,8,0.0338746
594,3.43599e+10,5.32631e+07,8852.88,35,10.0889,9,0.0352206
595,3.43599e+10,7.17754e+07,9248.49,35,10.3828,9,0.0367889
596,4.29507e+09,1.81765e+07,7063.08,32,9.65234,8,0.0344272
597,8.59005e+09,3.88588e+07,5446.9,33,8.79785,7,0.0324819
598,3.43599e+10,6.36981e+07,7175.96,35,9.46289,8,0.0343247
599,3.43599e+10,6.03839e+07,5382.11,35,8.89258,7,0.0321838
600,1.718e+10,5.31678e+07,4022.75,34,8.44824,6,0.0320729
601,3.43599e+10,8.34303e+07,4842.08,35,8.81641,7,0.0327513
602,1.37439e+11,1.55583e+08,3117.65,37,8.05762,6,0.031252
603,1.718e+10,4.0352e+07,1763.17,34,7.37109,4,0.0296603
604,3.43599e+10,9.94313e+07,3355.41,35,8.12305,6,0.0308128
605,1.718e+10,7.05839e+07,3974.91,34,8.58008,6,0.0338479
606,6.87196e+10,1.47815e+08,7334.42,36,9.89062,8,0.0364165
607,1.37439e+11,2.97183e+08,4145.5,37,8.99414,6,0.0336346
608,8.59006e+09,7.84437e+07,6111.95,33,9.75586,8,0.0348769
609,6.87196e+10,1.80162e+08,6514.34,36,9.84277,8,0.0352585
610,5.49756e+11,5.7509e+08,6560.21,39,9.50488,8,0.0343112
611,2.74878e+11,6.41775e+08,11482.8,38,11.3896,10,0.0392037
612,5.49756e+11,7.23003e+08,10269.2,39,10.9668,10,0.0378505
613,1.718e+10,6.90684e+07,15186.7,34,11.8203,11,0.0395048
614,3.43599e+10,8.22496e+07,15791.4,35,11.8262,11,0.0392305
615,6.87196e+10,2.91944e+08,12169.4,36,11.6113,10,0.0401624
616,1.37439e+11,2.83418e+08,12127.6,37,11.2461,10,0.0393298
617,1.718e+10,1.22864e+08,9248.76,34,10.6934,10,0.0373041
618,2.74878e+11,3.43128e+08,7777.57,38,10.459,8,0.0372964
619,2.19902e+12,3.04984e+09,9370.65,41,11.0078,9,0.0390563
620,1.09951e+12,1.84451e+09,15535.5,40,12.5293,11,0.0419584
621,1.37439e+11,5.20821e+08,15404.3,37,12.6152,11,0.0422934
622,6.87196e+10,2.17761e+08,11282,36,11.7041,10,0.04011
623,5.49756e+11,8.51088e+08,9817.93,39,11.4141,9,0.0387316
624,2.74878e+11,4.48135e+08,9871.54,38,11.3008,9,0.0388547
625,1.37439e+11,6.89254e+08,11885.1,37,12.0088,10,0.0408764
626,1.37439e+11,4.13353e+08,9807.1,37,11.2861,9,0.0387696
627,6.87196e+10,3.89374e+08,9617.6,36,11.1543,9,0.0376367
628,1.37439e+11,3.2868e+08,11679,37,11.4883,10,0.0390518
629,1.37439e+11,3.33434e+08,7628.26,37,10.7041,8,0.0371759
630,2.74878e+11,7.11349e+08,7401.46,38,10.1807,8,0.0361904
631,1.37439e+11,5.31805e+08,9817.93,37,11.2764,9,0.0383224
632,3.43599e+10,2.45603e+08,7892.94,35,10.3643,9,0.0364164
633,5.49756e+11,1.2425e+09,11649.1,39,11.3057,10,0.0390301
634,5.49756e+11,7.93069e+08,11359.7,39,11.4844,10,0.0401365
635,2.74878e+11,7.64712e+08,9571.62,38,11.124,9,0.038868
636,2.74878e+11,5.04663e+08,9571.62,38,10.8945,9,0.038909
637,1.37439e+11,3.30048e+08,9501.69,37,10.8271,9,0.0380839
638,5.49756e+11,7.34264e+08,8839.72,39,10.4932,9,0.0375181
639,2.74878e+11,5.55971e+08,4214.08,38,9.22363,7,0.0338096
640,8.79609e+12,9.23199e+09,7083.83,43,10.3203,8,0.0371889
641,2.74878e+11,4.32212e+08,7557.96,38,10.3457,8,0.0382234
642,5.49756e+11,1.48898e+09,14006.7,39,11.998,11,0.042806
643,1.09951e+12,1.80597e+09,16022.8,40,12.5078,11,0.0441153
644,2.19902e+12,3.35295e+09,14841.9,41,12.375,11,0.0418444
645,5.49756e+11,1.18271e+09,14118.8,39,12.2344,11,0.0413584
646,2.74878e+11,1.31813e+09,15220.6,38,12.9297,11,0.0428692
647,2.19902e+12,4.51353e+09,17477.9,41,13.2588,12,0.0436584
648,2.74878e+11,1.22926e+09,19706.2,38,13.0918,12,0.043204
649,5.49756e+11,1.51594e+09,19745.2,39,13.3613,12,0.0437002
650,2.19902e+12,3.9348e+09,17789,41,12.9775,12,0.0429351
651,1.09951e+12,3.01237e+09,19667.2,40,12.8838,12,0.0432944
652,1.37439e+11,5.83415e+08,15568,37,12.6475,11,0.0416007
653,2.74878e+11,1.29433e+09,16245.3,38,12.7832,11,0.0426305
654,1.37439e+11,8.76079e+08,18693.1,37,12.3975,12,0.0416557
655,1.09951e+12,2.08716e+09,14575.8,40,12.418,11,0.0422795
656,2.74878e+11,1.16451e+09,15387.8,38,12.4082,11,0.0420389
657,2.74878e+11,9.79645e+08,14718.5,38,12.1445,11,0.0413971
658,4.39805e+12,6.76997e+09,20295.1,42,13.2842,12,0.044038
659,8.79609e+12,1.35372e+10,15775.6,43,12.8584,11,0.0446715
660,2.19902e+12,4.69699e+09,15759.9,41,12.3438,11,0.0433309
661,5.49756e+11,2.88585e+09,17700.6,39,13.0146,12,0.0441701
662,1.09951e+12,2.48106e+09,18289.7,40,12.5117,12,0.0432699
663,1.09951e+12,2.09154e+09,20295.1,40,12.9756,12,0.0442391
664,2.74878e+11,1.1889e+09,12000.3,38,11.6025,10,0.0417977
665,4.39805e+12,7.37239e+09,9640.4,42,11.3594,9,0.0407159
666,5.49756e+11,1.47684e+09,15152.8,39,12.208,11,0.0430227
667,5.49756e+11,2.35185e+09,14859.4,39,12.3311,11,0.0428938
668,1.09951e+12,3.71829e+09,10786.6,40,11.7598,10,0.0405555
669,4.39805e+12,5.92934e+09,10965,42,11.6416,10,0.0406311
670,4.39805e+12,1.21133e+10,26007.6,42,14.0273,13,0.0476146
671,3.51844e+13,5.10723e+10,20585.7,45,13.7686,12,0.047369
672,4.39805e+12,1.72705e+10,27444,42,14.6113,13,0.0490661
673,1.75922e+13,2.10289e+10,37330.4,44,14.9355,14,0.0511614
674,4.39805e+12,1.31734e+10,27546.4,42,14.7002,13,0.0495269
675,4.39805e+12,1.22184e+10,20368.6,42,14.0518,12,0.0483268
676,2.19902e+12,1.0668e+10,18311.2,41,13.7197,12,0.0478658
677,1.09951e+12,8.29819e+09,24386.2,40,14.0215,13,0.0483068
678,1.09951e+12,6.89352e+09,25800.6,40,14.0928,13,0.0489586
679,1.75922e+13,2.27701e+10,20727.4,44,13.8457,12,0.0482034
680,4.39805e+12,2.36819e+10,26480.7,42,14.4766,13,0.0502717
681,4.39805e+12,1.94305e+10,26324.5,42,13.9033,13,0.0486375
682,1.09951e+12,7.39792e+09,20585.7,40,13.4004,12,0.0474239
683,1.09951e+12,6.65531e+09,19995.2,40,13.5537,12,0.0481605
684,2.19902e+12,1.00477e+10,25915.9,41,13.8389,13,0.0480226
685,1.09951e+12,6.9874e+09,27024.8,40,13.8496,13,0.047482
686,2.19902e+12,8.08437e+09,24852.2,41,13.627,13,0.047519
687,4.39805e+12,1.58102e+10,24262.1,42,13.7666,13,0.04888
688,2.19902e+12,1.21209e+10,15961.9,41,13.1699,11,0.0470126
689,8.79609e+12,1.66441e+10,25638,43,13.9951,13,0.0493757
690,4.39805e+12,9.97953e+09,26257.2,42,14.1357,13,0.0492012
691,2.19902e+12,1.55334e+10,26414,41,14.1016,13,0.0492842
692,1.09951e+12,1.28375e+10,15946.6,40,13.5156,11,0.0487486
693,4.39805e+12,1.40777e+10,25189.3,42,13.8232,13,0.0481359
694,1.09951e+12,6.96087e+09,15135.8,40,12.8867,11,0.0455285
695,4.39805e+12,1.71579e+10,25260.8,42,14.1973,13,0.048812
696,8.79609e+12,3.0582e+10,20532,43,13.8965,12,0.0483638
697,4.39805e+12,7.52997e+09,27607.3,42,13.8389,13,0.0481123
698,1.09951e+12,4.98281e+09,19957.1,40,13.4932,12,0.0482693
699,8.79609e+12,1.36528e+10,21315.1,43,13.4463,12,0.0465234
700,4.39805e+12,1.56677e+10,27667.9,42,14.3721,13,0.0497637
701,1.75922e+13,3.69518e+10,27131,44,14.2422,13,0.0490264
702,4.39805e+12,1.65523e+10,36896,42,14.7354,14,0.0497557
703,4.39805e+12,9.07722e+09,26098.8,42,13.9824,13,0.0480587
704,2.19902e+12,1.41154e+10,56464.2,41,15.2725,15,0.0518615
705,4.39805e+12,1.97238e+10,36505.1,42,15.001,14,0.0500779
706,3.51844e+13,5.87505e+10,38690.9,45,14.8652,14,0.049908
707,4.39805e+12,2.09259e+10,56119.3,42,15.6074,15,0.0527249
708,4.39805e+12,2.26828e+10,57578.6,42,15.6279,15,0.0521857
709,4.39805e+12,1.71896e+10,55886.7,42,15.4482,15,0.0518702
710,4.39805e+12,1.5624e+10,39259.1,42,15.3301,14,0.0520129
711,1.09951e+12,6.8719e+09,37481.5,40,14.7031,14,0.0501838
712,4.39805e+12,2.23898e+10,89936.8,42,15.3984,16,0.0527397
713,8.79609e+12,2.38853e+10,58556.4,43,15.6445,15,0.0532935
714,8.79609e+12,1.64899e+10,35703,43,14.6191,14,0.0513051
715,8.79609e+12,4.59994e+10,93055.9,43,16.1289,16,0.0546158
716,3.51844e+13,5.3139e+10,56860.6,45,15.8105,15,0.0541649
717,1.75922e+13,6.38564e+10,89732.4,44,15.8281,16,0.0532865
718,3.51844e+13,9.60106e+10,57794.5,45,15.6455,15,0.053081
719,7.03687e+13,1.34114e+11,57551.4,46,15.5908,15,0.0529417
720,1.40737e+14,1.87883e+11,94783.7,47,16.5293,16,0.0563096
721,7.03687e+13,1.4762e+11,57740.8,46,15.7754,15,0.0534988
722,1.40737e+14,2.02413e+11,38620.9,47,14.9697,14,0.0500406
723,3.51844e+13,9.05876e+10,92240.9,45,16.2168,16,0.0542902
724,8.79609e+12,3.09622e+10,90409.6,43,15.7217,16,0.0528229
725,3.51844e+13,1.01386e+11,27046.1,45,14.4678,13,0.0498326
726,8.79609e+12,2.10121e+10,27299,43,13.9023,13,0.0479493
727,3.51844e+13,8.42282e+10,54511.5,45,15.0176,15,0.0513831
728,1.75922e+13,4.15272e+10,56349.8,44,15.2715,15,0.0536472
729,8.79609e+12,4.46869e+10,38385.3,43,15.1035,14,0.0524252
730,7.03687e+13,1.10638e+11,56691.5,46,15.2012,15,0.0525771
731,3.51844e+13,9.76586e+10,38097.6,45,15.4248,14,0.0524124
732,8.79609e+12,4.26577e+10,93393.5,43,16.1006,16,0.0559377
733,1.75922e+13,5.40704e+10,55622.7,44,15.25,15,0.0520929
734,8.79609e+12,3.74487e+10,56521.3,43,15.582,15,0.0531329
735,8.79609e+12,5.90868e+10,39236.9,43,15.0615,14,0.0517819
736,1.40737e+14,1.52735e+11,35512.1,47,14.6387,14,0.0510633
737,1.75922e+13,3.07369e+10,37755.3,44,14.7012,14,0.0512023
738,1.75922e+13,6.90407e+10,55117.2,44,15.2227,15,0.0533837
739,1.75922e+13,5.98409e+10,57387.7,44,15.1211,15,0.0521878
740,7.03687e+13,8.82613e+10,58061,46,15.4287,15,0.0530978
741,8.79609e+12,4.14162e+10,39478.8,43,15.251,14,0.051929
742,1.40737e+14,1.77976e+11,58140.2,47,15.4277,15,0.0518127
743,1.75922e+13,6.99547e+10,94084.8,44,16.2305,16,0.0541671
744,5.6295e+14,6.2881e+11,91792.4,49,15.9717,16,0.0535321
745,1.40737e+14,2.00966e+11,94320.4,47,16.4766,16,0.0563663
746,1.75922e+13,8.5869e+10,163311,44,17.6768,17,0.0599489
747,1.75922e+13,5.70407e+10,294584,44,17.4355,18,0.0582088
748,3.51844e+13,1.08428e+11,293952,45,17.6602,18,0.0594715
749,7.03687e+13,1.32835e+11,164885,46,17.5049,17,0.0586681
750,7.03687e+13,1.57635e+11,163603,46,17.2686,17,0.0587781
751,3.51844e+13,9.72186e+10,297099,45,17.7197,18,0.0598182
752,4.39805e+12,4.20426e+10,160301,42,17.1201,17,0.0577867
753,4.39805e+12,1.91804e+10,162148,42,16.999,17,0.0569279
754,1.75922e+13,5.85335e+10,162686,44,17.1514,17,0.0571716
755,3.51844e+13,8.33928e+10,160014,45,16.8438,17,0.0565671
756,7.03687e+13,1.50928e+11,58140.2,46,16.0352,15,0.0554054
757,7.03687e+13,1.29128e+11,95347.4,46,17.0586,16,0.0583339
758,3.51844e+13,1.05723e+11,158697,45,16.7822,17,0.0580876
759,3.51844e+13,1.05032e+11,57332.8,45,16.1904,15,0.0558809
760,1.75922e+13,7.79977e+10,92901,44,16.6367,16,0.0575629
761,1.40737e+14,3.57608e+11,95375.2,47,16.6719,16,0.058145
762,1.75922e+13,8.52109e+10,92017.5,44,16.4609,16,0.057509
763,7.03687e+13,2.94205e+11,160086,46,17.0967,17,0.059174
764,1.75922e+13,8.12569e+10,57167.3,44,15.9395,15,0.0559954
765,8.79609e+12,8.70483e+10,57056.3,43,16.1377,15,0.0564406
766,2.81475e+14,4.57958e+11,92113.4,48,16.251,16,0.057178
767,3.51844e+13,1.35603e+11,90777.1,45,16.8711,16,0.0573938
768,7.03687e+13,2.01813e+11,53801,46,16.1572,15,0.0560646
769,3.51844e+13,1.30102e+11,26121.5,45,15.8936,13,0.0563715
770,7.03687e+13,2.46232e+11,94524.4,46,16.9678,16,0.0590841
771,1.75922e+13,1.11017e+11,58192.8,44,16.3965,15,0.0572255
772,7.03687e+13,1.63206e+11,27152.1,46,15.3564,13,0.0544528
773,3.51844e+13,1.62441e+11,39057.6,45,15.9082,14,0.0554881
774,7.03687e+13,1.98168e+11,54906.6,46,16.2305,15,0.056234
775,7.03687e+13,1.54042e+11,91009,46,16.6104,16,0.0575985
776,3.51844e+13,1.36006e+11,161359,45,16.8818,17,0.057982
777,3.51844e+13,1.83022e+11,94173.4,45,17.1934,16,0.0594406
778,2.81475e+14,7.06092e+11,158808,48,17.3633,17,0.06015
779,1.40737e+14,2.37336e+11,297612,47,17.7656,18,0.0621965
780,1.1259e+15,1.29128e+12,561723,50,18.8164,19,0.0650735
781,1.44115e+17,1.40976e+14,563512,57,18.9336,19,0.0652782
782,4.5036e+15,5.06393e+12,4.24546e+06,52,21.0059,22,0.0708312
783,2.81475e+14,9.05387e+11,1.09329e+06,48,20.4502,20,0.066992
784,5.6295e+14,1.90625e+12,2.14986e+06,49,20.751,21,0.0678748
785,5.6295e+14,1.329e+12,1.09469e+06,49,20.3467,20,0.066786
786,2.2518e+15,4.61983e+12,564455,51,19.2246,19,0.0640783
787,7.03687e+13,3.58877e+11,2.14873e+06,46,20.6885,21,0.0662677
788,5.6295e+14,1.17819e+12,2.14246e+06,49,20.0801,21,0.0651717
789,1.40737e+14,6.85834e+11,1.09198e+06,47,20.0146,20,0.0650226
790,4.5036e+15,7.77002e+12,1.09266e+06,52,20.3955,20,0.0666613
791,5.6295e+14,1.07607e+12,1.08928e+06,49,19.5537,20,0.0649528
792,5.6295e+14,1.72672e+12,2.14936e+06,49,20.541,21,0.0675761
793,2.81475e+14,5.20473e+11,564338,48,19.5537,19,0.0649826
794,1.1259e+15,1.48091e+12,1.08868e+06,50,19.585,20,0.0663568
795,1.40737e+14,1.579e+12,4.24469e+06,47,20.8672,22,0.070934
796,4.5036e+15,5.70334e+12,4.24577e+06,52,21.1064,22,0.0720723
797,5.6295e+14,1.46987e+12,560505,49,19.3213,19,0.0661743
798,2.81475e+14,1.0575e+12,2.14489e+06,48,20.3926,21,0.0689911
799,1.1259e+15,1.44086e+12,162586,50,18.1953,17,0.0618965
800,2.8823e+17,2.82227e+14,8.44275e+06,58,21.3584,23,0.0720911
801,1.1259e+15,2.41635e+12,2.14232e+06,50,20.5303,21,0.0683865
802,1.40737e+14,6.95875e+11,4.24099e+06,47,20.752,22,0.0687117
803,4.5036e+15,5.80924e+12,4.24935e+06,52,21.3105,22,0.0711348
804,5.6295e+14,1.12735e+12,8.4473e+06,49,21.4355,23,0.0713553
805,1.1259e+15,3.00507e+12,8.4384e+06,50,21.3203,23,0.0716037
806,4.5036e+15,5.34849e+12,1.09262e+06,52,20.4453,20,0.0691191
807,4.5036e+15,8.82652e+12,4.24657e+06,52,20.915,22,0.0687811
808,2.81475e+14,1.06775e+12,4.24612e+06,48,20.9209,22,0.0697062
809,5.6295e+14,1.81041e+12,4.24732e+06,49,20.7754,22,0.069821
810,4.5036e+15,4.88308e+12,2.14203e+06,52,20.2051,21,0.0670771
811,2.2518e+15,5.46013e+12,4.24873e+06,51,21.7412,22,0.0712032
812,2.81475e+14,1.30527e+12,4.24474e+06,48,21.2549,22,0.0703303
813,1.40737e+14,8.71375e+11,4.245e+06,47,20.9424,22,0.0694335
814,1.40737e+14,6.81527e+11,2.14456e+06,47,20.5439,21,0.0698624
815,1.1259e+15,4.09156e+12,2.14442e+06,50,20.6221,21,0.0682491
816,7.20576e+16,7.43924e+13,2.14158e+06,56,20.4414,21,0.0680349
817,2.2518e+15,3.70915e+12,4.25166e+06,51,21.7344,22,0.0717773
818,1.80144e+16,1.99707e+13,4.24276e+06,54,21.4736,22,0.0714278
819,9.0072e+15,1.05841e+13,2.14563e+06,53,20.8037,21,0.0691373
820,1.1259e+15,3.87319e+12,1.6834e+07,50,22.1895,24,0.0744967
821,9.0072e+15,9.69319e+12,8.44275e+06,53,21.5488,23,0.0721532
822,9.0072e+15,1.17644e+13,8.44818e+06,53,22.2422,23,0.0737138
823,2.81475e+14,2.06575e+12,3.36101e+07,48,22.8467,25,0.0768954
824,2.81475e+14,2.13848e+12,1.68277e+07,48,22.2812,24,0.0756414
825,1.1259e+15,3.23587e+12,1.68374e+07,50,22.4072,24,0.0758178
826,5.6295e+14,1.76088e+12,8.44724e+06,49,22.1836,23,0.0741496
827,4.5036e+15,8.35979e+12,4.25098e+06,52,21.6553,22,0.0737855
828,2.2518e+15,4.90095e+12,4.24747e+06,51,22.0566,22,0.0750638
829,2.2518e+15,4.56729e+12,8.43905e+06,51,22.0039,23,0.0740157
830,1.1259e+15,3.2855e+12,1.68417e+07,50,22.6191,24,0.0761609
831,1.80144e+16,2.13446e+13,4.24551e+06,54,21.5576,22,0.074238
832,2.81475e+14,1.55793e+12,8.44331e+06,48,22.2285,23,0.074759
833,1.40737e+14,9.7619e+11,8.44231e+06,47,22.0508,23,0.0750726
834,5.6295e+14,2.64172e+12,8.4414e+06,49,21.7656,23,0.0739098
835,1.40737e+14,1.27931e+12,4.2411e+06,47,21.5195,22,0.0733568
836,5.6295e+14,2.25047e+12,1.09342e+06,49,20.3037,20,0.0705858
837,2.81475e+14,1.23136e+12,1.08973e+06,48,20.0713,20,0.0682995
838,2.81475e+14,1.84593e+12,1.09053e+06,48,20.5723,20,0.070331
839,1.40737e+14,9.19739e+11,2.14676e+06,47,20.6699,21,0.0703737
840,1.1259e+15,2.37438e+12,1.08845e+06,50,20.0146,20,0.0690813
841,1.1259e+15,2.57159e+12,296579,50,19.0977,18,0.0659178
842,2.81475e+14,1.30213e+12,560419,48,19.3311,19,0.0669742
843,1.40737e+14,6.63692e+11,1.08973e+06,47,19.8916,20,0.0678178
844,2.2518e+15,2.86866e+12,562951,51,19.5215,19,0.0671074
845,5.6295e+14,1.47833e+12,1.08831e+06,49,20.1729,20,0.0699545
846,5.6295e+14,1.09636e+12,162719,49,18.5439,17,0.0663575
847,2.2518e+15,2.71345e+12,162351,51,18.6182,17,0.0654232
848,2.2518e+15,3.17597e+12,297062,51,19.1426,18,0.0681093
849,5.6295e+14,2.56454e+12,1.08827e+06,49,20.7129,20,0.0715954
850,2.81475e+14,1.23298e+12,1.09058e+06,48,20.6494,20,0.0710139
851,1.1259e+15,3.44097e+12,1.09283e+06,50,20.625,20,0.0700812
852,2.81475e+14,1.66789e+12,1.09441e+06,48,20.2979,20,0.0706794
853,2.2518e+15,4.6971e+12,297829,51,19.6953,18,0.0684654
854,5.6295e+14,1.87832e+12,563112,49,20.0381,19,0.0698703
855,1.1259e+15,3.63297e+12,297937,50,19.4736,18,0.0678133
856,5.6295e+14,2.66054e+12,563947,49,20.1035,19,0.0706944
857,5.6295e+14,2.05951e+12,296766,49,19.291,18,0.0677549
858,1.1259e+15,2.40385e+12,565823,50,19.7227,19,0.0691696
859,1.40737e+14,1.2087e+12,1.09236e+06,47,20.4199,20,0.0708509
860,2.81475e+14,1.75357e+12,2.14609e+06,48,20.9512,21,0.0724087
861,5.6295e+14,2.40724e+12,1.08905e+06,49,20.0732,20,0.0699672
862,1.1259e+15,2.20799e+12,563908,50,19.6699,19,0.0672691
863,1.1259e+15,3.96487e+12,561473,50,19.4766,19,0.0671446
864,1.1259e+15,2.22659e+12,564994,50,20.0215,19,0.0685379
865,2.81475e+14,1.0409e+12,299240,48,19.6309,18,0.0685047
866,1.1259e+15,2.02547e+12,296914,50,19.3018,18,0.0664099
867,1.1259e+15,2.10315e+12,559518,50,19.5986,19,0.0690388
868,1.1259e+15,4.10963e+12,162619,50,18.959,17,0.0673198
869,2.2518e+15,6.52233e+12,164610,51,19.1973,17,0.0676983
870,4.5036e+15,6.35846e+12,295747,52,19.2246,18,0.0671515
871,9.0072e+15,1.23073e+13,558469,53,19.8359,19,0.0695627
872,2.81475e+14,1.66347e+12,161359,48,18.3027,17,0.0655899
873,2.81475e+14,1.45132e+12,558777,48,19.3535,19,0.0681494
874,5.6295e+14,2.16197e+12,294467,49,19.1396,18,0.0675066
875,9.0072e+15,1.09716e+13,296840,53,18.9561,18,0.0670987
876,1.1259e+15,3.67033e+12,2.13999e+06,50,20.6777,21,0.0727327
877,1.1259e+15,2.91214e+12,1.09049e+06,50,20.5713,20,0.0731405
878,1.1259e+15,4.28823e+12,1.09572e+06,50,20.6689,20,0.073607
879,1.1259e+15,4.10217e+12,4.24244e+06,50,21.2637,22,0.0748686
880,9.0072e+15,1.23266e+13,2.14568e+06,53,21.1826,21,0.0747304
881,5.6295e+14,2.67402e+12,8.44275e+06,49,21.623,23,0.0768429
882,5.6295e+14,3.91256e+12,3.36143e+07,49,22.8789,25,0.0794236
883,1.1259e+15,3.19484e+12,2.14222e+06,50,20.3672,21,0.0722483
884,1.1259e+15,3.28326e+12,563789,50,20.2354,19,0.0715916
885,2.81475e+14,1.54958e+12,8.43875e+06,48,22.1416,23,0.0776349
886,4.5036e+15,8.79661e+12,4.24077e+06,52,21.0928,22,0.0734211
887,2.2518e+15,4.58379e+12,4.24978e+06,51,21.4277,22,0.0754724
888,1.80144e+16,2.51026e+13,8.44049e+06,54,21.8799,23,0.0757713
889,9.0072e+15,1.23655e+13,4.24796e+06,53,21.9541,22,0.0773185
890,9.0072e+15,1.42097e+13,162552,53,19.54,17,0.0682895
891,2.2518e+15,5.29105e+12,4.24935e+06,51,22.1895,22,0.0779085
892,5.6295e+14,2.10204e+12,4.23665e+06,49,21.1855,22,0.0744679
893,1.1259e+15,5.50698e+12,8.4398e+06,50,21.7012,23,0.0755839
894,2.81475e+14,1.5669e+12,4.24742e+06,48,21.8535,22,0.0758727
895,4.5036e+15,1.47268e+13,2.14563e+06,52,20.9336,21,0.0719357
896,4.5036e+15,9.57645e+12,8.44994e+06,52,22.4844,23,0.0783357
897,1.1259e+15,4.96634e+12,3.36187e+07,50,23.3066,25,0.080857
898,5.6295e+14,3.73623e+12,3.36197e+07,49,23.7021,25,0.0830718
899,1.1259e+15,4.84203e+12,8.44219e+06,50,22.5645,23,0.078348
900,1.80144e+16,2.09583e+13,8.44474e+06,54,22.3076,23,0.0772589
901,4.5036e+15,7.14125e+12,3.3616e+07,52,23.0449,25,0.0805763
902,1.1259e+15,5.23187e+12,1.68381e+07,50,22.8105,24,0.0793918
903,9.0072e+15,1.33352e+13,2.1469e+06,53,21.1914,21,0.0740918
904,2.2518e+15,7.26947e+12,1.68404e+07,51,23.2148,24,0.0801042
905,4.5036e+15,9.8357e+12,1.68437e+07,52,23.0098,24,0.0794036
906,9.0072e+15,2.72e+13,1.68392e+07,53,23.3164,24,0.0812608
907,9.0072e+15,1.5196e+13,6.71756e+07,53,23.6914,26,0.0815552
908,2.2518e+15,7.83582e+12,1.68418e+07,51,23.3555,24,0.0796772
909,1.1259e+15,6.03168e+12,3.36227e+07,50,23.8799,25,0.0818947
910,4.5036e+15,1.39834e+13,3.36183e+07,52,23.7363,25,0.0818336
911,4.5036e+15,1.31163e+13,4.24859e+06,52,22.1631,22,0.078021
912,9.0072e+15,3.77231e+13,3.36251e+07,53,24.0488,25,0.0842526
913,1.1259e+15,7.89032e+12,1.3429e+08,50,24.085,27,0.0833727
914,9.0072e+15,1.7054e+13,3.36179e+07,53,22.8096,25,0.0796794
915,2.2518e+15,7.59509e+12,1.68334e+07,51,22.9385,24,0.0822059
916,2.2518e+15,1.01585e+13,8.4474e+06,51,22.6846,23,0.0802573
917,1.1259e+15,8.20541e+12,1.68326e+07,50,23.2412,24,0.0822947
918,4.5036e+15,8.16993e+12,1.68326e+07,52,22.9219,24,0.0810143
919,2.2518e+15,1.03958e+13,3.36262e+07,51,23.6943,25,0.0852143
920,1.80144e+16,2.4932e+13,1.68417e+07,54,23.2578,24,0.0843425
921,4.5036e+15,9.63854e+12,6.71785e+07,52,24.1543,26,0.0867617
922,1.1259e+15,5.12407e+12,4.24526e+06,50,22.5859,22,0.0799231
923,2.2518e+15,8.52763e+12,8.44539e+06,51,23.2217,23,0.082956
924,9.0072e+15,1.67811e+13,4.24727e+06,53,22.4717,22,0.079068
925,4.5036e+15,8.62843e+12,8.43834e+06,52,22.4844,23,0.0797733
926,4.5036e+15,1.13386e+13,4.24386e+06,52,22.8555,22,0.0801857
927,4.5036e+15,1.2054e+13,1.09146e+06,52,21.3916,20,0.0759595
928,7.20576e+16,7.59663e+13,1.09031e+06,56,21.1328,20,0.0762481
929,9.0072e+15,1.7117e+13,8.44281e+06,53,22.8926,23,0.0792722
930,4.5036e+15,1.12856e+13,1.08932e+06,52,21.1377,20,0.074217
931,1.1259e+15,5.27534e+12,4.23857e+06,50,21.9365,22,0.0768071
932,2.2518e+15,9.02376e+12,4.24572e+06,51,22.7344,22,0.0801548
933,9.0072e+15,1.54364e+13,4.24207e+06,53,22.8936,22,0.0793039
934,2.2518e+15,7.35733e+12,8.44003e+06,51,22.3799,23,0.0776158
935,9.0072e+15,1.62159e+13,8.44533e+06,53,22.9316,23,0.0808406
936,1.1259e+15,7.9039e+12,1.68365e+07,50,23.2217,24,0.0827825
937,4.5036e+15,1.06714e+13,1.68349e+07,52,22.9316,24,0.0816294
938,9.0072e+15,3.56123e+13,4.24973e+06,53,22.3682,22,0.080042
939,2.2518e+15,1.34619e+13,4.24835e+06,51,22.4756,22,0.0800964
940,4.5036e+15,1.10524e+13,2.13617e+06,52,21.5791,21,0.0770625
941,4.5036e+15,1.12038e+13,4.24423e+06,52,22.1572,22,0.0794217
942,9.0072e+15,2.12665e+13,2.14489e+06,53,21.8623,21,0.0774017
943,3.60288e+16,5.08878e+13,2.14034e+06,55,21.6592,21,0.0776366
944,1.80144e+16,3.33989e+13,8.4475e+06,54,22.7324,23,0.0812349
945,9.0072e+15,3.22051e+13,8.43864e+06,53,22.7744,23,0.0820522
946,9.0072e+15,2.19545e+13,4.24223e+06,53,22.1846,22,0.0798697
947,1.1259e+15,7.86115e+12,2.14198e+06,50,21.3789,21,0.0763483
948,4.5036e+15,1.35105e+13,2.13763e+06,52,21.5,21,0.077152
949,7.20576e+16,8.06352e+13,2.14203e+06,56,21.4258,21,0.0770562
950,1.80144e+16,3.05014e+13,2.14428e+06,54,21.7441,21,0.0765638
951,3.60288e+16,4.40636e+13,4.24228e+06,55,22.1592,22,0.0783616
952,3.60288e+16,6.7082e+13,4.24796e+06,55,22.3389,22,0.0806589
953,1.1259e+15,5.78363e+12,2.13638e+06,50,21.5742,21,0.0786002
954,2.2518e+15,1.02135e+13,2.14198e+06,51,21.0811,21,0.0768834
955,4.5036e+15,1.60967e+13,555952,52,19.9824,19,0.0721137
956,1.80144e+16,4.91127e+13,1.08729e+06,54,20.7236,20,0.0748356
957,1.1259e+15,6.3453e+12,298295,50,19.9297,18,0.0711293
958,4.5036e+15,2.07204e+13,562504,52,20.332,19,0.0741429
959,1.1259e+15,7.5007e+12,1.08986e+06,50,20.6904,20,0.0735794
960,2.2518e+15,1.27707e+13,1.08873e+06,51,20.877,20,0.0750407
961,4.5036e+15,9.87748e+12,293352,52,19.4834,18,0.0697127
962,9.0072e+15,2.57572e+13,296951,53,20.1572,18,0.0727252
963,1.1259e+15,7.19149e+12,157683,50,18.5156,17,0.066661
964,9.0072e+15,1.75539e+13,301059,53,19.9141,18,0.0713035
965,2.2518e+15,8.78502e+12,299033,51,19.9707,18,0.0716312
966,4.5036e+15,1.13614e+13,299547,52,19.8633,18,0.0716904
967,4.5036e+15,1.73673e+13,564182,52,20.1982,19,0.0730128
968,2.2518e+15,1.00914e+13,562259,51,20.2734,19,0.0734652
969,2.2518e+15,7.8374e+12,294427,51,19.4463,18,0.0703011
970,1.80144e+16,2.24819e+13,163148,54,19.1602,17,0.0699729
971,9.0072e+15,2.27726e+13,2.14658e+06,53,21.7646,21,0.0793221
972,9.0072e+15,2.24513e+13,1.08831e+06,53,20.8438,20,0.0771022
973,7.20576e+16,9.47016e+13,4.24546e+06,56,21.8291,22,0.0809775
974,2.2518e+15,8.59925e+12,294741,51,19.8496,18,0.0726028
975,9.0072e+15,1.81638e+13,95067.8,53,19.3994,16,0.0715601
976,2.2518e+15,1.23442e+13,27003.5,51,17.9121,13,0.0651745
977,2.2518e+15,1.24467e+13,57469.7,51,19.084,15,0.0695833
978,3.60288e+16,7.4556e+13,161289,55,19.5811,17,0.0715611
979,1.80144e+16,3.90091e+13,94783.7,54,19.4375,16,0.0701538
980,9.0072e+15,2.56208e+13,162652,53,19.3975,17,0.070025
981,1.44115e+17,1.61489e+14,93025,57,19.125,16,0.0693952
982,9.0072e+15,3.18942e+13,157569,53,19.9229,17,0.0729462
983,1.80144e+16,6.33725e+13,37050.4,54,19.0342,14,0.0688086
984,1.80144e+16,5.43553e+13,88519.8,54,19.3447,16,0.0705463
985,7.20576e+16,1.83868e+14,292458,56,20.4014,18,0.0751609
986,1.80144e+16,7.45948e+13,58401.6,54,19.8369,15,0.0747365
987,1.80144e+16,5.04564e+13,160086,54,20.0449,17,0.0743504
988,4.5036e+15,2.43124e+13,56521.3,52,19.8457,15,0.073796
989,3.60288e+16,1.36316e+14,57222.6,55,19.7578,15,0.0737511
990,1.80144e+16,8.46134e+13,37279.8,54,19.0996,14,0.0708016
991,1.44115e+17,1.74779e+14,26121.5,57,18.3574,13,0.0680049
992,4.5036e+15,4.71075e+13,57578.6,52,19.917,15,0.0746621
993,7.20576e+16,1.5392e+14,94983,56,20.5928,16,0.0760698
994,5.76461e+17,7.57134e+14,2.14456e+06,59,22.5713,21,0.0822847
995,7.20576e+16,1.69123e+14,2.14414e+06,56,22.3281,21,0.0802974
996,1.44115e+17,2.2321e+14,2.14622e+06,57,22.1172,21,0.0797258
997,1.44115e+17,2.76013e+14,93636.3,57,20.2285,16,0.0721603
998,2.8823e+17,4.18843e+14,558908,58,21.001,19,0.0760779
999,1.15292e+18,1.4649e+15,4.24077e+06,60,22.8906,22,0.0831719
1000,1.80144e+16,5.49445e+13,162182,54,20.6387,17,0.0748437
1001,1.15292e+18,1.52745e+15,93966,60,20.1924,16,0.073738
1002,7.20576e+16,1.33056e+14,1.09544e+06,56,21.7148,20,0.0810897
1003,1.80144e+16,4.92911e+13,91598.3,54,20.1455,16,0.074584
1004,4.5036e+15,2.94791e+13,58556.4,52,20.1943,15,0.0762097
1005,1.15292e+18,1.17851e+15,159030,60,20.2441,17,0.0754543
1006,1.44115e+17,2.01209e+14,159251,57,20.4053,17,0.0773338
1007,3.60288e+16,8.43574e+13,1.09124e+06,55,21.7041,20,0.0801263
1008,9.0072e+15,3.42266e+13,295053,53,20.5684,18,0.076229
1009,1.44115e+17,1.94549e+14,564338,57,21.377,19,0.0790322
1010,7.20576e+16,1.10746e+14,2.13537e+06,56,21.7256,21,0.080514
1011,3.60288e+16,9.33735e+13,296840,55,20.8193,18,0.0762329
1012,7.20576e+16,1.89162e+14,563947,56,21.083,19,0.0777341
1013,1.80144e+16,7.31338e+13,563232,54,21.2266,19,0.0785171
1014,3.60288e+16,7.29975e+13,563670,55,21.252,19,0.0785125
1015,9.0072e+15,3.87486e+13,4.24104e+06,53,22.21,22,0.0814454
1016,1.44115e+17,3.17067e+14,1.08407e+06,57,21.1338,20,0.077479
1017,3.60288e+16,1.3193e+14,8.44745e+06,55,23.2656,23,0.0854541
1018,1.80144e+16,7.38434e+13,4.23968e+06,54,22.29,22,0.0816623
1019,1.44115e+17,2.55932e+14,2.14069e+06,57,21.8262,21,0.0791266
1020,7.20576e+16,1.3223e+14,2.14395e+06,56,21.9258,21,0.0812955
1021,7.20576e+16,1.9787e+14,2.14217e+06,56,22.0547,21,0.0804881
1022,7.20576e+16,1.26186e+14,4.24386e+06,56,22.5742,22,0.0842618
1023,1.80144e+16,4.01127e+13,1.68354e+07,54,23.2822,24,0.0864467
1024,7.20576e+16,1.68099e+14,3.36158e+07,56,23.2588,25,0.0864332
1025,3.60288e+16,1.01803e+14,8.43963e+06,55,22.5879,23,0.0836248
1026,9.0072e+15,2.52457e+13,8.44724e+06,53,22.3311,23,0.0830291
1027,3.60288e+16,8.09168e+13,1.6832e+07,55,23.085,24,0.08638
1028,1.44115e+17,1.94405e+14,8.43922e+06,57,22.582,23,0.0836214
1029,1.80144e+16,4.12637e+13,6.71669e+07,54,23.626,26,0.0872284
1030,2.2518e+15,1.66344e+13,1.68318e+07,51,22.8418,24,0.0841434
1031,9.0072e+15,3.60763e+13,1.68367e+07,53,22.9287,24,0.0838375
1032,9.0072e+15,4.93827e+13,4.25117e+06,53,22.0029,22,0.0808375
1033,1.80144e+16,5.88383e+13,2.14386e+06,54,21.7939,21,0.0811006
1034,1.80144e+16,6.63409e+13,4.24323e+06,54,22.2529,22,0.0819625
1035,1.80144e+16,2.91668e+13,563710,54,20.9902,19,0.0771031
1036,1.44115e+17,2.69915e+14,2.14183e+06,57,21.2012,21,0.0794019
1037,2.2518e+15,1.92776e+13,561930,51,20.9961,19,0.0779274
1038,2.2518e+15,1.23099e+13,566774,51,20.4395,19,0.0750538
1039,4.5036e+15,1.78533e+13,1.08991e+06,52,21.2334,20,0.0791965
1040,9.0072e+15,3.47542e+13,1.09076e+06,53,21.5479,20,0.0799164
1041,9.0072e+15,3.65646e+13,1.09093e+06,53,21.0342,20,0.0785671
1042,9.0072e+15,4.02488e+13,4.24147e+06,53,22.0166,22,0.0825609
1043,4.5036e+15,2.31538e+13,4.24474e+06,52,22.0273,22,0.0823331
1044,4.5036e+15,1.59701e+13,4.2449e+06,52,22.2158,22,0.0824793
1045,1.80144e+16,3.74398e+13,1.09058e+06,54,20.7168,20,0.0777478
1046,9.0072e+15,2.75342e+13,1.08543e+06,53,20.7148,20,0.0769294
1047,9.0072e+15,4.13611e+13,1.09128e+06,53,21.0625,20,0.0784138
1048,7.20576e+16,7.94365e+13,296877,56,20.1963,18,0.0746105
1049,9.0072e+15,3.85133e+13,1.68303e+07,53,23.1719,24,0.0869483
1050,7.20576e+16,1.36767e+14,8.44677e+06,56,22.7451,23,0.0844613
1051,4.5036e+15,2.17533e+13,1.68331e+07,52,23.5957,24,0.0879293
1052,1.80144e+16,6.32306e+13,1.68337e+07,54,23.3828,24,0.0867553
1053,9.0072e+15,3.40135e+13,1.68359e+07,53,23.332,24,0.0868048
1054,1.44115e+17,1.64967e+14,4.24667e+06,57,22.1504,22,0.0825118
1055,1.80144e+16,9.52722e+13,1.68391e+07,54,24.0801,24,0.0902035
1056,1.80144e+16,4.20795e+13,1.09697e+06,54,21.5352,20,0.0813676
1057,1.80144e+16,4.62449e+13,1.09045e+06,54,21.4717,20,0.0804039
1058,1.80144e+16,4.81798e+13,1.08932e+06,54,20.7773,20,0.0780732
1059,1.44115e+17,2.36251e+14,8.43494e+06,57,22.4482,23,0.0837448
1060,1.80144e+16,4.29099e+13,8.44375e+06,54,23.0977,23,0.0877719
1061,9.0072e+15,2.52017e+13,2.14144e+06,53,21.5117,21,0.081759
1062,7.20576e+16,1.64037e+14,4.24088e+06,56,22.2256,22,0.0833107
1063,2.8823e+17,3.09495e+14,4.24697e+06,58,21.8799,22,0.0843175
1064,1.80144e+16,7.89664e+13,1.68344e+07,54,23.457,24,0.0908901
1065,3.60288e+16,8.07825e+13,8.43922e+06,55,22.501,23,0.0861184
1066,7.20576e+16,1.08799e+14,8.43858e+06,56,22.7139,23,0.0875496
1067,7.20576e+16,1.43224e+14,8.43945e+06,56,22.835,23,0.0890724
1068,1.44115e+17,2.26967e+14,3.36124e+07,57,23.3311,25,0.0905953
1069,7.20576e+16,2.19422e+14,8.43951e+06,56,22.665,23,0.0868532
1070,2.30584e+18,2.58605e+15,8.44015e+06,61,22.9795,23,0.088321
1071,9.22337e+18,9.17299e+15,3.36137e+07,63,24.4082,25,0.0937628
1072,2.8823e+17,4.81993e+14,1.34274e+08,58,25.0771,27,0.0976731
1073,3.60288e+16,8.86998e+13,1.34291e+08,55,25.6104,27,0.0991864
1074,9.0072e+15,4.59667e+13,3.36198e+07,53,24.4541,25,0.0944652
1075,7.20576e+16,3.0927e+14,1.34285e+08,56,25.208,27,0.0969039
1076,1.44115e+17,2.83601e+14,8.44397e+06,57,23.1719,23,0.0885416
1077,7.20576e+16,1.63267e+14,8.44645e+06,56,23.5791,23,0.089547
1078,1.80144e+16,7.85398e+13,8.44517e+06,54,23.4648,23,0.0898027
1079,3.60288e+16,1.12384e+14,8.44386e+06,55,23.0459,23,0.0877926
1080,1.44115e+17,3.61787e+14,1.6841e+07,57,24.3965,24,0.0934578
1081,3.60288e+16,8.27123e+13,3.36114e+07,55,24.3232,25,0.0928591
1082,4.5036e+15,2.95757e+13,1.68328e+07,52,23.6475,24,0.0923412
1083,2.8823e+17,3.35684e+14,4.24892e+06,58,23.6699,22,0.0917982
1084,1.80144e+16,1.00945e+14,2.13999e+06,54,22.5244,21,0.0866257
1085,3.60288e+16,8.2263e+13,4.24386e+06,55,23.4453,22,0.0901575
1086,1.44115e+17,1.76412e+14,2.14054e+06,57,22.4619,21,0.0875869
1087,7.20576e+16,1.72768e+14,298928,56,21.3232,18,0.0824659
1088,2.8823e+17,3.25616e+14,559691,58,21.5332,19,0.0830571
1089,2.8823e+17,4.06411e+14,4.2366e+06,58,22.0156,22,0.0856017
1090,7.20576e+16,1.56813e+14,1.08813e+06,56,21.124,20,0.083744
1091,3.60288e+16,7.07523e+13,561306,55,20.668,19,0.0813418
1092,7.20576e+16,1.07563e+14,557581,56,20.292,19,0.0797494
1093,3.60288e+16,8.83553e+13,2.14232e+06,55,22.4463,21,0.0884711
1094,1.80144e+16,6.73914e+13,4.24104e+06,54,22.6602,22,0.0898414
1095,3.60288e+16,1.28699e+14,2.13841e+06,55,21.8604,21,0.0867421
1096,7.20576e+16,1.50525e+14,562341,56,21.2422,19,0.0844231
1097,7.20576e+16,1.76912e+14,160444,56,19.9053,17,0.0778282
1098,3.60288e+16,9.07836e+13,562829,55,21.8506,19,0.0854967
1099,1.44115e+17,2.44649e+14,1.09279e+06,57,22.3115,20,0.085345
1100,9.0072e+15,5.49272e+13,1.08407e+06,53,22.0371,20,0.0839039
1101,1.80144e+16,9.9075e+13,8.44576e+06,54,23.8848,23,0.0905185
1102,3.60288e+16,1.56499e+14,1.68358e+07,55,24.4434,24,0.092881
1103,1.44115e+17,2.51556e+14,3.36169e+07,57,24.1357,25,0.0919779
1104,3.60288e+16,1.24958e+14,2.68511e+08,55,26.5215,28,0.101109
1105,1.44115e+17,3.19153e+14,1.34278e+08,57,25.8252,27,0.0981381
1106,1.80144e+16,1.24849e+14,5.3695e+08,54,26.8359,29,0.102664
1107,3.60288e+16,1.45157e+14,5.36952e+08,55,26.4619,29,0.101705
1108,7.20576e+16,2.97656e+14,2.68509e+08,56,26.252,28,0.0996478
1109,7.20576e+16,2.80579e+14,2.68508e+08,56,25.8418,28,0.0993153
1110,3.60288e+16,1.71386e+14,1.34286e+08,55,25.8965,27,0.0986449
1111,7.20576e+16,2.60295e+14,3.36137e+07,56,24.5479,25,0.0929061
1112,5.76461e+17,8.47454e+14,3.36134e+07,59,25.1797,25,0.0967416
1113,1.44115e+17,2.21372e+14,1.34292e+08,57,25.6641,27,0.0979312
1114,7.20576e+16,3.32497e+14,1.34297e+08,56,26.002,27,0.0990932
1115,1.15292e+18,1.39186e+15,8.44225e+06,60,24.0078,23,0.0911892
1116,2.8823e+17,5.73892e+14,4.29506e+09,58,28.2275,32,0.109068
1117,1.15292e+18,1.47966e+15,4.29507e+09,60,28.7471,32,0.111969
1118,1.15292e+18,1.52202e+15,4.29506e+09,60,28.877,32,0.112221
1119,9.22337e+18,1.14434e+16,1.718e+10,63,29.9336,34,0.117373
1120,1.47574e+20,1.46978e+17,8.59003e+09,67,29.585,33,0.11594
1121,1.44115e+17,4.9771e+14,1.07383e+09,57,28.001,30,0.111004
1122,2.8823e+17,1.1249e+15,1.07383e+09,58,27.752,30,0.110663
1123,1.15292e+18,1.78111e+15,1.07382e+09,60,27.417,30,0.108605
1124,1.15292e+18,2.37566e+15,4.29507e+09,60,28.377,32,0.112208
1125,1.44115e+17,7.34284e+14,8.59004e+09,57,29.1582,33,0.114548
1126,1.84467e+19,3.62907e+16,1.07383e+09,64,27.4688,30,0.107792
1127,2.8823e+17,7.49866e+14,2.6851e+08,58,27.1855,28,0.106046
1128,2.30584e+18,3.91908e+15,1.34293e+08,61,27.0898,27,0.106581
1129,1.15292e+18,1.52118e+15,4.29506e+09,60,28.7207,32,0.111988
1130,7.20576e+16,4.37021e+14,1.718e+10,56,29.4199,34,0.115586
1131,2.8823e+17,5.86677e+14,5.36957e+08,58,26.9365,29,0.105509
1132,2.30584e+18,4.27802e+15,4.29504e+09,61,28.3672,32,0.110869
1133,7.3787e+19,7.34039e+16,4.29505e+09,66,27.7881,32,0.110118
1134,2.8823e+17,1.30181e+15,4.29507e+09,58,28.6475,32,0.114187
1135,5.76461e+17,1.71767e+15,4.29506e+09,59,28.4326,32,0.113614
1136,1.15292e+18,2.32831e+15,1.07382e+09,60,27.5381,30,0.110612
1137,2.30584e+18,2.74204e+15,4.29507e+09,61,28.8262,32,0.115451
1138,7.20576e+16,2.59552e+14,2.14758e+09,56,27.75,31,0.114394
1139,9.22337e+18,9.8641e+15,5.36944e+08,63,26.2939,29,0.106207
1140,1.44115e+17,4.87586e+14,8.59003e+09,57,28.5645,33,0.115132
1141,2.8823e+17,7.3265e+14,4.29506e+09,58,27.6396,32,0.111336
1142,1.44115e+17,6.74626e+14,1.718e+10,57,28.4766,34,0.113974
1143,1.44115e+17,4.44109e+14,2.68516e+08,57,26.3379,28,0.104778
1144,1.44115e+17,5.67e+14,4.29507e+09,57,28.2061,32,0.110322
1145,5.76461e+17,1.51569e+15,2.14757e+09,59,27.8154,31,0.108807
1146,5.76461e+17,1.12465e+15,1.07382e+09,59,27.043,30,0.10555
1147,1.15292e+18,1.65267e+15,4.29506e+09,60,27.3711,32,0.106128
1148,2.30584e+18,2.69217e+15,8.59003e+09,61,28.709,33,0.111258
1149,1.15292e+18,1.66147e+15,4.29507e+09,60,28.0635,32,0.109497
1150,1.44115e+17,7.5711e+14,1.718e+10,57,29.3076,34,0.113021
1151,4.61169e+18,5.99237e+15,4.29506e+09,62,28.3682,32,0.109201
1152,5.76461e+17,1.52039e+15,4.29507e+09,59,28.6914,32,0.109821
1153,2.8823e+17,6.78449e+14,5.36963e+08,58,27.5488,29,0.104609
1154,1.44115e+17,4.58221e+14,2.68511e+08,57,26.5947,28,0.101618
1155,1.15292e+18,2.09158e+15,5.36956e+08,60,27.3447,29,0.104971
1156,5.76461e+17,1.2143e+15,6.71733e+07,59,25.5146,26,0.0973889
1157,4.61169e+18,8.14502e+15,1.07383e+09,62,27.209,30,0.104212
1158,2.8823e+17,6.54297e+14,6.87196e+10,58,30.4023,36,0.11548
1159,7.20576e+16,5.61098e+14,3.43599e+10,56,29.4385,35,0.111117
1160,7.20576e+16,5.2236e+14,3.43598e+10,56,29.2354,35,0.110991
1161,2.8823e+17,7.26122e+14,8.59004e+09,58,29.0879,33,0.109855
1162,7.20576e+16,3.15939e+14,6.87196e+10,56,29.7305,36,0.112409
1163,2.30584e+18,2.60891e+15,8.59004e+09,61,28.1572,33,0.106157
1164,7.20576e+16,2.60385e+14,4.29507e+09,56,28.4785,32,0.107033
1165,2.8823e+17,6.44834e+14,1.34288e+08,58,25.8467,27,0.0977969
1166,1.44115e+17,3.97581e+14,2.6852e+08,57,26.5967,28,0.0997037
1167,7.20576e+16,4.52303e+14,5.36958e+08,56,26.4883,29,0.099175
1168,4.61169e+18,4.8778e+15,5.36954e+08,62,26.707,29,0.101486
1169,1.15292e+18,1.41721e+15,2.68523e+08,60,26.6934,28,0.101812
1170,7.20576e+16,1.87272e+14,1.07383e+09,56,27.3711,30,0.103162
1171,1.44115e+17,5.75543e+14,1.07384e+09,57,27.5469,30,0.103917
1172,2.8823e+17,6.65408e+14,5.36948e+08,58,26.4434,29,0.0997306
1173,5.76461e+17,9.0687e+14,2.68516e+08,59,26.8428,28,0.101701
1174,1.15292e+18,1.80895e+15,1.07383e+09,60,27.5615,30,0.103847
1175,1.44115e+17,3.20181e+14,6.71733e+07,57,25.3857,26,0.0960538
1176,4.61169e+18,5.20451e+15,6.71793e+07,62,25.4443,26,0.0979611
1177,5.76461e+17,9.68324e+14,2.14758e+09,59,28.0234,31,0.106552
1178,5.76461e+17,1.84685e+15,8.59003e+09,59,28.8154,33,0.107699
1179,2.30584e+18,3.13612e+15,2.68519e+08,61,26.9365,28,0.101849
1180,7.3787e+19,7.61358e+16,4.29505e+09,66,28.3623,32,0.106589
1181,2.8823e+17,9.93291e+14,5.36954e+08,58,27.582,29,0.106036
1182,1.84467e+19,2.14726e+16,1.34294e+08,64,26.7002,27,0.102783
1183,9.22337e+18,2.19866e+16,5.36945e+08,63,27.3633,29,0.108048
1184,2.30584e+18,3.58405e+15,6.71659e+07,61,25.377,26,0.100533
1185,4.61169e+18,6.43739e+15,5.36959e+08,62,27.3623,29,0.106679
1186,5.76461e+17,3.48921e+15,5.36931e+08,59,27.9951,29,0.1094
1187,1.15292e+18,4.45966e+15,1.07383e+09,60,28.0918,30,0.111374
1188,5.76461e+17,1.47506e+15,1.07383e+09,59,28.5195,30,0.111472
1189,3.68935e+19,4.29149e+16,1.07382e+09,65,27.5938,30,0.107745
1190,4.61169e+18,7.92575e+15,6.87196e+10,62,30.7559,36,0.121637
1191,4.61169e+18,5.69594e+15,8.59004e+09,62,29.2568,33,0.115409
1192,4.61169e+18,6.98362e+15,1.718e+10,62,29.9443,34,0.119423
1193,9.22337e+18,2.15785e+16,4.29508e+09,63,28.6504,32,0.114966
1194,4.61169e+18,7.88571e+15,8.59004e+09,62,29.2715,33,0.116093
1195,1.47574e+20,1.45716e+17,1.718e+10,67,29.7168,34,0.117808
1196,3.68935e+19,4.1806e+16,3.43599e+10,65,30.127,35,0.119857
1197,1.84467e+19,2.91883e+16,8.59003e+09,64,29.0684,33,0.1153
1198,2.30584e+18,4.57354e+15,4.29507e+09,61,28.5518,32,0.112557
1199,1.15292e+18,5.13385e+15,8.59003e+09,60,29.1562,33,0.115796
1200,2.30584e+18,6.81055e+15,2.14758e+09,61,28.1699,31,0.110874
1201,1.15292e+18,6.02275e+15,8.59004e+09,60,29.4463,33,0.115754
1202,2.8823e+17,1.89681e+15,2.14758e+09,58,28.1826,31,0.11043
1203,1.84467e+19,2.47387e+16,5.36956e+08,64,27.7568,29,0.109132
1204,4.61169e+18,9.11844e+15,6.87196e+10,62,29.7969,36,0.118291
1205,4.61169e+18,9.73802e+15,2.14758e+09,62,28.3008,31,0.111429
1206,9.22337e+18,2.20313e+16,6.87196e+10,63,30.792,36,0.120838
1207,1.84467e+19,3.57373e+16,3.43599e+10,64,29.9922,35,0.119107
1208,4.61169e+18,2.57262e+16,3.43598e+10,62,30.4971,35,0.120666
1209,3.68935e+19,3.91417e+16,3.43599e+10,65,30.6338,35,0.121246
1210,2.95148e+20,3.31294e+17,3.43598e+10,68,30.2891,35,0.119757
1211,4.61169e+18,1.31676e+16,1.718e+10,62,30.3877,34,0.120684
1212,1.47574e+20,1.53976e+17,5.36948e+08,67,27.3877,29,0.109269
1213,2.8823e+17,2.15677e+15,8.59003e+09,58,29.0127,33,0.115371
1214,1.84467e+19,2.0785e+16,5.36957e+08,64,26.9551,29,0.106736
1215,1.47574e+20,1.50571e+17,3.43599e+10,67,30.2695,35,0.118348
1216,2.30584e+18,1.39966e+16,6.87196e+10,61,30.5029,36,0.121176
1217,9.22337e+18,1.60391e+16,1.07382e+09,63,28.0303,30,0.111115
1218,5.76461e+17,2.95534e+15,1.07382e+09,59,28.0068,30,0.110472
1219,1.47574e+20,1.55074e+17,2.68514e+08,67,27.0967,28,0.107988
1220,2.95148e+20,5.21941e+17,1.718e+10,68,29.4932,34,0.116539
1221,9.22337e+18,1.58789e+16,8.59004e+09,63,29.4385,33,0.116248
1222,2.95148e+20,2.95266e+17,8.59003e+09,68,28.9346,33,0.114719
1223,1.47574e+20,1.59522e+17,2.14758e+09,67,27.7734,31,0.109118
1224,4.72237e+21,4.62353e+18,6.87196e+10,72,30.3037,36,0.12075
1225,9.22337e+18,2.57727e+16,3.43599e+10,63,30.6475,35,0.120329
1226,3.68935e+19,5.75451e+16,3.43599e+10,65,30.5176,35,0.121156
1227,2.95148e+20,2.99781e+17,4.29508e+09,68,29.376,32,0.115478
1228,4.61169e+18,1.32509e+16,6.87196e+10,62,31.4707,36,0.122757
1229,4.61169e+18,1.4056e+16,8.59004e+09,62,29.3945,33,0.113679
1230,7.3787e+19,8.00864e+16,4.29507e+09,66,28.8271,32,0.111688
1231,7.3787e+19,8.16473e+16,6.87196e+10,66,31.2061,36,0.121924
1232,7.3787e+19,1.34505e+17,6.87196e+10,66,31.2148,36,0.119875
1233,3.68935e+19,5.45393e+16,6.87196e+10,65,30.6064,36,0.118538
1234,1.47574e+20,1.55688e+17,1.718e+10,67,29.8555,34,0.116055
1235,1.84467e+19,3.16172e+16,2.74878e+11,64,32.5996,38,0.126055
1236,3.68935e+19,7.84336e+16,8.59005e+09,65,29.7275,33,0.11457
1237,2.36118e+21,2.34523e+18,5.36961e+08,71,27.7842,29,0.10637
1238,2.30584e+18,5.55729e+15,1.37439e+11,61,31.5742,37,0.120844
1239,4.61169e+18,1.41779e+16,6.87196e+10,62,30.9326,36,0.118945
1240,3.68935e+19,8.70269e+16,3.43599e+10,65,31.1865,35,0.119064
1241,2.30584e+18,6.31858e+15,3.43599e+10,61,30.623,35,0.118023
1242,1.84467e+19,4.15202e+16,1.718e+10,64,29.6162,34,0.114223
1243,4.61169e+18,1.8218e+16,5.36955e+08,62,27.8867,29,0.10714
1244,3.68935e+19,1.08963e+17,1.718e+10,65,30.1904,34,0.116638
1245,4.61169e+18,1.37869e+16,8.59003e+09,62,29.2559,33,0.113034
1246,7.3787e+19,8.50666e+16,6.87196e+10,66,30.6904,36,0.118171
1247,7.3787e+19,1.3747e+17,1.718e+10,66,29.8115,34,0.115894
1248,9.22337e+18,1.30647e+16,4.29506e+09,63,28.4961,32,0.109518
1249,1.84467e+19,2.86005e+16,3.43599e+10,64,30.1338,35,0.116785
1250,9.22337e+18,1.68467e+16,3.43598e+10,63,30.1016,35,0.117462
1251,2.30584e+18,7.43703e+15,1.718e+10,61,29.0195,34,0.112559
1252,4.61169e+18,1.45365e+16,1.718e+10,62,29.1611,34,0.112665
1253,4.61169e+18,1.12692e+16,8.59004e+09,62,28.7598,33,0.11208
1254,9.22337e+18,2.1728e+16,3.43599e+10,63,29.709,35,0.116381
1255,4.61169e+18,1.01464e+16,3.43599e+10,62,29.5791,35,0.115724
1256,3.68935e+19,4.05764e+16,4.29506e+09,65,27.8838,32,0.110146
1257,5.76461e+17,3.36781e+15,6.71695e+07,59,25.7109,26,0.102828
1258,4.61169e+18,9.05198e+15,2.68521e+08,62,26.9404,28,0.107786
1259,1.47574e+20,1.51412e+17,2.14757e+09,67,27.6201,31,0.109889
1260,1.84467e+19,4.00631e+16,6.87196e+10,64,31.3643,36,0.125371
1261,1.84467e+19,5.50019e+16,2.74878e+11,64,31.9551,38,0.128346
1262,9.22337e+18,2.35097e+16,1.37439e+11,63,31.2305,37,0.124378
1263,7.3787e+19,1.62735e+17,3.43599e+10,66,30.7373,35,0.123709
1264,9.22337e+18,3.68914e+16,1.718e+10,63,30.3818,34,0.122591
1265,1.15292e+18,8.48737e+15,6.87196e+10,60,31.1992,36,0.124932
1266,7.3787e+19,1.1005e+17,2.14757e+09,66,28.6719,31,0.116536
1267,4.61169e+18,1.52829e+16,5.36952e+08,62,28.0195,29,0.111243
1268,7.3787e+19,8.37057e+16,4.29507e+09,66,29.3447,32,0.118403
1269,7.3787e+19,1.71923e+17,4.29506e+09,66,28.9238,32,0.117027
1270,2.95148e+20,3.35308e+17,5.36958e+08,68,28.1025,29,0.113379
1271,4.61169e+18,1.52102e+16,5.36955e+08,62,28.0801,29,0.113392
1272,7.3787e+19,1.47441e+17,5.3695e+08,66,27.7559,29,0.113032
1273,2.36118e+21,3.07823e+18,2.14759e+09,71,28.8369,31,0.117089
1274,1.47574e+20,1.60151e+17,1.34293e+08,67,26.6279,27,0.107447
1275,2.95148e+20,3.51094e+17,1.07383e+09,68,27.9199,30,0.110707
1276,1.47574e+20,1.58068e+17,5.3695e+08,67,27.3525,29,0.108281
1277,1.47574e+20,2.6177e+17,2.68508e+08,67,26.6973,28,0.106736
1278,5.90296e+20,9.25533e+17,2.68504e+08,69,26.7861,28,0.105595
1279,3.68935e+19,5.5156e+16,2.68512e+08,65,26.165,28,0.104769
1280,1.47574e+20,3.28568e+17,8.43828e+06,67,25.4297,23,0.101443
1281,7.3787e+19,1.37257e+17,292417,66,23.5068,18,0.0940778
1282,3.68935e+19,8.82045e+16,1.34281e+08,65,26.1611,27,0.103005
1283,5.90296e+20,8.05008e+17,3.36147e+07,69,25.5322,25,0.102933
1284,1.47574e+20,1.9957e+17,1.34287e+08,67,26.2627,27,0.104653
1285,7.3787e+19,1.24683e+17,2.68502e+08,66,26.5781,28,0.105893
1286,4.72237e+21,4.76011e+18,1.34295e+08,72,26.9316,27,0.107573
1287,7.3787e+19,8.44477e+16,8.43716e+06,66,24.2627,23,0.0990955
1288,7.3787e+19,8.48459e+16,1.68278e+07,66,24.7393,24,0.0995329
1289,7.3787e+19,2.16578e+17,5.36935e+08,66,27.4092,29,0.112209
1290,7.3787e+19,2.95926e+17,3.36224e+07,66,25.9795,25,0.104544
1291,1.47574e+20,2.29756e+17,6.71716e+07,67,26.2275,26,0.105203
1292,3.68935e+19,5.83216e+16,6.71823e+07,65,26.3711,26,0.105704
1293,5.90296e+20,1.26161e+18,6.71717e+07,69,26.7979,26,0.107806
1294,4.72237e+21,7.50568e+18,3.36206e+07,72,25.9609,25,0.101795
1295,1.18059e+21,1.1975e+18,1.34288e+08,70,26.6758,27,0.106629
1296,4.72237e+21,5.56161e+18,5.36962e+08,72,28.1582,29,0.112236
1297,2.36118e+21,6.14852e+18,1.07382e+09,71,28.4482,30,0.113677
1298,9.44473e+21,1.10447e+19,6.71734e+07,73,27.417,26,0.109757
1299,1.18059e+21,1.59608e+18,3.36105e+07,70,27.002,25,0.108186
1300,2.95148e+20,8.78633e+17,8.44123e+06,68,25.9736,23,0.10451
1301,9.44473e+21,1.26529e+19,3.36196e+07,73,26.7334,25,0.107429
1302,2.36118e+21,2.9166e+18,3.36185e+07,71,26.4824,25,0.107005
1303,9.44473e+21,9.52585e+18,6.71801e+07,73,26.5889,26,0.105583
1304,4.72237e+21,1.2083e+19,1.07383e+09,72,28.5,30,0.113626
1305,9.44473e+21,1.82639e+19,4.29505e+09,73,29.6006,32,0.11936
1306,1.18059e+21,2.59606e+18,1.34287e+08,70,27.7549,27,0.110687
1307,1.18059e+21,2.87341e+18,2.68514e+08,70,28.1768,28,0.111904
1308,9.44473e+21,1.19204e+19,2.14757e+09,73,29.3887,31,0.116495
1309,4.8357e+24,4.80174e+21,2.14758e+09,82,29.5186,31,0.118284
1310,7.55579e+22,1.23658e+20,2.68516e+08,76,28.7158,28,0.116624
1311,1.20893e+24,1.20559e+21,2.68498e+08,80,27.877,28,0.111712
1312,2.41785e+24,2.36524e+21,4.24682e+06,81,26.1621,22,0.105182
1313,1.88895e+22,2.46667e+19,4.23682e+06,74,25.8135,22,0.104221
1314,3.77789e+22,5.11506e+19,6.71707e+07,75,27.2764,26,0.109605
1315,3.02231e+23,3.42827e+20,1.34295e+08,78,28.0264,27,0.112759
1316,7.55579e+22,1.68031e+20,1.07383e+09,76,29.0029,30,0.117247
1317,3.77789e+22,5.31237e+19,5.36952e+08,75,28.7539,29,0.115519
1318,1.54743e+26,1.51156e+23,2.68522e+08,87,28.2383,28,0.112891
1319,1.54743e+26,1.51162e+23,1.718e+10,87,31.4775,34,0.127969
1320,1.51116e+23,2.79409e+20,2.14757e+09,77,29.5166,31,0.119025
1321,4.8357e+24,9.5514e+21,1.68372e+07,82,26.7236,24,0.106859
1322,7.55579e+22,1.75276e+20,1.34292e+08,76,27.4463,27,0.110249
1323,3.02231e+23,3.90823e+20,3.36206e+07,78,27.2188,25,0.110514
1324,2.41785e+24,4.1919e+21,292540,81,25.2852,18,0.102686
1325,6.04463e+23,7.66806e+20,4.29505e+09,79,29.5996,32,0.118743
1326,1.20893e+24,1.80147e+21,1.718e+10,80,30.6152,34,0.124121
1327,1.20893e+24,1.82373e+21,3.36143e+07,80,26.5645,25,0.106474
1328,1.51116e+23,2.46275e+20,2.14757e+09,77,29.9639,31,0.12237
1329,1.51116e+23,2.12272e+20,5.3695e+08,77,27.9248,29,0.114123
1330,1.51116e+23,2.05532e+20,5.36949e+08,77,28.5283,29,0.115734
1331,1.51116e+23,1.61855e+20,4.29506e+09,77,29.1152,32,0.118941
1332,1.20893e+24,1.60077e+21,3.43599e+10,80,31.7422,35,0.129655
1333,3.02231e+23,3.77657e+20,2.14757e+09,78,29.4121,31,0.120195
1334,1.93428e+25,2.08365e+22,8.59005e+09,84,30.5771,33,0.124975
1335,3.02231e+23,7.4653e+20,8.59003e+09,78,30.9717,33,0.125613
1336,3.86856e+25,5.31685e+22,2.14758e+09,85,29.8232,31,0.120702
1337,1.93428e+25,2.07219e+22,3.43599e+10,84,30.96,35,0.126522
1338,9.67141e+24,1.1188e+22,6.87196e+10,83,32.3525,36,0.132101
1339,3.77789e+22,4.98761e+19,1.07382e+09,75,28.3525,30,0.113767
1340,3.86856e+25,4.09181e+22,4.29506e+09,85,29.2812,32,0.118026
1341,4.8357e+24,4.95208e+21,1.718e+10,82,31.1279,34,0.124712
1342,9.67141e+24,1.70827e+22,3.43598e+10,83,31.877,35,0.129113
1343,1.93428e+25,3.29282e+22,1.718e+10,84,31.3262,34,0.12659
1344,3.02231e+23,4.76817e+20,1.718e+10,78,30.6875,34,0.123654
1345,1.93428e+25,1.91419e+22,4.29507e+09,84,30.0498,32,0.121442
1346,9.67141e+24,1.20989e+22,2.14758e+09,83,28.8086,31,0.116376
1347,1.20893e+24,2.08759e+21,1.68315e+07,80,25.9541,24,0.103512
1348,1.51116e+23,2.70084e+20,1.07383e+09,77,28.5439,30,0.114131
1349,9.67141e+24,9.54545e+21,1.34281e+08,83,27.4932,27,0.109668
1350,3.09485e+26,3.02985e+23,5.36955e+08,88,28.6699,29,0.115595
1351,7.55579e+22,3.13611e+20,8.59004e+09,76,31.0459,33,0.126425
1352,1.93428e+25,2.38437e+22,5.36947e+08,84,28.1348,29,0.113483
1353,4.8357e+24,4.84391e+21,4.29506e+09,82,29.5107,32,0.119233
1354,6.04463e+23,6.5414e+20,6.87196e+10,79,32.3418,36,0.131796
1355,1.20893e+24,2.10918e+21,1.718e+10,80,31.2129,34,0.127622
1356,6.04463e+23,1.3929e+21,4.29507e+09,79,30.5664,32,0.126685
1357,1.93428e+25,1.9117e+22,4.29507e+09,84,29.708,32,0.119693
1358,3.86856e+25,5.03208e+22,5.36948e+08,85,28.9014,29,0.117731
1359,2.41785e+24,3.08185e+21,3.36117e+07,81,27.5449,25,0.112852
1360,6.04463e+23,8.53725e+20,1.09071e+06,79,25.96,20,0.106325
1361,9.67141e+24,9.94829e+21,559170,83,25.1035,19,0.102353
1362,3.02231e+23,3.84763e+20,2.14757e+09,78,29.1836,31,0.116726
1363,1.54743e+26,1.5245e+23,2.14758e+09,87,29.5742,31,0.118627
1364,2.41785e+24,2.81437e+21,2.14758e+09,81,29.4004,31,0.118
1365,1.20893e+24,2.1502e+21,4.29506e+09,80,29.1504,32,0.116915
1366,6.04463e+23,9.78282e+20,2.68513e+08,79,27.542,28,0.109685
1367,6.04463e+23,1.7973e+21,1.07382e+09,79,29.3594,30,0.116191
1368,1.51116e+23,2.80671e+20,2.14759e+09,77,30.2373,31,0.120507
1369,4.8357e+24,6.4315e+21,2.68511e+08,82,27.6641,28,0.110416
1370,4.8357e+24,4.9759e+21,8.59004e+09,82,30.6914,33,0.123401
1371,1.93428e+25,2.40445e+22,4.29506e+09,84,29.8457,32,0.119707
1372,3.09485e+26,4.68431e+23,6.71754e+07,88,27.7373,26,0.113217
1373,1.20893e+24,2.01322e+21,1.07383e+09,80,29.042,30,0.117824
1374,1.54743e+26,1.61035e+23,3.36153e+07,87,27.333,25,0.110959
1375,3.09485e+26,3.02808e+23,4.29505e+09,88,29.623,32,0.119975
1376,1.23794e+27,1.40813e+24,2.14757e+09,90,30.042,31,0.122401
1377,3.86856e+25,5.96819e+22,1.07383e+09,85,29.7783,30,0.122225
1378,1.54743e+26,2.13324e+23,2.14758e+09,87,29.7344,31,0.121013
1379,1.54743e+26,3.27517e+23,5.36942e+08,87,28.8311,29,0.118196
1380,3.86856e+25,4.27801e+22,3.36207e+07,85,27.7188,25,0.112212
1381,7.73713e+25,1.1893e+23,4.29508e+09,86,30.1143,32,0.122606
1382,6.04463e+23,7.21876e+20,3.36151e+07,79,26.7549,25,0.108693
1383,4.8357e+24,1.10371e+22,1.34286e+08,82,28.4756,27,0.114567
1384,3.86856e+25,6.33558e+22,1.07382e+09,85,28.291,30,0.114463
1385,7.73713e+25,8.08377e+22,1.07383e+09,86,28.873,30,0.118214
1386,1.54743e+26,2.31985e+23,4.29507e+09,87,30.0859,32,0.121577
1387,1.20893e+24,2.02512e+21,3.36208e+07,80,27.0322,25,0.110493
1388,1.20893e+24,6.65458e+21,4.29506e+09,80,29.9785,32,0.121531
1389,3.86856e+25,3.80197e+22,4.29506e+09,85,29.5234,32,0.119241
1390,3.09485e+26,3.40753e+23,2.14758e+09,88,29.3057,31,0.11845
1391,1.93428e+25,4.36855e+22,4.29507e+09,84,30.5615,32,0.12278
1392,7.73713e+25,1.02202e+23,5.36954e+08,86,28.9375,29,0.115204
1393,7.73713e+25,9.89012e+22,2.68514e+08,86,28.6729,28,0.114503
1394,1.54743e+26,3.8075e+23,1.07383e+09,87,29.8945,30,0.119411
1395,1.54743e+26,4.65136e+23,8.59003e+09,87,31.7949,33,0.128329
1396,3.09485e+26,5.51763e+23,8.59003e+09,88,30.7549,33,0.124802
1397,9.67141e+24,3.27056e+22,2.68512e+08,83,29.2324,28,0.117937
1398,7.73713e+25,8.05504e+22,2.68515e+08,86,28.0469,28,0.111043
1399,1.54743e+26,2.68366e+23,2.14758e+09,87,30.165,31,0.120497
1400,7.73713e+25,1.34872e+23,2.68515e+08,86,28.9902,28,0.116309
1401,1.93428e+25,2.44093e+22,2.68514e+08,84,28.3096,28,0.1141
1402,3.86856e+25,6.24726e+22,1.34291e+08,85,28.874,27,0.116538
1403,7.73713e+25,1.74291e+23,1.34284e+08,86,28.1514,27,0.1123
1404,1.54743e+26,3.86082e+23,8.43384e+06,87,26.0781,23,0.10439
1405,2.41785e+24,8.34883e+21,3.36188e+07,81,27.9092,25,0.11123
1406,7.73713e+25,1.24169e+23,4.24844e+06,86,26.5195,22,0.105523
1407,2.47588e+27,2.53796e+24,8.44576e+06,91,27.0186,23,0.107916
1408,6.1897e+26,9.46266e+23,3.36186e+07,89,27.2676,25,0.107733
1409,3.09485e+26,4.95294e+23,8.44101e+06,88,27.2861,23,0.109645
1410,3.09485e+26,4.02561e+23,6.7182e+07,88,27.7227,26,0.111857
1411,3.09485e+26,5.4314e+23,8.59003e+09,88,30.75,33,0.122978
1412,1.54743e+26,3.6614e+23,4.29505e+09,87,30.0342,32,0.122201
1413,3.09485e+26,7.05865e+23,6.71807e+07,88,28.3057,26,0.114324
1414,6.1897e+26,1.47744e+24,2.68506e+08,89,28.2705,28,0.114651
1415,3.09485e+26,6.54553e+23,8.59003e+09,88,31.0918,33,0.126154
1416,6.1897e+26,1.08483e+24,4.29507e+09,89,31.5469,32,0.128911
1417,1.23794e+27,2.34504e+24,6.71784e+07,90,28.5264,26,0.11631
1418,3.09485e+26,4.29011e+23,8.59003e+09,88,32.1631,33,0.132209
1419,3.09485e+26,1.1239e+24,2.14758e+09,88,29.6924,31,0.12171
1420,1.54743e+26,6.28044e+23,1.07383e+09,87,29.6143,30,0.121468
1421,3.09485e+26,6.28595e+23,2.68509e+08,88,29.2637,28,0.121946
1422,2.47588e+27,3.76055e+24,2.68515e+08,91,28.6914,28,0.11655
1423,3.09485e+26,1.23815e+24,5.36956e+08,88,30.3701,29,0.124985
1424,3.09485e+26,5.35719e+23,2.14758e+09,88,30.6699,31,0.126243
1425,3.09485e+26,1.46624e+24,8.59003e+09,88,31.5283,33,0.129708
1426,6.1897e+26,1.19191e+24,1.718e+10,89,32.9375,34,0.134841
1427,6.1897e+26,2.55503e+24,4.29507e+09,89,32.0967,32,0.132117
1428,3.09485e+26,1.7515e+24,1.34287e+08,88,29.4072,27,0.123108
1429,1.23794e+27,2.44695e+24,5.36955e+08,90,29.707,29,0.120944
1430,1.23794e+27,4.48181e+24,1.07384e+09,90,31.4336,30,0.130563
1431,6.1897e+26,2.83415e+24,4.29507e+09,89,31.6768,32,0.132995
1432,6.1897e+26,3.50575e+24,6.71679e+07,89,29.4863,26,0.121953
1433,2.47588e+27,5.54248e+24,2.14757e+09,91,31.0928,31,0.127492
1434,2.47588e+27,6.41022e+24,1.07384e+09,91,31.2734,30,0.128498
1435,2.47588e+27,5.28313e+24,8.59004e+09,91,32.8057,33,0.135212
1436,1.23794e+27,5.62843e+24,8.59003e+09,90,32.4131,33,0.133642
1437,6.1897e+26,4.0896e+24,8.59002e+09,89,32.3252,33,0.133517
1438,6.1897e+26,3.874e+24,8.59004e+09,89,32.4316,33,0.133749
1439,6.1897e+26,5.98977e+24,8.59003e+09,89,33.2803,33,0.137169
1440,4.95176e+27,8.10595e+24,2.14758e+09,92,31.1875,31,0.128591
1441,1.23794e+27,4.73006e+24,4.29507e+09,90,31.8477,32,0.130596
1442,6.1897e+26,2.82902e+24,1.34292e+08,89,29.0234,27,0.11916
1443,3.09485e+26,5.05047e+23,1.07384e+09,88,29.2939,30,0.118259
1444,1.23794e+27,4.09401e+24,2.68507e+08,90,28.5439,28,0.11671
1445,6.1897e+26,2.22812e+24,2.14758e+09,89,30.915,31,0.127718
1446,1.23794e+27,1.95494e+24,1.34288e+08,90,27.9072,27,0.111525
1447,1.23794e+27,3.96668e+24,1.07382e+09,90,29.9561,30,0.120636
1448,1.23794e+27,3.68643e+24,5.36956e+08,90,29.8877,29,0.121169
1449,1.23794e+27,4.08173e+24,3.36197e+07,90,28.4688,25,0.117214
1450,1.23794e+27,4.97282e+24,2.68507e+08,90,29.582,28,0.121416
1451,6.1897e+26,2.98149e+24,2.14757e+09,89,30.4072,31,0.125182
1452,2.47588e+27,5.68582e+24,4.29506e+09,91,31.0752,32,0.128033
1453,1.23794e+27,5.29425e+24,5.36957e+08,90,30.6904,29,0.126567
1454,1.23794e+27,2.7392e+24,2.14758e+09,90,31.458,31,0.130176
1455,1.23794e+27,3.10703e+24,1.718e+10,90,33.2363,34,0.13616
1456,1.23794e+27,8.56575e+24,1.07382e+09,90,30.5654,30,0.126263
1457,1.23794e+27,8.46107e+24,8.59004e+09,90,32.8721,33,0.137129
1458,2.47588e+27,8.5283e+24,2.14758e+09,91,31.6221,31,0.131249
1459,2.47588e+27,8.36449e+24,8.59004e+09,91,33.0273,33,0.138282
1460,2.47588e+27,1.09754e+25,4.29506e+09,91,32.0537,32,0.133895
1461,1.23794e+27,8.07906e+24,2.14758e+09,90,31.2148,31,0.130129
1462,2.47588e+27,5.05788e+24,5.36957e+08,91,30.6318,29,0.12732
1463,6.1897e+26,4.22754e+24,3.36051e+07,89,27.835,25,0.116624
1464,2.47588e+27,1.01385e+25,6.71789e+07,91,28.3135,26,0.11791
1465,6.1897e+26,3.39674e+24,1.34278e+08,89,28.5234,27,0.118835
1466,2.47588e+27,8.8076e+24,6.71736e+07,91,28.0234,26,0.117476
1467,1.23794e+27,5.32556e+24,2.68513e+08,90,29.1055,28,0.120781
1468,1.23794e+27,4.46997e+24,1.34271e+08,90,28.7041,27,0.119197
1469,4.95176e+27,7.95292e+24,3.36141e+07,92,27.1592,25,0.112979
1470,2.47588e+27,6.37673e+24,4.23574e+06,91,25.5967,22,0.106044
1471,2.47588e+27,7.51237e+24,3.36184e+07,91,28.208,25,0.117451
1472,1.23794e+27,3.50375e+24,1.34286e+08,90,27.9014,27,0.116676
1473,2.47588e+27,1.20167e+25,2.68513e+08,91,29.3174,28,0.121057
1474,6.1897e+26,4.73819e+24,1.07382e+09,89,30.9346,30,0.128317
1475,1.23794e+27,6.87875e+24,1.07382e+09,90,30.3115,30,0.126974
1476,1.23794e+27,7.73739e+24,2.14758e+09,90,31.1113,31,0.130273
1477,4.95176e+27,1.2525e+25,4.29507e+09,92,31.5654,32,0.130866
1478,1.23794e+27,4.05372e+24,3.43598e+10,90,33.8682,35,0.141244
1479,1.23794e+27,8.20637e+24,6.87196e+10,90,34.8516,36,0.144775
1480,2.47588e+27,6.9191e+24,1.718e+10,91,33.4434,34,0.13969
1481,4.95176e+27,1.18429e+25,1.718e+10,92,33.6025,34,0.138321
1482,9.90352e+27,2.21596e+25,1.37439e+11,93,35.6553,37,0.150644
1483,2.47588e+27,8.09062e+24,3.43599e+10,91,34.4365,35,0.143023
1484,1.23794e+27,9.29981e+24,1.718e+10,90,34.3135,34,0.144955
1485,2.47588e+27,9.89836e+24,3.43598e+10,91,34.8047,35,0.145244
1486,2.47588e+27,1.17561e+25,6.87196e+10,91,34.9873,36,0.14559
1487,6.1897e+26,7.30662e+24,2.14758e+09,89,32.792,31,0.137796
1488,1.23794e+27,7.39913e+24,2.14758e+09,90,31.3828,31,0.131904
1489,4.95176e+27,1.62087e+25,8.59004e+09,92,32.8857,33,0.13892
1490,1.23794e+27,8.82874e+24,1.718e+10,90,33.4443,34,0.14111
1491,1.23794e+27,7.56404e+24,8.59003e+09,90,32.4609,33,0.136916
1492,1.23794e+27,9.9257e+24,8.59005e+09,90,33.6621,33,0.142406
1493,1.23794e+27,8.65291e+24,1.718e+10,90,34.208,34,0.146606
1494,9.90352e+27,2.15269e+25,8.59005e+09,93,33.7158,33,0.141819
1495,2.47588e+27,1.02351e+25,8.59004e+09,91,33.2783,33,0.139798
1496,4.95176e+27,2.14387e+25,1.718e+10,92,33.585,34,0.142952
1497,2.47588e+27,1.52366e+25,8.59003e+09,91,33.3018,33,0.140756
1498,1.23794e+27,7.08889e+24,4.29507e+09,90,32.29,32,0.137397
1499,1.23794e+27,7.67635e+24,2.14758e+09,90,31.4883,31,0.132753
