114.648
0,433.776,7.65392,4,2,0.03125,0,0.00447481
1,435.117,9.25929,4,2,0.0410156,0,0.00451857
2,435.149,9.3577,5,2,0.0419922,0,0.00446409
3,434.818,9.81,5,2,0.0478516,0,0.00442529
4,434.954,10.071,5,2,0.0458984,0,0.00443844
5,112.934,8.80943,5,1,0.0410156,0,0.00441101
6,435.053,9.99166,5,2,0.0439453,0,0.00444358
7,434.954,10.2079,5,2,0.0488281,0,0.00438826
8,435.149,11.8251,5,2,0.0615234,0,0.0043708
9,435.117,8.78269,5,2,0.0371094,0,0.00434938
10,435.127,11.7211,5,2,0.0625,0,0.00440934
11,434.954,10.9368,5,2,0.0566406,0,0.00435922
12,110.371,10.2125,5,1,0.0488281,0,0.00442152
13,111.425,10.2292,5,1,0.0507812,0,0.00442764
14,434.954,11.0521,5,2,0.0527344,0,0.00440517
15,435.053,9.25301,5,2,0.0400391,0,0.00434013
16,435.151,11.9938,6,2,0.0625,0,0.00439092
17,110.903,10.5134,6,1,0.0527344,0,0.00438596
18,434.639,11.0636,6,2,0.0556641,0,0.00438756
19,114.366,10.7367,6,1,0.0537109,0,0.00439157
20,1003.18,11.6032,6,3,0.0537109,0,0.00442335
21,435.076,10.9372,6,2,0.0517578,0,0.00441781
22,435.149,12.1977,6,2,0.0585938,0,0.0044162
23,435.151,12.3331,6,2,0.0615234,0,0.00442895
24,435.117,12.1366,6,2,0.0605469,0,0.00446357
25,434.954,12.4964,6,2,0.0625,0,0.00444735
26,435.151,13.7226,6,2,0.0712891,0,0.00440767
27,434.638,12.2975,6,2,0.0644531,0,0.00454581
28,434.954,10.6737,6,2,0.0458984,0,0.00450589
29,112.934,11.4602,6,1,0.0595703,0,0.00448395
30,434.639,10.865,6,2,0.0498047,0,0.00451472
31,110.371,11.4333,6,1,0.0585938,0,0.00455512
32,1011.78,12.5415,6,3,0.0585938,0,0.00450078
33,435.127,11.6848,6,2,0.0566406,0,0.00452763
34,435.149,12.6652,6,2,0.0615234,0,0.00450179
35,435.127,11.867,6,2,0.0537109,0,0.00453659
36,112.44,11.4168,6,1,0.0566406,0,0.00457518
37,435.149,12.6781,6,2,0.0625,0,0.00454393
38,435.151,13.3462,6,2,0.0644531,0,0.00452739
39,435.117,14.9186,6,2,0.0771484,0,0.00456708
40,435.149,13.1849,6,2,0.0625,0,0.00457247
41,435.127,12.8524,6,2,0.0673828,0,0.00451407
42,435.053,14.4863,6,2,0.0742188,0,0.00448253
43,433.874,13.5021,6,2,0.0732422,0,0.00445808
44,435.127,13.0452,6,2,0.0673828,0,0.00445181
45,435.127,14.175,6,2,0.0703125,0,0.00445723
46,435.151,14.7267,6,2,0.0742188,0,0.00454859
47,435.127,14.9291,6,2,0.0810547,0,0.00452445
48,435.151,15.9414,6,2,0.0898438,0,0.00451545
49,435.149,13.0549,6,2,0.0605469,0,0.00473189
50,435.127,14.4367,6,2,0.0732422,0,0.00459912
51,435.076,15.5099,6,2,0.0849609,0,0.00475236
52,435.127,14.079,6,2,0.0703125,0,0.00481742
53,435.149,15.6946,7,2,0.0771484,0,0.00462644
54,435.151,14.8716,7,2,0.0712891,0,0.00453933
55,435.151,14.8128,7,2,0.0732422,0,0.00464044
56,435.151,15.5853,7,2,0.0830078,0,0.00459749
57,435.151,13.7141,7,2,0.0634766,0,0.00459112
58,435.151,14.9231,7,2,0.0751953,0,0.00461132
59,1007.46,18.0036,7,3,0.0927734,0,0.00466419
60,435.149,15.079,7,2,0.0820312,0,0.00461253
61,435.151,14.3878,7,2,0.0722656,0,0.0046159
62,435.151,15.8007,7,2,0.0849609,0,0.00457946
63,435.149,17.5683,7,2,0.0966797,0,0.00459575
64,434.954,15.1013,7,2,0.0820312,0,0.00466197
65,1008.92,15.5795,7,3,0.078125,0,0.00456935
66,435.127,14.3339,7,2,0.0722656,0,0.00456586
67,1011.78,14.771,7,3,0.0693359,0,0.00461107
68,435.149,14.7457,7,2,0.0732422,0,0.00475114
69,435.127,16.4849,7,2,0.0898438,0,0.00462524
70,435.149,15.8734,7,2,0.0820312,0,0.0046469
71,435.076,17.0433,7,2,0.0869141,0,0.00461007
72,435.127,17.4277,7,2,0.0976562,0,0.00466039
73,435.127,15.9018,7,2,0.0869141,0,0.00459754
74,435.151,15.1787,7,2,0.078125,0,0.00459636
75,435.151,15.0721,7,2,0.0742188,0,0.00456781
76,435.127,14.5143,7,2,0.0722656,0,0.00467408
77,435.127,15.6865,7,2,0.0849609,0,0.00462432
78,435.151,15.6371,7,2,0.0849609,0,0.00459207
79,434.954,13.8572,7,2,0.0703125,0,0.00463695
80,110.903,14.6547,7,1,0.0791016,0,0.00466375
81,435.151,15.3083,7,2,0.0830078,0,0.00467866
82,435.151,19.2894,8,2,0.106445,0,0.00466182
83,435.149,16.0713,8,2,0.0908203,0,0.00474205
84,435.151,16.6521,8,2,0.0888672,0,0.00469129
85,435.151,16.8429,8,2,0.0878906,0,0.00463718
86,1011.31,16.3327,8,3,0.0869141,0,0.00463793
87,435.053,15.8208,8,2,0.0810547,0,0.00462696
88,435.127,15.5388,8,2,0.0849609,0,0.00460854
89,435.127,15.1188,8,2,0.0751953,0,0.00466363
90,1010.21,19.1193,8,3,0.101562,0,0.00466842
91,435.127,18.1433,8,2,0.0976562,0,0.00470158
92,435.149,18.9014,8,2,0.105469,0,0.00475945
93,435.151,19.2875,8,2,0.102539,0,0.00463136
94,435.151,18.2993,8,2,0.0996094,0,0.00470741
95,435.151,19.378,8,2,0.105469,0,0.00470143
96,435.151,19.6586,8,2,0.107422,0,0.00476365
97,1008.92,21.0812,8,3,0.110352,0,0.00475287
98,435.151,20.1944,8,2,0.111328,0,0.0046909
99,1008.92,22.2768,9,3,0.124023,0,0.00477689
100,1011.31,22.4247,8,3,0.124023,0,0.00473603
101,435.127,20.1475,8,2,0.119141,0,0.00475028
102,435.151,20.3157,8,2,0.118164,0,0.00475802
103,435.149,22.5249,9,2,0.137695,0,0.00478424
104,435.151,22.8016,8,2,0.130859,0,0.00477103
105,1011.31,25.1282,9,3,0.143555,0,0.00474902
106,1008.92,25.4709,9,3,0.147461,0,0.00482349
107,435.149,20.2889,9,2,0.114258,0,0.00479885
108,435.151,24.3842,9,2,0.146484,0,0.00477562
109,435.151,25.5131,9,2,0.15332,0,0.00480279
110,435.149,23.3549,9,2,0.134766,0,0.00480228
111,435.151,25.8707,9,2,0.147461,0,0.00485121
112,435.151,22.9657,9,2,0.136719,0,0.00484613
113,435.151,23.7328,9,2,0.135742,0,0.00482784
114,435.151,25.8327,9,2,0.150391,0,0.00489311
115,1008.92,28.022,9,3,0.170898,0,0.00484518
116,1008.92,25.1306,9,3,0.143555,0,0.00484354
117,1008.92,23.774,9,3,0.138672,0,0.0048427
118,435.149,23.5178,9,2,0.138672,0,0.00487239
119,1008.92,29.1417,9,3,0.171875,0,0.00486706
120,1008.92,28.2485,9,3,0.167969,0,0.00484442
121,435.151,26.9858,9,2,0.167969,0,0.00487042
122,435.151,25.8415,9,2,0.148438,0,0.00495692
123,1008.92,30.253,9,3,0.182617,0,0.00488053
124,435.151,26.8886,9,2,0.160156,0,0.00516275
125,435.149,32.4008,9,2,0.197266,0,0.00492916
126,1010.21,31.3978,9,3,0.192383,0,0.0049444
127,435.151,29.691,9,2,0.181641,0,0.00491904
128,435.151,29.9349,9,2,0.181641,0,0.00490146
129,1011.78,32.3795,9,3,0.198242,0,0.00500304
130,1010.21,34.2444,9,3,0.208008,0,0.00492869
131,1010.21,31.9541,9,3,0.196289,0,0.0049391
132,435.151,33.229,9,2,0.212891,0,0.0049056
133,1008.92,35.6988,9,3,0.219727,0,0.00493821
134,1011.31,33.5195,9,3,0.212891,0,0.0049381
135,435.151,32.5158,9,2,0.210938,0,0.00498221
136,1008.92,35.5484,9,3,0.21582,0,0.00496374
137,1007.46,34.9644,9,3,0.220703,0,0.0049511
138,1009.59,36.0059,9,3,0.223633,0,0.00496811
139,435.149,32.3862,9,2,0.205078,0,0.00495584
140,1008.92,37.7635,9,3,0.238281,0,0.00495879
141,1008.92,33.7761,9,3,0.207031,0,0.00495591
142,1009.59,34.7239,9,3,0.217773,0,0.0049887
143,1008.92,32.8526,9,3,0.210938,0,0.00496448
144,435.151,37.6172,9,2,0.239258,0,0.00497568
145,1011.78,41.1951,9,3,0.255859,0,0.00514986
146,1009.59,40.9914,9,3,0.253906,0,0.00497047
147,435.151,34.4243,9,2,0.228516,0,0.00497215
148,1009.59,41.1995,9,3,0.253906,0,0.00497121
149,1008.92,43.0848,9,3,0.259766,0,0.00501146
150,435.151,38.9494,10,2,0.248047,0,0.0050252
151,1011.31,37.2324,9,3,0.242188,0,0.00497143
152,435.151,42.7752,9,2,0.265625,0,0.00503273
153,1006.68,38.2653,9,3,0.248047,0,0.00499122
154,1008.92,37.4483,9,3,0.241211,0,0.00501499
155,1845.26,40.6213,10,4,0.261719,0,0.00504277
156,1010.79,40.9829,9,3,0.261719,0,0.00498413
157,1843.9,37.0906,9,4,0.235352,0,0.00502057
158,1008.92,38.9948,9,3,0.253906,0,0.00514804
159,1009.59,42.7801,10,3,0.272461,0,0.00521874
160,435.151,41.5042,9,2,0.274414,0,0.0050745
161,1011.31,42.6912,9,3,0.269531,0,0.00507327
162,435.149,40.0588,10,2,0.268555,0,0.00509965
163,1008.92,38.9683,10,3,0.263672,0,0.0051353
164,1011.31,40.0393,9,3,0.254883,0,0.00501173
165,1008.92,41.5679,9,3,0.265625,0,0.00505812
166,435.127,38.6111,9,2,0.25,0,0.00501597
167,435.151,37.1017,9,2,0.230469,0,0.00500305
168,1009.59,42.5663,9,3,0.266602,0,0.00504414
169,1843.9,41.4778,9,4,0.256836,0,0.00503339
170,1009.59,46.9287,11,3,0.302734,0,0.00503812
171,1008.92,43.1865,10,3,0.292969,0,0.00502746
172,1009.59,43.9591,11,3,0.294922,0,0.00507051
173,1010.21,46.7594,9,3,0.274414,0,0.00504241
174,1008.92,43.8029,10,3,0.28418,0,0.00504914
175,1011.31,48.0175,10,3,0.292969,0,0.00505435
176,435.151,40.3506,10,2,0.264648,0,0.00505524
177,435.151,43.6608,11,2,0.293945,0,0.00508128
178,1009.59,42.0027,10,3,0.280273,0,0.00503253
179,1011.31,45.104,10,3,0.291016,0,0.00505181
180,1010.21,44.3639,10,3,0.285156,0,0.00502337
181,435.151,41.1928,10,2,0.265625,0,0.00507514
182,1008.92,46.7649,11,3,0.291016,0,0.00506034
183,1009.59,45.7115,11,3,0.287109,0,0.00511117
184,1011.31,50.2386,11,3,0.302734,0,0.00507018
185,1008.92,45.4088,10,3,0.286133,0,0.00511597
186,1008.92,45.505,11,3,0.291016,0,0.00509196
187,1843.9,42.1978,10,4,0.251953,0,0.00507149
188,1008.92,46.5642,11,3,0.299805,0,0.00505683
189,1010.21,42.0766,10,3,0.270508,0,0.0050702
190,1009.59,44.8991,10,3,0.283203,0,0.00505092
191,1008.92,44.5243,10,3,0.27832,0,0.00507754
192,1008.92,42.7249,10,3,0.269531,0,0.00508197
193,1008.92,48.354,10,3,0.298828,0,0.00507184
194,1010.21,43.5921,10,3,0.270508,0,0.00510408
195,435.151,43.2615,11,2,0.289062,0,0.00519231
196,435.151,42.2575,11,2,0.277344,0,0.00513913
197,435.151,39.9361,11,2,0.269531,0,0.00510085
198,435.151,39.913,11,2,0.269531,0,0.00510078
199,1009.59,46.4399,11,3,0.301758,0,0.00511019
200,1008.92,44.1561,11,3,0.287109,0,0.0051247
201,1008.92,46.0978,11,3,0.296875,0,0.00510873
202,1008.92,47.3293,12,3,0.291016,0,0.00514557
203,1008.92,47.6194,11,3,0.298828,0,0.00520762
204,435.151,45.4975,11,2,0.304688,0,0.00510912
205,1009.59,42.5123,10,3,0.273438,0,0.00515255
206,1011.31,47.3795,11,3,0.304688,0,0.00510608
207,1843.9,44.3376,11,4,0.283203,0,0.00512521
208,1009.59,46.6497,11,3,0.294922,0,0.00509017
209,1008.92,47.215,11,3,0.297852,0,0.00509995
210,435.151,44.0384,11,2,0.292969,0,0.00512196
211,1008.92,43.8941,10,3,0.292969,0,0.00513417
212,1009.59,45.4556,11,3,0.282227,0,0.00509312
213,1010.79,39.3,10,3,0.25293,0,0.00513593
214,1011.31,44.2748,11,3,0.28418,0,0.00509495
215,1010.79,45.5077,12,3,0.300781,0,0.00525625
216,1008.92,48.4671,11,3,0.303711,0,0.00514696
217,1009.59,44.9993,12,3,0.286133,0,0.0051872
218,1011.31,44.8747,11,3,0.292969,0,0.00511878
219,1008.92,50.2713,12,3,0.314453,0,0.00513463
220,1008.92,48.9978,12,3,0.302734,0,0.005148
221,1010.21,48.9767,12,3,0.291992,0,0.00516251
222,1008.92,48.8276,12,3,0.308594,0,0.00515398
223,1008.92,52.3059,12,3,0.330078,0,0.00515394
224,1008.92,48.4818,12,3,0.306641,0,0.00512229
225,1008.21,46.1101,12,3,0.298828,0,0.00524266
226,1012.18,46.5399,12,3,0.304688,0,0.00516693
227,1008.92,45.8218,11,3,0.289062,0,0.00515214
228,1008.92,52.0823,12,3,0.326172,0,0.00515004
229,1008.92,44.6757,12,3,0.286133,0,0.00520109
230,1008.92,47.81,12,3,0.291992,0,0.00529962
231,1008.92,48.1923,12,3,0.308594,0,0.00519333
232,1008.92,43.5207,12,3,0.291016,0,0.00518625
233,435.151,47.5752,12,2,0.307617,0,0.0052236
234,1008.21,43.9565,12,3,0.291992,0,0.00523052
235,1011.31,44.5703,11,3,0.288086,0,0.00517275
236,1010.79,44.6264,12,3,0.289062,0,0.00518573
237,1009.59,49.8732,13,3,0.311523,0,0.00518443
238,1008.92,46.4108,13,3,0.304688,0,0.00522621
239,1008.92,50.1969,12,3,0.305664,0,0.00520169
240,1005.85,45.8672,12,3,0.293945,0,0.00519591
241,435.151,47.6698,13,2,0.305664,0,0.00524099
242,1008.21,50.7259,13,3,0.333984,0,0.00524052
243,1008.21,47.9093,12,3,0.302734,0,0.00526366
244,1009.59,46.194,12,3,0.288086,0,0.00526822
245,1008.92,53.781,12,3,0.321289,0,0.00520583
246,1007.46,48.6612,12,3,0.306641,0,0.00521358
247,435.151,45.9209,12,2,0.298828,0,0.00522971
248,1008.92,49.1659,12,3,0.305664,0,0.00521111
249,1009.59,50.5938,13,3,0.325195,0,0.00529417
250,1011.78,48.3719,13,3,0.306641,0,0.00528646
251,1008.92,52.3689,13,3,0.339844,0,0.00530024
252,1008.92,48.655,13,3,0.306641,0,0.00522911
253,1009.59,52.5722,13,3,0.325195,0,0.00533407
254,1005.85,50.3048,13,3,0.319336,0,0.00534356
255,435.151,46.2952,13,2,0.30957,0,0.00546564
256,1845.26,49.1042,13,4,0.317383,0,0.00531301
257,1008.92,53.3029,13,3,0.335938,0,0.005301
258,1009.59,52.2044,13,3,0.335938,0,0.005275
259,1007.46,50.4023,13,3,0.332031,0,0.00536668
260,1005.85,48.9009,13,3,0.313477,0,0.00536902
261,1008.92,48.4888,13,3,0.306641,0,0.00538811
262,1008.92,49.2722,13,3,0.313477,0,0.00544359
263,1011.31,47.7867,13,3,0.293945,0,0.00543414
264,1007.46,49.6555,13,3,0.3125,0,0.00561191
265,1008.92,52.8008,13,3,0.327148,0,0.00544849
266,1008.92,57.5761,13,3,0.353516,0,0.00550721
267,1009.59,47.1488,13,3,0.295898,0,0.0055236
268,1007.46,52.6147,13,3,0.327148,0,0.00544386
269,1011.31,56.399,13,3,0.347656,0,0.00550967
270,1842.49,56.1971,14,4,0.339844,0,0.0055937
271,1011.31,55.5666,13,3,0.332031,0,0.00556819
272,1839.49,56.2269,14,4,0.335938,0,0.00561746
273,1011.31,59.9538,15,3,0.360352,0,0.00569758
274,1010.21,54.508,13,3,0.326172,0,0.00556344
275,1827.51,62.408,15,4,0.367188,0,0.0057334
276,1008.92,58.0525,15,3,0.354492,0,0.00563942
277,1825.63,64.2368,15,4,0.374023,0,0.00572345
278,2940.29,60.9354,15,5,0.349609,0,0.0057193
279,1008.92,62.5053,15,3,0.370117,0,0.00582279
280,1832.91,64.9891,15,4,0.375977,0,0.00587249
281,1011.78,64.5602,15,3,0.362305,0,0.00588584
282,1834.62,66.7871,15,4,0.384766,0,0.00595111
283,993.611,61.592,16,3,0.365234,0,0.00596518
284,1007.46,62.3065,16,3,0.34668,0,0.00591771
285,1008.21,56.8047,16,3,0.332031,0,0.00606111
286,1823.71,75.5949,17,4,0.428711,0,0.00623003
287,1011.31,70.6115,17,3,0.385742,0,0.00611102
288,1624.7,69.3976,17,4,0.394531,0,0.00621943
289,1837.92,74.2655,17,4,0.383789,0,0.00641328
290,2909.97,71.2246,17,5,0.382812,0,0.00649818
291,2783.1,61.6925,16,5,0.341797,0,0.00633882
292,1011.78,71.3702,19,3,0.396484,0,0.00656222
293,1800.39,74.9835,19,4,0.391602,0,0.00679522
294,1802.66,74.7381,19,4,0.385742,0,0.00686016
295,1735.52,76.0484,20,4,0.398438,0,0.00700107
296,4150.74,83.6379,21,6,0.415039,0,0.00722252
297,1815.68,78.4141,23,4,0.395508,0,0.00742612
298,1726.84,80.2836,23,4,0.40625,0,0.00753383
299,2727.49,89.7261,25,5,0.423828,0,0.0076994
300,1004.1,86.4387,25,3,0.40918,0,0.00801867
301,2700.57,92.9059,28,5,0.432617,0,0.00790628
302,1836.29,90.0264,29,4,0.412109,0,0.00809863
303,1813.59,88.5861,31,4,0.408203,0,0.00817163
304,1504.2,90.5328,37,4,0.43457,0,0.00827769
305,1817.74,87.4546,32,4,0.415039,0,0.00811909
306,1007.46,88.6395,35,3,0.40918,0,0.00821435
307,2887.84,96.3867,29,5,0.419922,0,0.00830374
308,2870.9,96.5265,82,5,0.438477,0,0.00858887
309,1843.9,102.699,101,4,0.480469,0,0.00866881
310,1800.39,96.0729,96,4,0.448242,0,0.00868172
311,2881.17,101.884,101,5,0.448242,0,0.0087528
312,2084.28,99.5337,101,5,0.46875,0,0.00867748
313,2736.29,105.803,101,5,0.443359,0,0.00901516
314,1841.02,102.911,101,4,0.454102,0,0.0091923
315,2799.41,108.448,101,5,0.46582,0,0.00923865
316,2819.22,102.184,101,5,0.43457,0,0.00913714
317,2819.22,111.599,101,5,0.463867,0,0.00918285
318,4118.83,106.314,101,6,0.44043,0,0.0095831
319,2783.1,113.654,101,5,0.49707,0,0.00953908
320,2877.78,109.524,101,5,0.459961,0,0.00938696
321,4140.23,111.724,101,6,0.482422,0,0.00957511
322,3950.42,121.902,101,6,0.489258,0,0.00928969
323,1827.51,111.312,101,4,0.463867,0,0.00967765
324,1827.51,114.834,101,4,0.486328,0,0.00968691
325,1795.76,115.18,101,4,0.483398,0,0.00968467
326,2874.36,115.454,101,5,0.478516,0,0.0100409
327,1821.75,111.418,101,4,0.478516,0,0.00964279
328,5902.97,124.341,101,7,0.508789,0,0.0100167
329,1831.15,110.654,101,4,0.472656,0,0.00980194
330,2731.9,115.848,101,5,0.483398,0,0.0101375
331,1841.02,118.194,101,4,0.509766,0,0.00952177
332,2870.9,112.74,101,5,0.477539,0,0.00968472
333,2736.29,121.801,101,5,0.491211,0,0.00997887
334,2778.96,138.121,101,5,0.572266,0,0.00985165
335,4016.86,139.689,101,6,0.576172,0,0.0100305
336,2874.36,130.453,101,5,0.553711,0,0.0100606
337,7557.96,141.368,101,8,0.547852,0,0.00963557
338,2842.09,138.423,101,5,0.587891,0,0.0100742
339,2891.12,136.374,101,5,0.567383,0,0.0103527
340,6817.54,138.817,101,8,0.571289,0,0.010552
341,3931.8,141.93,101,6,0.599609,0,0.0106223
342,5373.9,160.404,101,7,0.616211,0,0.010419
343,4181.49,159.57,101,6,0.618164,0,0.0104536
344,7540.04,157.078,101,8,0.638672,0,0.0102964
345,4870.34,164.199,101,7,0.668945,0,0.0106119
346,2807.41,157.71,101,5,0.640625,0,0.0102857
347,4239.12,166.358,101,6,0.678711,0,0.0109419
348,4046.07,161.944,101,6,0.655273,0,0.0104295
349,5804.47,169.135,101,7,0.679688,0,0.0103702
350,4186.5,175.152,101,6,0.700195,0,0.0102331
351,2770.61,161.421,101,5,0.68457,0,0.0106017
352,9934.61,199.465,101,9,0.729492,0,0.0100374
353,7737.41,167.956,101,8,0.683594,0,0.0102905
354,7610.9,186.58,101,8,0.722656,0,0.010219
355,7566.87,184.69,101,8,0.750977,0,0.0099137
356,4243.67,181.994,101,6,0.732422,0,0.0105241
357,4191.47,196.366,101,6,0.787109,0,0.010438
358,3944.23,207.667,106.93,6,0.828125,1,0.010067
359,5771.56,194.66,101,7,0.760742,0,0.0101932
360,4290.68,209.905,101,6,0.817383,0,0.0103046
361,4057.57,191.582,101,6,0.771484,0,0.00983328
362,5645.8,232.298,108.709,7,0.891602,1,0.0101996
363,4150.74,221.97,108.13,6,0.858398,1,0.0105457
364,3906.66,217.158,108.709,6,0.857422,1,0.0101709
365,5925.77,223.005,108.709,7,0.857422,1,0.0102099
366,7512.9,222.916,105.663,8,0.835938,1,0.00979045
367,37024.7,257.207,109.275,14,0.897461,1,0.0101286
368,7566.87,256.775,107.538,8,0.911133,1,0.0103291
369,9370.65,247.503,106.306,9,0.873047,1,0.0106301
370,7305.25,263.994,109.275,8,0.964844,1,0.0103589
371,11723.6,291.28,108.709,10,0.976562,1,0.0109028
372,9696.83,262.74,107.538,9,0.93457,1,0.010487
373,12320.3,307.96,110.903,10,1.03809,1,0.0103841
374,8530.59,302.323,110.903,9,1.03906,1,0.0107029
375,4171.38,246.81,111.425,6,0.969727,1,0.0102432
376,5438.88,277.05,110.903,7,0.973633,1,0.0106973
377,12265.9,292.299,110.371,10,0.987305,1,0.0106953
378,9882.15,285.863,110.371,9,0.976562,1,0.0107711
379,5751.36,311.586,111.937,7,1.07031,1,0.010831
380,5478.69,301.078,112.44,7,1.08691,1,0.0105562
381,9098.28,310.871,110.903,9,1.04785,1,0.0108867
382,19861.3,363.683,112.44,12,1.13184,1,0.0111162
383,7363.33,365.832,115.282,8,1.20312,1,0.011492
384,7382.45,346.836,112.934,8,1.14941,1,0.0114912
385,28119.9,387.649,113.897,13,1.17773,1,0.0108563
386,15169.8,371.414,114.366,11,1.20801,1,0.0113439
387,9774.39,387.034,113.897,9,1.19141,1,0.0119476
388,9346.44,385.193,112.934,9,1.1875,1,0.0116996
389,11498,402.701,116.603,10,1.27637,1,0.0117426
390,12293.2,408.814,114.828,10,1.22168,1,0.0120345
391,9594.67,406.672,116.603,9,1.26758,1,0.0117387
392,12532.3,433.874,116.17,10,1.30078,1,0.0115731
393,9685.61,449.013,116.603,9,1.3291,1,0.011726
394,15822.7,523.495,116.603,11,1.40625,1,0.011626
395,38432.8,543.427,116.17,14,1.40918,1,0.0123245
396,11436.8,474.495,117.03,10,1.36719,1,0.0116383
397,16112.9,465.587,122.047,11,1.40527,1,0.0120758
398,12427.5,507.751,120.227,10,1.44336,1,0.0121208
399,12183.3,522.006,119.071,10,1.43945,1,0.0121257
400,11971.7,521.64,117.45,10,1.44336,1,0.0128158
401,12427.5,527.856,125.332,10,1.49805,1,0.0124899
402,12609.4,494.935,119.847,10,1.42188,1,0.0121585
403,11573.9,590.078,125.637,10,1.56641,1,0.0126251
404,38456.4,607.397,122.396,14,1.54883,1,0.012538
405,9358.56,571.813,120.227,9,1.53516,1,0.0124864
406,20779.8,684.737,128.2,12,1.67969,1,0.0124826
407,13006.3,587.97,124.394,10,1.55371,1,0.0125644
408,40048.1,631.738,136.764,14,1.62695,1,0.0131666
409,10153,594.055,123.08,9,1.58691,1,0.0129148
410,12467.1,659.479,136.902,10,1.66016,1,0.0130101
411,14736.2,612.153,122.741,11,1.55176,1,0.0129181
412,20165,680.595,130.227,12,1.67871,1,0.0129454
413,12519.4,664.185,136.624,10,1.67773,1,0.013107
414,298928,989.561,137.675,18,1.78906,1,0.0131944
415,56177.1,960.085,137.796,15,1.86133,1,0.0136217
416,94812.3,1306,138.967,16,2.1709,1,0.0143252
417,2.14981e+06,3256.82,340.249,21,2.1543,2,0.0138213
418,163603,1980.67,430.413,17,2.73828,2,0.0150597
419,1.6837e+07,19461,433.384,24,2.9209,2,0.0146437
420,298117,3186.75,435.149,18,3.30664,2,0.0148039
421,162552,2873.52,736.337,17,3.34082,3,0.0149946
422,8.44812e+06,11669.3,949.639,23,3.64746,3,0.0159873
423,163538,2684.42,888.526,17,3.30957,3,0.0154978
424,299818,3126.23,871.476,18,3.35156,3,0.0158156
425,1.09275e+06,4926.85,920.602,20,3.49121,3,0.0163491
426,2.14595e+06,6589.44,958.006,21,3.80176,3,0.0176582
427,1.68345e+07,24319.4,958.006,24,3.95801,3,0.0178996
428,2.1476e+09,2.16775e+06,1668.15,31,4.86035,4,0.0207524
429,6.71814e+07,152558,2709.62,26,6.08301,5,0.0232642
430,3.36257e+07,158523,3316.66,25,6.72559,6,0.0256218
431,1.07384e+09,1.69798e+06,3214.25,30,6.74023,6,0.0252827
432,1.07383e+09,1.63775e+06,5054.52,30,7.875,7,0.0297705
433,1.343e+08,253789,4879.73,27,7.61035,7,0.0306559
434,1.34289e+08,298698,3714.43,27,7.14941,6,0.0278244
435,8.59005e+09,1.22044e+07,5688.91,33,8.05371,7,0.0312545
436,2.1476e+09,3.99011e+06,5373.9,31,7.9082,7,0.031035
437,1.07384e+09,2.22765e+06,6904.35,30,8.51074,8,0.0326439
438,2.68525e+08,815771,5865.5,28,8.27637,8,0.0321033
439,2.68519e+08,680189,5645.8,28,8.36133,7,0.0317052
440,5.3696e+08,985079,7021.28,29,8.64746,8,0.032591
441,6.71835e+07,501088,7042.23,26,8.80176,8,0.0331676
442,5.36967e+08,2.33898e+06,5390.29,29,8.16699,7,0.0310688
443,2.14759e+09,3.66914e+06,5631.18,31,8.53516,7,0.0323076
444,2.68527e+08,1.76507e+06,7010.77,28,8.91504,8,0.0333081
445,1.07385e+09,4.25193e+06,7575.75,30,9.40527,8,0.0340166
446,1.07383e+09,2.43449e+06,7485.47,30,9.2998,8,0.0341562
447,4.29507e+09,7.54292e+06,7324.72,32,9.24512,8,0.0341453
448,4.29509e+09,1.3021e+07,8666.47,32,9.50586,9,0.035492
449,3.43599e+10,3.6545e+07,9309.92,35,9.86523,9,0.0358283
450,1.07384e+09,5.5344e+06,10098,30,10.3525,10,0.0367304
451,8.59006e+09,1.76712e+07,9763.41,33,10.2266,9,0.0362102
452,2.1476e+09,7.89795e+06,9525.12,31,9.84375,9,0.0356086
453,4.29509e+09,1.49355e+07,9994.29,32,10.2607,10,0.0358539
454,1.718e+10,2.5302e+07,8252.3,34,9.66992,9,0.0347458
455,6.87196e+10,7.72851e+07,10572.2,36,10.2461,10,0.0356886
456,1.718e+10,3.39617e+07,12028.8,34,10.9355,10,0.0369966
457,1.718e+10,3.31438e+07,15050.2,34,11.3623,11,0.0379087
458,3.43599e+10,4.87836e+07,11768,35,10.7158,10,0.0355421
459,8.59006e+09,3.64156e+07,12414.2,33,10.9248,10,0.036572
460,4.29509e+09,2.15576e+07,15237.4,32,11.2227,11,0.0367386
461,8.59005e+09,1.78451e+07,12440.7,33,10.8135,10,0.0366011
462,6.87196e+10,7.48176e+07,11077.1,36,10.3857,10,0.0360303
463,8.59006e+09,2.04845e+07,13912.7,33,10.9736,11,0.0372517
464,8.59006e+09,1.93282e+07,9807.1,33,10.3203,9,0.0353735
465,1.07384e+09,6.67201e+06,12265.9,30,10.6377,10,0.0371934
466,4.29508e+09,1.19604e+07,9913.74,32,10.1113,9,0.0355296
467,2.1476e+09,2.11683e+07,14285.2,31,11.1533,11,0.0384802
468,6.87196e+10,9.45305e+07,12000.3,36,10.8691,10,0.0380286
469,8.59006e+09,3.38394e+07,12028.8,33,10.7236,10,0.0361273
470,1.37439e+11,1.64931e+08,12238.5,37,10.6777,10,0.0358103
471,3.43599e+10,1.0211e+08,15900.4,35,12.0273,11,0.0394803
472,1.718e+10,5.96853e+07,12739.1,34,11.4902,11,0.0392602
473,8.59006e+09,4.2335e+07,15271.1,33,11.666,11,0.0387123
474,6.87196e+10,1.19073e+08,15220.6,36,11.7959,11,0.0393639
475,2.74878e+11,3.1816e+08,14413.1,38,11.668,11,0.039648
476,8.59005e+09,6.06629e+07,13646.2,33,11.6035,11,0.0394052
477,1.718e+10,5.36429e+07,17833.1,34,12.373,12,0.0405543
478,1.718e+10,5.06922e+07,14806.8,34,11.6201,11,0.0388682
479,1.37439e+11,1.76342e+08,16112.9,37,12.1699,11,0.0402811
480,1.37439e+11,1.72724e+08,14998.5,37,11.6123,11,0.0383751
481,1.718e+10,1.08682e+08,26569.2,34,12.9316,13,0.0423367
482,2.74878e+11,3.95451e+08,27340.6,38,13.1787,13,0.0432743
483,2.74878e+11,3.87673e+08,37581.5,38,13.9121,14,0.0453444
484,6.87196e+10,2.37123e+08,27444,36,13.623,13,0.0448413
485,2.74878e+11,5.60843e+08,18714.1,38,12.6133,12,0.0424134
486,3.43599e+10,1.82846e+08,24559,35,13.3232,13,0.0443652
487,1.09951e+12,1.18727e+09,19861.3,40,12.9316,12,0.0437976
488,6.87196e+10,1.8249e+08,27319.8,36,13.5557,13,0.0434549
489,6.87196e+10,2.47492e+08,36844.3,36,13.6465,14,0.0427248
490,1.37439e+11,3.51022e+08,36973.3,37,13.6934,14,0.0433966
491,6.87196e+10,1.99982e+08,26960.7,36,13.5244,13,0.0436367
492,1.718e+10,1.27085e+08,37203.6,34,13.9199,14,0.0440437
493,1.37439e+11,3.06503e+08,25614.6,37,13.0791,13,0.0414038
494,6.87196e+10,1.69652e+08,27627.6,36,13.291,13,0.0418311
495,2.74878e+11,3.62831e+08,20295.1,38,13.0645,12,0.041278
496,3.43599e+10,1.69371e+08,26480.7,35,13.2432,13,0.0424581
497,1.718e+10,8.22356e+07,20423.4,34,12.7227,12,0.0417451
498,1.37439e+11,2.80686e+08,15775.6,37,12.3193,11,0.0410966
499,8.59006e+09,3.49886e+07,14753.9,33,11.6475,11,0.0396314
500,1.718e+10,7.54938e+07,12698.6,34,11.7695,11,0.0394041
501,2.74878e+11,5.3128e+08,15404.3,38,12.2246,11,0.0394935
502,1.718e+10,6.28174e+07,19725.7,34,12.5156,12,0.0396484
503,6.87196e+10,1.25099e+08,13549.9,36,11.8809,11,0.0382932
504,1.37439e+11,2.17876e+08,13099.5,37,11.748,11,0.0368614
505,6.87196e+10,2.89901e+08,18901.5,36,12.5771,12,0.0387314
506,1.718e+10,1.44851e+08,16216.2,34,12.2246,11,0.0382184
507,1.37439e+11,3.07591e+08,15254.3,37,12.1562,11,0.0380691
508,1.37439e+11,2.92163e+08,15728.2,37,11.6865,11,0.035876
509,4.29509e+09,3.77303e+07,11664.1,32,11.0967,10,0.0335707
510,2.74878e+11,4.96885e+08,15321.3,38,11.9131,11,0.0362221
511,1.37439e+11,1.87884e+08,11928.5,37,11.1768,10,0.0346069
512,5.49756e+11,6.54999e+08,16274.3,39,12.5146,11,0.0386435
513,1.75922e+13,1.7445e+10,18922.2,44,12.5234,12,0.0385766
514,6.87196e+10,3.31514e+08,12672.6,36,11.9307,10,0.0368453
515,6.87196e+10,2.47006e+08,15437.3,36,12.083,11,0.0364663
516,2.74878e+11,4.62005e+08,12400.9,38,11.7168,10,0.0365167
517,1.37439e+11,5.14092e+08,15437.3,37,11.9922,11,0.0367745
518,1.37439e+11,5.94072e+08,12320.3,37,11.5381,10,0.0361145
519,3.43599e+10,1.03492e+08,9903.25,35,10.8555,9,0.0339893
520,1.75922e+13,1.72324e+10,8475.61,44,10.3125,9,0.0331823
521,3.43599e+10,1.15391e+08,11914.3,35,11.4492,11,0.0382385
522,5.49756e+11,8.89941e+08,11649.1,39,11.0234,10,0.0364287
523,5.49756e+11,6.38883e+08,11899.6,39,11.6113,10,0.0372894
524,1.718e+10,7.42489e+07,14575.8,34,11.7217,11,0.0367346
525,2.74878e+11,3.59166e+08,11679,38,11.0986,10,0.0358048
526,1.09951e+12,2.81115e+09,11679,40,11.5801,10,0.0369544
527,2.19902e+12,2.29978e+09,15371.2,41,12.0342,11,0.0378595
528,7.03687e+13,6.88317e+10,15807,46,12.4951,11,0.0394025
529,6.87196e+10,2.04316e+08,12238.5,36,11.9072,10,0.0383681
530,1.09951e+12,1.13755e+09,11797.5,40,11.543,10,0.0383817
531,1.718e+10,9.09533e+07,12545.3,34,11.6758,10,0.0385591
532,2.19902e+12,3.32564e+09,12347.3,41,11.3525,10,0.0379745
533,5.49756e+11,1.10604e+09,12028.8,39,11.624,10,0.0395342
534,1.37439e+11,2.97904e+08,14700.8,37,11.8545,11,0.0393025
535,1.37439e+11,2.37825e+08,12710,37,11.4053,10,0.0375612
536,2.74878e+11,4.45737e+08,11782.8,38,11.1787,10,0.0369523
537,8.59006e+09,3.80944e+07,11971.7,33,11.2285,10,0.0372984
538,5.49756e+11,5.69262e+08,11634.1,39,11.083,10,0.0371804
539,5.49756e+11,1.0425e+09,12493.3,39,11.6143,10,0.0397353
540,1.37439e+11,3.95218e+08,12333.8,37,12.0352,10,0.0416427
541,1.37439e+11,4.18934e+08,15237.4,37,12.2617,11,0.0424975
542,1.37439e+11,4.89758e+08,18942.9,37,12.457,12,0.0434576
543,1.09951e+12,1.27307e+09,11723.6,40,11.3652,10,0.0398333
544,1.09951e+12,1.65985e+09,14929.2,40,11.8301,11,0.0402052
545,6.87196e+10,2.70421e+08,13646.2,36,11.6348,11,0.0394417
546,6.87196e+10,2.08592e+08,12238.5,36,11.3008,10,0.0377412
547,5.49756e+11,1.02392e+09,12467.1,39,11.46,10,0.0388861
548,2.74878e+11,6.97301e+08,9617.6,38,10.9287,9,0.0389867
549,1.718e+10,1.42192e+08,9903.25,34,10.8545,9,0.0383608
550,1.37439e+11,2.82618e+08,7467.02,37,10.3984,8,0.0375279
551,1.37439e+11,4.08708e+08,10026.5,37,11.1504,9,0.0385615
552,1.37439e+11,5.73654e+08,9817.93,37,11.3799,9,0.0405133
553,7.03687e+13,6.89386e+10,10132.4,46,11.5,10,0.0407824
554,2.74878e+11,3.21706e+08,11344.3,38,11.1855,10,0.0416965
555,2.74878e+11,6.21132e+08,12647.4,38,12.0645,10,0.0418668
556,3.43599e+10,1.66256e+08,14137.4,35,11.6348,11,0.0397186
557,6.87196e+10,2.07527e+08,11359.7,36,11.3223,10,0.0386875
558,1.09951e+12,1.53488e+09,11203.7,40,11.5195,10,0.0390125
559,5.49756e+11,6.3364e+08,9483.07,39,10.6699,10,0.0390822
560,2.74878e+11,9.32398e+08,20459.8,38,13.1709,12,0.044968
561,1.37439e+11,3.79551e+08,15437.3,37,12.3145,11,0.0421629
562,1.37439e+11,5.24546e+08,15287.8,37,12.9795,11,0.0445867
563,1.09951e+12,2.31913e+09,20089.9,40,13.1104,12,0.0453078
564,2.74878e+11,8.80546e+08,20386.9,38,13.3887,12,0.0455598
565,1.09951e+12,2.70608e+09,15519.2,40,12.8955,11,0.0439192
566,6.87196e+10,3.91245e+08,14193,36,12.8379,11,0.0452584
567,5.49756e+11,1.08168e+09,20295.1,39,13.5186,12,0.0453871
568,1.09951e+12,2.02593e+09,25567.8,40,13.5479,13,0.0460238
569,6.87196e+10,4.16916e+08,38121.8,36,14.1758,14,0.0469813
570,1.09951e+12,1.59844e+09,27607.3,40,13.5146,13,0.0455282
571,1.09951e+12,2.61608e+09,20639.1,40,13.1924,12,0.0445478
572,2.19902e+12,5.03136e+09,20127.5,41,13.3711,12,0.0454026
573,1.75922e+13,1.79969e+10,26960.7,44,14.0811,13,0.0478344
574,1.09951e+12,3.64715e+09,38337.8,40,14.4404,14,0.0486425
575,1.37439e+11,6.98659e+08,21299.1,37,13.4756,12,0.0464368
576,5.49756e+11,1.68175e+09,20709.8,39,13.5684,12,0.0465652
577,1.09951e+12,2.78479e+09,38550.7,40,14,14,0.0482007
578,1.09951e+12,1.47831e+09,15371.2,40,12.4199,11,0.0433302
579,4.39805e+12,6.38536e+09,36267.2,42,13.7129,14,0.0450758
580,2.19902e+12,3.11704e+09,26657.1,41,13.3926,13,0.0437889
581,1.09951e+12,1.95015e+09,19568.9,40,12.7285,12,0.0425288
582,6.87196e+10,3.96653e+08,12265.9,36,12.1162,10,0.0438127
583,2.74878e+11,6.37906e+08,11841.4,38,12.0596,10,0.0435673
584,5.49756e+11,1.24801e+09,11738.5,39,11.8896,10,0.0436157
585,2.74878e+11,9.64463e+08,13837,38,12.2646,11,0.0440516
586,5.49756e+11,1.01635e+09,15584.2,39,12.5312,11,0.0443094
587,6.87196e+10,3.16282e+08,8138.65,36,10.8535,9,0.0396318
588,5.49756e+11,8.33781e+08,9640.4,39,11.2422,9,0.0402174
589,3.43599e+10,1.51437e+08,8746.92,35,11.0391,9,0.0400742
590,2.74878e+11,7.63788e+08,11482.8,38,11.6455,10,0.0415643
591,3.43599e+10,1.97044e+08,12347.3,35,12.0498,10,0.0426475
592,1.37439e+11,4.02399e+08,11467.5,37,11.6338,10,0.0421598
593,2.74878e+11,6.07129e+08,12360.8,38,11.9473,10,0.0420735
594,1.09951e+12,1.82387e+09,9784.72,40,11.6123,10,0.0414812
595,2.74878e+11,4.63889e+08,10303.2,38,11.541,10,0.0419127
596,1.09951e+12,2.66115e+09,9339.24,40,11.6562,10,0.042747
597,2.74878e+11,5.04892e+08,7834.31,38,10.9512,9,0.0416086
598,2.19902e+12,2.63303e+09,8996.05,41,11.4189,9,0.041473
599,5.49756e+11,7.33127e+08,11885.1,39,11.6221,10,0.0413413
600,4.39805e+12,4.57537e+09,12238.5,42,12.0811,10,0.0422855
601,2.74878e+11,9.58269e+08,11957.3,38,12.4473,10,0.0456878
602,2.19902e+12,3.49302e+09,9714.23,41,12.1631,10,0.0456029
603,2.19902e+12,4.15786e+09,11513.2,41,12.4805,10,0.0464639
604,2.74878e+11,6.97687e+08,12293.2,38,12.1963,10,0.0446974
605,1.09951e+12,1.85768e+09,16458.1,40,13.125,11,0.047868
606,2.19902e+12,5.39536e+09,11235.1,41,12.5264,10,0.047166
607,1.37439e+11,6.06944e+08,6594.41,37,10.9072,8,0.0440872
608,1.75922e+13,1.91034e+10,8845.33,44,11.6436,10,0.045652
609,3.51844e+13,3.6239e+10,9382.71,45,11.9482,9,0.0459456
610,8.79609e+12,1.01002e+10,8639.48,43,11.7607,9,0.0461133
611,1.09951e+12,2.19025e+09,10269.2,40,12.5205,10,0.0484749
612,2.19902e+12,3.98712e+09,10588.8,41,12.3408,10,0.0480178
613,4.39805e+12,9.34407e+09,11344.3,42,12.3086,10,0.0469578
614,2.19902e+12,2.87377e+09,8224.01,41,11.6406,9,0.0447506
615,1.09951e+12,2.90173e+09,9248.49,40,12.0234,9,0.0461989
616,2.74878e+11,8.55192e+08,8406.41,38,11.7803,9,0.0460245
617,1.09951e+12,1.90457e+09,6925.82,40,11.333,8,0.0449658
618,5.49756e+11,9.48293e+08,8364.63,39,11.585,9,0.045573
619,5.49756e+11,1.80334e+09,11745.6,39,12.3945,11,0.0466207
620,5.49756e+11,1.72607e+09,9198.85,39,11.9609,9,0.044702
621,1.37439e+11,5.88784e+08,12238.5,37,12.4512,10,0.0459198
622,2.19902e+12,9.97653e+09,11108.9,41,12.4326,10,0.0466063
623,2.74878e+11,4.68313e+08,8110.04,38,11.4121,9,0.0423488
624,1.09951e+12,2.3633e+09,12071.3,40,12.8125,10,0.0474676
625,5.49756e+11,9.08416e+08,11957.3,39,12.3076,10,0.0461305
626,8.79609e+12,1.06532e+10,14044.2,43,12.5537,11,0.0468409
627,1.37439e+11,6.4168e+08,15728.2,37,12.9971,11,0.0482001
628,1.09951e+12,2.74463e+09,8866.02,40,11.8691,9,0.0449643
629,2.74878e+11,8.323e+08,7295.47,38,11.1367,8,0.0434793
630,2.74878e+11,9.66186e+08,9322.12,38,11.3555,9,0.0446541
631,4.39805e+12,5.92887e+09,8138.65,42,11.2588,9,0.044116
632,2.19902e+12,5.5249e+09,14929.2,41,12.8525,11,0.0471268
633,1.09951e+12,3.3487e+09,8557.94,40,11.8623,9,0.0443265
634,2.74878e+11,8.67445e+08,7936.71,38,11.5088,9,0.0448988
635,4.39805e+12,7.41846e+09,11870.6,42,12.7412,10,0.0496517
636,1.09951e+12,3.665e+09,9406.74,40,11.9043,9,0.0461791
637,8.79609e+12,1.17382e+10,8434.15,43,11.7461,9,0.0462566
638,2.19902e+12,2.68273e+09,6038.74,41,10.9951,8,0.0449025
639,5.49756e+11,1.91886e+09,9411.3,39,11.8555,10,0.0441912
640,2.19902e+12,2.72827e+09,8447.99,41,11.7227,9,0.0437926
641,2.19902e+12,3.62929e+09,9198.85,41,11.5342,9,0.0424355
642,2.19902e+12,2.94884e+09,7696.21,41,11.2646,8,0.0414019
643,5.49756e+11,1.52762e+09,9807.1,39,11.7041,9,0.0420864
644,8.79609e+12,1.14246e+10,7353.72,43,11.3154,8,0.0408883
645,6.87196e+10,4.4017e+08,10235.2,36,12.0312,10,0.0411581
646,5.49756e+11,1.07691e+09,9110.94,39,11.5957,9,0.0398975
647,1.09951e+12,3.50531e+09,12799.6,40,13.0391,11,0.0444392
648,2.19902e+12,3.05231e+09,26744.5,41,14.5244,13,0.0491348
649,2.74878e+11,1.65062e+09,57195,38,15.2686,15,0.0502293
650,4.39805e+12,5.23693e+09,56606.6,42,14.9189,15,0.0489608
651,8.79609e+12,1.32476e+10,160798,43,16.3047,17,0.0537895
652,2.74878e+11,2.04822e+09,57469.7,38,15.4902,15,0.0523832
653,8.79609e+12,1.04544e+10,39391.5,43,15.0791,14,0.0520878
654,4.39805e+12,5.50186e+09,37152.7,42,14.5,14,0.0502549
655,4.39805e+12,5.03301e+09,27748.2,42,13.7246,13,0.0494621
656,4.39805e+12,9.03645e+09,58684.3,42,15.4043,15,0.0527979
657,2.74878e+11,1.63423e+09,38944.1,38,14.5488,14,0.0507939
658,5.49756e+11,2.40147e+09,56691.5,39,15.0264,15,0.0522143
659,4.39805e+12,8.15547e+09,57000.5,42,15.1309,15,0.0514062
660,2.74878e+11,1.35747e+09,34650.9,38,14.3867,14,0.0500854
661,5.49756e+11,2.12398e+09,57524.2,39,15.0391,15,0.0518732
662,2.19902e+12,4.58896e+09,93301.9,41,15.5508,16,0.0526425
663,1.09951e+12,3.42955e+09,92963.1,40,15.7529,16,0.0551339
664,4.39805e+12,8.46883e+09,57139.6,42,15.2988,15,0.0522765
665,8.79609e+12,2.71268e+10,93995.8,43,15.9453,16,0.0551047
666,2.19902e+12,5.46544e+09,161704,41,16.5391,17,0.0551708
667,2.19902e+12,5.71897e+09,92714,41,16.1865,16,0.0550145
668,4.39805e+12,1.08363e+10,163409,42,16.7695,17,0.0558308
669,2.19902e+12,7.92792e+09,93086.8,41,16.0732,16,0.0542349
670,2.19902e+12,5.1113e+09,53644.6,41,14.917,15,0.0515007
671,1.09951e+12,4.79296e+09,38290,40,14.833,14,0.0521127
672,2.19902e+12,9.3248e+09,93332.5,41,15.9639,16,0.0536053
673,4.39805e+12,8.13154e+09,57954.9,42,15.3643,15,0.0526177
674,4.39805e+12,1.41933e+10,93906.4,42,15.9209,16,0.0530788
675,1.75922e+13,2.70647e+10,93393.5,44,15.9531,16,0.0535839
676,1.09951e+12,5.06231e+09,57767.7,40,15.5088,15,0.0519807
677,2.19902e+12,5.28526e+09,94232.3,41,15.9697,16,0.0532727
678,8.79609e+12,1.57594e+10,91468.2,43,15.6143,16,0.0516851
679,4.39805e+12,1.56225e+10,164579,42,16.8076,17,0.0565027
680,1.75922e+13,2.61477e+10,93179.2,44,16.0098,16,0.0540934
681,4.39805e+12,1.11503e+10,55593.2,42,15.1973,15,0.0520474
682,2.19902e+12,6.1586e+09,37853.8,41,14.749,14,0.0519096
683,8.79609e+12,1.33367e+10,91663.1,43,15.415,16,0.0523656
684,8.79609e+12,1.86412e+10,89834.7,43,15.792,16,0.0549765
685,8.79609e+12,1.56712e+10,56860.6,43,15.3193,15,0.0526983
686,1.09951e+12,6.9931e+09,93936.3,40,16.3418,16,0.0554288
687,8.79609e+12,1.25787e+10,93575.8,43,15.9258,16,0.0538234
688,1.09951e+12,4.02987e+09,90610.5,40,15.5615,16,0.0530344
689,8.79609e+12,1.52731e+10,37902.8,43,14.999,14,0.052254
690,4.39805e+12,1.20206e+10,93666.4,42,15.6875,16,0.0540311
691,7.03687e+13,7.86321e+10,162080,46,16.5166,17,0.056276
692,1.09951e+12,4.20271e+09,94869.4,40,15.9834,16,0.0540312
693,2.19902e+12,1.09018e+10,20639.1,41,14.6631,12,0.0499905
694,1.75922e+13,2.64964e+10,55027.1,44,15.085,15,0.0522916
695,1.75922e+13,2.91714e+10,56748,44,15.1143,15,0.0519605
696,3.51844e+13,3.94667e+10,58401.6,45,15.6338,15,0.0547278
697,4.39805e+12,1.24457e+10,89251.4,42,16.1328,16,0.0561955
698,1.09951e+12,7.49194e+09,164579,40,17.2354,17,0.0590987
699,8.79609e+12,2.18183e+10,92651.3,43,16.0098,16,0.0558008
700,2.19902e+12,9.70686e+09,94812.3,41,16.2529,16,0.0563036
701,4.39805e+12,1.17713e+10,89286,42,15.6221,16,0.0547766
702,8.79609e+12,1.5678e+10,91727.9,43,16.1045,16,0.05581
703,4.39805e+12,1.07219e+10,294309,42,17.2109,18,0.0594121
704,8.79609e+12,2.3201e+10,162385,43,16.7646,17,0.0592059
705,1.75922e+13,4.84974e+10,157455,44,16.6035,17,0.0578455
706,1.75922e+13,3.71767e+10,95152.2,44,16.7158,16,0.0583259
707,3.51844e+13,5.18333e+10,161876,45,16.959,17,0.0575206
708,1.75922e+13,3.69837e+10,94232.3,44,16.5928,16,0.0582416
709,2.19902e+12,1.06034e+10,57794.5,41,16.2988,15,0.0576323
710,3.51844e+13,8.01032e+10,93995.8,45,16.6514,16,0.058751
711,1.40737e+14,1.85575e+11,163376,47,17.3535,17,0.0635174
712,2.19902e+12,1.3053e+10,294388,41,17.7256,18,0.0634646
713,4.39805e+12,2.07593e+10,295014,42,17.3936,18,0.0625703
714,7.03687e+13,1.7213e+11,160515,46,17.1602,17,0.061569
715,3.51844e+13,6.35977e+10,161807,45,17.709,17,0.0633321
716,7.03687e+13,1.08016e+11,287472,46,17.2012,18,0.0615951
717,1.75922e+13,5.13426e+10,1.09124e+06,44,18.8496,20,0.0661323
718,2.19902e+12,2.47646e+10,2.14173e+06,41,19.6787,21,0.0679469
719,1.75922e+13,1.01398e+11,2.14498e+06,44,19.5732,21,0.0684181
720,2.81475e+14,3.11548e+11,1.09022e+06,48,19.1621,20,0.0664433
721,3.51844e+13,1.31867e+11,4.24381e+06,45,20.3447,22,0.0686341
722,7.03687e+13,1.37681e+11,8.43951e+06,46,20.7402,23,0.0704685
723,7.03687e+13,1.07758e+11,4.24652e+06,46,20.4189,22,0.069001
724,1.40737e+14,1.98244e+11,8.44425e+06,47,21.0527,23,0.0704017
725,7.03687e+13,9.74669e+10,4.24307e+06,46,20.4873,22,0.0693026
726,1.75922e+13,5.82484e+10,8.44095e+06,44,20.9766,23,0.0710739
727,8.79609e+12,3.59165e+10,8.44055e+06,43,21.0439,23,0.0717135
728,4.39805e+12,1.82992e+10,4.2427e+06,42,19.9082,22,0.067138
729,8.79609e+12,4.1953e+10,4.2451e+06,43,20.2939,22,0.069158
730,4.39805e+12,1.64154e+10,2.14362e+06,42,19.6611,21,0.0673096
731,3.51844e+13,7.18912e+10,2.14295e+06,45,19.5654,21,0.0666547
732,3.51844e+13,9.43439e+10,4.24307e+06,45,20.4785,22,0.0694944
733,3.51844e+13,5.61102e+10,2.14163e+06,45,19.3447,21,0.065363
734,1.75922e+13,5.90149e+10,4.24521e+06,44,20.2129,22,0.0691534
735,8.79609e+12,2.47982e+10,1.08748e+06,43,18.7061,20,0.0643668
736,1.09951e+12,1.31728e+10,1.08845e+06,40,18.7822,20,0.065096
737,3.51844e+13,8.34309e+10,1.089e+06,45,18.9307,20,0.064703
738,3.51844e+13,7.90757e+10,560674,45,18.3555,19,0.0635406
739,3.51844e+13,7.56113e+10,4.24302e+06,45,19.7227,22,0.0676039
740,1.75922e+13,3.97567e+10,4.24647e+06,44,19.9092,22,0.0688883
741,8.79609e+12,3.97599e+10,1.09115e+06,43,18.8115,20,0.0659791
742,1.75922e+13,4.30461e+10,4.24516e+06,44,19.8203,22,0.0684574
743,8.79609e+12,2.43193e+10,1.09556e+06,43,19.2314,20,0.0668941
744,1.40737e+14,1.66917e+11,2.1454e+06,47,19.7686,21,0.0675575
745,8.79609e+12,2.79124e+10,4.24505e+06,43,19.9102,22,0.0680576
746,1.75922e+13,3.77542e+10,8.43536e+06,44,20.4854,23,0.0704319
747,3.51844e+13,5.74574e+10,1.68358e+07,45,21.125,24,0.0715762
748,1.1259e+15,1.15084e+12,8.44326e+06,50,20.7139,23,0.0698718
749,4.39805e+12,2.34776e+10,2.14707e+06,42,19.0137,21,0.0654026
750,7.03687e+13,1.20099e+11,2.14503e+06,46,18.7637,21,0.0656347
751,4.39805e+12,2.86207e+10,8.4418e+06,42,20.0742,23,0.0679948
752,1.75922e+13,4.90841e+10,4.2436e+06,44,19.4268,22,0.0666171
753,2.19902e+12,1.65532e+10,4.24572e+06,41,19.5771,22,0.0666284
754,7.03687e+13,8.51133e+10,2.14343e+06,46,18.8252,21,0.0646478
755,1.40737e+14,3.04119e+11,4.2427e+06,47,19.4453,22,0.0647042
756,1.75922e+13,5.67732e+10,2.14649e+06,44,19.4297,21,0.0650188
757,2.19902e+12,1.12033e+10,1.09441e+06,41,18.8066,20,0.0631343
758,8.79609e+12,2.52854e+10,564065,43,17.958,19,0.0617266
759,1.75922e+13,3.65712e+10,4.24556e+06,44,19.5088,22,0.0662177
760,4.39805e+12,1.81882e+10,4.24627e+06,42,19.3818,22,0.0656796
761,4.39805e+12,1.35629e+10,8.44236e+06,42,19.5967,23,0.0674522
762,1.40737e+14,1.485e+11,4.24766e+06,47,19.4814,22,0.0660562
763,8.79609e+12,2.6154e+10,4.2418e+06,43,19.2744,22,0.0657189
764,8.79609e+12,2.94829e+10,4.24495e+06,43,19.5459,22,0.0666788
765,2.81475e+14,3.80024e+11,4.24582e+06,48,19.7666,22,0.0670554
766,8.79609e+12,1.97339e+10,2.14721e+06,43,19.7363,21,0.0682873
767,1.75922e+13,4.89668e+10,4.24536e+06,44,19.6641,22,0.0675795
768,8.79609e+12,4.8647e+10,4.24662e+06,43,20.0771,22,0.0703291
769,4.39805e+12,2.29855e+10,4.24339e+06,42,19.4678,22,0.067623
770,1.75922e+13,4.47151e+10,2.14549e+06,44,19.3154,21,0.0670151
771,1.75922e+13,3.78216e+10,4.24752e+06,44,19.8047,22,0.0677516
772,3.51844e+13,9.55864e+10,4.24617e+06,45,19.9785,22,0.069464
773,1.75922e+13,3.85764e+10,8.44485e+06,44,20.5215,23,0.0694123
774,1.75922e+13,4.57867e+10,8.44089e+06,44,20.0508,23,0.0683793
775,7.03687e+13,9.10548e+10,8.44135e+06,46,19.9873,23,0.0693921
776,3.51844e+13,1.07641e+11,1.08973e+06,45,18.5,20,0.0663698
777,8.79609e+12,3.63437e+10,8.4449e+06,43,20.1895,23,0.0706457
778,2.81475e+14,3.00049e+11,2.14681e+06,48,19.0889,21,0.0676809
779,2.81475e+14,4.50801e+11,1.68309e+07,48,20.917,24,0.07241
780,1.75922e+13,6.94097e+10,3.36187e+07,44,21.6992,25,0.0747871
781,3.51844e+13,1.08665e+11,3.36182e+07,45,21.2979,25,0.073877
782,3.51844e+13,8.87898e+10,8.44608e+06,45,20.9951,23,0.0731287
783,3.51844e+13,7.36454e+10,1.68339e+07,45,20.5703,24,0.0721228
784,3.51844e+13,1.14472e+11,3.36148e+07,45,21.8594,25,0.0760008
785,1.40737e+14,3.86388e+11,6.71844e+07,47,23.2617,26,0.0807147
786,1.40737e+14,5.27038e+11,2.68515e+08,47,24.6602,28,0.086077
787,1.1259e+15,2.18033e+12,5.36948e+08,50,25.5811,29,0.0887105
788,1.1259e+15,1.40614e+12,1.34288e+08,50,22.9385,27,0.0830482
789,3.51844e+13,1.81906e+11,2.68511e+08,45,23.9062,28,0.0836661
790,7.03687e+13,2.65622e+11,6.71802e+07,46,22.7021,26,0.0800799
791,1.40737e+14,3.14994e+11,6.71844e+07,47,23.335,26,0.0826976
792,1.1259e+15,1.36863e+12,6.71744e+07,50,22.4375,26,0.0808567
793,2.81475e+14,7.84604e+11,2.68515e+08,48,25.083,28,0.086773
794,3.51844e+13,2.02281e+11,1.34292e+08,45,23.9814,27,0.0831312
795,1.40737e+14,5.54557e+11,6.71823e+07,47,23.3438,26,0.0819341
796,3.51844e+13,1.90224e+11,6.71751e+07,45,23.0254,26,0.081048
797,1.1259e+15,2.03517e+12,1.34292e+08,50,24.0605,27,0.084886
798,1.1259e+15,2.58519e+12,2.68512e+08,50,24.9482,28,0.0894984
799,1.40737e+14,7.19585e+11,2.68516e+08,47,25.8271,28,0.0930086
800,5.6295e+14,1.04366e+12,2.68511e+08,49,24.9238,28,0.0909327
801,5.6295e+14,1.57788e+12,1.34295e+08,49,24.3281,27,0.0889194
802,1.40737e+14,5.54412e+11,6.71801e+07,47,23.2461,26,0.0860226
803,2.81475e+14,1.42568e+12,6.71727e+07,48,22.7451,26,0.0833382
804,7.03687e+13,4.91866e+11,6.71819e+07,46,23.3711,26,0.0855884
805,2.81475e+14,6.93289e+11,6.7172e+07,48,22.9727,26,0.0841014
806,1.40737e+14,6.66914e+11,3.36198e+07,47,23.2939,25,0.0851371
807,2.2518e+15,4.65606e+12,2.6851e+08,51,24.748,28,0.0917738
808,1.1259e+15,3.07778e+12,5.36951e+08,50,25.3018,29,0.092857
809,2.2518e+15,3.27575e+12,1.07383e+09,51,26.4609,30,0.0975513
810,2.2518e+15,4.50475e+12,5.36955e+08,51,25.749,29,0.0961946
811,9.0072e+15,1.00642e+13,5.36956e+08,53,26.1768,29,0.0978146
812,2.2518e+15,7.7741e+12,5.36952e+08,51,25.9414,29,0.0969529
813,5.6295e+14,2.973e+12,5.36952e+08,49,25.8359,29,0.0980925
814,1.80144e+16,2.04827e+13,2.68508e+08,54,25.1729,28,0.0953795
815,3.60288e+16,4.8325e+13,1.07383e+09,55,26.8037,30,0.10179
816,1.80144e+16,4.60978e+13,1.07384e+09,54,27.4688,30,0.105904
817,4.5036e+15,1.46033e+13,2.14757e+09,52,26.4365,31,0.102238
818,1.1259e+15,6.09785e+12,5.36957e+08,50,26.1924,29,0.101472
819,3.60288e+16,4.9632e+13,2.68516e+08,55,25.0713,28,0.0975406
820,3.60288e+16,7.60655e+13,6.71804e+07,55,24.1514,26,0.09337
821,4.5036e+15,1.54475e+13,5.36956e+08,52,25.7822,29,0.0999134
822,3.60288e+16,4.36991e+13,5.36953e+08,55,25.8496,29,0.0994458
823,5.76461e+17,7.37151e+14,1.07382e+09,59,26.4863,30,0.101532
824,3.60288e+16,1.00311e+14,1.07382e+09,55,26.0352,30,0.0999528
825,3.60288e+16,4.41258e+13,1.34292e+08,55,24.2197,27,0.093144
826,4.5036e+15,9.04244e+12,2.68508e+08,52,24.9824,28,0.09725
827,1.80144e+16,4.04922e+13,5.36945e+08,54,25.1279,29,0.0973255
828,1.80144e+16,2.89636e+13,5.36952e+08,54,24.9062,29,0.0969097
829,3.60288e+16,7.49995e+13,5.36957e+08,55,25.9287,29,0.0991967
830,2.2518e+15,8.88272e+12,2.68511e+08,51,24.1895,28,0.0934197
831,7.20576e+16,9.16147e+13,2.68512e+08,56,24.6777,28,0.094835
832,9.0072e+15,2.88113e+13,2.68519e+08,53,25.374,28,0.0985412
833,7.20576e+16,9.88036e+13,5.36953e+08,56,25.957,29,0.10058
834,7.20576e+16,9.39597e+13,1.07383e+09,56,26.5625,30,0.103209
835,1.80144e+16,3.59124e+13,1.07383e+09,54,27.0518,30,0.105024
836,3.60288e+16,5.79776e+13,5.36947e+08,55,25.5908,29,0.0991222
837,1.80144e+16,6.69505e+13,5.36946e+08,54,26.0469,29,0.101435
838,5.76461e+17,5.80009e+14,1.34289e+08,59,23.9453,27,0.0938308
839,2.2518e+15,1.48504e+13,5.36955e+08,51,25.873,29,0.101978
840,4.61169e+18,4.53679e+15,5.36948e+08,62,25.0156,29,0.0976923
841,2.8823e+17,3.21968e+14,5.36954e+08,58,25.9062,29,0.102532
842,1.44115e+17,2.43521e+14,2.68513e+08,57,25.3184,28,0.102787
843,2.8823e+17,5.28329e+14,2.68512e+08,58,24.8047,28,0.0994448
844,1.15292e+18,1.5976e+15,2.68517e+08,60,24.7852,28,0.0970453
845,1.44115e+17,1.78277e+14,5.36952e+08,57,25.7451,29,0.100455
846,3.60288e+16,1.07879e+14,1.07382e+09,55,26.3057,30,0.104799
847,1.44115e+17,1.7783e+14,2.68517e+08,57,24.7705,28,0.0974284
848,2.8823e+17,3.63462e+14,1.34286e+08,58,23.6533,27,0.0963408
849,3.60288e+16,6.69562e+13,1.07382e+09,55,26.1787,30,0.104028
850,9.0072e+15,3.34296e+13,2.68511e+08,53,24.2705,28,0.0969595
851,1.44115e+17,3.07145e+14,1.34291e+08,57,23.7285,27,0.0949997
852,7.20576e+16,9.7377e+13,1.3429e+08,56,23.1406,27,0.0907685
853,1.44115e+17,3.30485e+14,3.3602e+07,57,21.4502,25,0.0842721
854,1.80144e+16,2.93373e+13,6.71784e+07,54,23.0449,26,0.0915292
855,1.44115e+17,2.3079e+14,1.34291e+08,57,24.4619,27,0.0974424
856,2.30584e+18,2.93518e+15,1.34294e+08,61,24.1875,27,0.0967889
857,1.15292e+18,1.14778e+15,1.34288e+08,60,23.7061,27,0.0952327
858,1.15292e+18,1.19815e+15,6.71718e+07,60,22.9521,26,0.0929744
859,1.44115e+17,3.34439e+14,1.34296e+08,57,23.6084,27,0.094134
860,9.22337e+18,9.03468e+15,3.36158e+07,63,22.3984,25,0.0914677
861,2.30584e+18,2.56241e+15,1.68383e+07,61,22.0635,24,0.0894175
862,3.77789e+22,3.68942e+19,3.36021e+07,75,22.083,25,0.0896981
863,7.20576e+16,1.61685e+14,3.36203e+07,56,22.2529,25,0.0897974
864,3.60288e+16,8.06246e+13,1.09031e+06,55,20.4141,20,0.083486
865,7.20576e+16,1.04196e+14,1.0878e+06,56,19.584,20,0.0806824
866,1.44115e+17,2.38809e+14,8.44719e+06,57,20.6357,23,0.0833964
867,2.30584e+18,2.55559e+15,2.14198e+06,61,20.2363,21,0.0825312
868,5.76461e+17,1.02871e+15,159689,59,18.9971,17,0.0775861
869,1.44115e+17,2.05036e+14,290965,57,18.9902,18,0.0772724
870,3.68935e+19,3.60471e+16,294111,65,18.9248,18,0.0767921
871,3.60288e+16,9.91772e+13,53171.4,55,18.2275,15,0.0754375
872,4.5036e+15,1.566e+13,294663,52,19.1016,18,0.0786685
873,1.44115e+17,2.61753e+14,558160,57,19.1621,19,0.0796885
874,1.44115e+17,2.20866e+14,564026,57,19.1191,19,0.0778312
875,1.80144e+16,4.02014e+13,3.3613e+07,54,21.958,25,0.0884449
876,2.2518e+15,6.42792e+12,1.68314e+07,51,21.1357,24,0.0850692
877,9.0072e+15,1.60705e+13,8.43846e+06,53,20.4863,23,0.0831632
878,7.20576e+16,7.58579e+13,8.43187e+06,56,20.7197,23,0.0848143
879,1.44115e+17,2.41276e+14,3.36166e+07,57,21.9453,25,0.0863318
880,1.80144e+16,2.74375e+13,4.24546e+06,54,20.1035,22,0.0802913
881,3.68935e+19,3.63544e+16,8.43555e+06,65,20.3486,23,0.0812499
882,3.60288e+16,9.29226e+13,6.7176e+07,55,23.0947,26,0.0920195
883,9.0072e+15,3.02164e+13,3.36153e+07,53,22.373,25,0.0905924
884,7.20576e+16,8.42172e+13,3.36124e+07,56,22.1758,25,0.08864
885,7.20576e+16,1.85637e+14,1.34284e+08,56,23.2598,27,0.0931731
886,3.60288e+16,6.38161e+13,4.24185e+06,55,20.248,22,0.0823009
887,9.0072e+15,2.75296e+13,3.36121e+07,53,21.9277,25,0.0883998
888,1.15292e+18,1.93314e+15,3.36167e+07,60,22.8174,25,0.0921805
889,3.60288e+16,7.62218e+13,1.34293e+08,55,23.4268,27,0.0938294
890,5.76461e+17,7.44299e+14,6.71717e+07,59,22.4492,26,0.0903593
891,2.8823e+17,3.63339e+14,1.68269e+07,58,21.6289,24,0.0870869
892,2.8823e+17,4.28096e+14,3.36063e+07,58,21.6045,25,0.0876072
893,5.76461e+17,1.17362e+15,4.24454e+06,59,21.1641,22,0.0879837
894,2.8823e+17,3.65641e+14,1.68356e+07,58,21.9238,24,0.0897186
895,7.20576e+16,1.80334e+14,3.36092e+07,56,22.7676,25,0.0960378
896,1.44115e+17,2.07001e+14,8.44032e+06,57,21.3135,23,0.0883593
897,1.80144e+16,6.07992e+13,4.2412e+06,54,21.2607,22,0.0887191
898,1.80144e+16,6.26854e+13,288351,54,19.0752,18,0.0814279
899,9.22337e+18,9.16574e+15,4.2405e+06,63,21.083,22,0.0878892
900,9.0072e+15,3.01072e+13,6.71729e+07,53,22.9609,26,0.0933703
901,1.44115e+17,3.03217e+14,8.44186e+06,57,21.8525,23,0.0903117
902,5.76461e+17,9.4146e+14,1.34278e+08,59,23.0879,27,0.0949134
903,3.68935e+19,3.70437e+16,1.34287e+08,65,23.9727,27,0.0973599
904,2.8823e+17,3.91728e+14,6.71783e+07,58,23.708,26,0.0990461
905,2.8823e+17,6.87568e+14,3.36174e+07,58,23.2539,25,0.095288
906,1.15292e+18,1.36068e+15,1.68346e+07,60,23.1025,24,0.0959466
907,5.90296e+20,5.78322e+17,6.71745e+07,69,23.876,26,0.0960235
908,2.8823e+17,7.62907e+14,2.68493e+08,58,24.5186,28,0.100143
909,4.72237e+21,4.6123e+18,3.36176e+07,72,22.3311,25,0.091565
910,4.61169e+18,4.78402e+15,3.36079e+07,62,22.5459,25,0.0934414
911,1.15292e+18,1.42176e+15,1.68345e+07,60,22.166,24,0.0922744
912,2.8823e+17,7.05395e+14,3.36067e+07,58,22.4727,25,0.0936543
913,2.30584e+18,2.38105e+15,1.68379e+07,61,22.2637,24,0.093064
914,7.3787e+19,7.61699e+16,2.68507e+08,66,24.209,28,0.0999095
915,1.47574e+20,1.57228e+17,1.34295e+08,67,24.4043,27,0.10113
916,7.20576e+16,2.55036e+14,3.36126e+07,56,22.1631,25,0.0920401
917,9.44473e+21,9.22401e+18,6.71741e+07,73,23.3574,26,0.0963637
918,2.8823e+17,4.47912e+14,6.71668e+07,58,22.7207,26,0.092965
919,1.18059e+21,1.16436e+18,1.34283e+08,70,23.8867,27,0.0972325
920,4.61169e+18,5.09333e+15,3.36244e+07,62,22.0166,25,0.090406
921,9.22337e+18,9.48956e+15,1.34286e+08,63,23.791,27,0.0976212
922,7.20576e+16,1.32757e+14,1.68322e+07,56,22.2109,24,0.0942364
923,2.30584e+18,5.60452e+15,1.68303e+07,61,22.1729,24,0.0919553
924,1.44115e+17,2.8381e+14,3.36001e+07,57,22.3525,25,0.0921766
925,9.22337e+18,9.92458e+15,3.36169e+07,63,21.8135,25,0.0900179
926,5.76461e+17,1.3739e+15,3.36158e+07,59,22.5771,25,0.0927343
927,5.76461e+17,6.6843e+14,1.68354e+07,59,21.6289,24,0.089016
928,4.61169e+18,5.23754e+15,1.08701e+06,62,19.6016,20,0.0815283
929,2.8823e+17,7.03804e+14,6.71712e+07,58,23.376,26,0.0959467
930,1.15292e+18,2.1565e+15,6.71733e+07,60,22.7305,26,0.0935963
931,4.61169e+18,5.82185e+15,6.71812e+07,62,23.75,26,0.0970936
932,2.95148e+20,2.99258e+17,1.34284e+08,68,24.3408,27,0.0994528
933,1.15292e+18,2.03953e+15,1.07383e+09,60,27.2061,30,0.108241
934,5.76461e+17,7.53455e+14,3.36156e+07,59,22.5645,25,0.0918937
935,1.84467e+19,2.29938e+16,2.6852e+08,64,25.7666,28,0.105645
936,9.22337e+18,1.15579e+16,5.36954e+08,63,26.5234,29,0.108582
937,1.47574e+20,1.4573e+17,2.68515e+08,67,25.3047,28,0.102986
938,2.30584e+18,2.7742e+15,1.07383e+09,61,26.3975,30,0.106702
939,1.15292e+18,5.32027e+15,1.07382e+09,60,26.8115,30,0.108418
940,2.30584e+18,5.03107e+15,1.34289e+08,61,24.7842,27,0.100457
941,1.44115e+17,2.61364e+14,6.71744e+07,57,23.7676,26,0.0973181
942,1.47574e+20,1.45048e+17,2.68505e+08,67,25.0938,28,0.101358
943,7.20576e+16,2.82221e+14,5.36942e+08,56,25.9385,29,0.10372
944,5.76461e+17,1.40767e+15,5.36955e+08,59,26.6895,29,0.105943
945,4.61169e+18,1.43601e+16,2.68504e+08,62,24.9893,28,0.0998555
946,2.30584e+18,2.83506e+15,3.36228e+07,61,23.1719,25,0.0942872
947,4.61169e+18,7.15016e+15,1.07382e+09,62,26.4277,30,0.105889
948,1.15292e+18,4.50464e+15,1.07382e+09,60,26.7334,30,0.106437
949,1.18059e+21,2.30907e+18,5.36937e+08,70,25.7344,29,0.103589
950,5.76461e+17,1.17627e+15,5.36944e+08,59,25.2188,29,0.103533
951,5.76461e+17,1.47242e+15,2.68518e+08,59,25.165,28,0.101884
952,1.20893e+24,1.18074e+21,1.07382e+09,80,26.3486,30,0.107708
953,1.47574e+20,1.66332e+17,5.36956e+08,67,25.9795,29,0.106105
954,5.76461e+17,8.13311e+14,2.14757e+09,59,27.0557,31,0.109137
955,9.22337e+18,9.90702e+15,5.36951e+08,63,25.9688,29,0.104902
956,2.30584e+18,8.47368e+15,1.07383e+09,61,27.2773,30,0.110238
957,2.8823e+17,9.29077e+14,5.36952e+08,58,26.5752,29,0.107385
958,2.30584e+18,6.00419e+15,1.07382e+09,61,26.7852,30,0.108444
959,4.61169e+18,5.63021e+15,5.36954e+08,62,25.8574,29,0.105067
960,5.76461e+17,1.67586e+15,5.36957e+08,59,26.7568,29,0.108675
961,2.30584e+18,2.71834e+15,2.68508e+08,61,24.7578,28,0.101875
962,1.47574e+20,1.50249e+17,2.14758e+09,67,28.0449,31,0.115716
963,4.72237e+21,4.61685e+18,5.36954e+08,72,26.1416,29,0.108158
964,2.95148e+20,2.89873e+17,1.07382e+09,68,26.9365,30,0.109027
965,5.76461e+17,2.32967e+15,4.29507e+09,59,28.6533,32,0.114894
966,5.76461e+17,1.21125e+15,5.36952e+08,59,26.0605,29,0.105172
967,4.72237e+21,4.61674e+18,1.07383e+09,72,27.7715,30,0.111294
968,7.3787e+19,8.6767e+16,2.14758e+09,66,28.5303,31,0.114799
969,2.8823e+17,7.04631e+14,1.07383e+09,58,26.8838,30,0.109086
970,3.68935e+19,3.97146e+16,1.07383e+09,65,26.8359,30,0.109367
971,3.68935e+19,3.9478e+16,5.36951e+08,65,26.0654,29,0.105236
972,2.30584e+18,9.79699e+15,4.29506e+09,61,28.7998,32,0.114331
973,5.90296e+20,6.36255e+17,5.36954e+08,69,26.334,29,0.104024
974,4.61169e+18,1.11657e+16,1.07382e+09,62,26.1025,30,0.104893
975,1.47574e+20,1.56195e+17,1.07383e+09,67,26.499,30,0.10561
976,3.68935e+19,4.14029e+16,2.14757e+09,65,26.7656,31,0.105982
977,4.61169e+18,7.7885e+15,1.07383e+09,62,26.6406,30,0.106492
978,9.44473e+21,9.26411e+18,5.36948e+08,73,25.5723,29,0.102942
979,9.22337e+18,1.36226e+16,4.29506e+09,63,28.6934,32,0.114929
980,1.84467e+19,3.40402e+16,1.07383e+09,64,26.8193,30,0.108357
981,7.3787e+19,7.53507e+16,2.14756e+09,66,27.8457,31,0.110802
982,9.44473e+21,9.23101e+18,1.718e+10,73,30.2949,34,0.121432
983,1.84467e+19,2.52726e+16,2.14758e+09,64,27.7295,31,0.110882
984,1.84467e+19,2.28947e+16,4.29505e+09,64,28.7695,32,0.114304
985,1.84467e+19,2.64753e+16,1.07383e+09,64,27.2754,30,0.107698
986,2.95148e+20,2.88858e+17,2.68517e+08,68,26.3506,28,0.104935
987,7.3787e+19,1.14348e+17,1.34283e+08,66,25.1162,27,0.102651
988,9.22337e+18,1.08483e+16,1.07382e+09,63,27.1709,30,0.107563
989,7.3787e+19,1.66949e+17,2.6851e+08,66,25.4258,28,0.100605
990,4.61169e+18,6.32091e+15,2.6851e+08,62,25.6064,28,0.102241
991,4.61169e+18,1.27385e+16,4.29506e+09,62,28.707,32,0.114404
992,7.3787e+19,2.21375e+17,4.29506e+09,66,28.8477,32,0.114748
993,3.68935e+19,4.172e+16,2.14756e+09,65,27.8145,31,0.11052
994,9.44473e+21,1.04335e+19,4.29507e+09,73,28.3125,32,0.113961
995,3.68935e+19,4.01784e+16,4.29507e+09,65,28.1162,32,0.111863
996,3.68935e+19,7.80833e+16,1.718e+10,65,30.5576,34,0.122755
997,5.90296e+20,6.67875e+17,1.718e+10,69,31.041,34,0.126555
998,1.18059e+21,1.62931e+18,4.29506e+09,70,28.6309,32,0.117022
999,1.47574e+20,3.25533e+17,8.59005e+09,67,29.7295,33,0.120533
1000,1.84467e+19,4.05304e+16,1.718e+10,64,29.9297,34,0.123669
1001,3.77789e+22,5.56673e+19,1.718e+10,75,30.6328,34,0.126266
1002,1.84467e+19,2.90336e+16,8.59004e+09,64,29.3154,33,0.120437
1003,3.68935e+19,5.47663e+16,1.718e+10,65,29.6738,34,0.122749
1004,7.3787e+19,7.96802e+16,8.59004e+09,66,29.3818,33,0.12155
1005,1.88895e+22,1.86141e+19,8.59002e+09,74,29.3408,33,0.125338
1006,1.84467e+19,2.83637e+16,4.29505e+09,64,27.9062,32,0.116319
1007,9.22337e+18,1.04688e+16,2.14757e+09,63,27.1865,31,0.114469
1008,1.88895e+22,1.84779e+19,1.718e+10,74,30.7305,34,0.128573
1009,1.47574e+20,1.59091e+17,1.718e+10,67,31.0127,34,0.130303
1010,2.95148e+20,3.09173e+17,6.87196e+10,68,32.9619,36,0.138133
1011,3.77789e+22,3.78826e+19,6.87196e+10,75,32.8789,36,0.135664
1012,1.88895e+22,1.86006e+19,3.43599e+10,74,31.8662,35,0.131495
1013,5.90296e+20,1.09091e+18,3.43598e+10,69,32.2988,35,0.132862
1014,2.36118e+21,2.481e+18,8.59002e+09,71,29.7852,33,0.123806
1015,4.72237e+21,5.78821e+18,2.14757e+09,72,28.9619,31,0.121615
1016,4.72237e+21,4.91723e+18,8.59003e+09,72,29.2363,33,0.120391
1017,5.90296e+20,7.47735e+17,1.07382e+09,69,27.5137,30,0.112198
1018,4.72237e+21,4.96848e+18,8.59002e+09,72,29.7969,33,0.122475
1019,3.68935e+19,5.38318e+16,3.43598e+10,65,31.1846,35,0.128405
1020,1.20893e+24,1.18991e+21,3.43598e+10,80,31.8242,35,0.130648
1021,1.88895e+22,1.85631e+19,1.37439e+11,74,33.6191,37,0.137846
1022,2.95148e+20,6.8318e+17,1.37439e+11,68,34.4082,37,0.141341
1023,2.36118e+21,2.58082e+18,2.74878e+11,71,34.0498,38,0.140306
1024,3.77789e+22,3.75488e+19,6.87196e+10,75,32.4902,36,0.136973
1025,2.95148e+20,5.94526e+17,6.87196e+10,68,32.4248,36,0.136461
1026,2.36118e+21,4.28253e+18,3.43599e+10,71,31.0879,35,0.132138
1027,2.36118e+21,2.35685e+18,1.718e+10,71,29.7598,34,0.125527
1028,1.88895e+22,2.01407e+19,1.718e+10,74,30.79,34,0.12919
1029,5.90296e+20,1.22756e+18,4.29506e+09,69,30.1406,32,0.12836
1030,5.90296e+20,7.98751e+17,5.36949e+08,69,27.6006,29,0.116969
1031,9.44473e+21,9.27743e+18,8.59004e+09,73,29.3906,33,0.124307
1032,9.44473e+21,1.20909e+19,1.07381e+09,73,27.335,30,0.117823
1033,7.55579e+22,7.46822e+19,1.07383e+09,76,28.8271,30,0.123183
1034,9.44473e+21,1.41024e+19,1.718e+10,73,32.0137,34,0.134273
1035,6.04463e+23,7.42627e+20,2.14757e+09,79,28.9668,31,0.12356
1036,1.51116e+23,1.50038e+20,1.718e+10,77,31.123,34,0.132455
1037,3.77789e+22,5.75384e+19,1.718e+10,75,31.6787,34,0.133362
1038,5.90296e+20,1.99533e+18,1.07383e+09,69,29.3799,30,0.124446
1039,2.95148e+20,8.04376e+17,4.29505e+09,68,29.5723,32,0.124814
1040,1.18059e+21,2.24673e+18,1.07383e+09,70,28.6504,30,0.120788
1041,9.90352e+27,9.67141e+24,4.29506e+09,93,29.6846,32,0.125644
1042,2.36118e+21,2.89835e+18,2.14757e+09,71,29.041,31,0.122566
1043,7.73713e+25,7.55638e+22,1.07382e+09,86,28.6123,30,0.121004
1044,7.55579e+22,8.35443e+19,2.14757e+09,76,29.6348,31,0.124738
1045,7.55579e+22,8.39067e+19,2.14756e+09,76,28.5176,31,0.120237
1046,3.77789e+22,3.82311e+19,1.07383e+09,75,28.0205,30,0.117886
1047,1.51116e+23,1.5816e+20,5.36951e+08,77,27.5879,29,0.114925
1048,1.88895e+22,1.99702e+19,5.36945e+08,74,27.3301,29,0.115156
1049,9.44473e+21,9.45516e+18,5.36952e+08,73,28.2109,29,0.118086
1050,7.3787e+19,9.89423e+16,1.07382e+09,66,27.9639,30,0.115242
1051,1.18059e+21,1.47219e+18,4.29506e+09,70,29.4004,32,0.122359
1052,2.95148e+20,3.78618e+17,1.07383e+09,68,29.4375,30,0.120721
1053,2.30584e+18,7.7801e+15,4.29506e+09,61,29.4189,32,0.119865
1054,5.90296e+20,9.39476e+17,2.14757e+09,69,28.6094,31,0.117118
1055,3.02231e+23,3.3267e+20,4.29506e+09,78,30.207,32,0.123964
1056,5.90296e+20,1.39299e+18,4.29506e+09,69,29.6328,32,0.121756
1057,1.51116e+23,1.47625e+20,1.07383e+09,77,28.2773,30,0.115692
1058,7.3787e+19,9.55656e+16,2.14756e+09,66,28.6064,31,0.117075
1059,7.55579e+22,7.39918e+19,2.14758e+09,76,28.832,31,0.118697
1060,3.77789e+22,6.49529e+19,1.07382e+09,75,28.0879,30,0.114172
1061,1.84467e+19,4.96209e+16,2.68495e+08,64,26.0479,28,0.106682
1062,2.95148e+20,6.53286e+17,1.07382e+09,68,27.7891,30,0.114752
1063,1.84467e+19,2.2637e+16,2.14757e+09,64,28.2217,31,0.116528
1064,7.3787e+19,1.53622e+17,1.07383e+09,66,27.7412,30,0.113208
1065,2.95148e+20,4.27187e+17,1.3429e+08,68,25.4531,27,0.104485
1066,2.36118e+21,4.79056e+18,6.71713e+07,71,24.7295,26,0.102663
1067,7.3787e+19,1.317e+17,6.71716e+07,66,24.4346,26,0.100855
1068,7.3787e+19,7.59409e+16,6.71758e+07,66,24.5879,26,0.101626
1069,7.3787e+19,1.91812e+17,6.71642e+07,66,23.2051,26,0.0963354
1070,5.90296e+20,7.8693e+17,8.43011e+06,69,22.4697,23,0.0933147
1071,9.22337e+18,1.52331e+16,1.34286e+08,63,25.4092,27,0.104877
1072,2.95148e+20,3.13675e+17,1.34279e+08,68,25.124,27,0.104068
1073,9.22337e+18,3.88167e+16,1.07382e+09,63,27.4561,30,0.114389
1074,9.22337e+18,1.503e+16,2.6851e+08,63,26.4189,28,0.1099
1075,3.68935e+19,4.18089e+16,5.3695e+08,65,26.4521,29,0.108392
1076,2.36118e+21,2.61253e+18,1.07381e+09,71,26.8242,30,0.110038
1077,4.72237e+21,5.96558e+18,5.36943e+08,72,27.6025,29,0.117708
1078,7.3787e+19,1.14846e+17,2.14757e+09,66,28.4141,31,0.119725
1079,7.55579e+22,7.38621e+19,1.07381e+09,76,27.4375,30,0.117637
1080,3.68935e+19,5.30159e+16,2.14755e+09,65,28.292,31,0.12017
1081,9.22337e+18,2.3437e+16,2.14756e+09,63,28.7832,31,0.122394
1082,2.36118e+21,3.544e+18,1.07382e+09,71,28.04,30,0.118044
1083,9.44473e+21,1.40286e+19,2.14758e+09,73,28.8594,31,0.121969
1084,4.72237e+21,5.86714e+18,2.14758e+09,72,29.1484,31,0.122495
1085,3.02231e+23,2.95288e+20,8.59004e+09,78,30.6064,33,0.127991
1086,3.77789e+22,4.69132e+19,8.59002e+09,75,30.7119,33,0.128238
1087,9.44473e+21,1.01365e+19,2.14757e+09,73,29.6855,31,0.123416
1088,4.72237e+21,6.79433e+18,8.59003e+09,72,30.3057,33,0.125884
1089,7.92282e+28,7.73807e+25,2.6852e+08,96,28.5674,28,0.119132
1090,3.86856e+25,3.79459e+22,4.29506e+09,85,30.3311,32,0.126858
1091,2.36118e+21,3.40188e+18,2.14757e+09,71,29.4336,31,0.124497
1092,9.44473e+21,1.42356e+19,1.07382e+09,73,28.3594,30,0.120161
1093,3.77789e+22,4.1406e+19,5.36955e+08,75,28.7109,29,0.120842
1094,1.20893e+24,2.07151e+21,2.14756e+09,80,28.3594,31,0.118362
1095,9.44473e+21,1.33347e+19,2.6851e+08,73,28.3721,28,0.11936
1096,1.88895e+22,1.98852e+19,3.3621e+07,74,26.9404,25,0.113171
1097,2.41785e+24,2.38473e+21,1.34295e+08,81,27.96,27,0.119038
1098,4.8357e+24,4.78888e+21,6.71756e+07,82,26.7715,26,0.112467
1099,1.20893e+24,1.20749e+21,6.71844e+07,80,26.3193,26,0.11183
1100,2.95148e+20,1.29464e+18,5.36952e+08,68,27.5244,29,0.114976
1101,6.04463e+23,6.15168e+20,3.36178e+07,79,25.0205,25,0.104965
1102,1.54743e+26,1.60641e+23,2.68514e+08,87,27.0947,28,0.113068
1103,4.8357e+24,4.9086e+21,1.34298e+08,82,26.873,27,0.112151
1104,6.04463e+23,6.13317e+20,1.34282e+08,79,25.7051,27,0.108739
1105,3.02231e+23,3.08616e+20,5.36959e+08,78,29.0381,29,0.120299
1106,2.41785e+24,2.40451e+21,4.29507e+09,81,30.5537,32,0.126892
1107,3.02231e+23,6.03439e+20,2.14758e+09,78,29.7959,31,0.125499
1108,4.8357e+24,4.84745e+21,2.14759e+09,82,30.5518,31,0.126784
1109,2.41785e+24,2.67955e+21,2.14758e+09,81,31.1826,31,0.131888
1110,2.41785e+24,2.43089e+21,1.07383e+09,81,29.9893,30,0.124912
1111,6.04463e+23,8.62394e+20,1.07383e+09,79,30.291,30,0.12635
1112,7.55579e+22,1.92343e+20,1.07383e+09,76,30.0957,30,0.126697
1113,9.67141e+24,1.71768e+22,5.36953e+08,83,29.7129,29,0.123899
1114,7.55579e+22,2.01663e+20,5.36953e+08,76,29.8369,29,0.125667
1115,6.04463e+23,6.07206e+20,8.59004e+09,79,31.1797,33,0.129903
1116,2.41785e+24,4.74986e+21,1.07383e+09,81,29.1533,30,0.123472
1117,3.77789e+22,8.04585e+19,1.07383e+09,75,28.8984,30,0.122908
1118,1.88895e+22,2.71911e+19,2.68501e+08,74,27.6465,28,0.115513
1119,1.51116e+23,1.91828e+20,1.3429e+08,77,27.3916,27,0.114723
1120,2.41785e+24,5.03101e+21,1.07383e+09,81,30.1396,30,0.124039
1121,3.09485e+26,3.02653e+23,1.07384e+09,88,30.1494,30,0.124625
1122,3.02231e+23,4.28634e+20,4.29507e+09,78,30.2705,32,0.124654
1123,1.23794e+27,1.28489e+24,5.36954e+08,90,28.8633,29,0.119395
1124,3.77789e+22,6.3795e+19,1.07383e+09,75,30.1797,30,0.122681
1125,1.51116e+23,2.03688e+20,4.29506e+09,77,30.2666,32,0.125905
1126,4.8357e+24,5.41917e+21,5.3695e+08,82,29.167,29,0.11991
1127,1.88895e+22,5.81683e+19,1.3429e+08,74,27.6162,27,0.114128
1128,3.02231e+23,4.83091e+20,2.68515e+08,78,28.4375,28,0.117086
1129,7.92282e+28,7.73721e+25,2.14757e+09,96,30.0225,31,0.122946
1130,7.55579e+22,1.38939e+20,4.29506e+09,76,31.1768,32,0.12685
1131,9.90352e+27,1.01252e+25,5.36955e+08,93,28.7529,29,0.11662
1132,7.55579e+22,1.54213e+20,1.34288e+08,76,28.5918,27,0.115069
1133,3.77789e+22,4.73852e+19,3.36078e+07,75,25.1494,25,0.102052
1134,3.02231e+23,5.51232e+20,8.43834e+06,78,24.4102,23,0.101601
1135,7.55579e+22,1.63939e+20,3.36215e+07,76,26.6484,25,0.108835
1136,7.55579e+22,8.54264e+19,8.44174e+06,76,24.4062,23,0.100686
1137,3.02231e+23,4.76655e+20,5.36939e+08,78,28.4629,29,0.119296
1138,1.20893e+24,1.24864e+21,6.71708e+07,80,27.5391,26,0.1171
1139,1.51116e+23,1.98772e+20,1.68318e+07,77,25.3564,24,0.105159
1140,1.51116e+23,2.93653e+20,2.6851e+08,77,28.1162,28,0.11483
1141,1.88895e+22,5.3035e+19,8.44555e+06,74,24.9697,23,0.103167
1142,3.77789e+22,9.68243e+19,1.68358e+07,75,25.7695,24,0.106507
1143,2.41785e+24,2.44015e+21,3.36171e+07,81,26.2637,25,0.108344
1144,3.02231e+23,4.08276e+20,2.68513e+08,78,27.5645,28,0.111719
1145,1.93428e+25,1.89348e+22,6.71837e+07,84,26.8037,26,0.108264
1146,4.8357e+24,8.08809e+21,2.14758e+09,82,30.0322,31,0.121078
1147,1.51116e+23,1.66728e+20,1.6837e+07,77,26.0449,24,0.105799
1148,3.02231e+23,1.01091e+21,3.3609e+07,78,27.1875,25,0.111289
1149,7.55579e+22,2.81331e+20,1.07383e+09,76,29.1064,30,0.118204
1150,4.95176e+27,4.83637e+24,1.68363e+07,92,26.4111,24,0.108509
1151,1.54743e+26,1.55056e+23,6.71745e+07,87,28.5771,26,0.117354
1152,6.1897e+26,6.19595e+23,2.68515e+08,89,30.2031,28,0.12479
1153,1.54743e+26,1.51448e+23,2.14758e+09,87,30.9043,31,0.127382
1154,3.02231e+23,7.90808e+20,1.07383e+09,78,30.3682,30,0.12596
1155,2.41785e+24,2.92386e+21,1.34288e+08,81,29.3613,27,0.123018
1156,3.86856e+25,3.83158e+22,6.71689e+07,85,28.2764,26,0.117899
1157,3.02231e+23,7.94934e+20,6.71849e+07,78,28.9033,26,0.121612
1158,9.90352e+27,1.06326e+25,1.34295e+08,93,30.252,27,0.127415
1159,7.92282e+28,7.9121e+25,3.3619e+07,96,29.0293,25,0.122859
1160,7.92282e+28,1.54792e+26,8.44452e+06,96,27.8154,23,0.119405
1161,9.67141e+24,2.97683e+22,3.36081e+07,83,27.626,25,0.117671
1162,7.73713e+25,9.37477e+22,2.13516e+06,86,25.7852,21,0.111309
1163,1.9807e+28,1.96952e+25,3.3614e+07,94,27.8076,25,0.11962
1164,7.92282e+28,7.8598e+25,3.36196e+07,96,27.7031,25,0.119199
1165,7.92282e+28,8.04305e+25,296951,96,25.0195,18,0.109641
1166,7.92282e+28,7.7602e+25,162148,96,22.8691,17,0.0988949
1167,7.92282e+28,2.39784e+26,55711,96,23.5,15,0.102556
1168,7.92282e+28,8.25174e+25,13472.4,96,20.4434,11,0.0891367
1169,4.95176e+27,4.88163e+24,33356.7,92,21.5439,14,0.0937541
1170,7.73713e+25,9.46519e+22,48174.6,86,22.4902,15,0.0982995
1171,7.92282e+28,1.54798e+26,91239.4,96,22.5879,16,0.0980102
1172,9.90352e+27,1.05868e+25,297901,93,24.4434,18,0.106112
1173,1.54743e+26,1.99326e+23,8.44326e+06,87,26.5635,23,0.11272
1174,7.92282e+28,1.74398e+26,2.14044e+06,96,25.1709,21,0.108134
1175,7.92282e+28,1.54747e+26,2.14198e+06,96,24.5498,21,0.105471
1176,3.86856e+25,4.45361e+22,22750.5,85,20.9277,13,0.0895857
1177,7.92282e+28,1.93488e+26,7135.27,96,18.7031,8,0.0841174
1178,7.92282e+28,7.88871e+25,36027,96,21.3799,14,0.0939312
1179,1.54743e+26,3.4795e+23,291592,87,22.7285,18,0.0971546
1180,7.92282e+28,7.75244e+25,161080,96,21.9434,17,0.094844
1181,7.92282e+28,8.28569e+25,4.24438e+06,96,25.5449,22,0.108684
1182,7.92282e+28,8.16278e+25,2.14198e+06,96,25.0557,21,0.107963
1183,7.92282e+28,7.9798e+25,91370.3,96,22.7578,16,0.0983787
1184,3.96141e+28,3.89942e+25,34594.4,95,22.4492,14,0.0985512
1185,7.92282e+28,7.79919e+25,34875.6,96,22.9023,14,0.0985332
1186,3.86856e+25,4.35805e+22,50349.5,85,22.4727,15,0.0979264
1187,7.92282e+28,7.74246e+25,55415.6,96,21.7158,15,0.0920604
1188,9.67141e+24,1.62594e+22,160050,83,21.1973,17,0.0907767
1189,7.92282e+28,7.77135e+25,159030,96,21.6963,17,0.0928956
1190,7.92282e+28,1.20983e+26,2.13948e+06,96,24.0234,21,0.101358
1191,3.86856e+25,4.45312e+22,1.08658e+06,85,23.6377,20,0.100967
1192,1.23794e+27,1.27344e+24,558821,90,23.1494,19,0.0980663
1193,7.92282e+28,7.81309e+25,33677.6,96,21.6455,14,0.094401
1194,7.92282e+28,7.73877e+25,12819.8,96,19.4238,11,0.0829187
1195,3.96141e+28,3.89975e+25,24900.7,95,20.0596,13,0.0843123
1196,4.8357e+24,5.02323e+21,158212,82,21.459,17,0.0870793
1197,1.54743e+26,3.04746e+23,1.09321e+06,87,23.3008,20,0.0972754
1198,7.92282e+28,7.76792e+25,2.14044e+06,96,23.6406,21,0.0958931
1199,1.54743e+26,1.70685e+23,1.09317e+06,87,23.3145,20,0.0981685
1200,7.92282e+28,7.80758e+25,2.14059e+06,96,23.8301,21,0.0983049
1201,1.9807e+28,1.93535e+25,2.13805e+06,94,23.2002,21,0.096481
1202,9.90352e+27,1.03716e+25,2.13548e+06,93,23.0713,21,0.0943454
1203,1.23794e+27,1.52761e+24,2.144e+06,90,23.7471,21,0.0986285
1204,1.20893e+24,2.31475e+21,558601,80,22.3047,19,0.0938639
1205,3.77789e+22,1.71333e+20,293271,75,21.5137,18,0.0908668
1206,6.04463e+23,1.00434e+21,55296.6,79,20.499,15,0.086265
1207,6.04463e+23,1.01322e+21,37127.1,79,19.8955,14,0.084811
1208,1.93428e+25,3.21916e+22,160050,84,21.3477,17,0.0893559
1209,1.20893e+24,1.96319e+21,297099,80,21.6348,18,0.0895126
1210,2.41785e+24,5.23409e+21,563472,81,21.9209,19,0.0895985
1211,3.09485e+26,3.21224e+23,566558,88,22.4033,19,0.0939117
1212,9.67141e+24,1.02913e+22,8.4398e+06,83,25.1914,23,0.103389
1213,3.09485e+26,4.61088e+23,4.24536e+06,88,24.5098,22,0.101034
1214,6.1897e+26,6.06298e+23,8.44003e+06,89,24.626,23,0.101994
1215,7.92282e+28,7.85805e+25,8.43267e+06,96,23.4629,23,0.0946006
1216,3.86856e+25,3.94843e+22,2.14517e+06,85,23.0977,21,0.0955221
1217,7.73713e+25,7.67881e+22,1.09093e+06,86,21.8604,20,0.0894641
1218,7.92282e+28,7.82879e+25,8.44253e+06,96,25.125,23,0.102797
1219,7.92282e+28,7.73915e+25,8.43922e+06,96,24.5791,23,0.101183
1220,2.41785e+24,4.00024e+21,2.13943e+06,81,22.7295,21,0.0940738
1221,9.67141e+24,1.06868e+22,4.24228e+06,83,23.5635,22,0.0978311
1222,7.92282e+28,1.54746e+26,1.09049e+06,96,23.2314,20,0.0992237
1223,7.92282e+28,7.77389e+25,56435.7,96,21.9004,15,0.0944926
1224,7.73713e+25,1.14507e+23,1.08705e+06,86,24.3945,20,0.104942
1225,7.92282e+28,7.73889e+25,2.14153e+06,96,24.3086,21,0.102269
1226,7.92282e+28,1.54843e+26,1.3429e+08,96,29.1055,27,0.122715
1227,7.92282e+28,1.55289e+26,8.44043e+06,96,26.1885,23,0.110701
1228,3.86856e+25,5.91561e+22,562012,85,23.9795,19,0.10249
1229,7.92282e+28,1.9846e+26,6.71704e+07,96,27.8994,26,0.117121
1230,7.92282e+28,9.73453e+25,3.36147e+07,96,27.4717,25,0.11516
1231,7.92282e+28,1.56036e+26,1.34283e+08,96,29.2871,27,0.12293
1232,7.92282e+28,7.73815e+25,6.71743e+07,96,28.5547,26,0.119426
1233,7.92282e+28,7.80064e+25,3.36077e+07,96,28.0811,25,0.119803
1234,7.92282e+28,1.54777e+26,2.68507e+08,96,29.4863,28,0.125359
1235,7.92282e+28,1.60289e+26,1.6828e+07,96,26.709,24,0.11239
1236,6.1897e+26,8.1342e+23,3.36162e+07,89,28.2744,25,0.11952
1237,7.92282e+28,7.98743e+25,6.71768e+07,96,28.25,26,0.120262
1238,3.96141e+28,3.94864e+25,1.07381e+09,95,31.3389,30,0.132274
1239,7.92282e+28,2.32129e+26,1.07383e+09,96,31.4775,30,0.131675
1240,4.95176e+27,8.77772e+24,3.3619e+07,92,28.6689,25,0.120196
1241,7.92282e+28,1.01185e+26,6.71736e+07,96,29.1758,26,0.124288
1242,7.92282e+28,1.57803e+26,2.68519e+08,96,30.9951,28,0.129241
1243,7.92282e+28,1.611e+26,8.59004e+09,96,34.2715,33,0.142494
1244,7.92282e+28,1.93522e+26,8.59003e+09,96,33.5137,33,0.141581
1245,7.92282e+28,2.71333e+26,1.07384e+09,96,32.7793,30,0.140386
1246,7.92282e+28,1.63594e+26,5.36955e+08,96,32.207,29,0.136274
1247,7.92282e+28,3.21678e+26,2.68509e+08,96,30.9385,28,0.131343
1248,7.92282e+28,3.18709e+26,4.29505e+09,96,32.3701,32,0.138903
1249,7.92282e+28,3.36528e+26,3.36208e+07,96,29.71,25,0.130645
1250,7.92282e+28,2.32728e+26,3.36023e+07,96,28.6025,25,0.126034
1251,1.58456e+29,2.93136e+26,1.68429e+07,97,28.7607,24,0.124476
1252,7.92282e+28,5.57565e+26,3.36068e+07,96,28.4766,25,0.123565
1253,7.92282e+28,2.33147e+26,1.68293e+07,96,28.1279,24,0.122245
1254,7.92282e+28,4.3369e+26,2.68501e+08,96,31.0693,28,0.133544
1255,7.92282e+28,5.67273e+26,2.68507e+08,96,31.1436,28,0.135389
1256,7.92282e+28,3.72926e+26,5.36946e+08,96,32.5674,29,0.13965
1257,3.16913e+29,1.10028e+27,2.14757e+09,98,33.459,31,0.144112
1258,7.92282e+28,3.39497e+26,6.71801e+07,96,31.4023,26,0.138411
1259,7.92282e+28,1.11175e+27,2.14757e+09,96,34.333,31,0.147385
1260,7.92282e+28,4.27661e+26,4.29506e+09,96,34.3662,32,0.148465
1261,7.92282e+28,7.84669e+26,2.14756e+09,96,32.957,31,0.144497
1262,7.92282e+28,8.14258e+26,1.07384e+09,96,32.9248,30,0.141278
1263,7.92282e+28,1.02002e+27,2.14758e+09,96,33.9219,31,0.147506
1264,7.92282e+28,5.63072e+26,1.07383e+09,96,32.292,30,0.141512
1265,7.92282e+28,9.33804e+26,5.36937e+08,96,32.376,29,0.14375
1266,7.92282e+28,8.90052e+26,2.68512e+08,96,31.1289,28,0.134356
1267,7.92282e+28,1.29728e+27,1.34292e+08,96,31.0801,27,0.13295
1268,7.92282e+28,3.292e+26,5.3696e+08,96,31.3457,29,0.136064
1269,7.92282e+28,6.80943e+26,1.07382e+09,96,32.6602,30,0.142304
1270,7.92282e+28,1.10799e+27,5.36951e+08,96,33.0117,29,0.145744
1271,7.92282e+28,1.13275e+27,2.68514e+08,96,32.4893,28,0.143839
1272,7.92282e+28,9.41152e+26,1.07382e+09,96,33.21,30,0.14886
1273,7.92282e+28,9.69819e+26,1.07383e+09,96,33.6504,30,0.151674
1274,7.92282e+28,5.54064e+26,5.36954e+08,96,33.6592,29,0.150681
1275,7.92282e+28,1.40782e+27,2.14758e+09,96,34.9531,31,0.156571
1276,7.92282e+28,1.51545e+27,2.14758e+09,96,35.3896,31,0.157411
1277,7.92282e+28,1.1237e+27,2.14757e+09,96,34.0615,31,0.150845
1278,7.92282e+28,1.51852e+27,4.29506e+09,96,35.7627,32,0.158816
1279,7.92282e+28,1.10676e+27,2.14757e+09,96,33.7148,31,0.149875
1280,7.92282e+28,1.82561e+27,4.29506e+09,96,35.2852,32,0.156003
1281,7.92282e+28,1.16782e+27,5.36955e+08,96,32.6465,29,0.144265
1282,7.92282e+28,1.44198e+27,1.07383e+09,96,33.4121,30,0.146563
1283,7.92282e+28,1.5347e+27,5.36946e+08,96,33.3799,29,0.147669
1284,7.92282e+28,7.39371e+26,1.07384e+09,96,33.4316,30,0.14732
1285,7.92282e+28,9.16997e+26,3.3621e+07,96,30.8936,25,0.1362
1286,7.92282e+28,1.05038e+27,5.3695e+08,96,32.499,29,0.143485
1287,7.92282e+28,9.90965e+26,6.7182e+07,96,30.3428,26,0.131807
1288,7.92282e+28,1.20285e+27,1.07382e+09,96,32.7598,30,0.142992
1289,7.92282e+28,1.28493e+27,2.68512e+08,96,32.0303,28,0.13788
1290,7.92282e+28,1.25015e+27,5.36946e+08,96,32.085,29,0.138849
1291,7.92282e+28,1.1102e+27,2.68521e+08,96,32.1299,28,0.141663
1292,7.92282e+28,1.17951e+27,1.07384e+09,96,33.7764,30,0.147725
1293,7.92282e+28,1.83181e+27,1.07381e+09,96,32.9014,30,0.142574
1294,7.92282e+28,1.59478e+27,2.68506e+08,96,31.8623,28,0.139846
1295,7.92282e+28,8.41641e+26,1.07382e+09,96,32.9072,30,0.14345
1296,7.92282e+28,1.93977e+27,1.07383e+09,96,32.7383,30,0.142017
1297,7.92282e+28,9.70426e+26,5.36952e+08,96,31.7578,29,0.139379
1298,7.92282e+28,1.87568e+27,1.07383e+09,96,33.3486,30,0.145248
1299,7.92282e+28,1.58635e+27,1.07383e+09,96,33.2236,30,0.143957
1300,7.92282e+28,2.10512e+27,1.07383e+09,96,33.623,30,0.147036
1301,7.92282e+28,1.26436e+27,2.14758e+09,96,34.124,31,0.149589
1302,7.92282e+28,2.26696e+27,1.07383e+09,96,33.25,30,0.144769
1303,7.92282e+28,1.50246e+27,5.3695e+08,96,32.4658,29,0.141213
1304,7.92282e+28,1.65122e+27,2.14758e+09,96,34.1338,31,0.14941
1305,7.92282e+28,2.27912e+27,8.59004e+09,96,35.3447,33,0.155387
1306,7.92282e+28,2.07377e+27,4.29505e+09,96,33.2715,32,0.146586
1307,7.92282e+28,2.13505e+27,1.07383e+09,96,33.833,30,0.14894
1308,7.92282e+28,1.57144e+27,1.07384e+09,96,33.2861,30,0.146021
1309,7.92282e+28,1.9821e+27,4.29506e+09,96,33.9854,32,0.150092
1310,7.92282e+28,2.67377e+27,8.59004e+09,96,35.7637,33,0.15704
1311,7.92282e+28,2.86589e+27,8.59004e+09,96,36.8535,33,0.161009
1312,7.92282e+28,2.31892e+27,2.14757e+09,96,34.6816,31,0.151919
1313,7.92282e+28,2.12348e+27,8.59004e+09,96,35.4453,33,0.157301
1314,7.92282e+28,2.44467e+27,2.14758e+09,96,34.6318,31,0.151688
1315,7.92282e+28,2.08798e+27,8.59003e+09,96,35.2461,33,0.155322
1316,7.92282e+28,2.10335e+27,2.14757e+09,96,35.0928,31,0.153624
1317,7.92282e+28,2.05399e+27,4.29507e+09,96,35.1416,32,0.154873
1318,7.92282e+28,2.23681e+27,4.29506e+09,96,34.917,32,0.153514
1319,7.92282e+28,2.20905e+27,2.14758e+09,96,34.4121,31,0.150282
1320,7.92282e+28,2.6512e+27,4.29506e+09,96,34.9336,32,0.152869
1321,7.92282e+28,3.02158e+27,8.59003e+09,96,35.6084,33,0.15694
1322,7.92282e+28,2.64291e+27,4.29505e+09,96,35.2412,32,0.154476
1323,7.92282e+28,2.54311e+27,4.29507e+09,96,35.2451,32,0.156226
1324,7.92282e+28,2.61079e+27,2.14758e+09,96,35.2441,31,0.156486
1325,7.92282e+28,2.59616e+27,4.29507e+09,96,35.3779,32,0.155992
1326,7.92282e+28,2.20893e+27,4.29505e+09,96,34.541,32,0.152701
1327,7.92282e+28,2.46302e+27,1.07382e+09,96,33.375,30,0.146682
1328,7.92282e+28,2.83093e+27,1.07383e+09,96,33.9365,30,0.149345
1329,7.92282e+28,3.40806e+27,4.29506e+09,96,35.5098,32,0.15647
1330,7.92282e+28,2.39824e+27,2.68516e+08,96,33.5752,28,0.148204
1331,7.92282e+28,2.12194e+27,8.59002e+09,96,35.4775,33,0.155998
1332,7.92282e+28,3.29205e+27,2.14756e+09,96,33.9746,31,0.151132
1333,7.92282e+28,3.31831e+27,2.14758e+09,96,35.4336,31,0.157164
1334,7.92282e+28,2.34588e+27,4.29505e+09,96,34.7031,32,0.153436
1335,7.92282e+28,3.278e+27,4.29507e+09,96,35.9092,32,0.156713
1336,7.92282e+28,3.20213e+27,8.59003e+09,96,36.665,33,0.162189
1337,7.92282e+28,3.13329e+27,4.29505e+09,96,35.1797,32,0.154049
1338,7.92282e+28,3.60019e+27,8.59003e+09,96,36.4473,33,0.159475
1339,7.92282e+28,3.7532e+27,4.29506e+09,96,36.3818,32,0.161212
1340,7.92282e+28,1.81548e+27,2.14757e+09,96,34.3711,31,0.152136
1341,7.92282e+28,3.06933e+27,4.29507e+09,96,35.8877,32,0.156987
1342,7.92282e+28,3.21982e+27,4.29504e+09,96,34.7959,32,0.15551
1343,7.92282e+28,3.50358e+27,4.29506e+09,96,35.7275,32,0.158705
1344,7.92282e+28,3.40103e+27,8.59004e+09,96,36.3945,33,0.161961
1345,7.92282e+28,3.00411e+27,4.29506e+09,96,35.708,32,0.157661
1346,7.92282e+28,3.59143e+27,8.59005e+09,96,38.1787,33,0.169784
1347,7.92282e+28,3.68722e+27,8.59003e+09,96,37.415,33,0.167134
1348,7.92282e+28,3.45131e+27,1.718e+10,96,37.5947,34,0.166744
1349,7.92282e+28,3.85569e+27,4.29507e+09,96,36.9727,32,0.166394
1350,7.92282e+28,4.20426e+27,4.29507e+09,96,37.0811,32,0.163901
1351,7.92282e+28,5.18836e+27,3.43598e+10,96,38.127,35,0.167572
1352,7.92282e+28,4.86859e+27,1.718e+10,96,37.8975,34,0.171783
1353,7.92282e+28,3.12061e+27,2.14757e+09,96,35.9795,31,0.159902
1354,7.92282e+28,4.02623e+27,8.59005e+09,96,38.0459,33,0.169099
1355,7.92282e+28,4.35496e+27,1.718e+10,96,37.6289,34,0.166448
1356,3.16913e+29,4.62308e+27,1.718e+10,98,38.3633,34,0.171076
1357,7.92282e+28,4.33071e+27,6.87196e+10,96,39.0195,36,0.17331
1358,7.92282e+28,3.62806e+27,6.87196e+10,96,39.2852,36,0.175316
1359,7.92282e+28,4.24664e+27,1.718e+10,96,38.6367,34,0.170985
1360,7.92282e+28,4.65079e+27,3.43598e+10,96,39.6572,35,0.175381
1361,7.92282e+28,5.76979e+27,8.59002e+09,96,37.835,33,0.167788
1362,7.92282e+28,4.69845e+27,1.718e+10,96,37.8887,34,0.168186
1363,7.92282e+28,4.87683e+27,6.87196e+10,96,39.8047,36,0.176217
1364,7.92282e+28,5.3763e+27,3.43598e+10,96,39.2617,35,0.174315
1365,7.92282e+28,4.73549e+27,8.59005e+09,96,38.5635,33,0.172193
1366,3.16913e+29,5.10896e+27,3.43598e+10,98,39.7852,35,0.177565
1367,3.16913e+29,4.96864e+27,8.59005e+09,98,38.1299,33,0.170186
1368,1.58456e+29,5.42554e+27,6.87196e+10,97,39.7021,36,0.177236
1369,7.92282e+28,5.57137e+27,3.43599e+10,96,40.5801,35,0.180426
1370,3.16913e+29,5.19977e+27,6.87196e+10,98,40.4473,36,0.182202
1371,7.92282e+28,4.29297e+27,2.74878e+11,96,42.0303,38,0.188311
1372,7.92282e+28,5.26396e+27,2.74878e+11,96,41.2471,38,0.183713
1373,7.92282e+28,4.1496e+27,3.43599e+10,96,40.0254,35,0.177984
1374,7.92282e+28,6.5294e+27,1.37439e+11,96,41.4092,37,0.184538
1375,7.92282e+28,5.095e+27,3.43599e+10,96,40.2119,35,0.179498
1376,7.92282e+28,5.12137e+27,1.37439e+11,96,41.7588,37,0.18807
1377,7.92282e+28,5.95363e+27,1.37439e+11,96,41.6357,37,0.186243
1378,7.92282e+28,5.20083e+27,1.37439e+11,96,41.3027,37,0.183244
1379,7.92282e+28,6.16124e+27,6.87196e+10,96,40.6729,36,0.182048
1380,7.92282e+28,5.25748e+27,1.37439e+11,96,42,37,0.186582
1381,1.58456e+29,7.566e+27,6.87196e+10,97,42.126,36,0.185905
1382,7.92282e+28,6.6238e+27,3.43599e+10,96,41.1748,35,0.182373
1383,7.92282e+28,6.38611e+27,6.87196e+10,96,41.9463,36,0.185253
1384,7.92282e+28,5.11051e+27,6.87196e+10,96,41.8838,36,0.185163
1385,7.92282e+28,4.81831e+27,1.37439e+11,96,40.7178,37,0.18291
1386,7.92282e+28,5.77994e+27,2.74878e+11,96,41.8242,38,0.186531
1387,3.16913e+29,5.89409e+27,1.37439e+11,98,41.5488,37,0.184788
1388,7.92282e+28,7.03546e+27,1.09951e+12,96,43.5771,40,0.195087
1389,7.92282e+28,6.13192e+27,5.49756e+11,96,42.3662,39,0.190595
1390,7.92282e+28,6.91186e+27,1.09951e+12,96,43.4434,40,0.195523
1391,7.92282e+28,6.02552e+27,6.87196e+10,96,41.4492,36,0.187391
1392,7.92282e+28,6.7855e+27,5.49756e+11,96,43.5879,39,0.195344
1393,7.92282e+28,6.90854e+27,5.49756e+11,96,43.0518,39,0.192349
1394,7.92282e+28,7.47152e+27,5.49756e+11,96,42.7822,39,0.191238
1395,7.92282e+28,6.99444e+27,1.09951e+12,96,44.1143,40,0.197936
1396,7.92282e+28,7.15974e+27,1.09951e+12,96,43.9688,40,0.197546
1397,7.92282e+28,7.84865e+27,2.19902e+12,96,45.3848,41,0.202865
1398,7.92282e+28,7.62692e+27,1.09951e+12,96,44.2041,40,0.197603
1399,7.92282e+28,7.47267e+27,2.19902e+12,96,44.0303,41,0.196925
1400,7.92282e+28,7.5589e+27,2.19902e+12,96,43.9863,41,0.196254
1401,7.92282e+28,7.41344e+27,4.39805e+12,96,44.6445,42,0.19965
1402,7.92282e+28,7.51131e+27,4.39805e+12,96,44.8545,42,0.201891
1403,7.92282e+28,8.20034e+27,1.09951e+12,96,44.3574,40,0.200102
1404,7.92282e+28,8.31283e+27,1.09951e+12,96,44.666,40,0.201556
1405,7.92282e+28,7.64028e+27,1.09951e+12,96,44.0967,40,0.198226
1406,7.92282e+28,8.29536e+27,1.09951e+12,96,43.7656,40,0.19722
1407,7.92282e+28,7.35878e+27,1.09951e+12,96,44.3779,40,0.199184
1408,1.58456e+29,6.31148e+27,5.49756e+11,97,43.3994,39,0.1943
1409,7.92282e+28,5.84331e+27,2.74878e+11,96,42.834,38,0.193939
1410,7.92282e+28,8.51314e+27,4.39805e+12,96,45.2715,42,0.203483
1411,7.92282e+28,8.37517e+27,4.39805e+12,96,46.2412,42,0.206872
1412,7.92282e+28,7.48417e+27,1.09951e+12,96,44.5947,40,0.199119
1413,7.92282e+28,8.8645e+27,1.09951e+12,96,44.0566,40,0.195674
1414,7.92282e+28,7.51741e+27,5.49756e+11,96,43.5664,39,0.195303
1415,7.92282e+28,7.45317e+27,2.19902e+12,96,44.666,41,0.200831
1416,1.58456e+29,7.48972e+27,8.79609e+12,97,45.4531,43,0.204477
1417,7.92282e+28,7.6853e+27,2.19902e+12,96,45.1777,41,0.202125
1418,7.92282e+28,7.4391e+27,4.39805e+12,96,45.418,42,0.203419
1419,7.92282e+28,7.34058e+27,4.39805e+12,96,45.3896,42,0.204091
1420,7.92282e+28,7.44053e+27,8.79609e+12,96,45.3545,43,0.205456
1421,7.92282e+28,8.59386e+27,4.39805e+12,96,45.1377,42,0.203142
1422,7.92282e+28,7.92322e+27,8.79609e+12,96,45.8252,43,0.204022
1423,7.92282e+28,8.20141e+27,1.75922e+13,96,46.2598,44,0.209209
1424,7.92282e+28,8.34606e+27,1.75922e+13,96,46.5996,44,0.208088
1425,7.92282e+28,8.89432e+27,8.79609e+12,96,46.8447,43,0.21157
1426,3.16913e+29,9.4516e+27,7.03687e+13,98,47.0557,46,0.213779
1427,7.92282e+28,8.35303e+27,4.39805e+12,96,45.9932,42,0.206515
1428,7.92282e+28,9.6307e+27,7.03687e+13,96,47.5088,46,0.215213
1429,7.92282e+28,9.27045e+27,8.79609e+12,96,46.9746,43,0.211402
1430,7.92282e+28,9.09478e+27,4.39805e+12,96,46.623,42,0.210363
1431,7.92282e+28,9.25828e+27,8.79609e+12,96,45.9297,43,0.208267
1432,7.92282e+28,1.0131e+28,1.75922e+13,96,46.8975,44,0.211439
1433,7.92282e+28,9.98595e+27,8.79609e+12,96,47.3203,43,0.21556
1434,7.92282e+28,9.96526e+27,8.79609e+12,96,46.9639,43,0.210409
1435,7.92282e+28,8.7498e+27,1.75922e+13,96,47.6826,44,0.216375
1436,7.92282e+28,1.0335e+28,4.39805e+12,96,46.1816,42,0.20843
1437,3.16913e+29,1.12132e+28,3.51844e+13,98,47.8281,45,0.21525
1438,7.92282e+28,9.01062e+27,4.39805e+12,96,45.9141,42,0.206796
1439,7.92282e+28,9.49894e+27,3.51844e+13,96,47.4814,45,0.216091
1440,7.92282e+28,8.30434e+27,1.09951e+12,96,45.459,40,0.207598
1441,7.92282e+28,9.25988e+27,8.79609e+12,96,46.3623,43,0.210077
1442,7.92282e+28,8.6874e+27,2.19902e+12,96,45.9229,41,0.207149
1443,7.92282e+28,1.10625e+28,4.39805e+12,96,46.7236,42,0.209887
1444,7.92282e+28,1.10701e+28,8.79609e+12,96,47.2988,43,0.213431
1445,7.92282e+28,1.03075e+28,1.75922e+13,96,47.668,44,0.217335
1446,7.92282e+28,9.67766e+27,2.19902e+12,96,46.5654,41,0.209741
1447,7.92282e+28,1.08873e+28,7.03687e+13,96,47.9102,46,0.21567
1448,7.92282e+28,9.57061e+27,1.75922e+13,96,46.9404,44,0.212238
1449,7.92282e+28,1.02998e+28,3.51844e+13,96,48.4307,45,0.218541
1450,1.58456e+29,9.76257e+27,8.79609e+12,97,46.9658,43,0.211269
1451,7.92282e+28,9.74394e+27,1.40737e+14,96,48.2744,47,0.21794
1452,7.92282e+28,1.0665e+28,1.75922e+13,96,47.4883,44,0.214792
1453,7.92282e+28,1.06436e+28,4.39805e+12,96,46.8379,42,0.210748
1454,7.92282e+28,1.06791e+28,3.51844e+13,96,46.9668,45,0.211241
1455,7.92282e+28,9.79469e+27,1.75922e+13,96,47.3604,44,0.213663
1456,7.92282e+28,1.12011e+28,8.79609e+12,96,47.9922,43,0.217593
1457,7.92282e+28,9.60183e+27,1.75922e+13,96,46.915,44,0.214886
1458,7.92282e+28,1.00965e+28,8.79609e+12,96,47.5059,43,0.215212
1459,1.58456e+29,1.08282e+28,8.79609e+12,97,47.5127,43,0.214036
1460,7.92282e+28,9.82476e+27,8.79609e+12,96,46.7783,43,0.212438
1461,7.92282e+28,8.97527e+27,8.79609e+12,96,47.0791,43,0.214293
1462,7.92282e+28,1.08119e+28,1.75922e+13,96,47.252,44,0.213123
1463,7.92282e+28,8.92494e+27,4.39805e+12,96,46.7959,42,0.213118
1464,7.92282e+28,9.45557e+27,1.75922e+13,96,47.7119,44,0.215552
1465,7.92282e+28,1.05216e+28,8.79609e+12,96,47.4639,43,0.213636
1466,7.92282e+28,1.03535e+28,8.79609e+12,96,47.3613,43,0.21365
1467,7.92282e+28,1.07121e+28,1.75922e+13,96,47.9004,44,0.217887
1468,7.92282e+28,1.12089e+28,1.75922e+13,96,47.7959,44,0.214572
1469,3.16913e+29,1.19908e+28,1.75922e+13,98,48.3564,44,0.218186
1470,7.92282e+28,9.42176e+27,4.39805e+12,96,46.3633,42,0.209949
1471,7.92282e+28,1.12418e+28,4.39805e+12,96,47.041,42,0.211706
1472,7.92282e+28,1.11917e+28,3.51844e+13,96,48.374,45,0.218017
1473,7.92282e+28,1.18348e+28,8.79609e+12,96,47.6465,43,0.214404
1474,7.92282e+28,1.12137e+28,1.75922e+13,96,47.667,44,0.215389
1475,7.92282e+28,9.83722e+27,3.51844e+13,96,47.6729,45,0.216048
1476,7.92282e+28,1.18903e+28,5.6295e+14,96,49.0459,49,0.222786
1477,7.92282e+28,1.11701e+28,2.81475e+14,96,49.667,48,0.226141
1478,7.92282e+28,1.03675e+28,1.75922e+13,96,47.6074,44,0.215937
1479,7.92282e+28,1.12322e+28,8.79609e+12,96,46.9199,43,0.212024
1480,7.92282e+28,1.01868e+28,7.03687e+13,96,47.8584,46,0.215888
1481,1.58456e+29,1.11629e+28,1.75922e+13,97,48.1172,44,0.218122
1482,7.92282e+28,1.1824e+28,3.51844e+13,96,48.1963,45,0.21901
1483,7.92282e+28,1.23502e+28,8.79609e+12,96,47.5176,43,0.214663
1484,7.92282e+28,1.13763e+28,8.79609e+12,96,47.2432,43,0.212716
1485,7.92282e+28,1.17543e+28,8.79609e+12,96,47.1367,43,0.213539
1486,7.92282e+28,1.01474e+28,8.79609e+12,96,47.3711,43,0.215648
1487,7.92282e+28,1.12997e+28,3.51844e+13,96,47.9199,45,0.214918
1488,7.92282e+28,1.21019e+28,8.79609e+12,96,46.8965,43,0.211484
1489,7.92282e+28,1.18051e+28,2.19902e+12,96,46.501,41,0.206703
1490,7.92282e+28,1.21958e+28,1.75922e+13,96,48.0303,44,0.21763
1491,1.58456e+29,1.18576e+28,4.39805e+12,97,47.0889,42,0.212219
1492,3.16913e+29,1.09917e+28,8.79609e+12,98,47.1865,43,0.213562
1493,3.16913e+29,1.16333e+28,1.75922e+13,98,47.7881,44,0.216358
1494,7.92282e+28,1.19787e+28,3.51844e+13,96,47.9629,45,0.217155
1495,7.92282e+28,1.08596e+28,3.51844e+13,96,47.8799,45,0.216822
1496,7.92282e+28,1.07685e+28,8.79609e+12,96,47.0342,43,0.213231
1497,7.92282e+28,1.26221e+28,1.75922e+13,96,47.7822,44,0.214749
1498,7.92282e+28,9.99679e+27,4.39805e+12,96,45.6865,42,0.205873
1499,1.58456e+29,1.20962e+28,1.75922e+13,97,47.3789,44,0.215042
