63.451
0,110.903,7.57984,4,1,0.0351562,0,0.00443547
1,110.903,7.32939,4,1,0.0273438,0,0.00426327
2,109.829,7.62554,5,1,0.0283203,0,0.004267
3,435.151,9.4433,4,2,0.0419922,0,0.00419437
4,434.639,9.58315,5,2,0.0439453,0,0.0042286
5,435.117,9.61135,5,2,0.0439453,0,0.00430213
6,1009.59,10.4144,5,3,0.046875,0,0.00424796
7,110.371,9.57847,5,1,0.0458984,0,0.00429698
8,435.151,10.654,5,2,0.0458984,0,0.00422364
9,434.638,10.4168,5,2,0.0507812,0,0.00428075
10,435,9.79629,5,2,0.0458984,0,0.00424117
11,435.053,12.2797,5,2,0.0644531,0,0.00425624
12,435.076,10.0302,5,2,0.0458984,0,0.00424211
13,434.954,11.3488,5,2,0.0556641,0,0.00438135
14,435.151,10.4124,5,2,0.0517578,0,0.00425003
15,435.053,10.7107,5,2,0.0537109,0,0.00426854
16,112.44,9.64121,5,1,0.0449219,0,0.00426922
17,435.053,11.5524,6,2,0.0566406,0,0.00426772
18,435.127,11.1601,5,2,0.0546875,0,0.00426779
19,1011.31,12.3645,6,3,0.0566406,0,0.00433143
20,435.151,11.1673,6,2,0.0507812,0,0.00433176
21,435.076,10.6395,5,2,0.0537109,0,0.00426754
22,435.053,9.61713,6,2,0.0410156,0,0.00432866
23,434.639,10.6109,6,2,0.0498047,0,0.0043052
24,111.425,9.37146,6,1,0.0390625,0,0.00431606
25,109.829,10.476,6,1,0.0507812,0,0.00432572
26,435.127,12.2616,6,2,0.0595703,0,0.00434864
27,435.053,12.9946,6,2,0.0673828,0,0.00436846
28,435.127,10.206,6,2,0.0439453,0,0.00432941
29,435.053,12.2054,6,2,0.0615234,0,0.00438814
30,435.151,11.507,6,2,0.0527344,0,0.00434537
31,435.127,10.8159,6,2,0.0458984,0,0.0043538
32,435.149,13.1076,6,2,0.0664062,0,0.00437606
33,435.127,11.3201,6,2,0.0527344,0,0.00436664
34,434.954,10.797,6,2,0.0488281,0,0.00434761
35,435.151,11.2969,6,2,0.0517578,0,0.00433431
36,435.149,12.4362,6,2,0.0605469,0,0.00434574
37,434.954,12.2698,6,2,0.0605469,0,0.00437173
38,435,12.4014,6,2,0.0625,0,0.00436399
39,1011.31,12.1806,6,3,0.0576172,0,0.00434394
40,435,12.4352,6,2,0.0644531,0,0.00435505
41,435.149,11.3405,6,2,0.0546875,0,0.00434349
42,435.149,12.2481,6,2,0.0576172,0,0.00433861
43,435.149,12.6373,6,2,0.0644531,0,0.00436788
44,111.425,10.0429,6,1,0.0419922,0,0.00438651
45,435.151,12.6321,6,2,0.0585938,0,0.00447879
46,435.149,11.4168,6,2,0.0517578,0,0.00461615
47,435.149,13.4734,6,2,0.0634766,0,0.00452182
48,435.127,14.1136,6,2,0.0732422,0,0.00451709
49,435.149,15.3806,6,2,0.078125,0,0.00441715
50,435.127,12.7168,6,2,0.0644531,0,0.00442852
51,434.818,12.2971,6,2,0.0595703,0,0.00448459
52,110.903,11.9611,6,1,0.0576172,0,0.00443571
53,110.903,11.6381,6,1,0.0556641,0,0.00442185
54,435.127,13.4023,6,2,0.0673828,0,0.00440456
55,434.954,12.7284,7,2,0.0615234,0,0.00447719
56,435.149,14.7386,7,2,0.0712891,0,0.00446802
57,435.151,13.8481,7,2,0.0625,0,0.00448695
58,435.127,13.2686,7,2,0.0615234,0,0.00447343
59,110.903,13.0433,7,1,0.0673828,0,0.00446351
60,435.151,15.3641,7,2,0.0810547,0,0.00448673
61,434.902,14.3505,7,2,0.0751953,0,0.0044966
62,434.639,13.4831,7,2,0.0664062,0,0.0044748
63,435.151,13.8959,7,2,0.0654297,0,0.00448549
64,434.781,13.3508,7,2,0.0664062,0,0.00449061
65,435.149,15.7196,7,2,0.0800781,0,0.00451191
66,435.127,15.0386,7,2,0.078125,0,0.00448575
67,435.151,15.2619,7,2,0.0771484,0,0.00448775
68,435.127,13.7831,7,2,0.0654297,0,0.00450977
69,435.151,13.8422,7,2,0.0693359,0,0.00450141
70,435.127,14.6486,7,2,0.0761719,0,0.00450703
71,1008.92,15.7622,7,3,0.0761719,0,0.00450255
72,435.053,14.6925,7,2,0.0751953,0,0.00451955
73,435.053,13.7814,7,2,0.0673828,0,0.0044724
74,435.127,14.0766,8,2,0.0664062,0,0.0045317
75,435.053,13.3334,7,2,0.0644531,0,0.004498
76,435.127,14.9781,8,2,0.0761719,0,0.00450257
77,435.127,15.1997,8,2,0.078125,0,0.00449985
78,1010.21,16.1585,8,3,0.0810547,0,0.00461749
79,434.954,13.8226,8,2,0.0683594,0,0.00451886
80,435.053,13.7164,8,2,0.0673828,0,0.00449739
81,435.117,15.8945,8,2,0.0791016,0,0.00454673
82,435.151,17.4986,8,2,0.0898438,0,0.00452025
83,435.149,16.328,8,2,0.0810547,0,0.00456308
84,435.053,14.1022,8,2,0.0673828,0,0.00463055
85,435.053,15.3833,8,2,0.0810547,0,0.00451844
86,435.127,15.3556,8,2,0.078125,0,0.00451517
87,435.149,13.8185,8,2,0.0625,0,0.00453193
88,435.151,15.4709,8,2,0.0800781,0,0.004554
89,435.149,15.6637,8,2,0.0791016,0,0.0045245
90,435.127,16.1876,8,2,0.0849609,0,0.0045426
91,435.149,15.4902,8,2,0.0751953,0,0.00457723
92,435.149,15.3544,8,2,0.0751953,0,0.00453636
93,435.127,16.256,8,2,0.0849609,0,0.00455705
94,435.151,15.0494,8,2,0.0751953,0,0.00458091
95,1009.59,16.5441,8,3,0.0859375,0,0.00462765
96,1008.92,16.7686,8,3,0.0820312,0,0.00458701
97,435.151,15.3966,8,2,0.0771484,0,0.00454781
98,434.818,14.4177,8,2,0.0683594,0,0.00464441
99,110.371,15.0665,8,1,0.0771484,0,0.00463117
100,1008.92,18.1737,8,3,0.0927734,0,0.00467964
101,435.149,18.2718,8,2,0.0908203,0,0.00463352
102,435.149,18.4775,8,2,0.0927734,0,0.00463708
103,435.149,17.0167,8,2,0.0888672,0,0.00467549
104,435.127,15.4812,8,2,0.0751953,0,0.00465795
105,1008.92,17.9724,8,3,0.0888672,0,0.00467205
106,435.151,17.6255,8,2,0.0878906,0,0.00467721
107,435.127,18.2181,8,2,0.100586,0,0.00464871
108,435.149,18.1976,8,2,0.0947266,0,0.00465625
109,435.151,19.3781,8,2,0.0976562,0,0.00468185
110,435.151,18.1784,9,2,0.0957031,0,0.00467213
111,435.151,18.2827,8,2,0.0986328,0,0.00472887
112,435.151,17.9567,8,2,0.0927734,0,0.00468615
113,435.151,20.9007,8,2,0.108398,0,0.00477029
114,435.149,20.015,9,2,0.106445,0,0.00469682
115,435.149,19.7201,9,2,0.104492,0,0.00479365
116,435.151,20.0825,9,2,0.109375,0,0.00471921
117,1011.31,17.277,9,3,0.0839844,0,0.00474525
118,435.127,20.609,9,2,0.114258,0,0.00479022
119,1008.92,19.5082,9,3,0.100586,0,0.00470512
120,1008.92,18.8474,9,3,0.0976562,0,0.00472513
121,435.149,21.5936,9,2,0.118164,0,0.00470281
122,435.151,17.7038,9,2,0.0898438,0,0.00473856
123,434.781,17.5196,9,2,0.0927734,0,0.00473513
124,435.151,22.4804,9,2,0.129883,0,0.00475467
125,1011.31,22.1798,9,3,0.115234,0,0.00480688
126,435.151,19.5039,9,2,0.107422,0,0.00476683
127,435.151,19.3485,9,2,0.105469,0,0.00478059
128,1009.59,20.5935,9,3,0.109375,0,0.00501282
129,1009.59,21.6119,9,3,0.114258,0,0.00500949
130,1011.78,23.114,9,3,0.121094,0,0.0048429
131,435.151,21.5126,9,2,0.125977,0,0.00479717
132,435.149,20.0199,9,2,0.109375,0,0.00481187
133,435.151,24.1135,9,2,0.137695,0,0.00483275
134,435.151,23.8339,9,2,0.140625,0,0.00481606
135,1011.78,24.6969,9,3,0.138672,0,0.00475798
136,1009.59,22.6219,9,3,0.124023,0,0.00483269
137,435.149,22.2247,9,2,0.120117,0,0.00481736
138,1009.59,23.4867,9,3,0.132812,0,0.00485111
139,1010.21,24.883,9,3,0.140625,0,0.004776
140,1009.59,26.4604,9,3,0.147461,0,0.00489246
141,435.127,25.378,9,2,0.144531,0,0.00483619
142,435.149,26.1774,9,2,0.151367,0,0.00483372
143,435.151,23.1687,9,2,0.128906,0,0.00481039
144,435.149,24.8033,9,2,0.145508,0,0.00484214
145,1010.21,26.3751,9,3,0.154297,0,0.00484985
146,435.149,25.4883,9,2,0.150391,0,0.00487443
147,435.151,27.1521,9,2,0.157227,0,0.00487967
148,435.149,23.5979,9,2,0.144531,0,0.00481706
149,1008.92,27.832,9,3,0.162109,0,0.004934
150,435.149,27.8558,9,2,0.170898,0,0.00490453
151,1011.31,28.0284,9,3,0.167969,0,0.00492088
152,435.151,27.9996,9,2,0.174805,0,0.00492945
153,435.149,31.045,9,2,0.1875,0,0.00491173
154,435.151,31.0603,9,2,0.197266,0,0.0049067
155,1010.79,28.7488,9,3,0.166016,0,0.00486845
156,435.151,28.1586,9,2,0.171875,0,0.00486039
157,435.151,30.1225,9,2,0.173828,0,0.00491393
158,435.151,31.018,9,2,0.182617,0,0.00485652
159,435.151,29.6015,9,2,0.181641,0,0.00487221
160,1008.92,34.7038,9,3,0.214844,0,0.00488384
161,435.149,32.2836,9,2,0.206055,0,0.00492469
162,1011.31,30.7936,9,3,0.18457,0,0.00489669
163,1011.78,33.317,9,3,0.206055,0,0.00489619
164,1010.79,39.0694,9,3,0.250977,0,0.00492363
165,435.151,34.4638,9,2,0.220703,0,0.00488383
166,435.151,29.7148,9,2,0.19043,0,0.00487805
167,1010.21,34.8028,9,3,0.213867,0,0.00488601
168,435.151,33.2387,9,2,0.209961,0,0.00487578
169,435.151,34.3451,9,2,0.212891,0,0.00486553
170,1010.21,35.9919,9,3,0.21582,0,0.00488476
171,1008.92,37.8077,9,3,0.234375,0,0.00495212
172,435.151,36.1686,9,2,0.232422,0,0.00488725
173,1009.59,40.9049,9,3,0.251953,0,0.00495083
174,1011.31,42.0878,10,3,0.269531,0,0.00493812
175,435.149,34.6502,9,2,0.228516,0,0.00492213
176,1008.92,39.2869,9,3,0.245117,0,0.00490755
177,1009.59,39.8775,9,3,0.248047,0,0.00489343
178,1008.92,37.7734,10,3,0.24707,0,0.00492226
179,435.151,40.7181,10,2,0.274414,0,0.00497841
180,1008.92,39.7852,9,3,0.251953,0,0.00492472
181,1007.46,38.1892,10,3,0.246094,0,0.00493913
182,435.151,33.8448,10,2,0.224609,0,0.00507196
183,1008.92,42.1768,10,3,0.270508,0,0.00494471
184,435.151,44.0744,10,2,0.279297,0,0.00494667
185,1008.92,37.4088,9,3,0.234375,0,0.00494914
186,435.151,34.0332,9,2,0.21582,0,0.004974
187,1011.31,46.4543,10,3,0.283203,0,0.00492715
188,435.151,36.9776,9,2,0.244141,0,0.00489803
189,1012.52,40.8103,9,3,0.260742,0,0.00493152
190,1011.31,43.508,10,3,0.285156,0,0.00492901
191,1011.31,38.5219,10,3,0.254883,0,0.00491465
192,1008.92,43.4528,11,3,0.27832,0,0.00497181
193,1845.26,41.0058,10,4,0.250977,0,0.00501235
194,1010.21,38.0566,9,3,0.240234,0,0.00496885
195,1011.31,43.329,9,3,0.267578,0,0.00499992
196,1011.78,43.3706,10,3,0.289062,0,0.00494955
197,1011.31,44.1985,11,3,0.290039,0,0.00508834
198,1011.31,43.2758,11,3,0.28125,0,0.00502664
199,435.151,43.6349,11,2,0.274414,0,0.00500837
200,1008.92,45.7606,11,3,0.303711,0,0.00496655
201,435.151,42.8976,11,2,0.285156,0,0.00516823
202,435.151,38.8003,10,2,0.24707,0,0.00515731
203,1009.59,40.6843,9,3,0.273438,0,0.00510466
204,1011.78,42.9338,11,3,0.291992,0,0.00512423
205,1010.21,40.1309,11,3,0.255859,0,0.00508605
206,1007.46,41.8807,9,3,0.264648,0,0.00495964
207,435.151,44.4006,11,2,0.292969,0,0.00497946
208,1011.31,43.1927,10,3,0.277344,0,0.00501332
209,1011.31,47.2012,11,3,0.304688,0,0.00502154
210,435.151,43.6444,11,2,0.294922,0,0.00498049
211,1008.92,45.8639,11,3,0.296875,0,0.00523354
212,435.151,42.218,11,2,0.291016,0,0.00521957
213,1008.92,47.6683,11,3,0.303711,0,0.00520046
214,1010.21,49.5793,11,3,0.323242,0,0.00526156
215,1008.92,43.785,10,3,0.27832,0,0.00502403
216,1008.92,45.0182,11,3,0.290039,0,0.00504752
217,1010.79,45.5546,10,3,0.295898,0,0.00499485
218,1843.9,44.4375,11,4,0.277344,0,0.00501508
219,1843.9,46.4835,10,4,0.267578,0,0.00499243
220,1011.31,43.9416,11,3,0.291016,0,0.00499382
221,1009.59,49.4642,11,3,0.319336,0,0.00500332
222,1009.59,47.5487,11,3,0.303711,0,0.00505511
223,1010.79,48.9469,11,3,0.321289,0,0.00502129
224,1008.92,50.9638,12,3,0.320312,0,0.00507115
225,1843.9,50.2402,11,4,0.328125,0,0.00501797
226,1011.31,44.1044,10,3,0.286133,0,0.00499366
227,1008.92,47.2184,10,3,0.31543,0,0.00501153
228,1009.59,51.8307,11,3,0.326172,0,0.00501468
229,1008.92,49.3375,12,3,0.328125,0,0.00504265
230,1011.31,45.8011,12,3,0.318359,0,0.00502886
231,1008.92,45.2248,11,3,0.291016,0,0.00498403
232,435.151,42.1859,10,2,0.279297,0,0.00495862
233,1008.92,45.0311,11,3,0.292969,0,0.00505213
234,1008.92,48.2959,12,3,0.31543,0,0.00514952
235,1008.92,45.8222,12,3,0.303711,0,0.00502982
236,1009.59,51.2011,12,3,0.329102,0,0.00502671
237,435.151,46.2573,12,2,0.311523,0,0.00502141
238,1009.59,47.4349,11,3,0.306641,0,0.00504433
239,1008.92,50.1922,12,3,0.327148,0,0.00503487
240,1011.31,47.1829,11,3,0.313477,0,0.00501018
241,1008.92,46.9895,12,3,0.305664,0,0.00505123
242,1008.92,46.9716,12,3,0.306641,0,0.00504044
243,435.151,49.7777,12,2,0.325195,0,0.00504551
244,1008.92,53.3352,12,3,0.332031,0,0.00513971
245,1011.31,49.1901,12,3,0.331055,0,0.00499406
246,435.151,48.3163,12,2,0.323242,0,0.00504333
247,1843.9,48.9041,12,4,0.310547,0,0.00505019
248,1008.92,48.3193,11,3,0.303711,0,0.00503128
249,1008.92,48.0077,12,3,0.314453,0,0.00502804
250,435.151,43.8362,12,2,0.292969,0,0.00503781
251,1007.46,46.8633,12,3,0.31543,0,0.00504778
252,1009.59,48.637,12,3,0.310547,0,0.00507492
253,1011.31,45.3065,12,3,0.291016,0,0.00502471
254,1011.78,47.2311,11,3,0.31543,0,0.00506451
255,1010.21,46.1794,12,3,0.301758,0,0.00504398
256,1010.79,56.4642,13,3,0.342773,0,0.00505288
257,1009.59,49.5124,12,3,0.313477,0,0.00505023
258,1008.92,45.234,12,3,0.301758,0,0.00503528
259,435.151,46.1352,12,2,0.302734,0,0.00502432
260,1011.31,51.252,12,3,0.321289,0,0.00506199
261,1008.92,49.2556,12,3,0.324219,0,0.0050566
262,1011.31,47.7707,12,3,0.308594,0,0.00503827
263,1009.59,48.6036,12,3,0.317383,0,0.005071
264,1011.31,50.634,12,3,0.329102,0,0.00504337
265,435.127,47.6768,12,2,0.31543,0,0.00504451
266,1011.78,49.7137,13,3,0.335938,0,0.0050462
267,1008.92,49.8302,13,3,0.326172,0,0.00507488
268,435.151,46.6643,12,2,0.311523,0,0.00506669
269,1011.31,52.8875,12,3,0.334961,0,0.00505977
270,435.151,44.7275,12,2,0.310547,0,0.00507018
271,1008.92,44.3788,11,3,0.286133,0,0.00503313
272,1010.21,50.5107,12,3,0.318359,0,0.00506543
273,1008.92,48.5662,13,3,0.322266,0,0.00507881
274,435.151,46.081,13,2,0.310547,0,0.00514422
275,1008.92,50.2337,13,3,0.332031,0,0.00511185
276,1009.59,53.2215,13,3,0.34375,0,0.00507269
277,1008.92,48.461,12,3,0.311523,0,0.00505648
278,435.151,47.4752,13,2,0.327148,0,0.00509362
279,1008.92,49.3214,13,3,0.327148,0,0.00511104
280,1009.59,56.2231,13,3,0.352539,0,0.00511273
281,1008.92,50.3864,13,3,0.319336,0,0.00510817
282,435.151,49.253,13,2,0.320312,0,0.00520107
283,1843.9,51.4411,13,4,0.328125,0,0.00506463
284,1008.92,46.6419,12,3,0.303711,0,0.00517232
285,435.151,48.9968,13,2,0.325195,0,0.00511645
286,1009.59,49.1612,13,3,0.324219,0,0.0050647
287,1011.31,50.7387,13,3,0.320312,0,0.00504493
288,1011.31,47.2254,13,3,0.313477,0,0.00508297
289,1011.31,49.5723,13,3,0.319336,0,0.00508084
290,1008.92,45.8122,12,3,0.302734,0,0.00508439
291,1843.9,50.3144,13,4,0.327148,0,0.00510311
292,1011.31,55.8497,13,3,0.354492,0,0.00512908
293,1009.59,50.6691,12,3,0.331055,0,0.00505074
294,1011.78,52.7312,13,3,0.34082,0,0.0052469
295,435.151,49.7705,12,2,0.320312,0,0.00511405
296,1009.59,52.6153,13,3,0.341797,0,0.00510327
297,1008.92,46.7398,12,3,0.308594,0,0.00504367
298,1008.92,52.3404,13,3,0.333984,0,0.00511997
299,435.151,45.7853,13,2,0.311523,0,0.00509856
300,1010.21,49.6521,13,3,0.334961,0,0.00510499
301,1008.92,50.069,12,3,0.327148,0,0.0050884
302,1011.31,44.3871,13,3,0.300781,0,0.00509843
303,1008.92,46.8047,13,3,0.31543,0,0.00509651
304,1008.92,46.1178,13,3,0.300781,0,0.00513025
305,1008.92,53.26,13,3,0.345703,0,0.00508758
306,435.151,49.1995,13,2,0.329102,0,0.00509249
307,435.151,52.3394,13,2,0.345703,0,0.00507574
308,1011.31,51.8541,12,3,0.334961,0,0.0050994
309,1848.92,49.4616,13,4,0.330078,0,0.00510534
310,435.151,47.9616,13,2,0.321289,0,0.00509504
311,1843.9,50.0707,13,4,0.320312,0,0.00509416
312,435.151,47.6216,13,2,0.328125,0,0.00512685
313,1008.92,45.267,12,3,0.302734,0,0.0050877
314,1008.92,53.0687,13,3,0.341797,0,0.00516652
315,1008.92,47.4254,13,3,0.320312,0,0.00517623
316,435.149,48.3562,13,2,0.321289,0,0.00510874
317,1008.92,50.2758,13,3,0.332031,0,0.00510204
318,435.151,47.2663,13,2,0.323242,0,0.00508424
319,1009.59,51.058,13,3,0.335938,0,0.00509549
320,1009.59,51.8548,13,3,0.333008,0,0.00508635
321,1011.31,54.2671,13,3,0.350586,0,0.00509737
322,1011.31,49.3792,12,3,0.322266,0,0.00506779
323,1011.31,49.3641,13,3,0.329102,0,0.00510865
324,1008.92,52.9517,13,3,0.34082,0,0.00516898
325,1008.92,46.2281,13,3,0.307617,0,0.00506864
326,1008.92,48.6986,13,3,0.319336,0,0.00509704
327,1848.92,57.0156,13,4,0.366211,0,0.00510931
328,1010.79,57.1441,13,3,0.364258,0,0.00511486
329,1843.9,51.3625,13,4,0.337891,0,0.00513775
330,1008.92,50.5951,13,3,0.323242,0,0.00513844
331,1008.92,44.8501,13,3,0.298828,0,0.00515341
332,1011.31,54.5365,13,3,0.349609,0,0.00518261
333,1011.31,53.252,13,3,0.336914,0,0.00513388
334,1010.21,50.7871,13,3,0.328125,0,0.00513485
335,1008.92,47.7093,13,3,0.313477,0,0.00514823
336,435.151,48.2296,13,2,0.333008,0,0.00513426
337,1011.78,47.9944,13,3,0.307617,0,0.00513117
338,1011.31,51.0764,13,3,0.333008,0,0.00511682
339,1011.31,50.5055,13,3,0.316406,0,0.00511991
340,1008.92,48.7655,13,3,0.328125,0,0.00513153
341,435.151,50.8342,13,2,0.329102,0,0.00510481
342,1008.92,45.2278,13,3,0.291016,0,0.00513783
343,1011.31,48.0565,13,3,0.310547,0,0.00513573
344,1008.92,48.1838,13,3,0.3125,0,0.00522331
345,435.151,49.8313,13,2,0.337891,0,0.00509192
346,435.151,48.1023,13,2,0.320312,0,0.0051182
347,1009.59,52.8066,13,3,0.329102,0,0.0051827
348,435.151,46.2019,13,2,0.303711,0,0.00510273
349,435.127,45.6254,13,2,0.306641,0,0.00510586
350,435.151,51.5438,13,2,0.342773,0,0.00510995
351,1011.31,50.9987,13,3,0.318359,0,0.00511597
352,1008.92,47.9687,13,3,0.318359,0,0.00516605
353,1008.92,49.0284,13,3,0.317383,0,0.00508483
354,1011.31,49.2591,13,3,0.313477,0,0.00512979
355,1008.92,51.5295,13,3,0.333008,0,0.00513058
356,435.151,47.6321,13,2,0.31543,0,0.00510583
357,1008.92,48.3423,13,3,0.320312,0,0.00515501
358,1011.31,50.7676,13,3,0.333984,0,0.00514133
359,1011.31,50.101,13,3,0.330078,0,0.00509153
360,1848.92,52.6627,13,4,0.328125,0,0.00510464
361,1843.9,49.8436,13,4,0.317383,0,0.00509063
362,1010.21,52.3359,13,3,0.342773,0,0.0051331
363,1843.9,61.4371,13,4,0.37793,0,0.00513738
364,1008.92,50.0308,13,3,0.337891,0,0.0051153
365,1010.21,51.4266,13,3,0.34082,0,0.00513502
366,1011.31,48.7622,13,3,0.313477,0,0.00506295
367,1008.92,49.6562,13,3,0.321289,0,0.00509181
368,1008.92,48.1597,13,3,0.313477,0,0.00509894
369,435.127,46.881,13,2,0.320312,0,0.00509093
370,1011.78,47.597,13,3,0.3125,0,0.00514083
371,1009.59,50.8296,13,3,0.339844,0,0.00511794
372,1011.31,50.788,13,3,0.318359,0,0.00512634
373,1011.31,55.8156,13,3,0.355469,0,0.00512288
374,1008.92,50.2932,13,3,0.320312,0,0.00513945
375,1008.92,49.5649,13,3,0.319336,0,0.00512989
376,1008.92,52.5011,13,3,0.341797,0,0.00512561
377,1009.59,48.3494,13,3,0.318359,0,0.00510257
378,1009.59,50.0892,13,3,0.323242,0,0.0051085
379,1008.92,52.7546,13,3,0.341797,0,0.00512866
380,1007.46,47.2414,13,3,0.319336,0,0.00514234
381,1011.31,52.569,13,3,0.337891,0,0.00509042
382,1011.78,51.1337,13,3,0.34082,0,0.00510491
383,1011.31,51.5274,13,3,0.330078,0,0.00510532
384,1008.92,49.3567,13,3,0.337891,0,0.00515185
385,1011.31,51.3879,13,3,0.321289,0,0.00510264
386,1011.31,57.4627,13,3,0.362305,0,0.00512371
387,435.151,45.8211,13,2,0.313477,0,0.00513512
388,1008.92,53.1814,13,3,0.337891,0,0.00513488
389,1011.31,55.2449,13,3,0.341797,0,0.00512128
390,1011.31,51.1787,13,3,0.330078,0,0.00513392
391,435.151,49.3875,13,2,0.327148,0,0.00512208
392,1843.9,53.1394,13,4,0.341797,0,0.00512022
393,1011.31,54.236,13,3,0.357422,0,0.00512517
394,1011.31,49.2075,13,3,0.323242,0,0.00521081
395,1008.92,50.0664,13,3,0.329102,0,0.00514067
396,1009.59,48.926,13,3,0.3125,0,0.00514999
397,1008.92,53.5193,13,3,0.350586,0,0.00513636
398,1008.92,46.8466,13,3,0.308594,0,0.0050951
399,1011.31,53.6138,13,3,0.354492,0,0.00513699
400,1012.52,50.1865,13,3,0.326172,0,0.00509574
401,435.151,47.028,13,2,0.307617,0,0.00513718
402,435.151,43.6962,12,2,0.300781,0,0.00513649
403,1843.9,54.6999,13,4,0.322266,0,0.00511229
404,1011.31,50.2499,13,3,0.323242,0,0.00516967
405,1011.31,50.2798,13,3,0.325195,0,0.00508266
406,435.151,46.3274,13,2,0.308594,0,0.00511858
407,1011.31,53.7031,13,3,0.347656,0,0.00510987
408,1009.59,49.2624,13,3,0.333984,0,0.00512573
409,1008.92,52.3943,13,3,0.336914,0,0.00512524
410,1008.92,45.9843,13,3,0.298828,0,0.00511174
411,1011.31,49.7113,13,3,0.325195,0,0.0052316
412,1011.31,50.3345,13,3,0.318359,0,0.00518138
413,435.151,45.2928,13,2,0.3125,0,0.0051191
414,1011.78,50.2367,13,3,0.31543,0,0.00517032
415,1011.31,49.7485,13,3,0.318359,0,0.00513862
416,1008.92,49.4066,13,3,0.323242,0,0.00515088
417,1012.52,51.3872,13,3,0.331055,0,0.0051303
418,1009.59,57.8347,13,3,0.363281,0,0.00510621
419,1008.92,52.7623,13,3,0.34082,0,0.00513327
420,1008.92,52.541,13,3,0.34082,0,0.00508214
421,1008.92,49.1524,13,3,0.323242,0,0.00513796
422,1843.9,53.2126,13,4,0.341797,0,0.00511418
423,1008.92,49.8553,13,3,0.345703,0,0.0050988
424,1011.31,51.6675,13,3,0.34082,0,0.0051634
425,1011.31,55.4809,13,3,0.345703,0,0.00514213
426,1011.31,53.7942,13,3,0.342773,0,0.00515719
427,1011.31,51.8923,13,3,0.331055,0,0.00513164
428,1011.31,52.3056,13,3,0.345703,0,0.00512577
429,1011.31,51.3647,13,3,0.333008,0,0.00513948
430,1008.92,51.5782,13,3,0.339844,0,0.0051363
431,435.151,51.6298,13,2,0.349609,0,0.00512016
432,1008.92,51.0113,13,3,0.330078,0,0.0051589
433,435.151,44.8829,13,2,0.297852,0,0.00514355
434,1008.92,52.128,13,3,0.347656,0,0.00516568
435,1009.59,56.2335,13,3,0.357422,0,0.00511094
436,1010.79,48.7066,13,3,0.325195,0,0.00512555
437,1011.31,56.7514,13,3,0.375,0,0.00510155
438,1011.31,52.5651,13,3,0.342773,0,0.0051453
439,1008.92,50.2317,13,3,0.329102,0,0.00516349
440,435.151,54.443,13,2,0.358398,0,0.00517067
441,1011.31,50.9329,13,3,0.339844,0,0.00514046
442,1008.92,48.0591,13,3,0.316406,0,0.00508169
443,1008.92,50.7007,13,3,0.331055,0,0.00511146
444,1011.31,52.6161,13,3,0.335938,0,0.00512723
445,1008.92,55.4066,13,3,0.348633,0,0.00516617
446,1008.92,53.4988,13,3,0.349609,0,0.00514666
447,1011.31,54.8891,13,3,0.348633,0,0.00514573
448,1008.92,50.0127,13,3,0.328125,0,0.00512474
449,1008.92,54.0958,13,3,0.344727,0,0.00521629
450,1008.92,51.7998,13,3,0.330078,0,0.00521875
451,1008.92,50.0956,13,3,0.332031,0,0.00521871
452,1012.18,49.1859,13,3,0.327148,0,0.00516901
453,1008.92,48.4173,13,3,0.316406,0,0.00517974
454,1008.92,52.4181,13,3,0.338867,0,0.00512127
455,1008.92,53.7421,13,3,0.338867,0,0.00513986
456,1009.59,49.0502,13,3,0.323242,0,0.00513027
457,435.151,48.1019,13,2,0.327148,0,0.00513691
458,1008.92,54.7825,13,3,0.354492,0,0.00511384
459,1008.92,48.9437,13,3,0.325195,0,0.00512292
460,1009.59,48.6853,13,3,0.323242,0,0.00512897
461,435.151,48.0692,13,2,0.321289,0,0.00511116
462,1008.92,49.7876,13,3,0.328125,0,0.00512768
463,435.151,50.561,13,2,0.333984,0,0.00513227
464,1009.59,52.6212,13,3,0.34375,0,0.00512967
465,1012.18,53.4143,13,3,0.345703,0,0.00517221
466,1008.92,52.658,13,3,0.344727,0,0.00512499
467,1007.46,48.7881,13,3,0.330078,0,0.00514769
468,1008.92,48.0403,13,3,0.318359,0,0.00513114
469,1011.31,54.8576,13,3,0.347656,0,0.00509747
470,1008.92,52.3479,13,3,0.336914,0,0.00513378
471,1011.31,47.6441,13,3,0.310547,0,0.00512088
472,1008.92,51.8815,13,3,0.348633,0,0.00513086
473,1009.59,47.6613,13,3,0.299805,0,0.00516254
474,1009.59,51.681,13,3,0.332031,0,0.00512974
475,1008.92,50.4496,13,3,0.334961,0,0.00516773
476,435.151,49.9083,13,2,0.333984,0,0.00516301
477,435.151,46.4667,13,2,0.303711,0,0.00514364
478,1008.92,51.8847,13,3,0.342773,0,0.0051645
479,1008.92,49.1814,13,3,0.330078,0,0.00515241
480,1011.31,59.0615,13,3,0.370117,0,0.00516578
481,1843.9,51.4774,13,4,0.325195,0,0.00514943
482,1009.59,49.2496,13,3,0.325195,0,0.00512544
483,1011.78,51.9145,13,3,0.329102,0,0.0051318
484,435.151,50.0276,13,2,0.34375,0,0.00518013
485,1008.92,57.9145,13,3,0.37207,0,0.00520883
486,1008.92,57.4699,13,3,0.360352,0,0.00518269
487,435.151,52.9891,13,2,0.34375,0,0.00510387
488,1008.92,53.9539,13,3,0.344727,0,0.00514195
489,1009.59,53.9263,13,3,0.341797,0,0.00513879
490,1008.92,52.5188,13,3,0.349609,0,0.0051701
491,1007.46,49.6157,13,3,0.330078,0,0.00513223
492,1010.21,56.9886,13,3,0.371094,0,0.00514799
493,1008.92,50.1397,13,3,0.34375,0,0.00513999
494,1007.46,52.318,13,3,0.337891,0,0.0051168
495,1008.92,52.8865,13,3,0.338867,0,0.00527345
496,1008.92,54.1505,13,3,0.34668,0,0.0051421
497,2951.77,57.5307,13,5,0.357422,0,0.00516906
498,1008.92,52.9646,13,3,0.34082,0,0.00514116
499,1008.92,56.3237,13,3,0.366211,0,0.00518468
500,1008.92,50.0545,13,3,0.341797,0,0.00513051
501,1008.92,55.089,13,3,0.348633,0,0.00519362
502,1011.31,57.4931,13,3,0.376953,0,0.00519316
503,1008.92,52.1856,13,3,0.339844,0,0.00514888
504,1008.92,46.2205,13,3,0.314453,0,0.0051523
505,1010.21,50.7265,13,3,0.330078,0,0.00516134
506,1008.92,49.755,13,3,0.320312,0,0.00513073
507,1011.31,48.9278,13,3,0.322266,0,0.00515339
508,435.149,47.809,13,2,0.319336,0,0.00516244
509,1008.92,54.7673,13,3,0.362305,0,0.00517707
510,435.151,48.2519,13,2,0.317383,0,0.00522946
511,1008.92,53.887,13,3,0.352539,0,0.00515901
512,1008.92,49.8662,13,3,0.328125,0,0.00512864
513,1008.92,56.264,13,3,0.360352,0,0.00517533
514,1011.31,52.9667,13,3,0.338867,0,0.0051618
515,1008.92,52.5182,13,3,0.331055,0,0.00525818
516,1009.59,49.1992,13,3,0.321289,0,0.00511508
517,1843.9,50.704,13,4,0.330078,0,0.00515267
518,435.151,48.0106,13,2,0.30957,0,0.00514926
519,1008.92,54.1039,13,3,0.358398,0,0.00512079
520,1007.46,50.7026,13,3,0.332031,0,0.00514285
521,435.151,49.0634,13,2,0.329102,0,0.00513094
522,1008.92,48.4376,13,3,0.317383,0,0.00513078
523,1008.92,50.9146,13,3,0.320312,0,0.00513494
524,1011.31,58.9485,13,3,0.386719,0,0.00517601
525,1008.92,50.0799,13,3,0.319336,0,0.00519301
526,1008.92,52.4927,13,3,0.347656,0,0.00516538
527,1008.92,54.8958,13,3,0.358398,0,0.00511337
528,1008.92,52.2588,13,3,0.333008,0,0.00517883
529,1009.59,58.3453,13,3,0.383789,0,0.00516605
530,1009.59,50.4874,13,3,0.344727,0,0.0051481
531,1008.92,52.6055,13,3,0.347656,0,0.00514999
532,1010.21,57.1511,13,3,0.359375,0,0.00514227
533,1010.21,48.5536,13,3,0.31543,0,0.00517834
534,1008.92,53.7384,13,3,0.34375,0,0.00515725
535,1008.92,51.795,13,3,0.330078,0,0.00523316
536,1008.92,54.756,13,3,0.345703,0,0.00514397
537,1008.92,56.2779,13,3,0.367188,0,0.00520121
538,1008.92,52.6053,13,3,0.335938,0,0.00520939
539,1008.92,50.9706,13,3,0.333984,0,0.00520421
540,1009.59,59.0846,13,3,0.385742,0,0.00523205
541,1008.92,57.3983,13,3,0.357422,0,0.00521917
542,1011.31,57.7872,13,3,0.367188,0,0.0052592
543,1008.21,56.4175,13,3,0.356445,0,0.00526901
544,1009.59,59.9688,13,3,0.382812,0,0.00526045
545,1008.92,52.3357,13,3,0.332031,0,0.00541219
546,1007.46,54.3817,13,3,0.34668,0,0.00530398
547,1847.77,64.5116,15,4,0.396484,0,0.00536211
548,1834.62,61.258,14,4,0.371094,0,0.0053218
549,1008.92,65.0054,15,3,0.402344,0,0.00537718
550,1007.46,56.7986,15,3,0.369141,0,0.00535271
551,1008.21,61.243,15,3,0.370117,0,0.00541192
552,1009.59,57.3541,15,3,0.366211,0,0.00544644
553,1011.31,57.595,15,3,0.380859,0,0.00543864
554,1010.21,61.1118,15,3,0.376953,0,0.00543044
555,435.151,61.679,15,2,0.398438,0,0.00546025
556,1827.51,63.3155,15,4,0.40332,0,0.00552685
557,1005.85,65.9689,15,3,0.425781,0,0.00545222
558,1843.9,78.1161,15,4,0.433594,0,0.00554742
559,1009.59,67.6106,17,3,0.417969,0,0.00553972
560,1005.85,64.1637,16,3,0.390625,0,0.00550736
561,1004.99,66.7947,17,3,0.413086,0,0.00549718
562,2921.69,68.6997,15,5,0.40918,0,0.00557652
563,1839.49,67.0216,17,4,0.40625,0,0.00555732
564,1009.59,68.729,17,3,0.420898,0,0.00575973
565,1811.47,71.4189,17,4,0.43457,0,0.00567561
566,1011.31,72.6217,17,3,0.426758,0,0.00566586
567,2921.69,71.8084,17,5,0.419922,0,0.00572831
568,1008.92,82.8684,17,3,0.477539,0,0.00569275
569,1011.78,71.3184,17,3,0.433594,0,0.00574033
570,1831.15,79.2892,17,4,0.451172,0,0.00574189
571,1832.91,69.9363,17,4,0.428711,0,0.00572701
572,1010.79,78.5383,18,3,0.458984,0,0.00580716
573,1010.79,76.866,19,3,0.456055,0,0.00584251
574,1832.91,76.4369,18,4,0.444336,0,0.00581044
575,1843.9,79.3891,19,4,0.466797,0,0.00583155
576,1831.15,87.1223,20,4,0.498047,0,0.00589578
577,1819.76,83.2099,20,4,0.481445,0,0.00595703
578,1839.49,82.971,19,4,0.474609,0,0.00595003
579,1831.15,77.6252,19,4,0.445312,0,0.00592116
580,1815.68,86.3814,21,4,0.491211,0,0.00607471
581,1834.62,79.9243,19,4,0.444336,0,0.00610923
582,1823.71,94.2141,23,4,0.521484,0,0.00614046
583,1823.71,80.8951,21,4,0.458984,0,0.00617317
584,1802.66,83.9408,21,4,0.475586,0,0.00629593
585,1006.68,94.732,24,3,0.518555,0,0.00627646
586,1807.12,93.6946,24,4,0.508789,0,0.00632402
587,1829.35,100.509,33,4,0.564453,0,0.00667959
588,1702.88,94.013,29,4,0.53125,0,0.00673046
589,1832.91,94.9891,27,4,0.521484,0,0.00669101
590,2921.69,100.908,26,5,0.53125,0,0.00669358
591,1757.8,108.304,31,4,0.567383,0,0.0066335
592,1807.12,111.46,33,4,0.582031,0,0.00683215
593,1823.71,107.264,36,4,0.582031,0,0.0067157
594,1763.17,101.936,35,4,0.554688,0,0.006798
595,998.128,87.5431,31,3,0.49707,0,0.00682709
596,2867.41,105.184,35,5,0.545898,0,0.00700215
597,1815.68,101.263,33,4,0.53125,0,0.00709795
598,1827.51,109.611,35,4,0.5625,0,0.00708389
599,1004.1,102.675,36,3,0.552734,0,0.00713528
600,1831.15,115.389,52,4,0.610352,0,0.00717544
601,1819.76,110.365,43,4,0.583984,0,0.00721297
602,2891.12,117.461,37,5,0.584961,0,0.00713488
603,1819.76,104.52,35,4,0.555664,0,0.00710797
604,1807.12,117.848,49,4,0.605469,0,0.00733903
605,1825.63,113.163,46,4,0.592773,0,0.00717576
606,1807.12,112.62,41,4,0.585938,0,0.00711864
607,2853.13,109.238,39,5,0.561523,0,0.00724404
608,2877.78,130.595,54,5,0.648438,0,0.00746557
609,1832.91,111.667,41,4,0.567383,0,0.00737977
610,1834.62,114.113,38,4,0.566406,0,0.0073771
611,1773.62,103.911,39,4,0.547852,0,0.00736106
612,1776.18,110.986,51,4,0.598633,0,0.00737426
613,1839.49,114.991,48,4,0.597656,0,0.00733184
614,2791.31,119.255,45,5,0.608398,0,0.00735989
615,1837.92,124.224,101,4,0.643555,0,0.0076563
616,1841.02,124.416,49,4,0.620117,0,0.00746011
617,2845.8,115.836,49,5,0.587891,0,0.00747819
618,2718.6,116.748,53,5,0.611328,0,0.00761284
619,2560.74,119.93,54,5,0.619141,0,0.00743819
620,2887.84,112.486,49,5,0.574219,0,0.00748488
621,1763.17,112.363,42,4,0.56543,0,0.00759219
622,1831.15,114.397,51,4,0.586914,0,0.00756103
623,2807.41,115.754,49,5,0.580078,0,0.00776885
624,1800.39,124.491,101,4,0.626953,0,0.00798417
625,2903.85,128.682,53,5,0.634766,0,0.00771174
626,1815.68,117.764,53,4,0.600586,0,0.00764721
627,1841.02,131.358,84,4,0.649414,0,0.00769145
628,1834.62,136.795,101,4,0.657227,0,0.00773084
629,1811.47,121.806,67,4,0.614258,0,0.00754722
630,5784.84,111.353,43,7,0.554688,0,0.00775479
631,1823.71,128.941,101,4,0.647461,0,0.00798674
632,1793.4,119.285,62,4,0.618164,0,0.00781429
633,2299.79,120.027,56,5,0.607422,0,0.00765708
634,2870.9,133.79,101,5,0.670898,0,0.0079552
635,2766.4,121.802,49,5,0.604492,0,0.00784397
636,4113.41,120.985,101,6,0.598633,0,0.00811844
637,1827.51,131.392,101,4,0.634766,0,0.00815612
638,2770.61,119.666,101,5,0.600586,0,0.00802282
639,2849.48,129.979,101,5,0.633789,0,0.00829527
640,2830.78,123.694,51,5,0.585938,0,0.0082537
641,1564.33,125.199,101,4,0.614258,0,0.0083756
642,2915.92,139.166,101,5,0.615234,0,0.00860047
643,2900.72,128.758,101,5,0.599609,0,0.00847346
644,2903.85,124.858,101,5,0.594727,0,0.00836157
645,2595.86,126.711,101,5,0.607422,0,0.00860975
646,1793.4,124.919,101,4,0.598633,0,0.00870923
647,1807.12,139.568,101,4,0.670898,0,0.00868741
648,4191.47,148.77,101,6,0.675781,0,0.00838886
649,3835.74,130.859,101,6,0.644531,0,0.00845777
650,2791.31,141.901,101,5,0.660156,0,0.00825051
651,2874.36,148.293,105,5,0.699219,1,0.00831481
652,4220.53,152.683,101,6,0.698242,0,0.00817263
653,2819.22,131.107,101,5,0.642578,0,0.0083539
654,5063.53,160.099,101,7,0.709961,0,0.00844504
655,2887.84,162.624,101,5,0.717773,0,0.00879224
656,4085.84,149.783,101,6,0.680664,0,0.00856105
657,1847.77,138.307,101,4,0.668945,0,0.00873375
658,5758.13,160.025,101,7,0.705078,0,0.00897151
659,3855.34,170.19,101,6,0.735352,0,0.00909911
660,2906.93,162.631,101,5,0.710938,0,0.00920626
661,7410.92,184.464,101,8,0.759766,0,0.00936492
662,6244.5,203.672,105,8,0.808594,1,0.00945975
663,5510.07,205.676,108.709,7,0.830078,1,0.00943809
664,6795.62,231.827,110.903,8,0.901367,1,0.00969295
665,5710.03,191.662,108.13,7,0.794922,1,0.00958575
666,4140.23,217.286,108.709,6,0.859375,1,0.00958184
667,4096.95,227.321,110.371,6,0.898438,1,0.00973465
668,4091.41,226.685,108.709,6,0.879883,1,0.0102504
669,3968.82,227.389,110.903,6,0.911133,1,0.0102442
670,5710.03,243.266,110.903,7,0.932617,1,0.0101482
671,5710.03,242.122,110.903,7,0.908203,1,0.0102046
672,5674.67,223.04,111.425,7,0.891602,1,0.0102534
673,5717,259.975,111.937,7,0.990234,1,0.0101412
674,5744.56,259.265,111.937,7,0.961914,1,0.0101718
675,4080.24,255.227,111.425,6,0.970703,1,0.010257
676,5751.36,317.933,113.897,7,1.08594,1,0.0106673
677,7729.25,294.74,112.934,8,1.04395,1,0.0103938
678,7816.63,325.585,113.419,8,1.10156,1,0.010758
679,7476.26,305.948,113.897,8,1.09277,1,0.0106832
680,5653.06,323.532,114.828,7,1.13477,1,0.010982
681,4176.45,309.547,116.17,6,1.13477,1,0.0111344
682,8852.88,328.31,117.03,9,1.18262,1,0.0113003
683,9763.41,334.162,115.729,9,1.1582,1,0.0110249
684,9248.49,353.039,119.462,9,1.24414,1,0.0114731
685,5563.94,349.861,117.03,7,1.21289,1,0.01118
686,7721.05,382.638,117.03,8,1.24902,1,0.0116457
687,9110.94,339.995,116.17,9,1.16504,1,0.0116511
688,7619.6,381.259,117.03,8,1.23242,1,0.0115152
689,7410.92,364.939,117.45,8,1.24512,1,0.0115757
690,9828.73,440.062,124.394,9,1.39844,1,0.0121527
691,15169.8,440.854,119.462,11,1.34277,1,0.0117374
692,25892.9,471.201,119.847,13,1.40527,1,0.0117951
693,11971.7,444.006,120.227,10,1.40332,1,0.01171
694,9674.36,442.308,121.334,9,1.38477,1,0.0120143
695,28004.2,464.836,124.394,13,1.41309,1,0.0120235
696,9594.67,497.098,124.711,9,1.46484,1,0.0123376
697,15961.9,538.392,129.242,11,1.5332,1,0.0124141
698,27485,604.51,137.675,13,1.63184,1,0.0126433
699,27688.1,538.817,120.97,13,1.47461,1,0.0124842
700,18524.4,517.954,136.764,12,1.51758,1,0.0122289
701,9903.25,646.011,137.675,9,1.7002,1,0.0127428
702,20900.8,647.636,138.254,12,1.67285,1,0.0130369
703,11856,660.772,137.914,10,1.67383,1,0.0129873
704,15220.6,685.848,137.796,11,1.74609,1,0.0129386
705,15371.2,671.631,139.408,11,1.76172,1,0.0133271
706,15337.9,739.977,138.254,11,1.81055,1,0.013428
707,26982.1,788.393,138.967,13,1.8457,1,0.0131858
708,26679,813.232,342.569,13,1.92285,2,0.0135512
709,93484.8,939.914,140.8,16,1.93262,1,0.0136282
710,26189.5,877.5,363.639,13,1.96875,2,0.0132742
711,37406.1,934.311,138.675,14,1.99121,1,0.0135877
712,26853,1052.52,366.798,13,2.16602,2,0.014181
713,20709.8,1015.59,404.719,12,2.12402,2,0.0143508
714,26458.5,1043.45,347.152,13,2.10742,2,0.0142908
715,38829.6,1151.13,407.061,14,2.24902,2,0.0144763
716,161115,1470.79,424.824,17,2.38867,2,0.0149884
717,160939,1805.57,415.735,17,2.48145,2,0.0155818
718,163635,1689.45,425.869,17,2.49414,2,0.0155676
719,92994.1,1918.31,427.354,16,2.7207,2,0.0162123
720,565524,2294.64,427.354,19,2.67188,2,0.0161921
721,161601,2799.97,432.209,17,3.15039,2,0.0170092
722,163635,2618.63,431.878,17,3.05762,2,0.0171212
723,563829,3830.66,433.384,19,3.21484,2,0.0172902
724,563352,4814.37,433.637,19,3.4043,2,0.0177737
725,1.09441e+06,7430.68,746.805,20,3.58496,3,0.0182675
726,565898,6343.92,676.789,19,3.83496,3,0.0191484
727,2.1439e+06,10481.5,966,21,4.28125,3,0.0198731
728,1.0878e+06,9800.38,956.362,20,4.41699,3,0.0209162
729,2.68518e+08,278837,964.432,28,4.32031,3,0.020951
730,8.44914e+06,41784.2,2585.91,23,5.77539,5,0.0242135
731,6.71862e+07,94785.9,2373.67,26,5.67188,5,0.0240528
732,3.36226e+07,114664,1752.35,25,5.47656,4,0.0235532
733,1.34297e+08,416756,2691.43,27,6.16504,5,0.0247737
734,3.36261e+07,111307,1951.79,25,5.75781,5,0.0241731
735,3.36221e+07,226890,2565.81,25,6.08496,5,0.0246726
736,5.36954e+08,828631,2616.42,29,6.02246,6,0.0247209
737,2.14759e+09,3.44809e+06,2503.93,31,6.24023,5,0.0251463
738,1.07384e+09,1.75877e+06,2282.43,30,6.55176,5,0.0264732
739,2.68524e+08,659300,2682.21,28,6.49316,5,0.0263044
740,2.68526e+08,676054,2498.67,28,6.36523,5,0.0260597
741,2.68523e+08,1.05624e+06,2691.43,28,6.40039,5,0.0264778
742,1.07385e+09,2.54531e+06,2723.05,30,6.54883,5,0.0273877
743,1.07384e+09,2.53625e+06,1671.39,30,5.83887,4,0.0257127
744,2.68518e+08,1.06197e+06,2668.24,28,6.74902,5,0.0274479
745,1.34296e+08,696583,2718.6,27,6.70312,5,0.0279429
746,5.36952e+08,1.36027e+06,2731.9,29,6.7168,5,0.0279404
747,5.36962e+08,2.17096e+06,2823.1,29,7.0752,5,0.0283309
748,2.14759e+09,4.58741e+06,2778.96,31,7.00195,5,0.0287199
749,1.07384e+09,4.40354e+06,3347.69,30,7.17383,6,0.0290101
750,5.36964e+08,1.50462e+06,2753.63,29,6.69043,5,0.0278009
751,5.36959e+08,2.1906e+06,2819.22,29,6.71875,5,0.0288195
752,5.36969e+08,3.03411e+06,2749.33,29,6.64355,5,0.0284772
753,2.68517e+08,1.48449e+06,2745.01,28,6.79492,5,0.0288501
754,1.34298e+08,637027,2294.02,27,6.36328,5,0.0277379
755,5.36966e+08,1.86177e+06,2867.41,29,6.8877,5,0.0294381
756,1.07384e+09,3.65238e+06,2700.57,30,6.58301,5,0.0283121
757,2.14758e+09,3.87546e+06,2395.95,31,6.72559,5,0.0291132
758,1.07384e+09,3.13242e+06,2815.31,30,7.17383,5,0.0299155
759,1.07384e+09,2.93773e+06,2059.41,30,6.34375,5,0.0281063
760,2.14759e+09,5.35719e+06,2807.41,31,7.08008,5,0.0296893
761,1.07383e+09,3.62601e+06,3469.42,30,7.34082,6,0.0312347
762,5.36964e+08,2.18169e+06,2446.5,29,6.63477,6,0.0288724
763,4.29508e+09,1.17939e+07,2799.41,32,6.95703,5,0.0299215
764,2.14758e+09,4.72222e+06,3386.14,31,7.1123,6,0.0304284
765,4.29508e+09,1.1254e+07,2845.8,32,7.06836,5,0.0305313
766,1.07384e+09,7.07202e+06,2778.96,30,7.06641,5,0.0303511
767,2.14759e+09,6.97105e+06,2493.4,31,6.52051,5,0.0291702
768,8.59005e+09,1.82273e+07,2815.31,33,7.24316,5,0.0307318
769,1.718e+10,3.53332e+07,2294.02,34,6.86816,5,0.030117
770,8.59006e+09,4.19325e+07,2368.07,33,7.1416,5,0.0310455
771,1.718e+10,3.948e+07,2595.86,34,6.72754,5,0.0300014
772,8.59005e+09,1.6211e+07,2700.57,33,7.10449,5,0.0306951
773,8.59005e+09,2.67106e+07,2181.95,33,6.89844,5,0.0310324
774,1.718e+10,5.08289e+07,2362.45,34,6.93457,5,0.0304644
775,4.29508e+09,1.92927e+07,2700.57,32,7.07617,5,0.031658
776,1.718e+10,2.74228e+07,2139.58,34,6.58594,5,0.0301699
777,3.43599e+10,4.27277e+07,2259.11,35,6.875,5,0.0312814
778,3.43599e+10,9.0834e+07,2199.94,35,6.94629,5,0.031387
779,6.87196e+10,1.12147e+08,2065.64,36,6.7959,5,0.0307953
780,6.87196e+10,8.00645e+07,1681.01,36,6.32422,4,0.0297319
781,6.87196e+10,1.16693e+08,1396.25,36,6.2666,4,0.0297109
782,4.29508e+09,8.56642e+06,1396.25,32,6.03027,4,0.0294317
783,4.29509e+09,1.608e+07,1732.64,32,6.44727,4,0.0302217
784,6.87196e+10,1.07895e+08,1289.79,36,6.34473,4,0.0300184
785,6.87196e+10,1.11871e+08,1744.03,36,6.82617,4,0.031611
786,3.43599e+10,1.37075e+08,1457.18,35,6.79688,4,0.0335758
787,1.37439e+11,1.51713e+08,1951.79,37,6.90039,5,0.0315164
788,3.43599e+10,8.83897e+07,2816.76,35,7.72168,6,0.0336724
789,6.87196e+10,1.64733e+08,2456.06,36,7.2627,5,0.0317278
790,1.09951e+12,1.21763e+09,2229.67,40,6.94238,5,0.030998
791,3.43599e+10,6.22388e+07,2590.9,35,7,5,0.032268
792,8.59005e+09,3.20768e+07,2565.81,33,7.03613,5,0.0314123
793,1.718e+10,5.48132e+07,2529.99,34,7.00098,5,0.0308997
794,1.718e+10,5.30054e+07,1763.17,34,6.93848,4,0.0318268
795,1.718e+10,6.80404e+07,2700.57,34,7.20215,5,0.0325815
796,1.718e+10,6.71058e+07,2718.6,34,7.27148,5,0.0318153
797,6.87196e+10,1.89688e+08,2850.98,36,7.55078,6,0.0327724
798,1.37439e+11,2.56867e+08,2749.33,37,7.80566,5,0.0330951
799,6.87196e+10,2.89716e+08,2356.82,36,7.50488,5,0.0325407
800,6.87196e+10,2.30906e+08,2423.49,36,7.53516,5,0.0330087
801,6.87196e+10,2.64741e+08,2770.61,36,7.96387,5,0.0339572
802,6.87196e+10,1.79412e+08,2714.12,36,7.83887,5,0.0331218
803,1.718e+10,8.45162e+07,3469.42,34,8.47949,6,0.0338497
804,2.74878e+11,3.56938e+08,3848.83,38,8.51855,6,0.0347724
805,6.87196e+10,1.89775e+08,6327.69,36,9.37402,8,0.0374578
806,1.37439e+11,4.42677e+08,7010.77,37,9.95312,8,0.039428
807,1.09951e+12,1.79517e+09,5494.43,40,9.73242,7,0.038353
808,1.09951e+12,1.46342e+09,7686.44,40,10.5186,9,0.0403203
809,1.09951e+12,2.6233e+09,9892.72,40,11.6484,9,0.0430713
810,2.74878e+11,7.44059e+08,10505.5,38,11.2383,10,0.0419353
811,6.87196e+10,3.41852e+08,10981.1,36,11.7627,10,0.0433242
812,5.49756e+11,6.27298e+08,10900.4,39,11.4307,10,0.0430166
813,6.87196e+10,2.98236e+08,14394.9,36,12.6348,11,0.0454406
814,1.37439e+11,5.08393e+08,17700.6,37,12.9062,12,0.0468498
815,1.75922e+13,1.87596e+10,14467.6,44,12.9434,11,0.0467639
816,2.19902e+12,3.22317e+09,15775.6,41,13.3477,11,0.0470014
817,5.49756e+11,1.55527e+09,18225.2,39,13.2988,12,0.0470372
818,5.49756e+11,1.17914e+09,14376.7,39,12.7871,11,0.0458723
819,8.79609e+12,8.973e+09,14963.9,43,12.8828,11,0.0453909
820,5.49756e+11,1.37922e+09,19309.8,39,13.7998,12,0.0462973
821,1.09951e+12,1.73168e+09,15203.7,40,13.1953,11,0.0451868
822,6.87196e+10,3.78115e+08,14876.9,36,12.7227,11,0.0457239
823,1.37439e+11,5.24521e+08,14575.8,37,12.5967,11,0.0448361
824,1.37439e+11,3.60505e+08,11359.7,37,12.0352,10,0.0440837
825,1.718e+10,2.39487e+08,12000.3,34,11.9482,10,0.0447841
826,6.87196e+10,4.40645e+08,12289.4,36,12.2383,11,0.0457646
827,2.74878e+11,6.77178e+08,14100.2,38,12.4297,11,0.0460574
828,6.87196e+10,4.23124e+08,14963.9,36,12.9189,11,0.0479285
829,6.87196e+10,4.48413e+08,15808.3,36,13.0928,12,0.0478989
830,8.79609e+12,9.10654e+09,14665.2,43,12.9248,11,0.0482318
831,6.87196e+10,4.80263e+08,35973.3,36,15.002,14,0.0545791
832,1.09951e+12,1.91286e+09,23911,40,14.1064,13,0.0520721
833,1.09951e+12,3.42057e+09,25473.9,40,14.623,13,0.0525079
834,1.09951e+12,3.14849e+09,27215.3,40,14.5254,13,0.0521439
835,1.09951e+12,3.40761e+09,24657.2,40,14.3486,13,0.0505424
836,7.03687e+13,6.97479e+10,26700.9,46,14.792,13,0.0507086
837,5.49756e+11,1.92364e+09,25450.3,39,14.5176,13,0.0501333
838,4.39805e+12,5.99957e+09,25846.8,42,14.5977,13,0.0508635
839,2.74878e+11,1.46946e+09,51881.2,38,15.29,15,0.0535522
840,5.49756e+11,2.4556e+09,26302.1,39,14.3135,13,0.0500993
841,6.87196e+10,3.7151e+08,19390.1,36,13.4404,12,0.0486305
842,2.74878e+11,1.82652e+09,26030.4,38,14.3584,13,0.0505868
843,2.74878e+11,1.59851e+09,19686.7,38,13.5742,12,0.0490698
844,2.74878e+11,1.83506e+09,25823.7,38,14.1357,13,0.0507249
845,6.87196e+10,9.01236e+08,25473.9,36,14.0762,13,0.050059
846,2.74878e+11,8.11566e+08,23835.1,38,13.6602,13,0.0490617
847,1.09951e+12,3.02835e+09,26896.2,40,14.1758,13,0.0514337
848,7.03687e+13,1.05447e+11,23835.1,46,14.0859,13,0.0509283
849,8.79609e+12,1.51627e+10,37178.2,43,15.4707,14,0.0552821
850,1.75922e+13,1.88244e+10,35457.4,44,14.9258,14,0.0529844
851,3.51844e+13,5.34388e+10,27361.3,45,15.2676,13,0.0540865
852,1.75922e+13,2.02508e+10,24608.1,44,14.582,13,0.0531245
853,1.75922e+13,2.40404e+10,27257.2,44,14.4043,13,0.053702
854,2.19902e+12,8.26527e+09,19957.1,41,13.8389,12,0.0508695
855,8.79609e+12,1.13267e+10,24706.1,43,13.9365,13,0.0504879
856,4.39805e+12,5.60629e+09,14629.5,42,13.0928,11,0.0487206
857,8.79609e+12,1.33343e+10,25213.1,43,14.5068,13,0.051983
858,2.19902e+12,7.4112e+09,37380.9,41,15.5898,14,0.0538176
859,4.39805e+12,1.25705e+10,26722.7,42,15.0908,13,0.0528098
860,2.19902e+12,5.83839e+09,38456.4,41,15.292,14,0.052676
861,8.79609e+12,2.59772e+10,37050.4,43,15.54,14,0.0533415
862,5.49756e+11,3.54944e+09,34959.4,39,15.3975,14,0.0537512
863,1.75922e+13,2.82162e+10,37330.4,44,15.1973,14,0.053388
864,5.49756e+11,3.14402e+09,33764.7,39,14.8662,14,0.0528139
865,2.74878e+11,1.8708e+09,33880.3,38,14.7959,14,0.0530633
866,1.09951e+12,4.12702e+09,25450.3,40,14.4365,13,0.0524056
867,2.74878e+11,2.04263e+09,38597.6,38,15.2891,14,0.0541003
868,4.39805e+12,7.8927e+09,27067.4,42,15.0049,13,0.0531687
869,4.39805e+12,6.68756e+09,33648.6,42,14.9434,14,0.0533974
870,4.39805e+12,6.83771e+09,19764.6,42,13.6318,12,0.0499983
871,2.19902e+12,4.80226e+09,37178.2,41,15.4678,14,0.0546908
872,1.09951e+12,3.52287e+09,36999,40,14.9443,14,0.0541367
873,8.79609e+12,1.12154e+10,25915.9,43,14.3447,13,0.0513791
874,8.79609e+12,1.05807e+10,20744.9,43,14.0361,12,0.0508036
875,1.09951e+12,4.2583e+09,31556.8,40,14.7891,14,0.0526827
876,8.79609e+12,1.25702e+10,25984.7,43,14.9434,13,0.0524604
877,1.75922e+13,2.01267e+10,52948.5,44,15.6094,15,0.0554548
878,8.79609e+12,1.47927e+10,38218.1,43,15.6924,14,0.054969
879,2.19902e+12,3.38949e+09,26679,41,15.0586,13,0.0537317
880,5.49756e+11,3.76478e+09,35457.4,39,15.4541,14,0.0543174
881,4.39805e+12,6.63233e+09,26939.2,42,14.6523,13,0.0518456
882,1.09951e+12,3.4452e+09,27382.1,40,14.9043,13,0.0524619
883,2.19902e+12,5.50603e+09,24730.5,41,14.2266,13,0.0506531
884,5.49756e+11,1.44036e+09,23682.8,39,13.9639,13,0.0506821
885,2.19902e+12,4.10296e+09,25684.6,41,14.7227,13,0.0529564
886,8.79609e+12,1.23175e+10,25869.9,43,14.7637,13,0.0533826
887,8.79609e+12,1.38427e+10,26525,43,14.584,13,0.052526
888,4.39805e+12,8.82426e+09,39522.2,42,15.7236,14,0.0562915
889,4.39805e+12,8.24431e+09,36610,42,15.3242,14,0.0557324
890,4.39805e+12,6.28498e+09,52012,42,15.5312,15,0.0556102
891,5.49756e+11,3.9438e+09,52756.5,39,15.7969,15,0.0560603
892,5.49756e+11,2.78663e+09,24087.1,39,14.6191,13,0.0536195
893,2.19902e+12,5.57503e+09,38073.4,41,15.751,14,0.0566581
894,8.79609e+12,1.48708e+10,27152.1,43,15.0273,13,0.0541014
895,4.39805e+12,1.41484e+10,36293.8,42,15.4893,14,0.0554315
896,3.51844e+13,7.37856e+10,23555.1,45,14.6875,13,0.0527284
897,3.51844e+13,4.74431e+10,37829.2,45,15.8252,14,0.0551943
898,3.51844e+13,5.10401e+10,19045.7,45,14.6426,12,0.0535582
899,1.40737e+14,1.68423e+11,13912.7,47,13.9189,11,0.0510571
900,2.19902e+12,1.39868e+10,17162.2,41,14.3184,12,0.0528542
901,2.19902e+12,1.96099e+10,18963.5,41,14.5186,12,0.0529893
902,8.79609e+12,2.48343e+10,15791.4,43,13.8555,11,0.0515449
903,8.79609e+12,2.27222e+10,19045.7,43,14.5127,12,0.052958
904,4.39805e+12,1.20548e+10,20386.9,42,14.2373,12,0.0525565
905,4.39805e+12,1.03671e+10,18922.2,42,14.5205,12,0.0526963
906,1.75922e+13,2.24385e+10,16236.2,44,13.6543,12,0.0507493
907,4.39805e+12,1.22071e+10,12980.2,42,13.2988,11,0.051226
908,8.79609e+12,2.79647e+10,14789.2,43,13.5684,11,0.052216
909,4.39805e+12,1.0714e+10,18008.4,42,13.9785,12,0.0536974
910,4.39805e+12,1.32453e+10,14503.8,42,13.6621,11,0.0515313
911,4.39805e+12,2.15324e+10,24534.4,42,14.8281,13,0.0554227
912,3.51844e+13,9.66615e+10,18797.6,45,14.4297,12,0.053422
913,5.49756e+11,3.04541e+09,19309.8,39,14.0293,12,0.0527617
914,1.09951e+12,6.46277e+09,14431.3,40,13.0342,11,0.0502946
915,4.39805e+12,1.47002e+10,19469.9,42,14.3633,12,0.0541814
916,4.39805e+12,1.06778e+10,18587.9,42,13.9062,12,0.0524597
917,4.39805e+12,1.37741e+10,13969.2,42,13.2725,11,0.0509827
918,4.39805e+12,1.50872e+10,11738.5,42,12.9473,10,0.0501487
919,4.39805e+12,1.92431e+10,14557.8,42,13.9492,11,0.0533262
920,1.75922e+13,3.03614e+10,15354.6,44,13.9229,11,0.0533353
921,3.51844e+13,5.92662e+10,11375.2,45,13.0596,10,0.0519904
922,8.79609e+12,2.89211e+10,17522.7,43,14.3613,12,0.0571101
923,2.81475e+14,3.27566e+11,12227.3,48,13.5273,11,0.0540756
924,7.03687e+13,9.43244e+10,24632.7,46,14.8955,13,0.0574797
925,3.51844e+13,7.08115e+10,27024.8,45,15.3389,13,0.0599614
926,2.81475e+14,3.61711e+11,14211.5,48,14.001,11,0.0563213
927,1.75922e+13,6.02901e+10,13139.2,44,14.0967,11,0.0578221
928,2.19902e+12,1.40211e+10,9157.82,41,12.8418,10,0.0534948
929,2.19902e+12,1.04589e+10,11282,41,13.2568,10,0.0547525
930,1.75922e+13,3.86291e+10,14025.5,44,14.1621,11,0.0573265
931,2.81475e+14,3.49939e+11,11203.7,48,13.874,10,0.0564775
932,7.03687e+13,1.86685e+11,14285.2,46,14.4248,11,0.0576833
933,8.79609e+12,4.52344e+10,20033.2,43,15.1445,12,0.0591905
934,1.40737e+14,2.37847e+11,24386.2,47,15.6523,13,0.0602946
935,2.2518e+15,2.40541e+12,23835.1,51,15.3936,13,0.0589246
936,1.1259e+15,1.45872e+12,25638,50,16.0674,13,0.0611455
937,1.40737e+14,2.80265e+11,33938,47,16.3994,14,0.0625457
938,5.6295e+14,6.31019e+11,18963.5,49,15.8135,12,0.0596969
939,7.03687e+13,2.16515e+11,14340.2,46,14.9648,11,0.0580086
940,2.2518e+15,2.37329e+12,8905.29,51,14.2549,9,0.0564425
941,7.03687e+13,1.61625e+11,15592,46,15.3779,12,0.0598146
942,1.40737e+14,4.59103e+11,14211.5,47,15.1816,11,0.0596937
943,7.03687e+13,2.14129e+11,17545,46,16.0439,12,0.0627179
944,7.03687e+13,1.36099e+11,13646.2,46,15.1172,11,0.0594593
945,5.6295e+14,7.46483e+11,19489.7,49,15.6582,12,0.0620923
946,1.80144e+16,1.77304e+13,36557.6,54,16.7988,14,0.0636052
947,1.40737e+14,2.31615e+11,34679,47,16.2051,14,0.060382
948,1.40737e+14,3.62087e+11,21325.5,47,16.1201,13,0.0615104
949,1.80144e+16,2.64646e+13,32736,54,16.4131,14,0.0622789
950,2.81475e+14,5.04256e+11,26098.8,48,16.2764,13,0.0619459
951,2.81475e+14,4.41144e+11,36662.3,48,16.6338,14,0.0631693
952,2.81475e+14,3.70823e+11,36766.4,48,16.3086,14,0.0610381
953,7.03687e+13,2.11947e+11,51320.9,46,16.2705,15,0.0612554
954,2.81475e+14,5.27803e+11,26766.3,48,16.2363,13,0.0613947
955,2.81475e+14,6.83912e+11,35865.5,48,15.9346,14,0.060094
956,2.81475e+14,7.99642e+11,35594.1,48,16.4736,14,0.0623487
957,7.03687e+13,3.68478e+11,35539.5,46,16.7568,14,0.0638114
958,4.5036e+15,4.76314e+12,36134,52,16.5254,14,0.0632029
959,2.81475e+14,5.05302e+11,85030.2,48,17.1348,16,0.064456
960,2.81475e+14,8.79079e+11,25869.9,48,15.9092,13,0.061195
961,1.75922e+13,6.35386e+10,33909.2,44,15.8496,14,0.0610714
962,1.1259e+15,1.29171e+12,38073.4,50,16.8779,14,0.0641398
963,1.75922e+13,1.19368e+11,54785.5,44,16.5518,15,0.0622042
964,2.81475e+14,4.60723e+11,38121.8,48,16.9229,14,0.063504
965,3.51844e+13,2.49679e+11,90476.7,45,17.3779,16,0.064721
966,7.03687e+13,3.09128e+11,36080.6,46,16.2744,14,0.0633457
967,1.1259e+15,2.00522e+12,90876.6,50,17.3057,16,0.0649643
968,5.6295e+14,7.16367e+11,57901.6,49,17.0186,15,0.0639071
969,1.1259e+15,1.84389e+12,51420.3,50,16.6807,15,0.0639354
970,5.6295e+14,8.72235e+11,90207.7,49,17.79,16,0.0666831
971,2.81475e+14,5.74008e+11,36531.3,48,16.9785,14,0.0636783
972,2.81475e+14,5.1956e+11,57659.9,48,17.4795,15,0.0647695
973,1.40737e+14,5.42332e+11,90342.4,47,18.0479,16,0.0675628
974,7.03687e+13,3.69279e+11,87847.7,46,17.9023,16,0.0675499
975,2.81475e+14,8.73402e+11,38503.6,48,17.7363,14,0.0675124
976,7.03687e+13,3.36088e+11,90207.7,46,17.8125,16,0.0668153
977,2.81475e+14,7.82713e+11,35319.9,48,16.9326,14,0.0655117
978,2.2518e+15,2.50527e+12,36740.4,51,16.7373,14,0.0647521
979,5.6295e+14,1.43014e+12,56663.2,49,17.793,15,0.0686
980,5.6295e+14,1.24257e+12,52916.6,49,17.9707,15,0.0695232
981,1.1259e+15,2.02615e+12,58034.6,50,17.9863,15,0.0690739
982,9.0072e+15,1.48843e+13,160834,53,18.9541,17,0.0723976
983,4.5036e+15,8.23973e+12,293593,52,19.0859,18,0.0728906
984,2.2518e+15,4.37661e+12,92304.4,51,18.0781,16,0.0689904
985,4.5036e+15,6.42403e+12,157531,52,18.6328,17,0.0719279
986,1.1259e+15,2.82718e+12,1.08308e+06,50,19.5361,20,0.0739249
987,2.2518e+15,3.97842e+12,160014,51,18.4014,17,0.0703281
988,1.1259e+15,2.95376e+12,295363,50,19.0264,18,0.072478
989,2.2518e+15,2.9028e+12,560377,51,19.6465,19,0.0746063
990,5.6295e+14,3.1478e+12,160657,49,18.6504,17,0.0717491
991,1.1259e+15,3.25367e+12,292785,50,18.8574,18,0.0728007
992,2.81475e+14,9.37658e+11,290501,48,18.5205,18,0.0709102
993,2.2518e+15,3.49039e+12,86840.1,51,17.6826,16,0.0687746
994,2.2518e+15,6.64893e+12,565070,51,19.7334,19,0.0758598
995,4.5036e+15,8.07983e+12,56606.6,52,17.7695,15,0.0708278
996,4.5036e+15,5.67809e+12,54633.6,52,17.5234,15,0.0707746
997,9.0072e+15,1.33911e+13,156610,53,18.4658,17,0.0711367
998,9.0072e+15,9.96558e+12,161185,53,18.8105,17,0.0727545
999,2.2518e+15,4.23732e+12,558601,51,19.1885,19,0.0736588
1000,3.60288e+16,7.27268e+13,562910,55,19.584,19,0.0742262
1001,5.6295e+14,2.25819e+12,292907,49,18.7031,18,0.0722141
1002,1.15292e+18,1.16721e+15,294741,60,18.5332,18,0.0704224
1003,4.5036e+15,1.28814e+13,1.09493e+06,52,20.4541,20,0.0773541
1004,9.22337e+18,9.0302e+15,290543,63,19.1162,18,0.0729666
1005,9.0072e+15,1.4464e+13,561723,53,20.0928,19,0.0760042
1006,4.5036e+15,1.23434e+13,297062,52,19.584,18,0.0746145
1007,9.0072e+15,1.59697e+13,162752,53,18.7266,17,0.0715021
1008,2.81475e+14,2.20149e+12,563031,48,19.9004,19,0.0751079
1009,5.6295e+14,2.11467e+12,296951,49,18.3008,18,0.0695914
1010,1.1259e+15,3.48256e+12,159543,50,18.1367,17,0.0701819
1011,9.0072e+15,1.48176e+13,161185,53,18.0811,17,0.0696356
1012,3.60288e+16,3.81797e+13,92963.1,55,17.6748,16,0.0665175
1013,2.2518e+15,3.12597e+12,161185,51,18.2695,17,0.0680249
1014,2.2518e+15,5.71209e+12,295247,51,18.8408,18,0.0697518
1015,2.81475e+14,7.08794e+11,94291.1,48,17.7383,16,0.0664793
1016,3.60288e+16,4.5377e+13,160337,55,18.2344,17,0.0685004
1017,1.1259e+15,3.70595e+12,1.08639e+06,50,19.6582,20,0.0723683
1018,4.5036e+15,4.98493e+12,560717,52,19.1055,19,0.0707532
1019,3.60288e+16,3.8407e+13,2.13959e+06,55,20.3613,21,0.0753209
1020,1.80144e+16,1.98806e+13,4.24044e+06,54,20.8984,22,0.0767275
1021,9.0072e+15,1.03066e+13,4.24747e+06,53,21.4932,22,0.0788016
1022,2.2518e+15,8.07899e+12,4.24868e+06,51,21.375,22,0.0788085
1023,9.0072e+15,1.6487e+13,1.09236e+06,53,19.916,20,0.0736288
1024,9.0072e+15,1.25084e+13,1.09013e+06,53,20.0098,20,0.0736832
1025,5.6295e+14,1.44551e+12,287251,49,17.8633,18,0.0667991
1026,2.2518e+15,5.50112e+12,92714,51,16.7803,16,0.0627873
1027,4.5036e+15,7.0245e+12,93756.7,52,17.0391,16,0.0641939
1028,2.2518e+15,5.85711e+12,294936,51,18.582,18,0.0681865
1029,2.81475e+14,1.68569e+12,1.09036e+06,48,19.585,20,0.0719724
1030,2.2518e+15,5.74753e+12,298224,51,18.8604,18,0.0688556
1031,4.5036e+15,8.53682e+12,297648,52,18.9697,18,0.0701676
1032,4.5036e+15,1.67192e+13,562586,52,19.7432,19,0.0732313
1033,2.2518e+15,5.20044e+12,57167.3,51,17.75,15,0.0669368
1034,1.80144e+16,3.82654e+13,298366,54,18.5234,18,0.0695422
1035,4.5036e+15,7.27021e+12,1.0915e+06,52,19.8828,20,0.0748274
1036,2.8823e+17,2.90161e+14,1.0878e+06,58,19.9053,20,0.0742152
1037,1.44115e+17,1.6049e+14,560419,57,19.3975,19,0.0745372
1038,7.20576e+16,1.44714e+14,2.14442e+06,56,21.1777,21,0.0802404
1039,9.0072e+15,1.98424e+13,1.08964e+06,53,20.2168,20,0.0768757
1040,1.1259e+15,4.21734e+12,561723,50,19.4912,19,0.0746171
1041,1.80144e+16,1.95236e+13,560035,54,19.4756,19,0.0749785
1042,3.60288e+16,1.13331e+14,559647,55,19.9658,19,0.0755036
1043,1.1259e+15,3.97505e+12,559949,50,19.8936,19,0.0747141
1044,1.80144e+16,3.16684e+13,566774,54,19.873,19,0.0742469
1045,1.80144e+16,2.32808e+13,161566,54,19.0605,17,0.0726852
1046,2.2518e+15,8.65985e+12,159797,51,18.7754,17,0.0712227
1047,1.80144e+16,2.13135e+13,89320.5,54,17.8945,16,0.0696619
1048,7.20576e+16,9.8377e+13,560121,56,19.6367,19,0.0733865
1049,9.0072e+15,1.42236e+13,562789,53,19.2881,19,0.073643
1050,2.2518e+15,5.30386e+12,558601,51,18.9512,19,0.0711918
1051,4.5036e+15,9.98917e+12,294111,52,18.8857,18,0.0703524
1052,1.80144e+16,2.68761e+13,561431,54,19.5566,19,0.0728211
1053,2.30584e+18,2.26483e+15,299067,61,19.1719,18,0.0711499
1054,9.0072e+15,1.99569e+13,37730.6,53,17.4434,14,0.0660606
1055,7.20576e+16,9.11789e+13,91727.9,56,18.3135,16,0.0689663
1056,9.0072e+15,2.28037e+13,297973,53,19.5898,18,0.0731324
1057,1.44115e+17,2.10491e+14,557670,57,19.7305,19,0.0737167
1058,2.2518e+15,9.60296e+12,93363,51,18.8066,16,0.0702067
1059,1.80144e+16,3.44222e+13,56832.5,54,18.4258,15,0.070035
1060,9.0072e+15,2.83319e+13,165482,53,18.7637,17,0.0706681
1061,5.76461e+17,7.39409e+14,295401,59,19.0938,18,0.0723553
1062,2.2518e+15,1.10496e+13,1.09275e+06,51,20.7715,20,0.0764087
1063,4.5036e+15,1.07002e+13,2.13617e+06,52,20.5146,21,0.0765391
1064,5.76461e+17,5.81589e+14,562708,59,19.6445,19,0.0734783
1065,2.30584e+18,2.27928e+15,93666.4,61,18.7695,16,0.0721791
1066,2.8823e+17,3.38692e+14,550258,58,20.1826,19,0.0769238
1067,1.44115e+17,1.94009e+14,2.14094e+06,57,21.4854,21,0.0826613
1068,1.80144e+16,3.3519e+13,563031,54,20.3398,19,0.0771429
1069,1.80144e+16,3.23699e+13,560801,54,19.8057,19,0.0767422
1070,9.0072e+15,2.07821e+13,92399.4,53,18.0371,16,0.0721476
1071,9.0072e+15,1.81338e+13,296579,53,18.875,18,0.0743356
1072,7.20576e+16,8.72585e+13,92431,56,18.0186,16,0.0716242
1073,2.8823e+17,3.8207e+14,1.09232e+06,58,20.6191,20,0.0792358
1074,1.44115e+17,2.02464e+14,296914,57,18.8398,18,0.0770673
1075,1.80144e+16,4.4963e+13,158993,54,17.9844,17,0.0721339
1076,2.8823e+17,3.54823e+14,34763.4,58,17.0811,14,0.0690206
1077,5.76461e+17,8.28796e+14,1.08896e+06,59,19.9023,20,0.0755736
1078,7.20576e+16,1.39282e+14,1.08991e+06,56,20.208,20,0.0764341
1079,1.80144e+16,4.40157e+13,556726,54,19.5684,19,0.0737384
1080,1.44115e+17,2.89108e+14,1.08928e+06,57,20.1943,20,0.075805
1081,1.80144e+16,4.14533e+13,1.09089e+06,54,19.9258,20,0.0761308
1082,7.20576e+16,1.81246e+14,295208,56,18.7275,18,0.0710728
1083,1.44115e+17,1.82524e+14,563631,57,19.6973,19,0.0756584
1084,7.20576e+16,2.05877e+14,2.14237e+06,56,21.3262,21,0.0833659
1085,1.44115e+17,2.17997e+14,4.23907e+06,57,21.4561,22,0.0811326
1086,1.44115e+17,3.35308e+14,2.14734e+06,57,21.166,21,0.0827028
1087,7.20576e+16,1.11693e+14,2.13862e+06,56,20.7646,21,0.0805428
1088,5.76461e+17,9.51799e+14,1.09287e+06,59,20.2627,20,0.0802073
1089,2.8823e+17,6.65661e+14,2.14024e+06,58,20.5488,21,0.0806007
1090,2.30584e+18,2.32113e+15,2.14227e+06,61,21.0127,21,0.0830108
1091,1.84467e+19,2.31962e+16,1.07675e+06,64,19.8867,20,0.0804312
1092,1.44115e+17,5.28037e+14,155079,57,18.1836,17,0.0759122
1093,2.8823e+17,6.1697e+14,296165,58,19.1396,18,0.0785929
1094,1.15292e+18,1.46166e+15,555169,60,19.5518,19,0.0803356
1095,9.44473e+21,9.22363e+18,1.0861e+06,73,19.833,20,0.0810293
1096,1.44115e+17,2.85195e+14,561222,57,19.6787,19,0.0808017
1097,2.95148e+20,2.90829e+17,1.089e+06,68,20.0322,20,0.0813674
1098,2.8823e+17,5.07326e+14,4.24637e+06,58,21.7861,22,0.0856705
1099,7.20576e+16,1.93207e+14,4.24505e+06,56,21.8711,22,0.0855577
1100,1.44115e+17,2.88625e+14,558821,57,20.1338,19,0.0800775
1101,2.8823e+17,6.96038e+14,2.14232e+06,58,21.1729,21,0.0831374
1102,2.8823e+17,3.37693e+14,2.13903e+06,58,20.9072,21,0.0824329
1103,1.44115e+17,2.63367e+14,1.094e+06,57,20.6641,20,0.0797647
1104,1.80144e+16,7.92069e+13,2.14386e+06,54,21.3516,21,0.0831251
1105,7.20576e+16,8.87911e+13,2.14069e+06,56,20.709,21,0.0804422
1106,9.22337e+18,9.62161e+15,2.14084e+06,63,20.8369,21,0.0794104
1107,1.80144e+16,5.64948e+13,8.4414e+06,54,21.8984,23,0.0850459
1108,2.8823e+17,4.44651e+14,2.1381e+06,58,20.4912,21,0.079081
1109,5.76461e+17,7.8672e+14,4.24072e+06,59,20.9434,22,0.0822456
1110,1.44115e+17,2.30475e+14,4.23482e+06,57,21.0303,22,0.081294
1111,1.44115e+17,2.31598e+14,562382,57,20.0615,19,0.0779466
1112,1.44115e+17,2.41563e+14,1.08873e+06,57,20.998,20,0.0808269
1113,1.15292e+18,1.1529e+15,1.0908e+06,60,20.3604,20,0.0772148
1114,7.20576e+16,1.10494e+14,296127,56,18.9414,18,0.072688
1115,1.15292e+18,1.20392e+15,159361,60,18.209,17,0.0697845
1116,5.76461e+17,9.19055e+14,2.1439e+06,59,20.9385,21,0.0790127
1117,2.30584e+18,2.33619e+15,1.08914e+06,61,19.791,20,0.0753101
1118,1.80144e+16,4.07641e+13,162351,54,18.6631,17,0.0710183
1119,1.80144e+16,5.95624e+13,55207.1,54,17.5752,15,0.0679613
1120,5.76461e+17,6.06258e+14,55207.1,59,17.165,15,0.0672744
1121,9.0072e+15,1.29923e+13,294388,53,18.4424,18,0.0717018
1122,1.15292e+18,1.74085e+15,559344,60,19.2842,19,0.0741189
1123,1.44115e+17,2.24007e+14,158585,57,17.5703,17,0.0714305
1124,7.20576e+16,2.22756e+14,53456,56,17.002,15,0.0681124
1125,1.44115e+17,1.76582e+14,35919.4,57,16.6514,14,0.0684643
1126,1.80144e+16,3.21257e+13,36187.4,54,16.543,14,0.0676999
1127,5.76461e+17,5.88013e+14,295975,59,18.4766,18,0.0735731
1128,9.0072e+15,2.6024e+13,563947,53,20.5,19,0.0811761
1129,1.80144e+16,6.60561e+13,298824,54,19.4473,18,0.0780739
1130,7.20576e+16,1.77916e+14,557312,56,19.4131,19,0.0775011
1131,1.44115e+17,2.62005e+14,158771,57,18.0176,17,0.0719531
1132,2.30584e+18,2.71203e+15,296728,61,19.1309,18,0.0764347
1133,9.22337e+18,9.17086e+15,89800.6,63,17.4434,16,0.0716754
1134,7.20576e+16,1.14475e+14,292988,56,18.1016,18,0.0732013
1135,1.44115e+17,1.80117e+14,295363,57,17.8691,18,0.0720634
1136,9.0072e+15,2.41835e+13,54936.7,53,16.3457,15,0.0671635
1137,1.44115e+17,2.60495e+14,34987.3,57,16.2246,14,0.0666657
1138,1.44115e+17,1.82527e+14,295785,57,18.4775,18,0.0732556
1139,5.76461e+17,5.92135e+14,4.24761e+06,59,21.1602,22,0.0829566
1140,4.61169e+18,5.93484e+15,8.44129e+06,62,22.9434,23,0.0899016
1141,1.15292e+18,1.6588e+15,8.44587e+06,60,23.1582,23,0.0893373
1142,9.0072e+15,4.30778e+13,8.44186e+06,53,22.707,23,0.08712
1143,2.8823e+17,3.75187e+14,4.24727e+06,58,22.4893,22,0.0873042
1144,5.76461e+17,6.73036e+14,2.14271e+06,59,21.71,21,0.0838211
1145,1.44115e+17,3.67661e+14,4.24088e+06,57,21.0928,22,0.081694
1146,5.76461e+17,1.22294e+15,1.09202e+06,59,20.4805,20,0.079276
1147,2.8823e+17,5.68987e+14,4.25048e+06,58,21.5879,22,0.0835382
1148,3.60288e+16,4.53315e+13,2.13953e+06,55,20.3955,21,0.079578
1149,4.61169e+18,5.76763e+15,8.43464e+06,62,21.6787,23,0.0838729
1150,4.61169e+18,5.77488e+15,4.24433e+06,62,22.3154,22,0.0873419
1151,9.22337e+18,9.68243e+15,4.23608e+06,63,21.7119,22,0.0863273
1152,2.8823e+17,8.80892e+14,2.14554e+06,58,22.126,21,0.0857752
1153,1.15292e+18,1.18012e+15,1.08705e+06,60,19.9785,20,0.0792324
1154,1.84467e+19,1.83264e+16,4.2448e+06,64,21.877,22,0.0869446
1155,3.60288e+16,8.28757e+13,563868,55,19.8105,19,0.0800122
1156,5.76461e+17,8.40661e+14,561390,59,19.9512,19,0.0799986
1157,5.76461e+17,1.17867e+15,561888,59,20.3945,19,0.0811213
1158,3.60288e+16,9.6163e+13,1.08982e+06,55,20.3604,20,0.0813911
1159,2.8823e+17,4.39213e+14,2.13145e+06,58,21.2236,21,0.0839271
1160,1.44115e+17,2.82414e+14,564338,57,19.8223,19,0.0777625
1161,5.76461e+17,1.46846e+15,556089,59,19.2295,19,0.0760048
1162,3.68935e+19,3.64825e+16,561222,65,20.2236,19,0.0794463
1163,5.76461e+17,6.74735e+14,1.0915e+06,59,20.4229,20,0.0793679
1164,2.30584e+18,2.55016e+15,2.14009e+06,61,21.668,21,0.0850164
1165,9.22337e+18,1.58639e+16,294858,63,20.2266,18,0.0820197
1166,2.30584e+18,3.38187e+15,1.08504e+06,61,21.4307,20,0.0857624
1167,2.8823e+17,9.58995e+14,559691,58,20.7236,19,0.0828279
1168,4.61169e+18,6.3153e+15,564994,62,21.085,19,0.0843214
1169,4.61169e+18,7.76559e+15,93240.6,62,19.5635,16,0.0788556
1170,1.15292e+18,1.27405e+15,4.24365e+06,60,21.9121,22,0.0882047
1171,5.76461e+17,8.50575e+14,292458,59,20.3516,18,0.0824349
1172,2.8823e+17,6.88938e+14,560844,58,20.8096,19,0.0849546
1173,9.22337e+18,1.8856e+16,295937,63,19.9004,18,0.0804218
1174,1.15292e+18,1.82173e+15,161670,60,20.0527,17,0.0804716
1175,7.3787e+19,7.33436e+16,2.1368e+06,66,21.7285,21,0.0860856
1176,2.8823e+17,8.09158e+14,560717,58,20.5742,19,0.0805026
1177,4.61169e+18,9.2216e+15,1.09206e+06,62,21.5117,20,0.0853195
1178,1.84467e+19,1.95706e+16,299136,64,20.3682,18,0.0824622
1179,1.44115e+17,2.16099e+14,2.13903e+06,57,21.292,21,0.0835854
1180,2.30584e+18,4.00481e+15,1.08519e+06,61,20.8291,20,0.0820601
1181,7.20576e+16,1.37803e+14,1.08426e+06,56,20.8379,20,0.0828962
1182,7.20576e+16,2.20694e+14,4.24371e+06,56,21.6367,22,0.0856115
1183,4.61169e+18,7.62176e+15,1.0895e+06,62,20.4375,20,0.0800966
1184,1.15292e+18,1.5316e+15,561640,60,20.2969,19,0.0813041
1185,9.22337e+18,1.00597e+16,1.08896e+06,63,20.915,20,0.0820335
1186,3.60288e+16,1.72034e+14,564104,55,19.877,19,0.0802863
1187,2.8823e+17,5.4814e+14,559083,58,19.8359,19,0.079187
1188,3.68935e+19,3.84336e+16,1.08112e+06,65,20.292,20,0.0814695
1189,9.22337e+18,1.19625e+16,2.14667e+06,63,22.1396,21,0.0867976
1190,1.15292e+18,1.86774e+15,294269,60,19.7715,18,0.0780814
1191,2.30584e+18,4.00692e+15,1.08677e+06,61,20.8281,20,0.0830711
1192,1.15292e+18,2.4903e+15,1.09093e+06,60,21.8535,20,0.0863857
1193,9.22337e+18,1.28578e+16,4.24757e+06,63,23.0928,22,0.0916835
1194,5.76461e+17,2.66903e+15,295632,59,20.9766,18,0.0838858
1195,3.68935e+19,6.2719e+16,294897,65,20.7676,18,0.0829059
1196,9.22337e+18,1.27555e+16,293150,63,20.8584,18,0.0832643
1197,1.84467e+19,2.14977e+16,560121,64,21.6582,19,0.0863275
1198,1.84467e+19,2.22957e+16,1.09089e+06,64,22.001,20,0.0882309
1199,2.30584e+18,4.95581e+15,2.14712e+06,61,22.8877,21,0.0919521
1200,9.44473e+21,9.22469e+18,559777,73,21.333,19,0.0848058
1201,2.30584e+18,3.22429e+15,1.68303e+07,61,22.8086,24,0.0916218
1202,2.8823e+17,7.17687e+14,4.23851e+06,58,22.2158,22,0.0903569
1203,4.61169e+18,8.29889e+15,8.43939e+06,62,23.2246,23,0.092821
1204,1.15292e+18,3.40928e+15,8.4449e+06,60,23.0439,23,0.0928284
1205,1.84467e+19,1.88054e+16,2.13706e+06,64,21.9082,21,0.0887276
1206,2.30584e+18,6.37461e+15,3.36102e+07,61,23.873,25,0.0961973
1207,9.22337e+18,1.32941e+16,8.43974e+06,63,22.791,23,0.0923871
1208,2.8823e+17,1.57183e+15,1.68312e+07,58,23.208,24,0.0946798
1209,1.15292e+18,1.75957e+15,4.24474e+06,60,22.1875,22,0.091114
1210,1.84467e+19,4.49001e+16,3.36049e+07,64,23.3252,25,0.0960643
1211,2.8823e+17,9.97238e+14,3.36108e+07,58,23.8145,25,0.0967871
1212,1.18059e+21,1.17254e+18,3.36174e+07,70,24.4004,25,0.0984342
1213,1.47574e+20,1.90091e+17,2.68502e+08,67,25.4307,28,0.103775
1214,1.84467e+19,4.34553e+16,3.36247e+07,64,24.1465,25,0.0971677
1215,4.61169e+18,5.88937e+15,3.3618e+07,62,24.0352,25,0.0967135
1216,5.76461e+17,2.13751e+15,1.68294e+07,59,23.1133,24,0.0932936
1217,3.68935e+19,4.51262e+16,3.36236e+07,65,23.3105,25,0.0934987
1218,2.30584e+18,2.86526e+15,8.44118e+06,61,22.0469,23,0.0885475
1219,7.3787e+19,1.68477e+17,6.71591e+07,66,24.0928,26,0.0970998
1220,7.3787e+19,1.12262e+17,3.36169e+07,66,24.1523,25,0.0976894
1221,4.61169e+18,5.69013e+15,6.71644e+07,62,24.4082,26,0.0986863
1222,4.61169e+18,6.9853e+15,1.34291e+08,62,25.6816,27,0.103243
1223,3.68935e+19,3.78581e+16,3.36188e+07,65,24.1689,25,0.097931
1224,9.22337e+18,1.07244e+16,2.68519e+08,63,26.7842,28,0.106552
1225,4.61169e+18,9.50737e+15,6.71741e+07,62,24.3545,26,0.0969885
1226,2.30584e+18,4.61772e+15,1.34289e+08,61,25.04,27,0.100356
1227,4.61169e+18,6.70196e+15,1.68333e+07,62,22.6738,24,0.0926639
1228,1.84467e+19,3.0248e+16,3.36173e+07,64,24.332,25,0.0986421
1229,2.30584e+18,4.45284e+15,1.68309e+07,61,23.46,24,0.0946465
1230,1.47574e+20,1.48355e+17,1.684e+07,67,23.9746,24,0.0973639
1231,1.84467e+19,2.13446e+16,4.24147e+06,64,21.8994,22,0.0932402
1232,7.3787e+19,7.81312e+16,2.135e+06,66,21.0166,21,0.0900885
1233,9.22337e+18,1.42404e+16,8.44169e+06,63,23.0635,23,0.0941179
1234,7.3787e+19,9.55216e+16,1.0802e+06,66,20.7852,20,0.0869124
1235,1.84467e+19,2.13593e+16,1.08918e+06,64,21.5029,20,0.0894884
1236,1.47574e+20,1.4588e+17,1.68285e+07,67,22.6533,24,0.0931821
1237,9.22337e+18,1.44877e+16,4.2451e+06,63,23.041,22,0.0922071
1238,5.76461e+17,2.39898e+15,2.14319e+06,59,22.1094,21,0.0898117
1239,2.8823e+17,1.22953e+15,2.14212e+06,58,22.5527,21,0.0921012
1240,4.61169e+18,8.09551e+15,1.08776e+06,62,21.8203,20,0.0890886
1241,4.61169e+18,6.98108e+15,2.13278e+06,62,21.9766,21,0.0894759
1242,1.15292e+18,2.81449e+15,2.14178e+06,60,22.0996,21,0.091255
1243,9.22337e+18,1.04297e+16,562667,63,21.8018,19,0.0890367
1244,5.76461e+17,1.69609e+15,4.24376e+06,59,22.7383,22,0.0902245
1245,5.76461e+17,8.74864e+14,2.14069e+06,59,21.4795,21,0.0854448
1246,4.61169e+18,5.69736e+15,2.13784e+06,62,21.6621,21,0.0849392
1247,2.30584e+18,6.04315e+15,1.68342e+07,61,23.2139,24,0.0918419
1248,1.44115e+17,3.96127e+14,2.13627e+06,57,21.4678,21,0.0868793
1249,2.30584e+18,2.52407e+15,2.14168e+06,61,21.3545,21,0.0864339
1250,3.68935e+19,3.64212e+16,4.24355e+06,65,22.4629,22,0.0886894
1251,4.61169e+18,7.92278e+15,1.68341e+07,62,23.8018,24,0.0962003
1252,1.15292e+18,3.50033e+15,4.24061e+06,60,22.4707,22,0.0913226
1253,1.15292e+18,1.85578e+15,4.23688e+06,60,21.6426,22,0.0888684
1254,1.47574e+20,1.56282e+17,4.24423e+06,67,22.749,22,0.0938677
1255,7.3787e+19,8.70455e+16,8.44135e+06,66,23.6084,23,0.0972353
1256,2.36118e+21,2.34475e+18,1.68387e+07,71,23.5156,24,0.0981957
1257,2.95148e+20,2.93695e+17,2.13548e+06,68,21.5264,21,0.0933225
1258,2.95148e+20,3.0022e+17,4.24093e+06,68,21.7041,22,0.0932023
1259,9.22337e+18,2.43159e+16,2.14328e+06,63,22.3838,21,0.0960155
1260,1.88895e+22,1.84687e+19,2.14168e+06,74,21.9219,21,0.0947753
1261,4.61169e+18,9.88066e+15,2.13569e+06,62,21.8252,21,0.0934887
1262,4.72237e+21,4.68958e+18,553768,72,20.1621,19,0.0864123
1263,5.90296e+20,5.98429e+17,2.13732e+06,69,21.9199,21,0.0934489
1264,3.68935e+19,4.57712e+16,2.14034e+06,65,22.5225,21,0.0956969
1265,3.68935e+19,3.89467e+16,158956,65,20.5205,17,0.0874133
1266,1.84467e+19,2.69821e+16,1.08112e+06,64,21.6807,20,0.0923786
1267,2.8823e+17,2.24065e+15,2.13923e+06,58,22.2734,21,0.0941674
1268,9.22337e+18,2.50382e+16,4.23739e+06,63,22.3389,22,0.094196
1269,1.47574e+20,1.46651e+17,2.13779e+06,67,22.2676,21,0.0921104
1270,3.68935e+19,4.25033e+16,1.68309e+07,65,24.4053,24,0.102163
1271,3.68935e+19,5.8749e+16,1.68235e+07,65,23.6387,24,0.102406
1272,1.47574e+20,1.61326e+17,8.43746e+06,67,23.7324,23,0.102265
1273,1.15292e+18,7.32001e+15,3.36132e+07,60,24.6094,25,0.104825
1274,7.3787e+19,1.03888e+17,1.68293e+07,66,24.165,24,0.104434
1275,7.3787e+19,1.03764e+17,4.23835e+06,66,22.4434,22,0.0985472
1276,4.61169e+18,1.64215e+16,1.68315e+07,62,24.1504,24,0.104466
1277,5.90296e+20,6.05643e+17,3.35941e+07,69,23.8711,25,0.102724
1278,4.61169e+18,1.0991e+16,3.36111e+07,62,23.001,25,0.0992495
1279,7.3787e+19,7.97274e+16,8.43464e+06,66,22.4355,23,0.0973013
1280,3.68935e+19,8.0622e+16,3.36046e+07,65,24.6084,25,0.107496
1281,7.3787e+19,1.71253e+17,3.35993e+07,66,24.5586,25,0.108162
1282,2.95148e+20,3.41364e+17,1.34284e+08,68,26.4834,27,0.11606
1283,1.84467e+19,3.6699e+16,2.68503e+08,64,26.9346,28,0.118593
1284,1.84467e+19,2.46393e+16,3.36178e+07,64,25.0908,25,0.112671
1285,4.72237e+21,4.6338e+18,1.34287e+08,72,25.7471,27,0.110912
1286,7.3787e+19,1.03583e+17,6.71737e+07,66,25.335,26,0.110866
1287,7.3787e+19,1.77612e+17,8.43524e+06,66,23.7891,23,0.104509
1288,1.84467e+19,2.83773e+16,8.43692e+06,64,23.6777,23,0.105191
1289,3.68935e+19,6.91439e+16,3.36105e+07,65,24.4619,25,0.107064
1290,3.02231e+23,2.95257e+20,1.68318e+07,78,24.1367,24,0.106278
1291,7.3787e+19,7.97508e+16,3.36145e+07,66,24.3105,25,0.106707
1292,7.3787e+19,8.73318e+16,8.43597e+06,66,23.3809,23,0.10183
1293,3.68935e+19,5.38397e+16,4.23557e+06,65,22.1631,22,0.0964946
1294,1.18059e+21,1.29827e+18,2.13831e+06,70,22.7383,21,0.0984922
1295,9.22337e+18,3.30087e+16,4.23551e+06,63,22.0811,22,0.0962922
1296,2.95148e+20,3.63024e+17,8.43934e+06,68,23.1934,23,0.100872
1297,3.77789e+22,3.706e+19,3.36053e+07,75,24.7227,25,0.107844
1298,4.61169e+18,5.62348e+15,1.08822e+06,62,20.1787,20,0.0912212
1299,7.3787e+19,8.48828e+16,4.23585e+06,66,22.6396,22,0.0991654
1300,1.18059e+21,1.16499e+18,2.14295e+06,70,22.4629,21,0.0977587
1301,2.36118e+21,2.31363e+18,549470,71,21.21,19,0.0932655
1302,9.22337e+18,1.93832e+16,2.14129e+06,63,22.6562,21,0.0988863
1303,2.30584e+18,3.76715e+15,8.43945e+06,61,24.2275,23,0.10487
1304,1.47574e+20,1.55412e+17,3.36173e+07,67,25.5674,25,0.108907
1305,1.15292e+18,4.54835e+15,4.2448e+06,60,22.9033,22,0.0983638
1306,1.47574e+20,1.72898e+17,1.68316e+07,67,23.8633,24,0.102494
1307,1.47574e+20,1.56395e+17,4.24464e+06,67,22.4951,22,0.0972068
1308,7.3787e+19,7.96298e+16,2.14494e+06,66,22.2354,21,0.0965832
1309,1.84467e+19,3.93566e+16,4.24334e+06,64,22.9414,22,0.100925
1310,2.30584e+18,4.46321e+15,1.68324e+07,61,23.3369,24,0.102443
1311,1.84467e+19,5.24766e+16,1.68259e+07,64,23.0693,24,0.101569
1312,7.3787e+19,1.12803e+17,8.44163e+06,66,23.1387,23,0.101566
1313,9.22337e+18,1.10783e+16,3.36039e+07,63,23.3057,25,0.102141
1314,5.76461e+17,1.22872e+15,8.44015e+06,59,22.9404,23,0.101316
1315,1.15292e+18,2.05924e+15,8.42986e+06,60,22.1348,23,0.0982759
1316,3.68935e+19,5.54851e+16,2.13867e+06,65,21.3945,21,0.0955842
1317,4.61169e+18,1.19553e+16,1.08553e+06,62,20.7754,20,0.0922693
1318,2.36118e+21,2.31071e+18,1.08667e+06,71,21.1748,20,0.0943463
1319,1.15292e+18,3.71772e+15,4.23447e+06,60,22.6123,22,0.100215
1320,2.8823e+17,9.55919e+14,2.14237e+06,58,22.2334,21,0.0975194
1321,2.8823e+17,1.31508e+15,2.13789e+06,58,21.8584,21,0.0968153
1322,1.84467e+19,2.37893e+16,563152,64,20.5166,19,0.0903057
1323,9.22337e+18,1.82586e+16,1.09062e+06,63,21.1133,20,0.0921066
1324,4.61169e+18,4.86058e+15,2.13789e+06,62,20.9512,21,0.0912288
1325,4.61169e+18,5.93634e+15,1.08873e+06,62,20.5312,20,0.0911018
1326,4.61169e+18,8.61427e+15,90376,62,17.958,16,0.0819669
1327,1.15292e+18,4.76265e+15,2.13648e+06,60,20.5869,21,0.0913227
1328,2.95148e+20,4.87489e+17,552343,68,19.4971,19,0.087395
1329,2.95148e+20,4.37626e+17,560377,68,19.4756,19,0.0867868
1330,7.3787e+19,9.70817e+16,1.08223e+06,66,20.3271,20,0.0907127
1331,7.3787e+19,8.14306e+16,2.13964e+06,66,21.5742,21,0.0961295
1332,2.30584e+18,4.39468e+15,4.23851e+06,61,21.9082,22,0.0978266
1333,2.30584e+18,4.59829e+15,2.13659e+06,61,20.5469,21,0.0922049
1334,3.68935e+19,7.26172e+16,8.4328e+06,65,22.5889,23,0.101901
1335,1.18059e+21,1.3178e+18,2.12916e+06,70,22.1875,21,0.100927
1336,3.68935e+19,6.69026e+16,2.14084e+06,65,22.5352,21,0.102567
1337,3.68935e+19,1.25875e+17,2.14314e+06,65,23.0381,21,0.108116
1338,1.84467e+19,4.23741e+16,8.43149e+06,64,23.623,23,0.108555
1339,1.18059e+21,2.45525e+18,8.4427e+06,70,23.9766,23,0.109369
1340,7.3787e+19,1.25637e+17,1.68365e+07,66,24.7354,24,0.111424
1341,2.30584e+18,7.62809e+15,1.68309e+07,61,24.2686,24,0.109728
1342,2.95148e+20,3.23327e+17,2.13664e+06,68,22.4492,21,0.103214
1343,3.68935e+19,6.49516e+16,1.08734e+06,65,23.0273,20,0.106657
1344,2.95148e+20,2.99872e+17,1.68268e+07,68,24.6729,24,0.11192
1345,1.88895e+22,1.85174e+19,1.68282e+07,74,24.3154,24,0.108426
1346,3.68935e+19,1.30087e+17,2.6851e+08,65,26.9736,28,0.119429
1347,7.3787e+19,1.80892e+17,2.68501e+08,66,26.8838,28,0.120794
1348,7.3787e+19,8.17089e+16,1.6823e+07,66,24.3711,24,0.109113
1349,2.95148e+20,3.16822e+17,2.68498e+08,68,26.6426,28,0.117376
1350,1.47574e+20,2.2534e+17,1.34267e+08,67,26.7715,27,0.116125
1351,1.84467e+19,2.41334e+16,1.34292e+08,64,26.2266,27,0.114112
1352,3.68935e+19,7.14571e+16,1.68214e+07,65,24.3525,24,0.107931
1353,9.22337e+18,2.04099e+16,6.71657e+07,63,24.6299,26,0.107169
1354,1.84467e+19,2.9099e+16,8.43488e+06,64,23.2754,23,0.10333
1355,1.47574e+20,3.12978e+17,1.68299e+07,67,24.2441,24,0.107935
1356,4.61169e+18,1.25129e+16,8.44287e+06,62,23.8418,23,0.105694
1357,1.18059e+21,1.74551e+18,4.23935e+06,70,22.2383,22,0.0992326
1358,7.3787e+19,1.15539e+17,8.43893e+06,66,23.8779,23,0.105675
1359,1.18059e+21,1.16287e+18,8.43494e+06,70,23.1328,23,0.101993
1360,1.47574e+20,1.91387e+17,6.71795e+07,67,25.9541,26,0.111407
1361,2.95148e+20,4.42767e+17,6.7168e+07,68,24.7061,26,0.108557
1362,1.84467e+19,3.31941e+16,6.71722e+07,64,25.0811,26,0.10837
1363,1.88895e+22,1.8475e+19,3.36007e+07,74,24.4541,25,0.104993
1364,3.68935e+19,6.13717e+16,4.23453e+06,65,23.8506,22,0.102705
1365,1.15292e+18,4.15256e+15,3.36212e+07,60,24.5391,25,0.105571
1366,7.3787e+19,1.42821e+17,8.44603e+06,66,23.6172,23,0.101697
1367,5.90296e+20,6.0313e+17,6.71601e+07,69,24.4678,26,0.1047
1368,3.68935e+19,6.9404e+16,1.34283e+08,65,26.0127,27,0.110531
1369,3.68935e+19,1.44333e+17,5.36946e+08,65,27.3672,29,0.116482
1370,4.61169e+18,2.17964e+16,1.34287e+08,62,25.9248,27,0.111249
1371,1.47574e+20,1.6825e+17,3.36128e+07,67,24.5977,25,0.105922
1372,1.18059e+21,1.16238e+18,2.68518e+08,70,26.7168,28,0.113297
1373,1.18059e+21,1.19215e+18,1.07383e+09,70,28.1729,30,0.119447
1374,7.3787e+19,1.36868e+17,1.07383e+09,66,27.8506,30,0.117719
1375,2.95148e+20,3.12029e+17,1.34273e+08,68,25.4629,27,0.108261
1376,2.30584e+18,6.63096e+15,1.68268e+07,61,23.7246,24,0.103048
1377,1.15292e+18,4.00126e+15,8.43249e+06,60,23.1416,23,0.0998539
1378,1.47574e+20,1.59551e+17,1.34274e+08,67,25.7988,27,0.109313
1379,7.3787e+19,1.03042e+17,5.36949e+08,66,27.1455,29,0.114662
1380,4.61169e+18,1.95984e+16,5.3694e+08,62,27.1777,29,0.11415
1381,5.90296e+20,8.91517e+17,5.36936e+08,69,27.3604,29,0.114584
1382,1.84467e+19,3.20116e+16,5.36952e+08,64,27.4131,29,0.114893
1383,1.47574e+20,2.09447e+17,5.36954e+08,67,27.6924,29,0.116807
1384,1.15292e+18,3.88382e+15,5.36953e+08,60,27.5156,29,0.115639
1385,1.84467e+19,3.41643e+16,6.71742e+07,64,25.8223,26,0.108912
1386,4.72237e+21,4.77851e+18,5.3695e+08,72,27.6768,29,0.113955
1387,1.84467e+19,2.86424e+16,5.36952e+08,64,27.5859,29,0.114416
1388,7.3787e+19,1.68918e+17,5.36956e+08,66,27.3604,29,0.113663
1389,7.3787e+19,9.40383e+16,2.68511e+08,66,26.8174,28,0.112434
1390,9.22337e+18,1.3425e+16,1.07382e+09,63,27.0107,30,0.11106
1391,2.95148e+20,2.97597e+17,1.3429e+08,68,25.5254,27,0.108494
1392,9.22337e+18,1.22214e+16,1.34287e+08,63,24.9639,27,0.104865
1393,1.47574e+20,1.49266e+17,3.36015e+07,67,24.1504,25,0.104835
1394,5.90296e+20,1.03026e+18,6.7174e+07,69,25.1367,26,0.107451
1395,7.3787e+19,1.24342e+17,2.68491e+08,66,26.0781,28,0.110668
1396,9.22337e+18,1.45797e+16,6.71643e+07,63,25.417,26,0.110062
1397,5.90296e+20,5.93455e+17,6.71777e+07,69,26.0205,26,0.110527
1398,2.95148e+20,3.13327e+17,5.36938e+08,68,27.6963,29,0.116828
1399,3.68935e+19,6.07388e+16,5.36944e+08,65,27.3027,29,0.11733
1400,3.68935e+19,7.46894e+16,3.36056e+07,65,25.1035,25,0.108201
1401,1.47574e+20,1.9014e+17,2.68506e+08,67,26.417,28,0.111625
1402,3.68935e+19,5.62495e+16,2.68513e+08,65,27.4277,28,0.114544
1403,1.84467e+19,5.46732e+16,2.68509e+08,64,26.126,28,0.109697
1404,4.61169e+18,8.9433e+15,1.34285e+08,62,25.8701,27,0.107644
1405,7.3787e+19,9.4819e+16,1.3429e+08,66,25.6494,27,0.107188
1406,1.84467e+19,3.52167e+16,2.68501e+08,64,25.9307,28,0.108326
1407,1.47574e+20,2.52696e+17,2.68504e+08,67,26.3291,28,0.108938
1408,3.68935e+19,4.67782e+16,2.68517e+08,65,26.7344,28,0.111794
1409,9.22337e+18,1.70718e+16,5.3695e+08,63,26.5674,29,0.109968
1410,2.95148e+20,5.11857e+17,2.68521e+08,68,26.3037,28,0.108955
1411,2.30584e+18,9.17699e+15,2.6851e+08,61,25.7793,28,0.107348
1412,9.22337e+18,1.34303e+16,1.68314e+07,63,23.0469,24,0.0972096
1413,1.15292e+18,3.29719e+15,2.68502e+08,60,25.3301,28,0.10605
1414,1.84467e+19,3.81359e+16,6.71738e+07,64,24.3818,26,0.101944
1415,4.61169e+18,8.99867e+15,6.71815e+07,62,24.6855,26,0.104156
1416,1.47574e+20,1.54636e+17,1.68346e+07,67,23.5488,24,0.100627
1417,3.68935e+19,9.05163e+16,1.08932e+06,65,20.8516,20,0.0892214
1418,7.3787e+19,9.52395e+16,3.36167e+07,66,23.3613,25,0.0993792
1419,1.15292e+18,3.15708e+15,5.36949e+08,60,26.4473,29,0.109703
1420,7.3787e+19,1.10239e+17,2.68516e+08,66,26.1299,28,0.107348
1421,1.84467e+19,7.3302e+16,1.07383e+09,64,28.2256,30,0.11638
1422,7.3787e+19,1.308e+17,2.14757e+09,66,28.6562,31,0.117823
1423,1.84467e+19,2.82163e+16,2.14756e+09,64,28.6865,31,0.118799
1424,1.47574e+20,1.47882e+17,1.07383e+09,67,27.6611,30,0.114493
1425,1.18059e+21,1.16256e+18,5.36943e+08,70,26.624,29,0.112284
1426,9.22337e+18,3.45622e+16,1.07382e+09,63,26.7539,30,0.111597
1427,4.61169e+18,1.03143e+16,2.68516e+08,62,26.3418,28,0.109211
1428,9.22337e+18,2.15901e+16,1.34287e+08,63,25.4883,27,0.10736
1429,1.84467e+19,5.07669e+16,3.36137e+07,64,24.6328,25,0.104403
1430,9.22337e+18,2.33704e+16,1.34286e+08,63,25.4727,27,0.10588
1431,9.22337e+18,1.63579e+16,6.71692e+07,63,25.0215,26,0.104446
1432,4.72237e+21,4.65078e+18,1.34279e+08,72,24.3008,27,0.102935
1433,7.3787e+19,7.90699e+16,3.36119e+07,66,23.1221,25,0.100134
1434,5.90296e+20,6.36582e+17,1.34293e+08,69,24.8613,27,0.106453
1435,9.22337e+18,1.44861e+16,1.34284e+08,63,24.8672,27,0.106845
1436,9.22337e+18,1.5798e+16,1.6832e+07,63,23.3037,24,0.100558
1437,3.68935e+19,6.99074e+16,1.34277e+08,65,24.9902,27,0.108199
1438,4.61169e+18,9.62816e+15,8.43118e+06,62,22.6426,23,0.0968441
1439,1.15292e+18,5.42133e+15,1.085e+06,60,21.2861,20,0.0934844
1440,2.30584e+18,3.6073e+15,3.36148e+07,61,24.1436,25,0.104635
1441,4.72237e+21,4.62227e+18,3.3621e+07,72,24.1641,25,0.103186
1442,1.44115e+17,6.30878e+14,1.0848e+06,57,21.1221,20,0.0903683
1443,9.22337e+18,1.40172e+16,4.2412e+06,63,22.7861,22,0.0972004
1444,1.47574e+20,1.58295e+17,8.44264e+06,67,23.5928,23,0.0989807
1445,9.22337e+18,2.24999e+16,1.68333e+07,63,23.6748,24,0.0990947
1446,3.68935e+19,6.52236e+16,1.68299e+07,65,23.0859,24,0.097434
1447,1.15292e+18,4.67732e+15,8.43734e+06,60,23.4102,23,0.098255
1448,3.68935e+19,4.2223e+16,3.36173e+07,65,24.582,25,0.102361
1449,1.15292e+18,3.95075e+15,4.23705e+06,60,22.5977,22,0.0948955
1450,4.61169e+18,1.70806e+16,4.23665e+06,62,22.2354,22,0.0935195
1451,1.15292e+18,3.8482e+15,2.14074e+06,60,22.2793,21,0.0935405
1452,2.95148e+20,3.11509e+17,3.36099e+07,68,23.5654,25,0.0987106
1453,4.61169e+18,9.19202e+15,6.71688e+07,62,25.1006,26,0.102543
1454,1.84467e+19,3.20577e+16,1.68296e+07,64,23.7637,24,0.0979146
1455,9.22337e+18,1.31438e+16,1.68412e+07,63,24.5068,24,0.102021
1456,4.61169e+18,9.50492e+15,1.68376e+07,62,23.8516,24,0.0991535
1457,3.68935e+19,3.90605e+16,4.24158e+06,65,21.9541,22,0.0918344
1458,1.84467e+19,4.11027e+16,1.68179e+07,64,23.4307,24,0.0975942
1459,3.68935e+19,4.64414e+16,1.6833e+07,65,24.0664,24,0.100189
1460,2.95148e+20,6.15762e+17,5.36949e+08,68,26.5254,29,0.109348
1461,1.47574e+20,2.21011e+17,6.71752e+07,67,24.6162,26,0.101044
1462,1.15292e+18,4.35827e+15,1.34286e+08,60,25.2188,27,0.103073
1463,1.18059e+21,1.1715e+18,1.34273e+08,70,25.1719,27,0.104728
1464,9.22337e+18,2.10499e+16,1.34288e+08,63,25.8809,27,0.107181
1465,2.95148e+20,3.02288e+17,1.68321e+07,68,24.1387,24,0.101811
1466,4.61169e+18,2.10318e+16,3.36139e+07,62,24.8721,25,0.101669
1467,7.3787e+19,9.74891e+16,3.36166e+07,66,25.0977,25,0.103279
1468,2.36118e+21,2.75971e+18,1.34291e+08,71,26.1592,27,0.108198
1469,2.95148e+20,4.98583e+17,6.71657e+07,68,25.542,26,0.108583
1470,3.68935e+19,1.16066e+17,3.36164e+07,65,24.5928,25,0.105978
1471,5.90296e+20,1.2397e+18,4.24418e+06,69,23.9805,22,0.103333
1472,4.61169e+18,1.86828e+16,1.08407e+06,62,21.9736,20,0.0945358
1473,1.84467e+19,3.74571e+16,2.13553e+06,64,22.2812,21,0.0966065
1474,1.18059e+21,1.17663e+18,2.12853e+06,70,22.7471,21,0.0997371
1475,2.95148e+20,4.019e+17,6.71703e+07,68,25.1006,26,0.104519
1476,1.47574e+20,3.35077e+17,1.68274e+07,67,24.6035,24,0.10238
1477,4.61169e+18,8.85666e+15,8.43633e+06,62,23.2842,23,0.0972988
1478,2.95148e+20,2.9785e+17,1.68391e+07,68,24.8516,24,0.102184
1479,7.3787e+19,7.78441e+16,1.34292e+08,66,25.7119,27,0.10844
1480,1.84467e+19,5.42764e+16,1.34291e+08,64,26.1865,27,0.107897
1481,7.3787e+19,8.45067e+16,3.36156e+07,66,24.9893,25,0.103703
1482,1.15292e+18,4.42492e+15,3.36085e+07,60,24.7021,25,0.104227
1483,5.90296e+20,1.17361e+18,1.34284e+08,69,25.4922,27,0.10776
1484,3.68935e+19,6.87265e+16,3.36163e+07,65,24.6172,25,0.105198
1485,7.3787e+19,9.60187e+16,1.68319e+07,66,24.4785,24,0.104044
1486,3.68935e+19,7.14382e+16,1.68327e+07,65,24.5039,24,0.104915
1487,1.47574e+20,3.46412e+17,4.24255e+06,67,22.8906,22,0.0992346
1488,5.90296e+20,7.68222e+17,4.24864e+06,69,22.8945,22,0.0991295
1489,5.90296e+20,6.07332e+17,1.68262e+07,69,23.8916,24,0.102626
1490,1.84467e+19,3.59311e+16,8.43372e+06,64,23.1387,23,0.0993699
1491,2.95148e+20,3.15519e+17,6.7171e+07,68,24.5361,26,0.104293
1492,1.18059e+21,1.22464e+18,4.23995e+06,70,22.7549,22,0.0974397
1493,7.3787e+19,1.34394e+17,292947,66,19.6611,18,0.0872773
1494,1.84467e+19,3.41436e+16,556726,64,20.8867,19,0.0916617
1495,3.68935e+19,6.8981e+16,1.08431e+06,65,21.5615,20,0.0937054
1496,1.47574e+20,1.57431e+17,1.08421e+06,67,21.5117,20,0.0930385
1497,4.61169e+18,1.32176e+16,559561,62,21.3135,19,0.092772
1498,1.47574e+20,4.17747e+17,562054,67,22.3799,19,0.0961195
1499,3.68935e+19,8.51637e+16,2.1359e+06,65,22.6621,21,0.0970055
