111.564
0,108.709,6.99065,4,1,0.0273438,0,0.00454244
1,435.117,8.6904,4,2,0.0371094,0,0.00439423
2,435.117,8.62377,5,2,0.0341797,0,0.00434511
3,435.151,10.205,4,2,0.0488281,0,0.00434929
4,435.151,9.92272,5,2,0.0439453,0,0.00440101
5,434.129,9.94025,5,2,0.0478516,0,0.00431445
6,434.781,9.42424,5,2,0.0419922,0,0.00434215
7,111.425,10.3025,5,1,0.0517578,0,0.004396
8,435.151,10.1053,5,2,0.0458984,0,0.00444009
9,435.151,10.0717,5,2,0.0439453,0,0.00441054
10,435.053,9.32202,5,2,0.0390625,0,0.00440091
11,435.117,10.1278,5,2,0.046875,0,0.00437163
12,435.053,11.8461,6,2,0.0615234,0,0.00440629
13,435.117,12.7197,6,2,0.0664062,0,0.00445715
14,435.053,10.4104,5,2,0.0498047,0,0.00443345
15,111.425,11.6613,6,1,0.0605469,0,0.00445157
16,435.151,10.7016,6,2,0.0517578,0,0.00437234
17,435.151,10.6386,6,2,0.0478516,0,0.00439893
18,435.151,11.3265,6,2,0.0527344,0,0.00438429
19,435.151,12.0199,6,2,0.0615234,0,0.00443881
20,435.151,10.7004,6,2,0.0507812,0,0.00436846
21,435.053,12.2448,6,2,0.0595703,0,0.00436956
22,435.117,12.3254,6,2,0.0615234,0,0.00442856
23,435.149,11.41,6,2,0.0556641,0,0.00439537
24,435.127,11.4891,6,2,0.0556641,0,0.00438779
25,433.776,12.943,6,2,0.0703125,0,0.00448496
26,435.151,11.2389,6,2,0.0488281,0,0.00443854
27,435.151,12.0817,6,2,0.0576172,0,0.00450736
28,435.151,12.6416,6,2,0.0634766,0,0.00442223
29,1011.31,13.9558,6,3,0.0654297,0,0.00440684
30,435.127,12.9535,6,2,0.0654297,0,0.00443859
31,435.151,12.1881,6,2,0.0595703,0,0.00443229
32,435.127,11.7326,6,2,0.0537109,0,0.00443638
33,1010.21,13.1432,6,3,0.0625,0,0.00443288
34,1843.9,14.184,6,4,0.0664062,0,0.00441926
35,435.149,12.2445,6,2,0.0566406,0,0.00451189
36,434.954,12.3976,6,2,0.0625,0,0.00449884
37,435.117,12.0839,6,2,0.0605469,0,0.00443411
38,435.117,12.6611,6,2,0.0634766,0,0.00445251
39,435.151,13.0639,6,2,0.0634766,0,0.00446001
40,1004.99,13.6053,6,3,0.0693359,0,0.00446811
41,435.053,12.7104,6,2,0.0615234,0,0.00452332
42,434.954,13.7793,6,2,0.0712891,0,0.00451745
43,435.149,14.437,6,2,0.0791016,0,0.0044925
44,435.127,13.3429,6,2,0.0644531,0,0.00449997
45,435.053,12.4711,6,2,0.0566406,0,0.00449331
46,435.151,12.689,6,2,0.0595703,0,0.00452759
47,435.117,12.4482,6,2,0.0576172,0,0.00452861
48,435.151,13.3847,6,2,0.0625,0,0.00453892
49,435.127,14.0081,7,2,0.0732422,0,0.00450494
50,435.149,14.6551,6,2,0.0742188,0,0.00454164
51,435.151,14.3117,7,2,0.0732422,0,0.0045234
52,435.151,14.1929,7,2,0.0693359,0,0.00459969
53,435.127,16.77,7,2,0.0878906,0,0.00460236
54,435.053,13.7785,6,2,0.0683594,0,0.00449293
55,435.151,13.6925,7,2,0.0634766,0,0.00461876
56,435.149,14.2067,7,2,0.0683594,0,0.00455727
57,435.127,13.2826,7,2,0.0634766,0,0.00458963
58,435.053,13.4546,7,2,0.0634766,0,0.00458049
59,1008.21,14.831,7,3,0.0703125,0,0.00459377
60,435.151,15.4614,7,2,0.0830078,0,0.00450938
61,435.151,13.6703,7,2,0.0654297,0,0.00452849
62,110.903,13.0474,7,1,0.0644531,0,0.00455636
63,435.053,14.4245,7,2,0.0732422,0,0.00460351
64,435.053,14.074,7,2,0.0683594,0,0.00456142
65,435.117,13.142,7,2,0.0625,0,0.00458218
66,1009.59,16.0109,7,3,0.0800781,0,0.00464692
67,435.151,12.5778,7,2,0.0546875,0,0.00458422
68,435.053,13.7792,7,2,0.0664062,0,0.00463781
69,435.127,14.7612,7,2,0.0732422,0,0.00460985
70,1009.59,15.994,7,3,0.0791016,0,0.00469273
71,435.151,14.4861,7,2,0.0693359,0,0.00460542
72,435.127,14.3871,7,2,0.0673828,0,0.00457923
73,435.117,13.9264,7,2,0.0654297,0,0.00455071
74,435.117,13.7385,7,2,0.0693359,0,0.00459757
75,435.149,14.3527,8,2,0.0712891,0,0.0045878
76,435.127,14.3186,7,2,0.0712891,0,0.00457974
77,435.127,15.2721,7,2,0.0712891,0,0.00460298
78,435.076,14.1464,7,2,0.0712891,0,0.00459107
79,109.829,12.3043,7,1,0.0566406,0,0.00459246
80,435.149,16.1679,8,2,0.0839844,0,0.00463334
81,435.151,15.1836,8,2,0.078125,0,0.00466598
82,435.151,14.3541,8,2,0.0693359,0,0.0046037
83,434.639,14.7826,8,2,0.0742188,0,0.00459923
84,435.117,14.8176,8,2,0.0761719,0,0.00462955
85,435.149,15.975,8,2,0.0810547,0,0.00467013
86,435.127,14.8799,8,2,0.0722656,0,0.00466357
87,435.127,16.6961,8,2,0.0849609,0,0.00466275
88,435.053,16.6288,8,2,0.0878906,0,0.00471307
89,435.149,18.117,8,2,0.0996094,0,0.00464349
90,435.151,16.0672,8,2,0.0800781,0,0.00469651
91,434.954,15.1334,8,2,0.0722656,0,0.00475141
92,109.829,14.2975,8,1,0.0712891,0,0.00480249
93,435.151,17.1464,8,2,0.0898438,0,0.00470186
94,435.127,15.7619,8,2,0.0761719,0,0.00471602
95,435.127,17.0482,8,2,0.0839844,0,0.0046836
96,435.151,15.7818,8,2,0.0742188,0,0.00467932
97,435.151,17.2395,8,2,0.0869141,0,0.00465601
98,435.149,19.2478,8,2,0.0996094,0,0.00472217
99,435.053,17.7684,8,2,0.0966797,0,0.00477614
100,435.127,15.9017,8,2,0.0839844,0,0.00469863
101,435.127,15.5604,8,2,0.0742188,0,0.00473307
102,435.151,18.0933,8,2,0.0966797,0,0.00478117
103,1008.92,16.8639,8,3,0.0830078,0,0.00470578
104,435.151,20.3382,8,2,0.110352,0,0.004775
105,435.151,17.2437,8,2,0.0917969,0,0.00471336
106,1011.31,16.8683,8,3,0.0898438,0,0.00470673
107,435.149,17.583,8,2,0.09375,0,0.00472306
108,435.151,17.5598,8,2,0.0917969,0,0.00468311
109,1011.31,17.9488,8,3,0.0966797,0,0.00475301
110,435.127,18.0688,8,2,0.0986328,0,0.00475253
111,435.127,19.3596,8,2,0.106445,0,0.00477483
112,435.151,18.9811,8,2,0.0966797,0,0.00480568
113,435.149,17.3812,8,2,0.0908203,0,0.00474637
114,1009.59,19.7377,8,3,0.0986328,0,0.00481431
115,435.151,21.5434,8,2,0.119141,0,0.00482173
116,435.149,19.9806,8,2,0.115234,0,0.00478101
117,435.151,21.4091,9,2,0.126953,0,0.00477891
118,435.151,23.6908,9,2,0.133789,0,0.00479695
119,1011.31,20.0399,8,3,0.104492,0,0.00482705
120,1008.92,22.5224,9,3,0.123047,0,0.00481142
121,435.127,22.0186,9,2,0.129883,0,0.00483833
122,435.151,24.0034,9,2,0.139648,0,0.00478984
123,1011.78,24.2911,8,3,0.135742,0,0.00491291
124,1012.18,24.0835,9,3,0.135742,0,0.00485335
125,435.127,22.1422,9,2,0.134766,0,0.00483961
126,435.151,25.5488,9,2,0.15332,0,0.00497193
127,435.149,20.0293,9,2,0.117188,0,0.00490098
128,1008.92,24.5058,9,3,0.139648,0,0.00488314
129,435.151,24.4451,9,2,0.145508,0,0.00481098
130,435.151,25.5376,9,2,0.151367,0,0.00489676
131,435.149,23.4845,9,2,0.140625,0,0.00487077
132,435.149,23.0461,9,2,0.140625,0,0.00483211
133,435.151,29.3103,9,2,0.180664,0,0.00490601
134,435.151,27.9514,9,2,0.172852,0,0.00492888
135,1850.98,30.5995,9,4,0.169922,0,0.00513722
136,1009.59,29.0786,9,3,0.167969,0,0.00501366
137,435.151,30.818,9,2,0.18457,0,0.00487514
138,435.149,28.5547,9,2,0.177734,0,0.00491658
139,1843.9,29.077,9,4,0.167969,0,0.00485877
140,435.151,26.8183,9,2,0.163086,0,0.00486547
141,1008.92,30.7715,9,3,0.194336,0,0.00489516
142,1010.21,28.9028,9,3,0.170898,0,0.00500009
143,435.151,29.5545,9,2,0.178711,0,0.00492652
144,435.151,27.4388,9,2,0.167969,0,0.00490264
145,435.127,28.4536,9,2,0.180664,0,0.0048848
146,1011.31,30.5438,9,3,0.189453,0,0.00498668
147,1010.79,32.3747,9,3,0.194336,0,0.00487401
148,435.151,29.5153,9,2,0.19043,0,0.0049099
149,435.151,32.2689,9,2,0.203125,0,0.0049369
150,1011.78,31.4513,9,3,0.19043,0,0.00496339
151,435.149,30.6794,9,2,0.19043,0,0.005071
152,1843.9,35.4635,9,4,0.196289,0,0.00501609
153,435.151,29.8941,9,2,0.189453,0,0.00497104
154,1011.78,37.7411,9,3,0.236328,0,0.00494697
155,435.151,36.7946,9,2,0.244141,0,0.00504276
156,1009.59,34.3185,9,3,0.211914,0,0.00499733
157,1011.78,36.8872,9,3,0.231445,0,0.00499664
158,1008.92,31.8608,9,3,0.199219,0,0.00498517
159,1009.59,34.6701,9,3,0.225586,0,0.00497477
160,435.151,36.8843,9,2,0.235352,0,0.00496932
161,435.151,36.1655,9,2,0.237305,0,0.00496777
162,1009.59,43.0763,9,3,0.277344,0,0.00504774
163,1010.21,39.4174,9,3,0.239258,0,0.00509439
164,1009.59,36.2249,9,3,0.220703,0,0.0050278
165,1005.85,38.2811,9,3,0.242188,0,0.00509561
166,1008.92,41.3913,9,3,0.249023,0,0.00501083
167,1009.59,41.5266,9,3,0.263672,0,0.00502864
168,1010.79,39.7769,9,3,0.254883,0,0.00496577
169,1011.31,38.9525,9,3,0.24707,0,0.00506877
170,1011.78,36.8317,9,3,0.232422,0,0.00519929
171,1009.59,38.1568,10,3,0.245117,0,0.00518023
172,1008.92,39.4519,10,3,0.253906,0,0.00517969
173,1010.21,41.0271,10,3,0.264648,0,0.00515482
174,435.151,36.3092,10,2,0.241211,0,0.00512642
175,1843.9,41.8211,9,4,0.25293,0,0.00505472
176,1011.78,42.3541,10,3,0.272461,0,0.00505645
177,1011.31,42.4668,10,3,0.267578,0,0.00520988
178,1009.59,43.9005,10,3,0.277344,0,0.00508913
179,1008.21,42.5142,11,3,0.288086,0,0.00511574
180,1010.79,46.5065,11,3,0.287109,0,0.00504718
181,1011.31,45.815,11,3,0.293945,0,0.00506574
182,1008.92,43.8924,9,3,0.273438,0,0.00503606
183,1009.59,41.8483,9,3,0.269531,0,0.00506468
184,435.151,39.9625,10,2,0.265625,0,0.00508245
185,1011.78,44.2528,9,3,0.28418,0,0.0049692
186,1008.92,40.7864,9,3,0.263672,0,0.00505763
187,435.151,39.161,10,2,0.263672,0,0.00509017
188,1008.92,44.4462,10,3,0.291992,0,0.00503208
189,1010.21,41.8252,9,3,0.270508,0,0.00498086
190,1008.92,42.1074,10,3,0.271484,0,0.00506857
191,435.151,39.4416,10,2,0.253906,0,0.00512842
192,1009.59,42.6617,10,3,0.269531,0,0.00505227
193,1011.31,48.475,10,3,0.318359,0,0.00505208
194,1007.46,47.6693,10,3,0.308594,0,0.0050604
195,1010.21,42.3916,10,3,0.268555,0,0.00507276
196,1010.21,43.0751,10,3,0.275391,0,0.0050845
197,1008.92,44.8204,11,3,0.291992,0,0.00509887
198,1011.31,38.8805,10,3,0.251953,0,0.00508124
199,1007.46,47.9798,10,3,0.329102,0,0.00506241
200,1841.02,46.0103,11,4,0.296875,0,0.00507417
201,435.151,46.8665,11,2,0.308594,0,0.00513292
202,1008.92,46.4718,11,3,0.300781,0,0.00513996
203,1011.31,44.1945,11,3,0.291016,0,0.00512013
204,1009.59,50.9743,11,3,0.326172,0,0.00514901
205,1009.59,48.8828,11,3,0.3125,0,0.00508923
206,1008.92,48.6192,11,3,0.325195,0,0.00513334
207,1845.26,46.9858,11,4,0.302734,0,0.00514546
208,1011.31,44.4583,10,3,0.28418,0,0.00505702
209,1008.92,42.4922,11,3,0.283203,0,0.00509494
210,994.777,41.8787,11,3,0.277344,0,0.00506793
211,435.151,41.5771,11,2,0.273438,0,0.00510731
212,1010.79,48.5031,12,3,0.320312,0,0.00513544
213,435.151,45.3209,12,2,0.311523,0,0.00520073
214,1008.92,54.3702,12,3,0.350586,0,0.0051619
215,1010.21,47.3776,11,3,0.293945,0,0.00516969
216,1008.92,46.1079,12,3,0.292969,0,0.00517691
217,1009.59,49.1941,11,3,0.317383,0,0.00519365
218,1011.31,49.5947,12,3,0.317383,0,0.00515024
219,1010.79,49.6419,12,3,0.317383,0,0.00512238
220,1008.92,46.7693,12,3,0.302734,0,0.00515217
221,1008.92,50.8495,12,3,0.327148,0,0.005254
222,1008.92,47.0307,11,3,0.304688,0,0.00523983
223,1009.59,45.2678,12,3,0.301758,0,0.00520862
224,1008.92,50.5706,12,3,0.318359,0,0.00524631
225,1011.31,49.2794,12,3,0.314453,0,0.0051694
226,1009.59,46.5673,13,3,0.305664,0,0.00521423
227,435.151,48.3219,12,2,0.303711,0,0.00524048
228,1007.46,50.4458,12,3,0.325195,0,0.00529971
229,435.151,45.1088,12,2,0.304688,0,0.00524404
230,1008.21,50.9278,13,3,0.337891,0,0.00527712
231,1005.85,47.5768,12,3,0.321289,0,0.00529826
232,435.151,50.3994,13,2,0.325195,0,0.00520201
233,1837.92,49.1336,12,4,0.310547,0,0.00517963
234,435.151,45.5606,13,2,0.303711,0,0.00527331
235,1010.79,50.2474,12,3,0.308594,0,0.00529491
236,1008.92,48.1884,12,3,0.31543,0,0.00523298
237,1793.4,47.9574,12,4,0.302734,0,0.00525404
238,1008.92,49.9024,13,3,0.327148,0,0.00528707
239,435.151,51.4005,13,2,0.326172,0,0.00534146
240,1008.92,54.1993,13,3,0.336914,0,0.00534131
241,435.151,53.8825,13,2,0.336914,0,0.00529241
242,1008.92,54.1559,13,3,0.337891,0,0.00531507
243,1012.18,53.9536,13,3,0.333008,0,0.00535544
244,1012.18,53.2166,13,3,0.333008,0,0.00536333
245,1006.68,52.1194,13,3,0.31543,0,0.00534603
246,1831.15,54.8298,13,4,0.341797,0,0.00532929
247,1831.15,58.6357,13,4,0.348633,0,0.00554339
248,1008.92,54.2362,13,3,0.333008,0,0.00538671
249,1011.31,57.5747,13,3,0.358398,0,0.00541932
250,1008.21,51.4327,13,3,0.326172,0,0.00542442
251,1007.46,53.09,13,3,0.344727,0,0.0055156
252,1008.92,60.8674,15,3,0.375,0,0.00550636
253,1007.46,54.5705,14,3,0.331055,0,0.00555578
254,435.151,57.3719,15,2,0.370117,0,0.00549899
255,995.918,59.6374,15,3,0.382812,0,0.00562445
256,1832.91,60.595,15,4,0.37207,0,0.00562724
257,1005.85,64.8915,15,3,0.394531,0,0.00566845
258,1006.68,58.9225,15,3,0.34375,0,0.00556172
259,1007.46,55.729,15,3,0.339844,0,0.00557796
260,1002.23,60.1349,15,3,0.375977,0,0.00560798
261,1821.75,59.0956,15,4,0.348633,0,0.00560447
262,1008.92,53.6412,15,3,0.332031,0,0.0056228
263,1010.79,60.8575,15,3,0.359375,0,0.00565471
264,1825.63,66.25,15,4,0.381836,0,0.00571405
265,1007.46,62.1458,15,3,0.379883,0,0.00563592
266,1009.59,57.3637,15,3,0.350586,0,0.00576391
267,1007.46,62.4488,15,3,0.380859,0,0.00571185
268,1007.46,60.4931,15,3,0.365234,0,0.00572117
269,1004.1,64.3368,15,3,0.386719,0,0.00571598
270,1006.68,66.5815,15,3,0.411133,0,0.00567502
271,1008.92,63.9698,16,3,0.396484,0,0.0057226
272,1007.46,65.5783,15,3,0.388672,0,0.00566319
273,1011.78,60.9291,16,3,0.366211,0,0.00562354
274,1010.21,60.7754,16,3,0.37207,0,0.0056832
275,1008.92,64.1458,16,3,0.382812,0,0.0057827
276,1005.85,68.4876,17,3,0.419922,0,0.00586101
277,1834.62,64.3413,17,4,0.385742,0,0.00576685
278,1002.23,63.9474,17,3,0.381836,0,0.00581562
279,1819.76,66.1281,17,4,0.384766,0,0.005816
280,1011.31,76.0504,17,3,0.446289,0,0.0058441
281,1008.92,67.0635,17,3,0.384766,0,0.00579398
282,1832.91,68.9691,17,4,0.408203,0,0.00584053
283,1012.18,69.0665,17,3,0.40625,0,0.00580952
284,1825.63,75.9508,17,4,0.429688,0,0.00596016
285,1841.02,70.6626,17,4,0.405273,0,0.00602561
286,1832.91,70.499,17,4,0.417969,0,0.00588518
287,1004.99,71.3944,17,3,0.415039,0,0.00600112
288,1841.02,69.6776,18,4,0.397461,0,0.00605291
289,1005.85,68.0658,17,3,0.398438,0,0.00599867
290,1829.35,75.1746,19,4,0.428711,0,0.00609906
291,1811.47,76.3943,19,4,0.430664,0,0.00611732
292,1831.15,84.7188,19,4,0.46875,0,0.00620837
293,1010.79,86.9982,21,3,0.489258,0,0.0062656
294,4210.99,81.0105,20,6,0.449219,0,0.0062278
295,1827.51,78.8206,21,4,0.448242,0,0.0062425
296,1831.15,70.9713,18,4,0.402344,0,0.00626558
297,1825.63,83.682,21,4,0.458008,0,0.0063721
298,1809.31,79.3796,21,4,0.4375,0,0.00648212
299,2937.8,79.9888,21,5,0.427734,0,0.00649522
300,1791.02,84.6554,23,4,0.461914,0,0.00660245
301,1802.66,89.1963,24,4,0.498047,0,0.00656641
302,1802.66,81.9614,23,4,0.452148,0,0.00657784
303,2912.97,91.6262,23,5,0.474609,0,0.00660113
304,2915.92,90.1725,24,5,0.479492,0,0.00663582
305,1006.68,90.4539,25,3,0.487305,0,0.00701795
306,1819.76,86.0855,24,4,0.474609,0,0.00695694
307,1807.12,88.663,26,4,0.467773,0,0.00700194
308,2891.12,91.6289,24,5,0.470703,0,0.00696034
309,1771.04,86.1093,25,4,0.459961,0,0.00703505
310,1832.91,87.1128,27,4,0.451172,0,0.00728478
311,1798.09,84.9187,29,4,0.454102,0,0.00723183
312,2884.52,108.846,37,5,0.570312,0,0.00723375
313,2856.74,96.862,32,5,0.49707,0,0.00720809
314,2927.27,96.321,29,5,0.499023,0,0.00700501
315,1788.61,92.6716,30,4,0.474609,0,0.00723367
316,1839.49,95.685,31,4,0.489258,0,0.00713183
317,1811.47,101.019,32,4,0.507812,0,0.00732724
318,1791.02,99.7003,36,4,0.541016,0,0.0074364
319,1788.61,100.108,37,4,0.539062,0,0.00745293
320,1839.49,90.9268,35,4,0.49707,0,0.0074509
321,1836.29,105.655,35,4,0.523438,0,0.00761571
322,4080.24,111.193,35,6,0.536133,0,0.00781507
323,2937.8,101.859,35,5,0.513672,0,0.00753307
324,1004.99,97.5737,41,3,0.520508,0,0.00768117
325,1821.75,106.404,35,4,0.524414,0,0.00757679
326,2894.36,107.075,39,5,0.540039,0,0.00781576
327,1823.71,100.005,38,4,0.522461,0,0.00772712
328,1811.47,104.538,43,4,0.533203,0,0.00792073
329,1783.71,106.858,39,4,0.542969,0,0.00777287
330,1819.76,102.944,43,4,0.544922,0,0.00776836
331,1815.68,117.016,44,4,0.583008,0,0.00765623
332,1788.61,108.366,41,4,0.549805,0,0.00779314
333,4225.24,124.595,46,6,0.598633,0,0.0078027
334,1815.68,113.048,44,4,0.571289,0,0.00785866
335,4210.99,111.243,45,6,0.553711,0,0.00793437
336,2830.78,125.069,48,5,0.616211,0,0.00805611
337,1723.91,100.805,45,4,0.536133,0,0.0079892
338,1842.49,112.267,43,4,0.549805,0,0.00787934
339,2906.93,116.494,43,5,0.575195,0,0.00808071
340,2912.97,112.604,49,5,0.581055,0,0.00786351
341,1819.76,115.049,53,4,0.609375,0,0.0078847
342,1831.15,129.003,52,4,0.640625,0,0.0077932
343,1827.51,121.218,47,4,0.606445,0,0.00772192
344,2884.52,117.056,40,5,0.563477,0,0.00766599
345,1819.76,117.534,53,4,0.595703,0,0.00791843
346,1788.61,108.749,46,4,0.56543,0,0.00778922
347,2894.36,115.839,44,5,0.576172,0,0.00776611
348,2811.38,130.804,65,5,0.649414,0,0.00835693
349,1757.8,113.625,45,4,0.55957,0,0.00805787
350,1819.76,127.739,51,4,0.625977,0,0.00804724
351,2897.56,108.386,44,5,0.547852,0,0.00798186
352,2912.97,117.304,49,5,0.570312,0,0.00826118
353,1811.47,118.955,49,4,0.588867,0,0.00837788
354,1729.75,119.192,58,4,0.599609,0,0.00858753
355,2877.78,133.371,66,5,0.626953,0,0.00858801
356,998.128,117.665,53,3,0.581055,0,0.00852043
357,2778.96,117.539,51,5,0.575195,0,0.0085206
358,2791.31,126.466,72,5,0.612305,0,0.00884891
359,3956.58,124.167,83,6,0.607422,0,0.00865568
360,2407.01,125.25,54,5,0.59082,0,0.00876607
361,1798.09,139.051,101,4,0.648438,0,0.00894664
362,1795.76,120.576,101,4,0.600586,0,0.0087886
363,1827.51,131.515,70,4,0.618164,0,0.00881019
364,2778.96,136.056,101,5,0.638672,0,0.00895834
365,2870.9,135.178,101,5,0.646484,0,0.00870636
366,2791.31,143.13,101,5,0.65625,0,0.00878235
367,2915.92,132.53,101,5,0.648438,0,0.008872
368,1811.47,131.323,101,4,0.637695,0,0.00863682
369,4234.53,159.677,101,6,0.670898,0,0.00862588
370,2127.37,127.948,101,5,0.595703,0,0.00905178
371,2791.31,127.132,101,5,0.619141,0,0.00941058
372,4225.24,159.183,101,6,0.678711,0,0.00944131
373,1793.4,147.835,101,4,0.65918,0,0.00932608
374,5117.16,161.036,101,7,0.702148,0,0.00944356
375,5586.62,174.035,101,7,0.71582,0,0.00953773
376,4248.17,148.531,101,6,0.663086,0,0.00925707
377,8879.13,175.597,101,9,0.731445,0,0.00951106
378,6583.03,166.141,101,8,0.689453,0,0.00928821
379,7285.66,181.498,101,8,0.704102,0,0.00971822
380,3644.42,163.032,101,6,0.699219,0,0.00965053
381,2819.22,175.176,106.93,5,0.759766,1,0.00972353
382,2906.93,174.603,101,5,0.735352,0,0.00965264
383,1836.29,180.916,101,4,0.759766,0,0.00984505
384,25938.9,219.128,105,13,0.795898,1,0.00982155
385,4210.99,188.148,105,6,0.767578,1,0.0100801
386,7876.67,215.8,105.663,8,0.8125,1,0.0100388
387,3968.82,212.93,108.13,6,0.849609,1,0.0100803
388,12622.1,205.557,101,10,0.785156,0,0.00998217
389,5902.97,239.445,108.13,7,0.875977,1,0.0101235
390,7494.65,233.049,110.371,8,0.913086,1,0.0104729
391,9148.78,271.64,108.13,9,0.930664,1,0.0103552
392,7557.96,292.354,110.371,8,1.00684,1,0.0106283
393,6989.67,322.016,110.903,8,1.0498,1,0.0110322
394,12000.3,307.743,111.937,10,1.03223,1,0.0109478
395,10076.1,346.123,111.937,9,1.10156,1,0.0111394
396,12519.4,345.073,112.44,10,1.09863,1,0.0114906
397,7584.59,370.642,117.03,8,1.2168,1,0.0117632
398,15152.8,398.263,113.897,11,1.22949,1,0.0120187
399,7645.47,398.479,114.828,8,1.23633,1,0.0117203
400,26189.5,427.751,113.419,13,1.24414,1,0.0116037
401,26874.6,482.42,116.17,13,1.35645,1,0.0118532
402,93906.4,660.894,115.282,16,1.42285,1,0.0120712
403,59784.1,605.479,114.366,15,1.36523,1,0.0121972
404,15992.4,649.175,121.334,11,1.62793,1,0.0127292
405,15915.8,662.11,136.624,11,1.69043,1,0.0128167
406,52884.6,725.462,124.394,15,1.6582,1,0.0131205
407,16127.8,767.495,136.482,11,1.74512,1,0.0128797
408,300349,1251.73,137.553,18,1.84277,1,0.0135575
409,25403.1,860.05,137.037,13,1.87012,1,0.0139049
410,28081.5,981.25,137.675,13,1.95312,1,0.0135918
411,95180.2,1235.63,137.3,16,2.02344,1,0.0141082
412,59500.3,1207.3,140.131,15,2.12207,1,0.0148269
413,21103.2,1092.6,357.18,12,2.16992,2,0.0143983
414,298684,1713.26,348.286,18,2.27051,2,0.0148527
415,2.14645e+06,5022.4,426.87,21,2.62402,2,0.015449
416,8.44985e+06,16675.5,429.6,23,3.25586,2,0.0167906
417,2.15002e+06,18520.4,1655.05,21,5.03027,4,0.0210059
418,8.45014e+06,39497.1,2842.09,23,6.27051,5,0.0237999
419,1.68465e+07,43257.1,4016.86,24,6.72461,6,0.0249645
420,3.36275e+07,113000,4005,25,6.9209,6,0.0256395
421,8.45226e+06,58187.3,4389.66,23,7.08887,7,0.0258988
422,1.34301e+08,209189,4520.99,27,7.41992,7,0.0267089
423,4.25043e+06,40350.6,4022.75,22,7.08008,6,0.026181
424,1.68407e+07,72925.5,4055.7,24,6.97949,7,0.0267438
425,4.25135e+06,53306.7,3775.87,22,6.79102,6,0.0267591
426,3.36233e+07,88370.9,4016.86,25,7.0293,6,0.0264771
427,8.44889e+06,61147.3,4010.94,23,6.96387,6,0.0268536
428,1.68447e+07,81167.1,3962.71,24,6.8623,6,0.0263335
429,1.68443e+07,68650.3,4016.86,24,7.05176,6,0.0274449
430,3.36253e+07,112588,4077,25,7.03809,7,0.0263565
431,3.36233e+07,81441.2,4107.95,25,7.12012,6,0.0271809
432,1.68441e+07,72150.4,5099.37,24,7.44434,7,0.0282975
433,8.4473e+06,54001.8,4181.49,23,7.10742,6,0.027836
434,1.68416e+07,70717.9,4550.92,24,7.32812,7,0.0284536
435,8.4474e+06,63708.2,4756.33,23,7.45215,7,0.0286174
436,3.36231e+07,77256.8,5430.85,25,7.4502,7,0.0282073
437,3.36265e+07,89406.8,4717.77,25,7.25098,7,0.0279388
438,8.44624e+06,72756.1,4804.14,23,7.21094,7,0.0277449
439,8.45264e+06,65456.3,4051.83,23,7.05957,6,0.0272076
440,1.68412e+07,69265.8,4040.28,24,6.89746,6,0.0264851
441,4.24737e+06,41138.1,3912.98,22,6.69824,6,0.02676
442,8.45098e+06,54368.6,4399.86,23,6.89746,7,0.0267987
443,4.25001e+06,51280.2,4022.75,22,6.96484,6,0.0266568
444,1.68437e+07,86291.4,4756.33,24,7.3418,7,0.0275834
445,3.36235e+07,95749.8,4239.12,25,7.35156,6,0.0279013
446,3.36222e+07,123794,4051.83,25,7.04395,6,0.0277166
447,1.68409e+07,101035,5000.06,24,7.43164,7,0.0281311
448,1.68404e+07,96299.9,5256.55,24,7.52051,7,0.029064
449,1.68419e+07,60005.3,4737.09,24,7.33398,7,0.0287709
450,3.36246e+07,92912.5,4898.44,25,7.2666,7,0.0277316
451,1.68432e+07,96404.5,3974.91,24,7.0791,6,0.0274842
452,6.71832e+07,185838,4040.28,26,7.07227,6,0.0282394
453,8.45107e+06,49001.5,2803.43,23,6.62793,5,0.0273976
454,3.36277e+07,101253,3829.17,25,6.9375,6,0.0278177
455,6.71912e+07,261690,4879.73,26,7.47168,7,0.0285598
456,1.34298e+08,251109,4540.96,27,7.36133,7,0.0286366
457,3.3617e+07,218476,5204.92,25,7.64941,7,0.0296461
458,6.71884e+07,318381,3999.03,26,7.31836,6,0.0290318
459,1.34299e+08,284838,4074.61,27,7.35449,6,0.0290942
460,2.68519e+08,567976,4091.41,28,7.51562,6,0.0296369
461,6.71916e+07,473954,3789.31,26,7.3418,6,0.0298557
462,6.71899e+07,302835,2927.27,26,6.78027,5,0.0286137
463,2.68525e+08,467419,2745.01,28,6.82129,5,0.0288229
464,2.68514e+08,533080,2807.41,28,6.81836,5,0.0294746
465,2.68523e+08,740576,3378.48,28,7.05371,6,0.0298259
466,6.71857e+07,353109,2778.96,26,6.6582,5,0.028143
467,2.68524e+08,746367,2803.43,28,6.68945,5,0.0286878
468,5.36964e+08,901292,2803.43,29,6.89844,5,0.0293682
469,5.36962e+08,881988,2241.48,29,6.38867,5,0.0287394
470,6.71875e+07,726700,3514.05,26,7.44629,6,0.0312811
471,5.36967e+08,1.63582e+06,2830.78,29,7.0957,5,0.0302802
472,2.68527e+08,680305,2294.02,28,6.57324,5,0.028778
473,5.36968e+08,1.33093e+06,3469.42,29,7.3623,6,0.0313792
474,1.34301e+08,839573,3370.8,27,7.26172,6,0.0310821
475,6.71797e+07,354861,2845.8,26,6.93066,5,0.0299832
476,8.59006e+09,9.49084e+06,3454.42,33,7.37109,6,0.0312972
477,5.36969e+08,1.7366e+06,4022.75,29,8.0791,6,0.0324561
478,2.6853e+08,1.39734e+06,4166.27,28,8.08594,6,0.0328181
479,2.68525e+08,1.10874e+06,4034.46,28,7.89746,6,0.0322195
480,2.68525e+08,1.23152e+06,4358.99,28,8.21582,7,0.0326487
481,2.68522e+08,882473,3822.58,28,7.66309,6,0.0310613
482,5.36973e+08,1.99636e+06,4698.39,29,8.14258,7,0.0320223
483,1.07385e+09,1.9935e+06,3893.96,30,7.65039,6,0.0308384
484,6.71855e+07,801319,5438.88,26,8.65234,7,0.0333746
485,2.68527e+08,992914,4096.95,28,8.07812,6,0.0318528
486,5.3697e+08,1.09129e+06,4620.2,29,8.01855,7,0.0318323
487,1.34298e+08,901772,4046.07,27,7.90527,6,0.0318966
488,6.71901e+07,608008,4022.75,26,7.67285,6,0.0314963
489,2.68521e+08,1.00406e+06,3974.91,28,7.65332,6,0.030675
490,6.71855e+07,526376,3693.62,26,7.48047,6,0.030649
491,1.34301e+08,781464,4028.62,27,7.7627,6,0.0318935
492,1.34302e+08,695103,4124.23,27,7.99219,6,0.0320939
493,2.1476e+09,3.14784e+06,4063.27,31,7.85059,6,0.0319068
494,2.68525e+08,1.34348e+06,3906.66,28,7.94629,6,0.0318954
495,1.07384e+09,2.4755e+06,4140.56,30,7.82422,7,0.0314579
496,1.07384e+09,2.50461e+06,4074.61,30,8.03516,6,0.0315721
497,2.68516e+08,999920,3938.03,28,7.88184,6,0.030632
498,1.07384e+09,2.30784e+06,4063.27,30,8.20996,6,0.0317828
499,1.07384e+09,2.56219e+06,4879.73,30,8.1377,7,0.031622
500,2.68525e+08,1.51093e+06,3815.97,28,7.74219,6,0.0311754
501,5.36967e+08,1.94018e+06,4804.14,29,8.40723,7,0.0324784
502,5.36967e+08,1.5334e+06,5533.32,29,8.70605,7,0.0331052
503,1.34301e+08,1.08464e+06,5548.69,27,8.65918,7,0.0332182
504,5.36968e+08,1.39892e+06,5579.09,29,8.53809,7,0.0324072
505,2.68527e+08,1.72482e+06,5340.83,28,8.50098,7,0.032626
506,1.07385e+09,2.09231e+06,5282.07,30,8.43848,7,0.0323888
507,2.1476e+09,3.03375e+06,4746.72,31,8.09863,7,0.0315545
508,1.07384e+09,2.30505e+06,5541.02,30,8.39551,7,0.0311509
509,1.34303e+08,1.40013e+06,6232.54,27,9.10059,8,0.0336031
510,2.14759e+09,3.95658e+06,5390.29,31,8.43945,7,0.0322304
511,5.36963e+08,2.07912e+06,7275.83,29,9.29395,8,0.0348837
512,5.36972e+08,2.24036e+06,4889.09,29,8.375,7,0.0323296
513,1.34305e+08,1.38781e+06,5494.43,27,8.67285,7,0.0333455
514,2.68526e+08,2.0872e+06,5454.88,28,8.78125,7,0.0336566
515,2.68528e+08,1.83271e+06,5609.03,28,8.85449,7,0.0341501
516,2.14759e+09,3.8618e+06,5730.85,31,8.91895,7,0.0345314
517,2.6852e+08,1.76968e+06,4215.78,28,8.17383,6,0.0315576
518,5.36964e+08,1.89026e+06,4785.07,29,8.35254,7,0.0325087
519,1.34304e+08,1.15127e+06,4580.71,27,8.1875,7,0.0323679
520,2.68526e+08,1.58891e+06,4102.47,28,8.04297,6,0.0316868
521,2.14758e+09,3.30279e+06,5230.83,31,8.50781,7,0.0334997
522,2.68522e+08,1.53749e+06,6502.82,28,8.86035,8,0.033833
523,5.36967e+08,3.6289e+06,6491.28,29,9.07422,8,0.034522
524,5.36963e+08,2.08704e+06,6315.86,29,8.99023,8,0.0332648
525,5.36969e+08,2.20066e+06,6729.32,29,9.33691,8,0.0346419
526,2.1476e+09,3.94542e+06,7083.83,31,9.2832,8,0.0344198
527,2.68527e+08,1.28148e+06,7196.15,28,9.10742,8,0.0333929
528,1.07384e+09,3.04098e+06,6605.76,30,9.0166,8,0.033167
529,2.68526e+08,1.68655e+06,5340.83,28,8.66797,7,0.0326727
530,2.68524e+08,1.7746e+06,5382.11,28,8.60449,7,0.0325363
531,4.29509e+09,5.31371e+06,4639.85,32,8.36035,7,0.0313212
532,5.36969e+08,2.51913e+06,8252.3,29,9.6543,9,0.033423
533,2.68515e+08,1.44693e+06,7094.17,28,9.23145,8,0.0323212
534,1.34301e+08,1.58294e+06,7104.48,27,9.02051,8,0.0319528
535,2.1476e+09,4.01085e+06,5357.41,31,8.76074,7,0.0311879
536,2.6852e+08,1.91842e+06,5349.14,28,8.4707,7,0.0317191
537,5.36962e+08,2.97136e+06,5256.55,29,8.58301,7,0.0319478
538,5.36963e+08,2.78999e+06,5764.86,29,8.8125,7,0.0323905
539,2.68523e+08,1.60491e+06,5623.83,28,8.84375,7,0.0328296
540,5.36956e+08,3.49565e+06,5653.06,29,9.0791,7,0.0329732
541,2.14759e+09,5.76406e+06,5494.43,31,8.83398,7,0.0325137
542,2.1476e+09,1.22342e+07,7566.87,31,9.73828,8,0.0348122
543,3.43599e+10,3.78505e+07,5727.07,35,9.32031,8,0.0335471
544,5.36969e+08,8.50106e+06,10981.1,29,10.5908,10,0.0385613
545,1.07384e+09,5.54808e+06,9571.62,30,10.2588,9,0.0382403
546,8.59005e+09,1.38838e+07,9406.74,33,10.5342,9,0.039653
547,2.1476e+09,9.49148e+06,11753.3,31,10.9199,10,0.0396202
548,2.14759e+09,8.52593e+06,11282,31,10.626,10,0.0385004
549,2.14758e+09,9.10841e+06,12028.8,31,11.2295,10,0.0391001
550,1.07384e+09,7.83111e+06,9685.61,30,10.4883,9,0.0381864
551,5.36963e+08,6.19847e+06,12155.5,29,10.8955,10,0.0390972
552,2.1476e+09,7.74371e+06,11313.2,31,10.8896,10,0.0387274
553,1.718e+10,2.33448e+07,12360.8,34,10.9775,10,0.0396148
554,2.14759e+09,6.65049e+06,10932.8,31,10.6084,10,0.0375144
555,5.36969e+08,5.41724e+06,11986,29,10.9014,10,0.0380083
556,1.07384e+09,7.71848e+06,9752.4,30,10.5557,9,0.0373835
557,5.36975e+08,5.84163e+06,12493.3,29,10.9551,10,0.0369804
558,1.07384e+09,6.97623e+06,9975.87,30,10.3799,9,0.0356761
559,2.1476e+09,9.59304e+06,12085.4,31,10.8633,10,0.0369474
560,4.29508e+09,1.82276e+07,9986.08,32,10.5527,9,0.0368823
561,4.29509e+09,1.19448e+07,12014.6,32,10.6914,10,0.0363247
562,2.14759e+09,8.4639e+06,9696.83,31,10.6436,9,0.035734
563,1.07384e+09,6.8656e+06,10011.6,30,10.4648,10,0.0350086
564,1.07385e+09,8.38664e+06,12224.8,30,10.8262,10,0.0355733
565,2.14759e+09,7.7787e+06,9309.92,31,10.0605,9,0.0340829
566,1.07384e+09,6.37675e+06,10851.8,30,10.4551,10,0.0349646
567,4.29508e+09,9.69002e+06,11942.9,32,10.6484,10,0.035562
568,1.07384e+09,6.18237e+06,11971.7,30,10.7666,10,0.035938
569,2.14759e+09,1.02105e+07,8879.13,31,10.3096,9,0.0354387
570,8.59007e+09,1.8186e+07,10884.2,33,10.6621,10,0.035944
571,1.07383e+09,8.52838e+06,9752.4,30,10.5117,9,0.035228
572,2.14758e+09,1.351e+07,9882.15,31,10.6943,9,0.036125
573,2.1476e+09,1.38172e+07,11841.4,31,11.1084,10,0.0376386
574,6.87196e+10,9.58874e+07,12155.5,36,11.5225,10,0.0389276
575,8.59005e+09,3.3387e+07,15354.6,33,12.1543,11,0.0417905
576,1.07385e+09,2.19049e+07,12392.4,30,11.9834,11,0.0425383
577,1.718e+10,3.9726e+07,12238.5,34,11.7256,10,0.0412347
578,2.1476e+09,1.89291e+07,11986,31,11.4277,10,0.041141
579,2.1476e+09,2.8099e+07,14629.5,31,11.9834,11,0.0419864
580,4.29508e+09,2.06545e+07,11812.1,32,11.165,10,0.0397175
581,6.87196e+10,1.11802e+08,12310,36,11.6357,11,0.0414484
582,8.59005e+09,3.19722e+07,15664.6,33,12.1309,11,0.0410403
583,1.07385e+09,2.33984e+07,12698.6,30,11.7178,11,0.0405136
584,6.87196e+10,1.04101e+08,14859.4,36,11.6816,11,0.0398105
585,4.29509e+09,3.57126e+07,15237.4,32,11.9395,11,0.0400223
586,2.14759e+09,2.69572e+07,15664.6,31,12.1162,11,0.0402842
587,1.718e+10,5.13184e+07,15648.5,34,12.2949,11,0.041312
588,4.29508e+09,2.39832e+07,13626.9,32,11.6748,11,0.039213
589,6.87196e+10,1.40543e+08,14981.3,36,11.708,11,0.0395695
590,6.87196e+10,2.29789e+08,19938,36,13.1865,12,0.0442342
591,6.87196e+10,4.20846e+08,24336.6,36,13.834,13,0.0455302
592,1.37439e+11,2.39594e+08,19899.7,37,13.3848,12,0.0439072
593,1.37439e+11,2.62291e+08,24112.2,37,13.6963,13,0.0447204
594,3.43599e+10,1.60186e+08,26722.7,35,13.9844,13,0.0458441
595,2.74878e+11,4.51002e+08,24997.3,38,14.1094,13,0.0454874
596,3.43599e+10,1.8677e+08,35648.6,35,14.3457,14,0.0467213
597,8.59006e+09,1.07198e+08,37431.3,33,14.5459,14,0.0470049
598,1.09951e+12,1.54934e+09,27667.9,40,14.3408,13,0.0466343
599,3.43599e+10,1.71217e+08,37279.8,35,14.6201,14,0.0468343
600,6.87196e+10,3.29629e+08,39170,36,14.7314,14,0.0468017
601,5.49756e+11,6.87086e+08,57360.3,39,15.4844,15,0.0483948
602,5.49756e+11,7.47268e+08,38783.5,39,15.3574,14,0.048763
603,6.87196e+10,2.79947e+08,38480,36,15.165,14,0.048198
604,2.74878e+11,4.45281e+08,37755.3,38,14.7373,14,0.0475402
605,6.87196e+10,2.10349e+08,39170,36,15.165,14,0.048711
606,1.37439e+11,3.26333e+08,39147.6,37,15.125,14,0.0491201
607,2.74878e+11,5.09635e+08,55740.4,38,15.0859,15,0.0485112
608,2.74878e+11,4.30808e+08,36999,38,14.6904,14,0.0472766
609,1.09951e+12,1.24159e+09,92525.7,40,15.668,16,0.049782
610,1.09951e+12,1.35288e+09,93756.7,40,15.8467,16,0.0500368
611,1.37439e+11,3.90886e+08,38644.3,37,15.0889,14,0.0463416
612,6.87196e+10,2.27914e+08,37305.1,36,15.0635,14,0.0466435
613,2.74878e+11,4.36715e+08,38597.6,38,14.9424,14,0.0467786
614,1.37439e+11,3.85058e+08,27945.8,37,14.8438,13,0.0452777
615,3.43599e+10,2.45404e+08,38049.1,35,14.8838,14,0.0458954
616,3.43599e+10,1.65364e+08,25869.9,35,14.1279,13,0.0443712
617,1.718e+10,1.15662e+08,37829.2,34,14.5898,14,0.0458648
618,1.37439e+11,3.37623e+08,35402.5,37,14.3916,14,0.0463522
619,1.09951e+12,1.22579e+09,38170,40,14.6182,14,0.0468539
620,6.87196e+10,2.18912e+08,38966.9,36,14.8799,14,0.0461219
621,3.43599e+10,1.28402e+08,37556.6,35,14.4141,14,0.0442849
622,1.37439e+11,2.49656e+08,27088.6,37,14.3037,13,0.0454743
623,6.87196e+10,2.25135e+08,26917.7,36,14.1104,13,0.0444335
624,2.74878e+11,4.63788e+08,19995.2,38,13.374,12,0.0430581
625,6.87196e+10,1.76942e+08,18818.5,36,13.4688,12,0.0419524
626,3.43599e+10,1.44901e+08,19822.7,35,13.1572,12,0.0411383
627,3.43599e+10,1.39891e+08,20165,35,13.2793,12,0.0425216
628,6.87196e+10,1.83202e+08,15915.8,36,12.958,11,0.0416337
629,1.718e+10,1.27616e+08,15775.6,34,12.8145,11,0.0405836
630,1.718e+10,8.37077e+07,15486.6,34,12.5195,11,0.0403974
631,2.19902e+12,2.19486e+09,15869.4,41,12.7881,11,0.0408597
632,1.718e+10,1.20133e+08,25567.8,34,13.9697,13,0.0414855
633,1.718e+10,1.20213e+08,19861.3,34,13.2471,12,0.0395631
634,6.87196e+10,2.83212e+08,20952,36,13.9463,12,0.042416
635,1.718e+10,1.50241e+08,19289.7,34,13.6777,12,0.0412712
636,3.43599e+10,1.50489e+08,21152.8,35,13.832,12,0.0420687
637,1.37439e+11,2.77556e+08,26766.3,37,13.8398,13,0.041363
638,6.87196e+10,2.36452e+08,36505.1,36,14.3682,14,0.0436961
639,1.37439e+11,4.30441e+08,27688.1,37,14.2773,13,0.04387
640,2.74878e+11,3.71233e+08,27867.3,38,14.2246,13,0.0429274
641,3.43599e+10,3.3641e+08,27402.7,35,14.3213,13,0.0457826
642,1.718e+10,2.03763e+08,38218.1,34,14.7373,14,0.0465319
643,1.09951e+12,1.54476e+09,24112.2,40,14.0498,13,0.045319
644,3.43599e+10,1.88742e+08,19549.2,35,13.6094,12,0.0435743
645,3.43599e+10,1.90657e+08,20258.1,35,13.8916,12,0.0448035
646,1.09951e+12,2.15912e+09,26391.7,40,14.2881,13,0.0464623
647,5.49756e+11,8.83423e+08,20368.6,39,13.8047,12,0.0454919
648,1.37439e+11,7.8367e+08,20423.4,37,13.8486,12,0.0452125
649,1.09951e+12,1.42317e+09,15869.4,40,13.0352,11,0.0424923
650,5.49756e+11,1.36325e+09,15946.6,39,13.1875,11,0.0435375
651,1.37439e+11,6.7335e+08,19450,37,13.46,12,0.0441337
652,6.87196e+10,4.47772e+08,19025.2,36,13.1963,12,0.0427223
653,5.49756e+11,1.81161e+09,20014.2,39,13.3613,12,0.0427233
654,6.87196e+10,3.41854e+08,16007.6,36,13,11,0.0415082
655,2.74878e+11,1.25454e+09,16068,38,13.0098,11,0.0421391
656,2.19902e+12,3.07149e+09,16402.4,41,13.4453,11,0.043255
657,2.74878e+11,1.42339e+09,20952,38,13.8047,12,0.0443467
658,1.09951e+12,2.5276e+09,20459.8,40,13.459,12,0.0431499
659,5.49756e+11,1.67079e+09,12293.2,39,12.6084,10,0.041435
660,1.09951e+12,2.72961e+09,12320.3,40,12.3945,10,0.0409838
661,1.09951e+12,1.78209e+09,14894.4,40,12.5674,11,0.0411874
662,5.49756e+11,2.25521e+09,11928.5,39,12.5469,10,0.0409724
663,4.39805e+12,6.82579e+09,15807,42,13.2783,11,0.0420772
664,2.19902e+12,5.61281e+09,21202,41,14.2148,12,0.0441142
665,5.49756e+11,1.9632e+09,37927.3,39,14.7344,14,0.0451813
666,2.74878e+11,1.85206e+09,27067.4,38,14.2715,13,0.0437634
667,1.09951e+12,3.46672e+09,27965.3,40,14.6045,13,0.0450304
668,4.39805e+12,8.81102e+09,27173.2,42,14.2588,13,0.0434992
669,4.39805e+12,7.55222e+09,20183.7,42,13.9971,12,0.0436161
670,1.75922e+13,1.94926e+10,21103.2,44,13.8574,12,0.0427809
671,7.03687e+13,7.24127e+10,12057.2,46,12.0723,10,0.037705
672,1.09951e+12,5.064e+09,15869.4,40,13.1016,11,0.0416353
673,1.09951e+12,3.94204e+09,20108.7,40,13.2295,12,0.0427223
674,2.74878e+11,1.8409e+09,15884.9,38,13.1631,11,0.0428667
675,1.75922e+13,2.28041e+10,15696.5,44,13.1973,11,0.0435784
676,5.49756e+11,3.45115e+09,15404.3,39,13.085,11,0.0427318
677,1.09951e+12,3.56356e+09,12071.3,40,12.5293,10,0.0418677
678,7.03687e+13,9.03772e+10,12387.6,46,12.8789,10,0.041887
679,1.75922e+13,1.86182e+10,14593.7,44,12.5146,11,0.0406674
680,4.39805e+12,8.4606e+09,15220.6,42,12.6436,11,0.0399336
681,4.39805e+12,5.74064e+09,11649.1,42,11.9365,10,0.0385489
682,8.79609e+12,1.7065e+10,7429.74,43,10.7158,8,0.0358679
683,8.79609e+12,9.90444e+09,7503.79,43,10.5186,8,0.0350134
684,2.19902e+12,1.00163e+10,11723.6,41,12.167,10,0.0419052
685,2.81475e+14,3.06875e+11,9548.43,48,11.7119,9,0.0414321
686,2.81475e+14,3.65395e+11,11187.9,48,12.7578,10,0.0434046
687,1.40737e+14,1.78981e+11,11589,47,12.6191,10,0.0454116
688,1.75922e+13,4.05038e+10,11885.1,44,12.3281,10,0.0443009
689,1.75922e+13,3.44596e+10,12293.2,44,12.9951,10,0.0463807
690,5.6295e+14,1.14541e+12,12634.8,49,12.8145,10,0.0460817
691,3.51844e+13,1.4164e+11,11812.1,45,12.6572,10,0.0454652
692,4.5036e+15,4.46856e+12,10997.1,52,12.2334,10,0.0447881
693,3.51844e+13,6.42877e+10,11250.8,45,12.1484,10,0.0435951
694,2.81475e+14,3.48694e+11,9322.12,48,11.3984,9,0.0420682
695,7.03687e+13,9.23909e+10,8852.88,46,11.9004,9,0.0443733
696,1.40737e+14,1.95038e+11,9548.43,47,12.5439,9,0.0460661
697,7.03687e+13,1.74631e+11,11406.1,46,12.834,10,0.0466391
698,2.81475e+14,3.49555e+11,11203.7,48,13.0869,10,0.0494306
699,7.03687e+13,9.00767e+10,12183.3,46,13.3135,10,0.048467
700,1.40737e+14,1.90987e+11,11513.2,47,12.9316,10,0.048102
701,3.51844e+13,6.52494e+10,8110.04,45,12.2695,9,0.0464781
702,7.03687e+13,8.92915e+10,7315,46,11.8623,8,0.0437275
703,5.6295e+14,6.3201e+11,12000.3,49,13.2168,10,0.0485841
704,7.03687e+13,1.07364e+11,8138.65,46,12.2812,9,0.0454935
705,1.40737e+14,1.80075e+11,11498,47,13.0566,10,0.0481443
706,4.5036e+15,4.96163e+12,9198.85,52,13.583,9,0.0509747
707,9.0072e+15,8.81031e+12,7206.2,53,11.4824,8,0.0441347
708,1.75922e+13,4.36387e+10,5723.94,44,11.2422,7,0.0420441
709,7.03687e+13,1.53583e+11,5703.02,46,10.9473,7,0.0415974
710,1.1259e+15,1.41141e+12,6479.72,50,10.9277,8,0.0415674
711,7.03687e+13,7.46091e+10,5556.33,46,9.9209,7,0.0377914
712,7.03687e+13,1.31824e+11,5752.38,46,11.0156,8,0.0406065
713,8.79609e+12,2.49827e+10,7521.98,43,11.8721,8,0.0438304
714,1.75922e+13,3.92002e+10,8996.05,44,12.1807,9,0.0445834
715,7.03687e+13,1.1025e+11,9430.66,46,12.0449,9,0.0444151
716,3.51844e+13,1.0087e+11,9346.44,45,12.2393,9,0.0442799
717,3.51844e+13,1.5165e+11,9594.67,45,12.6084,9,0.0456718
718,3.51844e+13,5.13148e+10,8612.39,45,12.2822,9,0.0442225
719,2.81475e+14,3.34558e+11,11266.4,48,12.8809,10,0.04752
720,1.75922e+13,4.17827e+10,12057.2,44,13.9893,10,0.0513637
721,1.80144e+16,1.80468e+13,8905.29,54,12.9082,9,0.0486456
722,1.1259e+15,1.39799e+12,11914.1,50,14.3604,10,0.0530796
723,2.2518e+15,2.56224e+12,15744.1,51,15.1016,11,0.055338
724,1.40737e+14,4.68873e+11,14211.5,47,14.9404,11,0.0561246
725,1.80144e+16,1.95431e+13,12900.1,54,15,11,0.0550269
726,1.80144e+16,3.22859e+13,10688.1,54,14.9131,10,0.0558535
727,9.0072e+15,1.18478e+13,10269.2,53,14.582,10,0.0561596
728,2.81475e+14,3.84975e+11,10721,48,14.1699,10,0.0534777
729,1.1259e+15,2.44082e+12,8110.04,50,13.8604,9,0.0518601
730,1.1259e+15,2.56308e+12,9358.56,50,14.3076,9,0.0531807
731,1.40737e+14,6.06566e+11,8544.27,47,13.9209,9,0.0512194
732,2.81475e+14,7.14525e+11,10638.5,48,14.7744,10,0.0539188
733,5.6295e+14,8.69564e+11,11885.1,49,15.0039,10,0.0542801
734,1.1259e+15,3.37911e+12,10671.6,50,15.1328,10,0.0549672
735,1.40737e+14,4.83749e+11,9136.19,47,14.249,9,0.0526802
736,1.80144e+16,1.81809e+13,11649.1,54,14.3691,10,0.0538614
737,5.6295e+14,1.23593e+12,11124.7,49,14.3643,10,0.0515001
738,5.6295e+14,1.15192e+12,12265.9,49,14.4521,10,0.0529098
739,2.2518e+15,2.8335e+12,15033,51,15.499,11,0.055782
740,1.40737e+14,3.02344e+11,13158.9,47,14.5186,11,0.0533038
741,9.0072e+15,9.33941e+12,12609.4,53,14.8877,10,0.0540674
742,3.51844e+13,2.06561e+11,9060.14,45,13.3037,9,0.0487885
743,5.6295e+14,1.19299e+12,11708.8,49,14.0508,10,0.0512904
744,3.51844e+13,2.29345e+11,15453.8,45,14.7266,11,0.0538076
745,5.6295e+14,6.9923e+11,12293.2,49,14.2822,10,0.0518035
746,2.81475e+14,9.44663e+11,15648.5,48,15.6133,11,0.0575487
747,2.2518e+15,3.44927e+12,10721,51,14.8047,10,0.0557077
748,2.2518e+15,5.31989e+12,12453.9,51,15.3701,10,0.0571868
749,5.6295e+14,1.45117e+12,19066.2,49,16.2861,12,0.0606356
750,1.1259e+15,2.92303e+12,25141.5,50,16.998,13,0.0631901
751,4.5036e+15,7.2335e+12,27728.2,52,16.5518,13,0.0616363
752,2.2518e+15,3.32013e+12,14485.7,51,14.9033,11,0.0570398
753,2.2518e+15,6.05768e+12,19489.7,51,15.8867,12,0.0594587
754,9.0072e+15,2.36666e+13,15470.2,53,15.6836,11,0.0591516
755,5.6295e+14,2.38492e+12,19107.1,49,15.8184,12,0.0592756
756,2.2518e+15,8.067e+12,13511.2,51,14.6719,11,0.0550379
757,1.1259e+15,2.04742e+12,11826.8,50,14.4316,10,0.0545051
758,3.60288e+16,3.64835e+13,15220.6,55,15.4004,11,0.0557311
759,1.80144e+16,2.78436e+13,26458.5,54,16.4785,13,0.058123
760,2.2518e+15,2.92064e+12,26788,51,16.1992,13,0.0573494
761,5.6295e+14,1.11141e+12,18755.9,49,14.8857,12,0.0530988
762,1.80144e+16,1.88488e+13,18246.7,54,14.6455,12,0.0523033
763,9.0072e+15,1.31193e+13,26896.2,53,16.207,13,0.0567247
764,2.2518e+15,6.62788e+12,56003.3,51,17.5771,15,0.0620038
765,1.1259e+15,3.83419e+12,36947.6,50,17.1592,14,0.0616736
766,2.81475e+14,1.26312e+12,27215.3,48,16.5205,13,0.058685
767,4.5036e+15,7.48323e+12,25823.7,52,16.4629,13,0.0592319
768,1.1259e+15,1.71617e+12,18901.5,50,15.123,12,0.0543744
769,2.2518e+15,2.80656e+12,26700.9,51,15.9805,13,0.0575139
770,1.1259e+15,2.50154e+12,38170,50,16.8096,14,0.0603671
771,5.6295e+14,1.57889e+12,26279.7,49,16.1807,13,0.059745
772,4.5036e+15,6.22429e+12,20014.2,52,15.4531,12,0.0569963
773,2.2518e+15,2.93764e+12,56032.3,51,16.9893,15,0.0605157
774,7.03687e+13,3.88826e+11,37531.6,46,16.5469,14,0.0591549
775,1.1259e+15,1.81761e+12,24237.2,50,16.1865,13,0.0582987
776,1.80144e+16,2.01331e+13,27152.1,54,16.0254,13,0.0563513
777,2.2518e+15,6.48927e+12,19045.7,51,15.9004,12,0.0557563
778,1.44115e+17,1.42986e+14,12558.2,57,14.3057,10,0.0501944
779,2.2518e+15,3.09978e+12,26480.7,51,16.0381,13,0.0551724
780,9.0072e+15,1.18612e+13,24011.8,53,16.3164,13,0.0567205
781,1.1259e+15,2.14778e+12,34024.4,50,16.6836,14,0.0570771
782,5.6295e+14,1.24613e+12,25707.9,49,16,13,0.0543003
783,4.5036e+15,7.15553e+12,38194.1,52,17.4199,14,0.0588619
784,2.2518e+15,3.8424e+12,25684.6,51,16.5625,13,0.0584369
785,2.2518e+15,3.99742e+12,38667.6,51,17.0967,14,0.0595731
786,3.60288e+16,3.89714e+13,25961.8,55,16.4424,13,0.0566472
787,9.0072e+15,1.25373e+13,19025.2,53,15.4512,12,0.0535352
788,7.20576e+16,9.06405e+13,19628,56,16.2246,12,0.0576307
789,5.6295e+14,2.89604e+12,19745.2,49,16.1201,12,0.0580253
790,2.2518e+15,4.43908e+12,19957.1,51,14.9854,12,0.0544964
791,4.5036e+15,6.96561e+12,18901.5,52,15.3203,12,0.0555879
792,2.81475e+14,7.22594e+11,20071,48,15.0039,12,0.0544703
793,5.6295e+14,8.1828e+11,19686.7,49,15.0752,12,0.0542304
794,2.2518e+15,7.01549e+12,19976.2,51,16.0811,12,0.0580114
795,1.1259e+15,2.64709e+12,16303.1,50,15.0596,11,0.0547437
796,5.6295e+14,1.34843e+12,19608.3,49,15.3135,12,0.0549788
797,4.5036e+15,5.16282e+12,12583.9,52,14.3447,10,0.0515835
798,2.2518e+15,3.87239e+12,19127.5,51,15.4229,12,0.0532979
799,1.1259e+15,1.53116e+12,20368.6,50,15.2285,12,0.0519504
800,2.2518e+15,3.71395e+12,27173.2,51,15.9385,13,0.0559763
801,1.44115e+17,1.553e+14,17545,57,15.4932,12,0.0554319
802,1.80144e+16,1.99875e+13,13433.5,54,14.9766,11,0.0552915
803,1.80144e+16,2.13584e+13,14629.5,54,15.1348,11,0.0569147
804,1.1259e+15,3.345e+12,9418.71,50,13.8574,9,0.0527851
805,5.6295e+14,1.91933e+12,12360.8,49,14.7812,10,0.0562838
806,9.0072e+15,1.5106e+13,19647.6,53,15.8789,12,0.0586271
807,3.60288e+16,7.25585e+13,10555.5,55,14.3838,10,0.0560148
808,2.2518e+15,3.97048e+12,13277.2,51,15.2598,11,0.0569288
809,5.6295e+14,1.70852e+12,11140.6,49,14.0264,10,0.0525054
810,3.60288e+16,4.14224e+13,15015.8,55,14.542,11,0.0540386
811,5.6295e+14,1.4584e+12,12293.2,49,13.8311,10,0.0516728
812,2.2518e+15,3.18798e+12,12127.6,51,13.8994,10,0.0515728
813,2.2518e+15,5.84356e+12,12722.4,51,14.0645,10,0.0512211
814,9.0072e+15,9.89455e+12,17611.9,53,14.9619,12,0.0537938
815,1.1259e+15,2.27433e+12,33706.7,50,16.4707,14,0.0577771
816,2.2518e+15,4.48415e+12,25684.6,51,15.6162,13,0.0556162
817,4.5036e+15,8.79612e+12,37656.2,52,16.8779,14,0.0586641
818,5.6295e+14,1.87939e+12,55147.2,49,17.1348,15,0.0598805
819,4.5036e+15,6.48917e+12,35181.8,52,16.6953,14,0.0578705
820,4.5036e+15,8.43917e+12,57442.4,52,17.7598,15,0.061533
821,4.5036e+15,9.21153e+12,93393.5,52,18.2686,16,0.062916
822,1.80144e+16,2.93648e+13,55027.1,54,17.5693,15,0.0597256
823,4.5036e+15,9.83791e+12,91272.2,52,18.3311,16,0.0620464
824,1.1259e+15,5.11652e+12,164976,50,18.9014,17,0.0638092
825,9.0072e+15,1.50948e+13,92525.7,53,18.3711,16,0.0619822
826,2.2518e+15,4.70523e+12,164702,51,19.0078,17,0.0634327
827,1.1259e+15,4.52691e+12,566989,50,20.3281,19,0.0679358
828,1.80144e+16,3.62794e+13,565336,54,19.7617,19,0.0658993
829,3.60288e+16,5.45113e+13,560674,55,19.9043,19,0.0660528
830,3.60288e+16,6.79724e+13,2.14419e+06,55,21.1299,21,0.0704841
831,9.22337e+18,9.10965e+15,557626,63,20.0303,19,0.0679153
832,1.80144e+16,2.42883e+13,161115,54,18.1338,17,0.0608298
833,1.80144e+16,4.34443e+13,58375.6,54,17.9639,15,0.0618907
834,7.20576e+16,7.70502e+13,89902.8,56,17.8262,16,0.0613449
835,1.80144e+16,4.24645e+13,58271.4,54,17.8633,15,0.0619497
836,3.60288e+16,5.7852e+13,26700.9,55,15.6543,13,0.0556662
837,7.20576e+16,9.45346e+13,27423.4,56,16.0537,13,0.0567568
838,7.20576e+16,9.32978e+13,55117.2,56,17.6484,15,0.0611971
839,7.20576e+16,1.474e+14,38170,56,17.1279,14,0.060334
840,3.60288e+16,9.80076e+13,38597.6,55,17.8086,14,0.0638962
841,1.15292e+18,2.3266e+15,38000.5,60,17.2256,14,0.0613527
842,1.15292e+18,1.46759e+15,89561.2,60,17.8594,16,0.0632674
843,4.72237e+21,4.61189e+18,93726.7,72,17.7314,16,0.0604032
844,4.61169e+18,4.63751e+15,38480,62,16.9756,14,0.0609034
845,5.76461e+17,6.54476e+14,26257.2,59,16.7021,13,0.0628163
846,4.61169e+18,9.30039e+15,11013.2,62,14.3438,10,0.0545738
847,2.8823e+17,2.98148e+14,21103.2,58,15.4688,12,0.0562155
848,5.76461e+17,1.02936e+15,561557,59,19.8857,19,0.0709087
849,1.15292e+18,1.40859e+15,296988,60,19.7539,18,0.0704825
850,4.61169e+18,4.95202e+15,562382,62,20.168,19,0.0715479
851,1.84467e+19,1.83497e+16,299547,64,19.4453,18,0.0703278
852,2.95148e+20,3.08464e+17,564648,68,19.1768,19,0.0713891
853,1.84467e+19,1.87584e+16,58709.7,64,18.1758,15,0.0681661
854,4.61169e+18,5.36604e+15,25567.8,62,16.3975,13,0.0616533
855,1.15292e+18,2.03713e+15,19861.3,60,16.376,12,0.061424
856,3.68935e+19,3.62785e+16,26324.5,65,16.5879,13,0.0619889
857,2.8823e+17,1.03654e+15,26347,58,16.8213,13,0.0619325
858,1.15292e+18,1.90339e+15,20276.6,60,16.0713,12,0.0596806
859,2.36118e+21,3.46157e+18,34339.2,71,17.3008,14,0.0633092
860,4.72237e+21,4.6148e+18,93606.1,72,18.1123,16,0.0658007
861,9.22337e+18,9.52979e+15,56888.7,63,17.7812,15,0.0657603
862,3.68935e+19,5.64382e+16,27402.7,65,17.2529,13,0.0623766
863,1.15292e+18,2.784e+15,18797.6,60,15.4951,12,0.0574054
864,2.30584e+18,2.5516e+15,27131,61,16.0645,13,0.0591955
865,2.8823e+17,7.09993e+14,34735.3,58,16.0732,14,0.0585163
866,3.68935e+19,5.46324e+16,37279.8,65,16.7256,14,0.060462
867,5.76461e+17,9.90269e+14,23529.5,59,15.835,13,0.0581297
868,3.68935e+19,3.9046e+16,36947.6,65,16.9473,14,0.063111
869,1.15292e+18,3.32052e+15,91985.4,60,18.875,16,0.0680625
870,2.30584e+18,2.93761e+15,38550.7,61,17.6992,14,0.0646317
871,5.90296e+20,7.30414e+17,93966,69,18.666,16,0.0666558
872,3.77789e+22,3.69109e+19,161670,75,18.916,17,0.0697886
873,3.68935e+19,4.67268e+16,18289.7,65,16.0205,12,0.0616835
874,2.95148e+20,3.01771e+17,11297.6,68,15.5225,10,0.0624204
875,1.47574e+20,2.00391e+17,20127.5,67,17.1533,12,0.0680393
876,7.3787e+19,1.8077e+17,12141.5,66,16.1084,10,0.0652192
877,1.84467e+19,2.1255e+16,10605.4,64,15.4033,10,0.0626741
878,2.30584e+18,9.05763e+15,12360.8,61,16.501,10,0.0657356
879,7.92282e+28,7.73713e+25,13665.4,96,15.9092,11,0.0635634
880,9.22337e+18,1.51763e+16,15584.2,63,15.8799,11,0.0628891
881,4.72237e+21,4.62232e+18,11436.8,72,15.1328,10,0.0610624
882,1.88895e+22,1.98954e+19,12127.6,74,15.5303,10,0.0640142
883,7.3787e+19,1.20337e+17,6050.99,66,12.8105,8,0.0537027
884,5.76461e+17,1.52313e+15,5365.98,59,12.4697,8,0.0525511
885,1.47574e+20,1.53442e+17,7114.77,67,13.7207,8,0.0580746
886,5.76461e+17,2.12626e+15,6075.42,59,12.2588,8,0.0530368
887,7.3787e+19,7.52661e+16,8557.94,66,13.1094,9,0.0547159
888,3.68935e+19,5.67004e+16,11219.4,65,14.4033,10,0.0595484
889,1.84467e+19,2.9876e+16,10505.5,64,14.5703,10,0.0596684
890,4.61169e+18,8.80076e+15,11573.9,62,15.2939,10,0.0622311
891,9.22337e+18,1.71759e+16,10655.1,63,14.7021,10,0.059512
892,9.44473e+21,9.38039e+18,17767,73,16.5635,12,0.0658207
893,3.02231e+23,4.42881e+20,5298.97,78,12.7227,7,0.0552078
894,2.95148e+20,4.43798e+17,7275.83,68,13.415,8,0.0546406
895,1.15292e+18,1.99241e+15,10085.9,60,14.2871,9,0.0567177
896,1.18059e+21,1.46215e+18,14593.7,70,14.9541,11,0.0571824
897,9.90352e+27,9.67141e+24,7155.67,93,13.3262,8,0.0528531
898,2.8823e+17,8.28766e+14,9708.01,58,14.3955,9,0.0546125
899,7.55579e+22,7.45307e+19,11782.8,76,14.1807,10,0.0538444
900,3.02231e+23,3.13604e+20,13316.4,78,15.1367,11,0.058467
901,2.41785e+24,2.51025e+21,18942.9,81,16.7861,12,0.0652398
902,2.36118e+21,3.02903e+18,19350,71,17.1211,12,0.0664509
903,1.84467e+19,3.9475e+16,20052.1,64,17.0479,12,0.0667276
904,2.36118e+21,2.3309e+18,19976.2,71,16.5645,12,0.0642759
905,1.20893e+24,1.19941e+21,94143.9,80,18.5742,16,0.0711535
906,7.92282e+28,8.70427e+25,38242.1,96,17.5527,14,0.0678348
907,9.22337e+18,2.06797e+16,11634.1,63,15.0771,10,0.0589543
908,6.04463e+23,5.90641e+20,25473.9,79,16.8945,13,0.0655908
909,2.36118e+21,3.78054e+18,57000.5,71,17.5117,15,0.0672761
910,6.04463e+23,6.54892e+20,52207.5,79,17.666,15,0.0689185
911,2.30584e+18,1.05849e+16,1.09155e+06,61,19.6328,20,0.0766814
912,3.02231e+23,4.5215e+20,162351,78,18.5645,17,0.0724035
913,1.51116e+23,1.62773e+20,20089.9,77,16.5615,12,0.0668041
914,6.04463e+23,5.94933e+20,559777,79,18.5312,19,0.0727886
915,9.90352e+27,9.6726e+24,52628,93,17.8994,15,0.0708411
916,4.72237e+21,4.63135e+18,35484.8,72,17.1719,14,0.0679813
917,7.92282e+28,7.73713e+25,36818.4,96,17.5947,14,0.0693804
918,1.47574e+20,4.37733e+17,18818.5,67,15.3994,12,0.0613799
919,3.02231e+23,3.15907e+20,33473.7,78,16.4922,14,0.0645608
920,2.95148e+20,3.18304e+17,27827.7,68,16.4375,13,0.0630766
921,1.84467e+19,2.77482e+16,13079.7,64,14.5625,11,0.055623
922,3.68935e+19,3.96509e+16,13988,65,14.4727,11,0.0564589
923,7.92282e+28,1.54745e+26,35292.4,96,16.9199,14,0.0659058
924,7.92282e+28,7.73713e+25,54389,96,16.877,15,0.0664383
925,1.20893e+24,1.22673e+21,19803.4,80,15.665,12,0.0616389
926,7.92282e+28,8.2283e+25,88414.3,96,17.3398,16,0.0681061
927,7.92282e+28,8.2213e+25,559992,96,18.9424,19,0.0754404
928,7.92282e+28,1.55052e+26,296579,96,18.4619,18,0.0720433
929,7.92282e+28,7.73736e+25,38480,96,16.5059,14,0.0642877
930,7.92282e+28,1.55498e+26,163635,96,18.1123,17,0.0716143
931,6.04463e+23,6.31963e+20,558248,79,17.7041,19,0.0674235
932,7.92282e+28,7.73749e+25,162951,96,17.6748,17,0.0679668
933,1.93428e+25,1.96322e+22,91792.4,84,16.4131,16,0.0632523
934,1.20893e+24,1.77125e+21,91792.4,80,17.1816,16,0.0664409
935,7.92282e+28,7.73784e+25,158771,96,16.5732,17,0.0648242
936,7.92282e+28,1.54759e+26,56888.7,96,17.0283,15,0.0682733
937,7.92282e+28,1.20893e+26,14981.3,96,15.6748,11,0.0633118
938,7.92282e+28,7.8736e+25,16053,96,15.8105,11,0.0623196
939,7.73713e+25,7.65978e+22,16068,86,15.0381,11,0.0601874
940,7.92282e+28,2.35749e+26,9560.04,96,15.3467,9,0.0642449
941,3.96141e+28,4.11077e+25,8338.84,95,14.9209,10,0.0620206
942,7.92282e+28,3.09499e+26,16068,96,16.4941,11,0.0691861
943,7.92282e+28,7.73754e+25,8066.97,96,14.6836,9,0.0619601
944,7.92282e+28,1.54749e+26,7485.47,96,14.6055,8,0.0619555
945,7.92282e+28,1.57162e+26,9248.49,96,14.4268,9,0.0605221
946,7.92282e+28,7.73875e+25,17275.5,96,16.1855,12,0.0665344
947,7.92282e+28,7.7375e+25,51684.3,96,17.2285,15,0.0695676
948,7.92282e+28,3.09647e+26,9749.51,96,14.7227,10,0.0628724
949,7.92282e+28,7.98104e+25,13988,96,15.0186,11,0.0627839
950,7.92282e+28,1.54745e+26,3912.98,96,13.5898,6,0.058165
951,7.92282e+28,9.67153e+25,12099.5,96,14.5469,10,0.0606146
952,1.93428e+25,2.6296e+22,9454.45,84,13.9277,9,0.0586282
953,7.92282e+28,1.01554e+26,19568.9,96,15.5381,12,0.0636028
954,7.92282e+28,2.32192e+26,15169.8,96,14.6562,11,0.0603787
955,7.92282e+28,2.32116e+26,25237,96,15.8232,13,0.0629891
956,7.92282e+28,1.59582e+26,25567.8,96,16.3359,13,0.0657931
957,7.92282e+28,7.79762e+25,24706.1,96,15.6846,13,0.0646519
958,7.92282e+28,2.32268e+26,12169.4,96,15.5195,10,0.0649764
959,7.92282e+28,2.43008e+26,8760.25,96,14.8164,9,0.0626003
960,7.92282e+28,3.0949e+26,5703.02,96,14.415,7,0.0618438
961,7.92282e+28,2.34532e+26,5256.55,96,13.7959,7,0.0583772
962,7.92282e+28,7.85852e+25,4102.47,96,13.4014,6,0.0588164
963,7.92282e+28,1.54744e+26,5161.3,96,13.5889,7,0.0595902
964,2.41785e+24,2.98416e+21,7236.2,81,13.0713,8,0.0556208
965,7.92282e+28,1.54744e+26,4823.15,96,13.123,7,0.0583768
966,7.92282e+28,3.0951e+26,3887.57,96,12.8037,6,0.0557803
967,7.92282e+28,1.64414e+26,2288.23,96,11.3643,5,0.0494445
968,2.41785e+24,4.87059e+21,2439.84,81,11.1582,5,0.0495717
969,7.92282e+28,1.60186e+26,3651.5,96,12.5137,6,0.055733
970,7.92282e+28,4.64228e+26,6063.21,96,13.4199,8,0.0585289
971,7.92282e+28,3.09485e+26,6111.95,96,13.2305,8,0.05841
972,1.93428e+25,3.24121e+22,5548.69,84,13.8662,7,0.0612289
973,7.92282e+28,1.54819e+26,5751.36,96,13.8242,7,0.0595762
974,7.92282e+28,1.93429e+26,9406.74,96,14.4307,9,0.0621351
975,7.92282e+28,1.54745e+26,9903.25,96,14.5088,9,0.0622692
976,7.92282e+28,2.32872e+26,9674.36,96,15.0684,9,0.0639397
977,7.92282e+28,2.3212e+26,5470.78,96,14.2256,7,0.0619816
978,7.92282e+28,1.54752e+26,4649.65,96,14.1963,7,0.0638959
979,7.92282e+28,2.32116e+26,12144.3,96,15.2783,11,0.0671873
980,4.95176e+27,6.0476e+24,26569.2,92,16.5371,13,0.069641
981,7.92282e+28,1.54825e+26,15807,96,16.5381,11,0.0733738
982,7.92282e+28,7.73764e+25,11250.8,96,16.3105,10,0.0708959
983,7.92282e+28,2.51458e+26,18651.1,96,16.0615,12,0.0698895
984,7.92282e+28,2.39374e+26,11045.2,96,15.0693,10,0.06557
985,7.92282e+28,7.73758e+25,5599.52,96,14.1768,8,0.0633015
986,7.92282e+28,2.36389e+26,14118.8,96,17.5488,11,0.0780122
987,7.92282e+28,4.11341e+26,6839.38,96,15.9229,8,0.070095
988,7.92282e+28,5.80516e+26,14700.8,96,18.1396,11,0.0792593
989,7.92282e+28,2.39922e+26,12387.6,96,17.8525,10,0.0783913
990,7.92282e+28,4.64245e+26,10522.2,96,16.3574,10,0.0720837
991,7.92282e+28,2.32721e+26,10505.5,96,15.5391,10,0.0669657
992,7.92282e+28,5.416e+26,20350.3,96,17.668,12,0.0753444
993,7.92282e+28,3.87464e+26,36557.6,96,18.0625,14,0.0779462
994,7.92282e+28,1.5535e+26,17545,96,16.5117,12,0.0713247
995,7.92282e+28,1.16106e+26,24137.3,96,17.4756,13,0.0766504
996,7.92282e+28,2.41868e+26,36921.8,96,17.4971,14,0.0751643
997,7.92282e+28,1.54754e+26,53644.6,96,18.1504,15,0.0769164
998,7.92282e+28,3.13124e+26,56032.3,96,19.1787,15,0.0822632
999,7.92282e+28,4.65842e+26,93726.7,96,19.4463,16,0.0828215
1000,7.92282e+28,3.11929e+26,37203.6,96,18.6064,14,0.0804174
1001,7.92282e+28,3.09795e+26,35264.8,96,17.9424,14,0.0753902
1002,7.92282e+28,7.74248e+25,90610.5,96,18.8262,16,0.0811838
1003,7.92282e+28,2.3212e+26,35539.5,96,17.5996,14,0.0765148
1004,7.92282e+28,3.09592e+26,26766.3,96,18.2607,13,0.0786213
1005,7.92282e+28,1.59588e+26,17744.9,96,16.4365,12,0.071263
1006,7.92282e+28,1.56256e+26,24137.3,96,16.7822,13,0.0731711
1007,7.92282e+28,5.47649e+26,27236.3,96,18.5244,13,0.0824222
1008,7.92282e+28,3.10698e+26,24583.6,96,17.7695,13,0.077938
1009,7.92282e+28,7.98425e+25,24706.1,96,17.29,13,0.0749379
1010,7.92282e+28,3.86866e+26,38024.8,96,18.8506,14,0.0837128
1011,7.92282e+28,4.64566e+26,162418,96,20.6631,17,0.0938791
1012,7.92282e+28,7.78782e+26,56606.6,96,19.9287,15,0.0894913
1013,7.92282e+28,4.64906e+26,91075,96,20.1416,16,0.0905143
1014,7.92282e+28,4.27513e+26,55027.1,96,19.8633,15,0.0893527
1015,7.92282e+28,3.09836e+26,160265,96,20.6963,17,0.0908377
1016,7.92282e+28,4.83606e+26,57605.7,96,20.0938,15,0.0899513
1017,7.92282e+28,1.64771e+26,25661.3,96,18.3848,13,0.0808585
1018,7.92282e+28,6.96974e+26,162452,96,20.3643,17,0.0893302
1019,7.92282e+28,1.12552e+27,37431.3,96,19.3867,14,0.0856557
1020,7.92282e+28,4.70315e+26,297466,96,21.4385,18,0.0937923
1021,7.92282e+28,8.7166e+26,297210,96,21.2656,18,0.0939244
1022,7.92282e+28,8.52363e+26,1.09062e+06,96,22.9473,20,0.10032
1023,7.92282e+28,7.01741e+26,161393,96,21.6074,17,0.0952288
1024,7.92282e+28,7.74064e+26,162619,96,20.9346,17,0.0916196
1025,7.92282e+28,8.53514e+26,293271,96,20.8486,18,0.0914833
1026,7.92282e+28,1.08358e+27,561640,96,21.3037,19,0.0930854
1027,7.92282e+28,3.86895e+26,561806,96,21.5391,19,0.092435
1028,7.92282e+28,6.1961e+26,1.0862e+06,96,21.6406,20,0.0934641
1029,7.92282e+28,8.72202e+26,4.2418e+06,96,23.6865,22,0.105395
1030,7.92282e+28,6.22154e+26,163148,96,21.8994,17,0.0978313
1031,7.92282e+28,4.84764e+26,563392,96,21.8799,19,0.0958636
1032,7.92282e+28,4.25579e+26,561598,96,21.3096,19,0.0918776
1033,7.92282e+28,4.84084e+26,163279,96,20.4795,17,0.0886779
1034,7.92282e+28,5.83425e+26,296840,96,22.1299,18,0.0977211
1035,7.92282e+28,4.69833e+26,293952,96,21.7217,18,0.0968948
1036,7.92282e+28,1.09085e+27,560419,96,22.0986,19,0.0955652
1037,7.92282e+28,5.53101e+26,558733,96,22.0752,19,0.0964615
1038,7.92282e+28,6.19798e+26,1.09013e+06,96,22.9238,20,0.0999963
1039,7.92282e+28,3.97221e+26,561096,96,21.3672,19,0.0926235
1040,7.92282e+28,8.91075e+26,562829,96,22.6113,19,0.0987207
1041,7.92282e+28,6.38951e+26,559127,96,22.1416,19,0.0958291
1042,7.92282e+28,6.19306e+26,2.14232e+06,96,22.2373,21,0.0957258
1043,7.92282e+28,6.58568e+26,553768,96,20.6152,19,0.0878494
1044,7.92282e+28,1.163e+27,555906,96,21.7041,19,0.0945143
1045,7.92282e+28,4.64236e+26,563432,96,21.873,19,0.093434
1046,7.92282e+28,8.60781e+26,1.09159e+06,96,22.293,20,0.0953402
1047,7.92282e+28,6.3427e+26,1.0942e+06,96,22.1729,20,0.0953537
1048,7.92282e+28,4.86108e+26,1.09e+06,96,22.1885,20,0.0947728
1049,7.92282e+28,1.04454e+27,1.08238e+06,96,22.415,20,0.0962945
1050,7.92282e+28,6.22605e+26,298366,96,21.4111,18,0.089862
1051,7.92282e+28,7.35354e+26,1.08677e+06,96,21.9102,20,0.0931407
1052,7.92282e+28,6.19043e+26,295286,96,21.4199,18,0.0912746
1053,7.92282e+28,6.22779e+26,162012,96,20.8799,17,0.0902056
1054,7.92282e+28,1.16058e+27,298259,96,21.3496,18,0.0906534
1055,7.92282e+28,6.20231e+26,159324,96,20.4131,17,0.0873486
1056,7.92282e+28,7.02406e+26,291467,96,20.9141,18,0.0884218
1057,7.92282e+28,7.15698e+26,296316,96,20.7598,18,0.0894272
1058,7.92282e+28,4.65489e+26,295823,96,21.2246,18,0.0894385
1059,7.92282e+28,3.15632e+26,564648,96,21.6787,19,0.0917104
1060,7.92282e+28,5.52525e+26,2.13831e+06,96,22.5723,21,0.0960905
1061,7.92282e+28,6.96388e+26,294819,96,21.6719,18,0.0917616
1062,7.92282e+28,5.41644e+26,560970,96,21.7256,19,0.0943122
1063,7.92282e+28,1.10802e+27,559647,96,22.1777,19,0.0952679
1064,7.92282e+28,6.22012e+26,1.08804e+06,96,21.6123,20,0.0927202
1065,7.92282e+28,6.96525e+26,38049.1,96,19.9014,14,0.085511
1066,7.92282e+28,9.47942e+26,297575,96,21.6279,18,0.0931133
1067,7.92282e+28,1.08804e+27,296877,96,21.4219,18,0.0913477
1068,7.92282e+28,8.51727e+26,562012,96,22.0977,19,0.0943853
1069,7.92282e+28,1.24113e+27,1.08905e+06,96,22.7578,20,0.0986822
1070,7.92282e+28,3.87781e+26,1.08757e+06,96,22.0996,20,0.0941279
1071,7.92282e+28,7.06057e+26,2.14295e+06,96,22.7549,21,0.0975271
1072,7.92282e+28,1.16067e+27,1.09296e+06,96,22.4844,20,0.094893
1073,7.92282e+28,1.31834e+27,2.14089e+06,96,22.7109,21,0.0952988
1074,7.92282e+28,8.52238e+26,561473,96,22.2783,19,0.0972426
1075,7.92282e+28,1.09308e+27,1.08682e+06,96,22.918,20,0.0983279
1076,7.92282e+28,6.96882e+26,566774,96,22.5029,19,0.0961848
1077,7.92282e+28,7.73786e+26,2.14242e+06,96,22.7754,21,0.0958302
1078,7.92282e+28,1.31912e+27,2.14456e+06,96,23.2598,21,0.0980365
1079,7.92282e+28,8.52345e+26,2.14367e+06,96,23.835,21,0.101201
1080,7.92282e+28,1.35465e+27,8.44146e+06,96,24.7725,23,0.106731
1081,7.92282e+28,6.19308e+26,2.14168e+06,96,23.1084,21,0.0972216
1082,7.92282e+28,1.26828e+27,2.13468e+06,96,23.7012,21,0.101409
1083,7.92282e+28,9.78955e+26,2.13685e+06,96,22.9023,21,0.0967286
1084,7.92282e+28,5.81583e+26,1.08877e+06,96,22.6074,20,0.0960363
1085,7.92282e+28,1.00826e+27,2.14183e+06,96,22.792,21,0.0967323
1086,7.92282e+28,6.38484e+26,2.14139e+06,96,22.54,21,0.0947897
1087,7.92282e+28,7.74343e+26,1.08258e+06,96,22.6396,20,0.0969245
1088,7.92282e+28,7.85815e+26,1.68247e+07,96,24.249,24,0.102546
1089,7.92282e+28,1.51178e+27,1.68321e+07,96,25.5215,24,0.107742
1090,7.92282e+28,1.39648e+27,2.14109e+06,96,23.5869,21,0.100153
1091,7.92282e+28,1.19926e+27,4.24592e+06,96,24.0742,22,0.101582
1092,7.92282e+28,1.62506e+27,4.24567e+06,96,24.9502,22,0.106961
1093,7.92282e+28,1.08502e+27,4.23784e+06,96,23.5791,22,0.099133
1094,7.92282e+28,1.31653e+27,4.24672e+06,96,22.8203,22,0.0942903
1095,7.92282e+28,1.28396e+27,1.08771e+06,96,22.8184,20,0.0984321
1096,7.92282e+28,8.61719e+26,1.08729e+06,96,22.3301,20,0.0961221
1097,7.92282e+28,1.16118e+27,1.09062e+06,96,22.0723,20,0.0924354
1098,7.92282e+28,1.10618e+27,2.13984e+06,96,22.9199,21,0.0969462
1099,7.92282e+28,8.70441e+26,2.14572e+06,96,22.8398,21,0.0955043
1100,7.92282e+28,8.73503e+26,2.14367e+06,96,23.1553,21,0.0975604
1101,7.92282e+28,9.38378e+26,1.08941e+06,96,21.5439,20,0.091613
1102,7.92282e+28,1.50875e+27,1.08946e+06,96,22.502,20,0.0969772
1103,7.92282e+28,1.0832e+27,1.08738e+06,96,21.7979,20,0.0907788
1104,7.92282e+28,1.16059e+27,2.1448e+06,96,22.6338,21,0.0958484
1105,7.92282e+28,1.08322e+27,562829,96,21.5996,19,0.093017
1106,7.92282e+28,3.92954e+26,560249,96,21.4561,19,0.0912536
1107,7.92282e+28,6.19893e+26,2.14212e+06,96,22.8477,21,0.099763
1108,7.92282e+28,5.46452e+26,4.24407e+06,96,23.7578,22,0.102096
1109,7.92282e+28,7.73735e+26,2.14304e+06,96,23.6865,21,0.103144
1110,7.92282e+28,5.41644e+26,4.24297e+06,96,23.2109,22,0.0990754
1111,7.92282e+28,8.89773e+26,1.0885e+06,96,22.6699,20,0.0970427
1112,7.92282e+28,1.16066e+27,8.43846e+06,96,24.1426,23,0.102685
1113,7.92282e+28,5.42832e+26,4.23591e+06,96,23.333,22,0.0992894
1114,7.92282e+28,7.74039e+26,1.68308e+07,96,24.2676,24,0.102793
1115,7.92282e+28,1.07452e+27,1.68345e+07,96,25.3477,24,0.107922
1116,7.92282e+28,1.28641e+27,8.44544e+06,96,24.8398,23,0.104662
1117,7.92282e+28,1.16603e+27,8.44576e+06,96,25.291,23,0.108398
1118,7.92282e+28,1.00621e+27,1.68339e+07,96,25.333,24,0.107697
1119,7.92282e+28,9.47828e+26,4.24233e+06,96,23.7588,22,0.103922
1120,7.92282e+28,1.40145e+27,8.43957e+06,96,25.2285,23,0.109467
1121,7.92282e+28,1.12431e+27,1.68343e+07,96,25.3438,24,0.109182
1122,7.92282e+28,1.3959e+27,8.44186e+06,96,25.5244,23,0.109452
1123,7.92282e+28,8.52189e+26,8.44619e+06,96,25.1582,23,0.108107
1124,7.92282e+28,1.54744e+27,8.44512e+06,96,25.0625,23,0.10899
1125,7.92282e+28,1.59776e+27,8.44403e+06,96,25.5996,23,0.11164
1126,7.92282e+28,7.11047e+26,8.44807e+06,96,25.5918,23,0.109854
1127,7.92282e+28,1.49428e+27,8.43928e+06,96,24.9248,23,0.107938
1128,7.92282e+28,1.24098e+27,1.6836e+07,96,25.6963,24,0.109783
1129,7.92282e+28,1.03591e+27,3.36147e+07,96,25.833,25,0.108756
1130,7.92282e+28,6.19594e+26,1.68316e+07,96,24.9805,24,0.104169
1131,7.92282e+28,1.32016e+27,8.4432e+06,96,25.2529,23,0.106485
1132,7.92282e+28,1.01674e+27,8.44682e+06,96,25.1074,23,0.105688
1133,7.92282e+28,9.28483e+26,8.44292e+06,96,23.9287,23,0.101
1134,7.92282e+28,8.51127e+26,8.43775e+06,96,24.2188,23,0.099932
1135,7.92282e+28,1.00585e+27,2.14319e+06,96,23.085,21,0.0997671
1136,7.92282e+28,6.23975e+26,4.24104e+06,96,24.0703,22,0.106016
1137,7.92282e+28,7.7652e+26,1.68327e+07,96,24.6514,24,0.104242
1138,7.92282e+28,7.7861e+26,4.2483e+06,96,23.6943,22,0.102497
1139,7.92282e+28,1.00585e+27,8.43939e+06,96,24.3428,23,0.102308
1140,7.92282e+28,6.19342e+26,8.44436e+06,96,24.9551,23,0.110056
1141,7.92282e+28,4.70411e+26,1.68325e+07,96,24.9971,24,0.108527
1142,7.92282e+28,7.73733e+26,1.68321e+07,96,24.8984,24,0.111146
1143,7.92282e+28,1.39275e+27,8.44095e+06,96,24.7461,23,0.107868
1144,7.92282e+28,1.18494e+27,4.24474e+06,96,24.5186,22,0.107247
1145,7.92282e+28,6.96736e+26,1.68377e+07,96,25.6152,24,0.111208
1146,7.92282e+28,1.35763e+27,3.36105e+07,96,26.3037,25,0.114715
1147,7.92282e+28,8.07585e+26,8.44719e+06,96,24.4775,23,0.105553
1148,7.92282e+28,6.65621e+26,3.36197e+07,96,26.5781,25,0.113962
1149,7.92282e+28,1.19968e+27,6.71724e+07,96,27.6943,26,0.123243
1150,7.92282e+28,1.42898e+27,1.68394e+07,96,26.1348,24,0.11223
1151,7.92282e+28,1.24341e+27,1.68355e+07,96,26.6689,24,0.115897
1152,7.92282e+28,9.29717e+26,1.68341e+07,96,25.5166,24,0.109662
1153,7.92282e+28,1.16301e+27,6.71746e+07,96,28.4316,26,0.122892
1154,7.92282e+28,1.01074e+27,6.71794e+07,96,27.6895,26,0.119114
1155,7.92282e+28,1.48943e+27,3.36188e+07,96,26.7871,25,0.116017
1156,7.92282e+28,1.20472e+27,3.36182e+07,96,26.8926,25,0.116756
1157,7.92282e+28,2.32424e+27,1.34275e+08,96,30.1074,27,0.132818
1158,7.92282e+28,2.10118e+27,6.71762e+07,96,29.124,26,0.129909
1159,7.92282e+28,2.06742e+27,6.71805e+07,96,30.5879,26,0.135371
1160,7.92282e+28,1.70718e+27,1.34285e+08,96,30.167,27,0.134842
1161,7.92282e+28,1.78947e+27,2.68503e+08,96,30.4932,28,0.135996
1162,7.92282e+28,1.71672e+27,2.68507e+08,96,31.2656,28,0.140791
1163,7.92282e+28,2.45977e+27,1.34288e+08,96,31.6514,27,0.143734
1164,7.92282e+28,2.13509e+27,2.68511e+08,96,31.623,28,0.142176
1165,7.92282e+28,2.11581e+27,1.34288e+08,96,30.8643,27,0.138719
1166,7.92282e+28,2.25352e+27,2.68507e+08,96,31.8799,28,0.143829
1167,7.92282e+28,2.03865e+27,2.68516e+08,96,32.1562,28,0.144319
1168,7.92282e+28,2.55405e+27,2.68509e+08,96,32.3643,28,0.146986
1169,7.92282e+28,2.63742e+27,2.68511e+08,96,32.5928,28,0.148008
1170,7.92282e+28,2.00498e+27,2.68521e+08,96,32.6816,28,0.149311
1171,7.92282e+28,2.19748e+27,2.68513e+08,96,32.3691,28,0.149121
1172,7.92282e+28,2.06565e+27,5.36945e+08,96,32.4336,29,0.146105
1173,7.92282e+28,2.5557e+27,1.34294e+08,96,31.6572,27,0.142387
1174,7.92282e+28,1.93505e+27,2.68523e+08,96,31.6445,28,0.142861
1175,7.92282e+28,2.3236e+27,5.36949e+08,96,31.8418,29,0.14346
1176,7.92282e+28,3.33105e+27,2.68517e+08,96,32.8525,28,0.150517
1177,1.58456e+29,2.11243e+27,5.36948e+08,97,32.8789,29,0.150224
1178,7.92282e+28,2.32335e+27,5.36951e+08,96,32.4434,29,0.147236
1179,7.92282e+28,2.09449e+27,1.3429e+08,96,31.0635,27,0.142072
1180,7.92282e+28,2.12901e+27,2.68506e+08,96,31.0908,28,0.142342
1181,7.92282e+28,1.72985e+27,2.68526e+08,96,31.8008,28,0.147831
1182,7.92282e+28,1.43755e+27,2.68506e+08,96,31.0605,28,0.143639
1183,7.92282e+28,1.85724e+27,5.36944e+08,96,31.5566,29,0.142939
1184,7.92282e+28,2.40951e+27,2.68502e+08,96,30.8574,28,0.142881
1185,7.92282e+28,2.3622e+27,2.68512e+08,96,31.5264,28,0.144404
1186,7.92282e+28,1.39289e+27,1.34284e+08,96,29.6006,27,0.134094
1187,7.92282e+28,2.06368e+27,2.68499e+08,96,31.1377,28,0.142541
1188,7.92282e+28,1.67809e+27,6.71822e+07,96,29.9268,26,0.137616
1189,7.92282e+28,2.24515e+27,1.34292e+08,96,30.8496,27,0.141251
1190,7.92282e+28,2.09551e+27,6.7176e+07,96,29.7861,26,0.136913
1191,7.92282e+28,1.75323e+27,2.68508e+08,96,31.3096,28,0.143654
1192,7.92282e+28,2.27546e+27,2.68509e+08,96,31.6621,28,0.145715
1193,7.92282e+28,1.66538e+27,1.34294e+08,96,30.3418,27,0.138347
1194,7.92282e+28,2.24441e+27,1.34288e+08,96,30.4824,27,0.139841
1195,7.92282e+28,1.48099e+27,2.68506e+08,96,30.4199,28,0.136658
1196,7.92282e+28,1.64448e+27,6.71792e+07,96,29.7578,26,0.137657
1197,3.16913e+29,2.32454e+27,6.71787e+07,98,29.4023,26,0.133698
1198,7.92282e+28,1.47812e+27,2.68507e+08,96,31.0312,28,0.143361
1199,7.92282e+28,2.29065e+27,2.68511e+08,96,32.3408,28,0.151561
1200,7.92282e+28,2.67678e+27,1.34284e+08,96,30.9219,27,0.143294
1201,7.92282e+28,3.04691e+27,5.36954e+08,96,32.7295,29,0.15325
1202,7.92282e+28,2.61307e+27,2.68513e+08,96,32.1562,28,0.148833
1203,7.92282e+28,1.5791e+27,2.68506e+08,96,30.7021,28,0.140121
1204,7.92282e+28,2.44575e+27,2.68508e+08,96,31.001,28,0.143782
1205,1.58456e+29,1.98435e+27,2.68514e+08,97,31.25,28,0.142823
1206,7.92282e+28,1.86116e+27,2.68505e+08,96,31.1182,28,0.143391
1207,7.92282e+28,1.88924e+27,6.71823e+07,96,29.958,26,0.138378
1208,7.92282e+28,1.47624e+27,5.36943e+08,96,31.7178,29,0.147621
1209,7.92282e+28,2.16842e+27,2.68502e+08,96,30.79,28,0.140178
1210,7.92282e+28,1.94398e+27,1.34285e+08,96,29.3604,27,0.132387
1211,7.92282e+28,2.26592e+27,6.71818e+07,96,30.5166,26,0.140665
1212,7.92282e+28,1.96993e+27,1.34294e+08,96,30.9346,27,0.143499
1213,7.92282e+28,1.97501e+27,1.3428e+08,96,30.0879,27,0.139348
1214,7.92282e+28,2.40217e+27,1.34287e+08,96,31.5986,27,0.145391
1215,7.92282e+28,2.95866e+27,2.68515e+08,96,31.9277,28,0.146754
1216,7.92282e+28,3.22513e+27,2.68502e+08,96,32.4434,28,0.149012
1217,7.92282e+28,3.17874e+27,5.36958e+08,96,33.7246,29,0.155771
1218,7.92282e+28,2.70932e+27,1.34291e+08,96,31.6328,27,0.148348
1219,7.92282e+28,2.89801e+27,2.68523e+08,96,33.0234,28,0.152357
1220,1.58456e+29,4.07373e+27,5.36955e+08,97,33.8809,29,0.156181
1221,7.92282e+28,1.99504e+27,1.3429e+08,96,30.6992,27,0.141862
1222,7.92282e+28,2.4048e+27,5.36941e+08,96,33.0664,29,0.153424
1223,7.92282e+28,3.35651e+27,2.68504e+08,96,32.9453,28,0.153309
1224,7.92282e+28,3.34486e+27,2.68507e+08,96,32.1895,28,0.149877
1225,7.92282e+28,3.19803e+27,1.07382e+09,96,34.4834,30,0.158878
1226,7.92282e+28,3.02802e+27,5.36943e+08,96,32.751,29,0.151327
1227,7.92282e+28,3.3274e+27,2.68517e+08,96,32.7236,28,0.152869
1228,7.92282e+28,3.05536e+27,5.36944e+08,96,33.3447,29,0.154489
1229,7.92282e+28,2.32608e+27,5.36941e+08,96,33.5488,29,0.155424
1230,7.92282e+28,2.73871e+27,2.6851e+08,96,31.627,28,0.147583
1231,7.92282e+28,3.32855e+27,1.34279e+08,96,31.4922,27,0.1451
1232,7.92282e+28,2.64185e+27,2.68503e+08,96,31.7803,28,0.146587
1233,7.92282e+28,2.65528e+27,5.36942e+08,96,32.3105,29,0.149428
1234,7.92282e+28,3.32998e+27,5.36951e+08,96,33.5713,29,0.157182
1235,7.92282e+28,3.29107e+27,2.14757e+09,96,34.585,31,0.161417
1236,7.92282e+28,2.95712e+27,1.07383e+09,96,33.7598,30,0.157087
1237,7.92282e+28,3.67675e+27,5.36949e+08,96,33.5498,29,0.154666
1238,7.92282e+28,4.04103e+27,5.36945e+08,96,34.5322,29,0.162797
1239,7.92282e+28,3.80875e+27,5.3695e+08,96,34.708,29,0.163232
1240,7.92282e+28,3.12724e+27,5.36953e+08,96,34.5889,29,0.161167
1241,7.92282e+28,2.78572e+27,5.36947e+08,96,33.4512,29,0.155479
1242,7.92282e+28,4.06956e+27,1.07383e+09,96,35.9395,30,0.169844
1243,7.92282e+28,3.72719e+27,5.36951e+08,96,34.332,29,0.162779
1244,7.92282e+28,4.52298e+27,5.36954e+08,96,34.8418,29,0.163194
1245,7.92282e+28,3.79862e+27,1.07382e+09,96,34.459,30,0.163669
1246,7.92282e+28,2.80874e+27,1.07383e+09,96,34.0186,30,0.158122
1247,7.92282e+28,4.05039e+27,2.14757e+09,96,36.2148,31,0.171708
1248,7.92282e+28,3.51822e+27,1.07382e+09,96,34.0986,30,0.159558
1249,7.92282e+28,2.58226e+27,2.14757e+09,96,35.8516,31,0.168345
1250,7.92282e+28,3.94524e+27,2.14755e+09,96,34.9609,31,0.164242
1251,7.92282e+28,3.36521e+27,2.14757e+09,96,36.2383,31,0.171927
1252,7.92282e+28,4.60242e+27,1.07382e+09,96,35.3857,30,0.167031
1253,7.92282e+28,3.89925e+27,2.14757e+09,96,35.7812,31,0.168938
1254,7.92282e+28,5.10843e+27,1.07383e+09,96,36.1172,30,0.170587
1255,7.92282e+28,4.59826e+27,1.07381e+09,96,34.9043,30,0.165321
1256,7.92282e+28,5.6238e+27,1.07382e+09,96,35.3408,30,0.166355
1257,7.92282e+28,5.05793e+27,2.14758e+09,96,36.1113,31,0.172579
1258,7.92282e+28,3.86487e+27,1.07383e+09,96,34.4912,30,0.160584
1259,7.92282e+28,4.13674e+27,1.07383e+09,96,35.8232,30,0.167244
1260,7.92282e+28,3.42154e+27,2.68513e+08,96,33.3066,28,0.154461
1261,7.92282e+28,3.32699e+27,5.36955e+08,96,34.9199,29,0.165172
1262,7.92282e+28,4.02679e+27,2.68505e+08,96,32.9082,28,0.154849
1263,7.92282e+28,4.17165e+27,5.36944e+08,96,34.2783,29,0.15985
1264,7.92282e+28,4.89045e+27,1.07381e+09,96,35.1396,30,0.166282
1265,7.92282e+28,4.04032e+27,2.68521e+08,96,33.3359,28,0.1558
1266,7.92282e+28,3.69046e+27,2.68515e+08,96,33.334,28,0.155933
1267,7.92282e+28,4.27318e+27,1.0738e+09,96,34.6328,30,0.162766
1268,7.92282e+28,3.54991e+27,2.68512e+08,96,33.6191,28,0.157645
1269,7.92282e+28,3.04633e+27,5.36951e+08,96,32.9336,29,0.15467
1270,7.92282e+28,3.83929e+27,2.68505e+08,96,32.5781,28,0.151352
1271,7.92282e+28,3.8446e+27,5.36946e+08,96,33.7881,29,0.158581
1272,7.92282e+28,4.68143e+27,5.36949e+08,96,33.8838,29,0.157209
1273,7.92282e+28,4.22917e+27,1.07382e+09,96,34.0439,30,0.160685
1274,7.92282e+28,3.05288e+27,5.3696e+08,96,33.335,29,0.154534
1275,7.92282e+28,4.43082e+27,5.36949e+08,96,33.5879,29,0.156747
1276,7.92282e+28,3.93195e+27,2.68511e+08,96,32.6875,28,0.15298
1277,7.92282e+28,3.52299e+27,2.68515e+08,96,33.0879,28,0.155368
1278,7.92282e+28,3.52106e+27,5.36948e+08,96,33.4463,29,0.15734
1279,7.92282e+28,3.79881e+27,5.36954e+08,96,33.6621,29,0.158205
1280,7.92282e+28,3.68397e+27,1.07382e+09,96,32.9111,30,0.154012
1281,7.92282e+28,3.49461e+27,5.36947e+08,96,32.9561,29,0.154462
1282,7.92282e+28,3.22423e+27,1.07382e+09,96,33.6807,30,0.1573
1283,1.58456e+29,4.53999e+27,5.3695e+08,97,33.4648,29,0.15571
1284,7.92282e+28,3.53523e+27,1.34293e+08,96,32.668,27,0.1546
1285,7.92282e+28,3.60074e+27,2.68511e+08,96,32.9473,28,0.156651
1286,7.92282e+28,3.80239e+27,2.68515e+08,96,33.5186,28,0.157085
1287,7.92282e+28,5.21097e+27,5.36955e+08,96,34.4932,29,0.164004
1288,7.92282e+28,4.14431e+27,5.36951e+08,96,33.6816,29,0.15876
1289,7.92282e+28,4.20901e+27,5.36944e+08,96,33.1846,29,0.156715
1290,7.92282e+28,3.96433e+27,2.68504e+08,96,33.0498,28,0.154412
1291,7.92282e+28,2.56495e+27,5.36947e+08,96,33.2314,29,0.157793
1292,7.92282e+28,4.18106e+27,1.07383e+09,96,34.2949,30,0.163091
1293,7.92282e+28,3.83362e+27,1.34288e+08,96,33.1924,27,0.158146
1294,7.92282e+28,3.94617e+27,2.14757e+09,96,35.9639,31,0.173199
1295,7.92282e+28,3.31252e+27,1.07382e+09,96,34.665,30,0.164394
1296,7.92282e+28,4.3154e+27,1.07381e+09,96,34.999,30,0.166899
1297,7.92282e+28,4.88639e+27,1.07382e+09,96,35.9951,30,0.173769
1298,7.92282e+28,5.62674e+27,2.14757e+09,96,36.7168,31,0.175347
1299,7.92282e+28,4.67318e+27,1.07382e+09,96,35.3574,30,0.170492
1300,7.92282e+28,5.06026e+27,2.14758e+09,96,36.7217,31,0.178461
1301,7.92282e+28,5.04516e+27,2.14756e+09,96,35.7803,31,0.171576
1302,7.92282e+28,4.61778e+27,2.14757e+09,96,36.1064,31,0.174599
1303,7.92282e+28,4.06733e+27,2.14757e+09,96,36.0469,31,0.17521
1304,7.92282e+28,4.60664e+27,2.14758e+09,96,36.7871,31,0.178121
1305,7.92282e+28,3.84038e+27,2.14757e+09,96,36.2588,31,0.175536
1306,7.92282e+28,4.14752e+27,1.07382e+09,96,35.8008,30,0.172145
1307,7.92282e+28,4.37514e+27,1.07382e+09,96,34.6475,30,0.165616
1308,7.92282e+28,4.49462e+27,2.14758e+09,96,36.1494,31,0.175911
1309,7.92282e+28,5.70617e+27,4.29507e+09,96,37.6455,32,0.181499
1310,7.92282e+28,4.42323e+27,2.14758e+09,96,36.9121,31,0.179609
1311,7.92282e+28,5.93544e+27,1.07383e+09,96,37.999,30,0.182591
1312,7.92282e+28,5.68573e+27,2.14757e+09,96,37.127,31,0.178471
1313,7.92282e+28,6.14118e+27,2.14757e+09,96,37.0869,31,0.178785
1314,7.92282e+28,3.74786e+27,2.14758e+09,96,36.2998,31,0.174411
1315,7.92282e+28,5.62657e+27,4.29507e+09,96,38.0596,32,0.182613
1316,7.92282e+28,5.98957e+27,2.14757e+09,96,36.9873,31,0.176255
1317,7.92282e+28,5.2133e+27,4.29507e+09,96,38.2441,32,0.185472
1318,7.92282e+28,5.62167e+27,4.29508e+09,96,38.54,32,0.184811
1319,7.92282e+28,6.60204e+27,4.29506e+09,96,37.4102,32,0.179926
1320,7.92282e+28,5.86211e+27,2.14759e+09,96,37.2256,31,0.17661
1321,7.92282e+28,5.72992e+27,4.29506e+09,96,37.4873,32,0.181173
1322,7.92282e+28,5.34431e+27,2.14757e+09,96,36.9893,31,0.179171
1323,7.92282e+28,6.60337e+27,2.14757e+09,96,37.1094,31,0.179488
1324,1.58456e+29,5.37467e+27,4.29507e+09,97,38.834,32,0.186976
1325,7.92282e+28,7.29999e+27,4.29506e+09,96,38.8467,32,0.188558
1326,7.92282e+28,6.36212e+27,4.29506e+09,96,38.5127,32,0.186049
1327,7.92282e+28,6.2214e+27,1.07383e+09,96,36.4141,30,0.175071
1328,7.92282e+28,6.1919e+27,2.14758e+09,96,37.0283,31,0.178163
1329,7.92282e+28,5.8155e+27,4.29506e+09,96,38.2549,32,0.185232
1330,7.92282e+28,4.84244e+27,4.29504e+09,96,36.8438,32,0.179187
1331,7.92282e+28,6.41219e+27,4.29506e+09,96,37.751,32,0.181139
1332,7.92282e+28,5.23605e+27,4.29506e+09,96,37.0967,32,0.179841
1333,7.92282e+28,5.24911e+27,2.14756e+09,96,37.0156,31,0.182403
1334,7.92282e+28,6.06296e+27,4.29505e+09,96,37.9336,32,0.184192
1335,3.16913e+29,5.5851e+27,1.07381e+09,98,36.5986,30,0.176553
1336,7.92282e+28,6.10122e+27,2.14757e+09,96,37.9639,31,0.180971
1337,7.92282e+28,5.28908e+27,4.29506e+09,96,37.8955,32,0.182882
1338,7.92282e+28,5.9082e+27,1.07382e+09,96,37.0342,30,0.180729
1339,7.92282e+28,5.85256e+27,4.29506e+09,96,38.1094,32,0.186234
1340,7.92282e+28,6.78749e+27,8.59004e+09,96,39.4287,33,0.192258
1341,7.92282e+28,5.37374e+27,4.29506e+09,96,38.0049,32,0.186252
1342,7.92282e+28,6.2571e+27,1.07382e+09,96,37.293,30,0.181415
1343,7.92282e+28,6.47694e+27,2.14757e+09,96,38.2188,31,0.185789
1344,7.92282e+28,6.57129e+27,8.59004e+09,96,38.7666,33,0.188997
1345,7.92282e+28,6.97197e+27,8.59004e+09,96,40.0977,33,0.197236
1346,7.92282e+28,7.02076e+27,1.718e+10,96,40.8193,34,0.200125
1347,1.58456e+29,7.09094e+27,1.718e+10,97,40.6982,34,0.200278
1348,1.58456e+29,7.81012e+27,3.43598e+10,97,41.8311,35,0.206705
1349,7.92282e+28,7.37146e+27,8.59003e+09,96,40.7969,33,0.20062
1350,3.16913e+29,7.39762e+27,8.59002e+09,98,40.126,33,0.197161
1351,7.92282e+28,6.75457e+27,8.59003e+09,96,39.1836,33,0.194786
1352,3.16913e+29,8.91708e+27,1.71799e+10,98,42.1123,34,0.20732
1353,7.92282e+28,7.13426e+27,1.718e+10,96,41.3877,34,0.204235
1354,7.92282e+28,7.70052e+27,3.43598e+10,96,41.9014,35,0.210393
1355,7.92282e+28,8.75377e+27,1.718e+10,96,42.5576,34,0.212349
1356,7.92282e+28,8.95507e+27,1.37439e+11,96,44.1338,37,0.219739
1357,7.92282e+28,9.04156e+27,1.37439e+11,96,43.2871,37,0.213462
1358,7.92282e+28,9.1036e+27,2.74878e+11,96,44.2578,38,0.218505
1359,7.92282e+28,8.47511e+27,6.87196e+10,96,42.2617,36,0.209617
1360,7.92282e+28,9.39048e+27,2.74878e+11,96,44.1025,38,0.218735
1361,7.92282e+28,7.75938e+27,1.37439e+11,96,43.332,37,0.216567
1362,3.16913e+29,8.58659e+27,1.37439e+11,98,42.9189,37,0.212377
1363,3.16913e+29,8.11726e+27,1.37439e+11,98,43.3545,37,0.21578
1364,7.92282e+28,9.41081e+27,6.87196e+10,96,43.1699,36,0.214813
1365,7.92282e+28,7.8891e+27,1.718e+10,96,41.6797,34,0.206668
1366,7.92282e+28,7.7086e+27,1.37439e+11,96,42.6641,37,0.210768
1367,7.92282e+28,7.04108e+27,3.43598e+10,96,41.7266,35,0.206986
1368,7.92282e+28,8.86724e+27,3.43598e+10,96,42.1611,35,0.208883
1369,7.92282e+28,8.30796e+27,1.37439e+11,96,42.9033,37,0.215607
1370,3.16913e+29,8.40708e+27,6.87196e+10,98,41.7412,36,0.209163
1371,7.92282e+28,8.63663e+27,6.87196e+10,96,43.0576,36,0.214843
1372,7.92282e+28,8.1131e+27,1.37439e+11,96,42.7324,37,0.213731
1373,3.16913e+29,1.11079e+28,6.87196e+10,98,43.7432,36,0.21897
1374,7.92282e+28,9.69726e+27,1.37439e+11,96,43.2148,37,0.2141
1375,7.92282e+28,1.00996e+28,2.74878e+11,96,43.9395,38,0.217329
1376,3.16913e+29,8.10018e+27,3.43598e+10,98,42.2236,35,0.209834
1377,3.16913e+29,9.9254e+27,2.74878e+11,98,44.7324,38,0.223433
1378,7.92282e+28,9.34394e+27,4.39805e+12,96,46.4307,42,0.233354
1379,3.16913e+29,9.984e+27,2.19902e+12,98,46.4648,41,0.23391
1380,7.92282e+28,9.98335e+27,5.49756e+11,96,45.9443,39,0.229003
1381,7.92282e+28,1.06641e+28,1.09951e+12,96,45.5439,40,0.229181
1382,7.92282e+28,1.12473e+28,1.37439e+11,96,44.7031,37,0.222692
1383,7.92282e+28,1.00947e+28,2.74878e+11,96,45.4697,38,0.227335
1384,7.92282e+28,8.46719e+27,3.43598e+10,96,42.876,35,0.215768
1385,7.92282e+28,9.73885e+27,5.49756e+11,96,44.5195,39,0.223118
1386,7.92282e+28,9.48799e+27,2.74878e+11,96,44.293,38,0.220134
1387,7.92282e+28,9.3915e+27,5.49756e+11,96,45.5049,39,0.226221
1388,7.92282e+28,9.39411e+27,1.09951e+12,96,45.4707,40,0.229977
1389,7.92282e+28,9.9127e+27,5.49756e+11,96,44.793,39,0.224126
1390,7.92282e+28,1.01258e+28,2.19902e+12,96,46.0479,41,0.230258
1391,7.92282e+28,1.00163e+28,1.09951e+12,96,45.2393,40,0.227544
1392,7.92282e+28,1.00155e+28,2.74878e+11,96,44.6221,38,0.224439
1393,7.92282e+28,9.06382e+27,3.43598e+10,96,43.125,35,0.214888
1394,7.92282e+28,9.04568e+27,1.37439e+11,96,44.2344,37,0.221763
1395,7.92282e+28,1.08048e+28,1.09951e+12,96,45.9229,40,0.228415
1396,3.16913e+29,1.10267e+28,6.87196e+10,98,44.4854,36,0.220387
1397,7.92282e+28,1.05317e+28,1.37439e+11,96,44.2314,37,0.221426
1398,7.92282e+28,1.01254e+28,1.37439e+11,96,44.6992,37,0.22127
1399,7.92282e+28,9.99167e+27,5.49756e+11,96,45.1182,39,0.223947
1400,7.92282e+28,1.06016e+28,1.09951e+12,96,45.7402,40,0.227551
1401,7.92282e+28,1.02991e+28,2.19902e+12,96,46.5,41,0.230984
1402,7.92282e+28,1.0526e+28,1.09951e+12,96,46.2959,40,0.231695
1403,7.92282e+28,1.20873e+28,1.09951e+12,96,46.1094,40,0.229156
1404,7.92282e+28,9.62059e+27,5.49756e+11,96,44.8438,39,0.224745
1405,3.16913e+29,1.13883e+28,1.09951e+12,98,46.0322,40,0.228467
1406,3.16913e+29,1.03653e+28,8.79609e+12,98,46.0322,43,0.231855
1407,3.16913e+29,1.12231e+28,2.19902e+12,98,46.293,41,0.231037
1408,7.92282e+28,1.10557e+28,4.39805e+12,96,46.5225,42,0.234095
1409,7.92282e+28,1.04134e+28,1.37439e+11,96,44.5977,37,0.224282
1410,7.92282e+28,1.15039e+28,2.19902e+12,96,46.832,41,0.235325
1411,7.92282e+28,1.10888e+28,4.39805e+12,96,47.2656,42,0.236786
1412,7.92282e+28,1.17943e+28,1.09951e+12,96,46.4033,40,0.23486
1413,7.92282e+28,1.21988e+28,1.40737e+14,96,48.0791,47,0.242643
1414,7.92282e+28,1.2359e+28,2.19902e+12,96,46.3887,41,0.232781
1415,1.58456e+29,1.13024e+28,2.19902e+12,97,46.6455,41,0.235203
1416,3.16913e+29,1.26476e+28,2.19902e+12,98,47.2783,41,0.236966
1417,7.92282e+28,1.16603e+28,1.75922e+13,96,47.0645,44,0.235492
1418,7.92282e+28,1.23214e+28,7.03687e+13,96,48.0098,46,0.241685
1419,7.92282e+28,1.16981e+28,1.09951e+12,96,45.9932,40,0.231912
1420,7.92282e+28,1.30065e+28,3.51844e+13,96,48.0762,45,0.242662
1421,7.92282e+28,1.17143e+28,4.39805e+12,96,46.7402,42,0.23473
1422,7.92282e+28,1.24802e+28,1.09951e+12,96,46.8174,40,0.234782
1423,3.16913e+29,1.10225e+28,2.19902e+12,98,45.8018,41,0.231343
1424,7.92282e+28,1.14665e+28,8.79609e+12,96,47.0078,43,0.236337
1425,7.92282e+28,1.15101e+28,5.49756e+11,96,45.1484,39,0.225184
1426,7.92282e+28,9.81383e+27,5.49756e+11,96,44.4521,39,0.225015
1427,1.58456e+29,1.11017e+28,5.49756e+11,97,45.5615,39,0.231693
1428,7.92282e+28,1.12135e+28,2.19902e+12,96,46.1826,41,0.23302
1429,3.16913e+29,1.08536e+28,1.09951e+12,98,45.6758,40,0.230629
1430,7.92282e+28,1.16359e+28,1.09951e+12,96,45.5771,40,0.229703
1431,7.92282e+28,8.96443e+27,5.49756e+11,96,44.2148,39,0.22385
1432,3.16913e+29,1.11269e+28,8.79609e+12,98,46.334,43,0.234354
1433,3.16913e+29,1.13516e+28,1.09951e+12,98,45.9404,40,0.233215
1434,7.92282e+28,9.96008e+27,2.19902e+12,96,45.7324,41,0.232271
1435,7.92282e+28,1.10959e+28,4.39805e+12,96,46.0342,42,0.233263
1436,7.92282e+28,1.0878e+28,2.19902e+12,96,45.8818,41,0.23042
1437,7.92282e+28,1.03318e+28,2.19902e+12,96,46.335,41,0.233167
1438,7.92282e+28,1.03375e+28,5.49756e+11,96,44.8848,39,0.224289
1439,7.92282e+28,1.0571e+28,1.75922e+13,96,46.8096,44,0.236855
1440,1.58456e+29,1.00342e+28,1.09951e+12,97,45.6572,40,0.231967
1441,7.92282e+28,1.10877e+28,5.49756e+11,96,45.5098,39,0.230615
1442,7.92282e+28,1.13467e+28,5.49756e+11,96,45.6533,39,0.228761
1443,7.92282e+28,1.05459e+28,5.49756e+11,96,45.7314,39,0.228775
1444,3.16913e+29,1.13225e+28,2.74878e+11,98,45.0547,38,0.224628
1445,7.92282e+28,1.15777e+28,1.09951e+12,96,45.9316,40,0.234221
1446,7.92282e+28,1.17146e+28,1.09951e+12,96,45.4492,40,0.227936
1447,7.92282e+28,9.23285e+27,2.74878e+11,96,43.4502,38,0.217113
1448,7.92282e+28,1.06939e+28,5.49756e+11,96,44.2725,39,0.223825
1449,7.92282e+28,1.03369e+28,2.19902e+12,96,46.3027,41,0.233432
1450,7.92282e+28,1.08285e+28,3.51844e+13,96,47.2471,45,0.240928
1451,3.16913e+29,1.22369e+28,5.49756e+11,98,45.7744,39,0.231417
1452,7.92282e+28,1.23668e+28,8.79609e+12,96,47.0498,43,0.238172
1453,7.92282e+28,1.13336e+28,2.74878e+11,96,45.083,38,0.227464
1454,7.92282e+28,1.21201e+28,8.79609e+12,96,47.334,43,0.240139
1455,7.92282e+28,1.08823e+28,2.74878e+11,96,45.4756,38,0.230123
1456,7.92282e+28,1.1403e+28,4.39805e+12,96,46.5215,42,0.233709
1457,7.92282e+28,1.16008e+28,1.09951e+12,96,46.7412,40,0.238
1458,7.92282e+28,1.1698e+28,2.19902e+12,96,46.2051,41,0.235579
1459,3.16913e+29,1.15775e+28,1.09951e+12,98,46.4912,40,0.235528
1460,3.16913e+29,1.19687e+28,2.19902e+12,98,45.5723,41,0.22969
1461,7.92282e+28,1.05827e+28,1.09951e+12,96,44.8047,40,0.226511
1462,7.92282e+28,1.17211e+28,4.39805e+12,96,46.3232,42,0.234606
1463,7.92282e+28,1.18056e+28,1.75922e+13,96,47.4014,44,0.242496
1464,3.16913e+29,1.21465e+28,8.79609e+12,98,46.9092,43,0.240237
1465,7.92282e+28,1.15759e+28,1.75922e+13,96,47.1738,44,0.240021
1466,3.16913e+29,1.23468e+28,4.39805e+12,98,46.6104,42,0.239058
1467,7.92282e+28,1.23627e+28,2.19902e+12,96,47.1855,41,0.239708
1468,7.92282e+28,1.02022e+28,4.39805e+12,96,45.75,42,0.236573
1469,7.92282e+28,1.18618e+28,8.79609e+12,96,46.6133,43,0.239454
1470,1.58456e+29,1.27237e+28,1.75922e+13,97,46.9951,44,0.240029
1471,7.92282e+28,1.18042e+28,2.19902e+12,96,46.1172,41,0.235528
1472,7.92282e+28,1.14131e+28,1.09951e+12,96,46.1475,40,0.235872
1473,3.16913e+29,1.11823e+28,4.39805e+12,98,46.1172,42,0.237528
1474,7.92282e+28,1.13732e+28,1.09951e+12,96,45.2285,40,0.231377
1475,1.58456e+29,1.07026e+28,2.19902e+12,97,45.0859,41,0.230886
1476,7.92282e+28,1.134e+28,2.19902e+12,96,46.0781,41,0.234076
1477,7.92282e+28,1.20754e+28,7.03687e+13,96,47.3652,46,0.242355
1478,7.92282e+28,1.26059e+28,4.39805e+12,96,46.9131,42,0.238883
1479,7.92282e+28,1.05557e+28,2.19902e+12,96,45.374,41,0.231823
1480,7.92282e+28,1.23327e+28,1.09951e+12,96,45.4375,40,0.231907
1481,7.92282e+28,1.16247e+28,2.19902e+12,96,45.459,41,0.231102
1482,7.92282e+28,9.14314e+27,2.74878e+11,96,44.1807,38,0.227603
1483,7.92282e+28,1.11213e+28,2.19902e+12,96,45.2354,41,0.231551
1484,7.92282e+28,1.15009e+28,2.19902e+12,96,45.3867,41,0.23382
1485,7.92282e+28,1.14824e+28,2.19902e+12,96,46.1582,41,0.235674
1486,7.92282e+28,1.15037e+28,5.49756e+11,96,45.4854,39,0.231667
1487,3.16913e+29,1.28336e+28,1.40737e+14,98,47.7744,47,0.243212
1488,7.92282e+28,1.15088e+28,2.19902e+12,96,45.9355,41,0.234673
1489,7.92282e+28,1.3034e+28,1.75922e+13,96,47.5596,44,0.242756
1490,7.92282e+28,1.23864e+28,1.75922e+13,96,47.2812,44,0.242071
1491,3.16913e+29,1.40567e+28,8.79609e+12,98,47.7783,43,0.242514
1492,7.92282e+28,1.12488e+28,2.19902e+12,96,45.9473,41,0.236714
1493,7.92282e+28,1.27187e+28,4.39805e+12,96,46.6104,42,0.240218
1494,7.92282e+28,1.25111e+28,4.39805e+12,96,47.0742,42,0.24226
1495,7.92282e+28,1.22696e+28,1.75922e+13,96,48.4805,44,0.248762
1496,7.92282e+28,1.33492e+28,8.79609e+12,96,47.9072,43,0.2461
1497,7.92282e+28,1.31224e+28,1.75922e+13,96,48.3193,44,0.249142
1498,7.92282e+28,1.27459e+28,4.39805e+12,96,47.1855,42,0.240322
1499,7.92282e+28,1.31614e+28,4.39805e+12,96,47.3984,42,0.241706
