30.7476
0,434.639,8.79337,4,2,0.0390625,0,0.00472328
1,108.709,7.36876,4,1,0.0302734,0,0.00428859
2,109.829,8.30412,5,1,0.0380859,0,0.00427116
3,435.149,10.6689,5,2,0.0507812,0,0.00432196
4,435.149,8.73008,5,2,0.0351562,0,0.00431984
5,435.151,9.01583,5,2,0.0371094,0,0.0043545
6,1012.18,8.77481,5,3,0.0332031,0,0.00433656
7,435.127,8.99734,5,2,0.0400391,0,0.00432007
8,110.903,9.71933,5,1,0.046875,0,0.00435081
9,1012.77,10.5568,5,3,0.0439453,0,0.00434901
10,1012.18,11.8948,6,3,0.0546875,0,0.00435299
11,435.053,11.2258,5,2,0.0556641,0,0.00440705
12,109.829,10.3295,6,1,0.0507812,0,0.00448081
13,435.053,10.4561,6,2,0.0498047,0,0.00440399
14,434.902,12.1647,6,2,0.0625,0,0.00444742
15,435,10.7382,6,2,0.046875,0,0.00435181
16,435.151,12.0682,6,2,0.0576172,0,0.00440912
17,435.127,10.8481,6,2,0.0507812,0,0.00440092
18,435.076,11.8999,6,2,0.0605469,0,0.00440344
19,435.151,11.5008,6,2,0.0546875,0,0.00439991
20,435.151,11.349,6,2,0.0595703,0,0.00433572
21,435.149,12.0513,6,2,0.0625,0,0.00439301
22,109.275,9.77723,6,1,0.0419922,0,0.00442024
23,434.954,11.0992,6,2,0.0556641,0,0.00437501
24,435.149,11.2592,6,2,0.0537109,0,0.00441805
25,434.954,11.6639,6,2,0.0595703,0,0.00445592
26,435.149,11.5946,6,2,0.0556641,0,0.00443231
27,434.294,11.3274,6,2,0.0556641,0,0.00440081
28,435.151,11.7408,6,2,0.0546875,0,0.00439908
29,435.151,13.99,6,2,0.0751953,0,0.00444003
30,434.639,11.2063,6,2,0.0537109,0,0.00442809
31,435.149,12.1438,6,2,0.0615234,0,0.00442899
32,435.151,11.3767,6,2,0.0546875,0,0.00439417
33,111.425,11.1497,6,1,0.0546875,0,0.00440799
34,435.127,11.9438,6,2,0.0507812,0,0.00442304
35,435.149,13.8839,6,2,0.0703125,0,0.0044105
36,435.149,13.4625,6,2,0.0742188,0,0.00443173
37,435.117,11.4188,6,2,0.0556641,0,0.00439496
38,435.149,10.9914,6,2,0.0517578,0,0.00442185
39,435.127,10.9851,6,2,0.0498047,0,0.0043915
40,432.526,11.2583,6,2,0.0517578,0,0.00445566
41,434.639,12.1495,6,2,0.0615234,0,0.00445086
42,435.053,11.8453,6,2,0.0537109,0,0.00441841
43,435.149,13.7449,6,2,0.0693359,0,0.00452806
44,435.151,12.1863,6,2,0.0585938,0,0.00444931
45,435.151,13.5056,6,2,0.0654297,0,0.0044418
46,435.151,11.6665,6,2,0.0498047,0,0.00448219
47,435.151,14.6228,6,2,0.0800781,0,0.00448633
48,435.149,11.5541,6,2,0.0517578,0,0.00468327
49,435.117,12.7939,6,2,0.0585938,0,0.00455843
50,435.149,15.4599,6,2,0.0771484,0,0.00451582
51,435.151,12.1603,6,2,0.0566406,0,0.00447431
52,435.127,13.328,6,2,0.0703125,0,0.00453133
53,435.151,14.1458,6,2,0.0722656,0,0.00448701
54,1007.46,13.9021,6,3,0.0683594,0,0.00448033
55,435.127,15.0264,6,2,0.0820312,0,0.00451284
56,435.151,12.6067,7,2,0.0556641,0,0.00449627
57,109.829,11.83,6,1,0.0566406,0,0.00448015
58,435.151,14.3722,6,2,0.0712891,0,0.00453127
59,435.151,15.0805,6,2,0.0771484,0,0.00449546
60,110.903,13.3121,7,1,0.0693359,0,0.00453421
61,435.149,14.9776,7,2,0.0732422,0,0.00455506
62,434.818,12.6629,7,2,0.0605469,0,0.00455157
63,435.149,13.9916,6,2,0.0703125,0,0.00454328
64,434.954,12.9818,7,2,0.0615234,0,0.00452824
65,435.149,14.879,7,2,0.0673828,0,0.00455676
66,435.151,13.8068,7,2,0.0673828,0,0.00458048
67,435.127,14.2407,7,2,0.0683594,0,0.0045283
68,435.151,15.7607,7,2,0.0810547,0,0.00455965
69,435.151,15.2177,7,2,0.0722656,0,0.00456641
70,435.149,12.9541,7,2,0.0605469,0,0.00454075
71,435.149,13.9876,7,2,0.0664062,0,0.00461405
72,435.149,14.1012,7,2,0.0693359,0,0.00453758
73,435.151,15.1629,7,2,0.0742188,0,0.00457942
74,1010.21,14.3692,7,3,0.0615234,0,0.0045777
75,435.127,12.9932,8,2,0.0595703,0,0.00459794
76,435.151,15.4949,7,2,0.0791016,0,0.00458352
77,435.149,14.7938,7,2,0.0703125,0,0.00456333
78,435.053,15.4962,8,2,0.0800781,0,0.00464363
79,435.149,15.0005,8,2,0.0722656,0,0.00465148
80,435.149,15.4038,8,2,0.0761719,0,0.00462008
81,435.151,17.2975,8,2,0.0908203,0,0.00457549
82,435.127,15.4399,8,2,0.0839844,0,0.0046513
83,435.149,14.5203,7,2,0.0683594,0,0.00461181
84,435.151,15.2147,8,2,0.0791016,0,0.00460144
85,435.151,18.0875,8,2,0.0957031,0,0.00464323
86,435.053,15.5709,8,2,0.0751953,0,0.00463126
87,435.149,15.124,7,2,0.0703125,0,0.00461841
88,435.151,16.7313,7,2,0.0839844,0,0.0046007
89,1008.21,17.083,8,3,0.0859375,0,0.00460984
90,435.151,15.5073,8,2,0.0800781,0,0.00460908
91,435.127,16.6787,8,2,0.0898438,0,0.00462285
92,1008.92,17.0543,8,3,0.0878906,0,0.00467233
93,435.127,14.965,8,2,0.0732422,0,0.00476143
94,435.149,18.0985,8,2,0.100586,0,0.00461939
95,435.151,15.0201,8,2,0.0771484,0,0.00462641
96,435.127,15.4,8,2,0.078125,0,0.00464188
97,1010.21,14.5717,8,3,0.0644531,0,0.00466489
98,435.076,16.0978,8,2,0.0830078,0,0.00465325
99,435.151,15.0209,8,2,0.0722656,0,0.00468197
100,435.127,15.8378,8,2,0.0771484,0,0.0046291
101,435.127,15.9698,8,2,0.0800781,0,0.00466921
102,435.149,14.5506,8,2,0.0683594,0,0.00466942
103,435.127,16.2241,8,2,0.0830078,0,0.00471313
104,435.127,19.4938,8,2,0.106445,0,0.0047955
105,435.053,15.6208,8,2,0.0800781,0,0.00465993
106,1008.92,18.1668,8,3,0.0917969,0,0.00467362
107,435.053,16.7831,8,2,0.0878906,0,0.00466919
108,435.149,15.7856,8,2,0.0800781,0,0.00466325
109,435.151,17.6997,8,2,0.0947266,0,0.00470152
110,435.149,14.7512,8,2,0.0693359,0,0.004587
111,435.149,15.65,8,2,0.0810547,0,0.00465523
112,435.149,16.6495,8,2,0.0839844,0,0.00471235
113,435.127,17.5735,8,2,0.0957031,0,0.00467605
114,435.127,18.4739,9,2,0.0966797,0,0.00477973
115,1008.92,17.7517,8,3,0.0908203,0,0.00471344
116,435.151,18.2519,8,2,0.0986328,0,0.00469232
117,435.151,16.7643,8,2,0.0849609,0,0.00468349
118,435.127,17.0172,8,2,0.0859375,0,0.00475437
119,435.149,17.12,8,2,0.0869141,0,0.00472322
120,435.127,18.0623,8,2,0.0917969,0,0.00473687
121,435.151,19.1062,8,2,0.101562,0,0.0047622
122,435.151,18.088,9,2,0.0957031,0,0.00477751
123,435.127,17.2137,8,2,0.0917969,0,0.00471972
124,435.151,19.8762,9,2,0.109375,0,0.00480876
125,435.151,18.9986,9,2,0.09375,0,0.00482393
126,435.151,17.3084,9,2,0.0839844,0,0.00490666
127,435.151,21.0351,9,2,0.119141,0,0.00486474
128,1011.31,20.119,9,3,0.107422,0,0.00480423
129,435.151,19.4832,9,2,0.104492,0,0.00476593
130,1010.79,20.3135,9,3,0.111328,0,0.00490706
131,435.151,20.6223,9,2,0.103516,0,0.00492423
132,435.149,19.2603,9,2,0.103516,0,0.00487042
133,1011.31,21.9942,9,3,0.112305,0,0.004854
134,435.151,22.2886,9,2,0.124023,0,0.00485121
135,435.127,21.0939,9,2,0.125,0,0.00486111
136,435.151,24.5416,9,2,0.133789,0,0.00484965
137,435.127,22.6842,9,2,0.125,0,0.00486399
138,435.151,23.758,9,2,0.129883,0,0.00483351
139,435.151,22.0603,9,2,0.124023,0,0.00482275
140,435.149,24.6593,9,2,0.148438,0,0.00484212
141,1011.31,23.9356,9,3,0.132812,0,0.00486652
142,1008.92,21.5703,9,3,0.116211,0,0.00484697
143,435.151,21.1671,9,2,0.118164,0,0.00487026
144,1008.92,23.926,9,3,0.135742,0,0.00487528
145,435.151,26.4538,9,2,0.154297,0,0.00486225
146,435.149,28.2302,9,2,0.175781,0,0.00485235
147,1010.79,24.77,9,3,0.148438,0,0.00491222
148,435.127,25.3457,9,2,0.149414,0,0.0048792
149,1008.92,25.6976,9,3,0.150391,0,0.00487368
150,435.151,25.9376,9,2,0.154297,0,0.00488917
151,435.151,28.3709,9,2,0.170898,0,0.00488616
152,435.151,26.9374,9,2,0.165039,0,0.00490039
153,1010.21,26.6871,9,3,0.162109,0,0.00490758
154,435.151,28.3517,9,2,0.171875,0,0.00488243
155,435.149,25.9331,9,2,0.15918,0,0.00491501
156,435.151,27.2128,9,2,0.164062,0,0.00493365
157,1845.26,29.3118,9,4,0.166016,0,0.00488696
158,435.151,27.8138,9,2,0.163086,0,0.00508759
159,1011.31,31.4273,9,3,0.183594,0,0.00492817
160,435.149,28.9989,9,2,0.177734,0,0.00494462
161,435.151,30.7744,9,2,0.19043,0,0.0049368
162,435.127,30.3639,9,2,0.194336,0,0.00499759
163,1009.59,36.2236,9,3,0.209961,0,0.00497578
164,1008.92,33.2408,9,3,0.200195,0,0.00496303
165,435.151,32.5716,9,2,0.205078,0,0.00493436
166,1008.92,32.8163,9,3,0.204102,0,0.00494063
167,435.149,28.2679,9,2,0.172852,0,0.00494295
168,1012.18,34.1497,9,3,0.208008,0,0.00495453
169,435.151,34.5724,9,2,0.212891,0,0.00500668
170,435.151,31.4958,9,2,0.192383,0,0.00493828
171,435.151,39.3634,9,2,0.244141,0,0.00495606
172,435.151,34.0504,9,2,0.214844,0,0.00502096
173,1010.79,34.8551,9,3,0.219727,0,0.00495209
174,1010.21,39.3861,9,3,0.244141,0,0.00498491
175,435.151,38.1629,9,2,0.240234,0,0.00494372
176,1011.31,35.0514,9,3,0.224609,0,0.00497761
177,1012.18,36.4223,9,3,0.222656,0,0.0049932
178,1012.18,39.6708,9,3,0.248047,0,0.00501341
179,1009.59,40.1226,10,3,0.259766,0,0.00503281
180,1011.78,39.9878,9,3,0.249023,0,0.0049955
181,1008.92,44.0603,10,3,0.280273,0,0.00504528
182,1011.31,38.0813,9,3,0.234375,0,0.00505602
183,1011.78,38.8713,9,3,0.242188,0,0.00500474
184,1011.31,43.2537,9,3,0.263672,0,0.00501924
185,435.151,38.6546,9,2,0.245117,0,0.00500323
186,1011.78,42.4671,9,3,0.261719,0,0.00498927
187,1011.31,39.1118,10,3,0.258789,0,0.00498987
188,435.151,35.7989,9,2,0.243164,0,0.00500266
189,1009.59,41.089,10,3,0.274414,0,0.00505508
190,1011.78,45.0708,9,3,0.279297,0,0.005044
191,1009.59,43.7424,9,3,0.27832,0,0.00503352
192,1009.59,41.1947,9,3,0.265625,0,0.00504388
193,1008.92,38.1495,9,3,0.243164,0,0.00502047
194,435.151,38.752,9,2,0.25293,0,0.00499011
195,1008.92,44.3987,9,3,0.283203,0,0.00500014
196,435.151,35.8799,10,2,0.233398,0,0.00502101
197,1010.79,43.8825,9,3,0.283203,0,0.0050495
198,1009.59,45.4443,11,3,0.293945,0,0.00505618
199,1843.9,45.045,10,4,0.279297,0,0.00505063
200,1008.92,43.6654,10,3,0.293945,0,0.00504049
201,1008.92,41.656,10,3,0.263672,0,0.00511189
202,1010.79,43.0785,11,3,0.280273,0,0.00507731
203,1007.46,42.5806,10,3,0.266602,0,0.00506401
204,1008.92,45.3092,10,3,0.293945,0,0.00502751
205,1009.59,40.2125,10,3,0.260742,0,0.00505857
206,1010.21,39.4422,11,3,0.262695,0,0.00507316
207,435.151,42.2003,10,2,0.287109,0,0.00506461
208,1009.59,47.7713,11,3,0.302734,0,0.00516674
209,1008.92,46.1897,11,3,0.290039,0,0.00532609
210,1009.59,44.1254,11,3,0.288086,0,0.00538517
211,1011.31,49.3265,10,3,0.313477,0,0.00523932
212,1010.21,47.5461,10,3,0.304688,0,0.00511551
213,1008.92,45.4945,10,3,0.291016,0,0.00512238
214,435.151,46.8955,11,2,0.297852,0,0.00513808
215,1011.78,49.6152,11,3,0.326172,0,0.00512061
216,1009.59,50.1906,11,3,0.316406,0,0.00513959
217,1012.52,46.7331,11,3,0.305664,0,0.00507353
218,1009.59,41.1484,11,3,0.277344,0,0.00508216
219,1009.59,46.2393,11,3,0.310547,0,0.00509131
220,435.151,47.87,11,2,0.326172,0,0.00508879
221,1009.59,46.3734,11,3,0.301758,0,0.00506359
222,1008.92,51.1189,11,3,0.329102,0,0.00522142
223,1009.59,49.3668,11,3,0.305664,0,0.0050925
224,1008.92,50.5747,11,3,0.317383,0,0.00515031
225,1008.92,46.6893,12,3,0.307617,0,0.005122
226,1008.92,47.3164,11,3,0.310547,0,0.00510857
227,1010.21,51.2243,11,3,0.327148,0,0.00511227
228,1009.59,47.7832,11,3,0.320312,0,0.00509587
229,1011.78,50.245,11,3,0.318359,0,0.00515671
230,1843.9,46.2407,11,4,0.294922,0,0.00508407
231,1009.59,45.6462,10,3,0.294922,0,0.00510421
232,1011.31,47.6049,12,3,0.322266,0,0.00511115
233,1008.92,42.5794,11,3,0.287109,0,0.00508014
234,1008.92,45.8684,11,3,0.313477,0,0.00511112
235,1008.92,49.1182,11,3,0.326172,0,0.0051005
236,1011.31,46.969,11,3,0.307617,0,0.00508357
237,1008.92,47.8813,12,3,0.318359,0,0.00509822
238,435.151,47.8513,11,2,0.31543,0,0.00508938
239,1008.92,48.9781,12,3,0.333008,0,0.00510238
240,1008.92,49.8453,12,3,0.328125,0,0.00516589
241,1010.21,45.2187,12,3,0.296875,0,0.00512017
242,1008.92,50.0876,12,3,0.333008,0,0.0051899
243,1011.31,48.5893,12,3,0.310547,0,0.00510132
244,1008.92,47.5661,11,3,0.305664,0,0.00511409
245,1843.9,53.6764,12,4,0.337891,0,0.00513526
246,435.151,47.6333,12,2,0.325195,0,0.00515699
247,1008.21,47.6321,12,3,0.3125,0,0.00518483
248,1008.92,49.7483,12,3,0.324219,0,0.00513642
249,1009.59,53.5236,13,3,0.338867,0,0.00514181
250,1009.59,48.5075,12,3,0.332031,0,0.00514255
251,1010.21,49.9497,12,3,0.318359,0,0.00521518
252,435.151,47.4434,12,2,0.320312,0,0.0051613
253,1010.79,47.8873,12,3,0.307617,0,0.00512896
254,1008.92,46.9898,12,3,0.305664,0,0.0051021
255,1008.92,48.2103,11,3,0.320312,0,0.00513082
256,1010.79,47.9227,12,3,0.314453,0,0.00515963
257,1008.92,52.4398,12,3,0.337891,0,0.00511285
258,1008.92,47.1375,12,3,0.308594,0,0.00512811
259,435.151,50.6364,13,2,0.338867,0,0.00515923
260,435.151,49.1577,12,2,0.324219,0,0.0051547
261,1008.92,49.116,12,3,0.327148,0,0.00514883
262,435.151,51.2104,12,2,0.332031,0,0.00512145
263,1011.31,52.2344,12,3,0.347656,0,0.00516608
264,1010.79,50.7423,12,3,0.331055,0,0.00515351
265,435.151,45.2624,12,2,0.299805,0,0.00512775
266,1008.92,56.9019,13,3,0.365234,0,0.0051556
267,1009.59,46.636,13,3,0.307617,0,0.00517224
268,1008.92,46.7673,12,3,0.292969,0,0.00515082
269,1011.31,49.8756,12,3,0.308594,0,0.00516149
270,1009.59,52.6013,12,3,0.330078,0,0.00515074
271,1011.31,47.4023,12,3,0.324219,0,0.00520557
272,1011.31,52.4498,13,3,0.329102,0,0.00519461
273,1011.31,53.0079,13,3,0.347656,0,0.00520076
274,1008.92,50.4657,13,3,0.332031,0,0.00515441
275,1008.92,50.9342,12,3,0.331055,0,0.00516791
276,1010.21,48.1435,12,3,0.310547,0,0.00516346
277,1008.92,47.6549,12,3,0.313477,0,0.00521778
278,1010.21,49.0592,12,3,0.327148,0,0.00518813
279,1008.92,46.7091,12,3,0.308594,0,0.00514738
280,1011.31,44.847,12,3,0.303711,0,0.00514252
281,435.151,47.6708,12,2,0.314453,0,0.00513116
282,1011.31,50.2743,12,3,0.326172,0,0.00513517
283,1011.31,48.5233,12,3,0.314453,0,0.00518635
284,1008.92,46.3017,13,3,0.316406,0,0.0052109
285,1008.92,48.8216,13,3,0.307617,0,0.00518193
286,1843.9,51.6037,13,4,0.335938,0,0.00517213
287,1008.92,51.2166,12,3,0.327148,0,0.00514562
288,1008.92,49.3912,13,3,0.31543,0,0.00521084
289,1008.92,54.1793,13,3,0.362305,0,0.00520086
290,1008.92,51.0959,13,3,0.351562,0,0.00520869
291,1008.92,49.255,13,3,0.325195,0,0.0052103
292,1011.31,55.9491,13,3,0.359375,0,0.00519013
293,1009.59,51.1457,13,3,0.333984,0,0.00517055
294,1011.31,47.1595,13,3,0.299805,0,0.00515736
295,1011.31,49.1418,13,3,0.327148,0,0.00514534
296,1011.31,51.2081,13,3,0.325195,0,0.00515746
297,1008.92,52.3702,13,3,0.341797,0,0.00515194
298,1009.59,54.6292,13,3,0.360352,0,0.00520937
299,1008.92,46.3495,13,3,0.307617,0,0.00514025
300,1008.92,48.4738,13,3,0.327148,0,0.00532785
301,1012.52,49.2585,13,3,0.332031,0,0.00522192
302,1008.92,51.6043,13,3,0.328125,0,0.0051824
303,1008.92,48.5546,13,3,0.317383,0,0.00528429
304,1008.92,51.2971,13,3,0.322266,0,0.00526575
305,1008.92,52.4313,13,3,0.332031,0,0.00529441
306,1008.92,52.4394,13,3,0.341797,0,0.00528826
307,1008.92,48.191,13,3,0.317383,0,0.00530721
308,1843.9,48.8614,13,4,0.308594,0,0.00530449
309,1009.59,50.7995,13,3,0.341797,0,0.0052708
310,1843.9,56.0813,13,4,0.351562,0,0.00528732
311,1008.92,49.3694,13,3,0.318359,0,0.0052553
312,1011.31,51.9587,13,3,0.339844,0,0.00519432
313,1011.31,47.1156,13,3,0.305664,0,0.0052085
314,1008.92,43.6355,12,3,0.291992,0,0.00519127
315,1008.92,48.2112,13,3,0.333008,0,0.00521257
316,1009.59,45.6281,13,3,0.300781,0,0.00516279
317,1008.92,55.2069,13,3,0.352539,0,0.00521065
318,435.151,48.9546,13,2,0.329102,0,0.0051757
319,1007.46,51.8743,13,3,0.357422,0,0.0051964
320,1008.92,49.8404,13,3,0.330078,0,0.00522795
321,1012.18,49.7394,13,3,0.324219,0,0.00524699
322,1008.92,53.1442,13,3,0.359375,0,0.00522326
323,1011.78,48.2801,13,3,0.31543,0,0.00517097
324,435.151,48.0062,13,2,0.31543,0,0.00519823
325,1010.21,53.2555,13,3,0.352539,0,0.00516267
326,1011.31,49.7385,13,3,0.331055,0,0.00520072
327,1008.92,53.2966,13,3,0.356445,0,0.00519302
328,1011.31,51.487,13,3,0.313477,0,0.00519084
329,1008.92,49.5689,13,3,0.319336,0,0.00519196
330,1008.92,48.7483,13,3,0.311523,0,0.00517169
331,1011.31,51.4772,13,3,0.339844,0,0.00532299
332,1008.92,55.6651,13,3,0.354492,0,0.00518499
333,435.151,50.4743,13,2,0.326172,0,0.00518961
334,1008.92,52.6027,13,3,0.34082,0,0.00520904
335,1011.31,51.618,13,3,0.332031,0,0.00515558
336,1011.31,46.6671,12,3,0.291016,0,0.00514999
337,435.151,48.7139,13,2,0.320312,0,0.00519368
338,1009.59,48.4362,13,3,0.322266,0,0.0051684
339,1008.92,52.2716,13,3,0.338867,0,0.00517567
340,1011.78,48.0806,13,3,0.311523,0,0.00521495
341,1008.92,58.9677,13,3,0.368164,0,0.00519646
342,1008.92,55.6759,13,3,0.347656,0,0.00521897
343,435.151,45.925,13,2,0.30957,0,0.00522669
344,1008.92,51.3689,13,3,0.34082,0,0.00522766
345,1009.59,53.2072,13,3,0.349609,0,0.00519939
346,1008.92,53.435,13,3,0.357422,0,0.00521387
347,1008.92,53.4758,13,3,0.349609,0,0.00518485
348,1008.92,49.86,13,3,0.341797,0,0.00519946
349,1008.92,49.2497,13,3,0.333984,0,0.00523003
350,1011.31,47.7528,13,3,0.316406,0,0.00519143
351,1008.92,52.9305,13,3,0.352539,0,0.00522079
352,1011.31,55.3439,13,3,0.339844,0,0.00523357
353,1011.31,47.8914,13,3,0.3125,0,0.00519924
354,1011.31,53.6703,13,3,0.333984,0,0.0052341
355,1008.92,49.7241,13,3,0.321289,0,0.00519848
356,1008.92,53.2819,13,3,0.348633,0,0.00520616
357,1008.92,49.5612,13,3,0.31543,0,0.00522513
358,1011.31,52.8255,13,3,0.349609,0,0.00523136
359,1011.31,47.1499,13,3,0.317383,0,0.00513752
360,1011.31,54.3639,13,3,0.352539,0,0.00523438
361,1848.92,53.48,13,4,0.334961,0,0.00521899
362,1008.92,47.6741,13,3,0.318359,0,0.00522622
363,1008.92,47.6615,13,3,0.321289,0,0.00523134
364,1008.92,54.8884,13,3,0.359375,0,0.00520035
365,1011.31,55.3213,13,3,0.358398,0,0.0052439
366,1008.92,49.2341,13,3,0.31543,0,0.00521243
367,1011.31,55.6589,13,3,0.349609,0,0.00520806
368,1008.92,53.6981,13,3,0.349609,0,0.00523395
369,1011.31,48.2865,13,3,0.322266,0,0.00519406
370,1011.31,51.9224,13,3,0.324219,0,0.00526931
371,1008.92,48.9949,13,3,0.318359,0,0.00524477
372,1008.92,49.8764,13,3,0.333008,0,0.00519054
373,1009.59,49.7947,13,3,0.342773,0,0.00523256
374,1012.18,54.4318,13,3,0.355469,0,0.00524516
375,1009.59,51.2114,13,3,0.337891,0,0.00523878
376,1843.9,52.0471,13,4,0.336914,0,0.00522105
377,1008.92,55.0929,13,3,0.359375,0,0.00520084
378,1008.92,53.116,13,3,0.347656,0,0.00521601
379,1011.31,58.2027,13,3,0.380859,0,0.00520694
380,1008.92,53.5707,13,3,0.352539,0,0.00521824
381,1011.31,54.9356,13,3,0.358398,0,0.00525419
382,1009.59,49.0377,13,3,0.327148,0,0.00519421
383,1011.31,58.2641,13,3,0.364258,0,0.00527873
384,1008.92,50.4687,13,3,0.336914,0,0.00522985
385,1008.92,48.6189,13,3,0.311523,0,0.00524158
386,1011.31,54.2126,13,3,0.353516,0,0.00525113
387,1008.92,51.6625,13,3,0.329102,0,0.00520668
388,1011.31,55.2255,13,3,0.362305,0,0.00518681
389,1011.78,49.0144,13,3,0.3125,0,0.00519596
390,1008.92,53.3047,13,3,0.344727,0,0.00521101
391,1008.92,48.6088,13,3,0.326172,0,0.00523514
392,1011.31,48.4244,13,3,0.327148,0,0.0051933
393,1011.31,54.9778,13,3,0.351562,0,0.00523714
394,1011.31,51.2687,13,3,0.334961,0,0.00521707
395,1008.92,49.105,13,3,0.333008,0,0.00521214
396,1008.92,59.1446,13,3,0.397461,0,0.00521441
397,1008.92,48.8298,13,3,0.320312,0,0.00522929
398,435.151,51.6955,13,2,0.341797,0,0.0052039
399,1008.92,50.0677,13,3,0.339844,0,0.00525267
400,1011.31,51.4838,13,3,0.341797,0,0.00534744
401,1010.79,54.4512,13,3,0.358398,0,0.00525312
402,1008.92,50.7508,13,3,0.333984,0,0.00523882
403,1008.92,53.6394,13,3,0.334961,0,0.00519895
404,1009.59,50.7407,13,3,0.345703,0,0.00525179
405,1010.21,54.7421,13,3,0.363281,0,0.00574351
406,435.127,46.8694,13,2,0.322266,0,0.00528389
407,1011.31,57.8729,13,3,0.371094,0,0.005275
408,1843.9,54.2864,13,4,0.351562,0,0.0052241
409,1008.92,54.6026,13,3,0.348633,0,0.00523381
410,1008.92,50.2787,13,3,0.331055,0,0.0054208
411,1008.92,53.2495,13,3,0.333984,0,0.00529383
412,1008.92,55.4413,13,3,0.359375,0,0.00520692
413,1011.31,55.204,13,3,0.353516,0,0.00529422
414,1008.92,52.3244,13,3,0.342773,0,0.00533442
415,1008.92,51.8412,13,3,0.333008,0,0.00524097
416,435.127,49.5425,13,2,0.328125,0,0.00521676
417,1008.92,48.6046,13,3,0.319336,0,0.00527103
418,1009.59,48.1671,13,3,0.307617,0,0.00533828
419,1843.9,55.1103,13,4,0.350586,0,0.00531043
420,1008.92,48.8244,13,3,0.3125,0,0.00527606
421,1010.79,56.7039,13,3,0.368164,0,0.00530419
422,1011.78,51.7004,13,3,0.325195,0,0.00528172
423,1008.92,55.1512,13,3,0.365234,0,0.00527622
424,1008.92,51.9929,13,3,0.34082,0,0.00529068
425,1008.92,52.3103,13,3,0.349609,0,0.00530517
426,1843.9,59.4527,13,4,0.363281,0,0.0052485
427,1008.92,54.1236,13,3,0.363281,0,0.00527244
428,1008.92,53.8015,13,3,0.357422,0,0.00525737
429,1011.31,55.8532,13,3,0.357422,0,0.00525058
430,1008.92,54.0539,13,3,0.360352,0,0.00527885
431,1008.92,51.4069,13,3,0.335938,0,0.00525153
432,1843.9,52.3,13,4,0.34082,0,0.00524421
433,1011.31,53.954,13,3,0.338867,0,0.00529015
434,1008.92,52.4951,13,3,0.351562,0,0.00523649
435,1843.9,56.2727,13,4,0.347656,0,0.00525081
436,1009.59,47.4236,13,3,0.317383,0,0.00526671
437,1007.46,55.0699,13,3,0.339844,0,0.00525956
438,1011.31,48.4473,13,3,0.314453,0,0.0052925
439,1011.31,49.7141,13,3,0.332031,0,0.00530688
440,1011.31,58.4651,13,3,0.357422,0,0.00530209
441,1010.21,51.307,13,3,0.329102,0,0.00533881
442,1008.92,53.5108,13,3,0.349609,0,0.00523737
443,1836.29,48.7674,13,4,0.317383,0,0.00523882
444,1008.92,48.7833,13,3,0.334961,0,0.00525843
445,1008.92,51.1896,13,3,0.337891,0,0.00533449
446,1007.46,50.9759,13,3,0.339844,0,0.00541684
447,1008.92,49.5387,13,3,0.325195,0,0.00536098
448,1008.92,59.5642,13,3,0.365234,0,0.00524408
449,1011.31,55.501,13,3,0.353516,0,0.00526623
450,1008.92,51.0059,13,3,0.337891,0,0.00531072
451,1008.92,51.7289,13,3,0.335938,0,0.00534859
452,1007.46,52.8618,13,3,0.358398,0,0.00530334
453,1009.59,51.5205,13,3,0.339844,0,0.00524407
454,1009.59,54.3746,13,3,0.336914,0,0.00531019
455,1008.92,54.7851,13,3,0.351562,0,0.00529982
456,1005.85,54.2515,13,3,0.357422,0,0.00524864
457,1007.46,51.7376,13,3,0.335938,0,0.00529886
458,1009.59,54.1929,13,3,0.335938,0,0.00531114
459,1010.21,53.649,13,3,0.347656,0,0.00530787
460,435.151,53.1715,13,2,0.345703,0,0.00549256
461,1008.92,46.9483,13,3,0.317383,0,0.00532325
462,1008.92,55.8546,13,3,0.360352,0,0.00530569
463,1841.02,53.5977,13,4,0.339844,0,0.00541921
464,1008.92,55.2094,13,3,0.350586,0,0.00538977
465,1009.59,52.903,13,3,0.334961,0,0.00536374
466,1008.92,54.7951,13,3,0.342773,0,0.00542063
467,1011.31,58.6306,13,3,0.367188,0,0.00540043
468,1008.92,55.0984,13,3,0.357422,0,0.00544894
469,1008.92,56.4201,13,3,0.350586,0,0.00540085
470,1011.31,61.0099,13,3,0.382812,0,0.00539142
471,1008.92,57.8938,15,3,0.369141,0,0.00545678
472,1008.92,60.6118,14,3,0.368164,0,0.00554777
473,1829.35,58.713,15,4,0.375,0,0.00555031
474,1008.92,56.3439,15,3,0.362305,0,0.00553905
475,1008.92,64.4464,15,3,0.395508,0,0.00561133
476,1008.92,56.3173,15,3,0.34375,0,0.00562733
477,1010.79,61.9075,15,3,0.37793,0,0.00559583
478,1010.21,56.7218,15,3,0.354492,0,0.00571493
479,1010.79,63.2848,15,3,0.381836,0,0.00569213
480,1011.31,54.82,15,3,0.333984,0,0.0056367
481,1005.85,67.8596,15,3,0.395508,0,0.00572716
482,1011.31,62.3683,16,3,0.383789,0,0.00586426
483,1841.02,66.4204,17,4,0.390625,0,0.0058316
484,1834.62,63.0041,15,4,0.361328,0,0.00585905
485,2940.29,65.287,17,5,0.382812,0,0.00598421
486,1011.78,68.8572,17,3,0.396484,0,0.00600433
487,1008.92,66.7004,17,3,0.389648,0,0.00610284
488,1008.92,65.5385,17,3,0.395508,0,0.00607125
489,1007.46,58.995,16,3,0.342773,0,0.00612717
490,1007.46,68.1223,17,3,0.390625,0,0.00611
491,1007.46,72.3602,18,3,0.415039,0,0.00615686
492,1008.21,63.4904,17,3,0.368164,0,0.00617459
493,1008.92,64.7068,17,3,0.380859,0,0.00629009
494,1011.31,69.4658,19,3,0.392578,0,0.0065205
495,1817.74,71.0331,19,4,0.398438,0,0.00657376
496,1825.63,70.8531,21,4,0.383789,0,0.00711887
497,1823.71,78.757,23,4,0.416016,0,0.00726115
498,1008.21,79.9617,27,3,0.436523,0,0.00725721
499,1008.92,77.009,27,3,0.40918,0,0.00751173
500,1837.92,86.1718,26,4,0.425781,0,0.00767489
501,1010.21,86.5424,36,3,0.443359,0,0.00782396
502,1005.85,86.4269,56,3,0.429688,0,0.00837028
503,1011.31,85.6616,101,3,0.433594,0,0.00838103
504,1839.49,86.4239,37,4,0.413086,0,0.00840552
505,1003.18,92.4481,101,3,0.436523,0,0.00877759
506,1834.62,91.2948,101,4,0.426758,0,0.00892772
507,1011.31,87.4909,101,3,0.408203,0,0.00931793
508,1798.09,94.8568,101,4,0.418945,0,0.00910382
509,1008.92,97.5787,101,3,0.433594,0,0.00936662
510,1007.46,96.7304,101,3,0.449219,0,0.00914881
511,1802.66,97.2631,101,4,0.451172,0,0.00914488
512,1836.29,97.4512,101,4,0.445312,0,0.00925839
513,1827.51,94.7166,101,4,0.431641,0,0.00984931
514,1832.91,108.88,101,4,0.479492,0,0.00979441
515,1800.39,98.8084,101,4,0.444336,0,0.00960042
516,1008.92,94.1559,101,3,0.422852,0,0.00985817
517,1011.78,101.544,101,3,0.453125,0,0.00953189
518,1823.71,103.971,101,4,0.449219,0,0.00995885
519,1798.09,117.945,101,4,0.524414,0,0.00976295
520,4201.3,103.836,101,6,0.447266,0,0.00952527
521,2807.41,100.385,101,5,0.448242,0,0.00974245
522,1834.62,105.966,101,4,0.467773,0,0.0097352
523,1825.63,117.265,101,4,0.509766,0,0.00975003
524,1004.99,98.7593,101,3,0.443359,0,0.00971446
525,4034.46,111.853,101,6,0.481445,0,0.0101753
526,1811.47,102.479,101,4,0.449219,0,0.00999559
527,1800.39,117.76,101,4,0.520508,0,0.0102169
528,2199.94,111.607,101,5,0.49707,0,0.00992923
529,1773.62,116.959,101,4,0.506836,0,0.01005
530,1842.49,120.241,101,4,0.541016,0,0.0103625
531,2700.57,127.147,101,5,0.555664,0,0.010225
532,2766.4,115.364,101,5,0.527344,0,0.010045
533,1738.37,110.825,101,4,0.516602,0,0.0104802
534,1804.91,123.923,101,4,0.550781,0,0.0102816
535,1795.76,121.973,101,4,0.541992,0,0.0101963
536,1815.68,118.348,101,4,0.551758,0,0.0102147
537,1823.71,122.845,101,4,0.552734,0,0.0101195
538,2891.12,127.008,101,5,0.554688,0,0.0104086
539,2924.51,129.997,101,5,0.576172,0,0.0105964
540,2863.89,119.384,101,5,0.540039,0,0.0103934
541,1607.34,119.618,101,4,0.540039,0,0.0104244
542,2874.36,127.455,101,5,0.59082,0,0.0101279
543,5891.28,141.317,101,7,0.607422,0,0.00981336
544,1813.59,129.067,101,4,0.592773,0,0.00983865
545,1800.39,132.599,101,4,0.581055,0,0.0104846
546,1834.62,132.366,101,4,0.594727,0,0.0104363
547,1832.91,141.101,101,4,0.610352,0,0.0104159
548,2580.91,141.883,101,5,0.65918,0,0.0104825
549,3861.83,146.535,101,6,0.668945,0,0.0104787
550,1802.66,132.806,101,4,0.601562,0,0.0102813
551,5758.13,145.883,101,7,0.619141,0,0.0104417
552,1823.71,145.052,101,4,0.647461,0,0.00998718
553,4040.28,151.024,101,6,0.675781,0,0.0101426
554,2874.36,145.703,101,5,0.665039,0,0.0102796
555,5771.56,154.388,101,7,0.675781,0,0.0106636
556,2762.17,161.163,101,5,0.699219,0,0.00998508
557,2874.36,156.774,101,5,0.685547,0,0.0102706
558,10046.5,161.955,101,9,0.676758,0,0.0101847
559,2881.17,166.33,101,5,0.705078,0,0.0101302
560,1825.63,154.015,101,4,0.683594,0,0.00981038
561,2863.89,160.775,101,5,0.692383,0,0.0103563
562,2826.95,171.458,108.709,5,0.768555,1,0.010255
563,2853.13,179.528,107.538,5,0.786133,1,0.00993038
564,5784.84,176.298,108.13,7,0.780273,1,0.0104614
565,1839.49,173.317,108.13,4,0.78125,1,0.0100094
566,5804.47,177.546,106.306,7,0.757812,1,0.00991372
567,2811.38,182.824,107.538,5,0.790039,1,0.00989858
568,2877.78,175.129,108.709,5,0.772461,1,0.00988523
569,7135.27,192.629,108.13,8,0.817383,1,0.0098338
570,9273.14,203.068,109.829,9,0.855469,1,0.00972568
571,2830.78,183.41,109.275,5,0.802734,1,0.00982755
572,2918.83,187.339,110.903,5,0.852539,1,0.00950213
573,3572.66,182.704,108.13,6,0.800781,1,0.0100823
574,3974.91,182.911,109.275,6,0.822266,1,0.00978706
575,5710.03,188.413,108.709,7,0.795898,1,0.0101893
576,4181.49,204.908,109.829,6,0.883789,1,0.00991633
577,2877.78,197.449,109.829,5,0.860352,1,0.00964217
578,5710.03,234.717,110.903,7,0.941406,1,0.0103819
579,4196.4,230.534,111.937,6,0.953125,1,0.00992386
580,7610.9,212.665,111.425,8,0.895508,1,0.0098214
581,7531.03,236.214,110.371,8,0.954102,1,0.00978597
582,5830.11,237.58,110.903,7,0.966797,1,0.00944853
583,4286.66,214.056,110.903,6,0.923828,1,0.00961685
584,2900.72,218.817,111.425,5,0.918945,1,0.00972013
585,4129.59,222.728,110.371,6,0.912109,1,0.00964401
586,4034.46,222.51,111.425,6,0.947266,1,0.00959138
587,5817.37,222.211,110.371,7,0.918945,1,0.00965709
588,2842.09,225.697,111.937,5,0.942383,1,0.00964724
589,3944.23,207.689,110.371,6,0.890625,1,0.009952
590,7226.23,236.376,111.937,8,0.967773,1,0.00956498
591,7363.33,245.059,111.425,8,0.957031,1,0.00941956
592,4248.17,251.402,112.44,6,0.995117,1,0.00948935
593,5645.8,262.509,113.419,7,1.04688,1,0.0096045
594,16098,278.897,114.828,11,1.07812,1,0.0099157
595,7476.26,264,113.419,8,1.06348,1,0.0096197
596,4096.95,239.873,111.937,6,0.991211,1,0.00950794
597,4096.95,254.386,112.934,6,1.0293,1,0.00978459
598,7687.85,274.975,114.828,8,1.08301,1,0.00988376
599,5187.53,269.073,115.282,7,1.07715,1,0.0102365
600,5988.85,289.834,114.366,7,1.09961,1,0.00980578
601,5548.69,284.714,114.828,7,1.09766,1,0.00997945
602,7645.47,272.709,114.828,8,1.08594,1,0.00986149
603,5660.3,296.173,115.729,7,1.15039,1,0.0102654
604,9871.54,320.099,117.03,9,1.18457,1,0.0101586
605,7531.03,303.752,115.282,8,1.14551,1,0.0102688
606,5681.8,320.476,115.282,7,1.17871,1,0.0101428
607,7540.04,314.195,115.729,8,1.16113,1,0.00993214
608,4080.24,291.451,114.366,6,1.10352,1,0.0102378
609,4166.27,291.756,115.282,6,1.12695,1,0.0102106
610,10162.4,348.697,115.729,9,1.20312,1,0.00982536
611,7512.9,313.516,116.603,8,1.17188,1,0.0103574
612,7785.47,358.942,118.675,8,1.27734,1,0.0102466
613,5804.47,305.105,116.17,7,1.16113,1,0.0100097
614,7236.2,320.394,115.729,8,1.19238,1,0.00995171
615,7566.87,341.898,116.603,8,1.22266,1,0.0102009
616,12374.2,368.687,117.865,10,1.27344,1,0.0102085
617,5797.97,346.439,118.273,7,1.25,1,0.0100655
618,12333.8,337.014,117.45,10,1.21582,1,0.00999001
619,10006.4,373.082,118.675,9,1.28809,1,0.01059
620,9617.6,392.739,119.071,9,1.32422,1,0.0103601
621,7566.87,393.934,119.462,8,1.35254,1,0.0102794
622,9571.62,356.687,121.334,9,1.27051,1,0.0107713
623,9358.56,386.15,118.273,9,1.31641,1,0.010401
624,7712.81,355.846,119.462,8,1.25879,1,0.0106985
625,12493.3,405.319,123.415,10,1.37891,1,0.0105006
626,7549.02,372.802,119.847,8,1.30371,1,0.0103242
627,7808.91,346.424,116.603,8,1.23047,1,0.0102853
628,9730.28,406.853,119.462,9,1.34473,1,0.0104476
629,7521.98,394.776,121.334,8,1.35449,1,0.0103717
630,15648.5,446.217,119.847,11,1.38281,1,0.0106479
631,15992.4,413.754,121.693,11,1.37109,1,0.0105045
632,20727.4,430.968,122.047,12,1.3916,1,0.0105873
633,9903.25,445.468,120.97,9,1.40625,1,0.010811
634,12480.2,419.378,121.334,10,1.38867,1,0.0104588
635,15600.3,450.845,121.334,11,1.41211,1,0.0107172
636,7382.45,407.458,125.938,8,1.40527,1,0.0106207
637,15453.8,427.75,121.693,11,1.41211,1,0.0105187
638,15101.6,418.285,121.334,11,1.375,1,0.0105682
639,9774.39,456.065,120.97,9,1.43555,1,0.010263
640,7575.75,422.856,121.334,8,1.40039,1,0.0105619
641,7883.95,410.074,120.601,8,1.37402,1,0.010468
642,16186.9,497.404,120.601,11,1.46289,1,0.0103526
643,11436.8,466.804,125.024,10,1.4834,1,0.010622
644,12320.3,498.101,124.711,10,1.50586,1,0.0106394
645,7467.02,454.205,125.938,8,1.46484,1,0.0107166
646,10026.5,485.566,123.415,9,1.46875,1,0.0105485
647,7557.96,480.213,122.047,8,1.47656,1,0.0105401
648,9418.71,469.261,123.746,9,1.45801,1,0.0109088
649,9730.28,472.749,126.815,9,1.49902,1,0.0107123
650,15050.2,514.452,125.332,11,1.52246,1,0.0106058
651,7769.62,467.699,120.97,8,1.46875,1,0.0106898
652,16007.6,540.482,123.746,11,1.53516,1,0.010987
653,7602.16,509.768,127.93,8,1.55566,1,0.0107573
654,9850.21,537.651,127.657,9,1.55469,1,0.0110081
655,7420.35,538.531,136.902,8,1.61719,1,0.0107161
656,12819.9,591.807,138.143,10,1.68164,1,0.0110298
657,12697.5,534.066,137.17,10,1.61523,1,0.0106401
658,9996.25,540.77,124.711,9,1.56641,1,0.0107253
659,12197.1,571.9,137.037,10,1.61328,1,0.0106266
660,20221,580.753,135.082,12,1.5918,1,0.0109677
661,20165,577.271,136.902,12,1.62109,1,0.0108758
662,26809.7,587.291,126.526,13,1.6084,1,0.0107164
663,9334.3,500.482,119.847,9,1.48633,1,0.0108388
664,9871.54,573.948,137.553,9,1.63867,1,0.0111486
665,12831.9,586.026,136.764,10,1.6377,1,0.0108912
666,21487.9,576.074,132.668,12,1.61914,1,0.0109327
667,14665.2,592.352,131.606,11,1.62207,1,0.0108468
668,12831.9,618.152,124.711,10,1.65039,1,0.0109869
669,11899.6,597.726,136.337,10,1.66309,1,0.0112478
670,9248.49,606.524,137.037,9,1.68945,1,0.0110649
671,27768.1,622.347,135.886,13,1.67676,1,0.0111148
672,14358.5,605.002,136.902,11,1.67676,1,0.0110095
673,38760.4,690.187,138.363,14,1.74023,1,0.011564
674,13072.9,576.278,136.764,10,1.62207,1,0.0109354
675,12795.8,646.082,138.872,10,1.74121,1,0.0113778
676,37481.5,677.619,125.332,14,1.65723,1,0.0112218
677,9944.99,577.443,126.526,9,1.62891,1,0.0105995
678,39651.2,665.668,130.227,14,1.66992,1,0.0114078
679,10095.6,567.162,136.764,9,1.66016,1,0.0106906
680,7721.05,605.683,137.796,8,1.70996,1,0.0113757
681,19469.9,634.946,137.427,12,1.71973,1,0.0112018
682,27361.3,674.441,138.363,13,1.77832,1,0.0114997
683,18984.1,753.604,361.507,12,1.84668,2,0.0116727
684,20221,665.245,137.3,12,1.74707,1,0.0110447
685,16775.6,731.824,129.493,11,1.81641,1,0.0111714
686,19764.6,736.29,138.469,12,1.83301,1,0.0115415
687,20071,764.45,138.675,12,1.86035,1,0.0114386
688,20221,677.312,138.363,12,1.80957,1,0.0108923
689,20165,707.712,138.254,12,1.79004,1,0.0110636
690,12902.9,692.726,125.024,10,1.74121,1,0.0107845
691,57000.5,758.568,138.363,15,1.84277,1,0.0109481
692,12722.4,686.504,373.981,10,1.78418,2,0.0113078
693,12759.3,750.359,375.984,10,1.87402,2,0.0110752
694,12211,675.512,137.3,10,1.76562,1,0.0105104
695,16416.4,822.91,422.61,11,2.00293,2,0.0110815
696,10162.4,639.454,121.693,9,1.6709,1,0.0102064
697,15807,756.459,137.427,11,1.85547,1,0.0107822
698,27807.9,761.653,137.037,13,1.82031,1,0.0110539
699,12747,741.712,126.815,10,1.81055,1,0.0109302
700,12480.2,762.586,138.363,10,1.87207,1,0.0109815
701,21518.7,757.998,137.3,12,1.8252,1,0.0114508
702,16172.2,795.217,138.469,11,1.875,1,0.0112169
703,12710,697.4,364.698,10,1.82227,2,0.0114412
704,21331.1,770.656,138.469,12,1.87109,1,0.0115216
705,11558.8,796.003,410.079,10,1.94043,2,0.0112476
706,39651.2,818.275,138.143,14,1.87012,1,0.0112948
707,15664.6,741.735,138.03,11,1.83105,1,0.0114245
708,38456.4,834.708,396.449,14,1.93262,2,0.0112068
709,58911.7,975.581,420.239,15,2.05371,2,0.0110381
710,20692.2,874.586,412.261,12,1.96387,2,0.0112203
711,16022.8,766.957,137.914,11,1.85547,1,0.0104814
712,26700.9,827.834,403.121,13,1.94238,2,0.0109438
713,38852.6,804.763,138.675,14,1.90137,1,0.0105582
714,38432.8,864.292,137.914,14,1.92871,1,0.0106055
715,12995,826.016,399.84,10,1.97363,2,0.0109371
716,26234.6,827.59,334.367,13,1.94141,2,0.0111561
717,27402.7,917.312,401.495,13,2.03418,2,0.0108602
718,12867.6,809.66,412.261,10,1.96094,2,0.01065
719,12467.1,818.828,418.362,10,1.99707,2,0.0111318
720,15931.2,845.535,418.362,11,2.00098,2,0.0110652
721,27361.3,955.123,423.179,13,2.08594,2,0.0108823
722,15304.6,892.845,401.495,11,2.00684,2,0.0108801
723,15838.3,842.431,415.735,11,1.98047,2,0.0104454
724,20276.6,850.68,399.84,12,1.92676,2,0.0104273
725,25638,838.088,359.354,13,1.93359,2,0.0106205
726,12867.6,809.438,138.143,10,1.92773,1,0.0107028
727,15853.9,858.345,417.066,11,1.99219,2,0.0106951
728,26874.6,797.963,140.974,13,1.89453,1,0.0104417
729,165541,1079.04,327.159,17,2.04492,2,0.010747
730,19918.9,864.362,138.143,12,1.95215,1,0.0108588
731,19686.7,875.669,411.542,12,2.00977,2,0.0108602
732,19686.7,898.139,139.059,12,1.99512,1,0.0109494
733,96236.7,913.929,127.099,16,1.89453,1,0.010659
734,27827.7,803.182,136.764,13,1.88477,1,0.0108091
735,12467.1,817.043,417.066,10,2.00879,2,0.0110376
736,20313.5,869.983,415.057,12,1.98926,2,0.0109283
737,16007.6,865.094,401.495,11,1.98633,2,0.0107613
738,16037.9,819.316,384.712,11,1.93359,2,0.010744
739,26766.3,871.29,396.449,13,1.97949,2,0.0111598
740,20052.1,877.258,415.057,12,2.00977,2,0.0109858
741,21152.8,940.773,417.719,12,2.03809,2,0.0105822
742,15915.8,920.168,418.997,11,2.07422,2,0.0110974
743,12453.9,841.079,410.814,10,1.96582,2,0.0108596
744,20459.8,884.783,413.675,12,1.99219,2,0.0107762
745,36134,949.149,422.032,14,2.1377,2,0.0112208
746,27257.2,1016.92,422.032,13,2.15527,2,0.0109899
747,20797.2,897.569,421.443,12,2.04199,2,0.0109898
748,16526.7,798.792,138.675,11,1.8916,1,0.0110331
749,27088.6,951.633,410.079,13,2.04785,2,0.0110831
750,59233.9,1025.78,421.443,15,2.13574,2,0.0117067
751,26679,975.144,425.869,13,2.18359,2,0.0111429
752,12238.5,910.402,417.066,10,2.0752,2,0.0112497
753,23936.2,1011.3,403.121,13,2.10645,2,0.0110826
754,19529.4,990.401,420.846,12,2.14453,2,0.0114227
755,20900.8,883.397,411.542,12,2.05078,2,0.0111542
756,27423.4,1028.85,423.179,13,2.1748,2,0.0110146
757,59690.4,1105.28,420.239,15,2.19043,2,0.0114705
758,25731.1,876.799,413.675,13,1.99707,2,0.0110145
759,20621.4,1091.28,422.032,12,2.21777,2,0.0117154
760,27464.5,1015.95,418.362,13,2.11719,2,0.0114683
761,15321.3,1012.41,423.737,11,2.16602,2,0.0114258
762,57139.6,1194.7,417.719,15,2.20898,2,0.0116618
763,26939.2,1052.92,421.443,13,2.17773,2,0.0113245
764,27546.4,956.107,407.827,13,2.05078,2,0.0108807
765,27382.1,1016.54,417.066,13,2.16895,2,0.0114863
766,39608.4,1033.56,427.827,14,2.19434,2,0.0112798
767,15992.4,924.429,418.997,11,2.09277,2,0.0113413
768,38121.8,1113.07,417.066,14,2.22168,2,0.0115711
769,39841.5,1062.12,423.737,14,2.19824,2,0.0112741
770,58760.5,1133.35,424.824,15,2.20312,2,0.0113054
771,163506,1177.29,417.066,17,2.13574,2,0.0111984
772,38620.9,1182.58,428.288,14,2.34961,2,0.0114549
773,28081.5,1141.25,425.352,13,2.2832,2,0.0112516
774,39170,1150.6,427.354,14,2.2793,2,0.0112427
775,20656.9,1019,426.87,12,2.23926,2,0.0112388
776,27444,1056.41,425.352,13,2.23145,2,0.0113031
777,96444,1151.97,425.352,16,2.20605,2,0.0110433
778,93726.7,1238.3,425.352,16,2.26074,2,0.0113827
779,36818.4,1080.57,426.375,14,2.25488,2,0.0113742
780,39522.2,1137.22,425.352,14,2.26562,2,0.0116223
781,59548.1,1190.12,425.869,15,2.27539,2,0.0121064
782,15869.4,1017.8,425.869,11,2.1875,2,0.0115497
783,26121.5,1066.1,426.375,13,2.24219,2,0.0115429
784,57167.3,1201.38,427.827,15,2.30273,2,0.0116961
785,58986.8,1257.36,426.87,15,2.36719,2,0.0119842
786,16216.2,1090.98,426.87,11,2.28516,2,0.0117416
787,96158.1,1307.54,425.869,16,2.32812,2,0.011805
788,16388.3,1062.88,425.352,11,2.24805,2,0.0112844
789,27173.2,1098.47,425.869,13,2.24609,2,0.0114683
790,58911.7,1279.62,428.738,15,2.40137,2,0.0117079
791,20621.4,1173.02,428.288,12,2.36133,2,0.0118065
792,20952,1184.26,424.824,12,2.3252,2,0.0117685
793,16303.1,1103.14,424.286,11,2.27734,2,0.0117179
794,28234,1206.14,426.375,13,2.36719,2,0.0117098
795,38097.6,1290.76,430.413,14,2.49414,2,0.0118433
796,27526,1312.33,426.87,13,2.44336,2,0.0116101
797,39147.6,1371.06,426.375,14,2.44824,2,0.0116348
798,95039.6,1404.98,431.173,16,2.54492,2,0.0119386
799,37152.7,1156.31,425.869,14,2.2998,2,0.0112128
800,298366,1705.2,429.6,18,2.54492,2,0.0117528
801,26436.2,1313.04,429.6,13,2.49121,2,0.0120649
802,59595.7,1325.71,430.413,15,2.46777,2,0.0115941
803,93816.7,1420.43,431.173,16,2.52734,2,0.011712
804,56292.3,1244.88,429.6,15,2.40918,2,0.0120489
805,161150,1745.94,430.413,17,2.68457,2,0.0124498
806,21299.1,1399.39,429.6,12,2.56738,2,0.0122318
807,38806.6,1514.85,431.878,14,2.68945,2,0.0127585
808,20692.2,1340.87,432.209,12,2.54883,2,0.0124619
809,93424,1718.21,429.6,16,2.6748,2,0.0130078
810,55652.2,1463.34,428.738,15,2.53125,2,0.0125703
811,36320.3,1517.17,431.878,14,2.7207,2,0.0132625
812,27215.3,1425.23,431.532,13,2.62207,2,0.0133889
813,39303.4,1641.09,433.114,14,2.80859,2,0.0133812
814,300707,2110.19,431.878,18,2.83789,2,0.0134914
815,38644.3,1438.71,431.878,14,2.67188,2,0.0127977
816,28215.1,1568.13,431.878,13,2.77344,2,0.0130028
817,37076,1567.14,433.874,14,2.74316,2,0.0129346
818,38829.6,1562.19,432.209,14,2.69141,2,0.012703
819,92525.7,1635.96,431.173,16,2.70508,2,0.0129425
820,93332.5,1669.39,432.828,16,2.77344,2,0.0129523
821,28234,1698.81,434.093,13,2.86426,2,0.0134163
822,57551.4,1549.53,432.526,15,2.70703,2,0.0133938
823,95375.2,1686.91,430.413,16,2.67285,2,0.0136703
824,162385,1741.44,431.173,17,2.77051,2,0.0132704
825,28511.5,1692.11,431.878,13,2.8252,2,0.0132919
826,53139.6,1962.28,433.637,15,2.97168,2,0.0136971
827,38620.9,1749.03,434.093,14,2.92969,2,0.0135529
828,93636.3,1992.23,433.637,16,2.99512,2,0.0138291
829,25684.6,1611.98,433.637,13,2.83008,2,0.0130793
830,37730.6,1725.33,432.209,14,2.85742,2,0.0132198
831,93726.7,1875.87,431.532,16,2.87012,2,0.0135932
832,40169.5,1759.49,434.093,14,2.91211,2,0.0137743
833,92557.1,1937.92,432.828,16,2.9502,2,0.0140254
834,59355.7,2000.02,434.294,15,3.05566,2,0.014068
835,38218.1,1845.62,434.093,14,2.96387,2,0.0138029
836,57767.7,1842.18,434.638,15,2.9707,2,0.0136164
837,56263.6,2054.72,434.294,15,3.14648,2,0.0145003
838,57332.8,1707.34,432.828,15,2.87012,2,0.013929
839,297320,2396.64,433.874,18,3.02539,2,0.0140753
840,163667,2638.86,433.637,17,3.13379,2,0.0150963
841,28346.3,1990.88,434.781,13,3.14844,2,0.0147739
842,161739,2430.56,802.259,17,3.23633,3,0.0153075
843,93816.7,2329.45,434.902,16,3.20703,2,0.0151274
844,95649.7,2233.16,811.935,16,3.19727,3,0.0148971
845,55828.3,1987.97,434.093,15,3.07324,2,0.0144573
846,91760.2,2230.02,434.294,16,3.16602,2,0.014961
847,57551.4,2208.14,433.874,15,3.11914,2,0.0145982
848,56521.3,2274.95,434.638,15,3.24023,2,0.0153625
849,56003.3,2044.79,434.902,15,3.14746,2,0.0146406
850,94378.9,2241.27,434.294,16,3.14062,2,0.0148681
851,158734,2366.45,731.06,17,3.24512,3,0.0152674
852,59011.7,2296.17,434.902,15,3.29004,2,0.0156448
853,92177.2,2331,637.252,16,3.32324,3,0.0158752
854,57605.7,2324.26,864.92,15,3.33398,3,0.0158784
855,163246,2605.08,877.945,17,3.39648,3,0.0161948
856,163859,2371.94,434.476,17,3.20898,2,0.0158106
857,162586,2868.05,944.449,17,3.51562,3,0.0163856
858,162852,2565.35,933.708,17,3.4834,3,0.0159421
859,92399.4,2601.55,914.806,16,3.4502,3,0.015651
860,159470,2712.64,928.165,17,3.48438,3,0.016348
861,94378.9,2594.94,858.278,16,3.43164,3,0.0162071
862,300316,3237.55,931.873,18,3.54102,3,0.0161473
863,163181,2580.16,926.292,17,3.52734,3,0.0159306
864,162148,2694.72,880.081,17,3.50195,3,0.0160862
865,161045,2746.41,939.138,17,3.56152,3,0.0164663
866,164579,3002.02,914.806,17,3.5791,3,0.0162811
867,157986,2764.86,935.531,17,3.53711,3,0.01625
868,160230,3054.11,966,17,3.77539,3,0.0170016
869,156533,3030.53,908.906,17,3.59863,3,0.0170051
870,38170,2883.12,964.432,14,3.8125,3,0.0169409
871,560249,3495.79,946.193,19,3.6416,3,0.0169291
872,94668.9,2872.04,939.138,16,3.62305,3,0.0167765
873,56492.8,2796.87,939.138,15,3.67188,3,0.0169949
874,557492,4105.53,975.061,19,3.97363,3,0.0180311
875,563031,3979.55,930.025,19,3.75391,3,0.0176593
876,296089,3045.74,951.342,18,3.71191,3,0.0171683
877,163699,3297.09,951.342,17,3.72363,3,0.0172893
878,298152,3384.21,926.292,18,3.69238,3,0.0176206
879,289735,3494.4,959.636,18,3.82129,3,0.0176729
880,163763,3596.74,964.432,17,3.97754,3,0.0177712
881,302132,4235.76,967.552,18,4.02539,3,0.0181697
882,159470,3880.73,975.061,17,4.05957,3,0.0182157
883,160014,3327.28,951.342,17,3.85645,3,0.0181078
884,162984,3406.02,953.029,17,3.8252,3,0.0178251
885,93666.4,3260.44,983.489,16,3.99414,3,0.0185203
886,298543,3978.46,989.976,18,4.13379,3,0.0189132
887,162519,3880.59,983.489,17,4.12305,3,0.0187572
888,563031,3755.12,980.754,19,4.08203,3,0.0191366
889,159324,3703.08,1001.24,17,4.2168,3,0.019493
890,91075,3509.54,976.512,16,4.07715,3,0.0192949
891,560035,4246.39,987.443,19,4.15234,3,0.0194632
892,160939,4126,1328.79,17,4.33203,4,0.0199276
893,161704,4494.95,1641.71,17,4.52734,4,0.0205921
894,162719,4332.21,1367.04,17,4.35547,4,0.0204284
895,159470,4594.09,1465.13,17,4.56836,4,0.0209763
896,163246,4534.12,1655.05,17,4.61035,4,0.0215721
897,163922,4263.63,997.036,17,4.48242,3,0.0206553
898,554285,5256.2,1690.48,19,4.74512,4,0.0215538
899,160050,4791.44,1593.22,17,4.6875,4,0.0218673
900,162951,4688.72,1684.18,17,4.73535,4,0.0214226
901,161601,5013.95,1671.39,17,4.88477,4,0.0227013
902,296840,5442.35,1631.55,18,4.77344,4,0.0222693
903,298789,5691.33,1624.7,18,4.80176,4,0.0220688
904,162752,5407.03,1708.97,17,4.99219,4,0.0229045
905,162586,5404.56,1723.91,17,4.9873,4,0.0231448
906,296165,6375.59,1735.52,18,5.08887,4,0.0236344
907,297575,6091.33,2445.26,18,5.26855,5,0.0240481
908,294151,7063.35,2418.01,18,5.38086,5,0.024395
909,562667,6474.07,2524.81,19,5.33887,5,0.0247701
910,4.24376e+06,11068.4,2121.25,22,5.45117,5,0.0250497
911,296241,7940.21,2634.97,18,5.71484,5,0.0265412
912,564416,7557.23,2288.23,19,5.41016,5,0.0253893
913,564221,8304.02,2766.4,19,5.80664,5,0.027035
914,297320,8188.88,2787.22,18,5.88184,5,0.0274115
915,2.1439e+06,10009.9,2615.56,21,5.66992,5,0.026513
916,2.14694e+06,12356.2,3401.42,21,6.19043,6,0.0278245
917,565298,9328.78,2654.09,19,5.78516,5,0.027531
918,162114,7942.5,3637.32,17,6.15527,6,0.0282151
919,1.09146e+06,9426.68,3416.64,20,6.16211,6,0.0279878
920,162719,8400.2,3594.37,17,6.13477,6,0.0281619
921,297393,9772.59,2803.43,18,6.10059,5,0.0277271
922,295286,8033.19,3558.11,18,6.06836,6,0.0278624
923,1.08743e+06,11467.8,3775.87,20,6.36816,6,0.0288386
924,161463,7822.1,3579.91,17,6.04297,6,0.0278009
925,295324,7971.26,3301.06,18,6.03711,6,0.0275703
926,291758,9173.99,3861.83,18,6.37793,6,0.0287643
927,297356,8928.33,3822.58,18,6.25879,6,0.0283091
928,565935,9649.06,3658.56,19,6.27051,6,0.0291054
929,293753,9270.13,3686.64,18,6.19824,6,0.0284324
930,297793,9995.59,3728.22,18,6.37695,6,0.0294482
931,562748,11374.6,3874.74,19,6.6709,6,0.030687
932,561598,10393.4,3707.51,19,6.33984,6,0.0288279
933,299513,9793.75,3665.61,18,6.41016,6,0.0292866
934,563272,10895.8,3815.97,19,6.54883,6,0.0296283
935,295899,10288.2,4570.79,18,6.73047,7,0.0305794
936,162519,11647.1,4832.62,17,6.96777,7,0.0317131
937,295169,9719.58,3842.3,18,6.51562,6,0.0297373
938,561390,9408.98,3829.17,19,6.38965,6,0.0291406
939,561930,11861.7,3707.51,19,6.34863,6,0.0292813
940,2.14494e+06,13995.2,5027.38,21,6.97656,7,0.0315016
941,161254,10133.8,4286.89,17,6.68262,7,0.0302862
942,298117,10311.9,3938.03,18,6.63965,6,0.0304602
943,1.09595e+06,14156.2,4842.08,20,6.8418,7,0.0317834
944,297136,10580.5,4669.19,18,6.75391,7,0.0304485
945,562259,12573.8,3835.74,19,6.64648,6,0.0305919
946,561012,10826.3,5054.52,19,6.8877,7,0.0308735
947,6.71812e+07,76298.2,5027.38,26,6.95312,7,0.0310562
948,292212,11457.2,4972.57,18,6.78613,7,0.0323654
949,1.08995e+06,11421.1,4057.57,20,6.5127,6,0.0316344
950,297575,12369,4550.92,18,6.72656,7,0.0314004
951,1.09022e+06,13810.2,5081.49,20,7.03711,7,0.0325477
952,563947,12497.1,5187.53,19,7.06738,7,0.0323125
953,161670,9977.54,3782.6,17,6.64844,6,0.0301623
954,562748,12831.5,5081.49,19,7.10547,7,0.0323889
955,557715,12823.8,5315.79,19,7.25098,7,0.0330821
956,296766,12933.2,5332.51,18,7.38477,7,0.0327669
957,297793,14313.2,6374.81,18,7.61719,8,0.033703
958,2.14694e+06,16031.3,5571.53,21,7.28418,7,0.0327929
959,560419,12840.5,5340.83,19,7.27539,7,0.0329934
960,1.09595e+06,17334.4,6351.29,20,7.55469,8,0.0340154
961,557357,14561.1,6421.63,19,7.57031,8,0.0344132
962,300184,13636.8,5382.11,18,7.32324,7,0.0335731
963,563947,15463,5457.4,19,7.49512,8,0.0343697
964,562218,16578.8,6172.47,19,7.50391,8,0.0335676
965,1.09084e+06,16799.6,6639.71,20,7.8291,8,0.0348704
966,2.14572e+06,18622,5650.73,21,7.40723,8,0.0332735
967,297901,15043.4,6537.32,18,7.74121,8,0.0341261
968,1.08691e+06,16564.7,5638.51,20,7.52441,7,0.0337562
969,2.14094e+06,18167.6,6433.29,21,7.52637,8,0.0341615
970,567024,16392.1,6571.63,19,7.63379,8,0.0341992
971,292458,15103.1,6514.34,18,7.82812,8,0.0345615
972,562708,17159.2,6936.52,19,7.84277,8,0.0348216
973,559820,15382.1,6617.1,19,7.60938,8,0.03326
974,558645,13790.8,6456.55,19,7.56836,8,0.0344693
975,1.08955e+06,14709,6444.93,20,7.54688,8,0.0341848
976,1.09416e+06,16141.6,6398.26,20,7.4834,8,0.0338794
977,1.09009e+06,16826,6268.36,20,7.54883,8,0.0338621
978,563392,16678.5,5315.79,19,7.30078,7,0.0336357
979,560547,16118.7,6806.59,19,7.79102,8,0.0350616
980,299683,15163.5,5877.98,18,7.50391,8,0.0337112
981,1.09128e+06,19524.6,7186.07,20,8.12988,8,0.0358926
982,565972,17099.6,7278.15,19,7.97656,9,0.035359
983,2.14328e+06,16963.8,6729.32,21,7.78711,8,0.0346563
984,2.13805e+06,21503.7,7094.17,21,7.95312,8,0.0351324
985,2.14246e+06,18531.6,6751.5,21,7.78516,8,0.0345505
986,4.24131e+06,23349.1,6850.26,22,7.80273,8,0.0340786
987,564065,16895.1,6650.99,19,7.79688,8,0.035092
988,1.093e+06,17238.8,7042.23,20,7.96289,8,0.0350622
989,561640,16975.8,7334.42,19,8.08594,8,0.0360664
990,2.14084e+06,18536.2,6947.2,21,7.89453,8,0.0357737
991,1.08882e+06,19896.8,7256.07,20,8.02441,8,0.0357148
992,561515,16433.5,7010.77,19,7.92578,8,0.034789
993,8.44528e+06,26074.6,6882.78,23,7.86719,8,0.0348335
994,2.14782e+06,18434.5,6514.34,21,7.63477,8,0.0345988
995,8.44403e+06,27091.9,6806.59,23,7.79785,8,0.0340755
996,1.68373e+07,36139.9,6904.35,24,7.82031,8,0.035052
997,1.09241e+06,21421.8,7246.15,20,8.04883,8,0.0349912
998,1.09375e+06,21279.6,7073.47,20,7.9873,8,0.034441
999,1.08982e+06,22540.4,7566.87,20,8.1123,8,0.0349275
1000,1.09329e+06,20578.5,7344.08,20,8.21094,8,0.0354026
1001,2.14276e+06,23581.2,7566.81,21,8.12305,9,0.0349212
1002,2.14969e+06,26268.2,7000.23,21,7.99219,8,0.0348166
1003,2.13267e+06,23079.5,6947.2,21,7.89746,8,0.0336796
1004,566009,19344.4,6947.2,19,8.0752,8,0.0340298
1005,4.24931e+06,27167.8,7922.13,22,8.33301,9,0.0348013
1006,3.36248e+07,58656.4,8038.16,25,8.28613,9,0.0343587
1007,4.23923e+06,25555.5,7656.64,22,8.22559,9,0.0346538
1008,563789,19997.5,7275.83,19,8.06055,8,0.0342287
1009,2.14902e+06,26658.3,7566.81,21,8.14746,9,0.0345839
1010,4.24433e+06,23908.4,7334.42,22,8.17578,8,0.034649
1011,1.08407e+06,19418.2,7206.2,20,7.9502,8,0.0344597
1012,8.45184e+06,34686.3,8195.64,23,8.40137,9,0.0356036
1013,2.14405e+06,22792.8,7951.26,21,8.00098,9,0.0345197
1014,2.14881e+06,24354.1,8181.42,21,8.32715,9,0.0356204
1015,1.09053e+06,21756.4,7196.15,20,8.06055,8,0.0350632
1016,1.6844e+07,42382.2,7000.23,24,8.03125,8,0.0344309
1017,2.1428e+06,26698,7052.67,21,8.05957,8,0.0337064
1018,4.25039e+06,26914.9,7745.53,22,8.23633,8,0.0347539
1019,8.44884e+06,31705,7512.9,23,8.13281,8,0.0340118
1020,4.25011e+06,30887.3,7052.67,22,7.99414,8,0.034082
1021,1.68331e+07,41011.4,8195.64,24,8.31543,9,0.0349491
1022,1.09359e+06,22903.7,7701.31,20,8.22852,9,0.0350161
1023,8.44677e+06,50224,7000.23,23,8.11719,8,0.0340971
1024,1.09309e+06,30669.5,8693.38,20,8.55566,9,0.0358207
1025,2.14549e+06,26577.3,7145.48,21,7.93945,8,0.033655
1026,4.24707e+06,33328.2,8503.14,22,8.34082,9,0.0352725
1027,1.68428e+07,39029.1,8066.97,24,8.20996,9,0.0352422
1028,4.24642e+06,35549.1,8516.87,22,8.50977,9,0.0340802
1029,2.14885e+06,30100.7,7369.99,21,8.16016,9,0.0338196
1030,1.68419e+07,68162.4,7457.75,24,8.35645,8,0.033955
1031,4.24682e+06,37212.1,8252.3,22,8.27539,9,0.0333114
1032,4.24637e+06,48721.9,8475.61,22,8.51562,9,0.0342225
1033,4.25052e+06,44338.8,7385.24,22,8.13184,9,0.0335369
1034,8.44843e+06,64554.4,8475.61,23,8.58301,9,0.0339516
1035,6.71821e+07,129978,8336.67,26,8.45996,9,0.033579
1036,6.71829e+07,152935,9394.74,26,8.71094,9,0.0356285
1037,1.68436e+07,79966.3,9034.58,24,8.83691,9,0.0349213
1038,6.7182e+07,146535,9358.56,26,9.11035,9,0.0354306
1039,3.36249e+07,109864,11703.2,25,9.46777,11,0.0370019
1040,1.68405e+07,99522.6,10218.1,24,9.24707,10,0.0362103
1041,3.36186e+07,122695,10965,25,9.31738,10,0.036634
1042,1.68386e+07,115335,9297.69,24,9.04492,9,0.0359829
1043,6.71834e+07,148374,10522.2,26,9.19434,10,0.0366507
1044,6.71817e+07,211331,11986,26,9.66016,10,0.037813
1045,2.6852e+08,422659,9148.78,28,8.9707,9,0.0365808
1046,3.3618e+07,211718,11942.9,25,9.63965,10,0.0381441
1047,1.68433e+07,185645,12127.6,24,9.68457,10,0.0381626
1048,6.71756e+07,284399,12596.7,26,9.68555,10,0.0378147
1049,1.343e+08,259676,11708.8,27,9.47363,10,0.0372523
1050,6.7183e+07,206200,11436.8,26,9.42969,10,0.0367098
1051,1.34301e+08,393371,12400.9,27,9.8584,10,0.0385425
1052,6.7176e+07,293403,12839.9,26,9.87598,11,0.0380717
1053,1.34297e+08,286523,11723.6,27,9.70996,10,0.0391575
1054,1.68406e+07,148726,12197.1,24,9.58789,10,0.0387075
1055,3.36216e+07,259103,11928.5,25,9.49316,10,0.0385213
1056,3.36216e+07,208720,11971.7,25,9.74316,10,0.0388495
1057,5.36967e+08,677207,12000.3,29,9.8291,10,0.0375041
1058,2.6852e+08,470162,15220.6,28,10.4922,11,0.0384326
1059,1.34295e+08,531404,15616.4,27,10.7139,11,0.0395699
1060,6.71883e+07,358048,19764.6,26,10.9258,12,0.0409887
1061,6.71783e+07,440802,18818.5,26,10.8467,12,0.0409584
1062,1.34302e+08,421887,18651.1,27,10.6973,12,0.040392
1063,1.68377e+07,203726,12265.9,24,10.1025,10,0.0387378
1064,6.71872e+07,517102,15050.2,26,10.498,11,0.0397153
1065,1.34293e+08,330422,12685.1,27,10.0195,10,0.0383102
1066,1.68413e+07,160906,13741.9,24,10.001,11,0.038553
1067,3.36231e+07,235672,14911.8,25,10.2373,11,0.0391244
1068,2.68525e+08,475961,11942.9,28,9.94629,10,0.038084
1069,6.71853e+07,329746,15807,26,10.752,11,0.0394913
1070,6.71778e+07,310919,15728.2,26,10.7852,11,0.0395656
1071,1.68376e+07,229875,15728.2,24,10.7588,11,0.0411248
1072,1.34297e+08,419193,18839.3,27,10.9512,12,0.0408381
1073,1.68398e+07,207883,15271.1,24,10.5449,11,0.0401003
1074,2.68521e+08,459638,12252.2,28,9.98047,10,0.038929
1075,6.71854e+07,465642,15271.1,26,10.6582,11,0.0396131
1076,2.6852e+08,819232,18311.2,28,10.8721,12,0.0401228
1077,6.71846e+07,493471,24681.6,26,11.5713,13,0.0411609
1078,6.71866e+07,550446,26212.1,26,11.7207,13,0.0420953
1079,2.68526e+08,1.02942e+06,19745.2,28,11.3018,12,0.0411172
1080,2.68527e+08,916914,26166.8,28,11.6865,13,0.0430689
1081,1.34304e+08,703133,24583.6,27,11.5078,13,0.0423938
1082,6.7186e+07,514180,24900.7,26,11.4648,13,0.0426589
1083,6.71872e+07,478492,19976.2,26,11.165,12,0.0416693
1084,6.71835e+07,490290,20331.9,26,11.2539,12,0.0419265
1085,2.6852e+08,638729,24583.6,28,11.458,13,0.0423024
1086,2.68522e+08,772837,20797.2,28,11.1523,12,0.0415918
1087,1.34297e+08,549505,25473.9,27,11.5254,13,0.0425214
1088,1.34303e+08,866318,20313.5,27,11.3369,12,0.0416908
1089,6.71852e+07,655416,24212.2,26,11.458,13,0.0422124
1090,3.3624e+07,597565,20258.1,25,11.3945,12,0.0419084
1091,5.36964e+08,1.03534e+06,25846.8,29,11.6504,13,0.0416963
1092,6.71863e+07,499790,24509.8,26,11.5918,13,0.0426619
1093,6.71877e+07,589920,26257.2,26,11.8047,13,0.0433781
1094,2.68524e+08,683107,19188.5,28,11.1191,12,0.0414875
1095,6.71805e+07,535965,18714.1,26,11.0078,12,0.0412965
1096,2.68524e+08,706384,19147.9,28,10.9775,12,0.0408692
1097,1.34298e+08,777276,24852.2,27,11.5049,13,0.042044
1098,8.59005e+09,8.9652e+06,19822.7,33,11.125,12,0.0414508
1099,3.36229e+07,375456,18651.1,25,10.8955,12,0.0418251
1100,5.36959e+08,1.53711e+06,25450.3,29,11.7148,13,0.0443634
1101,1.34297e+08,723635,20567.8,27,11.2725,12,0.0424159
1102,6.71846e+07,673343,26960.7,26,11.9639,13,0.044345
1103,3.36249e+07,473527,24803.6,25,11.415,13,0.0424591
1104,2.68525e+08,882426,25284.6,28,11.4219,13,0.0423759
1105,2.68518e+08,918137,19880.5,28,11.2031,12,0.0418965
1106,2.68517e+08,655625,19350,28,11.165,12,0.0414958
1107,5.36967e+08,1.26366e+06,20202.3,29,11.2588,12,0.0415299
1108,1.34281e+08,955259,27587.1,27,12.0791,13,0.043405
1109,1.34293e+08,794648,25823.7,27,11.5947,13,0.0416323
1110,6.71801e+07,583095,20900.8,26,11.4834,12,0.0421337
1111,2.68512e+08,952902,20295.1,28,11.3574,12,0.0411712
1112,6.71863e+07,478158,20313.5,26,11.3291,12,0.0410765
1113,2.68526e+08,783813,15712.4,28,10.8105,11,0.0397373
1114,2.68521e+08,670005,20089.9,28,11.0176,12,0.0409791
1115,1.34303e+08,583940,19667.2,27,11.0996,12,0.0416208
1116,2.68519e+08,924064,22934.1,28,11.5186,13,0.041921
1117,1.34296e+08,529882,19430,27,10.7334,12,0.039763
1118,1.34294e+08,664388,19329.9,27,11.1396,12,0.0411325
1119,5.36965e+08,972077,19918.9,29,11.0908,12,0.0402515
1120,1.343e+08,976883,19588.6,27,11.125,12,0.0404841
1121,1.34288e+08,634370,19861.3,27,11.0918,12,0.0405364
1122,6.71799e+07,430652,19269.5,26,11.0098,12,0.0402046
1123,1.34297e+08,536156,15404.3,27,10.7002,11,0.0391911
1124,3.36247e+07,424248,19025.2,25,10.9336,12,0.0396138
1125,6.71873e+07,626968,16726.7,26,11.0225,12,0.0395299
1126,8.59006e+09,8.85648e+06,18984.1,33,11.0283,12,0.0398036
1127,1.34299e+08,977876,26030.4,27,11.8809,13,0.0427636
1128,6.71911e+07,499194,19147.9,26,11.165,12,0.0411758
1129,1.34307e+08,664400,19861.3,27,11.4346,12,0.04162
1130,1.34305e+08,542190,19822.7,27,11.4189,12,0.0421699
1131,2.68522e+08,881838,25846.8,28,11.8701,13,0.0436882
1132,1.34296e+08,644488,25961.8,27,11.6514,13,0.0426151
1133,2.68524e+08,1.08061e+06,25450.3,28,11.7305,13,0.0423108
1134,5.36957e+08,1.58796e+06,25450.3,29,12.082,13,0.04224
1135,2.68518e+08,736421,24311.8,28,11.7979,13,0.0422746
1136,1.07385e+09,2.17538e+06,26076,30,12.1191,13,0.0433111
1137,1.34303e+08,1.01412e+06,27708.1,27,12.6758,13,0.0440441
1138,6.71842e+07,847202,20762.4,26,11.8721,12,0.041383
1139,2.68509e+08,1.08462e+06,20146.3,28,11.6641,12,0.041246
1140,1.34296e+08,587768,25237,27,11.9922,13,0.041381
1141,2.68526e+08,1.43129e+06,21053.2,28,11.9287,12,0.0414677
1142,1.718e+10,1.76803e+07,23580.7,34,11.7598,13,0.0409555
1143,5.36961e+08,1.57898e+06,37178.2,29,12.9844,14,0.0434364
1144,2.68523e+08,1.45377e+06,27728.2,28,12.1494,13,0.0431817
1145,6.71862e+07,700479,20127.5,26,11.6602,12,0.0422561
1146,5.36966e+08,1.23011e+06,25800.6,29,11.7285,13,0.0418045
1147,2.68524e+08,1.20529e+06,26302.1,28,11.9521,13,0.0428907
1148,1.34298e+08,750055,26809.7,27,12.0273,13,0.0422694
1149,1.34297e+08,848486,26212.1,27,12.0117,13,0.0420305
1150,1.68458e+07,369498,20165,24,11.6436,12,0.0412234
1151,1.34303e+08,819234,20127.5,27,11.4131,12,0.0412934
1152,2.68527e+08,844057,25379.5,28,11.6143,13,0.0414717
1153,5.3696e+08,1.04792e+06,26391.7,29,12.1172,13,0.041683
1154,3.36213e+07,469374,19957.1,25,11.5918,12,0.0412248
1155,6.71884e+07,812528,26369.3,26,11.9453,13,0.0422125
1156,5.36963e+08,1.69471e+06,20052.1,29,11.5,12,0.0407586
1157,6.71865e+07,525092,25355.8,26,11.5996,13,0.0407876
1158,2.68522e+08,1.03875e+06,26030.4,28,11.8193,13,0.0420926
1159,1.34298e+08,670734,26569.2,27,11.9258,13,0.0411831
1160,2.68517e+08,1.02683e+06,24779.2,28,11.6777,13,0.0403856
1161,5.36969e+08,1.08162e+06,26076,29,11.8896,13,0.0409893
1162,2.68512e+08,1.33059e+06,26414,28,11.8682,13,0.0410291
1163,5.36968e+08,1.55327e+06,26744.5,29,11.6992,13,0.0404838
1164,1.34295e+08,733721,26302.1,27,12.082,13,0.0409708
1165,5.36968e+08,942724,23038.6,29,11.4795,13,0.039617
1166,5.36969e+08,1.00509e+06,23142.6,29,11.6094,13,0.0401802
1167,1.34303e+08,864658,25823.7,27,11.5527,13,0.0407077
1168,2.68515e+08,869675,25823.7,28,11.7871,13,0.0414757
1169,6.71817e+07,458167,27046.1,26,12.0088,13,0.0423486
1170,2.68521e+08,1.28264e+06,20127.5,28,11.4717,12,0.041367
1171,5.36964e+08,1.08511e+06,18797.6,29,11.0146,12,0.040044
1172,2.68525e+08,1.15355e+06,20014.2,28,11.3311,12,0.0394766
1173,1.34301e+08,742844,26030.4,27,11.9785,13,0.0417529
1174,2.68525e+08,1.1522e+06,19608.3,28,11.4502,12,0.0403196
1175,6.71857e+07,525979,19647.6,26,11.1885,12,0.0391702
1176,5.3696e+08,1.15749e+06,19188.5,29,11.2637,12,0.0393909
1177,1.34299e+08,610282,19229.1,27,11.2832,12,0.0396159
1178,4.29508e+09,4.72975e+06,24949,32,11.9033,13,0.0418441
1179,2.14759e+09,3.00585e+06,20183.7,31,11.54,12,0.0409292
1180,1.07384e+09,3.03817e+06,25754.3,30,12.1572,13,0.0406092
1181,1.34301e+08,1.06628e+06,37355.7,27,12.7227,14,0.0411797
1182,1.07384e+09,1.61188e+06,34791.5,30,12.25,14,0.0400051
1183,1.34295e+08,708553,27088.6,27,12.0498,13,0.0402122
1184,1.34301e+08,743196,26722.7,27,12.1641,13,0.0401717
1185,6.71854e+07,516574,26700.9,26,12.0059,13,0.0394556
1186,5.36963e+08,1.48033e+06,26347,29,11.7871,13,0.0387813
1187,2.14759e+09,3.12303e+06,37355.7,31,12.5967,14,0.0405085
1188,2.6852e+08,839415,26591.2,28,12.0967,13,0.0391102
1189,1.34298e+08,966555,27088.6,27,12.2676,13,0.0391692
1190,6.71863e+07,547469,26007.6,26,11.7441,13,0.038341
1191,6.7183e+07,450077,26591.2,26,11.7109,13,0.0382045
1192,2.68522e+08,889757,27423.4,28,12.0908,13,0.0393903
1193,1.343e+08,736691,26744.5,27,11.9805,13,0.0389596
1194,5.36962e+08,1.20128e+06,27109.8,29,12.1797,13,0.0391259
1195,1.34297e+08,769782,26121.5,27,11.9775,13,0.0398582
1196,6.71803e+07,509509,25117.5,26,11.7812,13,0.0396161
1197,1.07384e+09,1.69372e+06,25284.6,30,11.7725,13,0.0392341
1198,6.71832e+07,594011,20313.5,26,11.5625,12,0.0394413
1199,2.6852e+08,1.01321e+06,20108.7,28,11.6611,12,0.0395541
1200,6.71891e+07,698226,20108.7,26,11.4756,12,0.0398919
1201,3.43599e+10,3.46687e+07,19509.6,35,11.4355,12,0.0395643
1202,2.68522e+08,785626,6087.62,28,8.94922,8,0.0354389
1203,1.34306e+08,668665,14946.6,27,10.458,11,0.0375271
1204,2.68524e+08,944304,19706.2,28,10.958,12,0.0390715
1205,1.34304e+08,552267,15616.4,27,10.75,11,0.0383229
1206,1.34302e+08,678906,14946.6,27,10.5566,11,0.0378039
1207,1.34299e+08,653784,15791.4,27,10.7539,11,0.038183
1208,2.14759e+09,3.22579e+06,19784,31,11.2627,12,0.038707
1209,4.29509e+09,5.65466e+06,14700.8,32,10.376,11,0.0376759
1210,5.36961e+08,1.36983e+06,20313.5,29,11.2607,12,0.0391562
1211,2.68517e+08,781540,19309.8,28,11.2559,12,0.0394429
1212,2.68524e+08,797967,25069.5,28,11.6074,13,0.0395235
1213,1.07383e+09,1.78672e+06,19370.1,30,11.1816,12,0.0381028
1214,2.68525e+08,1.04808e+06,20405.2,28,11.4561,12,0.0394408
1215,5.36965e+08,1.3495e+06,20183.7,29,11.3174,12,0.0390327
1216,5.36967e+08,1.3682e+06,19706.2,29,11.5635,12,0.039166
1217,1.34299e+08,633686,18051.9,27,11.0811,12,0.0383274
1218,2.14759e+09,2.76254e+06,19745.2,31,11.2227,12,0.0377369
1219,1.07384e+09,2.52469e+06,19918.9,30,11.5723,12,0.0390477
1220,6.71866e+07,608879,18922.2,26,11.3203,12,0.0377649
1221,1.34301e+08,745739,15486.6,27,11.125,11,0.0379919
1222,2.68522e+08,1.30077e+06,20202.3,28,11.4844,12,0.0385984
1223,4.29508e+09,4.86609e+06,19764.6,32,11.4463,12,0.0388689
1224,1.34303e+08,665738,25754.3,27,11.8496,13,0.0396858
1225,6.7183e+07,467714,20033.2,26,11.4395,12,0.0388064
1226,1.34295e+08,732622,17964.7,27,11.2891,12,0.0378831
1227,1.343e+08,710378,19309.8,27,11.2607,12,0.0380989
1228,1.34302e+08,604446,15900.4,27,10.8809,11,0.0371614
1229,5.3697e+08,1.2477e+06,15404.3,29,10.7881,11,0.0370263
1230,1.34301e+08,453749,15632.5,27,10.877,11,0.0370639
1231,2.1476e+09,2.94072e+06,15152.8,31,10.7998,11,0.0373466
1232,2.68531e+08,1.00325e+06,12320.3,28,10.3408,10,0.0355844
1233,3.36225e+07,355476,15220.6,25,10.8018,11,0.0369865
1234,1.34295e+08,766603,15486.6,27,10.8887,11,0.0361128
1235,3.36243e+07,416416,15387.8,25,10.7373,11,0.0368848
1236,2.6852e+08,807862,15387.8,28,10.7988,11,0.0369821
1237,6.71865e+07,483499,15287.8,26,10.9902,11,0.0378734
1238,2.68524e+08,603698,15337.9,28,10.7744,11,0.0373539
1239,1.34291e+08,738477,19329.9,27,11.3086,12,0.0383855
1240,6.71835e+07,598878,20165,26,11.0752,12,0.0378521
1241,2.68523e+08,887331,15287.8,28,11.0596,11,0.0377987
1242,2.68522e+08,658364,16673.2,28,11.0303,11,0.0382448
1243,6.71856e+07,471423,18311.2,26,11.0762,12,0.0383889
1244,1.34303e+08,717316,15015.8,27,10.7725,11,0.037976
1245,5.36964e+08,953180,15486.6,29,10.8164,11,0.0381232
1246,3.3626e+07,464905,15186.7,25,10.8467,11,0.0379939
1247,1.34299e+08,684817,14806.8,27,10.5303,11,0.0373642
1248,1.34298e+08,684923,19588.6,27,11.0947,12,0.0384805
1249,3.3626e+07,491170,15420.8,25,10.7676,11,0.0375343
1250,3.36266e+07,438453,19309.8,25,10.9678,12,0.037995
1251,1.07385e+09,1.56265e+06,19127.5,30,11.0986,12,0.0381178
1252,1.343e+08,691079,15977.2,27,10.9297,11,0.0385794
1253,1.34296e+08,621701,15387.8,27,10.6621,11,0.0377327
1254,1.34295e+08,718522,15648.5,27,10.7197,11,0.0384502
1255,3.3625e+07,439422,19147.9,25,10.8691,12,0.037689
1256,5.3697e+08,1.57167e+06,18818.5,29,11.1475,12,0.0381972
1257,5.36961e+08,1.99297e+06,19803.4,29,11.1221,12,0.0387994
1258,1.34296e+08,787638,13799,27,10.3652,11,0.0371653
1259,1.34297e+08,808101,15680.5,27,10.7725,11,0.0372636
1260,2.6852e+08,979476,15502.9,28,10.5957,11,0.0376387
1261,6.71872e+07,673276,15486.6,26,10.4463,11,0.0365716
1262,1.07384e+09,1.88254e+06,15616.4,30,10.5273,11,0.037118
1263,1.343e+08,951130,18735,27,10.7217,12,0.0372822
1264,5.36954e+08,1.45364e+06,15600.3,29,10.6963,11,0.0371629
1265,2.68522e+08,773995,19229.1,28,10.9033,12,0.0370651
1266,1.07384e+09,2.89672e+06,14824.4,30,10.6299,11,0.036868
1267,1.07385e+09,1.8869e+06,13237.8,30,10.46,11,0.0369907
1268,5.36966e+08,1.40592e+06,13006.3,29,10.2451,10,0.0366025
1269,8.59006e+09,9.29649e+06,9617.6,33,9.75293,9,0.0353945
1270,2.14759e+09,2.99119e+06,20386.9,31,11.5127,12,0.0396116
1271,1.07385e+09,1.82988e+06,14340.2,30,10.6152,11,0.0382595
1272,1.718e+10,1.91585e+07,12085.4,34,10.6045,10,0.0396615
1273,2.68521e+08,1.44704e+06,19976.2,28,11.3486,12,0.0399757
1274,2.68515e+08,1.31893e+06,26053.3,28,11.7549,13,0.0404777
1275,2.1476e+09,3.03336e+06,26613.2,31,11.9707,13,0.0402078
1276,1.718e+10,1.86611e+07,26831.4,34,12.1777,13,0.0410139
1277,8.59006e+09,1.04137e+07,27728.2,33,12.7598,13,0.0425005
1278,2.14759e+09,4.008e+06,37101.6,31,12.7617,14,0.0424304
1279,1.34302e+08,835127,18984.1,27,11.417,12,0.0372652
1280,8.59005e+09,9.87866e+06,37203.6,33,12.502,14,0.0412456
1281,1.34301e+08,1.39293e+06,18630.1,27,11.5908,12,0.0411376
1282,1.34286e+08,1.08642e+06,26525,27,12.3057,13,0.0424346
1283,2.14759e+09,4.27013e+06,20692.2,31,11.999,12,0.0413452
1284,2.68523e+08,1.18617e+06,26809.7,28,11.9189,13,0.0409629
1285,2.68523e+08,1.56745e+06,27847.5,28,12.3545,13,0.0419999
1286,1.34304e+08,1.20099e+06,37050.4,27,12.4023,14,0.0409411
1287,2.68528e+08,1.75177e+06,26939.2,28,12.0801,13,0.0405071
1288,4.29509e+09,6.23348e+06,38121.8,32,12.793,14,0.042363
1289,4.29508e+09,8.8057e+06,36187.4,32,12.6045,14,0.0418765
1290,4.29508e+09,5.5709e+06,39500.5,32,13.1553,14,0.0419064
1291,1.34299e+08,1.21514e+06,54173.5,27,12.8711,15,0.0420545
1292,1.34304e+08,1.15492e+06,37254.4,27,12.5322,14,0.0409247
1293,1.343e+08,1.07351e+06,25567.8,27,11.833,13,0.0394239
1294,5.3697e+08,1.69364e+06,27361.3,29,12.2822,13,0.0405242
1295,5.36957e+08,2.09845e+06,26874.6,29,12.3115,13,0.0408256
1296,8.59005e+09,1.17541e+07,26831.4,33,12.1846,13,0.040582
1297,1.34304e+08,1.23661e+06,26788,27,12.0117,13,0.0386454
1298,1.34303e+08,1.34328e+06,24754.9,27,11.6699,13,0.0378124
1299,6.71875e+07,824775,26347,26,11.6436,13,0.0382627
1300,2.14759e+09,3.45976e+06,26076,31,11.8477,13,0.0384048
1301,5.36968e+08,2.30279e+06,26257.2,29,12.0674,13,0.0383309
1302,1.07385e+09,2.50465e+06,27566.7,30,12.3408,13,0.03898
1303,1.718e+10,1.83693e+07,20744.9,34,11.7871,12,0.0381982
1304,1.07384e+09,1.8403e+06,27173.2,30,12.2236,13,0.0384914
1305,2.68528e+08,1.33468e+06,27109.8,28,12.2109,13,0.0385163
1306,2.1476e+09,5.3948e+06,26212.1,31,11.9893,13,0.0376449
1307,2.6853e+08,1.68886e+06,16513.1,28,11.1348,11,0.0374911
1308,2.68523e+08,1.29747e+06,18880.8,28,11.0723,12,0.036986
1309,5.36967e+08,2.70477e+06,19249.3,29,11.1094,12,0.0369811
1310,2.14758e+09,3.34272e+06,25800.6,31,11.752,13,0.0391424
1311,5.36966e+08,2.09329e+06,19309.8,29,11.3018,12,0.0382245
1312,2.68525e+08,1.57847e+06,16037.9,28,11.0918,11,0.0375483
1313,5.36962e+08,2.36548e+06,18901.5,29,11.373,12,0.0387082
1314,1.34301e+08,1.24419e+06,16230.8,27,10.9395,11,0.0375363
1315,2.68516e+08,904881,15712.4,28,10.8887,11,0.0375099
1316,2.1476e+09,3.13795e+06,15584.2,31,11.1201,11,0.0382547
1317,1.34295e+08,858205,20089.9,27,11.5732,12,0.0377547
1318,5.36959e+08,2.59962e+06,19289.7,29,11.5918,12,0.0381347
1319,5.36964e+08,1.33162e+06,19745.2,29,11.4541,12,0.0378116
1320,1.07384e+09,2.35659e+06,15304.6,30,10.9795,11,0.0371933
1321,1.37439e+11,1.3621e+08,19784,37,11.4443,12,0.0384489
1322,1.34296e+08,1.23891e+06,15486.6,27,10.8242,11,0.0378657
1323,1.34301e+08,1.12283e+06,15884.9,27,11.0352,11,0.0377455
1324,4.29508e+09,8.3074e+06,15822.7,32,11.3213,11,0.0382939
1325,5.36968e+08,2.39436e+06,15453.8,29,11.0635,11,0.0377978
1326,4.29508e+09,5.83542e+06,20423.4,32,11.3467,12,0.0382216
1327,5.36969e+08,1.83184e+06,20441.6,29,11.2061,12,0.0378568
1328,5.36965e+08,2.83659e+06,20405.2,29,11.6006,12,0.0381999
1329,2.14759e+09,4.19595e+06,20477.9,31,11.5127,12,0.0381004
1330,5.36972e+08,2.48416e+06,19549.2,29,11.1357,12,0.0378542
1331,5.36971e+08,2.09485e+06,23142.6,29,11.5586,13,0.0375746
1332,2.14759e+09,5.14033e+06,20459.8,31,11.4668,12,0.0385039
1333,5.3697e+08,2.18845e+06,20108.7,29,11.3564,12,0.0378648
1334,2.68524e+08,1.14362e+06,19976.2,28,11.2256,12,0.0373674
1335,2.68523e+08,1.89621e+06,20386.9,28,11.5273,12,0.0384052
1336,1.07384e+09,2.71867e+06,20108.7,30,11.3945,12,0.0381075
1337,2.68528e+08,1.97147e+06,19745.2,28,11.2656,12,0.0374667
1338,4.29508e+09,5.89303e+06,19784,32,11.6875,12,0.0386925
1339,2.6852e+08,1.65291e+06,12211,28,10.5596,10,0.0376712
1340,1.07384e+09,2.08919e+06,15015.8,30,10.8213,11,0.0373524
1341,5.36956e+08,2.21554e+06,20258.1,29,11.5771,12,0.038011
1342,2.14759e+09,4.76786e+06,19529.4,31,11.3047,12,0.0379423
1343,1.07384e+09,5.10832e+06,25497.4,30,11.5674,13,0.0388024
1344,1.07384e+09,3.37044e+06,20127.5,30,11.3076,12,0.0373015
1345,2.14759e+09,6.52532e+06,26547.1,31,12.0186,13,0.0390853
1346,1.07384e+09,3.0858e+06,36662.3,30,12.2773,14,0.0402978
1347,5.36955e+08,4.90939e+06,20727.4,29,11.7646,12,0.0387004
1348,1.07383e+09,4.96474e+06,37431.3,30,12.2471,14,0.0402674
1349,2.68526e+08,2.95084e+06,36293.8,28,12.3008,14,0.040721
1350,4.29508e+09,9.82143e+06,26809.7,32,11.876,13,0.0389949
1351,5.36971e+08,4.08417e+06,34566.2,29,12.582,14,0.041253
1352,1.07384e+09,5.34068e+06,27131,30,12.3486,13,0.0404817
1353,5.36968e+08,5.02463e+06,26144.2,29,12.0225,13,0.0393833
1354,1.07384e+09,5.82328e+06,26744.5,30,12.1699,13,0.0396799
1355,1.07384e+09,7.96129e+06,27215.3,30,12.3721,13,0.0404039
1356,1.07385e+09,8.26772e+06,37406.1,30,12.5303,14,0.0407501
1357,2.14759e+09,7.18334e+06,20146.3,31,11.9062,12,0.0389072
1358,3.43599e+10,4.12844e+07,26414,35,12.0518,13,0.039178
1359,1.718e+10,2.25354e+07,12169.4,34,10.5752,10,0.0375961
1360,5.36963e+08,3.93854e+06,15486.6,29,10.9941,11,0.038097
1361,8.59006e+09,1.18304e+07,15869.4,33,11.1904,11,0.0385703
1362,8.59005e+09,2.49029e+07,26917.7,33,12.0303,13,0.040557
1363,8.59006e+09,1.59128e+07,20603.6,33,11.8428,12,0.0396655
1364,8.59005e+09,1.47223e+07,25141.5,33,12.2021,13,0.0400074
1365,3.43599e+10,4.88833e+07,56944.7,35,13.1367,15,0.0421517
1366,2.14759e+09,1.23071e+07,92081.5,31,13.8975,16,0.0440841
1367,4.29508e+09,1.84392e+07,92399.4,32,14.0117,16,0.043864
1368,8.59005e+09,2.06522e+07,92304.4,33,13.959,16,0.0437928
1369,8.59005e+09,3.47236e+07,57928.3,33,13.6572,15,0.0436024
1370,4.29508e+09,1.65435e+07,58658.8,32,13.8682,15,0.0436669
1371,1.07385e+09,1.18575e+07,94869.4,30,14.5771,16,0.0455862
1372,3.43599e+10,8.20744e+07,93025,35,14.127,16,0.0440288
1373,2.14759e+09,1.535e+07,94869.4,31,14.4385,16,0.0463772
1374,3.43599e+10,4.94323e+07,94611.2,35,14.582,16,0.0460285
1375,4.29508e+09,2.42029e+07,94349.7,32,14.6797,16,0.0456702
1376,4.29508e+09,1.8041e+07,93363,32,14.3145,16,0.0448785
1377,1.718e+10,3.28212e+07,94084.8,34,14.2656,16,0.0451034
1378,2.14759e+09,1.87799e+07,58811.1,31,13.8906,15,0.0440982
1379,2.14759e+09,2.3213e+07,162418,31,14.6553,17,0.0465804
1380,1.07384e+09,1.46194e+07,94320.4,30,14.1465,16,0.0451228
1381,6.87196e+10,8.06769e+07,92901,36,13.8818,16,0.0442772
1382,8.59005e+09,3.23469e+07,163246,33,15.1826,17,0.047375
1383,8.59006e+09,2.40733e+07,92620,33,14.4209,16,0.0453239
1384,8.59006e+09,3.72325e+07,161254,33,15.0127,17,0.0475642
1385,8.59006e+09,4.99561e+07,58886.7,33,14.1436,15,0.0453867
1386,2.14759e+09,1.35193e+07,57360.3,31,13.3223,15,0.0435094
1387,4.29508e+09,3.78025e+07,92869.9,32,14.0303,16,0.0452273
1388,4.29509e+09,1.56748e+07,58297.5,32,13.7686,15,0.0436426
1389,4.29508e+09,1.73204e+07,57901.6,32,13.6895,15,0.0434933
1390,4.29508e+09,1.97151e+07,91889.1,32,13.9922,16,0.0441521
1391,3.43599e+10,5.38229e+07,58633.3,35,13.8555,15,0.0442522
1392,1.07385e+09,1.52718e+07,91304.9,30,14.4443,16,0.0451502
1393,8.59006e+09,2.49592e+07,93606.1,33,14.2451,16,0.044815
1394,4.29508e+09,1.83649e+07,93332.5,32,14.2852,16,0.0451604
1395,3.43599e+10,6.55399e+07,93756.7,35,14.498,16,0.0462958
1396,1.718e+10,6.11323e+07,161115,34,14.8467,17,0.0458823
1397,3.43599e+10,5.15492e+07,94466.3,35,14.4141,16,0.0447114
1398,1.718e+10,2.73932e+07,94495.4,34,14.4668,16,0.0445796
1399,2.14758e+09,1.3527e+07,59135.6,31,14.1592,15,0.0440573
1400,4.29509e+09,2.87128e+07,58861.5,32,14.3291,15,0.0444484
1401,8.59006e+09,3.07434e+07,57954.9,33,14.0059,15,0.0440916
1402,4.29508e+09,1.82225e+07,58735.1,32,14.3252,15,0.0437117
1403,8.59006e+09,2.36305e+07,58034.6,33,13.875,15,0.0428623
1404,2.14759e+09,1.34833e+07,58245.3,31,13.9082,15,0.0427525
1405,2.14758e+09,1.40962e+07,57360.3,31,13.6748,15,0.0427209
1406,3.43599e+10,5.43746e+07,58479.2,35,14.2197,15,0.0439857
1407,1.718e+10,3.8174e+07,92081.5,34,14.4512,16,0.0445831
1408,4.29508e+09,2.30904e+07,93454.4,32,14.2188,16,0.044733
1409,1.718e+10,4.41268e+07,92588.6,34,14.3633,16,0.0449689
1410,4.29508e+09,2.11156e+07,93995.8,32,14.4561,16,0.0451162
1411,8.59006e+09,3.49439e+07,92901,33,14.5312,16,0.0462778
1412,2.14759e+09,1.75786e+07,95039.6,31,14.7266,16,0.0461812
1413,4.29508e+09,1.92443e+07,94320.4,32,14.7227,16,0.0468251
1414,4.29508e+09,2.09458e+07,160551,32,14.9961,17,0.0477395
1415,8.59006e+09,3.14749e+07,160763,33,15.082,17,0.0474517
1416,1.718e+10,3.84339e+07,161807,34,14.9102,17,0.0476879
1417,4.29508e+09,2.54229e+07,57167.3,32,13.5,15,0.0442049
1418,1.718e+10,3.78694e+07,59011.7,34,13.9727,15,0.0455061
1419,2.14758e+09,1.58071e+07,93786.7,31,14.0928,16,0.0454224
1420,8.59006e+09,4.16871e+07,93484.8,33,14.627,16,0.0466717
1421,3.43599e+10,6.54547e+07,94466.3,35,14.709,16,0.046526
1422,8.59005e+09,2.89112e+07,94378.9,33,14.8398,16,0.047431
1423,1.718e+10,4.43953e+07,93636.3,34,14.5312,16,0.0466322
1424,8.59006e+09,2.495e+07,55177.1,33,13.416,15,0.0438902
1425,8.59006e+09,4.17433e+07,39236.9,33,13.752,14,0.0445434
1426,4.29507e+09,1.64776e+07,36478.8,32,12.9756,14,0.0425093
1427,8.59004e+09,4.30069e+07,58453.4,33,13.9346,15,0.0441922
1428,8.59005e+09,3.21536e+07,93786.7,33,14.8857,16,0.0470964
1429,3.43599e+10,7.73881e+07,93393.5,35,14.5508,16,0.0467252
1430,4.29508e+09,2.35983e+07,57332.8,32,13.6484,15,0.0447348
1431,4.29508e+09,3.4481e+07,92932.1,32,14.1777,16,0.0453534
1432,1.07384e+09,1.14278e+07,38024.8,30,13.1953,14,0.0422899
1433,2.14759e+09,1.50114e+07,55266.8,31,13.7148,15,0.0434358
1434,8.59006e+09,3.63023e+07,57195,33,13.9092,15,0.0438026
1435,4.29507e+09,1.99705e+07,58245.3,32,14.248,15,0.0451207
1436,8.59005e+09,3.7337e+07,55177.1,33,13.5615,15,0.0437886
1437,1.718e+10,5.38227e+07,37681,34,13.25,14,0.0433007
1438,3.43599e+10,5.31635e+07,92399.4,35,14.3301,16,0.0455818
1439,1.718e+10,5.43821e+07,92525.7,34,14.3232,16,0.0448446
1440,1.718e+10,6.16554e+07,162918,34,15.2812,17,0.0471797
1441,8.59005e+09,5.25285e+07,162182,33,15.21,17,0.0470888
1442,1.37439e+11,1.75381e+08,94926.3,37,15.0078,16,0.0462696
1443,4.29508e+09,3.84243e+07,94114.4,32,14.9893,16,0.0466203
1444,3.43599e+10,8.15176e+07,158099,35,14.9922,17,0.0467352
1445,8.59006e+09,4.46763e+07,161876,33,15.2676,17,0.0471963
1446,1.718e+10,6.21858e+07,94582.3,34,14.9014,16,0.0468461
1447,1.718e+10,5.80561e+07,95067.8,34,14.6934,16,0.0462241
1448,8.59006e+09,4.33559e+07,93363,33,14.5205,16,0.0453555
1449,8.59006e+09,5.10339e+07,94926.3,33,14.8037,16,0.0459043
1450,1.718e+10,6.192e+07,95347.4,34,14.8789,16,0.046571
1451,3.43599e+10,7.94344e+07,161876,35,15.1777,17,0.0473008
1452,8.59005e+09,4.43074e+07,58886.7,33,14.3965,15,0.0459393
1453,6.87196e+10,9.62535e+07,58192.8,36,14.1035,15,0.0455083
1454,8.59006e+09,4.74763e+07,58192.8,33,14.0752,15,0.0454757
1455,1.718e+10,4.39897e+07,56321.1,34,13.8369,15,0.0444107
1456,8.59005e+09,4.59719e+07,93876.6,33,14.6514,16,0.0462497
1457,8.59006e+09,2.92734e+07,92557.1,33,14.3447,16,0.0457828
1458,4.29508e+09,3.11845e+07,92901,32,14.2383,16,0.045625
1459,1.718e+10,5.92102e+07,93786.7,34,14.6143,16,0.0473626
1460,1.718e+10,5.10449e+07,93484.8,34,14.3359,16,0.0458948
1461,4.29508e+09,4.27149e+07,95152.2,32,14.7197,16,0.0461947
1462,1.718e+10,4.27013e+07,58113.9,34,14.2324,15,0.0450755
1463,4.29509e+09,3.73578e+07,160904,32,15.0479,17,0.0475579
1464,1.718e+10,5.44265e+07,93906.4,34,14.5967,16,0.0466271
1465,8.59004e+09,5.20243e+07,56804.4,33,14.0439,15,0.0453664
1466,3.43599e+10,1.37214e+08,93025,35,14.583,16,0.0460485
1467,8.59006e+09,5.31769e+07,95649.7,33,14.9502,16,0.0467415
1468,1.718e+10,7.60006e+07,57874.9,34,13.877,15,0.0444404
1469,8.59005e+09,4.54762e+07,93575.8,33,14.376,16,0.0459552
1470,3.43599e+10,7.88972e+07,58323.6,35,14.4805,15,0.0461342
1471,1.37439e+11,1.78246e+08,93424,37,14.6885,16,0.0467644
1472,8.59004e+09,5.03775e+07,58427.5,33,14.3291,15,0.0465712
1473,3.43599e+10,1.26644e+08,57195,35,13.8965,15,0.0464396
1474,1.718e+10,6.17623e+07,58453.4,34,14.0381,15,0.0453038
1475,1.718e+10,8.7172e+07,57821.4,34,14.3232,15,0.0464274
1476,1.718e+10,6.03595e+07,38170,34,13.7021,14,0.0445757
1477,1.718e+10,6.11703e+07,57195,34,14.1025,15,0.0450991
1478,8.59005e+09,3.78682e+07,37380.9,33,13.3623,14,0.043647
1479,1.718e+10,5.16874e+07,38989.6,34,13.4697,14,0.043666
1480,4.29509e+09,3.75113e+07,58323.6,32,14.1406,15,0.0459971
1481,8.59006e+09,4.90224e+07,57028.4,33,13.8477,15,0.0455117
1482,8.59006e+09,4.66796e+07,57084.1,33,13.6865,15,0.0447635
1483,3.43599e+10,8.87775e+07,93696.6,35,14.5557,16,0.0462673
1484,8.59005e+09,4.22726e+07,56719.8,33,13.6895,15,0.0446896
1485,8.59005e+09,4.30867e+07,92240.9,33,14.5156,16,0.0468433
1486,3.43599e+10,8.507e+07,56944.7,35,14.1504,15,0.0462731
1487,1.37439e+11,2.31542e+08,59666.8,37,14.2441,15,0.0466101
1488,5.49756e+11,6.57302e+08,162819,39,15.2021,17,0.0487971
1489,3.43599e+10,1.42573e+08,59307.1,35,14.4326,15,0.0484819
1490,1.37439e+11,1.82608e+08,56234.8,37,13.8936,15,0.0461775
1491,1.718e+10,9.21633e+07,92901,34,14.7773,16,0.0492021
1492,6.87196e+10,1.42524e+08,57000.5,36,13.8125,15,0.0464766
1493,5.49756e+11,6.2224e+08,39192.3,39,13.5879,14,0.046145
1494,1.718e+10,6.62903e+07,26166.8,34,13.0693,13,0.0451842
1495,6.87196e+10,1.17027e+08,20221,36,12.8115,12,0.0448045
1496,3.43599e+10,5.89122e+07,19706.2,35,12.6777,12,0.0437266
1497,4.29508e+09,2.86583e+07,55563.7,32,13.9795,15,0.0465881
1498,8.59006e+09,4.69507e+07,56521.3,33,13.9092,15,0.0468861
1499,4.29509e+09,4.19113e+07,58140.2,32,14.2734,15,0.047552
