115.652
0,109.829,7.28427,4,1,0.0302734,0,0.00485038
1,110.371,8.2505,4,1,0.0380859,0,0.00433596
2,111.937,9.01423,5,1,0.0410156,0,0.00431247
3,435.117,8.70553,5,2,0.0351562,0,0.00429284
4,434.639,9.32676,5,2,0.0410156,0,0.00427966
5,1011.31,12.5645,5,3,0.0585938,0,0.00429184
6,111.425,9.34855,5,1,0.0429688,0,0.00427119
7,435.151,11.2983,5,2,0.0556641,0,0.00427359
8,435.053,9.66704,5,2,0.0429688,0,0.00429701
9,435.151,11.0963,5,2,0.0576172,0,0.00430137
10,117.03,9.20559,5,1,0.0380859,0,0.00432449
11,435.117,11.0036,5,2,0.0498047,0,0.00432249
12,434.954,11.0705,5,2,0.0527344,0,0.00457607
13,435.076,11.2906,5,2,0.0546875,0,0.00437092
14,112.44,9.37846,5,1,0.0410156,0,0.00430661
15,435.149,12.2497,5,2,0.0605469,0,0.0042754
16,435.151,12.7348,6,2,0.0595703,0,0.00432956
17,116.17,10.8142,6,1,0.0517578,0,0.00433913
18,435.053,13.5018,5,2,0.0664062,0,0.00437717
19,435.053,10.7925,6,2,0.0488281,0,0.00432465
20,116.17,11.7386,6,1,0.0576172,0,0.00448668
21,435.149,12.6403,6,2,0.0576172,0,0.00451634
22,114.828,12.0968,6,1,0.0478516,0,0.00479919
23,435.127,14.1187,6,2,0.0605469,0,0.00485957
24,114.828,15.0443,6,1,0.0556641,0,0.00513448
25,1003.18,20.7888,7,3,0.0537109,0,0.00599078
26,435.117,30.8116,8,2,0.0820312,0,0.0068556
27,435.053,40.7569,9,2,0.0869141,0,0.00817793
28,435.151,53.9596,16,2,0.0947266,0,0.00979671
29,435.149,64.0764,101,2,0.0976562,0,0.0112863
30,1004.1,68.2493,101,3,0.0986328,0,0.0118794
31,1768.44,72.4469,101,4,0.108398,0,0.0123447
32,435.151,71.756,101,2,0.0859375,0,0.0125927
33,993.611,72.0644,101,3,0.09375,0,0.012465
34,999.194,71.2721,101,3,0.100586,0,0.0122647
35,986.145,73.3421,101,3,0.09375,0,0.0127806
36,959.636,73.3817,101,3,0.0986328,0,0.0126572
37,1008.21,75.362,101,3,0.107422,0,0.0125873
38,435.151,72.4479,101,2,0.100586,0,0.0125387
39,435.151,74.7027,101,2,0.0878906,0,0.0130313
40,435.151,76.3401,101,2,0.101562,0,0.0130848
41,1010.21,74.7528,101,3,0.0820312,0,0.0132013
42,435.117,75.4255,101,2,0.0908203,0,0.0133624
43,435.149,74.9721,101,2,0.0966797,0,0.0127539
44,435.149,80.0046,101,2,0.102539,0,0.0134041
45,435.149,76.5922,101,2,0.0869141,0,0.0133992
46,435.127,75.0057,101,2,0.0849609,0,0.0132746
47,983.489,77.7456,101,3,0.103516,0,0.0132268
48,975.061,77.033,101,3,0.0908203,0,0.0132501
49,1010.79,75.8284,101,3,0.0957031,0,0.0130985
50,435.076,74.5937,101,2,0.0839844,0,0.0135103
51,435,75.2994,101,2,0.0810547,0,0.0132702
52,435.149,78.6781,101,2,0.0722656,0,0.0140867
53,1000.23,80.5999,101,3,0.0839844,0,0.0139836
54,995.918,76.4267,101,3,0.0820312,0,0.013473
55,435.053,76.7556,101,2,0.0693359,0,0.0138241
56,435.149,79.2784,101,2,0.0800781,0,0.0138191
57,997.036,81.7035,101,3,0.0927734,0,0.0138637
58,435.127,77.5189,101,2,0.0585938,0,0.0139216
59,946.193,78.8405,101,3,0.0957031,0,0.0134694
60,435.151,79.4021,101,2,0.0849609,0,0.0138037
61,435.117,81.6291,101,2,0.0791016,0,0.0143136
62,435.117,80.1239,101,2,0.0576172,0,0.0143303
63,1008.92,82.4716,101,3,0.0830078,0,0.0140095
64,435.076,77.7811,101,2,0.0683594,0,0.0139984
65,435.076,77.8337,101,2,0.0566406,0,0.0142008
66,435,79.829,101,2,0.0732422,0,0.0141722
67,1004.99,84.9806,101,3,0.0849609,0,0.0146058
68,973.593,83.2956,101,3,0.0888672,0,0.0143076
69,435.117,79.6607,101,2,0.0820312,0,0.014527
70,435.117,76.6563,101,2,0.0693359,0,0.0137547
71,435.117,79.2726,101,2,0.078125,0,0.0140092
72,987.443,79.5445,101,3,0.0771484,0,0.0139647
73,979.358,81.8737,101,3,0.0869141,0,0.0142328
74,999.194,81.4626,101,3,0.0839844,0,0.0142184
75,434.093,77.3179,101,2,0.0732422,0,0.0140704
76,435.151,81.4291,101,2,0.0693359,0,0.014418
77,1807.12,81.9277,101,4,0.0800781,0,0.0140729
78,435.151,82.024,101,2,0.0859375,0,0.0143968
79,435,80.7403,101,2,0.0917969,0,0.014096
80,690.607,80.7642,101,3,0.0791016,0,0.0141783
81,435.076,80.203,101,2,0.0771484,0,0.0141329
82,435.076,84.4352,101,2,0.0849609,0,0.0146165
83,1010.21,80.8683,101,3,0.0839844,0,0.0143015
84,1011.31,85.6726,101,3,0.100586,0,0.0146663
85,1500.35,83.5491,101,4,0.0849609,0,0.0144485
86,435.151,82.466,101,2,0.101562,0,0.0142218
87,435.127,85.7064,101,2,0.0878906,0,0.0146891
88,435.151,83.7847,101,2,0.0800781,0,0.0148819
89,1000.23,86.3609,101,3,0.078125,0,0.0152038
90,1007.46,82.096,101,3,0.0820312,0,0.0143773
91,435,84.5704,101,2,0.0888672,0,0.014539
92,997.036,85.4498,101,3,0.0751953,0,0.0147272
93,1005.85,85.2135,101,3,0.0898438,0,0.0146906
94,435,80.9616,101,2,0.0810547,0,0.014107
95,1004.1,86.5861,101,3,0.09375,0,0.0147455
96,995.918,85.5852,101,3,0.0898438,0,0.0147732
97,435.149,84.5146,101,2,0.0800781,0,0.014858
98,435.151,86.0607,101,2,0.0820312,0,0.015492
99,1009.59,86.1382,101,3,0.0810547,0,0.0154669
100,435.151,90.1338,101,2,0.0888672,0,0.0155929
101,851.553,87.1313,101,3,0.0849609,0,0.015208
102,1008.92,86.593,101,3,0.0976562,0,0.015037
103,435.149,87.6431,101,2,0.0791016,0,0.0156033
104,435.149,87.1032,101,2,0.0908203,0,0.0150337
105,435.117,82.0228,101,2,0.0732422,0,0.0145646
106,435.149,88.1668,101,2,0.0976562,0,0.01495
107,1000.23,90.1176,101,3,0.100586,0,0.0150078
108,947.923,85.7674,101,3,0.0898438,0,0.0147232
109,435.151,83.7379,101,2,0.0683594,0,0.0149582
110,435.151,85.1268,101,2,0.078125,0,0.0148265
111,435.127,87.4115,101,2,0.0830078,0,0.0151114
112,953.029,86.1887,101,3,0.0742188,0,0.015252
113,435.117,91.2339,101,2,0.0878906,0,0.0158176
114,1001.24,89.4076,101,3,0.0966797,0,0.0152606
115,984.827,90.3643,101,3,0.0800781,0,0.0158867
116,435.151,86.7974,101,2,0.0996094,0,0.0149885
117,435.151,87.5149,101,2,0.078125,0,0.0152552
118,961.25,89.3999,101,3,0.0761719,0,0.0155402
119,959.636,92.6267,101,3,0.0996094,0,0.0155279
120,435.076,88.6824,101,2,0.0898438,0,0.0153741
121,435.127,87.0411,101,2,0.0742188,0,0.0153265
122,970.606,92.0888,101,3,0.0810547,0,0.0157938
123,435.151,93.8938,101,2,0.104492,0,0.0158356
124,997.036,92.1105,101,3,0.0849609,0,0.0155788
125,1004.99,91.5774,101,3,0.09375,0,0.0156222
126,434.818,89.1613,101,2,0.0839844,0,0.0154602
127,992.422,89.4469,101,3,0.09375,0,0.0152155
128,1010.21,91.9202,101,3,0.09375,0,0.0157919
129,998.128,93.1064,101,3,0.0839844,0,0.0160782
130,435.053,89.1512,101,2,0.0732422,0,0.0160653
131,435.151,91.6146,101,2,0.0820312,0,0.0159663
132,435.149,91.3718,101,2,0.0888672,0,0.0158391
133,435.127,90.9762,101,2,0.0888672,0,0.0156356
134,1008.92,93.1154,101,3,0.101562,0,0.0156301
135,435.076,87.7503,101,2,0.0839844,0,0.0151626
136,1009.59,94.5176,101,3,0.114258,0,0.015307
137,986.145,93.9892,101,3,0.0898438,0,0.0158715
138,435.149,93.1406,101,2,0.0908203,0,0.0157314
139,435.151,91.096,101,2,0.101562,0,0.015381
140,983.489,94.0993,101,3,0.106445,0,0.01559
141,1001.24,95.5376,101,3,0.107422,0,0.0156409
142,967.552,92.923,101,3,0.104492,0,0.0154196
143,1010.21,90.8441,101,3,0.115234,0,0.0152431
144,1008.21,92.1012,101,3,0.105469,0,0.0153678
145,1004.99,97.2099,101,3,0.12793,0,0.0156373
146,984.827,92.621,101,3,0.0908203,0,0.0156658
147,1005.85,95.1723,101,3,0.109375,0,0.0155499
148,1006.68,98.1028,101,3,0.132812,0,0.0156555
149,435.053,91.5057,101,2,0.103516,0,0.0153085
150,1000.23,94.1607,101,3,0.114258,0,0.0156257
151,435.076,89.8135,101,2,0.103516,0,0.0154082
152,435.151,92.5424,101,2,0.111328,0,0.0157348
153,435.151,89.2852,101,2,0.107422,0,0.0153081
154,1668.15,93.6099,101,4,0.115234,0,0.0154958
155,1729.75,94.5748,101,4,0.108398,0,0.0155774
156,435.149,88.7209,101,2,0.125977,0,0.0146957
157,435.151,91.905,101,2,0.12207,0,0.0150347
158,1755.09,90.6898,101,4,0.0996094,0,0.0151796
159,435.076,92.4881,101,2,0.12793,0,0.0149044
160,1008.92,91.4032,101,3,0.115234,0,0.0154084
161,435.151,91.6246,101,2,0.126953,0,0.0150362
162,975.061,94.2009,101,3,0.125977,0,0.0153667
163,1001.24,93.476,101,3,0.111328,0,0.015553
164,1002.23,94.6086,101,3,0.116211,0,0.0154684
165,435.117,90.5221,101,2,0.107422,0,0.0152408
166,980.754,94.0172,101,3,0.121094,0,0.0154278
167,1795.76,94.1236,101,4,0.126953,0,0.0151682
168,1004.99,89.9534,101,3,0.111328,0,0.0149972
169,1008.21,96.64,101,3,0.148438,0,0.015076
170,435.151,91.5663,101,2,0.116211,0,0.015313
171,1004.1,98.1156,101,3,0.15625,0,0.0151202
172,951.342,91.421,101,3,0.111328,0,0.0151705
173,988.72,91.47,101,3,0.112305,0,0.0153837
174,1480.89,95.4926,101,4,0.126953,0,0.0151815
175,980.754,97.1827,101,3,0.132812,0,0.0154483
176,1006.68,97.0112,101,3,0.152344,0,0.0153163
177,1705.93,94.1427,101,4,0.126953,0,0.0154506
178,920.602,96.6599,101,3,0.149414,0,0.0154115
179,944.449,93.3405,101,3,0.130859,0,0.015527
180,435.151,92.5584,101,2,0.129883,0,0.0152269
181,1006.68,94.6232,101,3,0.131836,0,0.01521
182,2874.36,96.5374,101,5,0.138672,0,0.0152059
183,967.552,97.3466,101,3,0.138672,0,0.0154366
184,1008.92,98.1671,101,3,0.138672,0,0.0155962
185,995.918,98.361,101,3,0.149414,0,0.015362
186,1008.21,100.453,101,3,0.160156,0,0.0152529
187,976.512,97.2747,101,3,0.166016,0,0.0151467
188,1582.48,97.6299,101,4,0.152344,0,0.0151071
189,1811.47,96.7759,101,4,0.143555,0,0.0154788
190,946.193,95.6349,101,3,0.160156,0,0.0151244
191,1842.49,100.554,101,4,0.166992,0,0.0149686
192,1008.21,98.8109,101,3,0.175781,0,0.014818
193,1007.46,98.4368,101,3,0.15625,0,0.0150157
194,989.976,99.1317,101,3,0.172852,0,0.0151738
195,1009.59,96.7317,101,3,0.146484,0,0.0152931
196,1004.1,101.751,101,3,0.174805,0,0.0152798
197,969.087,97.6579,101,3,0.181641,0,0.0148227
198,1804.91,106.963,101,4,0.192383,0,0.015372
199,2849.48,100.891,101,5,0.166992,0,0.0153492
200,1839.49,103.573,101,4,0.193359,0,0.014789
201,1811.47,100.603,101,4,0.193359,0,0.0151775
202,1802.66,101.911,101,4,0.19043,0,0.0148241
203,998.128,98.5782,101,3,0.168945,0,0.01498
204,1681.01,98.4327,101,4,0.176758,0,0.0145848
205,1511.89,101.763,101,4,0.194336,0,0.0151173
206,2940.29,107.498,101,5,0.191406,0,0.0148674
207,1003.18,105.62,101,3,0.220703,0,0.0150272
208,1638.33,100.631,101,4,0.185547,0,0.0150324
209,1008.92,104.117,101,3,0.194336,0,0.0153592
210,1723.91,103.966,101,4,0.205078,0,0.0164269
211,2745.01,113.41,101,5,0.235352,0,0.0149084
212,1738.37,104.926,101,4,0.230469,0,0.0148897
213,1012.18,103.359,101,3,0.226562,0,0.0146438
214,1813.59,107.258,101,4,0.220703,0,0.0151088
215,5406.59,114.793,101,7,0.24707,0,0.0154106
216,1765.81,116.91,101,4,0.273438,0,0.0145888
217,3370.8,114.975,101,6,0.262695,0,0.0148289
218,3293.24,117.511,101,6,0.295898,0,0.0143999
219,2906.93,129.426,101,5,0.327148,0,0.0140822
220,3261.81,121.358,101,6,0.335938,0,0.0141694
221,8957.3,160.382,101,9,0.428711,0,0.01349
222,9696.83,159.091,101,9,0.454102,0,0.0130864
223,21169.3,206.937,101,12,0.541016,0,0.0129935
224,13931.6,209.533,101,11,0.670898,0,0.0120064
225,93936.3,332.843,101,16,0.773438,0,0.0123625
226,5804.47,231.658,101,8,0.745117,0,0.0122804
227,15271.1,283.384,101,11,0.861328,0,0.0123583
228,27807.9,336.468,101,13,0.963867,0,0.0124246
229,15254.3,304.277,106.306,11,0.949219,1,0.0120929
230,11282,325.065,105.663,10,0.980469,1,0.0125546
231,159397,572.013,110.371,17,1.10352,1,0.0127327
232,24162.3,398.348,109.275,13,1.0918,1,0.013069
233,295975,806.724,115.282,18,1.29688,1,0.0136733
234,1.09304e+06,2836.91,117.865,20,1.72363,1,0.0153679
235,8.44095e+06,24925.1,138.872,23,2.83496,1,0.0183739
236,8.44495e+06,36073.8,429.6,23,4.2627,2,0.0231777
237,1.68434e+07,65505.4,746.805,24,4.83984,3,0.025687
238,1.34302e+08,373537,759.728,27,4.86328,3,0.0252748
239,8.44909e+06,77532.5,930.025,23,5.20703,3,0.0253769
240,6.71839e+07,140054,799.819,26,5.18066,3,0.0257853
241,1.68302e+07,77398.5,826.202,24,4.91699,3,0.0250099
242,6.71841e+07,320274,954.703,26,5.62695,3,0.0266069
243,6.71896e+07,556221,973.593,26,5.54395,3,0.0267474
244,6.71872e+07,652669,993.611,26,5.83105,3,0.0272476
245,2.68524e+08,1.16107e+06,976.512,28,5.67773,3,0.0272302
246,2.68519e+08,1.50662e+06,1315.87,28,6.11621,4,0.0280818
247,2.68522e+08,1.75868e+06,991.21,28,6.26953,3,0.0294245
248,1.343e+08,1.41226e+06,975.061,27,5.71582,3,0.0282714
249,2.68524e+08,2.02343e+06,1289.79,28,6.27832,4,0.0289922
250,2.68518e+08,1.29641e+06,1302.87,28,5.93164,4,0.0291589
251,2.68522e+08,2.57212e+06,979.358,28,6.02051,3,0.0290193
252,2.68528e+08,2.17172e+06,1333.08,28,6.05566,4,0.02926
253,1.07384e+09,3.58646e+06,987.443,30,6.26562,3,0.0298514
254,5.36965e+08,1.61165e+06,983.489,29,5.78027,3,0.0288371
255,1.34302e+08,1.50409e+06,988.72,27,5.75,3,0.0283428
256,2.68514e+08,1.5922e+06,930.025,28,5.76074,3,0.0282915
257,1.07385e+09,2.63011e+06,979.358,30,5.90234,3,0.0284086
258,4.29509e+09,5.49497e+06,976.512,32,5.78711,3,0.028244
259,1.07384e+09,2.63215e+06,809.528,30,4.97754,3,0.0249897
260,2.68527e+08,2.05258e+06,980.754,28,5.76758,3,0.0270038
261,5.36961e+08,1.8338e+06,958.006,29,5.80664,3,0.0279856
262,5.36958e+08,2.47102e+06,1480.89,29,6.16992,4,0.0287309
263,2.68521e+08,1.97721e+06,1383.79,28,6.05859,4,0.0281328
264,5.36961e+08,3.26438e+06,1371.24,29,6.11621,4,0.0287761
265,2.68516e+08,2.75456e+06,1453.19,28,6.46191,4,0.0294216
266,2.68522e+08,2.33918e+06,1687.34,28,6.73145,4,0.0300072
267,1.07384e+09,4.92737e+06,1977.39,30,7.18848,5,0.0304062
268,2.14759e+09,5.04649e+06,2418.01,31,7.20996,5,0.0298611
269,5.36959e+08,4.12177e+06,1684.18,29,6.7793,4,0.0297065
270,2.68526e+08,2.69842e+06,1744.03,28,6.98828,4,0.0301272
271,5.36967e+08,4.05602e+06,2339.85,29,7.27441,5,0.0309499
272,5.3696e+08,5.19198e+06,1778.72,29,7.19922,4,0.030857
273,1.07383e+09,6.63489e+06,2211.87,30,7.47266,5,0.0315886
274,5.36958e+08,4.70695e+06,2157.81,29,7.26367,5,0.0314964
275,1.07384e+09,8.15771e+06,2362.45,30,7.77441,5,0.0328669
276,5.36971e+08,4.53266e+06,2514.4,29,7.60742,5,0.0321427
277,4.29508e+09,1.0706e+07,2560.74,32,7.86914,5,0.032805
278,4.29508e+09,9.73946e+06,2736.29,32,7.99512,5,0.0331833
279,2.14759e+09,1.15184e+07,3483.39,31,8.22363,7,0.0333366
280,2.14759e+09,1.25091e+07,4134.93,31,8.91211,6,0.0354493
281,1.07385e+09,7.51432e+06,3386.14,30,8.36426,6,0.0337085
282,4.29509e+09,1.81648e+07,3269.69,32,8.7041,6,0.0349364
283,6.87196e+10,8.20784e+07,3198.28,36,8.73242,6,0.035043
284,1.718e+10,5.25637e+07,3339.95,34,8.69434,6,0.0360841
285,1.718e+10,4.02862e+07,2654.09,34,8.30469,5,0.0356846
286,4.29508e+09,3.5542e+07,1845.26,32,7.92188,4,0.0352123
287,1.37439e+11,1.82446e+08,1774.82,37,7.70508,5,0.0349431
288,8.59005e+09,3.36041e+07,1765.81,33,7.91016,4,0.0344462
289,1.718e+10,4.9538e+07,2223.75,34,8.0166,5,0.0353116
290,2.14759e+09,2.62015e+07,1200.56,31,7.34277,4,0.0340021
291,8.59005e+09,4.1091e+07,2395.95,33,8.09863,5,0.0352541
292,1.718e+10,4.14758e+07,979.358,34,6.93359,3,0.0326019
293,4.29508e+09,3.60618e+07,2270.79,32,8.17578,5,0.0352116
294,3.43599e+10,1.22417e+08,2580.91,35,8.45703,5,0.0366062
295,8.59007e+09,5.59906e+07,2658.83,33,8.29883,5,0.0364855
296,4.29508e+09,3.73358e+07,2477.49,32,8.26172,5,0.036033
297,1.718e+10,7.43602e+07,2677.57,34,8.62109,5,0.0362381
298,8.59005e+09,5.49844e+07,2644.57,33,8.68066,5,0.0366918
299,8.59005e+09,4.32141e+07,2834.58,33,8.44727,5,0.0356061
300,1.37439e+11,1.96045e+08,2434.4,37,8.24121,5,0.0357304
301,4.29508e+09,4.26248e+07,2368.07,32,8.3457,5,0.0355048
302,8.59004e+09,7.1759e+07,2823.1,33,8.66797,5,0.0363325
303,3.43599e+10,8.95827e+07,2842.09,35,8.77148,5,0.036752
304,8.59005e+09,5.10233e+07,2762.17,33,8.61621,5,0.0356154
305,8.59004e+09,7.93797e+07,3378.48,33,9.17285,6,0.0378699
306,1.718e+10,8.36792e+07,3068.63,34,9.14844,6,0.0378299
307,1.718e+10,8.9627e+07,3125.77,34,8.88086,6,0.0360857
308,4.29508e+09,4.27204e+07,2345.52,32,8.65918,5,0.0363579
309,1.718e+10,6.90781e+07,2714.12,34,8.86816,5,0.0367632
310,8.59006e+09,5.74644e+07,2345.52,33,8.39258,5,0.0351851
311,4.29508e+09,3.83707e+07,3514.05,32,9.07324,6,0.0364323
312,1.718e+10,9.79148e+07,4245.37,34,9.49609,7,0.038076
313,3.43599e+10,1.28397e+08,5454.88,35,10.1465,7,0.0404966
314,3.43599e+10,1.26159e+08,5638.51,35,10.2461,7,0.0405696
315,8.59004e+09,9.35478e+07,4954.15,33,9.95605,7,0.0393527
316,1.718e+10,9.36029e+07,6386.55,34,10.3604,8,0.0405871
317,3.43599e+10,1.37376e+08,7315,35,10.709,8,0.0413907
318,1.718e+10,1.09911e+08,6220.56,34,10.5264,8,0.041244
319,6.87196e+10,1.85483e+08,4201.3,36,9.75293,6,0.0390335
320,1.718e+10,1.39879e+08,9060.14,34,11.2559,9,0.042747
321,1.718e+10,1.84064e+08,8392.5,34,11.2666,9,0.0431204
322,8.59006e+09,9.00567e+07,5681.8,33,10.4141,7,0.040813
323,1.718e+10,1.24225e+08,7206.2,34,10.8125,8,0.0415892
324,3.43599e+10,1.74961e+08,7324.72,35,11.0283,8,0.042834
325,1.718e+10,1.85873e+08,7206.2,34,10.8516,8,0.042711
326,3.43599e+10,2.71722e+08,9606.16,35,11.5615,9,0.0443683
327,1.718e+10,1.68065e+08,6124.09,34,10.6348,8,0.0414774
328,1.37439e+11,3.18083e+08,7295.47,37,10.6699,8,0.0417665
329,3.43599e+10,2.60527e+08,6617.1,35,10.5967,8,0.0413778
330,1.718e+10,1.73605e+08,4669.19,34,10.2285,7,0.0402693
331,1.718e+10,2.1337e+08,6537.32,34,10.7822,8,0.0417983
332,6.87196e+10,2.27265e+08,5548.69,36,10.1855,7,0.0409006
333,3.43599e+10,2.47431e+08,4150.74,35,10.0635,6,0.0406127
334,1.718e+10,1.95267e+08,4051.83,34,9.99805,6,0.0401048
335,1.718e+10,2.28646e+08,4717.77,34,10.332,7,0.041228
336,1.37439e+11,4.23329e+08,5239.43,37,10.7314,7,0.0426768
337,1.718e+10,2.67456e+08,8786.83,34,11.2744,9,0.0438737
338,3.43599e+10,3.96222e+08,7226.23,35,11.1904,8,0.043649
339,6.87196e+10,3.98942e+08,9021.76,36,11.6289,9,0.0449378
340,3.43599e+10,5.3268e+08,10046.5,35,11.957,9,0.0460728
341,2.74878e+11,7.44619e+08,8052.57,38,11.7031,9,0.0452444
342,1.37439e+11,6.48606e+08,15680.5,37,12.9355,11,0.0481284
343,6.87196e+10,6.80173e+08,12333.8,36,12.5215,10,0.046436
344,3.43599e+10,6.18033e+08,15271.1,35,13.2607,11,0.0485559
345,2.19902e+12,3.038e+09,19976.2,41,13.6211,12,0.0494938
346,1.37439e+11,9.6591e+08,27807.9,37,14.1338,13,0.0502186
347,6.87196e+10,7.42243e+08,25520.9,36,13.7783,13,0.0491979
348,6.87196e+10,9.48848e+08,20295.1,36,13.7373,12,0.0494583
349,6.87196e+10,9.16617e+08,26391.7,36,13.9473,13,0.049189
350,3.43599e+10,8.27424e+08,26917.7,35,14.0791,13,0.0496919
351,6.87196e+10,9.43348e+08,38806.6,36,14.8418,14,0.0524552
352,1.37439e+11,1.26536e+09,28139,37,14.5596,13,0.0523855
353,6.87196e+10,1.22498e+09,59500.3,36,15.3438,15,0.0541379
354,6.87196e+10,1.12657e+09,37330.4,36,14.7461,14,0.0529564
355,2.74878e+11,1.90343e+09,93424,38,15.7383,16,0.0565364
356,6.87196e+10,1.92425e+09,155673,36,16.3516,17,0.0584081
357,6.87196e+10,1.88702e+09,91239.4,36,15.9795,16,0.0581653
358,6.87196e+10,1.97708e+09,159834,36,16.418,17,0.0585793
359,1.37439e+11,2.1348e+09,91272.2,37,16.0459,16,0.0585367
360,6.87196e+10,2.04966e+09,162885,36,17.0361,17,0.0614159
361,6.87196e+10,2.35224e+09,295131,36,17.4414,18,0.0623335
362,6.87196e+10,2.44656e+09,295401,36,17.5537,18,0.064017
363,6.87196e+10,2.33296e+09,563750,36,17.7773,19,0.0639335
364,6.87196e+10,2.45445e+09,298437,36,17.5967,18,0.0631826
365,1.37439e+11,2.33935e+09,297793,37,17.6562,18,0.0640366
366,1.37439e+11,3.01238e+09,559431,37,17.5381,19,0.0634902
367,1.37439e+11,2.8948e+09,564994,37,18.0312,19,0.065461
368,5.49756e+11,3.85016e+09,565487,39,18.1572,19,0.0650868
369,1.37439e+11,3.74394e+09,563551,37,18.0996,19,0.0650498
370,2.74878e+11,3.65213e+09,1.08995e+06,38,18.4141,20,0.0662062
371,2.74878e+11,3.23581e+09,563868,38,17.9463,19,0.0645144
372,1.37439e+11,3.33406e+09,563232,37,18.1885,19,0.0661565
373,2.74878e+11,3.7483e+09,1.09325e+06,38,18.7021,20,0.0675421
374,1.37439e+11,3.08004e+09,1.0904e+06,37,18.1709,20,0.0660893
375,1.37439e+11,3.40545e+09,1.08887e+06,37,18.3408,20,0.0656542
376,2.74878e+11,3.53183e+09,1.0895e+06,38,18.4756,20,0.0666012
377,2.74878e+11,4.04226e+09,1.08243e+06,38,18.8633,20,0.0677978
378,1.37439e+11,3.68603e+09,1.08446e+06,37,18.5869,20,0.067001
379,6.87196e+10,3.2957e+09,559474,36,17.9336,19,0.0649774
380,2.74878e+11,3.43708e+09,1.09128e+06,38,18.5068,20,0.0670165
381,2.74878e+11,3.03091e+09,296579,38,17.542,18,0.0634712
382,1.37439e+11,3.35852e+09,1.09155e+06,37,18.4951,20,0.0668811
383,1.37439e+11,2.69457e+09,297430,37,17.5537,18,0.0643612
384,2.74878e+11,3.78293e+09,2.14367e+06,38,18.792,21,0.0680985
385,2.74878e+11,3.82253e+09,1.09441e+06,38,18.7705,20,0.0681186
386,1.37439e+11,3.35157e+09,1.09128e+06,37,18.4756,20,0.0673186
387,5.49756e+11,4.6048e+09,4.24061e+06,39,19.4463,22,0.0705232
388,2.74878e+11,4.70705e+09,4.2435e+06,38,19.5596,22,0.0713627
389,2.74878e+11,3.94763e+09,1.09485e+06,38,18.7031,20,0.0682496
390,5.49756e+11,4.71983e+09,1.09645e+06,39,18.876,20,0.0680005
391,2.74878e+11,3.58232e+09,2.13831e+06,38,18.8916,21,0.0693024
392,1.37439e+11,3.10119e+09,4.24174e+06,37,19.251,22,0.0698618
393,5.49756e+11,4.88175e+09,2.1429e+06,39,19.1797,21,0.0701237
394,2.74878e+11,3.90349e+09,1.09045e+06,38,18.6436,20,0.0683624
395,1.37439e+11,3.80793e+09,1.08882e+06,37,18.3584,20,0.0672873
396,2.74878e+11,4.12554e+09,2.13841e+06,38,18.9102,21,0.0699194
397,2.74878e+11,4.87399e+09,4.23823e+06,38,19.4014,22,0.0717079
398,2.74878e+11,4.7557e+09,4.24602e+06,38,19.5264,22,0.0715083
399,1.37439e+11,4.5685e+09,8.44123e+06,37,19.9912,23,0.0740613
400,1.09951e+12,6.87729e+09,2.14609e+06,40,19.3027,21,0.0710655
401,5.49756e+11,5.85659e+09,1.08941e+06,39,18.8311,20,0.0715798
402,2.74878e+11,5.14206e+09,1.09275e+06,38,18.7822,20,0.0706687
403,2.74878e+11,5.04887e+09,1.09279e+06,38,18.9414,20,0.0709429
404,2.74878e+11,5.32314e+09,8.43986e+06,38,19.835,23,0.0739419
405,1.09951e+12,7.22856e+09,4.24083e+06,40,19.4756,22,0.0729831
406,2.74878e+11,5.46888e+09,1.09249e+06,38,18.7695,20,0.0707874
407,2.74878e+11,5.2003e+09,4.24313e+06,38,19.6016,22,0.0737026
408,5.49756e+11,5.77624e+09,2.14367e+06,39,19.4238,21,0.0733027
409,5.49756e+11,5.11078e+09,1.09018e+06,39,18.9238,20,0.0714198
410,2.19902e+12,6.41736e+09,4.24115e+06,41,19.5508,22,0.0740925
411,5.49756e+11,6.4601e+09,4.24926e+06,39,19.6543,22,0.0746837
412,1.09951e+12,6.56907e+09,8.44281e+06,40,19.7061,23,0.0735756
413,8.79609e+12,1.45691e+10,8.4443e+06,43,20.0156,23,0.0753578
414,4.39805e+12,2.01075e+10,6.71747e+07,42,22.0645,26,0.0809126
415,1.75922e+13,3.46123e+10,1.34288e+08,44,23.0859,27,0.0844034
416,3.51844e+13,5.43305e+10,5.36962e+08,45,24.8174,29,0.0890829
417,4.39805e+12,3.6011e+10,1.07384e+09,42,25.748,30,0.0913727
418,4.39805e+12,3.43173e+10,1.07384e+09,42,25.7646,30,0.0922753
419,2.19902e+12,2.71418e+10,5.36957e+08,41,24.6133,29,0.0884331
420,2.19902e+12,2.97296e+10,5.36958e+08,41,24.7393,29,0.0887962
421,2.19902e+12,3.57388e+10,1.07383e+09,41,25.1641,30,0.0899969
422,8.79609e+12,3.26087e+10,5.36958e+08,43,24.5713,29,0.0891619
423,4.39805e+12,2.78524e+10,1.07382e+09,42,24.4043,30,0.0887455
424,8.79609e+12,3.97667e+10,1.07383e+09,43,25.1367,30,0.0906325
425,1.75922e+13,5.28003e+10,1.07383e+09,44,25.2402,30,0.0912884
426,4.39805e+12,4.05634e+10,2.14758e+09,42,25.835,31,0.094722
427,2.19902e+12,3.90047e+10,1.07383e+09,41,25.3701,30,0.0921038
428,4.39805e+12,3.04769e+10,1.07383e+09,42,24.7773,30,0.0900603
429,4.39805e+12,3.1988e+10,1.07383e+09,42,24.3223,30,0.0883834
430,2.19902e+12,3.07288e+10,1.07384e+09,41,24.9844,30,0.0906508
431,2.19902e+12,2.98227e+10,1.07382e+09,41,24.2656,30,0.0888565
432,4.39805e+12,4.07655e+10,1.07383e+09,42,24.2871,30,0.0892811
433,2.19902e+12,3.06537e+10,1.07383e+09,41,24.2109,30,0.0892803
434,2.19902e+12,2.90288e+10,1.07382e+09,41,24.3721,30,0.0885976
435,1.09951e+12,2.75055e+10,1.07383e+09,40,24.4863,30,0.0892631
436,2.19902e+12,3.44963e+10,2.68515e+08,41,23.4111,28,0.0864478
437,4.39805e+12,3.09697e+10,1.34296e+08,42,23.5723,27,0.0862774
438,2.19902e+12,2.9401e+10,1.34294e+08,41,23.0596,27,0.0851713
439,4.39805e+12,3.25711e+10,1.3429e+08,42,22.7871,27,0.0832602
440,4.39805e+12,3.27121e+10,6.71783e+07,42,22.2393,26,0.0810991
441,2.19902e+12,2.83567e+10,2.68516e+08,41,23.2236,28,0.0855484
442,2.19902e+12,2.35277e+10,3.3623e+07,41,22.0791,25,0.0809642
443,8.79609e+12,4.78497e+10,1.34292e+08,43,22.7695,27,0.0828941
444,4.39805e+12,3.41697e+10,2.68508e+08,42,23.3027,28,0.0852736
445,2.19902e+12,3.40545e+10,5.36943e+08,41,23.3965,29,0.0860945
446,1.75922e+13,5.54116e+10,2.68512e+08,44,23.4854,28,0.0859601
447,1.75922e+13,5.16549e+10,2.68522e+08,44,22.9414,28,0.0850547
448,1.75922e+13,5.57072e+10,1.34296e+08,44,22.6719,27,0.0837297
449,2.19902e+12,3.07857e+10,2.68522e+08,41,23.8848,28,0.0872154
450,2.19902e+12,3.1754e+10,2.68518e+08,41,23.6631,28,0.0864671
451,4.39805e+12,4.23748e+10,5.36953e+08,42,24.3359,29,0.0887222
452,8.79609e+12,4.71265e+10,2.68513e+08,43,23.3066,28,0.0849068
453,4.39805e+12,4.22791e+10,5.36947e+08,42,24.1367,29,0.0884027
454,8.79609e+12,6.1784e+10,2.68515e+08,43,23.5869,28,0.0864126
455,4.39805e+12,4.31225e+10,2.68517e+08,42,23.6221,28,0.0877785
456,1.75922e+13,5.63802e+10,2.68497e+08,44,23.2363,28,0.0861159
457,2.19902e+12,3.32188e+10,2.68515e+08,41,23.874,28,0.08626
458,4.39805e+12,5.11961e+10,2.68511e+08,42,22.958,28,0.0834796
459,1.75922e+13,7.47628e+10,5.36951e+08,44,24.0713,29,0.0876452
460,2.19902e+12,3.44495e+10,2.68515e+08,41,23.4854,28,0.0856076
461,1.75922e+13,6.984e+10,2.68506e+08,44,23.3896,28,0.0857978
462,8.79609e+12,4.43819e+10,2.6851e+08,43,23.5166,28,0.0852163
463,1.75922e+13,5.26498e+10,1.34296e+08,44,23.2725,27,0.0851239
464,1.75922e+13,7.18571e+10,2.6851e+08,44,24.1699,28,0.0884171
465,1.75922e+13,5.71813e+10,1.343e+08,44,23.707,27,0.0863694
466,8.79609e+12,4.54825e+10,1.34291e+08,43,23.2324,27,0.0848431
467,8.79609e+12,6.87535e+10,1.34293e+08,43,23.834,27,0.0879775
468,8.79609e+12,4.7117e+10,1.343e+08,43,23.7021,27,0.0891393
469,8.79609e+12,6.18522e+10,1.34294e+08,43,23.5127,27,0.0871274
470,7.03687e+13,9.56416e+10,6.71737e+07,46,21.6504,26,0.0809111
471,1.75922e+13,8.17567e+10,3.36171e+07,44,21.8662,25,0.0818256
472,8.79609e+12,3.82325e+10,3.3618e+07,43,21.499,25,0.0803008
473,1.40737e+14,2.19452e+11,3.36207e+07,47,21.8789,25,0.0816032
474,2.2518e+15,2.611e+12,6.71786e+07,51,22.4502,26,0.0830943
475,1.40737e+14,4.82969e+11,6.71771e+07,47,22.0244,26,0.0822817
476,2.81475e+14,4.79661e+11,1.34291e+08,48,22.3828,27,0.083812
477,9.0072e+15,9.48806e+12,3.36144e+07,53,21.084,25,0.0794068
478,1.40737e+14,4.19577e+11,1.34288e+08,47,22.9668,27,0.0857945
479,1.40737e+14,4.01508e+11,3.36149e+07,47,21.6602,25,0.0821818
480,5.6295e+14,1.08951e+12,6.7171e+07,49,22.3096,26,0.0838
481,2.2518e+15,2.4738e+12,3.3614e+07,51,22.1035,25,0.0840084
482,2.81475e+14,1.06444e+12,1.34289e+08,48,23.7324,27,0.088628
483,7.03687e+13,3.24766e+11,6.71745e+07,46,22.7402,26,0.0833682
484,1.40737e+14,5.7419e+11,6.71749e+07,47,22.5098,26,0.0833194
485,1.1259e+15,1.26285e+12,6.71772e+07,50,22.29,26,0.08278
486,7.03687e+13,3.99949e+11,6.7183e+07,46,23.5957,26,0.0865758
487,1.1259e+15,2.52236e+12,6.71799e+07,50,22.8633,26,0.083791
488,7.03687e+13,3.32041e+11,6.71679e+07,46,22.9453,26,0.0849217
489,5.6295e+14,1.33075e+12,3.36204e+07,49,22.001,25,0.081421
490,3.51844e+13,1.81154e+11,1.6837e+07,45,20.8701,24,0.0765314
491,1.40737e+14,4.98924e+11,3.36056e+07,47,21.6553,25,0.0799347
492,2.81475e+14,5.94593e+11,3.36132e+07,48,21.5771,25,0.0792709
493,7.03687e+13,2.96497e+11,1.68304e+07,46,20.9805,24,0.0769922
494,1.40737e+14,4.83297e+11,1.68384e+07,47,20.9756,24,0.0775648
495,1.1259e+15,1.36191e+12,3.3618e+07,50,21.4111,25,0.0790807
496,2.2518e+15,2.60294e+12,6.71755e+07,51,22.8799,26,0.0848617
497,2.81475e+14,6.09076e+11,6.71773e+07,48,22.0127,26,0.0820682
498,1.40737e+14,4.43727e+11,1.34298e+08,47,23.1963,27,0.0870608
499,7.03687e+13,6.5762e+11,2.68511e+08,46,23.6445,28,0.0879573
500,5.6295e+14,1.27812e+12,2.68519e+08,49,23.3848,28,0.0879086
501,7.03687e+13,3.25519e+11,2.68502e+08,46,23.6777,28,0.0892767
502,5.6295e+14,1.33567e+12,1.34291e+08,49,23.084,27,0.0857133
503,2.81475e+14,8.42389e+11,2.68512e+08,48,23.4883,28,0.0872518
504,1.40737e+14,7.51041e+11,2.68517e+08,47,23.542,28,0.0876814
505,1.40737e+14,6.72423e+11,1.34287e+08,47,22.7471,27,0.0858801
506,2.81475e+14,7.16001e+11,1.3429e+08,48,22.9072,27,0.0855158
507,5.6295e+14,1.58636e+12,5.36949e+08,49,24.1221,29,0.0900155
508,2.2518e+15,3.09997e+12,2.68515e+08,51,23.3799,28,0.0877228
509,2.81475e+14,1.38719e+12,2.14758e+09,48,26.3857,31,0.0969438
510,2.81475e+14,1.07646e+12,1.07382e+09,48,24.873,30,0.0909586
511,2.81475e+14,1.37452e+12,5.36957e+08,48,24.6816,29,0.091124
512,4.5036e+15,6.32095e+12,2.68517e+08,52,23.9277,28,0.0873157
513,5.6295e+14,1.48424e+12,6.71787e+07,49,22.8818,26,0.0855809
514,1.40737e+14,8.80884e+11,5.36963e+08,47,24.4102,29,0.0903688
515,1.40737e+14,6.44325e+11,2.68513e+08,47,23.3672,28,0.0871986
516,5.6295e+14,1.36415e+12,2.68516e+08,49,23.4512,28,0.0870756
517,2.2518e+15,2.97934e+12,1.34293e+08,51,22.8311,27,0.0850373
518,1.40737e+14,6.84328e+11,1.68379e+07,47,21.8877,24,0.0821684
519,1.1259e+15,4.85722e+12,1.34286e+08,50,23.0811,27,0.0861607
520,5.6295e+14,2.70396e+12,6.71732e+07,49,22.5488,26,0.0846187
521,1.40737e+14,6.47656e+11,3.3616e+07,47,21.9072,25,0.0830451
522,2.2518e+15,5.65725e+12,6.71719e+07,51,22.585,26,0.0839275
523,5.6295e+14,2.41575e+12,3.36144e+07,49,22.4766,25,0.0851979
524,2.2518e+15,4.07282e+12,3.36128e+07,51,22.1582,25,0.0837566
525,2.2518e+15,3.57904e+12,6.71782e+07,51,22.6367,26,0.0852177
526,1.1259e+15,3.18242e+12,3.36203e+07,50,22.333,25,0.083909
527,1.1259e+15,3.03782e+12,8.44303e+06,50,21.0215,23,0.0800185
528,2.2518e+15,3.42221e+12,8.42711e+06,51,20.5752,23,0.0780821
529,9.0072e+15,1.25341e+13,2.68514e+08,53,23.8838,28,0.0899737
530,2.81475e+14,1.64156e+12,3.36219e+07,48,22.4316,25,0.0845076
531,1.1259e+15,4.86228e+12,1.68378e+07,50,21.8018,24,0.0820265
532,9.0072e+15,1.07673e+13,3.36131e+07,53,21.9307,25,0.0827333
533,1.1259e+15,3.66244e+12,5.36953e+08,50,24.5469,29,0.0918213
534,2.2518e+15,3.94151e+12,1.34294e+08,51,23.3545,27,0.0871503
535,4.5036e+15,8.64903e+12,1.08672e+06,52,19.793,20,0.0742689
536,4.5036e+15,9.09067e+12,6.71702e+07,52,23.167,26,0.0872202
537,9.0072e+15,2.00699e+13,3.36155e+07,53,22.165,25,0.083662
538,2.2518e+15,3.62181e+12,2.13457e+06,51,20.1328,21,0.0762968
539,2.2518e+15,5.35025e+12,562341,51,20.082,19,0.0766958
540,1.1259e+15,5.80833e+12,8.44517e+06,50,21.4941,23,0.0813028
541,1.80144e+16,2.02951e+13,1.68345e+07,54,22.1641,24,0.0842896
542,5.6295e+14,1.66971e+12,1.08663e+06,49,19.4346,20,0.0735623
543,4.5036e+15,5.9452e+12,562218,52,19.3203,19,0.0737288
544,4.5036e+15,1.27345e+13,1.68296e+07,52,22.0635,24,0.0850568
545,4.5036e+15,1.11065e+13,6.71725e+07,52,22.8262,26,0.0892937
546,1.80144e+16,2.10475e+13,3.36151e+07,54,21.8945,25,0.0852525
547,2.2518e+15,3.19943e+12,1.07384e+09,51,25.7734,30,0.098961
548,9.0072e+15,1.26887e+13,1.07383e+09,53,24.0732,30,0.0929318
549,1.1259e+15,3.43184e+12,2.68518e+08,50,23.2998,28,0.0904637
550,1.1259e+15,4.51922e+12,1.07383e+09,50,25.4434,30,0.0979192
551,2.2518e+15,4.4897e+12,2.68502e+08,51,24.0322,28,0.093281
552,4.5036e+15,8.33388e+12,2.68514e+08,52,23.7637,28,0.0913631
553,9.0072e+15,1.22779e+13,3.36146e+07,53,22.3076,25,0.0862934
554,2.2518e+15,8.28326e+12,2.68505e+08,51,23.5566,28,0.0910025
555,4.5036e+15,1.06226e+13,1.68327e+07,52,21.8105,24,0.0854056
556,1.1259e+15,4.81168e+12,2.68514e+08,50,23.7773,28,0.0928511
557,1.80144e+16,2.50206e+13,2.68506e+08,54,23.2217,28,0.0907697
558,4.5036e+15,9.66318e+12,1.07383e+09,52,24.8896,30,0.0965892
559,4.5036e+15,2.15802e+13,5.36954e+08,52,25.2793,29,0.0994766
560,4.5036e+15,1.18015e+13,2.68509e+08,52,24.3828,28,0.096122
561,1.80144e+16,3.04856e+13,1.07383e+09,54,25.835,30,0.100967
562,4.5036e+15,1.73351e+13,2.14756e+09,52,25.2129,31,0.0990499
563,4.5036e+15,1.25536e+13,1.07383e+09,52,25.2119,30,0.0975848
564,3.60288e+16,7.13065e+13,5.36955e+08,55,24.2656,29,0.0956998
565,3.60288e+16,5.4112e+13,2.68505e+08,55,24.0576,28,0.0948295
566,4.5036e+15,1.78862e+13,1.07383e+09,52,25.624,30,0.100969
567,4.5036e+15,2.91858e+13,6.71692e+07,52,23.7998,26,0.0945287
568,3.60288e+16,4.57215e+13,1.34288e+08,55,23.1191,27,0.0914495
569,4.5036e+15,3.05726e+13,4.29507e+09,52,26.0811,32,0.102873
570,2.2518e+15,1.7271e+13,2.68502e+08,51,23.7871,28,0.094169
571,9.0072e+15,3.25503e+13,1.07384e+09,53,24.9619,30,0.098341
572,4.5036e+15,2.43022e+13,1.07383e+09,52,25.124,30,0.0997961
573,2.2518e+15,1.32874e+13,2.6851e+08,51,24.0039,28,0.0951959
574,2.2518e+15,1.68164e+13,6.71775e+07,51,23.6729,26,0.0941504
575,7.20576e+16,1.23873e+14,3.36161e+07,56,22.6797,25,0.0903118
576,7.20576e+16,9.18352e+13,2.68506e+08,56,22.959,28,0.0920434
577,9.0072e+15,2.37857e+13,3.36132e+07,53,22.0107,25,0.0873614
578,3.60288e+16,5.06512e+13,3.36105e+07,55,21.9932,25,0.088056
579,4.5036e+15,1.30882e+13,1.68381e+07,52,22.2842,24,0.0887553
580,4.5036e+15,1.35686e+13,8.43793e+06,52,21.6611,23,0.0865159
581,1.44115e+17,1.58108e+14,1.68375e+07,57,21.9248,24,0.0869587
582,3.60288e+16,6.88263e+13,6.71738e+07,55,22.9375,26,0.092468
583,2.2518e+15,1.57632e+13,4.24313e+06,51,21.4941,22,0.0861722
584,1.80144e+16,3.4751e+13,4.2435e+06,54,20.9844,22,0.084228
585,9.0072e+15,2.32507e+13,8.43561e+06,53,21.8516,23,0.0872446
586,7.20576e+16,1.21327e+14,4.22949e+06,56,20.7051,22,0.0830443
587,1.80144e+16,4.9331e+13,6.71702e+07,54,23.8428,26,0.093746
588,3.60288e+16,7.8181e+13,2.68513e+08,55,24.3506,28,0.0968022
589,7.20576e+16,1.4347e+14,1.34295e+08,56,24.6992,27,0.0968368
590,1.44115e+17,2.76125e+14,2.14758e+09,57,26.5762,31,0.104035
591,2.8823e+17,4.76013e+14,4.29506e+09,58,26.9062,32,0.104623
592,3.60288e+16,1.17939e+14,1.07383e+09,55,25.7881,30,0.100696
593,2.8823e+17,3.78492e+14,2.14758e+09,58,26.7617,31,0.105056
594,3.60288e+16,1.58887e+14,1.718e+10,55,28.6006,34,0.110196
595,7.20576e+16,1.95058e+14,1.07382e+09,56,25.8525,30,0.0999915
596,1.80144e+16,4.54832e+13,4.29506e+09,54,25.9834,32,0.100596
597,7.20576e+16,1.67495e+14,4.29506e+09,56,27.3408,32,0.107436
598,7.3787e+19,7.25899e+16,1.07382e+09,66,26.291,30,0.104769
599,7.20576e+16,1.51149e+14,1.718e+10,56,29.2002,34,0.113814
600,3.60288e+16,1.85374e+14,8.59003e+09,55,27.6025,33,0.108393
601,4.61169e+18,5.02856e+15,4.29506e+09,62,27.2402,32,0.106548
602,2.8823e+17,5.69125e+14,1.718e+10,58,29.2529,34,0.116125
603,2.8823e+17,6.83704e+14,3.43598e+10,58,28.9609,35,0.11439
604,2.8823e+17,8.20421e+14,4.29506e+09,58,28.2607,32,0.111706
605,1.15292e+18,1.92575e+15,1.718e+10,60,29.4297,34,0.116618
606,5.76461e+17,1.3089e+15,2.14758e+09,59,25.4424,31,0.100716
607,9.22337e+18,9.28653e+15,4.29506e+09,63,27.2393,32,0.109133
608,2.30584e+18,2.5737e+15,8.59004e+09,61,27.2773,33,0.109023
609,2.8823e+17,5.56228e+14,1.07382e+09,58,25.2451,30,0.0998153
610,1.44115e+17,3.31758e+14,2.14757e+09,57,27.2344,31,0.10879
611,2.8823e+17,4.72388e+14,4.29506e+09,58,27.5957,32,0.109598
612,9.22337e+18,9.46624e+15,2.14756e+09,63,26.2881,31,0.104435
613,2.95148e+20,2.88611e+17,1.07381e+09,68,25.5342,30,0.101308
614,4.61169e+18,6.13022e+15,3.43598e+10,62,29.29,35,0.117736
615,1.47574e+20,1.55829e+17,8.59004e+09,67,28.6104,33,0.114493
616,2.8823e+17,6.06257e+14,4.29504e+09,58,27.5762,32,0.111287
617,7.3787e+19,7.27023e+16,2.68512e+08,66,25.5703,28,0.102645
618,2.30584e+18,2.53734e+15,4.29505e+09,61,27.293,32,0.107488
619,7.20576e+16,2.75305e+14,5.36952e+08,56,26.418,29,0.105013
620,1.15292e+18,1.95722e+15,5.36952e+08,60,25.8994,29,0.10353
621,2.8823e+17,8.53674e+14,5.36949e+08,58,26.1406,29,0.104414
622,2.8823e+17,1.08067e+15,5.36955e+08,58,25.3633,29,0.100416
623,2.8823e+17,3.88608e+14,2.14757e+09,58,26.2354,31,0.104073
624,2.8823e+17,7.91877e+14,1.07383e+09,58,26.124,30,0.103821
625,5.76461e+17,7.68738e+14,1.07382e+09,59,25.7832,30,0.102045
626,7.20576e+16,3.53045e+14,2.14757e+09,56,26.042,31,0.103833
627,7.20576e+16,2.89854e+14,5.36954e+08,56,25.3682,29,0.10063
628,1.44115e+17,3.69975e+14,5.36957e+08,57,25.4365,29,0.1012
629,7.20576e+16,4.61685e+14,5.36945e+08,56,24.7949,29,0.0987648
630,1.44115e+17,4.5175e+14,1.34288e+08,57,24.0293,27,0.0964914
631,7.20576e+16,2.11096e+14,1.68305e+07,56,22.4463,24,0.0907886
632,2.8823e+17,6.36012e+14,5.36952e+08,58,25.502,29,0.101685
633,1.15292e+18,3.66169e+15,6.71771e+07,60,23.1934,26,0.0931288
634,2.8823e+17,5.57264e+14,2.68501e+08,58,23.9316,28,0.0964474
635,2.30584e+18,2.48029e+15,5.36948e+08,61,25.1904,29,0.101141
636,5.76461e+17,2.13859e+15,1.07383e+09,59,25.8945,30,0.104021
637,7.20576e+16,4.80496e+14,1.34298e+08,56,24.5811,27,0.0990147
638,1.15292e+18,1.79587e+15,1.34288e+08,60,24.2256,27,0.0994944
639,7.20576e+16,3.40481e+14,2.6851e+08,56,23.9141,28,0.0976046
640,1.15292e+18,2.99885e+15,2.68519e+08,60,24.3945,28,0.0985408
641,1.15292e+18,1.74307e+15,2.68509e+08,60,23.8086,28,0.0954228
642,1.15292e+18,1.69848e+15,5.36947e+08,60,23.5312,29,0.0935438
643,3.60288e+16,2.80994e+14,3.3606e+07,55,22.2051,25,0.0904612
644,1.47574e+20,1.49188e+17,1.34287e+08,67,23.0996,27,0.0921954
645,1.44115e+17,5.07306e+14,6.71644e+07,57,22.7656,26,0.0924706
646,2.30584e+18,2.73995e+15,3.36186e+07,61,22.7305,25,0.0924545
647,5.76461e+17,1.30419e+15,3.36153e+07,59,22.4971,25,0.0920175
648,5.76461e+17,7.35864e+14,2.68497e+08,59,23.9834,28,0.0981077
649,5.76461e+17,2.17834e+15,5.36952e+08,59,25.6777,29,0.103907
650,1.44115e+17,6.17716e+14,2.68509e+08,57,24.2568,28,0.0982944
651,1.44115e+17,4.12688e+14,1.34287e+08,57,23.5117,27,0.0958656
652,4.61169e+18,1.42324e+16,6.71698e+07,62,22.9678,26,0.0932821
653,2.8823e+17,1.0247e+15,3.36075e+07,58,22.0342,25,0.090057
654,2.8823e+17,7.88769e+14,1.34288e+08,58,23.7812,27,0.0963803
655,5.76461e+17,1.55088e+15,2.68509e+08,59,23.9316,28,0.0977126
656,5.76461e+17,9.59597e+14,5.3695e+08,59,24.9375,29,0.100793
657,2.8823e+17,1.53935e+15,2.14755e+09,58,26.6768,31,0.106946
658,1.15292e+18,1.83958e+15,1.07382e+09,60,26.207,30,0.105424
659,1.15292e+18,2.01108e+15,1.07381e+09,60,25.8594,30,0.10508
660,9.44473e+21,9.22448e+18,5.36955e+08,73,25.4443,29,0.102083
661,2.30584e+18,2.5283e+15,2.68508e+08,61,23.9375,28,0.0954365
662,2.8823e+17,7.45493e+14,5.36959e+08,58,26.3486,29,0.103832
663,4.61169e+18,8.52463e+15,1.34282e+08,62,23.6387,27,0.0939805
664,5.76461e+17,1.21388e+15,2.68499e+08,59,24.9326,28,0.0981269
665,2.30584e+18,3.97983e+15,1.34292e+08,61,24.0146,27,0.0958329
666,2.30584e+18,3.18631e+15,5.36945e+08,61,25.5703,29,0.102289
667,5.76461e+17,1.82941e+15,1.34288e+08,59,24.4678,27,0.0994251
668,1.84467e+19,2.63676e+16,6.71726e+07,64,23.8789,26,0.0968886
669,4.61169e+18,8.52764e+15,5.36947e+08,62,24.8447,29,0.10082
670,1.47574e+20,1.5037e+17,2.14757e+09,67,26.7754,31,0.107929
671,2.30584e+18,2.68783e+15,1.07383e+09,61,26.3262,30,0.106608
672,5.90296e+20,5.79192e+17,2.14758e+09,69,27.2461,31,0.111092
673,3.68935e+19,3.93454e+16,4.29506e+09,65,27.9541,32,0.114488
674,3.68935e+19,4.02175e+16,4.29507e+09,65,28.1406,32,0.113391
675,1.47574e+20,2.42143e+17,1.718e+10,67,29.3096,34,0.119107
676,1.84467e+19,2.172e+16,1.718e+10,64,28.8955,34,0.117116
677,1.84467e+19,3.69309e+16,1.718e+10,64,29.8828,34,0.119627
678,1.47574e+20,1.64214e+17,8.59004e+09,67,28.0098,33,0.113848
679,3.68935e+19,4.15938e+16,1.718e+10,65,28.499,34,0.113839
680,3.68935e+19,4.79759e+16,8.59004e+09,65,29.6865,33,0.117556
681,1.18059e+21,1.60312e+18,1.718e+10,70,29.9824,34,0.120211
682,1.84467e+19,4.18961e+16,1.718e+10,64,28.4912,34,0.11446
683,7.3787e+19,8.78624e+16,2.14756e+09,66,27.3438,31,0.110054
684,9.44473e+21,1.06708e+19,2.14758e+09,73,27.2617,31,0.110438
685,9.22337e+18,1.71662e+16,8.59003e+09,63,28.5439,33,0.116402
686,1.15292e+18,4.34061e+15,4.29507e+09,60,27.9268,32,0.112454
687,2.30584e+18,7.17975e+15,4.29508e+09,61,28.21,32,0.113686
688,1.47574e+20,1.60054e+17,8.59004e+09,67,29.29,33,0.117586
689,9.22337e+18,1.91872e+16,5.36951e+08,63,25.6201,29,0.103766
690,7.3787e+19,8.42551e+16,4.29506e+09,66,27.3672,32,0.110307
691,2.95148e+20,3.10072e+17,8.59003e+09,68,28.7148,33,0.114944
692,5.76461e+17,2.37331e+15,4.29506e+09,59,27.1855,32,0.109829
693,4.61169e+18,8.95348e+15,2.14757e+09,62,27.4775,31,0.110841
694,1.84467e+19,2.49752e+16,8.59002e+09,64,28.5459,33,0.115737
695,1.15292e+18,4.53737e+15,4.29506e+09,60,27.751,32,0.110122
696,2.30584e+18,5.53571e+15,2.14759e+09,61,27.8643,31,0.111713
697,3.68935e+19,3.97027e+16,1.07383e+09,65,26.1777,30,0.105161
698,7.3787e+19,8.15322e+16,3.36189e+07,66,23.3721,25,0.0949216
699,1.18059e+21,1.23053e+18,2.68506e+08,70,24.585,28,0.100983
700,1.84467e+19,4.02946e+16,6.71781e+07,64,23.5938,26,0.096098
701,4.61169e+18,1.02788e+16,2.68506e+08,62,23.9668,28,0.0988463
702,1.47574e+20,2.37618e+17,3.36179e+07,67,22.7188,25,0.0941586
703,1.84467e+19,2.33665e+16,2.68514e+08,64,24.7559,28,0.102554
704,4.61169e+18,1.35882e+16,5.36948e+08,62,25.71,29,0.106287
705,2.30584e+18,4.06968e+15,1.34279e+08,61,23.8574,27,0.0988782
706,4.61169e+18,8.30226e+15,6.71776e+07,62,23.6973,26,0.0983274
707,1.84467e+19,3.13948e+16,5.36949e+08,64,25.3047,29,0.104626
708,9.22337e+18,1.80278e+16,2.14757e+09,63,26.7041,31,0.109926
709,7.3787e+19,1.21443e+17,2.14756e+09,66,26.6436,31,0.109732
710,7.3787e+19,8.04251e+16,4.29507e+09,66,27.2012,32,0.11236
711,5.76461e+17,2.77071e+15,2.14757e+09,59,26.3799,31,0.110268
712,1.18059e+21,1.19588e+18,2.68508e+08,70,24.6211,28,0.101898
713,2.95148e+20,3.6518e+17,4.29505e+09,68,27.5186,32,0.112465
714,4.61169e+18,7.58863e+15,2.14756e+09,62,26.334,31,0.107689
715,2.36118e+21,2.43129e+18,2.68513e+08,71,24.8779,28,0.102634
716,1.84467e+19,2.1262e+16,3.36061e+07,64,22.957,25,0.0945053
717,9.22337e+18,1.36135e+16,1.08905e+06,63,20.7715,20,0.0860897
718,2.95148e+20,2.9209e+17,1.08923e+06,68,20.4775,20,0.0843085
719,4.72237e+21,4.62011e+18,1.08937e+06,72,19.8438,20,0.0816342
720,1.47574e+20,1.65257e+17,1.68272e+07,67,22.541,24,0.0928411
721,1.84467e+19,2.3669e+16,1.6834e+07,64,22.2012,24,0.0924047
722,2.30584e+18,6.9476e+15,1.68349e+07,61,22.2295,24,0.0917594
723,1.84467e+19,2.13683e+16,8.44359e+06,64,21.9258,23,0.0915722
724,3.68935e+19,1.04484e+17,6.71771e+07,65,23.3135,26,0.0965446
725,1.84467e+19,3.87468e+16,3.36115e+07,64,22.8838,25,0.0954731
726,2.95148e+20,3.11726e+17,1.34294e+08,68,24.8379,27,0.102485
727,3.09485e+26,3.02231e+23,1.34286e+08,88,23.9365,27,0.098841
728,7.3787e+19,1.22456e+17,2.6851e+08,66,25.1328,28,0.103547
729,5.90296e+20,6.28267e+17,1.34284e+08,69,24.4189,27,0.101539
730,1.84467e+19,5.39131e+16,3.36102e+07,64,23.2168,25,0.0976067
731,5.90296e+20,8.25329e+17,1.68294e+07,69,22.9131,24,0.0954341
732,4.72237e+21,6.85764e+18,1.34291e+08,72,24.2607,27,0.101608
733,5.90296e+20,6.73824e+17,3.36119e+07,69,22.6445,25,0.0941271
734,2.95148e+20,4.16385e+17,1.68383e+07,68,22.6514,24,0.0948731
735,4.61169e+18,1.09587e+16,8.43793e+06,62,21.499,23,0.0902195
736,1.47574e+20,3.21809e+17,4.23739e+06,67,21.0615,22,0.0886259
737,1.18059e+21,1.48733e+18,4.23812e+06,70,21.252,22,0.0891246
738,7.3787e+19,1.19471e+17,8.43793e+06,66,21.5645,23,0.0908699
739,7.3787e+19,7.8594e+16,2.14099e+06,66,20.6357,21,0.0866627
740,9.22337e+18,2.44835e+16,8.44061e+06,63,21.4033,23,0.0903403
741,7.3787e+19,8.72977e+16,4.2412e+06,66,21.2285,22,0.0886291
742,7.3787e+19,8.56761e+16,1.68298e+07,66,22.584,24,0.0934297
743,7.55579e+22,7.38451e+19,3.3615e+07,76,23.1865,25,0.0960423
744,7.3787e+19,1.06218e+17,3.36057e+07,66,23.5869,25,0.0974898
745,3.68935e+19,6.68094e+16,1.68315e+07,65,22.5088,24,0.0934095
746,1.47574e+20,3.00683e+17,1.68324e+07,67,23.4785,24,0.0971633
747,2.95148e+20,3.04562e+17,6.71712e+07,68,23.8203,26,0.0979313
748,7.3787e+19,2.30514e+17,2.68504e+08,66,26.0537,28,0.107695
749,1.84467e+19,6.86026e+16,6.71722e+07,64,25.0957,26,0.104878
750,7.3787e+19,9.08712e+16,3.3612e+07,66,24.0361,25,0.0996499
751,2.36118e+21,3.58564e+18,2.68506e+08,71,26.8232,28,0.110685
752,2.36118e+21,6.2234e+18,6.71754e+07,71,26.1562,26,0.109239
753,4.72237e+21,7.41945e+18,1.34282e+08,72,26.0186,27,0.107795
754,2.95148e+20,4.13129e+17,5.36951e+08,68,27.2041,29,0.110521
755,1.18059e+21,2.74052e+18,1.07382e+09,70,28.0391,30,0.114045
756,2.95148e+20,4.911e+17,2.14758e+09,68,27.9639,31,0.113815
757,1.88895e+22,2.15995e+19,2.14757e+09,74,28.7393,31,0.115926
758,7.3787e+19,1.24891e+17,5.36955e+08,66,27.8789,29,0.112447
759,2.36118e+21,2.33492e+18,2.68515e+08,71,26.8848,28,0.108446
760,2.95148e+20,3.77435e+17,1.07383e+09,68,29.2295,30,0.117889
761,3.77789e+22,3.81826e+19,1.07383e+09,75,28.2139,30,0.115007
762,7.3787e+19,1.61275e+17,2.14757e+09,66,28.9062,31,0.117466
763,3.77789e+22,5.18918e+19,1.07383e+09,75,28.3438,30,0.113884
764,7.3787e+19,1.0331e+17,5.36946e+08,66,26.5215,29,0.107331
765,1.47574e+20,3.85949e+17,5.36953e+08,67,27.3281,29,0.110825
766,2.95148e+20,3.04326e+17,2.14756e+09,68,27.6895,31,0.112728
767,6.04463e+23,6.29404e+20,2.14757e+09,79,27.9727,31,0.114233
768,1.47574e+20,2.05939e+17,1.718e+10,67,30.209,34,0.124294
769,7.55579e+22,9.77944e+19,4.29507e+09,76,29.458,32,0.119335
770,1.47574e+20,2.73533e+17,8.59002e+09,67,29.7021,33,0.121895
771,5.90296e+20,8.33222e+17,4.29507e+09,69,29.6787,32,0.121101
772,1.18059e+21,1.58153e+18,1.07383e+09,70,28.0254,30,0.115257
773,1.47574e+20,4.16824e+17,1.34292e+08,67,26.5439,27,0.109422
774,3.02231e+23,3.82801e+20,1.07381e+09,78,27.7324,30,0.115412
775,9.44473e+21,1.19774e+19,1.07383e+09,73,27.709,30,0.112753
776,6.04463e+23,5.91314e+20,1.07382e+09,79,27.6758,30,0.114445
777,1.18059e+21,1.26986e+18,288656,70,20.5371,18,0.0924508
778,2.36118e+21,3.11869e+18,4.24281e+06,71,23.9219,22,0.101763
779,2.41785e+24,2.36391e+21,1.68359e+07,81,24.5996,24,0.103265
780,2.36118e+21,3.52093e+18,4.24469e+06,71,23.791,22,0.101376
781,7.55579e+22,7.50205e+19,2.13928e+06,76,23.5693,21,0.0998317
782,5.90296e+20,6.5826e+17,26436.2,69,19.1807,13,0.0812363
783,1.88895e+22,1.95134e+19,56888.7,74,20.8818,15,0.0881028
784,1.20893e+24,1.47719e+21,556952,80,22.0889,19,0.0933723
785,3.77789e+22,3.88705e+19,4.24223e+06,75,24.2305,22,0.101905
786,9.44473e+21,1.34227e+19,1.08615e+06,73,23.5361,20,0.0992585
787,1.88895e+22,1.91368e+19,4.23488e+06,74,24.4697,22,0.103105
788,5.90296e+20,1.75712e+18,295670,69,22.0205,18,0.0923004
789,1.9807e+28,1.93617e+25,2.13701e+06,94,23.8457,21,0.101179
790,4.72237e+21,6.06775e+18,37127.1,72,18.9727,14,0.0822141
791,3.77789e+22,3.76822e+19,4.23224e+06,75,23.9639,22,0.101133
792,4.72237e+21,1.47022e+19,1.68374e+07,72,25.9941,24,0.110055
793,7.92282e+28,7.73713e+25,1.6829e+07,96,25.2627,24,0.106625
794,1.51116e+23,1.73463e+20,5.36936e+08,77,27.6289,29,0.117318
795,1.88895e+22,4.10097e+19,2.68506e+08,74,27.5469,28,0.117628
796,4.8357e+24,4.75267e+21,1.68294e+07,82,24.7217,24,0.105612
797,3.02231e+23,3.07494e+20,6.71637e+07,78,26.2207,26,0.111383
798,2.36118e+21,2.9957e+18,4.23342e+06,71,24.8643,22,0.104627
799,1.93428e+25,1.89327e+22,6.71741e+07,84,26.8232,26,0.11285
800,4.72237e+21,1.05086e+19,2.68505e+08,72,27.54,28,0.115264
801,1.18059e+21,1.67544e+18,6.71711e+07,70,25.8828,26,0.107568
802,1.18059e+21,4.44073e+18,8.44049e+06,70,23.4922,23,0.0974354
803,1.20893e+24,1.18786e+21,6.71715e+07,80,25.7285,26,0.107215
804,1.20893e+24,1.77632e+21,8.44032e+06,80,24.3115,23,0.105371
805,1.18059e+21,3.62891e+18,560928,70,21.6133,19,0.0916986
806,1.88895e+22,2.414e+19,2.14129e+06,74,23.3555,21,0.0993932
807,7.55579e+22,7.45159e+19,3.36095e+07,76,24.7998,25,0.103027
808,7.55579e+22,7.6254e+19,1.34279e+08,76,26.5635,27,0.109658
809,1.93428e+25,1.89347e+22,2.68506e+08,84,27.5068,28,0.11412
810,6.04463e+23,8.91117e+20,6.71731e+07,79,25.9033,26,0.10751
811,1.88895e+22,3.05826e+19,1.68294e+07,74,25.0137,24,0.104012
812,1.88895e+22,3.25883e+19,3.3617e+07,74,25.3008,25,0.104009
813,1.88895e+22,1.99606e+19,6.71648e+07,74,26.291,26,0.108045
814,4.72237e+21,1.03018e+19,3.36128e+07,72,25.1133,25,0.104069
815,1.18059e+21,1.54746e+18,3.36142e+07,70,24.9795,25,0.105071
816,7.55579e+22,8.74668e+19,4.2405e+06,76,23.5996,22,0.0966932
817,4.72237e+21,6.61166e+18,6.71671e+07,72,26.5273,26,0.110542
818,3.77789e+22,4.76928e+19,6.71706e+07,75,26.3926,26,0.109994
819,1.20893e+24,1.18248e+21,2.68514e+08,80,27.6885,28,0.116588
820,1.47574e+20,2.34567e+17,3.36149e+07,67,25.9082,25,0.106775
821,5.90296e+20,1.71531e+18,6.71712e+07,69,26.541,26,0.110504
822,5.90296e+20,1.31754e+18,1.68361e+07,69,25.1895,24,0.105657
823,6.04463e+23,5.90472e+20,6.71803e+07,79,27.0293,26,0.11312
824,3.77789e+22,3.8031e+19,6.71748e+07,75,26.9717,26,0.114363
825,3.02231e+23,2.98049e+20,6.71765e+07,78,26.6172,26,0.110275
826,2.41785e+24,2.95229e+21,2.68509e+08,81,27.6055,28,0.114145
827,4.72237e+21,6.26708e+18,8.44242e+06,72,24.2178,23,0.0994558
828,1.18059e+21,1.87423e+18,1.68352e+07,70,25.3301,24,0.105629
829,1.20893e+24,1.1815e+21,3.36176e+07,80,25.3535,25,0.104441
830,3.02231e+23,3.06074e+20,8.44342e+06,78,24.1084,23,0.0994565
831,1.54743e+26,1.51199e+23,1.34287e+08,87,26.7344,27,0.111056
832,6.04463e+23,5.91867e+20,2.68508e+08,79,27.1865,28,0.11255
833,9.44473e+21,1.99147e+19,5.36943e+08,73,28.0205,29,0.117442
834,7.92282e+28,7.73713e+25,6.71763e+07,96,25.959,26,0.106622
835,1.20893e+24,1.27323e+21,2.68513e+08,80,27.2637,28,0.114269
836,9.44473e+21,2.08263e+19,1.34277e+08,73,26.4248,27,0.109542
837,1.18059e+21,2.22239e+18,1.68345e+07,70,24.3564,24,0.100665
838,7.55579e+22,7.5389e+19,3.36196e+07,76,25.3857,25,0.105251
839,1.20893e+24,1.18075e+21,3.36151e+07,80,25.5098,25,0.105881
840,2.95148e+20,8.24325e+17,1.68309e+07,68,24.2568,24,0.102014
841,1.47574e+20,2.48562e+17,6.71686e+07,67,25.3525,26,0.106077
842,2.36118e+21,2.95205e+18,1.68302e+07,71,24.1465,24,0.100682
843,1.18059e+21,2.50895e+18,1.6834e+07,70,24.4492,24,0.102489
844,9.44473e+21,1.22948e+19,4.24196e+06,73,23.4209,22,0.0975423
845,1.20893e+24,1.19264e+21,1.34282e+08,80,26.1709,27,0.109172
846,7.92282e+28,7.73713e+25,6.71825e+07,96,26.3799,26,0.108533
847,1.54743e+26,1.5112e+23,4.24344e+06,87,23.7471,22,0.0996296
848,5.90296e+20,1.32027e+18,2.13648e+06,69,22.9053,21,0.0954185
849,9.22337e+18,3.95694e+16,1.08495e+06,63,22.1904,20,0.091379
850,2.36118e+21,2.51981e+18,290332,71,21.1816,18,0.0876
851,1.18059e+21,1.97921e+18,8.42497e+06,70,23.1836,23,0.0946731
852,9.67141e+24,9.44668e+21,2.13627e+06,83,22.3916,21,0.0911889
853,2.41785e+24,2.36489e+21,4.24153e+06,81,23.085,22,0.0941746
854,4.8357e+24,4.72263e+21,161704,82,21.5137,17,0.0899994
855,2.36118e+21,2.91434e+18,8.44259e+06,71,24.2979,23,0.0994588
856,1.47574e+20,2.94327e+17,8.43518e+06,67,23.542,23,0.0968376
857,9.22337e+18,3.71249e+16,8.43482e+06,63,23.8027,23,0.097507
858,2.41785e+24,2.36119e+21,1.08625e+06,81,21.9561,20,0.0906406
859,1.18059e+21,1.78648e+18,291133,70,21.1104,18,0.0881519
860,9.44473e+21,1.09982e+19,159251,73,21.2686,17,0.0877717
861,1.47574e+20,1.98424e+17,292663,67,21.2197,18,0.0886717
862,2.36118e+21,4.09885e+18,556044,71,21.7666,19,0.0878149
863,3.77789e+22,3.6947e+19,91889.1,75,20.1406,16,0.083564
864,9.44473e+21,9.36122e+18,158734,73,20.4941,17,0.0867461
865,5.90296e+20,7.62625e+17,32616.6,69,18.5732,14,0.0779949
866,1.88895e+22,1.84784e+19,35865.5,74,18.9785,14,0.0800223
867,3.68935e+19,1.51097e+17,8826.53,65,15.9932,9,0.0685845
868,1.18059e+21,1.31764e+18,7226.23,70,14.8584,8,0.0643142
869,4.8357e+24,4.7688e+21,7536.73,82,15.6943,9,0.0680267
870,4.72237e+21,5.97622e+18,1.08677e+06,72,21.8408,20,0.0885754
871,2.36118e+21,4.39263e+18,3.36088e+07,71,24.6846,25,0.0980457
872,1.18059e+21,1.34008e+18,8.44688e+06,70,23.9805,23,0.0948021
873,1.47574e+20,1.83845e+17,3.3618e+07,67,24.708,25,0.0969306
874,1.47574e+20,1.87002e+17,1.34284e+08,67,25.8252,27,0.100761
875,9.22337e+18,2.46072e+16,1.34287e+08,63,25.4941,27,0.0992484
876,4.72237e+21,5.79888e+18,3.36216e+07,72,24.7656,25,0.0959512
877,5.90296e+20,6.91242e+17,8.44436e+06,69,23.25,23,0.0899127
878,1.18059e+21,1.48941e+18,8.44425e+06,70,22.8623,23,0.0905188
879,3.68935e+19,9.30793e+16,1.3429e+08,65,25.3682,27,0.0994984
880,2.30584e+18,9.93641e+15,1.34291e+08,61,24.291,27,0.0940503
881,2.36118e+21,2.39263e+18,6.71623e+07,71,25.0156,26,0.0965598
882,7.73713e+25,7.55581e+22,3.36049e+07,86,24.7861,25,0.0964206
883,4.61169e+18,1.47179e+16,297648,62,21.5068,18,0.0839619
884,2.95148e+20,3.05576e+17,2.14362e+06,68,22.6787,21,0.088347
885,7.55579e+22,8.07375e+19,1.68378e+07,76,24.4707,24,0.0948008
886,1.18059e+21,1.21278e+18,1.68363e+07,70,23.7637,24,0.0917788
887,1.18059e+21,2.31245e+18,1.6838e+07,70,24.1797,24,0.0942788
888,7.3787e+19,9.10139e+16,3.36041e+07,66,24.0039,25,0.0934841
889,2.95148e+20,4.52429e+17,2.68501e+08,68,25.4619,28,0.0991279
890,1.47574e+20,1.91099e+17,8.44287e+06,67,23.5723,23,0.0919346
891,9.44473e+21,9.3434e+18,6.71754e+07,73,25.3037,26,0.099266
892,2.36118e+21,2.97433e+18,8.43722e+06,71,24.1475,23,0.0972524
893,2.36118e+21,2.47567e+18,2.14014e+06,71,22.7998,21,0.0927709
894,5.90296e+20,1.09993e+18,2.144e+06,69,22.6104,21,0.0909198
895,9.22337e+18,1.39677e+16,1.08937e+06,63,21.6855,20,0.0884475
896,1.88895e+22,1.85295e+19,295208,74,21.2207,18,0.086405
897,3.77789e+22,3.69895e+19,1.08705e+06,75,21.8164,20,0.087118
898,7.3787e+19,1.3437e+17,295286,66,20.2461,18,0.0814948
899,1.47574e+20,1.92909e+17,1.08397e+06,67,21.0156,20,0.0853051
900,7.3787e+19,1.13545e+17,292335,66,19.625,18,0.0797492
901,3.77789e+22,3.75048e+19,292171,75,19.5889,18,0.0800615
902,3.77789e+22,3.69331e+19,295861,75,20.7637,18,0.0844034
903,5.90296e+20,1.87032e+18,553674,69,21.3447,19,0.0880845
904,1.47574e+20,2.08535e+17,292540,67,20.252,18,0.0830524
905,7.55579e+22,7.4119e+19,291882,76,20.4033,18,0.0833275
906,5.90296e+20,9.34871e+17,4.24292e+06,69,23.9912,22,0.0949748
907,1.18059e+21,1.25685e+18,2.13743e+06,70,22.7021,21,0.090707
908,7.3787e+19,1.13978e+17,296316,66,21.0654,18,0.0846626
909,2.36118e+21,2.55593e+18,1.08831e+06,71,22.1172,20,0.0878226
910,3.77789e+22,3.73849e+19,1.68332e+07,75,24.5176,24,0.0960122
911,7.3787e+19,1.01683e+17,92869.9,66,19.668,16,0.0779357
912,1.47574e+20,3.38988e+17,82894,67,19.3945,16,0.0765223
913,1.84467e+19,3.39878e+16,37853.8,64,18.2637,14,0.0724541
914,1.84467e+19,2.94229e+16,290628,64,20.5654,18,0.0818538
915,1.47574e+20,2.3058e+17,4.23773e+06,67,22.9287,22,0.0901372
916,1.47574e+20,1.90684e+17,1.08465e+06,67,21.5605,20,0.0847206
917,9.22337e+18,2.12633e+16,2.13815e+06,63,22.21,21,0.0881562
918,1.18059e+21,1.21787e+18,4.23716e+06,70,22.6309,22,0.0900906
919,1.84467e+19,3.46604e+16,36000.1,64,18.6025,14,0.0735604
920,6.1897e+26,6.04472e+23,4.23984e+06,89,22.7744,22,0.0896915
921,7.3787e+19,7.98648e+16,560206,66,20.9561,19,0.083533
922,9.44473e+21,9.31783e+18,18672.1,73,18.1602,12,0.073608
923,2.36118e+21,2.8448e+18,35402.5,71,18.7773,14,0.0754695
924,2.95148e+20,4.94287e+17,293833,68,20.2891,18,0.0810314
925,2.36118e+21,2.46164e+18,9297.69,71,16.2979,9,0.0661668
926,3.68935e+19,8.06896e+16,18439.5,65,18.249,12,0.0751402
927,2.36118e+21,2.53568e+18,18651.1,71,17.6396,12,0.0716731
928,1.18059e+21,1.44516e+18,18922.2,70,16.6826,12,0.0686595
929,7.3787e+19,1.83737e+17,90308.8,66,18.6377,16,0.0760446
930,2.36118e+21,2.61267e+18,35457.4,71,17.7617,14,0.0722588
931,4.72237e+21,4.67203e+18,8.43335e+06,72,22.8242,23,0.0911328
932,1.88895e+22,2.38906e+19,1.3428e+08,74,25.4512,27,0.0998842
933,7.3787e+19,1.27739e+17,6.71758e+07,66,25.5732,26,0.0996166
934,3.68935e+19,8.88926e+16,6.7177e+07,65,25.2988,26,0.0985622
935,9.22337e+18,1.99781e+16,1.68343e+07,63,24.3535,24,0.0946837
936,7.3787e+19,1.91773e+17,1.68398e+07,66,24.9482,24,0.0978493
937,7.3787e+19,1.53796e+17,1.68336e+07,66,23.7637,24,0.0934672
938,5.90296e+20,6.25855e+17,3.36103e+07,69,24.9268,25,0.0988978
939,3.77789e+22,3.75818e+19,3.36211e+07,75,25.3457,25,0.0993426
940,1.88895e+22,2.6094e+19,1.68357e+07,74,25.3096,24,0.101693
941,3.77789e+22,3.82691e+19,8.43728e+06,75,24.0566,23,0.0984196
942,3.02231e+23,2.97406e+20,2.13685e+06,78,21.8975,21,0.090976
943,2.95148e+20,3.44349e+17,4.24495e+06,68,23.0488,22,0.0906806
944,7.3787e+19,1.0851e+17,8.43403e+06,66,23.4424,23,0.0950338
945,1.93428e+25,1.89646e+22,4.23699e+06,84,22.8789,22,0.0946149
946,1.20893e+24,1.33011e+21,2.13928e+06,80,23.125,21,0.0965514
947,3.02231e+23,2.96459e+20,2.13305e+06,78,23.1602,21,0.0991144
948,1.18059e+21,3.16628e+18,4.24397e+06,70,23.7422,22,0.100774
949,2.36118e+21,5.12463e+18,290543,71,21.5977,18,0.0930261
950,1.51116e+23,1.59747e+20,290628,77,20.7998,18,0.0899004
951,1.88895e+22,1.88027e+19,54633.6,74,18.5781,15,0.0807662
952,9.67141e+24,9.45058e+21,159324,83,20.2295,17,0.0872651
953,9.44473e+21,1.09488e+19,160869,73,20.5391,17,0.0886818
954,5.90296e+20,1.83903e+18,288916,69,20.8779,18,0.0896035
955,1.20893e+24,1.22012e+21,558381,80,21.3418,19,0.0918972
956,5.90296e+20,1.66298e+18,157607,69,20.3174,17,0.0876627
957,1.18059e+21,3.74518e+18,158771,70,20.0713,17,0.0868412
958,5.90296e+20,7.60072e+17,293392,69,20.8564,18,0.089322
959,1.18059e+21,2.4123e+18,563071,70,21.9697,19,0.0928019
960,7.55579e+22,8.20463e+19,1.07885e+06,76,22.0645,20,0.0953913
961,3.77789e+22,4.68188e+19,2.14069e+06,75,23.2637,21,0.0998434
962,1.18059e+21,2.53156e+18,1.08995e+06,70,22.4775,20,0.0971489
963,1.88895e+22,2.56457e+19,157645,74,20.3955,17,0.0903454
964,7.3787e+19,1.09818e+17,33880.3,66,19.291,14,0.0841609
965,1.47574e+20,4.28836e+17,55534.1,67,19.9893,15,0.0875851
966,2.36118e+21,3.70916e+18,159067,71,20.5488,17,0.0882268
967,2.36118e+21,3.82556e+18,35946.4,71,18.9004,14,0.0838786
968,2.36118e+21,2.32512e+18,90409.6,71,19.7461,16,0.085947
969,1.47574e+20,5.68981e+17,2.13795e+06,67,22.8154,21,0.0975798
970,1.88895e+22,4.90714e+19,2.1359e+06,74,22.8662,21,0.0974222
971,1.88895e+22,2.51168e+19,1.08127e+06,74,21.6904,20,0.0949013
972,9.44473e+21,1.21883e+19,161670,73,19.667,17,0.0848152
973,3.68935e+19,1.3131e+17,1.0862e+06,65,21.6406,20,0.0935544
974,2.36118e+21,3.53703e+18,1.08318e+06,71,21.2373,20,0.0916901
975,9.44473e+21,9.35532e+18,1.08601e+06,73,21.7207,20,0.0940984
976,5.90296e+20,2.16249e+18,2.13195e+06,69,22.29,21,0.0973284
977,4.72237e+21,7.90967e+18,2.13484e+06,72,22.335,21,0.0963964
978,2.95148e+20,4.01022e+17,2.1343e+06,68,22.5762,21,0.0983953
979,1.88895e+22,2.38886e+19,557804,74,20.6279,19,0.0895779
980,2.36118e+21,3.05464e+18,563908,71,21.6104,19,0.0938913
981,1.18059e+21,2.64139e+18,1.09124e+06,70,22.7598,20,0.0980515
982,1.51116e+23,1.47632e+20,1.09e+06,77,21.3223,20,0.0926765
983,1.88895e+22,2.06637e+19,4.24196e+06,74,23.9336,22,0.103295
984,1.51116e+23,1.58114e+20,291049,77,20.9941,18,0.0915897
985,6.04463e+23,7.37969e+20,2.14153e+06,79,22.4463,21,0.096425
986,3.86856e+25,3.77993e+22,1.08333e+06,85,21.6221,20,0.0925507
987,5.90296e+20,9.02178e+17,1.08977e+06,69,22.5742,20,0.0985467
988,4.72237e+21,5.32876e+18,560547,72,21.7832,19,0.0945071
989,3.02231e+23,3.42111e+20,1.08061e+06,78,21.7422,20,0.0939414
990,7.3787e+19,9.84144e+16,292253,66,20.5635,18,0.0887543
991,7.55579e+22,7.46656e+19,86402.2,76,18.8311,16,0.0815836
992,7.3787e+19,1.35894e+17,294151,66,20.0801,18,0.0872802
993,9.22337e+18,2.27504e+16,555447,63,19.5801,19,0.0854804
994,9.44473e+21,9.55455e+18,558337,73,20.2988,19,0.0870995
995,2.95148e+20,6.07238e+17,2.14019e+06,68,22.9463,21,0.0979343
996,7.55579e+22,7.47229e+19,554565,76,21.1348,19,0.0910388
997,1.18059e+21,1.2834e+18,558645,70,21.8232,19,0.0940296
998,7.3787e+19,1.61241e+17,292866,66,20.8057,18,0.0888852
999,2.36118e+21,3.68672e+18,558733,71,21.3398,19,0.0919937
1000,9.44473e+21,9.68479e+18,561180,73,21.4785,19,0.092362
1001,1.47574e+20,2.15226e+17,157683,67,19.8418,17,0.087825
1002,3.68935e+19,9.09081e+16,293633,65,20.4746,18,0.0898912
1003,1.47574e+20,2.62295e+17,289176,67,20.3555,18,0.0895254
1004,5.90296e+20,5.98354e+17,560674,69,21.457,19,0.0933354
1005,2.95148e+20,5.82709e+17,2.13696e+06,68,22.1426,21,0.0966872
1006,1.18059e+21,1.7636e+18,2.1428e+06,70,22.6396,21,0.0984468
1007,1.88895e+22,2.04356e+19,2.14222e+06,74,22.4053,21,0.0982304
1008,3.77789e+22,3.89476e+19,2.14438e+06,75,22.2656,21,0.0983879
1009,9.44473e+21,9.46256e+18,562667,73,21.5693,19,0.0951206
1010,1.88895e+22,2.3129e+19,1.07973e+06,74,20.4805,20,0.089417
1011,1.47574e+20,2.70036e+17,4.23923e+06,67,23.0459,22,0.101126
1012,7.3787e+19,1.58583e+17,560547,66,20.5322,19,0.0905705
1013,5.90296e+20,6.70849e+17,4.24297e+06,69,23.3271,22,0.103142
1014,4.61169e+18,1.74045e+16,4.24099e+06,62,23.0215,22,0.100838
1015,4.8357e+24,4.74217e+21,4.23435e+06,82,22.3115,22,0.0969573
1016,2.95148e+20,6.61042e+17,1.34283e+08,68,26.5518,27,0.113544
1017,1.47574e+20,3.11954e+17,2.13397e+06,67,21.9277,21,0.0945217
1018,1.18059e+21,1.5571e+18,1.68273e+07,70,24.5859,24,0.105664
1019,5.90296e+20,8.07019e+17,8.43286e+06,69,23.6367,23,0.10179
1020,9.44473e+21,1.17425e+19,1.68351e+07,73,24.6318,24,0.105141
1021,5.90296e+20,1.18149e+18,3.36195e+07,69,25.9404,25,0.111578
1022,2.95148e+20,4.38657e+17,1.68317e+07,68,24.6943,24,0.107214
1023,1.84467e+19,4.04798e+16,6.71666e+07,64,25.7549,26,0.1097
1024,7.3787e+19,8.4275e+16,1.68263e+07,66,24.3057,24,0.104868
1025,9.44473e+21,9.83765e+18,6.71736e+07,73,25.9639,26,0.110724
1026,7.3787e+19,1.71551e+17,6.71701e+07,66,25.7373,26,0.111294
1027,3.68935e+19,8.74595e+16,1.68276e+07,65,24.5449,24,0.106663
1028,2.36118e+21,5.9801e+18,4.23885e+06,71,23.417,22,0.102876
1029,2.41785e+24,2.43544e+21,563947,81,21.1641,19,0.0938881
1030,9.67141e+24,9.44754e+21,4.23801e+06,83,23.4746,22,0.102634
1031,7.55579e+22,7.44445e+19,558689,76,21.4609,19,0.0953803
1032,2.36118e+21,3.73983e+18,87382.3,71,18.5947,16,0.0831559
1033,9.44473e+21,9.38373e+18,295092,73,20.625,18,0.0905288
1034,2.95148e+20,5.474e+17,2.13505e+06,68,22.5635,21,0.0992684
1035,2.41785e+24,2.52812e+21,1.09004e+06,81,22.4463,20,0.0987973
1036,2.36118e+21,3.07716e+18,4.23389e+06,71,23.7744,22,0.104402
1037,6.04463e+23,6.10535e+20,4.24397e+06,79,24.2168,22,0.105913
1038,4.95176e+27,4.83594e+24,4.24158e+06,92,24.252,22,0.106309
1039,6.04463e+23,5.90735e+20,8.43378e+06,79,24.6484,23,0.108361
1040,7.55579e+22,1.16143e+20,3.36109e+07,76,25.7842,25,0.111587
1041,1.18059e+21,1.5149e+18,1.68352e+07,70,24.8789,24,0.107897
1042,1.51116e+23,1.4838e+20,1.68346e+07,77,25.3936,24,0.110224
1043,1.51116e+23,1.47882e+20,4.23626e+06,77,23.3027,22,0.101799
1044,3.77789e+22,3.71536e+19,4.22919e+06,75,24.2363,22,0.103917
1045,3.02231e+23,3.38368e+20,1.68306e+07,78,25.5557,24,0.11026
1046,9.44473e+21,9.92253e+18,4.23348e+06,73,24.0234,22,0.103979
1047,1.18059e+21,1.75186e+18,1.08817e+06,70,22.6289,20,0.0992513
1048,1.18059e+21,1.57883e+18,159434,70,19.7539,17,0.0879461
1049,9.44473e+21,9.71768e+18,286761,73,20.8359,18,0.093013
1050,3.02231e+23,2.95459e+20,34931.5,78,18.5879,14,0.0823891
1051,7.3787e+19,2.84543e+17,54235.2,66,19.0635,15,0.0867707
1052,4.8357e+24,4.7234e+21,55504.6,82,19.3555,15,0.0868351
1053,3.02231e+23,2.99954e+20,14789.2,78,17.7432,11,0.0794988
1054,2.36118e+21,2.37384e+18,25332.1,71,18.0293,13,0.0814661
1055,2.36118e+21,2.91989e+18,35264.8,71,18.3984,14,0.0817539
1056,2.95148e+20,3.79971e+17,155594,68,20.1914,17,0.0897735
1057,1.18059e+21,1.36236e+18,13079.7,70,17.541,11,0.0785779
1058,1.18059e+21,2.12921e+18,289991,70,20.5,18,0.0909147
1059,4.8357e+24,4.72259e+21,294388,82,20.0049,18,0.0891879
1060,2.36118e+21,2.63654e+18,35757.3,71,18.5908,14,0.0828119
1061,5.90296e+20,1.07711e+18,289348,69,20.1396,18,0.0902003
1062,9.44473e+21,2.23531e+19,87418.3,73,19.3379,16,0.0857969
1063,4.72237e+21,1.08537e+19,290289,72,20.8096,18,0.0917229
1064,2.36118e+21,2.92273e+18,55177.1,71,19.416,15,0.0852201
1065,1.18059e+21,1.25107e+18,159761,70,19.8838,17,0.0880695
1066,7.55579e+22,7.46676e+19,86402.2,76,19.4414,16,0.0861544
1067,4.72237e+21,5.82277e+18,556499,72,21.0986,19,0.0924778
1068,7.3787e+19,8.28076e+16,24212.2,66,18.042,13,0.0801177
1069,2.41785e+24,2.36189e+21,152400,81,19.7246,17,0.0879394
1070,1.47574e+20,1.87467e+17,34167.9,67,17.7959,14,0.0812082
1071,2.95148e+20,3.37438e+17,84616.2,68,17.5527,16,0.0804316
1072,1.18059e+21,1.52647e+18,22433.2,70,17.5547,13,0.0799365
1073,3.68935e+19,4.02224e+16,18203.6,65,16.4775,12,0.0748106
1074,2.36118e+21,2.9005e+18,12040,71,16.5107,11,0.0757831
1075,4.8357e+24,4.87087e+21,57250.2,82,19.751,15,0.088175
1076,5.90296e+20,6.45689e+17,8983.16,69,16.2959,9,0.0735749
1077,7.3787e+19,1.36396e+17,6915.1,66,15.4365,8,0.0706429
1078,4.72237e+21,4.78073e+18,6026.48,72,14.4736,8,0.066395
1079,1.15292e+18,2.9647e+15,3950.42,60,13.7148,6,0.0635758
1080,1.47574e+20,1.54738e+17,6514.34,67,13.9189,8,0.0641951
1081,2.95148e+20,3.59439e+17,8475.61,68,15.75,9,0.0719575
1082,7.3787e+19,1.44806e+17,10183.9,66,16.623,10,0.075361
1083,1.84467e+19,4.81166e+16,12819.8,64,17.1953,11,0.0792824
1084,1.47574e+20,1.89169e+17,11956.3,67,17.1318,11,0.0773357
1085,2.36118e+21,2.55911e+18,16353.8,71,18.5742,12,0.0828842
1086,1.47574e+20,2.31533e+17,1.089e+06,67,22.1504,20,0.0986113
1087,9.44473e+21,1.18802e+19,2.14261e+06,73,22.9756,21,0.101365
1088,1.18059e+21,1.54627e+18,563112,70,21.8125,19,0.0963824
1089,1.18059e+21,1.36259e+18,2.12472e+06,70,22.3428,21,0.0981214
1090,1.47574e+20,3.06543e+17,292988,67,20.79,18,0.0914854
1091,1.47574e+20,3.51479e+17,557536,67,20.9111,19,0.0928194
1092,9.22337e+18,2.54281e+16,556499,63,20.5547,19,0.0909831
1093,5.90296e+20,6.12056e+17,289520,69,20.1318,18,0.0881418
1094,2.30584e+18,5.32994e+15,288873,61,19.7451,18,0.0861788
1095,7.55579e+22,7.49822e+19,14081.5,76,17.6016,11,0.0784388
1096,7.55579e+22,7.45499e+19,2.13327e+06,76,22.2627,21,0.0995504
1097,1.47574e+20,4.42483e+17,1.68283e+07,67,24.4463,24,0.107585
1098,1.47574e+20,2.34193e+17,8.42967e+06,67,23.6846,23,0.103683
1099,9.44473e+21,9.54135e+18,1.08465e+06,73,21.8516,20,0.0958829
1100,9.44473e+21,1.21193e+19,8.42865e+06,73,24.1885,23,0.106552
1101,9.67141e+24,9.48166e+21,2.12595e+06,83,22.666,21,0.102013
1102,1.18059e+21,1.41167e+18,2.13717e+06,70,22.7168,21,0.101462
1103,3.68935e+19,9.21169e+16,2.13841e+06,65,22.7334,21,0.101902
1104,2.95148e+20,7.29574e+17,2.13446e+06,68,22.5625,21,0.101145
1105,2.95148e+20,4.59722e+17,2.13943e+06,68,23.5781,21,0.105865
1106,2.36118e+21,2.75802e+18,552486,71,21.252,19,0.0951573
1107,7.55579e+22,7.43355e+19,2.13084e+06,76,22.6572,21,0.102156
1108,9.44473e+21,9.84312e+18,4.23441e+06,73,23.8301,22,0.106445
1109,7.3787e+19,1.62799e+17,553154,66,21.1377,19,0.0946955
1110,7.55579e+22,7.5539e+19,154760,76,20.3535,17,0.0908539
1111,2.95148e+20,6.03523e+17,8.43193e+06,68,23.917,23,0.105785
1112,1.88895e+22,2.17874e+19,8.43663e+06,74,25.0342,23,0.109657
1113,2.36118e+21,2.56199e+18,1.08417e+06,71,22.8037,20,0.102175
1114,4.72237e+21,5.31984e+18,560419,72,22.8623,19,0.101731
1115,1.88895e+22,2.32932e+19,4.23051e+06,74,23.7324,22,0.105799
1116,1.47574e+20,4.23009e+17,4.23857e+06,67,23.6035,22,0.103941
1117,4.72237e+21,6.14892e+18,158324,72,20.9932,17,0.0938326
1118,3.77789e+22,3.87898e+19,2.13979e+06,75,23.1729,21,0.103565
1119,7.55579e+22,8.55351e+19,292130,76,21.0244,18,0.094701
1120,2.95148e+20,3.3227e+17,552007,68,21.2285,19,0.0960161
1121,1.51116e+23,1.47639e+20,285458,77,20.0312,18,0.0913517
1122,2.95148e+20,9.23501e+17,548027,68,22.1758,19,0.099324
1123,2.36118e+21,2.32845e+18,292047,71,20.6816,18,0.0926589
1124,1.47574e+20,3.25716e+17,1.08417e+06,67,21.9189,20,0.0983692
1125,4.72237e+21,7.05255e+18,292622,72,21.1455,18,0.0947873
1126,3.02231e+23,2.95275e+20,286449,78,20.6387,18,0.0919348
1127,9.44473e+21,1.3868e+19,2.13908e+06,73,22.4854,21,0.0996996
1128,2.95148e+20,5.89164e+17,23580.7,68,18.5742,13,0.0830009
1129,1.23794e+27,1.21837e+24,291384,90,20.9326,18,0.0939786
1130,9.22337e+18,4.29562e+16,558381,63,20.9297,19,0.0924066
1131,5.90296e+20,8.96117e+17,158137,69,19.876,17,0.0897829
1132,4.72237e+21,6.27129e+18,549668,72,20.3545,19,0.0902936
1133,3.77789e+22,3.86115e+19,556499,75,21.0684,19,0.0940797
1134,4.72237e+21,4.6927e+18,552007,72,20.6445,19,0.0931376
1135,4.72237e+21,4.67287e+18,290670,72,19.5205,18,0.0876426
1136,1.47574e+20,2.43171e+17,159287,67,19.8213,17,0.0887811
1137,5.90296e+20,7.7983e+17,89216.9,69,18.7139,16,0.0853543
1138,9.44473e+21,9.27982e+18,86694.5,73,18.124,16,0.0831584
1139,1.84467e+19,3.06528e+16,14155.9,64,17.0137,11,0.0794317
1140,1.18059e+21,1.66531e+18,17298.1,70,17.8047,12,0.0821049
1141,7.3787e+19,1.78771e+17,14449.5,66,17.8994,11,0.0825007
1142,1.47574e+20,2.79453e+17,9008.92,67,16.5234,9,0.0773398
1143,2.95148e+20,6.13999e+17,9021.76,68,16.4834,9,0.0762662
1144,4.72237e+21,5.52347e+18,25520.9,72,18.1504,13,0.0819681
1145,7.3787e+19,1.83854e+17,82855.2,66,19.1895,16,0.0857651
1146,4.61169e+18,1.66636e+16,84009,62,18.5947,16,0.0849316
1147,2.36118e+21,2.43366e+18,89251.4,71,19.0195,16,0.08575
1148,9.22337e+18,2.68383e+16,52240,63,19.0703,15,0.0847414
1149,9.22337e+18,2.61593e+16,13000.1,63,16.9307,11,0.0764596
1150,1.47574e+20,2.66014e+17,23349.6,67,17.5615,13,0.0775463
1151,3.68935e+19,7.35901e+16,14683,65,17.4131,11,0.077794
1152,1.84467e+19,3.62282e+16,19588.6,64,17.9443,12,0.0814502
1153,1.47574e+20,1.96961e+17,16911.1,67,17.3779,12,0.0804033
1154,1.84467e+19,2.61559e+16,90004.7,64,18.8555,16,0.0852234
1155,2.95148e+20,5.43298e+17,13988,68,17.2871,11,0.0775824
1156,2.36118e+21,4.80029e+18,11467.5,71,17.3193,10,0.0785807
1157,2.36118e+21,2.42017e+18,13453,71,17.043,11,0.0771543
1158,3.68935e+19,6.49436e+16,34196.5,65,17.1143,14,0.0791286
1159,5.90296e+20,7.2979e+17,87633.4,69,18.624,16,0.0846682
1160,1.47574e+20,1.66307e+17,34537.9,67,19.0371,14,0.0866188
1161,1.88895e+22,2.91729e+19,90743.8,74,19.4258,16,0.0875409
1162,1.18059e+21,1.28154e+18,156260,70,19.0127,17,0.0855537
1163,3.68935e+19,7.24406e+16,37229,65,18.0146,14,0.081424
1164,4.72237e+21,1.06001e+19,17320.7,72,18.126,12,0.0817909
1165,1.18059e+21,1.23901e+18,53581.8,70,18.1689,15,0.0819035
1166,4.72237e+21,4.96873e+18,87918.9,72,18.0557,16,0.0798399
1167,2.95148e+20,6.25655e+17,22803.1,68,17.2637,13,0.0787227
1168,7.3787e+19,1.70276e+17,26960.7,66,17.2158,13,0.0785882
1169,2.95148e+20,3.80796e+17,10115.2,68,14.5244,10,0.0657957
1170,1.15292e+18,4.02665e+15,10770.2,60,15.9219,10,0.0715658
1171,7.3787e+19,7.69852e+16,8152.93,66,15.1367,9,0.0683985
1172,2.95148e+20,3.38503e+17,155119,68,19.1875,17,0.0844386
1173,3.77789e+22,3.69329e+19,21571.7,75,17.3545,13,0.0789513
1174,7.55579e+22,7.51692e+19,58271.4,76,18.7139,15,0.0847044
1175,5.90296e+20,1.18951e+18,288873,69,19.9121,18,0.0882182
1176,2.36118e+21,2.31074e+18,53863.3,71,19.1143,15,0.085863
1177,3.02231e+23,2.9537e+20,88414.3,78,19.5771,16,0.0875819
1178,1.18059e+21,1.32801e+18,55415.6,70,18.9902,15,0.0849726
1179,1.88895e+22,2.67809e+19,34791.5,74,18.5752,14,0.0845866
1180,2.36118e+21,2.36928e+18,34282.2,71,18.9316,14,0.0852861
1181,3.68935e+19,1.10903e+17,158249,65,20.2646,17,0.0908261
1182,5.90296e+20,1.17689e+18,286090,69,20.7793,18,0.0926979
1183,9.44473e+21,9.72746e+18,88625.1,73,20.1289,16,0.09143
1184,1.18059e+21,2.58399e+18,287428,70,21.3799,18,0.0953492
1185,6.04463e+23,6.70096e+20,48909,79,19.5723,15,0.0880271
1186,2.95148e+20,5.50631e+17,35784.4,68,18.9912,14,0.0853967
1187,2.41785e+24,2.3636e+21,88449.5,81,19.7559,16,0.0892243
1188,2.36118e+21,2.53813e+18,21707.7,71,18.9502,13,0.0853352
1189,5.90296e+20,1.13533e+18,25614.6,69,18.2988,13,0.084022
1190,1.84467e+19,4.03417e+16,36027,64,18.7402,14,0.0854892
1191,9.22337e+18,1.599e+16,18439.5,63,17.6348,12,0.0811758
1192,4.61169e+18,5.45872e+15,18095.4,62,18.4004,12,0.0832015
1193,4.72237e+21,4.7571e+18,13446.8,72,17.3984,12,0.0791282
1194,1.18059e+21,1.81468e+18,89868.8,70,19.2559,16,0.0865234
1195,1.15292e+18,3.11266e+15,25754.3,60,18.0029,13,0.080392
1196,4.61169e+18,1.09932e+16,17139.5,62,17.6279,12,0.0786971
1197,2.36118e+21,2.8937e+18,23986.6,71,17.5391,13,0.0790239
1198,5.90296e+20,7.37717e+17,292744,69,20.1934,18,0.0896535
1199,9.22337e+18,2.61466e+16,291716,63,20.2285,18,0.0883096
1200,2.95148e+20,2.99778e+17,290965,68,19.4717,18,0.0860893
1201,7.3787e+19,1.08697e+17,293190,66,19.6895,18,0.0885809
1202,4.72237e+21,6.92095e+18,156221,72,18.4795,17,0.0833493
1203,1.18059e+21,1.16154e+18,155673,70,19.3691,17,0.0864544
1204,1.47574e+20,2.30383e+17,87705,67,19.7109,16,0.0884082
1205,2.95148e+20,4.45686e+17,14771.6,68,18.3018,11,0.0828431
1206,1.84467e+19,2.52459e+16,14539.8,64,17.5361,11,0.0792108
1207,2.95148e+20,7.02188e+17,12739.1,68,16.8633,11,0.0762483
1208,1.84467e+19,2.97266e+16,25260.8,64,18.3672,13,0.0826871
1209,9.44473e+21,1.85517e+19,22697.9,73,18.3203,13,0.0829352
1210,2.95148e+20,8.72236e+17,23860.5,68,18.3604,13,0.0830147
1211,2.95148e+20,2.92684e+17,14303.5,68,17.084,11,0.0779649
1212,2.95148e+20,3.79696e+17,84842.4,68,19.7871,16,0.0895387
1213,1.84467e+19,6.42009e+16,23116.6,64,19.29,13,0.0866068
1214,1.18059e+21,1.33176e+18,24411,70,18.749,13,0.0845224
1215,2.95148e+20,3.88976e+17,10555.5,68,16.6738,10,0.0769783
1216,1.88895e+22,1.8904e+19,12678.3,74,17.8252,11,0.0816405
1217,1.47574e+20,3.88762e+17,19045.7,67,18.6338,12,0.0848513
1218,2.36118e+21,2.67062e+18,13931.6,71,18.6162,11,0.084079
1219,1.18059e+21,1.66881e+18,18587.9,70,18.8477,12,0.0846851
1220,5.90296e+20,5.85381e+17,18545.6,69,18.7119,12,0.0847452
1221,2.36118e+21,2.72375e+18,23606.2,71,19.0723,13,0.0860524
1222,1.47574e+20,1.78839e+17,157721,67,20.1768,17,0.0907247
1223,5.90296e+20,8.06185e+17,89182.3,69,19.0625,16,0.0864783
1224,9.22337e+18,1.71951e+16,15203.3,63,17.1533,12,0.0787541
1225,3.68935e+19,7.55121e+16,21707.7,65,18.2725,13,0.0830625
1226,1.47574e+20,2.02102e+17,156610,67,19.959,17,0.0899785
1227,1.18059e+21,1.40964e+18,92807.7,70,19.9941,16,0.0908224
1228,4.8357e+24,4.72238e+21,160551,82,20.0342,17,0.0902699
1229,4.72237e+21,6.36036e+18,151358,72,20.4209,17,0.0911804
1230,3.86856e+25,3.77793e+22,16772.9,85,18.8623,12,0.0849123
1231,7.55579e+22,7.38733e+19,13684.5,76,17.8555,11,0.0788292
1232,9.44473e+21,1.01153e+19,90207.7,73,20.249,16,0.0900732
1233,1.20893e+24,1.18204e+21,51946.7,80,20.5869,15,0.0908896
1234,2.36118e+21,2.50215e+18,53738.5,71,19.9365,15,0.0874281
1235,6.1897e+26,6.04463e+23,21924.3,89,19.7227,13,0.0861803
1236,4.72237e+21,5.93982e+18,159104,72,21.1045,17,0.092708
1237,7.3787e+19,1.9802e+17,23298,66,19.9443,13,0.0872761
1238,1.18059e+21,1.42278e+18,15519.5,70,19.1475,12,0.0850174
1239,2.36118e+21,2.34146e+18,53329.8,71,19.4707,15,0.0862793
1240,9.44473e+21,1.2187e+19,88625.1,73,19.8145,16,0.0870836
1241,1.20893e+24,1.18482e+21,1.08382e+06,80,22.3047,20,0.0970037
1242,5.90296e+20,6.95065e+17,1.08946e+06,69,22.0098,20,0.0964374
1243,3.02231e+23,2.9537e+20,289563,78,21.0244,18,0.0931804
1244,1.47574e+20,1.78444e+17,161324,67,19.6416,17,0.0866143
1245,2.95148e+20,3.39059e+17,87633.4,68,18.9443,16,0.0831558
1246,3.68935e+19,8.05725e+16,558645,65,21.3936,19,0.094468
1247,2.36118e+21,2.34816e+18,290797,71,20.1738,18,0.0897905
1248,5.90296e+20,6.42111e+17,52304.9,69,19.2637,15,0.0846725
1249,1.84467e+19,4.40828e+16,19147.9,64,19.1152,12,0.0827959
1250,1.18059e+21,1.31708e+18,281522,70,20.4326,18,0.0868909
1251,1.18059e+21,1.20097e+18,556590,70,21.1943,19,0.0911341
1252,2.36118e+21,4.6653e+18,553154,71,21.1816,19,0.0947659
1253,2.47588e+27,2.41786e+24,1.08959e+06,91,22.0518,20,0.0982595
1254,2.95148e+20,8.00253e+17,159251,68,20.5371,17,0.0915308
1255,3.77789e+22,3.7262e+19,154560,75,20.165,17,0.0908785
1256,7.55579e+22,7.50408e+19,34875.6,76,18.2324,14,0.0837181
1257,1.47574e+20,2.81065e+17,22273.3,67,17.8457,13,0.0806699
1258,1.84467e+19,3.75715e+16,14981.3,64,17.7305,11,0.0799766
1259,1.47574e+20,2.29017e+17,88765,67,19.3633,16,0.0869401
1260,7.3787e+19,1.3449e+17,157149,66,20.4463,17,0.0905387
1261,1.18059e+21,1.5878e+18,554891,70,22.0078,19,0.0968671
1262,2.41785e+24,2.43635e+21,555123,81,22.2402,19,0.0969774
1263,2.36118e+21,3.27826e+18,2.13349e+06,71,23.4473,21,0.101095
1264,4.72237e+21,6.20319e+18,1.08724e+06,72,22.9199,20,0.100518
1265,4.72237e+21,4.94401e+18,288656,72,21.4092,18,0.0942995
1266,2.95148e+20,6.74435e+17,290204,68,21.0225,18,0.0928705
1267,1.18059e+21,1.65064e+18,1.08558e+06,70,21.417,20,0.0953638
1268,7.3787e+19,2.19978e+17,561264,66,21.2773,19,0.0941413
1269,2.36118e+21,3.6111e+18,1.08591e+06,71,22.1201,20,0.0958147
1270,5.90296e+20,7.65342e+17,293029,69,20.7686,18,0.0895286
1271,3.77789e+22,3.70879e+19,55945.1,75,19.0088,15,0.0840265
1272,3.77789e+22,3.71053e+19,1.08827e+06,75,22.3115,20,0.0974682
1273,2.95148e+20,5.62902e+17,160301,68,20.9443,17,0.090249
1274,7.3787e+19,3.81277e+17,55593.2,66,20.3457,15,0.0897145
1275,3.68935e+19,6.66588e+16,157264,65,20.5938,17,0.0896643
1276,4.72237e+21,1.11875e+19,85664.6,72,20.001,16,0.0869801
1277,2.95148e+20,4.09275e+17,26547.1,68,19.6143,13,0.0855059
1278,3.77789e+22,3.86825e+19,157948,75,20.877,17,0.0917755
1279,9.44473e+21,1.02253e+19,14062.9,73,19.2861,11,0.0853626
1280,1.47574e+20,4.91996e+17,22193.1,67,18.9062,13,0.0847462
1281,1.51116e+23,2.40741e+20,21050,77,18.6973,13,0.0837272
1282,2.95148e+20,4.63842e+17,16306.8,68,18.668,12,0.0833293
1283,9.22337e+18,3.67676e+16,34509.6,63,19.5498,14,0.0878717
1284,6.04463e+23,5.91225e+20,22139.5,79,19.3809,13,0.0856902
1285,7.3787e+19,1.52226e+17,24997.3,66,19.3555,13,0.0850633
1286,1.18059e+21,1.45745e+18,14806.8,70,19.0586,11,0.0830967
1287,2.95148e+20,7.11916e+17,3.36139e+07,68,24.6201,25,0.106108
1288,5.90296e+20,9.5375e+17,1.0753e+06,69,22.875,20,0.0992321
1289,9.44473e+21,1.06336e+19,2.12978e+06,73,22.6494,21,0.0980579
1290,2.95148e+20,6.9959e+17,3.36057e+07,68,24.3643,25,0.105468
1291,1.88895e+22,2.38928e+19,4.24587e+06,74,23.3936,22,0.10083
1292,4.72237e+21,5.31902e+18,6.717e+07,72,24.4814,26,0.104977
1293,5.90296e+20,8.22919e+17,1.68296e+07,69,23.9551,24,0.102728
1294,9.44473e+21,9.32332e+18,4.24077e+06,73,23.3066,22,0.0997676
1295,7.73713e+25,7.55585e+22,8.43834e+06,86,23.6621,23,0.0995658
1296,1.88895e+22,1.92492e+19,1.34281e+08,74,25.8506,27,0.109392
1297,1.47574e+20,5.87662e+17,6.71708e+07,67,25.9736,26,0.109505
1298,9.67141e+24,9.44544e+21,1.68304e+07,83,24.793,24,0.105173
1299,5.90296e+20,8.16057e+17,296951,69,22.6055,18,0.094982
1300,2.95148e+20,4.49358e+17,2.14178e+06,68,23.2812,21,0.0979025
1301,5.90296e+20,1.04355e+18,1.08417e+06,69,23.2568,20,0.0984437
1302,9.44473e+21,1.02696e+19,1.6829e+07,73,24.4912,24,0.104029
1303,1.88895e+22,2.00983e+19,1.68255e+07,74,24.5801,24,0.106105
1304,1.88895e+22,1.95479e+19,1.68248e+07,74,24.8301,24,0.10753
1305,1.51116e+23,3.33099e+20,6.71715e+07,77,26.5625,26,0.114905
1306,1.51116e+23,1.47929e+20,4.24169e+06,77,23.7842,22,0.103818
1307,9.44473e+21,2.26322e+19,6.71667e+07,73,25.8623,26,0.112131
1308,2.36118e+21,3.68175e+18,2.68506e+08,71,26.877,28,0.1159
1309,2.95148e+20,6.62162e+17,8.43536e+06,68,23.8662,23,0.10472
1310,3.77789e+22,5.65252e+19,8.43433e+06,75,24.8779,23,0.106908
1311,2.36118e+21,7.95778e+18,8.43858e+06,71,23.7139,23,0.102707
1312,2.36118e+21,4.45871e+18,1.68285e+07,71,24.458,24,0.106208
1313,1.47574e+20,5.60948e+17,4.22791e+06,67,23.3369,22,0.100349
1314,3.02231e+23,3.37134e+20,1.68343e+07,78,23.9521,24,0.103077
1315,4.72237e+21,8.1587e+18,6.71735e+07,72,25.2168,26,0.106431
1316,1.18059e+21,2.73099e+18,4.23812e+06,70,23.3965,22,0.10055
1317,1.51116e+23,1.61339e+20,1.68324e+07,77,25.0527,24,0.106505
1318,4.72237e+21,1.0643e+19,25403.1,72,20.1787,13,0.0854409
1319,3.77789e+22,4.29749e+19,156919,75,21.8193,17,0.0940587
1320,1.88895e+22,2.10429e+19,8.42935e+06,74,24.5254,23,0.103705
1321,9.44473e+21,1.10436e+19,8.43561e+06,73,24.0381,23,0.101345
1322,2.95148e+20,6.11485e+17,560035,68,21.4805,19,0.091172
1323,3.02231e+23,3.09391e+20,2.13706e+06,78,22.834,21,0.0965104
1324,1.88895e+22,1.97281e+19,3.3616e+07,74,25.5996,25,0.106989
1325,2.95148e+20,4.79575e+17,8.44281e+06,68,23.8994,23,0.100804
1326,1.20893e+24,1.32859e+21,1.68293e+07,80,24.5068,24,0.103297
1327,7.73713e+25,7.55634e+22,3.36154e+07,86,24.9238,25,0.106047
1328,2.36118e+21,5.27402e+18,6.71762e+07,71,25.6475,26,0.106712
1329,2.36118e+21,6.24286e+18,1.08762e+06,71,22.8555,20,0.0964052
1330,3.77789e+22,3.81765e+19,4.23459e+06,75,23.3145,22,0.0984996
1331,4.72237e+21,7.01968e+18,1.68316e+07,72,23.8252,24,0.0988696
1332,2.95148e+20,1.00315e+18,4.23907e+06,68,23.7832,22,0.10074
1333,1.51116e+23,2.6144e+20,3.36153e+07,77,25.2539,25,0.105863
1334,2.36118e+21,3.22987e+18,2.13856e+06,71,23.0498,21,0.0990247
1335,2.36118e+21,3.73968e+18,1.68292e+07,71,24.3447,24,0.103982
1336,3.77789e+22,6.07887e+19,3.36106e+07,75,25.1514,25,0.105433
1337,1.18059e+21,2.09487e+18,3.36148e+07,70,25.5889,25,0.107897
1338,9.44473e+21,2.03799e+19,4.24196e+06,73,23.6104,22,0.100421
1339,4.72237e+21,6.60721e+18,291965,72,21.9248,18,0.0938372
1340,4.72237e+21,9.16516e+18,4.23957e+06,72,23.2344,22,0.0996923
1341,4.72237e+21,1.13312e+19,55326.4,72,20.2627,15,0.0873904
1342,1.51116e+23,1.58041e+20,152731,77,20.7334,17,0.0900867
1343,1.88895e+22,4.62952e+19,158734,74,19.4355,17,0.0856343
1344,4.72237e+21,5.17921e+18,157607,72,20.1133,17,0.0864847
1345,4.72237e+21,5.2643e+18,91468.2,72,21.6035,16,0.0928867
1346,1.88895e+22,1.92161e+19,85030.2,74,20.8174,16,0.0885012
1347,3.77789e+22,4.27609e+19,161254,75,20.2012,17,0.0879912
1348,7.3787e+19,1.78988e+17,558557,66,21.2744,19,0.0906733
1349,2.41785e+24,2.3632e+21,552391,81,21.1709,19,0.0899338
1350,1.18059e+21,4.17174e+18,4.24099e+06,70,22.3652,22,0.0954118
1351,3.02231e+23,3.02494e+20,1.09437e+06,78,22.7568,20,0.0966351
1352,4.72237e+21,5.69141e+18,561888,72,21.8525,19,0.093202
1353,5.90296e+20,8.06265e+17,562951,69,21.4355,19,0.0918795
1354,9.44473e+21,1.05351e+19,285729,73,20.7744,18,0.0896153
1355,9.67141e+24,9.45411e+21,293110,83,21.248,18,0.0906877
1356,1.93428e+25,1.89164e+22,1.08748e+06,84,23.3721,20,0.101592
1357,9.44473e+21,1.03243e+19,1.08606e+06,73,22.2471,20,0.0954697
1358,2.36118e+21,6.22652e+18,4.23289e+06,71,23.2988,22,0.100798
1359,1.88895e+22,2.16051e+19,559949,74,21.9014,19,0.0945873
1360,2.95148e+20,5.31208e+17,18182,68,19.8252,12,0.0852402
1361,1.18059e+21,2.40437e+18,161773,70,21,17,0.090202
1362,1.51116e+23,1.57286e+20,2.13648e+06,77,22.708,21,0.0978213
1363,7.92282e+28,7.73713e+25,557893,96,21.2959,19,0.0914371
1364,6.04463e+23,6.1537e+20,1.08591e+06,79,22.5566,20,0.097531
1365,5.90296e+20,1.25961e+18,1.07859e+06,69,21.498,20,0.0923979
1366,7.55579e+22,8.58789e+19,8.44043e+06,76,23.8662,23,0.101873
1367,2.36118e+21,6.69444e+18,2.68509e+08,71,26.1846,28,0.111628
1368,2.36118e+21,4.65464e+18,8.44447e+06,71,23.3867,23,0.100373
1369,1.88895e+22,1.91208e+19,3.36194e+07,74,24.9512,25,0.106637
1370,1.47574e+20,4.4042e+17,1.08258e+06,67,22.3838,20,0.0984031
1371,1.18059e+21,2.02923e+18,557357,70,21.9102,19,0.0963613
1372,3.02231e+23,2.9556e+20,287428,78,20.8672,18,0.0909963
1373,5.90296e+20,7.18881e+17,3.36079e+07,69,24.0469,25,0.103218
1374,1.18059e+21,3.23359e+18,8.43934e+06,70,24.083,23,0.104137
1375,2.36118e+21,3.60962e+18,1.08909e+06,71,22.3203,20,0.0971006
1376,1.18059e+21,1.81322e+18,4.24153e+06,70,22.917,22,0.0978631
1377,2.95148e+20,5.36733e+17,87130,68,19.6387,16,0.0844935
1378,2.41785e+24,2.3615e+21,293150,81,20.6094,18,0.0896456
1379,4.72237e+21,7.8933e+18,2.13732e+06,72,22.7197,21,0.0985125
1380,1.88895e+22,1.88685e+19,2.14144e+06,74,23.2148,21,0.100318
1381,3.77789e+22,3.69658e+19,156957,75,19.2012,17,0.0849074
1382,5.90296e+20,1.20144e+18,285412,69,19.2793,18,0.0845376
1383,4.72237e+21,6.22097e+18,292826,72,19.3271,18,0.0852761
1384,2.36118e+21,4.73532e+18,1.08035e+06,71,20.9658,20,0.0913319
1385,1.47574e+20,2.74466e+17,290755,67,19.4385,18,0.0870785
1386,1.18059e+21,1.2403e+18,292663,70,19.2715,18,0.0847058
1387,1.20893e+24,1.18429e+21,558864,80,21.7725,19,0.0946169
1388,1.18059e+21,1.58904e+18,4.23631e+06,70,24.3223,22,0.104486
1389,3.02231e+23,3.23945e+20,559777,78,21.748,19,0.0946281
1390,1.54743e+26,1.51117e+23,2.14129e+06,87,23.7832,21,0.102237
1391,7.55579e+22,1.50723e+20,290543,76,21.4971,18,0.0944897
1392,2.95148e+20,5.72532e+17,1.08582e+06,68,22.7598,20,0.0987339
1393,4.72237e+21,5.08955e+18,2.13601e+06,72,23.3848,21,0.101983
1394,9.44473e+21,1.19473e+19,1.08009e+06,73,23.2012,20,0.100277
1395,9.67141e+24,9.52038e+21,8.43681e+06,83,24.75,23,0.105953
1396,3.77789e+22,6.84883e+19,1.68245e+07,75,25.5732,24,0.107923
1397,9.44473e+21,1.57301e+19,3.36132e+07,73,27.0889,25,0.113885
1398,3.02231e+23,4.59392e+20,1.6836e+07,78,25.9961,24,0.108941
1399,7.55579e+22,9.57884e+19,8.44386e+06,76,25.9756,23,0.108665
1400,1.88895e+22,6.31619e+19,8.43043e+06,74,25.2598,23,0.107208
1401,1.51116e+23,1.67536e+20,2.68504e+08,77,27.8135,28,0.116698
1402,1.88895e+22,3.00646e+19,1.08896e+06,74,23.5723,20,0.0998211
1403,2.41785e+24,2.36747e+21,4.23728e+06,81,24.4453,22,0.10248
1404,9.44473e+21,1.88991e+19,1.6824e+07,73,25.8184,24,0.10909
1405,3.09485e+26,3.02232e+23,2.14352e+06,88,24.2178,21,0.103372
1406,1.20893e+24,1.62824e+21,2.14099e+06,80,24.001,21,0.102179
1407,4.72237e+21,6.15774e+18,3.36115e+07,72,26.1367,25,0.109466
1408,1.18059e+21,1.90232e+18,3.36099e+07,70,25.8555,25,0.107186
1409,1.47574e+20,5.11133e+17,5.36948e+08,67,28.5088,29,0.118167
1410,4.72237e+21,1.35954e+19,3.36188e+07,72,26.627,25,0.110743
1411,3.77789e+22,5.58722e+19,4.23907e+06,75,23.9287,22,0.099307
1412,7.55579e+22,7.78922e+19,4.29506e+09,76,29.5215,32,0.122673
1413,9.44473e+21,2.69152e+19,8.59003e+09,73,30.7959,33,0.12825
1414,1.51116e+23,1.48716e+20,2.68513e+08,77,28.0557,28,0.118738
1415,9.44473e+21,1.24178e+19,6.71805e+07,73,27.0479,26,0.113737
1416,2.36118e+21,3.98272e+18,3.3609e+07,71,25.8564,25,0.108978
1417,1.88895e+22,3.66726e+19,3.36157e+07,74,26.6006,25,0.11232
1418,1.51116e+23,1.67077e+20,8.44414e+06,77,24.4121,23,0.103023
1419,3.77789e+22,6.58731e+19,1.34281e+08,75,27.3398,27,0.119578
1420,3.77789e+22,5.60076e+19,2.68513e+08,75,27.3291,28,0.11526
1421,2.41785e+24,2.37968e+21,1.3429e+08,81,27.1084,27,0.114936
1422,7.55579e+22,1.32813e+20,2.14758e+09,76,29.7129,31,0.126782
1423,1.20893e+24,1.50458e+21,5.36937e+08,80,27.1074,29,0.115498
1424,4.8357e+24,4.78857e+21,1.07383e+09,82,29.1074,30,0.123647
1425,7.92282e+28,7.73714e+25,4.29506e+09,96,30.3652,32,0.128393
1426,1.51116e+23,1.59931e+20,4.29505e+09,77,29.2988,32,0.123506
1427,3.77789e+22,6.1819e+19,6.71705e+07,75,26.5752,26,0.114559
1428,3.77789e+22,5.5391e+19,1.07381e+09,75,28.0107,30,0.117927
1429,6.04463e+23,5.93771e+20,2.14757e+09,79,28.6885,31,0.118844
1430,4.72237e+21,9.04503e+18,2.68514e+08,72,26.8486,28,0.110823
1431,1.88895e+22,3.14115e+19,6.71747e+07,74,25.7432,26,0.108183
1432,3.77789e+22,4.22622e+19,1.68296e+07,75,25.916,24,0.108782
1433,3.77789e+22,3.93252e+19,2.6851e+08,75,27.2871,28,0.113426
1434,1.88895e+22,6.11673e+19,5.36947e+08,74,28.4004,29,0.117432
1435,1.88895e+22,2.32453e+19,1.07383e+09,74,28.1543,30,0.116749
1436,9.67141e+24,9.49634e+21,5.36968e+08,83,28.4238,29,0.119458
1437,4.8357e+24,4.72803e+21,2.68518e+08,82,27.0332,28,0.112839
1438,3.02231e+23,3.0255e+20,1.07382e+09,78,28.4141,30,0.117624
1439,6.04463e+23,9.79941e+20,1.68321e+07,79,26.4707,24,0.109015
1440,3.86856e+25,3.77859e+22,4.23603e+06,85,24.8984,22,0.102778
1441,4.8357e+24,4.74021e+21,3.36165e+07,82,26.6553,25,0.11164
1442,1.51116e+23,3.13102e+20,33706.7,77,20.3555,14,0.0854186
1443,1.88895e+22,4.02228e+19,2.13826e+06,74,24.3408,21,0.102365
1444,3.09485e+26,3.02234e+23,2.14343e+06,88,24.2041,21,0.100183
1445,1.93428e+25,1.89016e+22,2.14039e+06,84,24.4629,21,0.103401
1446,6.04463e+23,6.01375e+20,8.4339e+06,79,24.918,23,0.105732
1447,2.36118e+21,3.5661e+18,1.68323e+07,71,26.0049,24,0.110718
1448,1.23794e+27,1.20895e+24,3.36117e+07,90,26.0576,25,0.109932
1449,5.90296e+20,1.52429e+18,1.07381e+09,69,28.5986,30,0.119503
1450,3.77789e+22,3.97966e+19,2.68508e+08,75,27.5879,28,0.116155
1451,7.55579e+22,8.37336e+19,1.07383e+09,76,28.043,30,0.115633
1452,3.77789e+22,5.13225e+19,3.43599e+10,75,31.3389,35,0.129716
1453,9.44473e+21,1.08253e+19,8.59002e+09,73,28.8105,33,0.118406
1454,3.77789e+22,5.85245e+19,4.29505e+09,75,28.4785,32,0.117452
1455,5.90296e+20,1.78494e+18,2.68514e+08,69,27.0703,28,0.112889
1456,1.20893e+24,1.32667e+21,6.71667e+07,80,26.9473,26,0.112886
1457,6.1897e+26,6.13912e+23,2.14756e+09,89,28.5459,31,0.11762
1458,1.88895e+22,1.92151e+19,3.36188e+07,74,26.6787,25,0.111014
1459,1.18059e+21,3.38329e+18,2.68507e+08,70,28.0566,28,0.116183
1460,3.86856e+25,3.7823e+22,6.71814e+07,85,26.8096,26,0.110421
1461,9.44473e+21,1.2623e+19,1.34287e+08,73,27.291,27,0.111843
1462,2.36118e+21,4.5714e+18,2.14757e+09,71,27.8232,31,0.11437
1463,3.02231e+23,3.72605e+20,4.24244e+06,78,24.8125,22,0.102539
1464,4.72237e+21,5.37299e+18,4.23879e+06,72,23.7549,22,0.0982764
1465,2.41785e+24,2.43647e+21,2.13948e+06,81,24.4404,21,0.100457
1466,9.44473e+21,1.23385e+19,5.36948e+08,73,27.8057,29,0.114054
1467,2.95148e+20,6.75671e+17,1.07382e+09,68,28.1211,30,0.114586
1468,3.09485e+26,3.02242e+23,2.68503e+08,88,26.1699,28,0.107244
1469,1.51116e+23,1.52329e+20,2.68517e+08,77,28.2686,28,0.116497
1470,3.77789e+22,4.45602e+19,3.36153e+07,75,25.3418,25,0.105037
1471,4.95176e+27,4.836e+24,2.68511e+08,92,26.9883,28,0.113993
1472,1.93428e+25,1.89721e+22,8.59004e+09,84,30.5459,33,0.127531
1473,1.18059e+21,2.91963e+18,6.71724e+07,70,25.2197,26,0.105854
1474,3.09485e+26,3.02234e+23,3.3622e+07,88,25.3984,25,0.106534
1475,2.47588e+27,2.41805e+24,4.23912e+06,91,23.543,22,0.0994935
1476,3.77789e+22,4.69434e+19,1.08928e+06,75,23.1592,20,0.0979923
1477,2.41785e+24,2.66155e+21,2.6851e+08,81,27.8438,28,0.116181
1478,1.51116e+23,1.6965e+20,1.718e+10,77,30.2803,34,0.125455
1479,9.44473e+21,1.10217e+19,8.59004e+09,73,30.0898,33,0.125262
1480,1.51116e+23,1.52146e+20,3.43598e+10,77,30.2109,35,0.12491
1481,1.88895e+22,1.89438e+19,1.718e+10,74,28.9414,34,0.118391
1482,3.02231e+23,3.10271e+20,3.43598e+10,78,29.8135,35,0.123871
1483,1.18059e+21,2.45689e+18,1.718e+10,70,29.4746,34,0.121665
1484,3.77789e+22,9.3312e+19,4.29507e+09,75,28.6738,32,0.119387
1485,1.88895e+22,2.67304e+19,2.14754e+09,74,28.2842,31,0.118081
1486,1.51116e+23,1.48881e+20,1.07382e+09,77,27.8184,30,0.115211
1487,3.77789e+22,3.86423e+19,2.68509e+08,75,28.3457,28,0.117219
1488,2.41785e+24,2.37093e+21,6.71821e+07,81,26.7402,26,0.111346
1489,7.55579e+22,8.73291e+19,5.36942e+08,76,27.751,29,0.114881
1490,1.18059e+21,2.03665e+18,1.07383e+09,70,28.9971,30,0.120498
1491,3.77789e+22,4.47773e+19,5.36951e+08,75,28.2197,29,0.118332
1492,1.18059e+21,4.52977e+18,8.59004e+09,70,29.5752,33,0.12382
1493,4.72237e+21,1.3274e+19,2.14757e+09,72,28.2305,31,0.117887
1494,3.09485e+26,3.06972e+23,8.59003e+09,88,29.9307,33,0.125473
1495,4.72237e+21,1.27453e+19,8.59003e+09,72,30.1631,33,0.127538
1496,1.51116e+23,1.96013e+20,1.34288e+08,77,27.6445,27,0.11686
1497,4.72237e+21,6.12198e+18,2.14757e+09,72,29.251,31,0.123313
1498,6.04463e+23,7.76535e+20,8.59004e+09,79,30.5537,33,0.12678
1499,3.02231e+23,4.53989e+20,1.34283e+08,78,26.9541,27,0.113677
