155.76
0,434.639,8.19053,4,2,0.0351562,0,0.00623088
1,1010.79,9.11822,4,3,0.0390625,0,0.00620323
2,434.639,8.16572,4,2,0.0351562,0,0.00608882
3,434.818,9.29878,5,2,0.0410156,0,0.0063066
4,435.149,10.4616,5,2,0.0498047,0,0.00622227
5,434.818,10.5374,5,2,0.0527344,0,0.0062373
6,435.151,9.99122,5,2,0.0439453,0,0.00626113
7,435.151,9.98333,5,2,0.0458984,0,0.00633894
8,435.053,10.1754,5,2,0.0449219,0,0.00648019
9,435.151,9.87899,5,2,0.0449219,0,0.00651554
10,435.151,10.4243,5,2,0.0488281,0,0.00651097
11,435.127,10.5036,5,2,0.0507812,0,0.00644132
12,435.127,10.4131,5,2,0.0449219,0,0.00649463
13,110.903,9.27267,5,1,0.0390625,0,0.00650852
14,111.937,9.09413,5,1,0.0400391,0,0.00644934
15,435.151,12.346,6,2,0.0664062,0,0.0064532
16,435.151,10.1641,6,2,0.0419922,0,0.006583
17,435.149,10.9035,6,2,0.0517578,0,0.00648597
18,434.954,11.0026,6,2,0.0546875,0,0.00658333
19,435.053,11.2867,6,2,0.0556641,0,0.00654251
20,434.818,10.8153,6,2,0.0507812,0,0.00648297
21,435.149,11.9468,6,2,0.0517578,0,0.00652899
22,435.151,10.5031,6,2,0.0478516,0,0.00644159
23,112.44,10.6258,6,1,0.0546875,0,0.00645673
24,435.127,11.4968,6,2,0.0546875,0,0.00666351
25,1011.31,12.9076,6,3,0.0605469,0,0.00658207
26,434.954,11.2512,6,2,0.0556641,0,0.00652512
27,435.151,10.5612,6,2,0.0458984,0,0.00656102
28,434.954,12.0966,6,2,0.0546875,0,0.00654151
29,434.954,12.5542,6,2,0.0654297,0,0.00659133
30,435.149,12.2057,6,2,0.0605469,0,0.00646845
31,110.371,10.4851,6,1,0.0507812,0,0.00644627
32,435.151,12.1463,6,2,0.0566406,0,0.00651673
33,435.127,10.4563,6,2,0.0458984,0,0.00662927
34,435.151,13.2358,6,2,0.0683594,0,0.00659945
35,435.149,12.7044,6,2,0.0644531,0,0.0065704
36,435.117,10.3296,6,2,0.046875,0,0.0065362
37,434.954,11.1713,6,2,0.0527344,0,0.00667044
38,435.127,11.0711,6,2,0.0488281,0,0.00653251
39,435.151,12.2294,6,2,0.0605469,0,0.0066728
40,110.371,11.3894,6,1,0.0566406,0,0.00666104
41,435.117,11.8445,6,2,0.0576172,0,0.00661925
42,434.954,12.1712,6,2,0.0595703,0,0.00674884
43,435.151,12.7965,6,2,0.0625,0,0.00671579
44,435.117,12.0665,6,2,0.0527344,0,0.00668984
45,115.729,11.7042,6,1,0.0576172,0,0.00660097
46,435.127,11.757,6,2,0.0517578,0,0.00662769
47,435.117,13.9526,6,2,0.0693359,0,0.00671153
48,435.127,13.5736,6,2,0.0664062,0,0.00667799
49,434.818,11.5932,6,2,0.0527344,0,0.00669211
50,435.127,12.8506,6,2,0.0615234,0,0.00668136
51,113.419,12.3394,6,1,0.0625,0,0.00664893
52,435.127,12.6362,6,2,0.0615234,0,0.00664875
53,435.127,12.2942,6,2,0.0556641,0,0.00665771
54,434.954,13.2412,6,2,0.0644531,0,0.00669797
55,435.151,13.3527,6,2,0.0654297,0,0.0066767
56,435.151,15.7736,6,2,0.0830078,0,0.00674745
57,435.151,13.9331,6,2,0.0683594,0,0.00667042
58,435.149,12.9807,6,2,0.0664062,0,0.00670079
59,112.934,11.7634,6,1,0.0566406,0,0.00662399
60,435.151,14.6589,6,2,0.0673828,0,0.00668439
61,435.053,13.7852,7,2,0.0673828,0,0.00690223
62,1009.59,15.8845,7,3,0.0791016,0,0.00677602
63,435.127,10.9585,7,2,0.0429688,0,0.00671085
64,435.053,13.5872,6,2,0.0644531,0,0.00674999
65,435.149,13.652,6,2,0.0644531,0,0.00673026
66,435.149,16.1409,6,2,0.0898438,0,0.00667619
67,435.151,14.0655,7,2,0.0703125,0,0.00672931
68,1010.79,15.7779,7,3,0.0771484,0,0.00675075
69,1010.79,12.5941,6,3,0.0546875,0,0.0067869
70,435.149,14.2285,7,2,0.0742188,0,0.0068481
71,435.151,15.6117,7,2,0.0839844,0,0.00681036
72,435.151,14.1368,7,2,0.0683594,0,0.00681798
73,435.149,15.0994,7,2,0.0810547,0,0.0067334
74,435.053,16.3773,7,2,0.0878906,0,0.0068146
75,435.151,16.0123,7,2,0.0820312,0,0.00680752
76,435.149,14.2603,7,2,0.0703125,0,0.00676669
77,435.127,15.017,7,2,0.0742188,0,0.00686343
78,435.127,13.582,7,2,0.0625,0,0.0068691
79,435.127,12.6882,7,2,0.0615234,0,0.00683567
80,434.818,15.1447,7,2,0.0810547,0,0.00687408
81,435.151,14.7023,7,2,0.0722656,0,0.00683749
82,435.127,14.7244,7,2,0.0771484,0,0.00676965
83,435.127,13.181,8,2,0.0595703,0,0.0069472
84,435.053,14.2228,7,2,0.0712891,0,0.00685035
85,1012.94,15.9523,7,3,0.0761719,0,0.006838
86,435.117,14.9221,7,2,0.0771484,0,0.00679432
87,435.151,15.3421,7,2,0.0810547,0,0.00681923
88,435.053,14.1542,7,2,0.0703125,0,0.00690672
89,435.127,15.9313,8,2,0.0800781,0,0.00686635
90,435.127,13.9986,8,2,0.0712891,0,0.00688998
91,435.151,15.6852,8,2,0.078125,0,0.00686966
92,110.371,12.9274,7,1,0.0615234,0,0.00682936
93,435.151,14.7061,8,2,0.0732422,0,0.00690238
94,435.127,14.7448,8,2,0.078125,0,0.00683938
95,435.151,15.652,8,2,0.0820312,0,0.00697838
96,1008.92,17.587,8,3,0.0947266,0,0.00690679
97,435.127,15.1515,8,2,0.078125,0,0.00695431
98,435.149,16.0239,7,2,0.0869141,0,0.00686308
99,1012.52,15.5719,8,3,0.0800781,0,0.00681749
100,435.149,15.284,8,2,0.0771484,0,0.00688586
101,435.117,14.5517,8,2,0.0693359,0,0.00698226
102,435.053,15.3881,8,2,0.078125,0,0.00688845
103,435.151,14.7628,8,2,0.0712891,0,0.00687174
104,435.151,15.8057,7,2,0.0791016,0,0.00684012
105,435.151,17.5301,8,2,0.0917969,0,0.00682326
106,435.151,14.4662,8,2,0.0693359,0,0.00685372
107,1848.92,16.2112,8,4,0.0732422,0,0.00691487
108,1009.59,16.9546,8,3,0.0849609,0,0.0069305
109,1012.77,17.5932,8,3,0.0898438,0,0.00701256
110,1012.18,14.6053,8,3,0.0703125,0,0.00703098
111,435.117,13.267,7,2,0.0634766,0,0.006861
112,435.151,15.6989,8,2,0.0791016,0,0.0070396
113,435.117,16.5597,8,2,0.0859375,0,0.0069418
114,435.149,16.4502,8,2,0.0859375,0,0.0069404
115,435.151,17.786,8,2,0.100586,0,0.00708572
116,435.127,17.5913,8,2,0.0878906,0,0.00714106
117,435.127,15.5851,8,2,0.0810547,0,0.00703272
118,434.639,17.4837,8,2,0.0996094,0,0.00727281
119,435.151,15.3496,8,2,0.0791016,0,0.00708997
120,435.151,16.8531,8,2,0.0849609,0,0.00715929
121,435.127,15.1965,8,2,0.0771484,0,0.00693607
122,435.151,18.5233,8,2,0.104492,0,0.00709907
123,1011.31,17.6461,8,3,0.0917969,0,0.00703703
124,435.053,14.8573,8,2,0.0742188,0,0.00702776
125,1009.59,16.9473,8,3,0.0849609,0,0.00708777
126,435.149,17.6708,8,2,0.0976562,0,0.00718343
127,435.127,18.3061,8,2,0.101562,0,0.00702793
128,435.149,16.1529,8,2,0.0849609,0,0.00718643
129,435.127,16.5469,8,2,0.0849609,0,0.00704472
130,435.151,17.8271,8,2,0.0966797,0,0.00721354
131,435.127,18.487,8,2,0.101562,0,0.00718368
132,1011.78,17.9304,8,3,0.0869141,0,0.00712406
133,435.151,17.1208,8,2,0.0908203,0,0.00720731
134,435.151,16.3441,8,2,0.0869141,0,0.00711974
135,1008.92,20.9011,8,3,0.118164,0,0.00714938
136,435.151,16.9333,8,2,0.0917969,0,0.00705723
137,435.117,17.2542,8,2,0.0927734,0,0.00720184
138,435.149,17.5888,8,2,0.09375,0,0.00717715
139,435.149,19.3477,8,2,0.105469,0,0.00710432
140,1010.79,19.0844,9,3,0.104492,0,0.00713027
141,435.151,20.1275,9,2,0.108398,0,0.00717028
142,109.829,18.157,9,1,0.106445,0,0.00727754
143,435.149,19.1571,9,2,0.108398,0,0.00718956
144,435.127,19.2628,9,2,0.111328,0,0.00732989
145,435.127,18.7538,9,2,0.105469,0,0.00723661
146,435.127,18.9407,9,2,0.102539,0,0.00728999
147,435.151,20.3394,9,2,0.115234,0,0.00731701
148,435.127,18.662,9,2,0.0976562,0,0.00734187
149,435.151,21.4867,9,2,0.121094,0,0.00725825
150,435.151,19.2542,9,2,0.100586,0,0.00730782
151,1010.79,24.0702,9,3,0.136719,0,0.00743234
152,435.127,22.9875,9,2,0.132812,0,0.0073683
153,435.149,21.0345,9,2,0.114258,0,0.00727105
154,1008.92,25.3361,9,3,0.144531,0,0.00757125
155,435.151,20.9919,9,2,0.121094,0,0.00742494
156,435.149,22.56,9,2,0.125977,0,0.00743659
157,435.151,26.1169,9,2,0.150391,0,0.00739478
158,435.151,24.568,9,2,0.145508,0,0.00732975
159,435.151,24.4112,9,2,0.144531,0,0.00744771
160,435.151,22.4254,9,2,0.123047,0,0.00739631
161,1011.31,27.5249,9,3,0.158203,0,0.00742743
162,1011.78,26.1485,9,3,0.148438,0,0.00754512
163,1008.92,27.5591,9,3,0.15625,0,0.00750817
164,435.151,25.0838,9,2,0.143555,0,0.00750269
165,1008.92,24.3817,9,3,0.143555,0,0.00742313
166,435.127,30.7946,9,2,0.191406,0,0.00753116
167,435.151,23.8613,9,2,0.140625,0,0.00766404
168,1008.92,26.8463,9,3,0.148438,0,0.00761551
169,1008.92,30.0207,9,3,0.170898,0,0.00759161
170,1008.92,27.2273,9,3,0.162109,0,0.00757993
171,435.151,29.3181,9,2,0.174805,0,0.00765097
172,435.151,28.2109,9,2,0.175781,0,0.00755235
173,1009.59,31.4976,9,3,0.183594,0,0.00761459
174,1011.31,31.8389,9,3,0.183594,0,0.00753316
175,1008.92,26.4097,9,3,0.145508,0,0.00771535
176,435.151,29.3761,9,2,0.177734,0,0.00767511
177,435.151,30.767,9,2,0.192383,0,0.00761381
178,1008.92,34.9185,9,3,0.207031,0,0.00762831
179,435.151,32.1818,9,2,0.1875,0,0.00771332
180,1008.92,30.7173,9,3,0.185547,0,0.00762095
181,1008.92,31.2449,9,3,0.188477,0,0.00763173
182,1010.21,31.9872,9,3,0.197266,0,0.0077898
183,1845.26,36.143,9,4,0.214844,0,0.00763062
184,1010.79,35.4676,9,3,0.22168,0,0.00764146
185,1011.31,35.2374,9,3,0.214844,0,0.00770118
186,1010.21,35.6075,9,3,0.22168,0,0.00759968
187,435.151,34.1064,9,2,0.219727,0,0.00765341
188,435.151,31.2914,9,2,0.192383,0,0.0078205
189,1011.31,32.1702,9,3,0.202148,0,0.00771475
190,1009.59,35.5753,10,3,0.224609,0,0.00763319
191,1008.92,35.4918,9,3,0.219727,0,0.00755686
192,435.151,36.3132,9,2,0.228516,0,0.00774862
193,1011.31,36.0216,9,3,0.235352,0,0.00761694
194,1011.31,38.9065,9,3,0.236328,0,0.00769563
195,435.151,38.3833,9,2,0.242188,0,0.0078067
196,1009.59,39.5404,9,3,0.249023,0,0.00779907
197,1011.31,38.835,9,3,0.242188,0,0.00779344
198,1009.59,36.1201,10,3,0.233398,0,0.00778284
199,1011.31,41.3736,10,3,0.261719,0,0.00778584
200,1008.92,35.4046,9,3,0.216797,0,0.00771144
201,1008.92,39.3905,11,3,0.24707,0,0.00783543
202,1011.78,40.7639,10,3,0.256836,0,0.00774338
203,435.151,39.5954,10,2,0.25293,0,0.00775514
204,1008.92,40.1679,10,3,0.25,0,0.00781326
205,1008.92,40.7226,11,3,0.256836,0,0.00794573
206,1008.92,41.243,11,3,0.265625,0,0.0078169
207,1011.31,40.8768,10,3,0.24707,0,0.00777842
208,1011.31,40.8869,10,3,0.255859,0,0.00781948
209,1008.92,47.5603,11,3,0.306641,0,0.00784007
210,435.151,38.3949,11,2,0.25,0,0.00797228
211,1008.92,42.917,10,3,0.272461,0,0.00786924
212,435.151,43.742,11,2,0.276367,0,0.00780789
213,1011.31,41.4842,9,3,0.257812,0,0.00787997
214,1010.21,44.6685,11,3,0.27832,0,0.00796616
215,435.151,42.3163,11,2,0.276367,0,0.00784289
216,1008.92,39.6786,10,3,0.25,0,0.00780473
217,435.151,43.4339,10,2,0.279297,0,0.00789862
218,1008.92,43.1315,11,3,0.274414,0,0.00801292
219,1011.31,40.9329,11,3,0.273438,0,0.00783664
220,1008.92,41.9744,11,3,0.267578,0,0.00793697
221,435.149,40.4591,10,2,0.273438,0,0.00774289
222,1843.9,47.3464,11,4,0.295898,0,0.00797604
223,1011.31,42.1882,10,3,0.260742,0,0.00788455
224,1009.59,47.3684,11,3,0.305664,0,0.00789159
225,435.151,40.7931,12,2,0.265625,0,0.00782653
226,1008.92,43.3179,11,3,0.270508,0,0.00800323
227,1009.59,42.2,11,3,0.28418,0,0.00805435
228,1008.92,44.0321,11,3,0.279297,0,0.00778687
229,1011.31,43.5292,11,3,0.273438,0,0.00792024
230,1009.59,41.877,11,3,0.275391,0,0.00781454
231,1010.21,44.8465,12,3,0.290039,0,0.00791262
232,1009.59,47.2372,10,3,0.291992,0,0.00786415
233,1009.59,44.4946,10,3,0.289062,0,0.00788052
234,1009.59,48.5462,12,3,0.310547,0,0.00791989
235,1010.21,45.3007,11,3,0.302734,0,0.0078094
236,1010.21,44.4399,11,3,0.28418,0,0.00787978
237,1008.92,47.0541,12,3,0.296875,0,0.00794299
238,435.151,45.8732,11,2,0.307617,0,0.00786138
239,1843.9,47.9972,10,4,0.290039,0,0.00780156
240,1011.31,43.9332,11,3,0.294922,0,0.00791102
241,435.151,43.5093,11,2,0.283203,0,0.00785371
242,1843.9,47.0084,11,4,0.306641,0,0.00781477
243,1011.31,49.2516,12,3,0.317383,0,0.00796027
244,1008.92,40.6803,11,3,0.262695,0,0.00778759
245,435.151,44.3311,11,2,0.291016,0,0.00791657
246,1009.59,51.9008,12,3,0.320312,0,0.00799923
247,1011.78,47.7658,11,3,0.293945,0,0.00786721
248,435.151,48.3938,12,2,0.322266,0,0.00798049
249,1843.9,49.7428,12,4,0.3125,0,0.00793794
250,1011.31,46.2568,11,3,0.300781,0,0.00783771
251,1008.92,43.644,11,3,0.288086,0,0.00793359
252,1009.59,49.129,12,3,0.318359,0,0.00799236
253,1011.78,51.1784,12,3,0.317383,0,0.00790849
254,1009.59,48.6825,11,3,0.314453,0,0.00787966
255,1011.31,44.3682,11,3,0.294922,0,0.00786874
256,1849.99,48.8173,12,4,0.3125,0,0.00818855
257,1010.79,45.9225,11,3,0.294922,0,0.00786747
258,1008.92,51.327,12,3,0.333008,0,0.00785093
259,1005.85,46.5296,12,3,0.298828,0,0.00791866
260,435.151,42.4405,11,2,0.296875,0,0.00781409
261,1008.92,48.0533,12,3,0.313477,0,0.00788674
262,435.151,48.394,12,2,0.310547,0,0.00790527
263,1011.31,46.6623,12,3,0.296875,0,0.0078856
264,1008.92,46.782,12,3,0.302734,0,0.00800987
265,1008.92,50.5431,12,3,0.326172,0,0.00798111
266,1010.21,43.7615,11,3,0.283203,0,0.00798565
267,1008.92,44.4466,12,3,0.298828,0,0.00802464
268,1010.21,46.5748,12,3,0.299805,0,0.00792916
269,1011.31,47.3868,12,3,0.306641,0,0.0079606
270,1843.9,51.6621,12,4,0.324219,0,0.00798317
271,435.151,47.1848,12,2,0.311523,0,0.00790856
272,1008.92,51.5028,12,3,0.337891,0,0.00802112
273,1008.92,47.5136,13,3,0.30957,0,0.00798769
274,1011.78,50.5741,12,3,0.322266,0,0.00801661
275,435.151,42.7722,12,2,0.27832,0,0.00792413
276,435.151,45.579,12,2,0.298828,0,0.00808738
277,435.151,47.3656,13,2,0.318359,0,0.00811786
278,1011.31,50.5065,13,3,0.329102,0,0.00814126
279,1011.31,49.5236,13,3,0.321289,0,0.00809068
280,435.151,44.1057,13,2,0.303711,0,0.00797106
281,1008.92,50.1653,13,3,0.329102,0,0.00802636
282,1011.31,52.4212,12,3,0.324219,0,0.00794854
283,1843.9,48.4105,12,4,0.316406,0,0.00800239
284,1843.9,54.9518,12,4,0.330078,0,0.00797891
285,1008.92,49.6671,13,3,0.323242,0,0.00799481
286,1008.92,51.0307,13,3,0.333008,0,0.00820438
287,1008.92,52.059,13,3,0.349609,0,0.00802006
288,1008.92,49.2255,13,3,0.317383,0,0.00799632
289,435.151,52.8346,13,2,0.34668,0,0.00804209
290,1008.92,47.8593,13,3,0.317383,0,0.00793344
291,1008.92,52.6189,13,3,0.338867,0,0.00796014
292,1008.92,43.3925,13,3,0.300781,0,0.00800347
293,1008.92,52.6712,13,3,0.352539,0,0.00800029
294,435.151,47.9067,13,2,0.329102,0,0.00798504
295,1008.92,51.9047,13,3,0.334961,0,0.00797331
296,1011.31,54.4242,13,3,0.341797,0,0.00801876
297,1011.78,53.6548,13,3,0.342773,0,0.00797936
298,1011.31,45.7888,13,3,0.293945,0,0.00798112
299,1008.92,47.8367,13,3,0.325195,0,0.00795406
300,1008.92,48.5544,13,3,0.327148,0,0.00795459
301,1011.78,52.3566,13,3,0.34668,0,0.00807663
302,1008.92,53.1654,13,3,0.336914,0,0.00803683
303,1011.31,49.8203,13,3,0.330078,0,0.00792005
304,435.149,49.43,13,2,0.327148,0,0.0079666
305,435.151,52.0885,13,2,0.339844,0,0.00796884
306,1008.92,54.8552,13,3,0.349609,0,0.0081163
307,1008.92,48.4539,12,3,0.317383,0,0.00800118
308,1011.31,52.3216,13,3,0.333984,0,0.00811004
309,435.151,43.1004,12,2,0.291016,0,0.00802527
310,1008.92,50.0379,13,3,0.318359,0,0.00801475
311,1008.92,48.4598,12,3,0.307617,0,0.00801956
312,1011.31,50.1193,13,3,0.329102,0,0.00811025
313,1009.59,49.1995,13,3,0.313477,0,0.00812603
314,1008.92,55.2626,13,3,0.369141,0,0.00816367
315,1008.92,52.855,13,3,0.332031,0,0.00807487
316,1011.31,48.8066,13,3,0.314453,0,0.00798171
317,1011.31,46.7306,13,3,0.317383,0,0.00804765
318,1008.92,51.4433,13,3,0.330078,0,0.00800592
319,1008.92,47.4409,13,3,0.318359,0,0.00802212
320,1008.92,52.1995,13,3,0.342773,0,0.00809757
321,1010.21,48.9229,13,3,0.325195,0,0.00804237
322,1008.92,48.6222,12,3,0.305664,0,0.00811645
323,1009.59,51.7631,13,3,0.333984,0,0.00806068
324,1008.92,52.9785,13,3,0.342773,0,0.00811261
325,435.151,46.5597,13,2,0.314453,0,0.00814933
326,1009.59,52.3987,13,3,0.336914,0,0.00815938
327,435.151,43.7792,13,2,0.297852,0,0.00803362
328,1008.92,47.484,13,3,0.319336,0,0.00823601
329,1008.92,50.0798,13,3,0.323242,0,0.00811784
330,1008.92,54.6808,13,3,0.354492,0,0.00811654
331,1010.21,51.5478,13,3,0.327148,0,0.00812156
332,1008.92,50.2287,13,3,0.333984,0,0.00805212
333,1009.59,54.5026,13,3,0.357422,0,0.00807365
334,1848.92,59.0001,13,4,0.367188,0,0.00808135
335,1008.92,47.7837,13,3,0.319336,0,0.00804769
336,1011.31,48.7317,13,3,0.320312,0,0.00802611
337,1008.92,52.0387,13,3,0.330078,0,0.00807824
338,1008.92,53.6274,13,3,0.345703,0,0.00808191
339,1008.92,53.1609,13,3,0.351562,0,0.00824333
340,435.151,46.6885,13,2,0.310547,0,0.00810812
341,435.151,47.0648,13,2,0.310547,0,0.00800106
342,1011.31,56.7425,13,3,0.375,0,0.00819355
343,1011.31,52.5307,13,3,0.331055,0,0.00805656
344,1008.92,48.9633,13,3,0.323242,0,0.00811151
345,1008.92,47.8045,13,3,0.327148,0,0.00807773
346,435.151,51.1393,13,2,0.334961,0,0.00814121
347,1008.92,46.1695,13,3,0.302734,0,0.00806076
348,435.151,47.2907,13,2,0.314453,0,0.00810691
349,1008.92,48.5369,13,3,0.31543,0,0.00807358
350,1008.92,55.2791,13,3,0.344727,0,0.0080565
351,1008.92,53.0165,13,3,0.342773,0,0.00817426
352,1011.31,52.5374,13,3,0.332031,0,0.00814755
353,435.151,53.0155,13,2,0.357422,0,0.00809853
354,1011.31,50.811,13,3,0.323242,0,0.00810394
355,1008.92,50.8432,13,3,0.333008,0,0.00816556
356,1008.92,51.2496,13,3,0.335938,0,0.00812326
357,1009.59,53.9775,13,3,0.352539,0,0.00805349
358,435.151,49.4034,13,2,0.327148,0,0.00816758
359,1008.92,49.6386,13,3,0.317383,0,0.00800175
360,1008.92,50.559,13,3,0.339844,0,0.00807428
361,1008.92,49.0684,13,3,0.320312,0,0.00809314
362,1843.9,54.1189,13,4,0.337891,0,0.00804715
363,1009.59,51.1726,13,3,0.328125,0,0.00807527
364,1008.92,50.7364,13,3,0.337891,0,0.00820015
365,435.151,50.3151,13,2,0.338867,0,0.00803111
366,1008.92,53.0827,13,3,0.337891,0,0.00810901
367,435.151,48.6699,13,2,0.318359,0,0.00806188
368,1008.92,51.2977,13,3,0.326172,0,0.00808606
369,1008.92,55.2268,13,3,0.354492,0,0.0081045
370,435.127,49.1329,13,2,0.333008,0,0.00812111
371,1011.31,52.6926,13,3,0.34082,0,0.00814624
372,435.151,48.3802,13,2,0.320312,0,0.00807453
373,1011.31,52.4987,13,3,0.324219,0,0.00810898
374,435.151,47.6495,13,2,0.320312,0,0.00818857
375,1008.92,53.4247,13,3,0.348633,0,0.00809572
376,435.151,48.6878,13,2,0.327148,0,0.00816911
377,1008.92,47.5843,13,3,0.319336,0,0.00806875
378,1008.92,54.4879,13,3,0.364258,0,0.00813721
379,1008.92,51.7943,13,3,0.319336,0,0.00811738
380,1008.92,50.3298,13,3,0.328125,0,0.00802846
381,1011.31,48.7673,13,3,0.322266,0,0.0080999
382,1011.31,45.2069,13,3,0.296875,0,0.00821711
383,1011.78,55.0784,13,3,0.355469,0,0.00805627
384,1011.31,48.2377,13,3,0.311523,0,0.00815001
385,435.151,49.508,13,2,0.341797,0,0.00808121
386,1008.92,51.2866,13,3,0.335938,0,0.00801938
387,1009.59,51.7283,13,3,0.323242,0,0.00806358
388,1009.59,51.6243,13,3,0.334961,0,0.00823359
389,435.151,52.4526,13,2,0.339844,0,0.00818145
390,1008.92,51.5637,13,3,0.345703,0,0.00814697
391,1011.78,53.8175,13,3,0.342773,0,0.00810861
392,1008.92,48.7138,13,3,0.332031,0,0.00820617
393,1008.92,49.5361,13,3,0.318359,0,0.00812856
394,1008.92,49.0366,13,3,0.329102,0,0.00810457
395,1846.55,49.9341,13,4,0.320312,0,0.00824065
396,1008.92,50.402,13,3,0.322266,0,0.00819829
397,1008.92,50.0436,13,3,0.325195,0,0.008198
398,1008.92,47.9164,13,3,0.324219,0,0.00817174
399,1008.92,51.2585,13,3,0.339844,0,0.00816235
400,1009.59,52.3214,13,3,0.342773,0,0.00811973
401,1011.31,51.3612,13,3,0.338867,0,0.00888098
402,435.151,50.6209,13,2,0.335938,0,0.00804579
403,1008.92,51.3942,13,3,0.329102,0,0.0080751
404,1008.92,50.2554,13,3,0.333008,0,0.00814015
405,1008.92,48.2692,13,3,0.305664,0,0.00824372
406,1009.59,53.3908,13,3,0.350586,0,0.0081447
407,1009.59,50.7415,13,3,0.319336,0,0.00805893
408,1011.31,54.6342,13,3,0.351562,0,0.00824932
409,1008.92,51.6331,13,3,0.339844,0,0.00805808
410,1008.92,45.4331,13,3,0.305664,0,0.0080067
411,1008.92,51.6124,13,3,0.326172,0,0.0082949
412,1848.92,51.5888,13,4,0.330078,0,0.00797689
413,1008.92,51.6224,13,3,0.325195,0,0.00803813
414,1008.92,49.8729,13,3,0.319336,0,0.00801688
415,1011.31,48.355,13,3,0.318359,0,0.00798786
416,435.127,51.6004,13,2,0.34375,0,0.00811598
417,1011.31,53.0957,13,3,0.347656,0,0.00800726
418,1008.92,46.5204,13,3,0.318359,0,0.00800638
419,1843.9,48.1557,13,4,0.306641,0,0.0079846
420,1843.9,53.4105,13,4,0.342773,0,0.00799333
421,1008.92,45.6671,13,3,0.294922,0,0.00800193
422,1008.92,50.0857,13,3,0.332031,0,0.00799763
423,1011.31,51.4843,13,3,0.34668,0,0.00806731
424,1008.92,54.307,13,3,0.357422,0,0.00803321
425,1843.9,49.0221,13,4,0.316406,0,0.00801299
426,1009.59,51.0906,13,3,0.332031,0,0.00796713
427,1010.21,52.9752,13,3,0.357422,0,0.00799435
428,1011.31,57.1577,13,3,0.366211,0,0.00803899
429,1008.92,53.1044,13,3,0.347656,0,0.00806178
430,1011.31,52.4276,13,3,0.344727,0,0.00804229
431,1008.92,54.5296,13,3,0.353516,0,0.00799538
432,1008.92,54.4988,13,3,0.350586,0,0.00802731
433,1011.78,53.7134,13,3,0.349609,0,0.00803326
434,1011.31,51.5575,13,3,0.34082,0,0.00807621
435,1008.92,52.1939,13,3,0.336914,0,0.00811959
436,1011.31,59.4406,13,3,0.378906,0,0.00813868
437,435.151,48.5369,13,2,0.317383,0,0.00807882
438,1008.92,50.0795,13,3,0.334961,0,0.00807525
439,1008.92,53.4654,13,3,0.333984,0,0.00812133
440,1008.92,52.1421,13,3,0.351562,0,0.00799666
441,435.151,45.2644,13,2,0.307617,0,0.00793233
442,435.151,50.158,13,2,0.327148,0,0.0080545
443,1008.92,54.7587,13,3,0.353516,0,0.00808467
444,1011.31,52.2534,13,3,0.336914,0,0.00808938
445,1008.92,53.5921,13,3,0.345703,0,0.0080065
446,435.149,50.5684,13,2,0.34375,0,0.00816501
447,1843.9,58.5413,13,4,0.370117,0,0.00805279
448,435.127,46.888,13,2,0.325195,0,0.00807169
449,1009.59,53.7154,13,3,0.356445,0,0.00804547
450,1011.31,51.5193,13,3,0.338867,0,0.00808753
451,1011.31,53.7423,13,3,0.342773,0,0.00808516
452,435.151,48.144,13,2,0.321289,0,0.00805175
453,1008.92,55.3464,13,3,0.350586,0,0.00814939
454,435.151,53.2354,13,2,0.350586,0,0.00805051
455,1007.46,48.275,13,3,0.326172,0,0.00804204
456,1011.31,54.5679,13,3,0.348633,0,0.00803503
457,1011.31,53.4797,13,3,0.345703,0,0.00809459
458,1011.31,50.9653,13,3,0.34375,0,0.0081022
459,435.151,56.3654,13,2,0.364258,0,0.00810355
460,435.151,45.8266,13,2,0.3125,0,0.00821522
461,995.918,48.9616,13,3,0.324219,0,0.00811928
462,1008.92,53.4521,13,3,0.345703,0,0.00811427
463,1008.92,52.2537,13,3,0.347656,0,0.00806915
464,1008.92,55.4156,13,3,0.338867,0,0.00816695
465,1011.31,55.1183,13,3,0.34082,0,0.00818338
466,1008.92,51.9362,13,3,0.325195,0,0.00821639
467,1011.31,55.1487,13,3,0.347656,0,0.00814994
468,1008.92,53.2735,13,3,0.337891,0,0.00816737
469,1010.79,47.6195,13,3,0.321289,0,0.0082243
470,1008.92,50.3347,13,3,0.333008,0,0.0081771
471,1000.23,53.0322,13,3,0.344727,0,0.00839637
472,1011.31,55.5683,13,3,0.337891,0,0.00812833
473,1005.85,59.0816,13,3,0.386719,0,0.00832873
474,1834.62,56.6942,13,4,0.363281,0,0.00827137
475,435.151,52.9385,13,2,0.349609,0,0.00833336
476,1010.21,57.5593,13,3,0.360352,0,0.00838301
477,1005.85,57.1722,13,3,0.374023,0,0.00843513
478,1010.21,56.0617,13,3,0.355469,0,0.00843736
479,1008.92,61.9145,13,3,0.375,0,0.00840992
480,1823.71,57.5226,13,4,0.366211,0,0.00851937
481,1008.92,58.8014,13,3,0.362305,0,0.00845424
482,995.918,52.207,13,3,0.320312,0,0.00859746
483,1008.92,49.2168,13,3,0.322266,0,0.00861375
484,1005.85,53.7825,13,3,0.331055,0,0.00863685
485,1841.02,62.2909,15,4,0.376953,0,0.00867601
486,1011.78,58.2638,13,3,0.356445,0,0.00867543
487,1005.85,58.4034,15,3,0.365234,0,0.00892323
488,1008.21,62.469,15,3,0.374023,0,0.00901519
489,1010.21,61.3014,15,3,0.375,0,0.00885445
490,1011.31,59.4374,15,3,0.365234,0,0.00886152
491,1011.31,64.9695,15,3,0.383789,0,0.00886341
492,1783.71,61.5864,15,4,0.355469,0,0.0089786
493,1007.46,62.2162,15,3,0.387695,0,0.00893822
494,1000.23,60.1042,16,3,0.37793,0,0.0089681
495,1008.92,66.1213,16,3,0.382812,0,0.00916861
496,1007.46,52.7022,15,3,0.319336,0,0.00908641
497,1009.59,68.1633,17,3,0.412109,0,0.00929095
498,1007.46,68.5187,17,3,0.40625,0,0.00942772
499,1004.1,67.2089,17,3,0.396484,0,0.0095438
500,1006.68,74.3299,17,3,0.415039,0,0.0095035
501,1008.92,78.6256,18,3,0.456055,0,0.00964414
502,1793.4,74.546,18,4,0.427734,0,0.00990263
503,1008.21,73.3904,18,3,0.418945,0,0.0097592
504,1821.75,71.5551,18,4,0.410156,0,0.00979291
505,1813.59,78.636,19,4,0.43457,0,0.0100147
506,1008.92,70.6707,19,3,0.419922,0,0.0101251
507,1007.46,71.2484,19,3,0.394531,0,0.0100228
508,1000.23,74.9732,21,3,0.443359,0,0.0103113
509,1007.46,79.5849,21,3,0.451172,0,0.0102116
510,1815.68,77.1761,21,4,0.443359,0,0.0102391
511,1834.62,84.8645,21,4,0.460938,0,0.0103716
512,1008.92,85.3213,23,3,0.482422,0,0.0108133
513,1002.23,77.8282,22,3,0.443359,0,0.0109197
514,1008.92,86.8813,23,3,0.474609,0,0.0109723
515,1007.46,87.2153,25,3,0.476562,0,0.011252
516,1837.92,86.9398,22,4,0.44043,0,0.011073
517,2884.52,82.5289,22,5,0.43457,0,0.0112407
518,1776.18,85.7112,27,4,0.464844,0,0.0114163
519,1788.61,86.7373,26,4,0.466797,0,0.0124687
520,2909.97,97.8276,29,5,0.50293,0,0.0116911
521,1807.12,92.1378,33,4,0.506836,0,0.0119433
522,1768.44,83.9636,27,4,0.445312,0,0.0119841
523,1793.4,97.2267,33,4,0.519531,0,0.0119628
524,1802.66,87.2229,33,4,0.491211,0,0.0121899
525,1804.91,97.5465,33,4,0.509766,0,0.0122476
526,995.918,88.7757,33,3,0.484375,0,0.0121809
527,1817.74,96.8614,35,4,0.514648,0,0.0121203
528,1804.91,99.6555,36,4,0.526367,0,0.0127825
529,1807.12,90.52,35,4,0.506836,0,0.0125066
530,1763.17,96.8912,35,4,0.500977,0,0.0129324
531,1002.23,102.63,35,3,0.529297,0,0.0125379
532,1811.47,98.0785,40,4,0.524414,0,0.0129664
533,1841.02,95.4,35,4,0.487305,0,0.0132232
534,1834.62,107.926,36,4,0.529297,0,0.013118
535,2803.43,104.303,41,5,0.546875,0,0.0132497
536,1793.4,96.4996,43,4,0.505859,0,0.0132975
537,1837.92,101.723,41,4,0.532227,0,0.0130162
538,2834.58,106.696,42,5,0.53418,0,0.0135395
539,1802.66,96.3275,37,4,0.495117,0,0.0133785
540,4229.91,114.764,44,6,0.557617,0,0.0139199
541,1823.71,107.187,46,4,0.550781,0,0.0135934
542,4282.57,110.264,42,6,0.554688,0,0.0132816
543,1811.47,107.77,41,4,0.545898,0,0.0132715
544,1831.15,114.123,43,4,0.567383,0,0.0132872
545,1823.71,101.267,38,4,0.509766,0,0.0132446
546,2826.95,108.049,50,5,0.563477,0,0.0138591
547,1768.44,104.399,43,4,0.549805,0,0.0135555
548,1786.17,104.911,43,4,0.540039,0,0.0137733
549,4257.05,118.858,45,6,0.577148,0,0.0142562
550,1781.23,115.541,51,4,0.581055,0,0.0143415
551,2903.85,107.514,45,5,0.544922,0,0.0137058
552,1005.85,103.566,47,3,0.550781,0,0.0137135
553,2897.56,113.249,47,5,0.561523,0,0.0140014
554,1752.35,93.0896,41,4,0.477539,0,0.0140805
555,1802.66,114.983,51,4,0.592773,0,0.0137715
556,1823.71,106.123,51,4,0.555664,0,0.0145112
557,1749.6,113.069,53,4,0.594727,0,0.0145719
558,2884.52,109.6,52,5,0.569336,0,0.0143561
559,1000.23,106.56,45,3,0.537109,0,0.0147768
560,1819.76,109.03,48,4,0.564453,0,0.0138242
561,1823.71,107.18,50,4,0.551758,0,0.0145241
562,1819.76,112.583,53,4,0.578125,0,0.0146244
563,2819.22,123.973,46,5,0.574219,0,0.0146106
564,2834.58,119.583,54,5,0.606445,0,0.0145069
565,1817.74,122.355,53,4,0.605469,0,0.0146296
566,1807.12,118.809,51,4,0.588867,0,0.0152197
567,1823.71,111.551,51,4,0.564453,0,0.0153739
568,2826.95,125.218,52,5,0.594727,0,0.0154259
569,2826.95,117.221,53,5,0.589844,0,0.0225666
570,1809.31,115.33,51,4,0.580078,0,0.0223187
571,1798.09,115.947,52,4,0.59375,0,0.0160699
572,1802.66,121.825,53,4,0.605469,0,0.0155742
573,2891.12,123.506,53,5,0.609375,0,0.0157928
574,4186.5,126.765,58,6,0.621094,0,0.0147627
575,1827.51,122.902,66,4,0.626953,0,0.0146788
576,1804.91,136.261,53,4,0.655273,0,0.0143276
577,1827.51,119.416,53,4,0.595703,0,0.0145282
578,1815.68,119.287,48,4,0.586914,0,0.0144807
579,1825.63,118.219,51,4,0.584961,0,0.0147457
580,2778.96,114.809,51,5,0.577148,0,0.0147239
581,1793.4,128.18,53,4,0.619141,0,0.0152569
582,1773.62,112.098,53,4,0.571289,0,0.0150434
583,1823.71,119.306,55,4,0.602539,0,0.0157253
584,2903.85,123.647,55,5,0.59668,0,0.015195
585,1802.66,117.99,58,4,0.599609,0,0.0146321
586,1829.35,120.068,53,4,0.581055,0,0.0156158
587,2915.92,144.553,101,5,0.683594,0,0.0159359
588,1802.66,122.982,52,4,0.608398,0,0.014595
589,4243.67,115.747,54,6,0.575195,0,0.0149554
590,1798.09,130.133,101,4,0.655273,0,0.0152195
591,2826.95,132.152,59,5,0.642578,0,0.0149902
592,2753.63,124.896,101,5,0.634766,0,0.0147597
593,2819.22,124.644,63,5,0.616211,0,0.0148335
594,1829.35,119.821,70,4,0.616211,0,0.0152345
595,2845.8,123.045,65,5,0.618164,0,0.0154975
596,1757.8,135.874,101,4,0.667969,0,0.0151482
597,1825.63,127.756,65,4,0.625977,0,0.0150809
598,2906.93,137.03,101,5,0.657227,0,0.0152698
599,2867.41,125.943,56,5,0.611328,0,0.0149797
600,1827.51,124.182,101,4,0.632812,0,0.0153355
601,2915.92,130.348,101,5,0.640625,0,0.0153779
602,1831.15,122.775,59,4,0.602539,0,0.015358
603,1807.12,126.528,64,4,0.620117,0,0.0152762
604,1791.02,134.43,101,4,0.657227,0,0.0152327
605,2545.44,134.602,101,5,0.649414,0,0.0156458
606,1800.39,126.69,101,4,0.643555,0,0.0157719
607,1757.8,118.379,53,4,0.578125,0,0.0155125
608,1811.47,123.189,76,4,0.609375,0,0.0155202
609,2887.84,123.217,101,5,0.608398,0,0.016727
610,2787.22,135.873,101,5,0.65332,0,0.0163082
611,1778.72,128.666,101,4,0.641602,0,0.0157547
612,2921.69,139.433,101,5,0.671875,0,0.0159335
613,2783.1,126.057,101,5,0.621094,0,0.0159715
614,2849.48,120.904,101,5,0.59375,0,0.0160313
615,2535.16,130.67,101,5,0.620117,0,0.0165986
616,1798.09,127.97,101,4,0.629883,0,0.0163426
617,1809.31,133.136,101,4,0.641602,0,0.0162649
618,2874.36,134.053,101,5,0.638672,0,0.0167063
619,2524.81,134.599,101,5,0.652344,0,0.0161596
620,2877.78,150.818,101,5,0.677734,0,0.0164192
621,1819.76,134.74,101,4,0.657227,0,0.0168465
622,2884.52,143.069,107.538,5,0.693359,1,0.0161629
623,1798.09,141.553,101,4,0.661133,0,0.0168597
624,1809.31,126.988,101,4,0.612305,0,0.0162403
625,2903.85,144.404,101,5,0.671875,0,0.0177041
626,1807.12,140.649,101,4,0.649414,0,0.0167879
627,4113.41,144.178,101,6,0.652344,0,0.0161069
628,5804.47,146.248,101,7,0.669922,0,0.0170478
629,1823.71,149.47,106.306,4,0.706055,1,0.0163631
630,1815.68,133.152,101,4,0.647461,0,0.0165053
631,2921.69,146.153,101,5,0.664062,0,0.0166009
632,2803.43,139.026,101,5,0.637695,0,0.0170621
633,2860.33,156.359,101,5,0.712891,0,0.0167589
634,1793.4,146.418,101,4,0.6875,0,0.0176738
635,1829.35,132.52,101,4,0.629883,0,0.0169624
636,2723.05,146.664,101,5,0.678711,0,0.0172705
637,2686.83,150.771,101,5,0.645508,0,0.0183967
638,2903.85,159.872,106.306,5,0.708008,1,0.0180471
639,2838.35,159.131,108.13,5,0.726562,1,0.0173917
640,1746.82,156.961,106.306,4,0.720703,1,0.0183084
641,2900.72,165.38,101,5,0.731445,0,0.0176489
642,4028.62,165.778,101,6,0.714844,0,0.0184757
643,2891.12,165.424,103.594,5,0.730469,1,0.0183215
644,1823.71,150.495,101,4,0.645508,0,0.0188444
645,4057.57,175.842,101,6,0.735352,0,0.0198733
646,4210.99,165.634,101,6,0.716797,0,0.0190105
647,2535.16,168.312,104.312,5,0.735352,1,0.019001
648,5454.88,184.654,107.538,7,0.782227,1,0.0184775
649,3925.55,180.05,108.13,6,0.782227,1,0.0184938
650,4068.96,167.259,106.306,6,0.739258,1,0.0184295
651,4215.78,185.685,108.13,6,0.78418,1,0.0194633
652,4046.07,191.053,107.538,6,0.786133,1,0.0197459
653,4051.83,195.983,107.538,6,0.796875,1,0.0196153
654,3728.22,191.663,107.538,6,0.790039,1,0.0195429
655,4201.3,236.114,111.937,6,0.929688,1,0.0197486
656,2799.41,200.703,111.425,5,0.84082,1,0.0207315
657,2897.56,227.471,109.275,5,0.875,1,0.0213857
658,4113.41,218.616,112.934,6,0.897461,1,0.0209953
659,7566.81,255.825,113.419,9,0.960938,1,0.0217523
660,7831.93,266.5,111.937,8,0.96875,1,0.0220094
661,4063.27,242.493,112.44,6,0.927734,1,0.0224237
662,4898.44,253.903,112.934,7,0.955078,1,0.0220745
663,4010.94,244.257,111.937,6,0.938477,1,0.0218444
664,7861.96,264.122,113.897,8,0.978516,1,0.0219191
665,4186.5,251.319,116.17,6,1.00781,1,0.021831
666,8679.94,263.858,113.897,9,0.975586,1,0.0229038
667,4206.17,271.277,113.897,6,1.00488,1,0.0227984
668,5848.92,283.607,114.828,7,1.0293,1,0.0216998
669,7869.34,309.252,117.45,8,1.11133,1,0.0231808
670,4220.53,307.036,115.729,6,1.10254,1,0.0235097
671,9571.62,333.095,117.45,9,1.14258,1,0.0232043
672,11045.2,342.022,118.273,10,1.16016,1,0.0230949
673,5623.83,341.963,119.847,7,1.18848,1,0.0241425
674,7467.02,341.727,117.45,8,1.19141,1,0.0230008
675,11738.5,347.182,117.865,10,1.14551,1,0.0238358
676,12197.1,341.803,118.273,10,1.17285,1,0.0242844
677,7265.96,400.211,122.047,8,1.28418,1,0.0240614
678,7557.96,379.158,120.97,8,1.25098,1,0.0241816
679,12127.6,451.522,124.072,10,1.38477,1,0.0250605
680,7610.9,443.94,124.072,8,1.37402,1,0.0239324
681,9708.01,488.818,136.624,9,1.47754,1,0.0249002
682,9741.36,493.64,125.938,9,1.43164,1,0.0250348
683,9674.36,492.677,137.3,9,1.48242,1,0.0248242
684,15118.7,479.913,137.17,11,1.48926,1,0.0238307
685,9110.94,483.755,137.17,9,1.4707,1,0.0250144
686,58375.6,580.183,136.902,15,1.52637,1,0.0261705
687,16098,582.762,137.796,11,1.60938,1,0.0253427
688,15728.2,578.322,137.914,11,1.60547,1,0.0248838
689,16567.3,577.852,138.03,11,1.62207,1,0.024979
690,15535.5,597.773,140.068,11,1.7002,1,0.0253297
691,11914.1,647.656,138.254,10,1.71387,1,0.0244165
692,19168.2,667.719,139.238,12,1.7627,1,0.025118
693,58453.4,745.597,140.004,15,1.78027,1,0.025485
694,16157.4,690.978,138.967,11,1.75684,1,0.0256344
695,22592.3,758.762,352.773,13,1.85645,2,0.0260901
696,20883.6,767.388,357.18,12,1.89453,2,0.0258628
697,36426.1,865.552,363.639,14,1.98828,2,0.0267954
698,27827.7,877.553,407.061,13,2.01074,2,0.026455
699,566485,1336.25,358.27,19,1.88867,2,0.0251703
700,1.09388e+06,2992.42,420.239,20,2.31836,2,0.0263287
701,299343,3112.72,420.239,18,2.73145,2,0.0292899
702,8.44889e+06,11949.5,430.413,23,3.23242,2,0.0320954
703,2.14572e+06,9577.87,830.89,21,3.74219,3,0.0332885
704,3.36261e+07,67163.1,896.806,25,3.98145,3,0.035309
705,4.24983e+06,16255.9,933.708,22,4.16895,3,0.0366994
706,4.24438e+06,16479.9,961.25,22,4.29297,3,0.0381177
707,8.45004e+06,27389.7,853.804,23,4.08594,3,0.0370789
708,8.45088e+06,17006.9,940.922,23,4.20801,3,0.0365479
709,4.2483e+06,21927.6,946.193,22,4.36719,3,0.0379133
710,2.14738e+06,13547.5,977.944,21,4.65918,3,0.0408299
711,6.71846e+07,95314.7,977.944,26,4.63281,3,0.0398433
712,3.36194e+07,66138,1461.16,25,5.12598,4,0.0442539
713,8.44677e+06,32599.1,1424.97,23,5.19629,4,0.0445714
714,1.6838e+07,42856,1441.16,24,5.04492,4,0.04572
715,1.68441e+07,73370.8,1624.7,24,5.20898,4,0.0448049
716,4.24602e+06,17571.3,988.72,22,4.76758,3,0.0427594
717,1.6843e+07,44511.5,1354.37,24,4.81543,4,0.0428469
718,1.68388e+07,48336.7,1519.52,24,4.97852,4,0.0421608
719,3.36229e+07,70744.4,1668.15,25,5.32617,4,0.0433861
720,1.6844e+07,53719.7,1738.37,24,5.71875,4,0.0457
721,1.68431e+07,63665.6,1702.88,24,5.58984,4,0.046193
722,4.24737e+06,31135.4,1735.52,22,5.50488,4,0.0455925
723,8.4463e+06,29106.2,1746.82,23,5.51074,4,0.0462267
724,8.45014e+06,42955.5,1720.96,23,5.66992,4,0.047565
725,6.71872e+07,145283,2015.47,26,5.91602,5,0.0477741
726,3.36242e+07,86272.9,1804.91,25,5.83691,4,0.0482351
727,8.45222e+06,58290.5,2450.67,23,6.12207,5,0.0503559
728,2.68517e+08,439742,2736.29,28,6.35742,5,0.0498838
729,3.36277e+07,98208.3,2691.43,25,6.38477,5,0.0471484
730,6.71875e+07,292173,2727.49,26,6.37207,5,0.0464633
731,3.3628e+07,100511,2585.91,25,6.10156,5,0.0482209
732,3.36263e+07,97395.4,2600.81,25,6.25781,5,0.0474786
733,2.68525e+08,384024,2682.21,28,6.43262,5,0.0486701
734,2.68528e+08,314001,2757.91,28,6.60254,5,0.0482122
735,1.07385e+09,1.23369e+06,2373.67,30,6.13574,5,0.0449724
736,3.36283e+07,125901,1807.12,25,5.96973,4,0.0437697
737,3.36254e+07,132632,2529.99,25,6.1543,5,0.0466727
738,6.71829e+07,215524,2472.15,26,6.32227,5,0.048116
739,5.36964e+08,1.14786e+06,2654.09,29,6.64062,5,0.0492307
740,5.36969e+08,683963,2815.31,29,6.77148,5,0.0499785
741,3.36234e+07,178064,2498.67,25,6.37207,5,0.0481187
742,1.34297e+08,280375,2672.92,27,6.53223,5,0.0488178
743,1.34294e+08,539999,3068.63,27,7.02051,6,0.0520447
744,2.14759e+09,4.53372e+06,2791.31,31,6.93066,5,0.0522363
745,1.34298e+08,248057,2509.17,27,6.6582,5,0.053478
746,2.14759e+09,2.4476e+06,2718.6,31,6.94336,5,0.0538856
747,5.36967e+08,1.46538e+06,3085.02,29,7.33398,6,0.055711
748,2.68528e+08,1.21755e+06,3623.07,28,7.44922,6,0.055066
749,2.68524e+08,894454,2615.56,28,7.05371,5,0.0552173
750,8.59006e+09,8.93997e+06,3874.74,33,7.36914,6,0.0572459
751,1.34301e+08,750395,4134.93,27,7.88379,6,0.0604413
752,4.29508e+09,8.41472e+06,5533.32,32,8.55859,7,0.0639447
753,1.07384e+09,2.30165e+06,5406.59,30,8.13574,7,0.0614737
754,5.36959e+08,2.45112e+06,6386.55,29,8.79102,8,0.0656579
755,4.29508e+09,1.14392e+07,5533.32,32,8.74707,7,0.0649545
756,1.34301e+08,715419,4500.95,27,8.13379,7,0.0616036
757,2.14759e+09,6.11797e+06,4480.86,31,7.98535,7,0.0615831
758,5.3697e+08,3.74773e+06,5298.97,29,8.49121,7,0.0654264
759,4.29508e+09,7.37254e+06,4717.77,32,8.29102,7,0.0631858
760,5.36964e+08,2.81326e+06,5248,29,8.50781,7,0.064143
761,5.36968e+08,2.36194e+06,4926.38,29,8.40039,7,0.0640455
762,8.59004e+09,1.36762e+07,4193.15,33,8.12402,7,0.0627766
763,4.29508e+09,7.78202e+06,5248,32,8.74707,7,0.0667743
764,4.29507e+09,8.55174e+06,5204.92,32,8.83398,7,0.0677069
765,8.59005e+09,1.3724e+07,5601.59,33,8.83691,7,0.068995
766,8.59005e+09,1.47842e+07,4907.77,33,8.62891,7,0.0668389
767,1.718e+10,3.91767e+07,5509.3,34,9.17578,8,0.0699663
768,8.59006e+09,2.72429e+07,5045.49,33,8.86035,7,0.0683414
769,1.718e+10,2.81117e+07,4091.41,34,8.6582,6,0.0664706
770,8.59005e+09,2.59908e+07,5248,33,9.23828,7,0.0719916
771,2.14759e+09,1.11709e+07,5239.43,31,8.90332,7,0.0698499
772,8.59004e+09,2.0454e+07,5204.92,33,8.66504,7,0.0675859
773,8.59006e+09,3.61928e+07,5063.53,33,8.92383,7,0.0687506
774,1.07384e+09,3.2301e+06,5099.37,30,8.7334,7,0.0678402
775,1.718e+10,4.90386e+07,3906.66,34,8.54102,6,0.068028
776,1.37439e+11,1.54571e+08,5230.83,37,9.13184,7,0.0705722
777,1.718e+10,2.55439e+07,2774.8,34,8.03027,5,0.064025
778,4.29507e+09,1.41679e+07,2668.24,32,7.78516,5,0.0603312
779,4.29508e+09,1.8884e+07,3010.86,32,8.13672,6,0.0645797
780,2.74878e+11,2.96902e+08,2842.09,38,8.16699,5,0.0666559
781,1.37439e+11,3.56098e+08,5777.64,37,10.0205,8,0.0793557
782,2.74878e+11,6.56314e+08,7010.77,38,10.3105,8,0.0830521
783,2.74878e+11,5.22229e+08,6172.47,38,10.0566,8,0.0804582
784,5.49756e+11,6.5685e+08,5454.88,39,9.58105,7,0.078004
785,5.49756e+11,7.99018e+08,3755.56,39,9.14355,6,0.0779961
786,1.37439e+11,4.18532e+08,5349.14,37,9.56543,7,0.0803454
787,1.37439e+11,9.14407e+08,5609.03,37,9.61816,7,0.0775243
788,6.87196e+10,2.22415e+08,4600.48,36,9.36621,7,0.077363
789,7.03687e+13,6.98961e+10,5573.82,46,10.1006,8,0.0840577
790,5.49756e+11,1.61622e+09,7804.88,39,11.0156,9,0.084773
791,8.79609e+12,9.22769e+09,5688.97,43,10.2754,8,0.0820914
792,5.49756e+11,8.5766e+08,6594.41,39,10.6943,8,0.0823753
793,1.09951e+12,4.47397e+09,6904.35,40,10.5,8,0.0820528
794,2.19902e+12,3.04389e+09,5414.7,41,10.2559,7,0.0804016
795,1.37439e+11,4.65139e+08,9466.31,37,11.3779,9,0.0887961
796,5.49756e+11,8.26945e+08,6386.55,39,10.2021,8,0.0818546
797,4.39805e+12,4.88565e+09,5964.9,42,10.1729,8,0.0805564
798,5.49756e+11,2.03832e+09,7636.89,39,11.4326,8,0.0940969
799,1.75922e+13,2.02219e+10,6583.03,44,10.751,8,0.0837514
800,5.49756e+11,1.88997e+09,9907.31,39,11.6055,10,0.0902837
801,2.19902e+12,4.11468e+09,8996.05,41,11.5713,9,0.0891185
802,4.39805e+12,7.5819e+09,10421.6,42,11.5713,10,0.0893006
803,2.19902e+12,3.15098e+09,7305.25,41,10.9014,8,0.0867239
804,2.74878e+11,9.56035e+08,6989.67,38,10.4385,8,0.0832094
805,1.09951e+12,2.62908e+09,8852.88,40,10.9053,9,0.0853182
806,2.74878e+11,1.74318e+09,7540.04,38,11.0312,8,0.0887759
807,1.09951e+12,3.31331e+09,7135.27,40,10.9639,8,0.087217
808,5.49756e+11,1.41365e+09,6740.42,39,10.5225,8,0.0833748
809,2.74878e+11,7.83626e+08,5248,38,10.0332,7,0.0822728
810,5.49756e+11,1.28609e+09,5315.79,39,10.1426,7,0.0814814
811,4.39805e+12,5.21283e+09,7400.46,42,10.3096,9,0.0818796
812,4.39805e+12,6.58007e+09,4266.16,42,9.69238,7,0.0811657
813,1.37439e+11,4.74829e+08,3644.42,37,9.15332,6,0.0756855
814,6.87196e+10,4.95084e+08,2791.31,36,9.19043,5,0.0745945
815,1.09951e+12,1.67804e+09,4140.23,40,9.43262,6,0.0748256
816,1.75922e+13,1.78313e+10,6817.54,44,10.2803,8,0.0836262
817,5.49756e+11,1.36316e+09,4917.09,39,9.89355,7,0.0781345
818,2.81475e+14,2.75901e+11,5324.16,48,10.0645,7,0.0799832
819,1.09951e+12,2.21609e+09,4990.92,40,10.0615,7,0.0797439
820,1.37439e+11,8.31355e+08,4842.08,37,10.2344,7,0.081008
821,8.79609e+12,9.45049e+09,4981.75,43,10.3291,7,0.081582
822,4.39805e+12,5.66576e+09,5525.6,42,10.4062,7,0.0805989
823,1.09951e+12,3.82771e+09,5332.51,40,10.3789,7,0.0812718
824,5.49756e+11,1.55522e+09,7145.48,39,10.7998,8,0.0814318
825,8.79609e+12,1.13324e+10,7246.15,43,11.1445,8,0.085121
826,8.79609e+12,1.32287e+10,5797.97,43,10.6562,7,0.0818505
827,1.09951e+12,3.08899e+09,5099.37,40,10.1924,7,0.0810751
828,2.19902e+12,8.43894e+09,5382.11,41,10.4092,7,0.0833836
829,1.37439e+11,8.90947e+08,8406.41,37,11.3799,9,0.0848943
830,8.79609e+12,1.79206e+10,4879.73,43,10.5156,7,0.0808302
831,2.74878e+11,1.04797e+09,9571.62,38,11.4082,9,0.0846738
832,1.09951e+12,3.09406e+09,5018.29,40,10.2363,7,0.0815837
833,4.39805e+12,7.69208e+09,5444.38,42,10.2578,8,0.0797056
834,8.79609e+12,1.21789e+10,7083.83,43,10.8418,8,0.0831703
835,8.79609e+12,1.08733e+10,5382.11,43,11.3174,7,0.0856894
836,2.19902e+12,1.0777e+10,9640.4,41,12.3613,9,0.0897469
837,3.51844e+13,4.71167e+10,9072.88,45,11.8145,9,0.0896745
838,1.09951e+12,6.23459e+09,13355.5,40,12.4336,11,0.0920261
839,8.79609e+12,1.87147e+10,10997.1,43,11.9014,10,0.0901997
840,2.19902e+12,4.52152e+09,9571.62,41,11.9482,9,0.0898703
841,4.39805e+12,6.84643e+09,9871.54,42,12.0029,9,0.0922599
842,5.49756e+11,2.73155e+09,10080.8,39,12.0254,10,0.0926899
843,8.79609e+12,1.01104e+10,11498,43,12.0576,10,0.0930334
844,1.09951e+12,3.66924e+09,9186.37,40,12.2217,9,0.091761
845,1.09951e+12,4.18059e+09,10884.2,40,12.1338,10,0.0917714
846,2.19902e+12,4.58146e+09,15437.3,41,12.7021,11,0.0936182
847,5.49756e+11,1.95349e+09,8420.29,39,11.2578,9,0.085959
848,5.49756e+11,2.97127e+09,11467.5,39,12.3965,10,0.0916264
849,5.49756e+11,1.98897e+09,9500.96,39,11.833,10,0.0893999
850,2.19902e+12,5.27389e+09,9860.89,41,11.8369,9,0.0899206
851,1.75922e+13,5.29709e+10,10337.1,44,12.2832,10,0.0936947
852,7.03687e+13,8.98449e+10,8406.41,46,11.8008,9,0.0890453
853,8.79609e+12,1.76013e+10,14100.2,43,13.3672,11,0.0989174
854,8.79609e+12,3.01584e+10,11738.5,43,13.2217,10,0.0992476
855,1.40737e+14,2.1093e+11,15135.8,47,13.2588,11,0.0999178
856,3.51844e+13,8.48969e+10,17964.7,45,13.5176,12,0.0993859
857,2.19902e+12,7.57026e+09,18396.8,41,13.668,12,0.101442
858,1.09951e+12,3.7795e+09,14946.6,40,13.1045,11,0.100527
859,4.39805e+12,1.88121e+10,11061.1,42,12.7168,10,0.0976573
860,3.51844e+13,5.36573e+10,12238.5,45,12.8525,10,0.0970588
861,8.79609e+12,2.53797e+10,12279.6,43,12.7012,10,0.0962119
862,1.75922e+13,3.02501e+10,11077.1,44,12.5195,10,0.0982218
863,1.40737e+14,2.19411e+11,9060.14,47,11.835,9,0.0932749
864,4.39805e+12,1.42681e+10,12211,42,12.1064,10,0.0905981
865,4.5036e+15,4.43703e+12,15135.8,52,12.8418,11,0.0961684
866,5.49756e+11,2.22247e+09,15535.5,39,12.6631,11,0.0917403
867,1.75922e+13,4.10013e+10,11664.1,44,12.4473,10,0.0947768
868,4.39805e+12,8.77612e+09,15186.7,42,12.9873,11,0.0966334
869,8.79609e+12,1.99429e+10,15203.7,43,13.124,11,0.0981261
870,8.79609e+12,2.66664e+10,15237.4,43,12.8809,11,0.0978685
871,8.79609e+12,1.4321e+10,11957.3,43,12.7266,10,0.0980143
872,1.75922e+13,4.53921e+10,18225.2,44,13.2754,12,0.098533
873,2.2518e+15,2.32084e+12,9784.72,51,12.4395,10,0.0933527
874,1.09951e+12,4.40784e+09,13969.2,40,12.5059,11,0.0947581
875,3.51844e+13,4.04993e+10,9629.02,45,11.7051,9,0.0895048
876,4.5036e+15,4.41542e+12,6828.47,52,11.499,8,0.0939069
877,1.40737e+14,1.74047e+11,7965.79,47,12.833,9,0.0973682
878,3.60288e+16,3.58869e+13,7353.72,55,12.626,8,0.094001
879,2.2518e+15,2.38546e+12,5502.26,51,12.3809,7,0.0951134
880,3.51844e+13,1.20943e+11,9617.6,45,13.7529,9,0.100044
881,4.5036e+15,4.85809e+12,9161.33,52,13.6426,9,0.101735
882,7.03687e+13,1.63084e+11,19450,46,14.4824,12,0.103435
883,3.51844e+13,1.18649e+11,11282,45,13.9717,10,0.102823
884,7.03687e+13,3.17211e+11,12597.1,46,13.8662,11,0.101007
885,7.03687e+13,1.69083e+11,9674.36,46,13.3096,9,0.0963494
886,7.03687e+13,2.19607e+11,9394.74,46,13.1543,9,0.0968325
887,2.2518e+15,2.59855e+12,6617.1,51,13.291,8,0.0979891
888,5.6295e+14,8.04326e+11,12085.4,49,14.2812,10,0.10448
889,5.6295e+14,9.40793e+11,14285.2,49,14.5254,11,0.105278
890,1.1259e+15,2.41156e+12,9594.67,50,13.8623,9,0.102103
891,5.6295e+14,8.99206e+11,15453.8,49,14.4941,11,0.107064
892,1.80144e+16,1.92115e+13,25021.4,54,15.0312,13,0.112983
893,2.81475e+14,1.28211e+12,55385.9,48,16.3906,15,0.120329
894,9.0072e+15,1.13472e+13,33415.2,53,15.4619,14,0.116922
895,5.6295e+14,7.57342e+11,11467.5,49,14.1533,10,0.107039
896,7.20576e+16,1.41971e+14,15807,56,15.7627,11,0.115682
897,4.61169e+18,4.54976e+15,12400.9,62,14.835,10,0.111501
898,9.0072e+15,1.38104e+13,19549.2,53,15.5732,12,0.115511
899,2.30584e+18,2.27772e+15,26853,61,16.1592,13,0.120617
900,5.76461e+17,6.16782e+14,56691.5,59,16.8115,15,0.124321
901,3.60288e+16,4.18127e+13,56860.6,55,16.3242,15,0.123015
902,9.0072e+15,1.4794e+13,161150,53,17.0801,17,0.124637
903,3.60288e+16,7.20559e+13,37279.8,55,15.832,14,0.11685
904,4.5036e+15,1.17539e+13,37755.3,52,15.9199,14,0.117679
905,4.5036e+15,6.17203e+12,36134,52,15.3564,14,0.117081
906,2.8823e+17,3.0064e+14,35181.8,58,15.5547,14,0.11783
907,1.80144e+16,2.14358e+13,90810.3,54,16.6172,16,0.121873
908,2.2518e+15,3.9097e+12,12155.5,51,14.7422,10,0.110007
909,1.1259e+15,2.33683e+12,9696.83,50,13.6338,9,0.103036
910,1.1259e+15,3.12288e+12,10063.5,50,13.542,10,0.103636
911,1.80144e+16,1.85681e+13,12252.2,54,13.8643,10,0.106805
912,1.80144e+16,1.84582e+13,26234.6,54,14.2979,13,0.108797
913,1.80144e+16,1.94195e+13,26613.2,54,15.0137,13,0.115209
914,2.81475e+14,6.7341e+11,26121.5,48,15.0898,13,0.110836
915,7.20576e+16,7.80683e+13,16083,56,14.8721,11,0.112971
916,2.2518e+15,3.51837e+12,23961.5,51,15.1934,13,0.115661
917,2.2518e+15,5.86592e+12,13257.5,51,14.7334,11,0.113758
918,1.80144e+16,1.97662e+13,37681,54,15.5391,14,0.117667
919,1.1259e+15,3.88788e+12,58008.1,50,16.2354,15,0.125349
920,2.2518e+15,6.39528e+12,55474.9,51,16.085,15,0.120698
921,1.1259e+15,2.51507e+12,27647.8,50,15.627,13,0.119079
922,1.44115e+17,2.21178e+14,56492.8,57,16.2881,15,0.123547
923,1.80144e+16,4.58743e+13,26657.1,54,15.8506,13,0.115864
924,7.20576e+16,7.35833e+13,26234.6,56,15.6455,13,0.118147
925,9.0072e+15,1.02829e+13,36766.4,53,15.5664,14,0.115467
926,1.80144e+16,2.56968e+13,26324.5,54,15.8262,13,0.116876
927,1.40737e+14,9.99024e+11,15135.8,47,14.9893,11,0.11231
928,1.80144e+16,1.85224e+13,20423.4,54,15.2764,12,0.1117
929,1.1259e+15,2.13855e+12,38000.5,50,15.792,14,0.115569
930,9.0072e+15,1.19735e+13,20146.3,53,14.7178,12,0.10886
931,1.1259e+15,2.45552e+12,56177.1,50,15.3291,15,0.111686
932,9.0072e+15,1.44529e+13,90038.6,53,16.0908,16,0.116425
933,3.60288e+16,4.00715e+13,56860.6,55,16.0186,15,0.117791
934,5.6295e+14,1.4753e+12,58061,49,16.4717,15,0.119379
935,5.76461e+17,5.66904e+14,55326.4,59,16.4922,15,0.12021
936,7.20576e+16,7.63922e+13,157531,56,17.3818,17,0.128525
937,1.44115e+17,1.67643e+14,1.09076e+06,57,18.7461,20,0.139252
938,2.2518e+15,1.026e+13,162485,51,17.5615,17,0.130434
939,3.60288e+16,5.96722e+13,38385.3,55,16.834,14,0.128102
940,4.5036e+15,8.73453e+12,91598.3,52,17.3623,16,0.12763
941,7.20576e+16,1.11646e+14,57139.6,56,16.7158,15,0.123934
942,7.20576e+16,7.3481e+13,56407.1,56,16.5176,15,0.124938
943,4.5036e+15,1.67267e+13,559431,52,17.4746,19,0.132173
944,1.15292e+18,1.129e+15,562095,60,18.1006,19,0.13509
945,1.1259e+15,5.59625e+12,2.14149e+06,50,18.7764,21,0.137438
946,7.20576e+16,1.12661e+14,4.24402e+06,56,19.4941,22,0.142476
947,7.20576e+16,1.08432e+14,2.14738e+06,56,19.1514,21,0.140809
948,9.0072e+15,2.561e+13,563071,53,18.5449,19,0.134974
949,4.5036e+15,1.21306e+13,4.23762e+06,52,19.2402,22,0.142285
950,2.30584e+18,2.314e+15,560547,61,18.3584,19,0.134415
951,2.30584e+18,2.27789e+15,8.44414e+06,61,20.3145,23,0.148056
952,3.60288e+16,7.68392e+13,1.68363e+07,55,21.2861,24,0.155277
953,7.20576e+16,8.03292e+13,8.44191e+06,56,20.2031,23,0.15122
954,4.5036e+15,1.73915e+13,1.68339e+07,52,20.5537,24,0.150805
955,1.80144e+16,4.60271e+13,8.44479e+06,54,20.2422,23,0.150361
956,9.22337e+18,9.06069e+15,8.43692e+06,63,19.9697,23,0.156211
957,7.20576e+16,1.15014e+14,3.36216e+07,56,21.8203,25,0.160007
958,9.0072e+15,2.37743e+13,1.68348e+07,53,20.9629,24,0.156579
959,1.15292e+18,1.14244e+15,8.44403e+06,60,20.1689,23,0.150568
960,5.76461e+17,7.67176e+14,8.43633e+06,59,20.3125,23,0.153452
961,9.0072e+15,2.2008e+13,1.09115e+06,53,19.2529,20,0.14416
962,7.20576e+16,8.54767e+13,561806,56,18.5117,19,0.14177
963,4.5036e+15,1.14891e+13,161704,52,17.499,17,0.138457
964,4.5036e+15,1.21036e+13,295286,52,17.8506,18,0.140455
965,3.60288e+16,5.14899e+13,92838.8,55,17.084,16,0.134662
966,9.22337e+18,9.0485e+15,161978,63,17.8232,17,0.141002
967,3.60288e+16,5.18646e+13,1.08813e+06,55,18.9834,20,0.146219
968,3.60288e+16,6.50879e+13,563312,55,18.7852,19,0.14545
969,7.20576e+16,1.50008e+14,290204,56,17.7881,18,0.136182
970,1.80144e+16,3.62443e+13,296914,54,17.9824,18,0.142131
971,1.44115e+17,1.64482e+14,562054,57,18.5498,19,0.139298
972,2.2518e+15,1.02918e+13,4.24727e+06,51,20.127,22,0.153611
973,9.0072e+15,2.26697e+13,4.24642e+06,53,20.5615,22,0.157369
974,2.8823e+17,3.75241e+14,1.0849e+06,58,19.5205,20,0.15082
975,1.80144e+16,4.47206e+13,2.14094e+06,54,20.0859,21,0.149049
976,3.60288e+16,1.2079e+14,8.43992e+06,55,21.3604,23,0.157782
977,5.76461e+17,6.90829e+14,1.09215e+06,59,19.6152,20,0.144969
978,7.20576e+16,9.2377e+13,4.24313e+06,56,20.7578,22,0.155925
979,9.22337e+18,1.02405e+16,1.68357e+07,63,22.1143,24,0.163548
980,7.20576e+16,1.71585e+14,8.44463e+06,56,21.8545,23,0.15664
981,4.61169e+18,4.56119e+15,8.44112e+06,62,21.3252,23,0.155384
982,1.44115e+17,2.16705e+14,8.4374e+06,57,21.8135,23,0.154062
983,2.30584e+18,2.52015e+15,3.36183e+07,61,22.7119,25,0.163631
984,7.20576e+16,1.57922e+14,2.14568e+06,56,21.459,21,0.155479
985,2.8823e+17,4.57567e+14,1.68315e+07,58,22.4736,24,0.164139
986,1.80144e+16,4.49153e+13,4.24546e+06,54,21.3564,22,0.154631
987,7.20576e+16,1.53514e+14,1.68355e+07,56,21.9043,24,0.161798
988,3.60288e+16,8.01653e+13,559257,55,20.2344,19,0.147895
989,9.22337e+18,9.11543e+15,8.43645e+06,63,21.3164,23,0.159295
990,1.44115e+17,2.02473e+14,8.44452e+06,57,22.1826,23,0.163941
991,3.60288e+16,5.44835e+13,1.68392e+07,55,21.2383,24,0.155511
992,1.80144e+16,5.53753e+13,6.71727e+07,54,22.3721,26,0.163095
993,9.0072e+15,4.21281e+13,3.3617e+07,53,22.1904,25,0.161883
994,1.44115e+17,2.84246e+14,564532,57,20.8906,19,0.152958
995,1.15292e+18,1.4692e+15,1.68393e+07,60,22.4512,24,0.167709
996,5.76461e+17,6.06777e+14,3.36176e+07,59,22.374,25,0.163453
997,1.80144e+16,1.09597e+14,1.68311e+07,54,21.7676,24,0.161842
998,7.20576e+16,1.35554e+14,2.14631e+06,56,20.5391,21,0.153154
999,1.80144e+16,4.33281e+13,3.36194e+07,54,22.2979,25,0.164322
1000,2.8823e+17,3.33729e+14,8.44474e+06,58,21.4121,23,0.152523
1001,2.8823e+17,4.46554e+14,8.44539e+06,58,21.582,23,0.156755
1002,7.20576e+16,1.12373e+14,8.44818e+06,56,22.0264,23,0.164186
1003,9.0072e+15,3.18649e+13,2.14203e+06,53,20.8779,21,0.155489
1004,7.20576e+16,1.63991e+14,3.3614e+07,56,22.4805,25,0.162431
1005,1.15292e+18,1.23814e+15,8.43292e+06,60,21.3838,23,0.158261
1006,2.8823e+17,6.82288e+14,8.44719e+06,58,22.0586,23,0.163236
1007,1.84467e+19,1.99698e+16,3.3617e+07,64,23.0547,25,0.168609
1008,4.61169e+18,4.5343e+15,2.13805e+06,62,20.7168,21,0.157754
1009,5.76461e+17,1.70156e+15,1.68345e+07,59,23.2207,24,0.171152
1010,9.22337e+18,1.13666e+16,1.68308e+07,63,22.9238,24,0.175219
1011,2.8823e+17,6.353e+14,4.2412e+06,58,22.0166,22,0.17262
1012,9.22337e+18,1.38929e+16,4.24702e+06,63,22.1475,22,0.170743
1013,1.15292e+18,2.25516e+15,1.68377e+07,60,23.6318,24,0.176925
1014,5.76461e+17,1.11763e+15,1.34295e+08,59,24.8271,27,0.18876
1015,2.30584e+18,3.00787e+15,1.34289e+08,61,24.834,27,0.183609
1016,1.44115e+17,4.92397e+14,5.36947e+08,57,26.4795,29,0.198444
1017,4.61169e+18,5.53019e+15,2.68516e+08,62,25.9717,28,0.195479
1018,1.84467e+19,2.61975e+16,5.36953e+08,64,27.0283,29,0.198601
1019,1.15292e+18,2.85793e+15,2.68514e+08,60,25.8799,28,0.194014
1020,9.22337e+18,1.71595e+16,1.3428e+08,63,24.7812,27,0.190498
1021,4.61169e+18,1.35746e+16,1.34296e+08,62,25.1855,27,0.19064
1022,1.44115e+17,4.37575e+14,4.24412e+06,57,22.7275,22,0.173286
1023,1.15292e+18,2.5015e+15,1.68399e+07,60,23.2305,24,0.173889
1024,1.15292e+18,1.783e+15,3.36231e+07,60,23.9932,25,0.178726
1025,5.76461e+17,1.68253e+15,6.71799e+07,59,24.292,26,0.18079
1026,1.15292e+18,2.09804e+15,3.3619e+07,60,23.7422,25,0.177736
1027,3.68935e+19,3.87511e+16,1.68367e+07,65,23.0381,24,0.17585
1028,1.47574e+20,1.52939e+17,6.71734e+07,67,24.2402,26,0.181762
1029,2.30584e+18,3.09326e+15,3.36145e+07,61,23.0537,25,0.17585
1030,4.61169e+18,1.02963e+16,6.71673e+07,62,24.127,26,0.182009
1031,9.22337e+18,1.33218e+16,3.36198e+07,63,23.4746,25,0.183667
1032,4.61169e+18,8.59433e+15,1.34298e+08,62,25.0654,27,0.191893
1033,4.72237e+21,4.63815e+18,4.24627e+06,72,22.6641,22,0.172944
1034,1.15292e+18,3.34309e+15,4.2436e+06,60,22.1348,22,0.167161
1035,1.44115e+17,5.01573e+14,3.36147e+07,57,23.4102,25,0.179273
1036,5.76461e+17,2.52296e+15,1.68402e+07,59,23.0947,24,0.177261
1037,9.22337e+18,1.03609e+16,2.68515e+08,63,25.459,28,0.189839
1038,5.76461e+17,1.52663e+15,8.44043e+06,59,22.9209,23,0.17779
1039,9.22337e+18,1.20903e+16,1.34292e+08,63,24.917,27,0.187569
1040,2.8823e+17,1.33614e+15,1.07383e+09,58,27.1035,30,0.20161
1041,1.15292e+18,3.48954e+15,2.68516e+08,60,25.3037,28,0.189311
1042,2.30584e+18,3.59785e+15,2.68506e+08,61,24.9062,28,0.186336
1043,4.61169e+18,5.12482e+15,5.36949e+08,62,25.334,29,0.190963
1044,1.15292e+18,3.8518e+15,6.71753e+07,60,23.8252,26,0.180658
1045,2.95148e+20,2.9816e+17,1.34284e+08,68,24.6416,27,0.1856
1046,1.84467e+19,3.01475e+16,1.34292e+08,64,25.1914,27,0.197184
1047,4.61169e+18,6.27534e+15,1.34284e+08,62,24.8076,27,0.192171
1048,9.22337e+18,1.28995e+16,2.68511e+08,63,25.1826,28,0.194283
1049,1.15292e+18,3.53004e+15,3.36189e+07,60,23.6953,25,0.180405
1050,7.3787e+19,7.4988e+16,2.68509e+08,66,24.8125,28,0.192123
1051,1.84467e+19,2.49602e+16,6.71835e+07,64,24.2393,26,0.191439
1052,2.30584e+18,5.60451e+15,3.36144e+07,61,23.6641,25,0.18477
1053,2.30584e+18,8.04427e+15,6.71757e+07,61,23.9619,26,0.187233
1054,1.15292e+18,3.80272e+15,1.68374e+07,60,23.457,24,0.181528
1055,4.61169e+18,5.85353e+15,6.71689e+07,62,23.6816,26,0.184118
1056,1.84467e+19,2.47552e+16,6.71699e+07,64,23.9111,26,0.186395
1057,2.30584e+18,3.42771e+15,6.7177e+07,61,24.2383,26,0.188395
1058,7.3787e+19,9.14263e+16,6.71713e+07,66,24.6025,26,0.189795
1059,1.15292e+18,4.18512e+15,6.71797e+07,60,25.5469,26,0.195024
1060,1.84467e+19,2.11832e+16,1.34287e+08,64,25.1895,27,0.198901
1061,1.84467e+19,3.64116e+16,5.36951e+08,64,26.8135,29,0.207695
1062,4.61169e+18,6.05286e+15,5.36958e+08,62,26.874,29,0.210138
1063,1.84467e+19,3.96314e+16,1.07382e+09,64,27.0986,30,0.207012
1064,1.84467e+19,2.31953e+16,5.36937e+08,64,25.9395,29,0.204276
1065,1.15292e+18,2.56936e+15,5.36953e+08,60,26.6191,29,0.205278
1066,9.22337e+18,1.90684e+16,2.68515e+08,63,26.3994,28,0.20382
1067,3.68935e+19,3.89764e+16,2.68519e+08,65,26.6816,28,0.203946
1068,7.3787e+19,1.13613e+17,5.36952e+08,66,27.4883,29,0.211303
1069,2.30584e+18,3.68821e+15,2.68515e+08,61,26.8193,28,0.201711
1070,9.22337e+18,1.12664e+16,2.68512e+08,63,26.4717,28,0.201001
1071,2.30584e+18,5.10068e+15,1.07383e+09,61,27.8662,30,0.212151
1072,1.84467e+19,2.6646e+16,5.36954e+08,64,27.4717,29,0.20945
1073,3.68935e+19,4.58797e+16,2.6851e+08,65,25.9717,28,0.203803
1074,1.84467e+19,1.82666e+16,2.68509e+08,64,26.0723,28,0.201044
1075,4.61169e+18,5.64386e+15,1.34297e+08,62,25.8877,27,0.201536
1076,9.22337e+18,1.89631e+16,1.09141e+06,63,22.1455,20,0.174284
1077,4.61169e+18,6.17713e+15,6.71757e+07,62,24.8369,26,0.193767
1078,1.44115e+17,5.23005e+14,1.34288e+08,57,24.7393,27,0.195367
1079,4.61169e+18,7.80301e+15,3.36141e+07,62,23.918,25,0.183822
1080,1.15292e+18,2.30938e+15,6.71745e+07,60,24.623,26,0.19
1081,4.61169e+18,1.08014e+16,1.34287e+08,62,24.6855,27,0.190965
1082,1.15292e+18,1.39145e+15,1.68325e+07,60,23.4902,24,0.180757
1083,1.44115e+17,4.68601e+14,4.23862e+06,57,21.6426,22,0.173255
1084,5.76461e+17,2.16748e+15,3.36112e+07,59,23.1709,25,0.185905
1085,4.61169e+18,5.54844e+15,6.71763e+07,62,24.1768,26,0.188383
1086,4.61169e+18,5.7535e+15,2.13585e+06,62,22.1885,21,0.169601
1087,2.95148e+20,2.93541e+17,1.34287e+08,68,24.9268,27,0.192862
1088,9.22337e+18,1.12616e+16,5.36954e+08,63,26.8994,29,0.202681
1089,2.8823e+17,1.22723e+15,6.71781e+07,58,25.5908,26,0.192952
1090,1.15292e+18,3.87101e+15,1.07383e+09,60,27.707,30,0.210088
1091,5.90296e+20,5.82701e+17,5.36955e+08,69,26.8359,29,0.201899
1092,4.61169e+18,8.56429e+15,5.3696e+08,62,27.6836,29,0.208593
1093,4.61169e+18,5.47839e+15,2.14758e+09,62,28.9678,31,0.220364
1094,9.44473e+21,9.27705e+18,8.59003e+09,73,29.9863,33,0.228254
1095,1.84467e+19,2.30472e+16,4.29506e+09,64,28.833,32,0.214238
1096,1.15292e+18,3.43354e+15,1.07382e+09,60,27.0586,30,0.201649
1097,4.61169e+18,7.10193e+15,4.29507e+09,62,28.2842,32,0.211865
1098,1.15292e+18,2.80682e+15,4.29508e+09,60,29.7246,32,0.224828
1099,2.8823e+17,1.16847e+15,4.29506e+09,58,29.0674,32,0.217331
1100,2.30584e+18,4.79733e+15,4.29507e+09,61,28.9189,32,0.217159
1101,3.68935e+19,5.81445e+16,2.14758e+09,65,28.8281,31,0.219134
1102,2.95148e+20,3.79249e+17,8.59004e+09,68,30.3135,33,0.227941
1103,4.61169e+18,9.80192e+15,8.59004e+09,62,29.6748,33,0.226778
1104,4.61169e+18,9.01935e+15,8.59004e+09,62,30.0791,33,0.227857
1105,2.30584e+18,4.63586e+15,8.59005e+09,61,30.2949,33,0.229375
1106,5.76461e+17,2.53747e+15,4.29507e+09,59,28.96,32,0.220918
1107,5.76461e+17,2.56252e+15,4.29507e+09,59,29.2588,32,0.220106
1108,1.15292e+18,1.94188e+15,4.29507e+09,60,29.5059,32,0.222242
1109,2.8823e+17,1.18209e+15,1.07384e+09,58,28.6191,30,0.215866
1110,5.76461e+17,1.09616e+15,4.29506e+09,59,29.5166,32,0.224347
1111,2.95148e+20,2.89182e+17,4.29506e+09,68,29.291,32,0.223987
1112,2.95148e+20,3.27618e+17,1.718e+10,68,30.6836,34,0.232724
1113,2.95148e+20,2.91254e+17,1.718e+10,68,30.3164,34,0.234799
1114,7.3787e+19,7.78363e+16,5.3696e+08,66,27.5928,29,0.215777
1115,1.84467e+19,2.74265e+16,2.68512e+08,64,26.8262,28,0.208031
1116,2.30584e+18,8.37319e+15,5.36955e+08,61,28.4727,29,0.223978
1117,1.84467e+19,5.80933e+16,2.14757e+09,64,29.1572,31,0.227247
1118,2.95148e+20,4.02025e+17,5.36947e+08,68,27.3994,29,0.21752
1119,1.47574e+20,1.75437e+17,4.29507e+09,67,29.7998,32,0.229961
1120,1.18059e+21,1.1781e+18,1.07382e+09,70,27.9248,30,0.220225
1121,9.22337e+18,2.3977e+16,8.59004e+09,63,29.9375,33,0.234655
1122,1.47574e+20,2.41902e+17,2.14757e+09,67,28.1562,31,0.224496
1123,4.61169e+18,2.14489e+16,1.07383e+09,62,28.0537,30,0.23278
1124,9.44473e+21,9.28474e+18,4.29506e+09,73,28.5342,32,0.223313
1125,9.22337e+18,3.99784e+16,5.36957e+08,63,27.9102,29,0.219143
1126,7.3787e+19,9.71016e+16,4.29506e+09,66,28.4492,32,0.224409
1127,7.3787e+19,9.15828e+16,4.29507e+09,66,28.7617,32,0.228806
1128,7.3787e+19,1.53745e+17,8.59003e+09,66,29.0732,33,0.23464
1129,2.95148e+20,3.11774e+17,5.36942e+08,68,26.8105,29,0.214581
1130,9.22337e+18,3.78561e+16,8.59004e+09,63,29.5498,33,0.236479
1131,1.84467e+19,5.0232e+16,1.07382e+09,64,27.0967,30,0.216453
1132,4.61169e+18,1.4053e+16,1.07382e+09,62,26.6152,30,0.217553
1133,1.84467e+19,4.92245e+16,6.71731e+07,64,25.2939,26,0.200365
1134,1.47574e+20,1.63037e+17,2.14758e+09,67,27.8418,31,0.221426
1135,4.61169e+18,1.58439e+16,8.59003e+09,62,29.2197,33,0.232229
1136,4.61169e+18,2.0976e+16,1.07382e+09,62,26.9541,30,0.217997
1137,1.84467e+19,5.93564e+16,2.68513e+08,64,26.4219,28,0.210341
1138,3.68935e+19,7.16207e+16,5.36948e+08,65,26.2607,29,0.210069
1139,1.84467e+19,8.07534e+16,6.71696e+07,64,25.2959,26,0.201841
1140,2.95148e+20,3.76095e+17,2.6851e+08,68,26.3047,28,0.20711
1141,1.47574e+20,1.93822e+17,4.29506e+09,67,28.1631,32,0.226091
1142,1.47574e+20,1.66131e+17,2.14757e+09,67,28.2275,31,0.228856
1143,4.61169e+18,1.72814e+16,4.29505e+09,62,27.9385,32,0.222028
1144,2.95148e+20,3.17461e+17,2.68517e+08,68,25.8545,28,0.204777
1145,7.3787e+19,8.1862e+16,2.14756e+09,66,27.9395,31,0.228329
1146,4.61169e+18,5.95254e+15,2.68505e+08,62,25.9844,28,0.206198
1147,7.3787e+19,1.00964e+17,6.71722e+07,66,25.7402,26,0.202572
1148,1.84467e+19,3.38642e+16,8.43828e+06,64,23.9258,23,0.192951
1149,9.22337e+18,1.51388e+16,8.4384e+06,63,23.9932,23,0.190724
1150,1.84467e+19,4.36386e+16,2.68512e+08,64,26.126,28,0.20739
1151,4.61169e+18,2.21444e+16,2.68514e+08,62,26.5703,28,0.209441
1152,1.84467e+19,3.39341e+16,2.68504e+08,64,25.7188,28,0.205452
1153,9.22337e+18,2.8057e+16,1.07383e+09,63,27.6016,30,0.217917
1154,2.30584e+18,7.78634e+15,1.34289e+08,61,25.6221,27,0.204009
1155,2.30584e+18,8.56648e+15,1.34284e+08,61,25.0312,27,0.19777
1156,9.22337e+18,1.57155e+16,1.34292e+08,63,24.7344,27,0.197942
1157,9.22337e+18,2.20189e+16,1.07383e+09,63,26.9424,30,0.218048
1158,3.68935e+19,4.20112e+16,6.71753e+07,65,24.7754,26,0.197828
1159,1.84467e+19,4.83763e+16,5.36953e+08,64,26.9297,29,0.212029
1160,9.22337e+18,2.12581e+16,1.34286e+08,63,25.1885,27,0.203045
1161,4.61169e+18,9.11504e+15,1.68399e+07,62,24.2588,24,0.194425
1162,3.68935e+19,6.27982e+16,2.68512e+08,65,25.8887,28,0.205101
1163,5.76461e+17,2.74787e+15,6.71733e+07,59,24.251,26,0.19649
1164,2.36118e+21,2.35566e+18,6.71753e+07,71,25.043,26,0.19871
1165,3.68935e+19,4.94671e+16,1.68361e+07,65,24.0156,24,0.195164
1166,1.84467e+19,2.54667e+16,2.68495e+08,64,26.1104,28,0.209853
1167,1.15292e+18,5.89891e+15,5.36951e+08,60,26.2744,29,0.211044
1168,3.68935e+19,5.67707e+16,8.43934e+06,65,23.6846,23,0.189139
1169,9.22337e+18,1.52219e+16,2.68515e+08,63,26.3428,28,0.215068
1170,2.30584e+18,4.74036e+15,2.68517e+08,61,26.5127,28,0.212005
1171,4.61169e+18,1.66585e+16,5.36955e+08,62,27.1484,29,0.222529
1172,2.30584e+18,9.87097e+15,1.34297e+08,61,25.7666,27,0.209605
1173,3.68935e+19,8.16743e+16,8.44457e+06,65,24.0752,23,0.197669
1174,1.47574e+20,1.58113e+17,1.34295e+08,67,26.0547,27,0.209688
1175,3.68935e+19,6.50856e+16,1.07383e+09,65,27.8398,30,0.224331
1176,4.61169e+18,1.59978e+16,1.07382e+09,62,27.4219,30,0.21742
1177,1.84467e+19,2.68077e+16,6.71745e+07,64,24.9844,26,0.199241
1178,3.68935e+19,7.17081e+16,2.14759e+09,65,28.5371,31,0.228519
1179,5.90296e+20,6.34515e+17,2.6852e+08,69,25.7129,28,0.208899
1180,1.84467e+19,9.05014e+16,2.14758e+09,64,28.6621,31,0.22915
1181,3.68935e+19,1.00665e+17,1.07382e+09,65,28.3701,30,0.224109
1182,9.22337e+18,4.76201e+16,2.14757e+09,63,28.4404,31,0.224336
1183,1.88895e+22,2.31051e+19,4.29506e+09,74,29.1582,32,0.229357
1184,1.47574e+20,4.86291e+17,1.718e+10,67,30.5342,34,0.242079
1185,1.84467e+19,3.30666e+16,2.14758e+09,64,28.4102,31,0.228538
1186,7.3787e+19,1.94154e+17,1.07383e+09,66,27.8125,30,0.223587
1187,2.95148e+20,7.58545e+17,2.14758e+09,68,28.9062,31,0.228532
1188,5.90296e+20,6.4014e+17,1.07383e+09,69,28.6074,30,0.228464
1189,5.90296e+20,1.18968e+18,1.07382e+09,69,28.1387,30,0.234212
1190,3.68935e+19,1.54908e+17,6.71791e+07,65,25.835,26,0.210851
1191,9.44473e+21,9.62166e+18,2.6851e+08,73,27.2129,28,0.222751
1192,1.51116e+23,1.57206e+20,2.68506e+08,77,27.3213,28,0.220302
1193,5.90296e+20,1.24732e+18,1.718e+10,69,31.1436,34,0.249123
1194,3.77789e+22,5.57059e+19,2.14757e+09,75,28.249,31,0.225836
1195,2.95148e+20,5.21978e+17,2.14757e+09,68,28.4873,31,0.230913
1196,7.55579e+22,9.52126e+19,4.29506e+09,76,29.1553,32,0.240676
1197,3.02231e+23,2.98304e+20,4.29506e+09,78,29.5547,32,0.240413
1198,1.47574e+20,4.44327e+17,8.59003e+09,67,30,33,0.2433
1199,2.95148e+20,4.75198e+17,8.59002e+09,68,29.6006,33,0.243713
1200,1.47574e+20,7.44489e+17,1.718e+10,67,30.2637,34,0.250868
1201,3.68935e+19,1.601e+17,1.07382e+09,65,27.7773,30,0.237315
1202,1.18059e+21,1.76038e+18,1.3429e+08,70,26.7998,27,0.220493
1203,5.90296e+20,9.68314e+17,1.07383e+09,69,28.6084,30,0.241333
1204,1.18059e+21,1.44178e+18,4.29506e+09,70,30.3027,32,0.249422
1205,2.95148e+20,7.24716e+17,2.14758e+09,68,29.4951,31,0.251355
1206,2.36118e+21,2.64885e+18,2.68505e+08,71,28.5059,28,0.235078
1207,1.88895e+22,2.22079e+19,4.29506e+09,74,30.7256,32,0.251732
1208,1.47574e+20,2.68681e+17,4.29506e+09,67,29.4512,32,0.241409
1209,4.72237e+21,8.44265e+18,1.07382e+09,72,29.2461,30,0.242517
1210,1.18059e+21,1.81838e+18,4.29505e+09,70,29.3564,32,0.239234
1211,3.77789e+22,4.04305e+19,5.36953e+08,75,28.7607,29,0.23812
1212,6.04463e+23,6.13728e+20,6.71779e+07,79,27.2412,26,0.227964
1213,5.90296e+20,1.03693e+18,1.34293e+08,69,28.2275,27,0.232316
1214,1.20893e+24,1.1813e+21,1.68312e+07,80,26.7812,24,0.221056
1215,7.55579e+22,7.62278e+19,2.13272e+06,76,24.3896,21,0.206772
1216,4.72237e+21,5.2119e+18,1.07382e+09,72,28.9951,30,0.239433
1217,1.47574e+20,2.97115e+17,1.34284e+08,67,26.9707,27,0.220777
1218,7.3787e+19,2.96943e+17,8.44408e+06,66,25.6621,23,0.220014
1219,5.90296e+20,9.46785e+17,1.68342e+07,69,26.2734,24,0.219296
1220,1.88895e+22,1.91374e+19,3.36209e+07,74,26.6787,25,0.222855
1221,9.44473e+21,2.12015e+19,5.36946e+08,73,28.7539,29,0.23816
1222,2.36118e+21,2.67166e+18,3.36187e+07,71,27.4385,25,0.228435
1223,1.51116e+23,1.51901e+20,1.68303e+07,77,26.252,24,0.217272
1224,4.72237e+21,8.42349e+18,6.71745e+07,72,26.6826,26,0.22975
1225,7.3787e+19,2.66405e+17,8.43704e+06,66,25.0996,23,0.210282
1226,5.90296e+20,1.90283e+18,1.68242e+07,69,25.4404,24,0.208973
1227,9.44473e+21,1.19697e+19,2.13872e+06,73,24.7949,21,0.213854
1228,6.04463e+23,5.91523e+20,1.34272e+08,79,28.3037,27,0.233787
1229,3.77789e+22,4.18373e+19,1.68367e+07,75,26.4326,24,0.216909
1230,3.77789e+22,4.32799e+19,1.68366e+07,75,25.9512,24,0.219516
1231,2.95148e+20,1.16098e+18,6.71634e+07,68,26.377,26,0.221256
1232,1.88895e+22,2.46962e+19,1.68304e+07,74,26.0586,24,0.215396
1233,3.02231e+23,3.27858e+20,3.3615e+07,78,26.6113,25,0.221115
1234,3.77789e+22,4.051e+19,2.14757e+09,75,29.79,31,0.248547
1235,9.44473e+21,9.46795e+18,1.68358e+07,73,25.4385,24,0.211989
1236,4.72237e+21,5.01794e+18,4.24281e+06,72,24.8867,22,0.205856
1237,2.36118e+21,2.45992e+18,4.23973e+06,71,23.4844,22,0.192208
1238,3.02231e+23,3.07627e+20,90743.8,78,21.1318,16,0.178851
1239,9.44473e+21,1.29473e+19,4.23862e+06,73,24.7969,22,0.204829
1240,1.20893e+24,1.50084e+21,2.68505e+08,80,27.9502,28,0.229976
1241,1.51116e+23,1.55194e+20,2.68502e+08,77,27.6836,28,0.232758
1242,9.44473e+21,2.43722e+19,6.71739e+07,73,27.9023,26,0.2382
1243,4.72237e+21,8.92821e+18,2.68513e+08,72,28.0127,28,0.229342
1244,9.44473e+21,1.04485e+19,3.36154e+07,73,27.0537,25,0.223844
1245,4.8357e+24,4.76773e+21,1.6834e+07,82,26.7158,24,0.224036
1246,3.02231e+23,3.06681e+20,3.36211e+07,78,27.5283,25,0.233683
1247,6.04463e+23,6.70113e+20,2.13516e+06,79,25.3271,21,0.209501
1248,4.72237e+21,1.29072e+19,2.14168e+06,72,25.1338,21,0.212808
1249,1.88895e+22,3.22595e+19,3.36039e+07,74,26.4121,25,0.219364
1250,7.3787e+19,4.65842e+17,1.68372e+07,66,26.6328,24,0.21899
1251,3.77789e+22,5.79044e+19,1.68331e+07,75,26.1562,24,0.219993
1252,1.51116e+23,1.48437e+20,6.71724e+07,77,26.8174,26,0.217382
1253,2.36118e+21,3.54347e+18,159324,71,22.7402,17,0.187681
1254,4.8357e+24,4.73397e+21,2.14129e+06,82,24.3828,21,0.200782
1255,1.18059e+21,2.45289e+18,1.718e+10,70,31.1641,34,0.25767
1256,3.02231e+23,3.97857e+20,2.68515e+08,78,28.6064,28,0.240103
1257,6.04463e+23,6.29538e+20,8.59004e+09,79,31.0879,33,0.255995
1258,7.55579e+22,1.38335e+20,8.59004e+09,76,30.8682,33,0.264495
1259,9.67141e+24,9.49302e+21,1.718e+10,83,31.7324,34,0.263037
1260,5.90296e+20,1.84156e+18,2.14757e+09,69,29.5381,31,0.249129
1261,3.77789e+22,7.33278e+19,4.29508e+09,75,29.833,32,0.257707
1262,1.88895e+22,2.18272e+19,2.14757e+09,74,29.3906,31,0.244018
1263,1.88895e+22,5.12451e+19,1.718e+10,74,32.3359,34,0.275419
1264,1.88895e+22,3.64679e+19,8.59002e+09,74,30.8311,33,0.265874
1265,1.88895e+22,3.10511e+19,8.59004e+09,74,31.3818,33,0.258985
1266,1.20893e+24,1.19194e+21,3.43599e+10,80,32.9619,35,0.277176
1267,3.86856e+25,3.79599e+22,2.74878e+11,85,35.7031,38,0.296698
1268,1.51116e+23,3.07649e+20,8.79609e+12,77,39.126,43,0.321799
1269,6.04463e+23,1.00788e+21,4.39805e+12,79,37.9951,42,0.317149
1270,3.09485e+26,4.53763e+23,2.19902e+12,88,37.6123,41,0.305745
1271,9.90352e+27,1.02825e+25,4.39805e+12,93,38.8564,42,0.323008
1272,7.73713e+25,8.82041e+22,8.79609e+12,86,39.7402,43,0.327854
1273,9.67141e+24,9.67697e+21,4.39805e+12,83,38.1885,42,0.317217
1274,3.02231e+23,3.52982e+20,8.79609e+12,78,39.4229,43,0.322174
1275,1.20893e+24,2.24426e+21,8.79609e+12,80,39.4902,43,0.325861
1276,3.02231e+23,7.66184e+20,2.19902e+12,78,37.4453,41,0.306839
1277,6.04463e+23,1.13981e+21,2.19902e+12,79,37.002,41,0.307461
1278,1.51116e+23,2.21025e+20,1.09951e+12,77,37.4434,40,0.302866
1279,4.8357e+24,5.04063e+21,5.49756e+11,82,35.3799,39,0.292356
1280,7.55579e+22,1.56266e+20,1.09951e+12,76,36.8574,40,0.302687
1281,3.77789e+22,1.20747e+20,1.37439e+11,75,34.6553,37,0.290428
1282,4.8357e+24,4.91808e+21,2.74878e+11,82,34.4678,38,0.284017
1283,4.8357e+24,7.13163e+21,2.74878e+11,82,34.4893,38,0.284319
1284,9.67141e+24,9.70211e+21,1.37439e+11,83,33.582,37,0.279258
1285,1.20893e+24,1.85633e+21,2.74878e+11,80,34.2832,38,0.286544
1286,7.73713e+25,1.7516e+23,5.49756e+11,86,35.6543,39,0.297036
1287,1.20893e+24,1.40509e+21,1.37439e+11,80,32.2207,37,0.270859
1288,1.20893e+24,1.65175e+21,1.37439e+11,80,32.8896,37,0.269671
1289,7.92282e+28,7.73717e+25,6.87196e+10,96,32.6035,36,0.271912
1290,1.51116e+23,2.62174e+20,3.43598e+10,77,32.2852,35,0.267148
1291,3.02231e+23,6.74712e+20,1.37439e+11,78,33.9785,37,0.281044
1292,1.51116e+23,2.94437e+20,1.37439e+11,77,33.7285,37,0.287289
1293,3.77789e+22,6.07777e+19,6.87196e+10,75,32.748,36,0.273705
1294,6.04463e+23,1.20883e+21,1.37439e+11,79,33.3096,37,0.281019
1295,7.92282e+28,7.74469e+25,2.74878e+11,96,34.2773,38,0.284979
1296,1.20893e+24,1.76212e+21,1.09951e+12,80,35.5498,40,0.298665
1297,1.51116e+23,2.47922e+20,1.09951e+12,77,35.3613,40,0.295472
1298,7.92282e+28,8.71199e+25,5.49756e+11,96,35.3809,39,0.296843
1299,1.51116e+23,5.36408e+20,1.09951e+12,77,35.6729,40,0.300106
1300,1.54743e+26,2.38668e+23,1.37439e+11,87,33.3311,37,0.287819
1301,1.20893e+24,2.53724e+21,5.49756e+11,80,34.1055,39,0.290932
1302,1.93428e+25,2.33039e+22,6.87196e+10,84,33.6357,36,0.289301
1303,1.93428e+25,1.98932e+22,1.68388e+07,84,26.2559,24,0.233346
1304,3.09485e+26,3.2498e+23,8.59004e+09,88,31.834,33,0.266972
1305,1.20893e+24,3.10308e+21,1.718e+10,80,32.1162,34,0.274842
1306,1.9807e+28,1.93622e+25,4.29507e+09,94,30.7373,32,0.260287
1307,1.20893e+24,2.56021e+21,4.29507e+09,80,31.0596,32,0.264203
1308,1.20893e+24,2.51439e+21,1.07383e+09,80,29.8252,30,0.254506
1309,3.02231e+23,5.40114e+20,2.68504e+08,78,28.2607,28,0.238387
1310,6.1897e+26,6.28883e+23,1.07384e+09,89,29.8652,30,0.249786
1311,7.92282e+28,7.85806e+25,6.87196e+10,96,33.0371,36,0.279923
1312,1.51116e+23,1.91712e+20,1.718e+10,77,32.334,34,0.271965
1313,3.86856e+25,4.8249e+22,1.37439e+11,85,34.1826,37,0.288887
1314,7.55579e+22,2.36266e+20,3.43599e+10,76,32.1338,35,0.278994
1315,1.20893e+24,1.51276e+21,1.718e+10,80,31.3877,34,0.266731
1316,7.92282e+28,7.7374e+25,1.718e+10,96,31.5254,34,0.2618
1317,6.04463e+23,1.04217e+21,3.43599e+10,79,32.7979,35,0.272647
1318,4.8357e+24,4.80042e+21,3.43598e+10,82,32.0244,35,0.261001
1319,9.67141e+24,1.08902e+22,1.718e+10,83,31.7178,34,0.26207
1320,6.04463e+23,6.7786e+20,4.29506e+09,79,31.1016,32,0.262216
1321,2.41785e+24,4.27526e+21,4.29505e+09,81,30.1875,32,0.252566
1322,6.04463e+23,8.33133e+20,4.29507e+09,79,30.6973,32,0.256753
1323,3.02231e+23,1.03784e+21,4.29508e+09,78,31.04,32,0.259731
1324,7.92282e+28,7.73715e+25,2.14758e+09,96,30.9932,31,0.256733
1325,3.09485e+26,3.03013e+23,4.29505e+09,88,30.2197,32,0.252148
1326,3.09485e+26,3.22099e+23,2.14757e+09,88,30.1348,31,0.255658
1327,6.1897e+26,6.21156e+23,4.29506e+09,89,31.1523,32,0.263254
1328,7.73713e+25,8.2774e+22,4.29505e+09,86,30.6846,32,0.260803
1329,7.92282e+28,7.98559e+25,5.36956e+08,96,29.1211,29,0.251386
1330,1.9807e+28,1.93487e+25,2.14757e+09,94,31.0254,31,0.261274
1331,4.8357e+24,5.37723e+21,1.34283e+08,82,27.8574,27,0.239794
1332,4.95176e+27,4.84547e+24,1.34287e+08,92,27.4893,27,0.233259
1333,7.92282e+28,7.73741e+25,2.14757e+09,96,30.1445,31,0.258764
1334,9.67141e+24,2.30618e+22,1.07383e+09,83,30.2109,30,0.253714
1335,7.92282e+28,7.79852e+25,2.14757e+09,96,30.9307,31,0.262535
1336,7.92282e+28,7.74097e+25,1.3428e+08,96,27.7021,27,0.238256
1337,3.86856e+25,4.75387e+22,1.34281e+08,85,27.2383,27,0.234663
1338,4.8357e+24,5.10277e+21,2.68502e+08,82,29.0469,28,0.245582
1339,7.92282e+28,7.85881e+25,5.36952e+08,96,29.8301,29,0.251638
1340,3.09485e+26,3.0289e+23,4.29505e+09,88,31.2305,32,0.261568
1341,7.73713e+25,8.03667e+22,5.36947e+08,86,28.8271,29,0.243321
1342,6.04463e+23,1.54462e+21,1.718e+10,79,32.9531,34,0.275177
1343,3.02231e+23,6.05401e+20,8.59004e+09,78,31.3369,33,0.265838
1344,9.67141e+24,1.9536e+22,2.14757e+09,83,30.252,31,0.249379
1345,4.8357e+24,6.54562e+21,1.07382e+09,82,29.5029,30,0.246261
1346,6.1897e+26,7.57967e+23,1.07382e+09,89,30.0273,30,0.249559
1347,7.73713e+25,7.67933e+22,4.29506e+09,86,29.7354,32,0.247596
1348,9.67141e+24,9.79127e+21,4.29506e+09,83,30.4746,32,0.249911
1349,3.86856e+25,3.97264e+22,2.14758e+09,85,31.123,31,0.264877
1350,9.67141e+24,2.62359e+22,4.29506e+09,83,31.5537,32,0.259854
1351,7.92282e+28,7.76756e+25,4.29505e+09,96,31.3545,32,0.259944
1352,7.92282e+28,7.73919e+25,1.07383e+09,96,30.7012,30,0.257342
1353,3.96141e+28,5.83814e+25,3.43599e+10,95,34.0283,35,0.282836
1354,4.95176e+27,9.67487e+24,5.49756e+11,92,34.7354,39,0.294341
1355,4.8357e+24,5.86894e+21,2.74878e+11,82,35.6865,38,0.297128
1356,2.41785e+24,3.86525e+21,1.09951e+12,81,35.4648,40,0.300835
1357,7.73713e+25,9.11373e+22,3.43599e+10,86,33.5107,35,0.280633
1358,3.09485e+26,3.36414e+23,8.59004e+09,88,33.2734,33,0.277896
1359,7.92282e+28,7.73763e+25,3.43598e+10,96,32.5088,35,0.278047
1360,7.92282e+28,7.73923e+25,5.49756e+11,96,35.6152,39,0.299982
1361,4.95176e+27,4.94974e+24,2.74878e+11,92,35.0879,38,0.296016
1362,4.95176e+27,7.45339e+24,1.09951e+12,92,36.7988,40,0.309011
1363,4.95176e+27,5.04431e+24,1.09951e+12,92,36.4414,40,0.305893
1364,7.92282e+28,1.56571e+26,4.29507e+09,96,30.1074,32,0.255439
1365,7.92282e+28,7.75453e+25,2.74878e+11,96,34.4395,38,0.293839
1366,7.92282e+28,8.23035e+25,5.49756e+11,96,36.0342,39,0.311609
1367,7.92282e+28,7.9263e+25,1.37439e+11,96,34.5352,37,0.290434
1368,9.90352e+27,1.03714e+25,3.43598e+10,93,33.334,35,0.29128
1369,1.23794e+27,1.40632e+24,1.37439e+11,90,34.8418,37,0.291122
1370,4.95176e+27,8.54805e+24,5.49756e+11,92,36.4785,39,0.312065
1371,7.92282e+28,7.9841e+25,1.37439e+11,96,34.6904,37,0.292338
1372,7.92282e+28,7.77372e+25,8.59003e+09,96,32.5049,33,0.27886
1373,4.95176e+27,9.67279e+24,4.29506e+09,92,31.335,32,0.266129
1374,1.23794e+27,1.86266e+24,4.29506e+09,90,30.9131,32,0.258738
1375,2.47588e+27,2.44194e+24,4.29507e+09,91,32.9375,32,0.274932
1376,7.92282e+28,7.73849e+25,5.49756e+11,96,36.4932,39,0.305854
1377,7.73713e+25,1.05105e+23,6.87196e+10,86,33.832,36,0.288859
1378,7.92282e+28,1.54902e+26,6.87196e+10,96,32.8076,36,0.282655
1379,9.90352e+27,1.21715e+25,3.43598e+10,93,31.9229,35,0.275618
1380,1.20893e+24,1.39683e+21,8.59003e+09,80,30.7139,33,0.267808
1381,7.92282e+28,7.73775e+25,2.14758e+09,96,31.1279,31,0.26787
1382,2.41785e+24,5.46141e+21,1.07383e+09,81,30.3125,30,0.260522
1383,7.73713e+25,8.08645e+22,1.718e+10,86,32.1553,34,0.278146
1384,1.54743e+26,1.71413e+23,2.14757e+09,87,30.6895,31,0.264592
1385,4.8357e+24,4.85315e+21,6.71788e+07,82,26.8828,26,0.227838
1386,6.04463e+23,1.16981e+21,1.34281e+08,79,26.3301,27,0.227394
1387,7.92282e+28,7.75429e+25,6.71779e+07,96,26.9238,26,0.2297
1388,6.04463e+23,1.52878e+21,5.36961e+08,79,30.333,29,0.259221
1389,9.67141e+24,2.17248e+22,5.36959e+08,83,28.9023,29,0.247274
1390,7.92282e+28,7.75239e+25,2.14758e+09,96,30.998,31,0.259669
1391,7.92282e+28,7.80678e+25,1.37439e+11,96,34.6914,37,0.296654
1392,7.92282e+28,7.92649e+25,6.71693e+07,96,29.1123,26,0.24687
1393,7.92282e+28,7.76087e+25,8.59004e+09,96,32.75,33,0.2838
1394,1.54743e+26,2.83774e+23,1.718e+10,87,33.4932,34,0.288345
1395,1.23794e+27,4.25124e+24,1.37439e+11,90,34.5283,37,0.297936
1396,1.23794e+27,1.32054e+24,6.87196e+10,90,34.2041,36,0.289155
1397,9.67141e+24,1.44309e+22,3.43599e+10,83,33.793,35,0.28833
1398,1.93428e+25,3.12928e+22,2.74878e+11,84,34.6855,38,0.29361
1399,7.92282e+28,1.66113e+26,5.49756e+11,96,34.9199,39,0.296697
1400,7.92282e+28,7.73945e+25,1.37439e+11,96,33.5566,37,0.287258
1401,7.92282e+28,7.75264e+25,6.87196e+10,96,33.8711,36,0.292466
1402,7.92282e+28,7.74095e+25,8.59003e+09,96,33.3125,33,0.290141
1403,7.92282e+28,1.04279e+26,3.43598e+10,96,34.2275,35,0.293973
1404,7.92282e+28,9.67813e+25,1.07383e+09,96,30.6943,30,0.262001
1405,7.92282e+28,8.22135e+25,3.43598e+10,96,33.1582,35,0.287576
1406,7.92282e+28,7.7621e+25,8.59003e+09,96,33.1299,33,0.283533
1407,7.92282e+28,2.52097e+26,1.37439e+11,96,34.8135,37,0.299298
1408,7.92282e+28,7.73885e+25,1.718e+10,96,32.0107,34,0.275839
1409,7.92282e+28,7.74612e+25,3.43598e+10,96,33.0361,35,0.285418
1410,1.20893e+24,1.71036e+21,8.59001e+09,80,31.4404,33,0.276843
1411,9.90352e+27,1.04455e+25,5.36944e+08,93,29.4844,29,0.258011
1412,7.92282e+28,1.70764e+26,1.07382e+09,96,30.4648,30,0.273048
1413,3.96141e+28,3.87106e+25,2.14758e+09,95,30.582,31,0.269605
1414,7.92282e+28,1.5543e+26,1.718e+10,96,32.9473,34,0.28441
1415,7.92282e+28,7.8615e+25,1.718e+10,96,33.0752,34,0.283354
1416,7.92282e+28,1.56122e+26,5.36957e+08,96,30.2383,29,0.266128
1417,7.92282e+28,8.73905e+25,4.29504e+09,96,32.3457,32,0.280017
1418,7.92282e+28,1.56712e+26,1.34269e+08,96,27.8672,27,0.247192
1419,1.9807e+28,2.14652e+25,2.68507e+08,94,29.4307,28,0.256391
1420,7.92282e+28,8.25534e+25,3.36038e+07,96,27.5732,25,0.239671
1421,7.92282e+28,7.78564e+25,4.24355e+06,96,25.4492,22,0.225807
1422,7.92282e+28,7.80097e+25,1.34282e+08,96,29.1104,27,0.249912
1423,7.92282e+28,3.19786e+26,1.34282e+08,96,28.7549,27,0.249345
1424,7.92282e+28,8.71299e+25,3.36111e+07,96,27.3711,25,0.243057
1425,7.92282e+28,1.93892e+26,5.3694e+08,96,30.6387,29,0.271713
1426,7.92282e+28,9.07608e+25,3.36171e+07,96,28.6553,25,0.248159
1427,7.92282e+28,1.94287e+26,1.07382e+09,96,31.1025,30,0.26768
1428,7.92282e+28,1.55478e+26,6.87196e+10,96,33.625,36,0.299835
1429,7.92282e+28,2.37043e+26,5.49756e+11,96,35.5898,39,0.317049
1430,7.92282e+28,1.07005e+26,6.87196e+10,96,34.1816,36,0.302279
1431,4.95176e+27,9.7539e+24,3.43598e+10,92,33.3477,35,0.302225
1432,4.95176e+27,5.49889e+24,4.29506e+09,92,32.3604,32,0.283364
1433,7.92282e+28,2.32953e+26,5.49756e+11,96,36.2021,39,0.311716
1434,7.92282e+28,1.75342e+26,8.59003e+09,96,31.8428,33,0.275377
1435,7.92282e+28,2.33445e+26,1.718e+10,96,32.9873,34,0.283289
1436,7.92282e+28,3.78719e+26,1.37439e+11,96,34.0791,37,0.306375
1437,7.92282e+28,3.10357e+26,4.29507e+09,96,31.6514,32,0.275763
1438,7.92282e+28,1.01709e+26,3.43599e+10,96,32.9697,35,0.288381
1439,1.9807e+28,5.09526e+25,5.49756e+11,94,35.5781,39,0.309846
1440,7.92282e+28,1.56107e+26,8.59002e+09,96,32.124,33,0.279744
1441,7.92282e+28,1.67582e+26,1.718e+10,96,33.3936,34,0.286948
1442,7.92282e+28,8.19313e+25,1.07382e+09,96,30.2617,30,0.27289
1443,7.92282e+28,9.3292e+25,2.74878e+11,96,35.7939,38,0.309301
1444,7.92282e+28,8.01217e+25,6.87196e+10,96,33.1797,36,0.294459
1445,7.92282e+28,7.88662e+25,5.49756e+11,96,35.876,39,0.312344
1446,7.92282e+28,1.77835e+26,4.39805e+12,96,37.0771,42,0.318708
1447,7.92282e+28,2.03652e+26,2.74878e+11,96,34.8828,38,0.299441
1448,7.92282e+28,2.51658e+26,1.718e+10,96,32.207,34,0.277101
1449,7.92282e+28,4.659e+26,6.87196e+10,96,34.1602,36,0.300181
1450,7.92282e+28,9.92306e+25,1.37439e+11,96,33.8008,37,0.290006
1451,7.92282e+28,8.34867e+25,2.14757e+09,96,31.0254,31,0.272068
1452,7.92282e+28,3.31747e+26,3.43598e+10,96,33.3457,35,0.295406
1453,7.92282e+28,2.3701e+26,1.343e+08,96,29.4727,27,0.264749
1454,7.92282e+28,3.1342e+26,2.14757e+09,96,30.5615,31,0.269916
1455,7.92282e+28,9.68564e+25,4.29507e+09,96,31.7842,32,0.277322
1456,7.92282e+28,1.76603e+26,1.68337e+07,96,28.0273,24,0.242196
1457,7.92282e+28,9.68677e+25,4.29505e+09,96,31.3613,32,0.273299
1458,7.92282e+28,3.50623e+26,5.36934e+08,96,29.8555,29,0.259875
1459,7.92282e+28,4.0671e+26,2.14756e+09,96,30.9199,31,0.26813
1460,7.92282e+28,2.53897e+26,4.29506e+09,96,31.585,32,0.282274
1461,2.47588e+27,2.44923e+24,4.29505e+09,91,30.6162,32,0.268835
1462,7.92282e+28,3.19515e+26,1.37439e+11,96,33.167,37,0.290987
1463,7.92282e+28,1.79078e+26,1.68388e+07,96,27.625,24,0.243342
1464,1.54743e+26,1.61389e+23,1.07383e+09,87,30.4668,30,0.265578
1465,7.92282e+28,1.74588e+26,1.718e+10,96,31.9082,34,0.28153
1466,7.92282e+28,1.01919e+26,2.68502e+08,96,29.3691,28,0.262989
1467,7.92282e+28,1.7413e+26,5.36952e+08,96,29.6533,29,0.263916
1468,7.92282e+28,2.42182e+26,1.07383e+09,96,29.8604,30,0.265539
1469,7.92282e+28,1.55076e+26,3.36058e+07,96,27.1709,25,0.247171
1470,7.92282e+28,3.10179e+26,2.68497e+08,96,28.6035,28,0.255346
1471,7.92282e+28,2.56026e+26,1.07383e+09,96,31.2715,30,0.279866
1472,7.92282e+28,3.48572e+26,1.07381e+09,96,30.4961,30,0.267984
1473,7.92282e+28,5.51444e+26,5.36959e+08,96,30.5996,29,0.275769
1474,7.92282e+28,1.64544e+26,2.14757e+09,96,31.0986,31,0.278235
1475,7.92282e+28,3.25611e+26,3.43598e+10,96,32.7451,35,0.302823
1476,7.92282e+28,4.7059e+26,1.07381e+09,96,30.3994,30,0.268768
1477,7.92282e+28,1.8739e+26,1.34286e+08,96,29.001,27,0.269698
1478,7.92282e+28,3.48217e+26,2.68524e+08,96,29.7842,28,0.262632
1479,7.92282e+28,4.18604e+26,6.71794e+07,96,28.4834,26,0.249935
1480,7.92282e+28,4.44888e+26,1.34285e+08,96,28.6553,27,0.254028
1481,7.92282e+28,3.58549e+26,1.68319e+07,96,27.3623,24,0.242623
1482,6.1897e+26,9.52048e+23,3.361e+07,89,27.5107,25,0.248475
1483,7.92282e+28,5.42116e+26,1.34287e+08,96,29.3086,27,0.259703
1484,7.92282e+28,8.54922e+25,3.36149e+07,96,27.3662,25,0.245102
1485,7.92282e+28,8.28926e+25,1.07885e+06,96,24.6729,20,0.227154
1486,7.92282e+28,1.57258e+26,55356.2,96,22.1797,15,0.198559
1487,7.92282e+28,1.63244e+26,53392.9,96,21.6016,15,0.195959
1488,7.92282e+28,4.64609e+26,2.14149e+06,96,25.4297,21,0.235008
1489,7.92282e+28,1.56278e+26,4.2399e+06,96,25.7881,22,0.239742
1490,7.92282e+28,5.07873e+26,2.14104e+06,96,26.6055,21,0.238052
1491,7.92282e+28,1.93779e+26,4.23812e+06,96,25.5713,22,0.231295
1492,7.92282e+28,3.87018e+26,1.6823e+07,96,26.7559,24,0.25177
1493,1.9807e+28,2.00468e+25,2.68492e+08,94,28.3369,28,0.264496
1494,7.92282e+28,2.42928e+26,1.34278e+08,96,28.7305,27,0.262095
1495,7.92282e+28,1.56674e+26,2.14019e+06,96,24.8838,21,0.2258
1496,2.47588e+27,3.26109e+24,8.43817e+06,91,26.5332,23,0.240735
1497,7.92282e+28,3.13145e+26,4.23574e+06,96,25.0244,22,0.225953
1498,7.92282e+28,8.2274e+25,1.34298e+08,96,29.2275,27,0.27493
1499,7.92282e+28,2.54642e+26,3.36174e+07,96,28.4863,25,0.256594
