132.37
0,1011.31,9.47317,4,3,0.0410156,0,0.00622571
1,110.371,8.4675,5,1,0.0390625,0,0.00654052
2,109.275,8.69613,4,1,0.0400391,0,0.00619874
3,435.151,10.2181,5,2,0.0439453,0,0.00632556
4,434.639,8.2801,5,2,0.0332031,0,0.00619965
5,434.294,9.48527,5,2,0.0439453,0,0.00631638
6,435.149,10.5772,5,2,0.0507812,0,0.00634211
7,435.151,12.3178,5,2,0.0605469,0,0.00634965
8,435.053,10.0651,5,2,0.0458984,0,0.00634607
9,435.127,10.3255,5,2,0.0498047,0,0.00645802
10,435.149,12.5125,5,2,0.0595703,0,0.00646448
11,426.375,10.6845,5,2,0.0527344,0,0.00641573
12,435.127,10.9851,5,2,0.0527344,0,0.00632972
13,434.412,10.3584,6,2,0.0507812,0,0.00640347
14,434.954,11.3137,5,2,0.0546875,0,0.00639979
15,1011.31,12.4527,5,3,0.0625,0,0.00648925
16,435.127,10.9303,6,2,0.0507812,0,0.00641577
17,435.053,9.79156,5,2,0.0410156,0,0.00646329
18,110.903,10.2691,6,1,0.0498047,0,0.00645951
19,435.117,10.9748,6,2,0.0527344,0,0.0063782
20,435.053,10.7631,6,2,0.0517578,0,0.00643721
21,999.194,13.5027,6,3,0.0683594,0,0.00642933
22,434.954,11.9501,6,2,0.0615234,0,0.00655307
23,435.149,11.6394,6,2,0.0556641,0,0.00634035
24,435.151,11.661,6,2,0.0556641,0,0.00650618
25,434.639,12.0208,6,2,0.0634766,0,0.00648493
26,434.954,9.98592,6,2,0.0449219,0,0.00642178
27,435.117,11.0507,5,2,0.0546875,0,0.00642391
28,435,12.311,6,2,0.0654297,0,0.0066157
29,434.639,12.0129,6,2,0.0625,0,0.00653569
30,435.053,11.1033,6,2,0.0517578,0,0.00650931
31,434.818,12.2517,6,2,0.0595703,0,0.00652845
32,435.151,11.1944,6,2,0.0507812,0,0.00660648
33,435.149,11.9298,6,2,0.0595703,0,0.00657513
34,435.151,11.0918,6,2,0.0498047,0,0.00656444
35,435.149,12.2258,6,2,0.0585938,0,0.00644343
36,435.117,12.5406,6,2,0.0654297,0,0.00644966
37,435.149,13.9462,6,2,0.078125,0,0.00654501
38,435.149,12.5895,6,2,0.0625,0,0.00655036
39,435.149,11.8112,6,2,0.0576172,0,0.00649766
40,435.127,13.2563,6,2,0.0693359,0,0.0065232
41,1004.1,12.7613,6,3,0.0595703,0,0.00655804
42,435.151,13.3778,6,2,0.0654297,0,0.00657453
43,434.818,11.5043,6,2,0.0566406,0,0.00642094
44,435.149,10.8449,6,2,0.0458984,0,0.0064966
45,434.818,11.3622,6,2,0.0546875,0,0.00647863
46,434.781,12.0892,6,2,0.0566406,0,0.00669396
47,435.151,11.9262,6,2,0.0517578,0,0.006551
48,435.127,10.7381,6,2,0.0488281,0,0.00660693
49,435.151,13.3843,6,2,0.0703125,0,0.00657808
50,112.934,12.3963,6,1,0.0654297,0,0.0066146
51,1008.92,13.1425,6,3,0.0634766,0,0.00670947
52,435.149,12.0987,6,2,0.0585938,0,0.00658845
53,434.954,11.5808,6,2,0.0527344,0,0.00661508
54,435.127,12.6384,6,2,0.0615234,0,0.0065994
55,435.117,13.4841,6,2,0.0644531,0,0.0067009
56,1008.92,14.1928,6,3,0.0683594,0,0.00677963
57,1008.92,14.566,6,3,0.0703125,0,0.00666152
58,435.149,13.5636,6,2,0.0693359,0,0.00668112
59,435.053,14.6722,7,2,0.0771484,0,0.00672875
60,435.127,14.7098,6,2,0.0751953,0,0.00678343
61,435.053,14.0423,7,2,0.0722656,0,0.0067212
62,1011.78,14.5057,6,3,0.0732422,0,0.0066573
63,435.151,14.2106,7,2,0.0722656,0,0.00669864
64,1009.59,13.6008,7,3,0.0654297,0,0.00673653
65,435.149,14.9636,7,2,0.0771484,0,0.00666806
66,435.149,14.9788,7,2,0.0771484,0,0.00681385
67,435.151,14.5305,7,2,0.0703125,0,0.00679637
68,434.818,13.8391,7,2,0.0693359,0,0.00681641
69,435.149,14.025,7,2,0.0703125,0,0.00676615
70,435.151,17.1079,7,2,0.0917969,0,0.00687357
71,435.149,15.9478,7,2,0.0888672,0,0.00676694
72,1008.21,15.0912,7,3,0.0722656,0,0.00680706
73,435.149,16.3808,7,2,0.0839844,0,0.00686355
74,435.151,15.5334,7,2,0.0712891,0,0.00681482
75,435.127,15.0977,7,2,0.0791016,0,0.00682853
76,435.151,14.3832,7,2,0.0712891,0,0.00694044
77,1008.92,15.9055,7,3,0.0791016,0,0.00679856
78,435.127,14.4717,7,2,0.0751953,0,0.00695202
79,435.151,15.0935,7,2,0.0751953,0,0.00693561
80,435.149,14.6747,7,2,0.0712891,0,0.00681331
81,435,15.4745,7,2,0.0830078,0,0.00684764
82,110.371,12.193,7,1,0.0556641,0,0.00677972
83,434.954,14.7745,7,2,0.0742188,0,0.00678824
84,435.117,15.9929,8,2,0.0800781,0,0.00680643
85,435.151,14.0742,7,2,0.0683594,0,0.0067368
86,435.127,16.7028,8,2,0.0917969,0,0.00678963
87,435.127,17.7574,8,2,0.09375,0,0.00689233
88,435.151,16.1771,8,2,0.0878906,0,0.00682428
89,435.149,16.878,8,2,0.0898438,0,0.0068067
90,1008.92,19.9214,8,3,0.108398,0,0.00688525
91,435.151,15.2199,8,2,0.0732422,0,0.00682682
92,435.151,18.2967,8,2,0.0947266,0,0.00688512
93,1010.21,18.8763,8,3,0.0966797,0,0.00683648
94,435.127,16.2859,8,2,0.0859375,0,0.00686868
95,435.151,17.4644,8,2,0.0947266,0,0.00692795
96,435.151,16.8603,8,2,0.0898438,0,0.00688897
97,435.127,17.3145,8,2,0.0966797,0,0.00697576
98,435.149,16.9985,8,2,0.0859375,0,0.00682788
99,435.149,16.6828,8,2,0.0859375,0,0.00691415
100,435.149,18.1571,8,2,0.09375,0,0.00701309
101,435.151,16.2902,8,2,0.0810547,0,0.00696439
102,435.127,18.0715,8,2,0.101562,0,0.00694288
103,1008.92,17.982,8,3,0.0957031,0,0.00683161
104,435.151,17.6579,8,2,0.0957031,0,0.00699886
105,435.151,18.18,8,2,0.0986328,0,0.00697206
106,435.151,17.2587,8,2,0.0947266,0,0.00692721
107,435.127,18.5501,8,2,0.100586,0,0.00700457
108,435.151,20.5959,8,2,0.113281,0,0.00705767
109,1011.78,20.4425,8,3,0.112305,0,0.00710531
110,1012.18,20.9003,8,3,0.114258,0,0.00706761
111,1011.31,20.1345,8,3,0.106445,0,0.00711835
112,1010.21,22.855,9,3,0.125,0,0.00711181
113,1008.92,20.6746,9,3,0.120117,0,0.00716978
114,1010.79,22.4176,9,3,0.126953,0,0.0072792
115,1008.92,22.5705,9,3,0.124023,0,0.00717593
116,435.149,21.6101,9,2,0.12207,0,0.00714171
117,1011.31,24.6059,9,3,0.129883,0,0.00727352
118,435.151,21.553,9,2,0.120117,0,0.00724263
119,435.151,22.1102,9,2,0.12793,0,0.00718329
120,435.151,23.2573,9,2,0.133789,0,0.00725952
121,435.127,22.9775,9,2,0.143555,0,0.00729611
122,1010.79,24.7033,9,3,0.143555,0,0.00725667
123,1011.78,26.0334,9,3,0.155273,0,0.00725773
124,435.151,22.8686,9,2,0.131836,0,0.00725018
125,435.149,23.4575,9,2,0.135742,0,0.00729295
126,1846.55,26.5145,9,4,0.143555,0,0.0073109
127,435.151,26.2891,9,2,0.158203,0,0.00742128
128,435.151,25.8092,9,2,0.155273,0,0.0073455
129,435.127,25.423,9,2,0.160156,0,0.00738369
130,1845.26,33.1436,9,4,0.195312,0,0.00738148
131,1011.31,27.0361,9,3,0.15918,0,0.00733804
132,435.149,24.9838,9,2,0.154297,0,0.00746265
133,435.127,29.5613,9,2,0.179688,0,0.0073358
134,1009.59,26.8088,9,3,0.163086,0,0.00747948
135,1011.31,32.2889,9,3,0.199219,0,0.00749036
136,435.151,28.2,9,2,0.162109,0,0.00759022
137,435.151,32.0364,9,2,0.193359,0,0.00752178
138,435.149,27.4636,9,2,0.167969,0,0.00756747
139,435.149,30.3985,9,2,0.194336,0,0.00771797
140,1010.21,28.1205,9,3,0.171875,0,0.00745513
141,435.151,33.5394,9,2,0.206055,0,0.00760122
142,435.151,33.1031,9,2,0.208984,0,0.00764496
143,435.151,30.8948,9,2,0.206055,0,0.00764984
144,435.127,34.1598,9,2,0.231445,0,0.00752007
145,435.151,33.1123,9,2,0.212891,0,0.0075353
146,435.151,37.6218,9,2,0.243164,0,0.00764154
147,1008.92,39.6305,9,3,0.234375,0,0.00759255
148,435.151,31.4718,9,2,0.194336,0,0.00759462
149,1008.92,37.458,9,3,0.243164,0,0.00779585
150,1008.92,34.3381,9,3,0.208984,0,0.00761595
151,1008.92,37.8785,9,3,0.233398,0,0.00757951
152,435.151,35.1878,9,2,0.228516,0,0.00768465
153,435.151,32.9012,9,2,0.205078,0,0.00772654
154,1010.79,34.104,9,3,0.207031,0,0.00763167
155,435.149,32.843,9,2,0.212891,0,0.00759736
156,1008.92,35.6689,9,3,0.219727,0,0.00761254
157,1008.92,35.6572,9,3,0.232422,0,0.0077171
158,1010.21,40.0365,9,3,0.241211,0,0.00765168
159,1011.31,36.6478,9,3,0.231445,0,0.00762554
160,435.151,34.9843,9,2,0.22168,0,0.00763627
161,1011.31,38.0169,9,3,0.241211,0,0.00776562
162,1010.79,36.8628,9,3,0.231445,0,0.00784209
163,435.151,36.0903,9,2,0.230469,0,0.00789224
164,1011.31,37.7564,9,3,0.244141,0,0.0077302
165,1011.31,36.7914,9,3,0.232422,0,0.00775346
166,435.151,36.0066,9,2,0.236328,0,0.00775557
167,1011.78,38.369,9,3,0.244141,0,0.00762376
168,1008.92,42.4267,9,3,0.275391,0,0.00777731
169,1011.31,34.8849,9,3,0.223633,0,0.00779101
170,1010.79,38.2467,9,3,0.239258,0,0.00773351
171,1008.92,40.2501,9,3,0.258789,0,0.00773213
172,435.151,41.0439,9,2,0.266602,0,0.00767615
173,435.151,39.0449,10,2,0.260742,0,0.00768411
174,1010.79,45.0738,9,3,0.27832,0,0.00769492
175,1009.59,40.3031,9,3,0.269531,0,0.00778379
176,1011.31,39.8928,9,3,0.257812,0,0.00764766
177,435.151,37.3667,9,2,0.248047,0,0.00764514
178,1008.92,36.6298,9,3,0.235352,0,0.00770012
179,435.151,38.9821,9,2,0.254883,0,0.00769155
180,1011.78,45.3229,10,3,0.282227,0,0.00784002
181,1008.92,40.5118,10,3,0.270508,0,0.0077274
182,1009.59,43.786,9,3,0.277344,0,0.00778523
183,1009.59,40.1618,9,3,0.249023,0,0.00781132
184,1008.92,41.0943,10,3,0.266602,0,0.00779127
185,435.151,39.9713,10,2,0.277344,0,0.00778221
186,1011.78,47.0019,10,3,0.302734,0,0.00774224
187,1011.31,48.7294,11,3,0.304688,0,0.00779185
188,435.127,43.0604,9,2,0.285156,0,0.00787066
189,435.151,42.7272,11,2,0.274414,0,0.00785831
190,1009.59,41.2671,9,3,0.265625,0,0.00776342
191,435.151,42.9138,9,2,0.28418,0,0.00778772
192,1011.31,45.5036,11,3,0.285156,0,0.00801181
193,1008.92,39.5577,11,3,0.272461,0,0.00785121
194,1011.31,46.5834,10,3,0.293945,0,0.00781309
195,1008.92,45.5533,11,3,0.308594,0,0.00770302
196,435.151,43.8212,10,2,0.293945,0,0.00774701
197,1011.31,43.5387,10,3,0.285156,0,0.00766712
198,435.151,38.0805,10,2,0.251953,0,0.00781288
199,1011.31,43.5656,9,3,0.28125,0,0.00770874
200,435.151,42.6279,11,2,0.292969,0,0.00775667
201,1008.92,43.864,10,3,0.283203,0,0.00782856
202,1011.31,40.7585,11,3,0.265625,0,0.00787335
203,1008.92,44.9459,9,3,0.28418,0,0.00776688
204,1011.31,46.4,9,3,0.290039,0,0.00783896
205,435.151,38.6136,10,2,0.260742,0,0.00779969
206,1011.78,45.1959,10,3,0.292969,0,0.00783241
207,1008.92,43.9686,11,3,0.28125,0,0.00780008
208,435.151,43.3835,11,2,0.297852,0,0.007857
209,1009.59,43.4424,11,3,0.28418,0,0.00780832
210,1010.21,49.1284,11,3,0.319336,0,0.00788451
211,1008.92,43.1572,10,3,0.275391,0,0.00778136
212,1012.18,47.5527,11,3,0.303711,0,0.00785511
213,435.151,45.9412,11,2,0.306641,0,0.00793498
214,435.151,42.9194,11,2,0.289062,0,0.00783894
215,1010.21,44.3632,10,3,0.276367,0,0.00779584
216,435.149,44.0252,11,2,0.291016,0,0.00781001
217,435.149,45.3621,11,2,0.295898,0,0.00789157
218,1009.59,48.4722,11,3,0.3125,0,0.00783618
219,1010.21,46.7606,11,3,0.30957,0,0.00781664
220,1011.31,45.7682,10,3,0.294922,0,0.00776817
221,1011.31,46.9747,10,3,0.300781,0,0.00773429
222,1011.31,48.4185,11,3,0.325195,0,0.00778067
223,1009.59,42.1586,11,3,0.280273,0,0.00773161
224,1008.92,48.5223,12,3,0.322266,0,0.00792407
225,1004.1,44.1151,11,3,0.287109,0,0.00776281
226,1011.78,47.313,11,3,0.310547,0,0.00782716
227,435.151,43.5495,11,2,0.291992,0,0.00775564
228,435.151,50.2088,12,2,0.331055,0,0.00784202
229,1010.79,46.4379,11,3,0.301758,0,0.00782703
230,1011.31,50.9097,12,3,0.337891,0,0.00789148
231,1008.92,47.1132,12,3,0.305664,0,0.00784269
232,1843.9,45.5927,11,4,0.305664,0,0.00785283
233,1008.92,50.4032,10,3,0.319336,0,0.00776768
234,1009.59,46.6029,11,3,0.306641,0,0.00786893
235,435.151,43.2858,11,2,0.295898,0,0.0078086
236,1008.92,47.1333,11,3,0.311523,0,0.00770853
237,1008.92,43.7451,11,3,0.28418,0,0.00783363
238,1009.59,48.2993,11,3,0.311523,0,0.00780782
239,1009.59,49.6707,11,3,0.316406,0,0.00769775
240,1011.78,46.1647,11,3,0.301758,0,0.00779162
241,1011.31,52.1381,11,3,0.34668,0,0.00781796
242,1843.9,51.8141,11,4,0.327148,0,0.00784771
243,1009.59,45.5278,11,3,0.296875,0,0.00774481
244,1007.46,43.3448,11,3,0.271484,0,0.00782411
245,1011.31,41.5292,11,3,0.265625,0,0.00780584
246,1008.92,49.7662,12,3,0.325195,0,0.00792596
247,1009.59,49.086,12,3,0.321289,0,0.0078885
248,1011.31,50.2787,11,3,0.326172,0,0.00781444
249,1009.59,49.06,12,3,0.330078,0,0.00797421
250,1008.92,46.3272,11,3,0.3125,0,0.00788448
251,1011.31,46.8563,11,3,0.300781,0,0.00803028
252,435.151,51.1226,12,2,0.331055,0,0.00813707
253,1008.92,48.6743,12,3,0.334961,0,0.00795732
254,1011.78,51.3654,12,3,0.335938,0,0.00792029
255,1011.31,49.8574,12,3,0.317383,0,0.00795294
256,1008.92,48.7512,12,3,0.326172,0,0.00789214
257,1008.92,48.5395,12,3,0.323242,0,0.00794801
258,1009.59,50.2402,13,3,0.335938,0,0.00807477
259,1845.26,47.2797,12,4,0.299805,0,0.0079616
260,1843.9,55.6634,13,4,0.337891,0,0.0079264
261,1011.31,52.7289,13,3,0.341797,0,0.00797525
262,1011.31,48.7239,12,3,0.314453,0,0.00789216
263,1009.59,49.2342,12,3,0.314453,0,0.0078964
264,435.151,46.2753,12,2,0.304688,0,0.00792069
265,435.151,48.6056,13,2,0.319336,0,0.00792448
266,1008.92,47.2461,12,3,0.31543,0,0.00786961
267,1011.31,45.3973,13,3,0.304688,0,0.00796302
268,1008.92,45.4958,12,3,0.302734,0,0.00792059
269,1009.59,51.3993,12,3,0.330078,0,0.00796683
270,1008.92,54.6084,13,3,0.345703,0,0.00793369
271,1009.59,52.2134,13,3,0.338867,0,0.00803195
272,1005.85,49.8968,13,3,0.326172,0,0.00795373
273,1010.21,51.3883,12,3,0.327148,0,0.00807884
274,1008.92,55.2605,13,3,0.341797,0,0.00800047
275,1008.92,52.9309,13,3,0.332031,0,0.00803624
276,1009.59,50.4505,13,3,0.324219,0,0.00805658
277,1008.92,43.6188,12,3,0.279297,0,0.0080198
278,1011.31,54.581,13,3,0.347656,0,0.00807721
279,1010.21,54.3904,13,3,0.349609,0,0.00797364
280,435.151,51.1236,13,2,0.342773,0,0.00803816
281,1008.92,54.1007,13,3,0.342773,0,0.00805884
282,1008.92,49.4042,13,3,0.316406,0,0.00814507
283,1008.92,53.4836,13,3,0.337891,0,0.00810838
284,1008.92,51.6075,13,3,0.319336,0,0.00820853
285,1008.92,49.1805,13,3,0.317383,0,0.00812918
286,435.151,48.8031,13,2,0.323242,0,0.00810757
287,1008.92,53.4476,13,3,0.332031,0,0.00818502
288,1011.78,55.1787,13,3,0.34668,0,0.00824381
289,1010.21,53.5053,13,3,0.334961,0,0.00829597
290,1008.92,51.995,13,3,0.332031,0,0.00809828
291,1008.21,55.5072,13,3,0.347656,0,0.00830669
292,435.151,49.7146,13,2,0.325195,0,0.0083799
293,1010.21,57.2387,13,3,0.352539,0,0.00840092
294,1009.59,52.6974,13,3,0.328125,0,0.00841391
295,1008.92,61.7661,13,3,0.383789,0,0.00841212
296,1850.98,59.4461,15,4,0.378906,0,0.00845053
297,1008.92,56.3956,14,3,0.347656,0,0.0084723
298,1008.92,53.7576,15,3,0.349609,0,0.00841451
299,1006.68,56.6669,15,3,0.362305,0,0.00843512
300,1008.92,59.7742,15,3,0.375,0,0.00861357
301,1007.46,57.7937,15,3,0.37207,0,0.00853356
302,1011.78,61.7729,15,3,0.375977,0,0.00857473
303,1011.31,58.1608,15,3,0.369141,0,0.00856512
304,1007.46,58.1862,15,3,0.358398,0,0.00855742
305,1006.68,58.279,15,3,0.370117,0,0.00864063
306,1011.31,62.7336,15,3,0.390625,0,0.00892916
307,1007.46,56.0295,15,3,0.363281,0,0.00861734
308,1837.92,59.6601,15,4,0.353516,0,0.00869157
309,1006.68,62.4059,16,3,0.387695,0,0.00877665
310,1008.21,57.8325,15,3,0.373047,0,0.00880738
311,1011.78,60.1798,15,3,0.384766,0,0.00878303
312,1010.79,62.5573,15,3,0.383789,0,0.00882249
313,1009.59,58.297,15,3,0.356445,0,0.00875348
314,1010.79,67.2063,15,3,0.399414,0,0.0088751
315,1847.77,62.8987,15,4,0.378906,0,0.00892622
316,1005.85,66.8274,17,3,0.417969,0,0.00909267
317,1010.21,68.3526,16,3,0.410156,0,0.00893508
318,1010.21,65.959,16,3,0.412109,0,0.00889827
319,1843.9,68.2282,17,4,0.405273,0,0.00893104
320,1834.62,68.2272,17,4,0.413086,0,0.0088666
321,1006.68,61.7324,15,3,0.392578,0,0.00889489
322,1010.21,65.4664,17,3,0.411133,0,0.00895649
323,1839.49,56.936,15,4,0.339844,0,0.00893172
324,1823.71,59.9327,16,4,0.37793,0,0.00899545
325,1837.92,70.751,17,4,0.428711,0,0.00904676
326,1008.92,65.4403,17,3,0.402344,0,0.00906209
327,1008.92,69.9609,17,3,0.411133,0,0.00896841
328,1009.59,64.9301,17,3,0.386719,0,0.00902351
329,1005.85,66.6275,17,3,0.415039,0,0.0091059
330,1004.1,66.3001,17,3,0.420898,0,0.00909106
331,1004.1,66.3609,17,3,0.404297,0,0.00907732
332,1827.51,71.2548,17,4,0.427734,0,0.00917356
333,1011.31,60.2391,16,3,0.361328,0,0.00910135
334,1008.92,61.227,17,3,0.382812,0,0.00925002
335,2951.77,64.1007,17,5,0.379883,0,0.00913037
336,1008.92,64.8649,17,3,0.402344,0,0.00922732
337,1831.15,70.6015,17,4,0.435547,0,0.00941569
338,1010.79,66.0284,17,3,0.399414,0,0.00926027
339,1006.68,68.483,17,3,0.424805,0,0.00929098
340,1008.92,68.8538,17,3,0.420898,0,0.00928826
341,1837.92,77.871,17,4,0.445312,0,0.00938414
342,1007.46,67.8036,17,3,0.411133,0,0.00937673
343,1010.79,71.6498,17,3,0.418945,0,0.00919013
344,1827.51,72.8034,17,4,0.416016,0,0.00941228
345,1008.92,69.1096,17,3,0.433594,0,0.00963101
346,1834.62,76.0959,17,4,0.455078,0,0.00953478
347,1008.92,67.8739,17,3,0.421875,0,0.00943423
348,1005.85,73.9929,17,3,0.441406,0,0.00947555
349,1007.46,70.6373,17,3,0.422852,0,0.0092587
350,1007.46,72.4404,17,3,0.452148,0,0.00942051
351,1837.92,78.1795,17,4,0.456055,0,0.00935885
352,1837.92,74.1609,17,4,0.4375,0,0.0093488
353,1010.21,74.7517,17,3,0.459961,0,0.00955903
354,1821.75,74.9951,17,4,0.450195,0,0.00938313
355,1008.92,71.6538,17,3,0.442383,0,0.00936444
356,1007.46,73.6705,17,3,0.452148,0,0.00946656
357,1006.68,71.2078,17,3,0.432617,0,0.00942921
358,1837.92,72.393,18,4,0.448242,0,0.00962464
359,1008.92,74.7306,17,3,0.449219,0,0.0094342
360,1837.92,72.8231,17,4,0.443359,0,0.00957028
361,1008.21,68.8995,17,3,0.424805,0,0.00969347
362,1815.68,71.3598,17,4,0.429688,0,0.00940937
363,1837.92,77.9769,18,4,0.461914,0,0.00957957
364,1008.92,77.3774,17,3,0.454102,0,0.00969012
365,1815.68,65.4975,17,4,0.402344,0,0.00941105
366,1811.47,73.2247,17,4,0.450195,0,0.00941706
367,1008.92,71.7358,17,3,0.450195,0,0.00941521
368,1010.21,70.5842,17,3,0.416016,0,0.00946854
369,1004.1,71.5638,17,3,0.430664,0,0.00934679
370,2924.51,76.4208,17,5,0.448242,0,0.00960452
371,1831.15,75.6118,17,4,0.442383,0,0.00966193
372,1007.46,74.7912,17,3,0.449219,0,0.00964115
373,1005.85,74.0426,18,3,0.453125,0,0.00976763
374,1834.62,71.5743,17,4,0.433594,0,0.0096025
375,1837.92,81.6565,19,4,0.46875,0,0.00970246
376,1008.92,74.7101,17,3,0.435547,0,0.00965965
377,1831.15,78.2249,17,4,0.451172,0,0.00947915
378,1836.29,71.1901,17,4,0.418945,0,0.00953253
379,2942.72,74.2769,18,5,0.447266,0,0.00966446
380,1007.46,69.4914,17,3,0.425781,0,0.00957792
381,1007.46,79.7496,17,3,0.469727,0,0.00963674
382,1008.21,72.2198,18,3,0.448242,0,0.00953831
383,1831.15,72.2737,17,4,0.438477,0,0.00960757
384,1843.9,75.8885,18,4,0.466797,0,0.00968385
385,1010.21,76.6867,19,3,0.475586,0,0.00950831
386,1005.85,71.454,18,3,0.44043,0,0.00963739
387,1839.49,79.2347,19,4,0.479492,0,0.00965049
388,1007.46,77.8997,19,3,0.476562,0,0.00964849
389,1819.76,87.9325,19,4,0.496094,0,0.00971198
390,1005.85,78.9382,19,3,0.473633,0,0.00977955
391,1009.59,71.2731,19,3,0.436523,0,0.00981953
392,1825.63,81.9453,18,4,0.467773,0,0.00963109
393,1007.46,68.7881,18,3,0.417969,0,0.00968138
394,1008.92,77.5533,19,3,0.462891,0,0.00970241
395,1008.92,77.011,18,3,0.449219,0,0.00984805
396,1823.71,80.4428,19,4,0.464844,0,0.00988569
397,1004.1,74.4831,19,3,0.446289,0,0.0100071
398,1819.76,72.2672,17,4,0.430664,0,0.00969862
399,1004.1,75.9609,19,3,0.462891,0,0.00979471
400,1831.15,80.3916,19,4,0.472656,0,0.00977518
401,1837.92,81.3001,19,4,0.462891,0,0.00979801
402,1007.46,69.9788,17,3,0.413086,0,0.00991394
403,1819.76,85.3821,19,4,0.503906,0,0.00990198
404,1000.23,71.4394,19,3,0.449219,0,0.00988134
405,1819.76,76.833,19,4,0.452148,0,0.00987605
406,1823.71,77.5416,19,4,0.439453,0,0.00993941
407,1827.51,73.4593,19,4,0.439453,0,0.00992489
408,1008.92,74.1567,17,3,0.424805,0,0.00980869
409,1008.92,72.4062,19,3,0.432617,0,0.00991131
410,1002.23,81.4284,21,3,0.493164,0,0.0100487
411,1827.51,81.3626,19,4,0.469727,0,0.00987258
412,1834.62,81.6563,19,4,0.472656,0,0.0100862
413,1004.1,73.8594,18,3,0.451172,0,0.0098934
414,1008.21,75.6195,19,3,0.457031,0,0.0100711
415,1815.68,83.2295,19,4,0.476562,0,0.0101294
416,1008.92,77.6738,19,3,0.461914,0,0.0101877
417,2856.74,80.8639,19,5,0.467773,0,0.0100839
418,1007.46,79.332,19,3,0.467773,0,0.010227
419,1834.62,89.695,21,4,0.508789,0,0.0103868
420,1827.51,87.8458,20,4,0.485352,0,0.0105286
421,1825.63,88.6758,21,4,0.503906,0,0.0105028
422,1006.68,74.5697,21,3,0.462891,0,0.0105536
423,1793.4,90.666,21,4,0.496094,0,0.0107059
424,1007.46,86.376,21,3,0.49707,0,0.0107925
425,1829.35,88.0705,21,4,0.481445,0,0.0105274
426,1008.92,87.0422,23,3,0.493164,0,0.0111023
427,1813.59,80.766,21,4,0.480469,0,0.0107323
428,2927.27,95.2955,21,5,0.508789,0,0.0106898
429,1831.15,93.2815,21,4,0.500977,0,0.0111229
430,1798.09,90.4607,23,4,0.50293,0,0.0112795
431,1845.26,105.139,25,4,0.55957,0,0.0113768
432,1009.59,84.6248,23,3,0.475586,0,0.0114913
433,1007.46,90.9381,23,3,0.504883,0,0.0112777
434,1008.21,88.3689,23,3,0.485352,0,0.0115112
435,1004.99,92.0836,23,3,0.513672,0,0.0116955
436,2897.56,96.7645,25,5,0.521484,0,0.0117303
437,1008.92,89.7163,22,3,0.486328,0,0.011691
438,1005.85,91.0984,23,3,0.49707,0,0.0116238
439,1834.62,95.8662,23,4,0.514648,0,0.0115202
440,1815.68,94.6012,23,4,0.494141,0,0.0121853
441,2940.29,96.7609,27,5,0.512695,0,0.0122712
442,1802.66,98.251,31,4,0.522461,0,0.0124847
443,1837.92,98.0481,27,4,0.504883,0,0.0124028
444,1008.21,89.3295,27,3,0.473633,0,0.0128944
445,1793.4,101.062,29,4,0.533203,0,0.0127188
446,1778.72,101.454,47,4,0.524414,0,0.0130753
447,1815.68,97.4893,25,4,0.478516,0,0.0132037
448,1823.71,95.4013,49,4,0.491211,0,0.013797
449,1836.29,110.606,101,4,0.541016,0,0.0141696
450,2909.97,106.641,101,5,0.514648,0,0.0144563
451,1011.78,100.536,101,3,0.503906,0,0.0143758
452,1817.74,106.466,101,4,0.50293,0,0.0149544
453,1708.97,100.667,39,4,0.489258,0,0.0146311
454,1815.68,90.3166,33,4,0.430664,0,0.0150992
455,1831.15,107.886,101,4,0.487305,0,0.0161804
456,1831.15,108.406,101,4,0.509766,0,0.0161196
457,1005.85,92.7037,101,3,0.447266,0,0.0155425
458,1831.15,108.943,101,4,0.494141,0,0.0163543
459,1827.51,102.66,101,4,0.47168,0,0.0159396
460,1802.66,101.204,101,4,0.486328,0,0.0165373
461,1823.71,102.707,101,4,0.508789,0,0.0155628
462,2877.78,114.744,101,5,0.518555,0,0.0156491
463,1813.59,109.771,101,4,0.5,0,0.016831
464,2909.97,124.011,101,5,0.554688,0,0.0162387
465,1760.49,106.245,101,4,0.506836,0,0.0156146
466,1832.91,107.043,101,4,0.49707,0,0.0159767
467,2867.41,123.941,101,5,0.567383,0,0.0169992
468,2867.41,115.961,101,5,0.507812,0,0.0170056
469,2860.33,123.94,101,5,0.5625,0,0.0171071
470,2803.43,118.268,101,5,0.537109,0,0.0160097
471,2915.92,125.062,101,5,0.549805,0,0.0168887
472,2749.33,121.664,101,5,0.558594,0,0.0176493
473,1837.92,123.351,101,4,0.551758,0,0.0169817
474,1825.63,123.957,101,4,0.564453,0,0.0173496
475,4074.61,119.521,101,6,0.53418,0,0.0166853
476,2927.27,128.855,101,5,0.580078,0,0.0170641
477,1834.62,131.543,101,4,0.606445,0,0.0164374
478,2853.13,126.61,101,5,0.55957,0,0.0175568
479,4155.95,130.115,101,6,0.588867,0,0.0174486
480,1825.63,127.015,101,4,0.598633,0,0.0166925
481,4096.95,137.021,101,6,0.602539,0,0.017441
482,2819.22,142.789,101,5,0.621094,0,0.0167532
483,2842.09,145.254,101,5,0.630859,0,0.0167922
484,3707.51,145.025,101,6,0.624023,0,0.0175038
485,5152.51,148.464,101,7,0.629883,0,0.0175089
486,5601.59,157.043,101,7,0.673828,0,0.0181136
487,4196.4,158.795,101,6,0.678711,0,0.0184467
488,4107.95,154.411,101,6,0.666992,0,0.0171762
489,4113.41,137.817,101,6,0.613281,0,0.0173931
490,4186.5,159.49,101,6,0.68457,0,0.0167251
491,1800.39,135.717,101,4,0.625,0,0.0168071
492,4034.46,153.257,101,6,0.645508,0,0.0172103
493,2762.17,148.943,101,5,0.666016,0,0.0169195
494,3999.03,143.085,101,6,0.637695,0,0.0184383
495,2834.58,150.509,101,5,0.68457,0,0.0174053
496,2849.48,160.508,101,5,0.674805,0,0.0164483
497,3789.31,150.733,101,6,0.651367,0,0.0161045
498,2924.51,169.411,101,5,0.726562,0,0.0172487
499,4057.57,145.155,101,6,0.649414,0,0.0174516
500,4282.57,163.947,101,6,0.65918,0,0.0171495
501,4196.4,159.407,101,6,0.691406,0,0.0173786
502,2842.09,150.394,101,5,0.645508,0,0.018155
503,4196.4,162.444,101,6,0.704102,0,0.0174745
504,2877.78,157.127,101,5,0.667969,0,0.0180197
505,4074.61,168.352,101,6,0.702148,0,0.0178633
506,5502.26,190.009,101,7,0.761719,0,0.0187172
507,7839.51,190.124,101,8,0.705078,0,0.0181282
508,5616.45,166.445,101,7,0.686523,0,0.0178886
509,2894.36,173.588,101,5,0.738281,0,0.0177131
510,2932.65,179.098,101,5,0.75293,0,0.0180938
511,4155.95,196.651,104.312,6,0.788086,1,0.0185423
512,5771.56,187.429,101,7,0.733398,0,0.0184238
513,3782.6,178.13,105,6,0.756836,1,0.0181783
514,7155.67,197.215,101,8,0.790039,0,0.0175031
515,4220.53,176.797,101,6,0.746094,0,0.0171511
516,4129.59,213.713,104.312,6,0.820312,1,0.0173598
517,4074.61,185.568,106.306,6,0.787109,1,0.0170401
518,5810.94,226.054,110.903,7,0.899414,1,0.0171375
519,4140.23,185.608,101,6,0.777344,0,0.0170743
520,5710.03,205.801,105.663,7,0.819336,1,0.0174942
521,2921.69,186.537,105,5,0.782227,1,0.0179712
522,4265.75,210.82,108.709,6,0.84082,1,0.018464
523,4118.83,212.814,106.93,6,0.838867,1,0.0180895
524,4034.46,244.05,109.829,6,0.925781,1,0.0189554
525,12493.3,227.696,106.93,10,0.833984,1,0.019098
526,3919.27,202.115,105.663,6,0.8125,1,0.0181818
527,7628.26,222.487,107.538,8,0.857422,1,0.0176705
528,10066.3,226.123,110.903,9,0.90332,1,0.0180476
529,7165.83,218.322,109.829,8,0.861328,1,0.0179235
530,4145.5,217.274,107.538,6,0.864258,1,0.0178458
531,7619.6,233.755,106.306,8,0.866211,1,0.018695
532,2900.72,211.585,106.93,5,0.84668,1,0.0170604
533,2877.78,205.146,108.13,5,0.845703,1,0.0173782
534,5778.21,224.813,108.709,7,0.870117,1,0.0180231
535,5256.55,225.293,108.709,7,0.862305,1,0.0187471
536,5117.16,239.841,109.275,7,0.916992,1,0.0188286
537,5645.8,242.247,109.829,7,0.913086,1,0.0181808
538,4290.68,235.586,109.275,6,0.907227,1,0.0180782
539,18354.1,252.794,109.275,12,0.90625,1,0.0179931
540,15502.9,270.958,110.371,11,0.967773,1,0.0187583
541,5723.94,287.919,110.903,7,1,1,0.0186227
542,5764.86,246.909,106.93,7,0.917969,1,0.0183108
543,5273.59,241.152,110.903,7,0.913086,1,0.0183505
544,2870.9,248.083,111.425,5,0.977539,1,0.0190688
545,7712.81,280.363,111.425,8,1.02051,1,0.0185452
546,9161.33,277.623,111.937,9,0.99707,1,0.0186044
547,37656.2,295.604,110.371,14,0.952148,1,0.018874
548,5771.56,254.491,111.937,7,0.974609,1,0.0191828
549,5751.36,270.88,114.366,7,1.03027,1,0.0194659
550,16259.8,270.532,111.937,11,0.970703,1,0.0195316
551,9617.6,299.683,112.934,9,1.05469,1,0.0195162
552,4239.12,306.777,114.828,6,1.12207,1,0.0192767
553,4181.49,316.062,113.419,6,1.10742,1,0.0198656
554,7429.74,291.27,113.419,8,1.05078,1,0.0191312
555,59355.7,323.95,112.44,15,1.02344,1,0.0187762
556,27867.3,365.505,113.419,13,1.13867,1,0.0199535
557,9674.36,326.613,112.934,9,1.11328,1,0.0194028
558,16142.6,386.549,113.419,11,1.15332,1,0.0197546
559,9594.67,370.785,114.366,9,1.21191,1,0.019592
560,7654.03,375.856,114.828,8,1.20898,1,0.0201
561,12043,455.312,116.17,10,1.29785,1,0.0201598
562,7531.03,394.064,114.828,8,1.25391,1,0.0193544
563,7512.9,385.529,116.603,8,1.25391,1,0.0207001
564,20239.6,425.743,116.17,12,1.29688,1,0.0202014
565,12360.8,373.368,114.828,10,1.21973,1,0.0201695
566,9903.25,417.874,113.897,9,1.26562,1,0.0200733
567,12545.3,414.276,117.03,10,1.2627,1,0.0204662
568,12320.3,434.638,119.071,10,1.35547,1,0.0195822
569,15807,453.41,117.865,11,1.3457,1,0.0191077
570,7540.04,390.376,116.17,8,1.28223,1,0.0203072
571,10124.5,483.4,117.45,9,1.38965,1,0.0198815
572,12571.1,489.823,117.45,10,1.39355,1,0.0194937
573,7584.59,475.549,118.675,8,1.40527,1,0.0202707
574,9850.21,451.329,122.396,9,1.39941,1,0.019994
575,163731,651.494,117.45,17,1.37109,1,0.0205819
576,12099.5,562.168,127.657,10,1.54492,1,0.0199648
577,28401.8,522.146,123.415,13,1.45312,1,0.0204976
578,12960.8,484.676,119.847,10,1.42969,1,0.0200206
579,58961.8,631.873,123.08,15,1.52539,1,0.0202536
580,27807.9,749.277,136.764,13,1.68555,1,0.0209038
581,58427.5,775.116,133.071,15,1.65527,1,0.0208612
582,564994,1235.58,136.902,19,1.65918,1,0.0211983
583,27728.2,1021.91,138.675,13,2.02832,1,0.0224531
584,94055.2,1389.65,359.354,16,2.19141,2,0.0242335
585,2.14769e+06,4422.94,365.751,21,2.28516,2,0.0252597
586,2.14864e+06,5351.09,430.013,21,3.0498,2,0.027841
587,1.09441e+06,4480.72,435.117,20,3.3584,2,0.0306759
588,2.1459e+06,8004.76,884.324,21,3.41602,3,0.0304205
589,1.09084e+06,7589.94,966,20,4.10156,3,0.0354884
590,2.14581e+06,8467.66,966,21,4.11621,3,0.0350953
591,8.44587e+06,18234.2,961.25,23,4.19141,3,0.0371146
592,2.14927e+06,11139.4,961.25,21,4.1084,3,0.0351514
593,2.14667e+06,9842.67,975.061,21,4.23828,3,0.0361102
594,8.44292e+06,19049.9,959.636,23,4.14453,3,0.0365581
595,2.14948e+06,19492.9,947.923,21,4.29688,3,0.039023
596,1.34305e+08,191713,942.692,27,4.34082,3,0.039703
597,1.68412e+07,38397.7,933.708,24,4.33398,3,0.0405255
598,8.45068e+06,28189.4,956.362,23,4.24902,3,0.0400438
599,1.68436e+07,40274.5,922.511,24,4.42773,3,0.0424956
600,4.24752e+06,21201.6,914.806,22,4.17383,3,0.0404252
601,1.68434e+07,52295,906.917,24,4.24414,3,0.0410537
602,1.34302e+08,150939,935.531,27,4.44043,3,0.042327
603,1.68406e+07,45346.6,959.636,24,4.61914,3,0.0436879
604,1.68407e+07,46945.3,979.358,24,4.68457,3,0.0417539
605,3.36233e+07,47669.3,962.849,25,4.61133,3,0.0414073
606,8.44782e+06,38574.3,980.754,23,4.84082,3,0.0436481
607,1.34297e+08,203805,947.923,27,4.61621,3,0.0432884
608,8.45296e+06,32576.4,973.593,23,4.53711,3,0.0426154
609,3.36248e+07,67297.4,933.708,25,4.42383,3,0.0411313
610,1.68433e+07,46296.8,918.682,24,4.15527,3,0.0407558
611,3.36253e+07,103989,962.849,25,4.53516,3,0.0424905
612,1.68405e+07,46447.6,986.145,24,4.8418,3,0.0443817
613,3.36261e+07,52473.6,972.108,25,4.45898,3,0.0407723
614,3.36246e+07,72266.1,982.131,25,4.87891,3,0.0460274
615,1.343e+08,167510,944.449,27,4.46289,3,0.041854
616,1.34303e+08,169312,961.25,27,4.63867,3,0.0424444
617,1.68441e+07,82524.9,972.108,24,4.83594,3,0.0455885
618,1.343e+08,312917,1154.68,27,5.39844,4,0.0501475
619,3.36274e+07,171944,1404.51,25,5.56934,4,0.0520161
620,6.71891e+07,320422,1484.8,26,5.81934,4,0.0540228
621,6.71924e+07,224471,995.918,26,5.34961,3,0.0502096
622,2.68531e+08,591798,1469.09,28,5.90234,4,0.0526394
623,3.36223e+07,125456,1534.65,25,5.63184,4,0.0503918
624,1.34306e+08,311298,1768.44,27,6.11719,4,0.050511
625,2.1476e+09,2.65773e+06,1752.35,31,6.14648,4,0.0486959
626,1.07385e+09,2.97337e+06,1768.13,30,6.60059,5,0.0530492
627,1.07384e+09,1.81673e+06,1744.03,30,6.64746,4,0.0540846
628,2.68524e+08,1.19878e+06,1712,28,6.64941,4,0.0541511
629,1.07384e+09,2.73594e+06,1530.88,30,6.4834,4,0.0524634
630,5.36966e+08,2.17411e+06,1614.33,29,6.34863,4,0.0504516
631,2.14759e+09,3.18959e+06,1392.11,31,6.10547,4,0.0501569
632,2.14759e+09,4.47205e+06,1776.18,31,6.91699,4,0.0531928
633,5.36967e+08,1.17972e+06,1804.91,29,6.7334,4,0.051483
634,4.29509e+09,9.19205e+06,1699.8,32,6.7959,4,0.0531099
635,5.36961e+08,2.18962e+06,1720.96,29,6.57031,4,0.0513315
636,4.29509e+09,6.02083e+06,1763.17,32,6.71094,4,0.0504286
637,2.14759e+09,3.09952e+06,1804.91,31,6.64355,4,0.0512159
638,4.29507e+09,8.3346e+06,1723.91,32,6.89844,4,0.0554635
639,1.07385e+09,4.67045e+06,1658.35,30,6.50977,4,0.0530777
640,1.07385e+09,5.78885e+06,2139.58,30,6.83398,5,0.0521732
641,5.36966e+08,1.38359e+06,1778.72,29,7.0166,4,0.0541481
642,5.36966e+08,1.99204e+06,1752.35,29,6.68262,4,0.050587
643,1.07385e+09,2.29116e+06,1776.18,30,6.88672,4,0.051864
644,2.68527e+08,2.4107e+06,2270.79,28,7.09961,5,0.0525302
645,2.14759e+09,5.18823e+06,1752.35,31,6.77246,4,0.0508019
646,1.07384e+09,3.93307e+06,2351.18,30,7.24414,5,0.054642
647,1.07385e+09,2.86387e+06,2639.78,30,7.09668,5,0.0511924
648,8.59006e+09,9.24552e+06,2053.16,33,6.61426,5,0.0495393
649,1.07385e+09,3.93487e+06,2644.57,30,7.12402,5,0.0525969
650,4.29509e+09,5.75887e+06,2766.4,32,7.0625,5,0.0517669
651,5.36971e+08,2.30656e+06,1705.93,29,6.55957,4,0.0505725
652,2.1476e+09,6.28458e+06,1765.81,31,6.65137,4,0.0500017
653,8.59006e+09,1.84514e+07,1749.6,33,6.66016,4,0.0503594
654,4.29508e+09,7.4289e+06,1788.61,32,6.90527,4,0.0518013
655,4.29509e+09,7.39791e+06,2373.67,32,7.13477,5,0.0523479
656,8.59005e+09,1.12437e+07,1765.81,33,6.76953,4,0.0519866
657,1.718e+10,2.36266e+07,1424.97,34,5.90625,4,0.0481863
658,1.07385e+09,2.93871e+06,1387.95,30,5.86621,4,0.04722
659,8.59006e+09,1.33639e+07,1600.31,33,6.05957,4,0.0485481
660,1.07384e+09,3.0352e+06,997.036,30,5.70703,3,0.0489004
661,4.29506e+09,1.06971e+07,1311.55,32,5.81641,4,0.048165
662,2.14759e+09,5.9831e+06,1720.96,31,5.99512,4,0.0500556
663,4.29508e+09,7.65221e+06,1726.84,32,6.07422,4,0.0496417
664,1.718e+10,3.03612e+07,1294.16,34,5.81543,4,0.0491467
665,4.29509e+09,8.41843e+06,1651.74,32,6.39844,4,0.0510295
666,2.1476e+09,1.53826e+07,2488.11,31,7.41895,5,0.0538352
667,1.718e+10,2.68933e+07,2668.24,34,7.11035,5,0.0533619
668,8.59005e+09,2.332e+07,2311.3,33,7.30566,5,0.053999
669,4.29508e+09,1.75535e+07,2663.54,32,7.45801,5,0.0557215
670,1.07385e+09,6.1579e+06,3424.22,30,7.80957,6,0.055472
671,3.43599e+10,6.19416e+07,2217.82,35,7.44922,5,0.0570809
672,8.59006e+09,1.47984e+07,3906.66,33,8.14746,6,0.0574414
673,1.718e+10,3.83624e+07,3484.36,34,8.02637,6,0.0563325
674,1.718e+10,4.69956e+07,3815.97,34,8.23438,6,0.0576949
675,8.59007e+09,1.64873e+07,2362.45,33,7.44824,5,0.0566337
676,2.74878e+11,2.77016e+08,2745.01,38,7.48926,5,0.0565028
677,3.43599e+10,6.40993e+07,4005,35,8.79199,6,0.0627023
678,1.718e+10,6.02734e+07,4935.66,34,8.9502,7,0.065052
679,1.37439e+11,2.83789e+08,4145.5,37,9.13184,6,0.0643493
680,1.718e+10,7.63453e+07,4785.07,34,8.70996,7,0.0615211
681,6.87196e+10,9.76247e+07,4129.59,36,8.84766,6,0.0653332
682,8.59005e+09,4.24743e+07,4005,33,8.77148,6,0.0623214
683,4.29508e+09,5.47601e+07,3968.82,32,8.49121,6,0.0611562
684,8.59006e+09,5.61374e+07,4091.41,33,8.72754,6,0.0631933
685,1.718e+10,5.94316e+07,4118.83,34,8.96289,6,0.0643112
686,6.87196e+10,1.24062e+08,3926.75,36,8.40039,7,0.0608538
687,4.29509e+09,2.82233e+07,2305.55,32,7.5127,5,0.058443
688,2.74878e+11,2.99631e+08,3182.26,38,8.16211,6,0.0602048
689,8.59006e+09,4.28766e+07,5486.57,33,9.06641,7,0.0633862
690,8.59006e+09,4.96643e+07,3461.92,33,8.61426,6,0.0619956
691,3.43599e+10,7.52382e+07,4068.96,35,8.85645,6,0.0614843
692,8.59006e+09,4.6211e+07,5365.67,33,9.24902,7,0.0656082
693,6.87196e+10,1.07627e+08,4550.92,36,8.76562,7,0.0615708
694,1.718e+10,4.66932e+07,3246.01,34,8.14648,6,0.0583544
695,1.37439e+11,1.89399e+08,3968.82,37,8.4209,6,0.0575055
696,8.59006e+09,5.19307e+07,5239.43,33,9.0791,7,0.0601864
697,1.718e+10,4.89321e+07,4096.95,34,8.57422,6,0.0571775
698,1.718e+10,6.61379e+07,4040.28,34,8.77344,6,0.0604281
699,4.29508e+09,3.48548e+07,3796.01,32,8.00781,6,0.0557547
700,1.718e+10,7.71271e+07,3150.06,34,8.18457,6,0.0571182
701,1.37439e+11,2.18751e+08,3550.8,37,7.9873,6,0.0571418
702,3.43599e+10,1.14207e+08,5009.19,35,9.16016,7,0.0632923
703,3.43599e+10,9.13118e+07,4010.94,35,8.73535,6,0.0636214
704,1.718e+10,7.82567e+07,3861.83,34,8.38281,6,0.0611402
705,3.43599e+10,1.17039e+08,3528.8,35,8.16309,6,0.0592881
706,3.43599e+10,9.52603e+07,2860.33,35,7.61133,5,0.0565013
707,3.43599e+10,9.01e+07,2795.37,35,7.89551,5,0.0581445
708,1.718e+10,3.81552e+07,2368.07,34,7.35254,5,0.0561372
709,1.718e+10,5.15533e+07,2668.24,34,7.54492,5,0.057737
710,8.59005e+09,3.93113e+07,4520.99,33,8.83008,7,0.0630262
711,3.43599e+10,5.24094e+07,2691.43,35,7.61719,5,0.0564488
712,6.87196e+10,1.89879e+08,5791.42,36,9.36328,7,0.0660324
713,1.37439e+11,2.5971e+08,5556.33,37,9.35645,7,0.0651831
714,3.43599e+10,1.21936e+08,4091.41,35,8.85059,6,0.0632665
715,3.43599e+10,1.22688e+08,2842.09,35,8.33398,5,0.0611119
716,8.59006e+09,3.98976e+07,2700.57,33,7.75586,5,0.0584758
717,3.43599e+10,1.11715e+08,5222.21,35,9.12793,7,0.0653651
718,1.37439e+11,1.89412e+08,3755.56,37,8.02539,6,0.0594319
719,1.718e+10,6.50415e+07,4430.35,34,8.37109,7,0.061982
720,3.43599e+10,6.97934e+07,3802.68,35,8.3623,6,0.0619346
721,8.59005e+09,5.89692e+07,5265.08,33,8.87207,7,0.0631343
722,3.43599e+10,1.45899e+08,5000.06,35,8.87988,7,0.0636511
723,1.718e+10,7.85513e+07,4098.24,34,8.50684,7,0.0602039
724,1.718e+10,3.79958e+07,5222.21,34,8.69043,7,0.0596207
725,6.87196e+10,9.75201e+07,4410.03,36,8.39648,7,0.059441
726,1.09951e+12,1.17047e+09,7206.2,40,9.87109,8,0.0667228
727,5.49756e+11,7.59504e+08,11452.2,39,10.9551,10,0.0748103
728,6.87196e+10,2.47753e+08,9839.49,36,11.1758,9,0.0735426
729,6.87196e+10,3.62282e+08,12183.3,36,11.6406,10,0.0753503
730,6.87196e+10,2.61375e+08,10421.6,36,11.0127,10,0.071099
731,1.37439e+11,5.72037e+08,11297.6,37,11.2119,10,0.0719119
732,1.09951e+12,1.29499e+09,11390.7,40,11.1328,10,0.0729125
733,6.87196e+10,2.93688e+08,11885.1,36,11.3154,10,0.0723659
734,3.43599e+10,1.58283e+08,9719.16,35,10.8223,9,0.0709967
735,1.37439e+11,5.02028e+08,11375.2,37,10.9502,10,0.0709525
736,3.43599e+10,1.47679e+08,9198.85,35,10.4521,9,0.0697268
737,3.43599e+10,1.49498e+08,8996.05,35,10.585,9,0.0694565
738,3.43599e+10,1.6458e+08,9560.04,35,10.4766,9,0.0669629
739,6.87196e+10,2.93445e+08,11543.6,36,11.1592,10,0.0743651
740,6.87196e+10,3.25618e+08,9085.59,36,10.7002,9,0.0718189
741,3.43599e+10,2.34551e+08,11693.9,35,10.8906,10,0.0721019
742,6.87196e+10,2.29079e+08,7566.87,36,9.95215,8,0.0665648
743,3.43599e+10,8.54834e+07,9394.74,35,10.5557,9,0.0690271
744,3.43599e+10,1.75846e+08,8931.34,35,10.3291,9,0.0689194
745,6.87196e+10,3.386e+08,7549.02,36,10.2686,8,0.0680597
746,1.37439e+11,3.40905e+08,7540.04,37,10.1914,8,0.0671358
747,3.43599e+10,1.67965e+08,7593.39,35,10.4033,8,0.0673291
748,6.87196e+10,1.98436e+08,7485.47,36,9.9873,8,0.0662921
749,1.718e+10,1.2784e+08,7000.23,34,9.85254,8,0.0656627
750,1.37439e+11,3.84533e+08,9394.74,37,10.6963,9,0.0707257
751,3.43599e+10,1.93218e+08,5256.55,35,9.2168,7,0.0634629
752,6.87196e+10,1.82519e+08,5601.59,36,9.5459,7,0.0650724
753,3.43599e+10,1.59115e+08,6784.62,35,9.73633,8,0.0642753
754,6.87196e+10,1.59538e+08,5737.72,36,9.21875,7,0.063173
755,6.87196e+10,1.41622e+08,6979.09,36,9.80176,8,0.0651098
756,3.43599e+10,1.45323e+08,5332.51,35,9.06641,7,0.0601481
757,3.43599e+10,1.41252e+08,5315.79,35,9.11035,7,0.0616355
758,3.43599e+10,1.04162e+08,5609.03,35,9.21387,7,0.0616629
759,1.718e+10,1.1673e+08,5494.43,34,9.30664,7,0.0617655
760,6.87196e+10,1.94891e+08,4832.62,36,9.32227,7,0.0632747
761,1.718e+10,1.14083e+08,3968.82,34,8.94238,6,0.0596545
762,3.43599e+10,1.37921e+08,5525.6,35,9.5,7,0.0618123
763,3.43599e+10,1.51206e+08,5438.88,35,9.41309,7,0.0645029
764,1.09951e+12,1.3533e+09,4129.59,40,9.30176,6,0.0610223
765,2.74878e+11,4.29509e+08,4046.07,38,8.60352,6,0.0562961
766,1.37439e+11,2.4597e+08,4085.84,37,8.99805,6,0.0569285
767,6.87196e+10,1.94787e+08,3931.8,36,8.72266,6,0.0569597
768,3.43599e+10,1.83925e+08,3308.87,35,8.33887,6,0.0531354
769,3.43599e+10,1.81035e+08,3855.34,35,8.42285,6,0.0563616
770,6.87196e+10,2.92481e+08,3912.98,36,8.85254,6,0.0580279
771,2.74878e+11,7.5251e+08,5256.55,38,9.11328,7,0.0593021
772,5.49756e+11,6.30261e+08,5737.72,39,9.8125,7,0.0651883
773,5.49756e+11,9.0497e+08,7275.83,39,10.2812,8,0.0657508
774,1.37439e+11,6.71732e+08,7753.6,37,10.9023,8,0.070989
775,2.74878e+11,8.09258e+08,9571.62,38,11.0342,9,0.0690983
776,2.19902e+12,2.88213e+09,7610.9,41,11.0908,8,0.0723334
777,1.09951e+12,1.94149e+09,7448.45,40,11.1182,8,0.069074
778,2.19902e+12,4.01539e+09,7410.92,41,10.7344,8,0.0684207
779,2.74878e+11,1.00318e+09,9489.92,38,11.5635,9,0.0736002
780,1.09951e+12,3.22649e+09,7636.89,40,10.8857,8,0.0707443
781,2.74878e+11,9.17795e+08,7010.77,38,10.6377,8,0.0682248
782,2.74878e+11,1.16915e+09,7315,38,10.583,8,0.0680232
783,5.49756e+11,1.38078e+09,7256.07,39,10.9648,8,0.0715135
784,1.37439e+11,6.93194e+08,9560.04,37,11.6484,9,0.0732408
785,2.74878e+11,8.7252e+08,7575.75,38,10.666,8,0.0695426
786,1.37439e+11,7.44113e+08,7382.45,37,10.5791,8,0.0688548
787,6.87196e+10,4.14897e+08,9223.72,36,10.7266,9,0.0695268
788,2.74878e+11,7.51136e+08,7285.66,38,10.8838,8,0.0721314
789,1.37439e+11,4.61558e+08,7401.46,37,10.4473,8,0.0677299
790,1.09951e+12,2.77348e+09,8944.33,40,11.2236,9,0.0727136
791,1.09951e+12,3.25433e+09,7063.08,40,10.7617,8,0.0704933
792,5.49756e+11,1.71901e+09,7265.96,39,10.6025,8,0.0668432
793,1.37439e+11,5.13046e+08,6817.54,37,10.041,8,0.0653865
794,1.09951e+12,1.93372e+09,9173.87,40,11.0293,9,0.0720565
795,1.09951e+12,1.56608e+09,8866.02,40,10.8789,9,0.0695827
796,5.49756e+11,1.07404e+09,8308.63,39,11.0234,9,0.0719233
797,1.37439e+11,5.54848e+08,7457.75,37,10.3145,8,0.0667589
798,6.87196e+10,3.07253e+08,8957.3,36,10.3027,9,0.0677883
799,2.19902e+12,2.5981e+09,7186.07,41,10.1768,8,0.0662993
800,6.87196e+10,4.72605e+08,8625.94,36,11.0889,9,0.072608
801,4.39805e+12,6.14153e+09,9297.69,42,11.4834,9,0.0742562
802,5.49756e+11,1.21431e+09,9060.14,39,11.1855,9,0.0712961
803,2.74878e+11,1.48093e+09,8720.2,38,11.0273,9,0.0731
804,1.37439e+11,6.69465e+08,7467.02,37,10.6934,8,0.0689617
805,5.49756e+11,1.2703e+09,8931.34,39,11.1406,9,0.0716616
806,5.49756e+11,1.39907e+09,7760.61,39,11.0586,9,0.0733161
807,2.74878e+11,1.39823e+09,7391.97,38,10.9092,8,0.0700667
808,1.37439e+11,7.11114e+08,8905.29,37,11.1396,9,0.0720266
809,5.49756e+11,1.15913e+09,6957.85,39,10.5078,8,0.0691066
810,2.19902e+12,3.30166e+09,11452.2,41,11.6494,10,0.0755861
811,2.74878e+11,1.38608e+09,12710,38,12.0322,10,0.0784654
812,2.19902e+12,3.49163e+09,9430.66,41,11.2373,9,0.0756409
813,5.49756e+11,1.71465e+09,15287.8,39,12.4941,11,0.0798137
814,5.49756e+11,1.4639e+09,9536.79,39,11.4561,9,0.0730968
815,1.09951e+12,2.12009e+09,12014.6,40,11.7363,10,0.076107
816,8.79609e+12,1.01184e+10,17899,43,12.9287,12,0.0836386
817,2.74878e+11,1.99738e+09,15470.2,38,12.7588,11,0.0811979
818,5.49756e+11,1.77538e+09,12279.6,39,12.6406,10,0.0833521
819,6.87196e+10,8.0581e+08,17455.6,36,13.1973,12,0.0848782
820,2.74878e+11,1.23383e+09,18545.6,38,13.0254,12,0.0820595
821,1.37439e+11,8.0998e+08,14431.3,37,12.1309,11,0.080601
822,5.49756e+11,1.71147e+09,13158.9,39,12.2988,11,0.0815198
823,1.37439e+11,9.41554e+08,13569.2,37,12.3232,11,0.0803636
824,4.39805e+12,5.06114e+09,13703.7,42,12.2598,11,0.0786622
825,6.87196e+10,1.06877e+09,15453.8,36,12.8896,11,0.0815671
826,1.09951e+12,2.40844e+09,19469.9,40,13.2217,12,0.0842163
827,2.74878e+11,1.90229e+09,26189.5,38,14.208,13,0.0891889
828,5.49756e+11,3.09315e+09,18860,39,13.6084,12,0.0872131
829,1.09951e+12,5.72245e+09,36187.4,40,14.6348,14,0.0956552
830,1.09951e+12,3.83693e+09,15616.4,40,13.5088,11,0.0894432
831,5.49756e+11,1.86232e+09,26302.1,39,13.9404,13,0.0885855
832,5.49756e+11,2.87629e+09,38503.6,39,15.1738,14,0.0971176
833,1.37439e+11,1.61439e+09,26831.4,37,14.4873,13,0.0928393
834,2.74878e+11,1.97075e+09,26076,38,13.9785,13,0.0907029
835,2.74878e+11,2.24218e+09,25165.4,38,13.9629,13,0.087895
836,5.49756e+11,3.24982e+09,20146.3,39,13.7715,12,0.0886172
837,5.49756e+11,3.29499e+09,15946.6,39,13.042,11,0.0828781
838,1.37439e+11,1.4736e+09,19995.2,37,13.4844,12,0.0870041
839,8.79609e+12,9.68036e+09,19509.6,43,13.4717,12,0.0876214
840,5.49756e+11,1.88102e+09,38760.4,39,14.7891,14,0.0926074
841,2.74878e+11,1.57448e+09,28309,38,14.2607,13,0.091682
842,5.49756e+11,2.08978e+09,27152.1,39,14.0166,13,0.088796
843,1.09951e+12,4.23318e+09,35838.5,40,14.3203,14,0.0905318
844,1.09951e+12,2.2744e+09,26700.9,40,14.2002,13,0.0885757
845,4.39805e+12,9.77326e+09,26324.5,42,14.2021,13,0.0876838
846,5.49756e+11,2.25813e+09,20441.6,39,13.6875,12,0.0856121
847,2.19902e+12,4.69153e+09,27278.1,41,14.1953,13,0.0874881
848,2.74878e+11,1.62516e+09,27827.7,38,14.1523,13,0.0871543
849,4.39805e+12,5.81428e+09,15977.2,42,13.3086,11,0.083767
850,1.09951e+12,3.67405e+09,20459.8,40,13.7754,12,0.0848844
851,5.49756e+11,2.79553e+09,19489.7,39,13.4277,12,0.0834297
852,5.49756e+11,2.43113e+09,19249.3,39,13.2734,12,0.0850147
853,5.49756e+11,2.89436e+09,25473.9,39,13.8623,13,0.0865437
854,1.09951e+12,3.5121e+09,23835.1,40,13.7822,13,0.0861136
855,8.79609e+12,1.24389e+10,15977.2,43,12.9014,11,0.0811118
856,1.09951e+12,3.89318e+09,19686.7,40,13.3809,12,0.0829188
857,2.19902e+12,8.40756e+09,27046.1,41,14.3271,13,0.0872831
858,5.49756e+11,3.2297e+09,20405.2,39,13.2803,12,0.081552
859,2.19902e+12,6.02459e+09,21053.2,41,14.3975,12,0.0873526
860,4.39805e+12,7.09469e+09,15135.8,42,12.9219,11,0.081477
861,1.09951e+12,3.43113e+09,20368.6,40,13.8242,12,0.0883795
862,4.39805e+12,1.0038e+10,26744.5,42,14.2842,13,0.0897473
863,1.09951e+12,3.26955e+09,35648.6,40,14.6914,14,0.0937992
864,5.49756e+11,3.10332e+09,20866.4,39,14.0693,12,0.0897039
865,2.74878e+11,2.31647e+09,20441.6,38,14.0361,12,0.0881072
866,2.19902e+12,5.91689e+09,26960.7,41,14.001,13,0.0893472
867,2.74878e+11,1.8122e+09,26831.4,38,14.1484,13,0.0898635
868,1.09951e+12,3.22517e+09,20089.9,40,13.7471,12,0.0875299
869,2.74878e+11,2.31483e+09,26098.8,38,14.1836,13,0.0894844
870,8.79609e+12,1.22383e+10,19549.2,43,13.1582,12,0.0854922
871,8.79609e+12,1.68326e+10,36610,43,14.8877,14,0.0929873
872,1.09951e+12,5.06576e+09,34650.9,40,14.7939,14,0.0915646
873,5.49756e+11,2.99027e+09,37506.5,39,14.8809,14,0.0939831
874,2.74878e+11,3.55592e+09,38644.3,38,15.6895,14,0.098052
875,1.09951e+12,5.44269e+09,27319.8,40,14.6689,13,0.0941286
876,2.19902e+12,4.5221e+09,27215.3,41,14.6055,13,0.0944751
877,2.19902e+12,8.60878e+09,39125.1,41,15.3564,14,0.0987743
878,5.49756e+11,5.17391e+09,20549.9,39,14.2148,12,0.0901216
879,1.75922e+13,3.02054e+10,27807.9,44,15.123,13,0.095641
880,4.39805e+12,1.00714e+10,27444,42,15.082,13,0.0988667
881,2.19902e+12,1.38299e+10,35457.4,41,15.1719,14,0.0974193
882,1.09951e+12,8.68415e+09,58113.9,40,16.084,15,0.108641
883,2.19902e+12,1.04943e+10,35429.9,41,14.7695,14,0.0977209
884,2.19902e+12,7.88639e+09,38875.5,41,15.2627,14,0.104233
885,1.40737e+14,2.24278e+11,27173.2,47,15.4199,13,0.103831
886,1.75922e+13,3.87855e+10,55711,44,16.2656,15,0.10922
887,3.51844e+13,6.62741e+10,91403,45,17.1094,16,0.117894
888,1.1259e+15,1.14768e+12,160230,50,17.6689,17,0.121221
889,1.75922e+13,4.04934e+10,37705.8,44,16.4277,14,0.115988
890,8.79609e+12,2.92038e+10,27194.3,43,15.9316,13,0.110278
891,2.19902e+12,1.60902e+10,39303.4,41,15.7451,14,0.109613
892,2.19902e+12,1.23946e+10,25684.6,41,14.9668,13,0.104372
893,4.39805e+12,2.42409e+10,37631.3,42,15.8379,14,0.108973
894,4.39805e+12,2.45146e+10,38829.6,42,15.9697,14,0.109491
895,4.39805e+12,2.4896e+10,27109.8,42,15.3311,13,0.107444
896,1.75922e+13,4.72039e+10,37755.3,44,15.6904,14,0.110197
897,8.79609e+12,3.12966e+10,26744.5,43,15.2168,13,0.109561
898,1.09951e+12,1.23539e+10,19938,40,14.2324,12,0.100312
899,4.39805e+12,1.7568e+10,19329.9,42,14.6348,12,0.103785
900,1.75922e+13,5.44108e+10,19976.2,44,14.6816,12,0.101619
901,7.03687e+13,1.07962e+11,24460.4,46,15.3633,13,0.10531
902,4.39805e+12,3.0266e+10,156726,42,17.6426,17,0.120345
903,2.81475e+14,3.08696e+11,87418.3,48,17.002,16,0.114459
904,4.39805e+12,2.57327e+10,57767.7,42,16.792,15,0.115302
905,4.39805e+12,2.85675e+10,54450.3,42,16.2676,15,0.111385
906,4.39805e+12,1.84185e+10,38503.6,42,16.4111,14,0.114497
907,4.39805e+12,2.41813e+10,56860.6,42,16.4717,15,0.111835
908,1.75922e+13,3.96708e+10,38409.1,44,16.0293,14,0.1068
909,8.79609e+12,4.85332e+10,57901.6,43,16.6523,15,0.11123
910,8.79609e+12,2.75244e+10,38527.2,43,16.1768,14,0.109034
911,4.39805e+12,2.36358e+10,59036.6,42,17.2236,15,0.115077
912,1.75922e+13,5.13107e+10,158324,44,17.4844,17,0.115891
913,1.75922e+13,7.27632e+10,161324,44,18.002,17,0.120277
914,1.75922e+13,3.78876e+10,159978,44,17.9307,17,0.119135
915,2.19902e+12,2.11483e+10,300415,41,18.8848,18,0.125873
916,7.03687e+13,1.20999e+11,163017,46,18.2959,17,0.122552
917,3.51844e+13,9.88048e+10,563591,45,19.5566,19,0.131325
918,3.51844e+13,1.14607e+11,567060,45,19.8164,19,0.134341
919,8.79609e+12,3.71527e+10,164425,43,18.498,17,0.124693
920,1.75922e+13,7.11501e+10,161739,44,17.8125,17,0.119658
921,1.75922e+13,7.46903e+10,163214,44,18.3086,17,0.127233
922,4.39805e+12,2.16098e+10,161876,42,18.0732,17,0.122317
923,1.40737e+14,2.71049e+11,292499,47,18.3252,18,0.12404
924,4.39805e+12,5.04029e+10,2.14456e+06,42,20.6484,21,0.141468
925,8.79609e+12,3.99596e+10,297575,43,18.8252,18,0.12804
926,1.75922e+13,4.69156e+10,562177,44,19.4199,19,0.130478
927,1.75922e+13,7.83503e+10,563750,44,19.6191,19,0.133439
928,8.79609e+12,4.06561e+10,296391,43,18.9668,18,0.130113
929,4.39805e+12,3.95351e+10,163344,42,18.5439,17,0.127662
930,4.39805e+12,3.05078e+10,559431,42,19.251,19,0.132677
931,3.51844e+13,7.26643e+10,291758,45,18.6904,18,0.128526
932,1.75922e+13,8.01274e+10,297430,44,18.8789,18,0.131878
933,8.79609e+12,3.98448e+10,163214,43,18.4727,17,0.12893
934,8.79609e+12,4.60618e+10,294702,43,19.084,18,0.132831
935,8.79609e+12,4.92164e+10,295555,43,18.4014,18,0.125794
936,3.51844e+13,6.90905e+10,163795,45,18.1201,17,0.126831
937,3.51844e+13,8.1108e+10,554891,45,18.6885,19,0.132051
938,1.40737e+14,1.83657e+11,559127,47,19.1182,19,0.130339
939,1.75922e+13,5.72865e+10,87454.2,44,17.9307,16,0.119684
940,7.03687e+13,1.1579e+11,94640.1,46,18.2295,16,0.121558
941,5.6295e+14,6.44682e+11,1.08827e+06,49,19.8838,20,0.133225
942,8.79609e+12,8.32299e+10,2.14685e+06,43,20.4707,21,0.135412
943,7.03687e+13,1.35833e+11,8.44129e+06,46,20.7871,23,0.136151
944,9.0072e+15,8.88259e+12,1.684e+07,53,21.5107,24,0.144933
945,7.03687e+13,1.66008e+11,8.4494e+06,46,20.9395,23,0.146754
946,7.03687e+13,1.91731e+11,4.24878e+06,46,20.4248,22,0.140801
947,3.51844e+13,9.24268e+10,4.24796e+06,45,20.3242,22,0.136797
948,3.51844e+13,1.40788e+11,1.68343e+07,45,20.9248,24,0.142291
949,7.03687e+13,1.42989e+11,8.44587e+06,46,20.5801,23,0.139337
950,1.75922e+13,1.48245e+11,4.24868e+06,44,20.4609,22,0.138956
951,1.40737e+14,3.15983e+11,2.13969e+06,47,19.5264,21,0.128761
952,3.51844e+13,7.71487e+10,4.24418e+06,45,19.6553,22,0.133085
953,1.75922e+13,7.1019e+10,565972,44,19.3594,19,0.129589
954,7.03687e+13,1.29652e+11,1.09533e+06,46,19.7139,20,0.136974
955,8.79609e+12,8.91933e+10,1.09245e+06,43,19.2744,20,0.126389
956,1.75922e+13,7.7378e+10,165096,44,18.5146,17,0.123772
957,2.81475e+14,4.37577e+11,298578,48,18.8604,18,0.123489
958,1.75922e+13,1.02561e+11,2.14089e+06,44,19.7148,21,0.128126
959,1.40737e+14,4.37422e+11,297865,47,18.7646,18,0.126279
960,1.40737e+14,1.89549e+11,1.09093e+06,47,19.1299,20,0.130028
961,1.75922e+13,1.10593e+11,4.24662e+06,44,20.4346,22,0.136949
962,7.03687e+13,2.75093e+11,2.14314e+06,46,20.0762,21,0.135526
963,3.51844e+13,1.56115e+11,1.09215e+06,45,19.7607,20,0.1332
964,7.03687e+13,2.49628e+11,1.09396e+06,46,19.5439,20,0.134192
965,1.40737e+14,3.5807e+11,4.24407e+06,47,19.7734,22,0.13662
966,3.51844e+13,2.21782e+11,8.44495e+06,45,21.5283,23,0.144587
967,5.6295e+14,7.18652e+11,4.24423e+06,49,21.0557,22,0.141673
968,1.75922e+13,8.03654e+10,89970.7,44,17.0137,16,0.114371
969,1.40737e+14,2.26266e+11,2.14414e+06,47,20.251,21,0.138252
970,7.03687e+13,2.87524e+11,1.68365e+07,46,21.749,24,0.14894
971,7.03687e+13,1.65796e+11,4.24825e+06,46,21.0645,22,0.145046
972,1.1259e+15,1.20844e+12,4.24239e+06,50,20.4014,22,0.143546
973,3.51844e+13,1.52073e+11,8.44608e+06,45,21.4141,23,0.151304
974,8.79609e+12,8.13966e+10,1.68419e+07,43,21.8662,24,0.148982
975,3.51844e+13,1.45585e+11,4.2427e+06,45,20.8457,22,0.142157
976,3.51844e+13,1.33246e+11,2.13789e+06,45,20.1562,21,0.135381
977,1.1259e+15,1.17184e+12,2.14242e+06,50,20.2129,21,0.136207
978,1.75922e+13,1.19835e+11,8.44766e+06,44,21.8701,23,0.149931
979,2.81475e+14,4.99991e+11,4.24459e+06,48,20.8213,22,0.140833
980,1.75922e+13,1.02676e+11,4.24747e+06,44,20.8174,22,0.141666
981,8.79609e+12,1.01567e+11,1.09529e+06,43,19.8779,20,0.135989
982,5.6295e+14,6.48983e+11,1.09206e+06,49,19.9482,20,0.137386
983,3.51844e+13,1.46026e+11,3.36222e+07,45,21.9062,25,0.153092
984,5.6295e+14,7.33332e+11,6.71738e+07,49,22.1523,26,0.157016
985,3.51844e+13,2.86707e+11,4.2435e+06,45,20.4736,22,0.140988
986,3.51844e+13,1.69101e+11,4.24727e+06,45,20.6064,22,0.144545
987,7.03687e+13,1.66936e+11,4.24587e+06,46,20.5391,22,0.147811
988,3.51844e+13,2.45205e+11,8.44208e+06,45,20.6758,23,0.142913
989,1.75922e+13,1.76347e+11,8.44677e+06,44,20.9727,23,0.146735
990,3.51844e+13,1.67947e+11,8.44512e+06,45,20.9678,23,0.146004
991,2.81475e+14,5.84082e+11,2.1448e+06,48,20.1016,21,0.144769
992,1.40737e+14,3.13761e+11,1.34292e+08,47,22.9785,27,0.162503
993,1.40737e+14,3.98495e+11,6.71846e+07,47,22.5342,26,0.155112
994,1.75922e+13,2.38991e+11,6.71766e+07,44,22.6348,26,0.156731
995,3.51844e+13,2.52351e+11,1.34289e+08,45,22.9971,27,0.160829
996,7.03687e+13,3.87174e+11,6.71812e+07,46,22.627,26,0.159081
997,7.03687e+13,3.24155e+11,3.3625e+07,46,21.8662,25,0.152025
998,3.51844e+13,1.81369e+11,8.44899e+06,45,20.8018,23,0.146415
999,7.03687e+13,2.68244e+11,1.68418e+07,46,21.4619,24,0.151591
1000,2.81475e+14,6.94834e+11,8.44287e+06,48,20.7764,23,0.148417
1001,5.6295e+14,1.15275e+12,8.44003e+06,49,20.8389,23,0.149316
1002,1.75922e+13,1.93788e+11,1.68288e+07,44,21.2061,24,0.15089
1003,3.51844e+13,2.80065e+11,8.44375e+06,45,20.7773,23,0.146974
1004,3.51844e+13,2.05264e+11,4.2451e+06,45,20.6426,22,0.149642
1005,3.51844e+13,2.40475e+11,8.44236e+06,45,20.6445,23,0.144081
1006,1.40737e+14,3.35485e+11,4.24766e+06,47,20.5908,22,0.148769
1007,1.75922e+13,1.26259e+11,1.09098e+06,44,19.8965,20,0.140777
1008,1.1259e+15,1.33852e+12,8.44474e+06,50,20.8721,23,0.149122
1009,5.6295e+14,8.50057e+11,2.1439e+06,49,21.0547,21,0.149858
1010,1.40737e+14,3.2571e+11,1.0878e+06,47,19.4541,20,0.139167
1011,1.40737e+14,4.44857e+11,1.09254e+06,47,19.875,20,0.138954
1012,7.03687e+13,2.11259e+11,1.0912e+06,46,20.2021,20,0.142249
1013,7.03687e+13,3.96529e+11,561180,46,19.1709,19,0.13742
1014,7.03687e+13,2.45734e+11,1.08946e+06,46,19.29,20,0.134531
1015,1.75922e+13,1.63998e+11,2.14357e+06,44,20.4736,21,0.146733
1016,1.40737e+14,4.4476e+11,1.09283e+06,47,19.2129,20,0.137015
1017,1.40737e+14,3.21637e+11,4.24164e+06,47,20.7412,22,0.14965
1018,1.40737e+14,7.7716e+11,8.44032e+06,47,20.876,23,0.149515
1019,2.81475e+14,5.65936e+11,4.2482e+06,48,20.8291,22,0.14873
1020,1.40737e+14,3.44445e+11,4.2451e+06,47,20.418,22,0.148034
1021,2.81475e+14,7.11632e+11,3.36188e+07,48,21.8682,25,0.154363
1022,2.2518e+15,2.47262e+12,8.43852e+06,51,20.6709,23,0.149285
1023,7.03687e+13,3.59343e+11,3.36195e+07,46,22.042,25,0.158708
1024,1.40737e+14,3.56976e+11,2.13923e+06,47,20.0186,21,0.145522
1025,3.51844e+13,3.23697e+11,8.44441e+06,45,20.748,23,0.147066
1026,3.51844e+13,2.66037e+11,1.08804e+06,45,19.4023,20,0.138602
1027,7.03687e+13,3.14206e+11,8.43657e+06,46,20.4697,23,0.148647
1028,1.40737e+14,4.54238e+11,1.68329e+07,47,21.2002,24,0.149838
1029,7.03687e+13,3.11572e+11,2.13948e+06,46,20.2139,21,0.145998
1030,2.81475e+14,7.9598e+11,1.09137e+06,48,19.7852,20,0.140916
1031,3.51844e+13,2.5449e+11,4.24302e+06,45,20.6797,22,0.148453
1032,5.6295e+14,9.58514e+11,4.2419e+06,49,20.4072,22,0.147187
1033,1.40737e+14,4.24932e+11,8.44576e+06,47,21.4277,23,0.154512
1034,1.40737e+14,5.8672e+11,8.43823e+06,47,21.1768,23,0.151734
1035,1.40737e+14,4.64277e+11,8.44061e+06,47,20.9785,23,0.149074
1036,2.81475e+14,7.66117e+11,2.14237e+06,48,20.4414,21,0.148818
1037,7.03687e+13,5.88914e+11,4.24131e+06,46,20.9814,22,0.152315
1038,1.80144e+16,1.79332e+13,4.24556e+06,54,21.1357,22,0.155
1039,2.81475e+14,7.25887e+11,3.36177e+07,48,22.8545,25,0.164728
1040,7.03687e+13,2.6919e+11,4.23868e+06,46,20.9434,22,0.151079
1041,7.03687e+13,3.23391e+11,8.44214e+06,46,21.2852,23,0.154918
1042,1.1259e+15,1.57467e+12,2.1429e+06,50,20.4512,21,0.147852
1043,3.51844e+13,2.61951e+11,8.43805e+06,45,21.21,23,0.151043
1044,3.51844e+13,2.31034e+11,8.44576e+06,45,21.3584,23,0.153629
1045,7.03687e+13,4.74517e+11,8.44985e+06,46,21.832,23,0.156087
1046,2.81475e+14,7.17566e+11,1.68302e+07,48,21.2266,24,0.149929
1047,1.40737e+14,4.38664e+11,2.13984e+06,47,20.083,21,0.145841
1048,5.6295e+14,9.84399e+11,8.43669e+06,49,21.3506,23,0.149749
1049,1.40737e+14,4.00985e+11,8.43864e+06,47,21.3076,23,0.150389
1050,1.40737e+14,5.90939e+11,4.24423e+06,47,21.0654,22,0.146823
1051,5.6295e+14,1.12563e+12,4.24864e+06,49,21.1289,22,0.149642
1052,7.03687e+13,3.98035e+11,2.14371e+06,46,20.2471,21,0.14181
1053,7.03687e+13,3.62711e+11,8.44231e+06,46,21.0977,23,0.148691
1054,1.40737e+14,5.07679e+11,4.24323e+06,47,20.3906,22,0.144521
1055,2.81475e+14,8.9215e+11,2.13928e+06,48,19.7441,21,0.137184
1056,2.81475e+14,6.63572e+11,1.09254e+06,48,20.0801,20,0.141605
1057,2.81475e+14,1.23084e+12,1.09036e+06,48,19.6445,20,0.137357
1058,7.03687e+13,3.58691e+11,564377,46,19.5625,19,0.137551
1059,1.40737e+14,3.19716e+11,558557,47,18.7559,19,0.131465
1060,2.81475e+14,6.23936e+11,27485,48,17.0146,13,0.118402
1061,5.6295e+14,1.32324e+12,89868.8,49,17.0312,16,0.118116
1062,2.81475e+14,8.75144e+11,564494,48,19.709,19,0.139715
1063,2.81475e+14,8.29465e+11,563591,48,19.457,19,0.137573
1064,7.03687e+13,4.32426e+11,163570,46,18.6504,17,0.135315
1065,1.1259e+15,1.43569e+12,295478,50,18.7266,18,0.134509
1066,2.81475e+14,8.11117e+11,561473,48,18.625,19,0.129904
1067,1.40737e+14,3.85655e+11,298437,47,18.7764,18,0.131456
1068,3.51844e+13,2.72744e+11,565637,45,19.2588,19,0.136574
1069,2.81475e+14,4.87596e+11,161080,48,17.8848,17,0.126243
1070,1.40737e+14,5.62534e+11,4.24469e+06,47,20.9502,22,0.145903
1071,1.40737e+14,3.95307e+11,566738,47,19.7246,19,0.142061
1072,1.40737e+14,6.04611e+11,1.08529e+06,47,19.7061,20,0.137887
1073,1.40737e+14,5.2668e+11,2.14452e+06,47,20.082,21,0.140517
1074,1.1259e+15,1.27831e+12,1.08896e+06,50,20.168,20,0.142601
1075,1.40737e+14,3.47639e+11,8.43968e+06,47,21.3477,23,0.151763
1076,7.03687e+13,2.58677e+11,2.14114e+06,46,20.1592,21,0.143683
1077,1.40737e+14,3.88579e+11,2.14109e+06,47,19.9883,21,0.141184
1078,3.51844e+13,2.86843e+11,1.08977e+06,45,19.4805,20,0.140289
1079,5.6295e+14,1.1922e+12,2.13943e+06,49,20.1152,21,0.143341
1080,2.2518e+15,2.62922e+12,3.36142e+07,51,22.1572,25,0.157883
1081,1.1259e+15,1.63073e+12,4.24954e+06,50,20.9248,22,0.149847
1082,2.81475e+14,8.5241e+11,1.68467e+07,48,21.4453,24,0.147726
1083,2.81475e+14,7.03664e+11,6.71779e+07,48,22.501,26,0.159663
1084,2.81475e+14,7.55375e+11,4.24505e+06,48,20.415,22,0.147804
1085,2.2518e+15,2.53365e+12,4.23829e+06,51,20.8145,22,0.147697
1086,7.03687e+13,3.00031e+11,2.1448e+06,46,19.9824,21,0.143032
1087,5.6295e+14,9.1318e+11,4.23722e+06,49,19.9365,22,0.142284
1088,2.81475e+14,7.17863e+11,3.36196e+07,48,22.71,25,0.162154
1089,1.40737e+14,4.31284e+11,4.23401e+06,47,21.1064,22,0.148603
1090,7.03687e+13,4.78578e+11,8.4498e+06,46,21.7744,23,0.154492
1091,2.81475e+14,1.04262e+12,1.68335e+07,48,21.8828,24,0.155207
1092,1.1259e+15,2.28103e+12,8.44635e+06,50,21.4717,23,0.149879
1093,1.40737e+14,1.00059e+12,6.71847e+07,47,23.1162,26,0.162984
1094,2.81475e+14,1.17711e+12,1.34292e+08,48,23.7861,27,0.16637
1095,2.81475e+14,1.63545e+12,8.44078e+06,48,21.6826,23,0.15408
1096,2.81475e+14,1.16567e+12,3.36187e+07,48,22.4609,25,0.164076
1097,2.2518e+15,3.46213e+12,6.7179e+07,51,22.8525,26,0.160126
1098,1.40737e+14,5.21963e+11,1.68357e+07,47,21.2695,24,0.150748
1099,7.03687e+13,5.23317e+11,8.44709e+06,46,21.877,23,0.156421
1100,1.1259e+15,3.68683e+12,8.43887e+06,50,21.4014,23,0.153366
1101,5.6295e+14,1.66122e+12,1.684e+07,49,21.9961,24,0.154301
1102,5.6295e+14,1.63624e+12,2.68514e+08,49,24.0537,28,0.16944
1103,2.81475e+14,2.49178e+12,6.71766e+07,48,22.8535,26,0.164062
1104,1.40737e+14,1.27822e+12,3.36231e+07,47,23.1387,25,0.163068
1105,2.2518e+15,3.01176e+12,2.68509e+08,51,23.2832,28,0.162769
1106,5.6295e+14,2.91822e+12,2.68517e+08,49,24.0537,28,0.16921
1107,1.1259e+15,2.42616e+12,1.34298e+08,50,23.291,27,0.163739
1108,1.40737e+14,6.87078e+11,2.68518e+08,47,24.0381,28,0.171285
1109,1.1259e+15,2.01517e+12,6.71704e+07,50,22.1533,26,0.156388
1110,5.6295e+14,1.1535e+12,3.36149e+07,49,22.1807,25,0.154982
1111,2.81475e+14,1.49031e+12,1.34298e+08,48,23.3555,27,0.169104
1112,5.6295e+14,1.56307e+12,3.36221e+07,49,22.707,25,0.162601
1113,1.40737e+14,6.42348e+11,1.34295e+08,47,23.5693,27,0.164658
1114,2.81475e+14,1.17673e+12,1.68396e+07,48,22.4863,24,0.154958
1115,5.6295e+14,9.64043e+11,8.44651e+06,49,21.8447,23,0.151582
1116,4.5036e+15,5.29713e+12,1.68421e+07,52,22.0293,24,0.15345
1117,2.81475e+14,1.15239e+12,2.14173e+06,48,21.2471,21,0.149297
1118,5.6295e+14,1.24267e+12,8.43734e+06,49,21.8955,23,0.155497
1119,2.2518e+15,5.21382e+12,1.68379e+07,51,22.3428,24,0.161648
1120,5.6295e+14,1.22541e+12,8.44253e+06,49,21.7012,23,0.15357
1121,1.40737e+14,4.99986e+11,3.36196e+07,47,22.1592,25,0.160479
1122,5.6295e+14,1.90708e+12,8.43881e+06,49,21.4961,23,0.153625
1123,1.1259e+15,3.78828e+12,4.24835e+06,50,21.5283,22,0.153955
1124,2.2518e+15,3.37216e+12,3.36165e+07,51,22.4238,25,0.158356
1125,2.81475e+14,1.36831e+12,8.44506e+06,48,21.8828,23,0.156409
1126,2.81475e+14,7.77129e+11,4.23995e+06,48,21.1094,22,0.154886
1127,2.2518e+15,5.76116e+12,4.24968e+06,51,21.4658,22,0.15326
1128,7.20576e+16,7.14508e+13,2.68511e+08,56,23.6143,28,0.167785
1129,5.6295e+14,1.3767e+12,4.24737e+06,49,22.375,22,0.157269
1130,5.6295e+14,1.71447e+12,3.36164e+07,49,22.7285,25,0.16066
1131,2.81475e+14,1.094e+12,8.44549e+06,48,21.8594,23,0.161185
1132,1.80144e+16,1.83673e+13,8.44309e+06,54,21.6455,23,0.152779
1133,1.1259e+15,3.79368e+12,4.24365e+06,50,22.7402,22,0.164747
1134,1.1259e+15,2.55466e+12,4.24531e+06,50,22.0605,22,0.158465
1135,1.40737e+14,1.34687e+12,6.71765e+07,47,23.5049,26,0.170612
1136,2.2518e+15,6.2673e+12,1.68357e+07,51,22.8994,24,0.162451
1137,2.8823e+17,2.85498e+14,3.36164e+07,58,22.6318,25,0.161438
1138,5.6295e+14,1.79346e+12,2.68512e+08,49,24.9707,28,0.178607
1139,2.81475e+14,1.04264e+12,8.44879e+06,48,22.3223,23,0.168318
1140,2.81475e+14,1.2029e+12,3.36131e+07,48,22.6123,25,0.167377
1141,9.0072e+15,1.01239e+13,4.24323e+06,53,21.8926,22,0.155067
1142,1.1259e+15,2.29062e+12,4.24652e+06,50,22.4736,22,0.161475
1143,5.6295e+14,1.86842e+12,8.43099e+06,49,21.8213,23,0.156473
1144,1.40737e+14,9.75487e+11,2.13872e+06,47,21.2129,21,0.15394
1145,2.81475e+14,1.1864e+12,2.13938e+06,48,21.3584,21,0.151727
1146,5.6295e+14,1.95014e+12,2.13953e+06,49,21.3105,21,0.153323
1147,1.40737e+14,9.94514e+11,4.24407e+06,47,21.6943,22,0.154919
1148,4.5036e+15,4.8326e+12,2.14034e+06,52,21.0225,21,0.150385
1149,1.80144e+16,2.35355e+13,2.68512e+08,54,24.4658,28,0.173206
1150,2.2518e+15,3.84265e+12,1.34287e+08,51,23.7695,27,0.172774
1151,2.2518e+15,4.05808e+12,2.6851e+08,51,24.2227,28,0.171057
1152,2.81475e+14,1.19298e+12,1.68417e+07,48,22.916,24,0.17232
1153,1.1259e+15,2.01911e+12,4.2418e+06,50,21.2422,22,0.152752
1154,1.1259e+15,2.8319e+12,6.7173e+07,50,22.8828,26,0.16432
1155,2.2518e+15,5.92634e+12,3.36158e+07,51,22.2822,25,0.162056
1156,2.81475e+14,1.29639e+12,3.36139e+07,48,22.46,25,0.168173
1157,1.40737e+14,5.76965e+11,6.71774e+07,47,22.3564,26,0.163357
1158,2.81475e+14,1.07537e+12,1.68388e+07,48,22.0088,24,0.159693
1159,1.40737e+14,1.07141e+12,1.68289e+07,47,21.6875,24,0.157983
1160,2.81475e+14,1.14052e+12,1.68352e+07,48,21.7588,24,0.156937
1161,1.1259e+15,2.45612e+12,3.36198e+07,50,22.1514,25,0.158517
1162,5.6295e+14,1.62322e+12,2.68517e+08,49,24.2549,28,0.175005
1163,5.6295e+14,1.45784e+12,6.71758e+07,49,22.9844,26,0.165149
1164,5.6295e+14,2.65204e+12,2.68508e+08,49,23.9824,28,0.176547
1165,1.40737e+14,9.15953e+11,6.71763e+07,47,22.792,26,0.166814
1166,5.6295e+14,1.49815e+12,1.34286e+08,49,23.208,27,0.172201
1167,1.1259e+15,1.85262e+12,1.34286e+08,50,23.8242,27,0.173858
1168,5.6295e+14,1.69694e+12,2.68508e+08,49,23.7393,28,0.171756
1169,5.6295e+14,2.02447e+12,1.34288e+08,49,23.5137,27,0.170385
1170,5.6295e+14,1.65304e+12,2.68508e+08,49,24.2285,28,0.176251
1171,2.81475e+14,2.00934e+12,3.36171e+07,48,22.8213,25,0.167209
1172,5.6295e+14,2.22886e+12,3.36187e+07,49,23.3213,25,0.16944
1173,1.80144e+16,1.95178e+13,1.68325e+07,54,22.2217,24,0.163011
1174,1.1259e+15,2.6104e+12,2.14757e+09,50,26.4346,31,0.19362
1175,1.80144e+16,1.85781e+13,2.68512e+08,54,24.0352,28,0.184968
1176,2.81475e+14,1.07012e+12,5.36949e+08,48,25.0205,29,0.185238
1177,4.5036e+15,5.11915e+12,1.68428e+07,52,22.2627,24,0.161448
1178,5.6295e+14,1.25529e+12,2.68515e+08,49,23.8242,28,0.171862
1179,2.81475e+14,1.23494e+12,1.68264e+07,48,22.0576,24,0.161481
1180,5.6295e+14,1.24176e+12,4.24541e+06,49,21.6279,22,0.158919
1181,5.6295e+14,1.98568e+12,2.13669e+06,49,20.9229,21,0.15275
1182,1.1259e+15,3.83256e+12,4.2399e+06,50,21.1904,22,0.156201
1183,5.6295e+14,8.89926e+11,1.68317e+07,49,21.874,24,0.160889
1184,2.81475e+14,7.58953e+11,8.44342e+06,48,22.2246,23,0.166099
1185,1.1259e+15,2.31804e+12,1.68342e+07,50,21.5566,24,0.160907
1186,2.81475e+14,1.08255e+12,4.2481e+06,48,21.5586,22,0.160322
1187,1.40737e+14,9.64081e+11,3.36214e+07,47,22.4199,25,0.165821
1188,5.6295e+14,1.17495e+12,2.14304e+06,49,21.1191,21,0.154073
1189,2.81475e+14,9.98878e+11,1.68352e+07,48,22.4121,24,0.162632
1190,7.03687e+13,8.4127e+11,2.14618e+06,46,20.9717,21,0.154042
1191,2.2518e+15,4.14755e+12,8.4449e+06,51,21.8301,23,0.158674
1192,7.03687e+13,5.90863e+11,6.71883e+07,46,23.1787,26,0.169885
1193,2.81475e+14,1.51892e+12,3.36135e+07,48,22.3984,25,0.161447
1194,2.81475e+14,1.30921e+12,1.68364e+07,48,22.3955,24,0.160761
1195,7.03687e+13,7.52973e+11,3.36132e+07,46,22.5332,25,0.162028
1196,1.40737e+14,7.65986e+11,6.71773e+07,47,22.4688,26,0.162057
1197,1.40737e+14,9.52846e+11,6.71773e+07,47,22.9512,26,0.168929
1198,5.6295e+14,1.92733e+12,6.71713e+07,49,22.7246,26,0.163314
1199,1.1259e+15,2.39141e+12,3.36195e+07,50,22.6074,25,0.162305
1200,2.81475e+14,1.66897e+12,1.68311e+07,48,21.999,24,0.161244
1201,5.6295e+14,1.47222e+12,8.44833e+06,49,21.8848,23,0.159998
1202,1.40737e+14,8.97638e+11,2.68513e+08,47,24.0586,28,0.171059
1203,1.40737e+14,9.73072e+11,3.36082e+07,47,22.3398,25,0.162454
1204,2.81475e+14,1.24891e+12,1.68415e+07,48,22.5518,24,0.166178
1205,4.5036e+15,5.37131e+12,4.24672e+06,52,21.8037,22,0.158243
1206,1.1259e+15,2.29251e+12,5.36954e+08,50,25.1025,29,0.179715
1207,5.6295e+14,3.24941e+12,1.34295e+08,49,24.5293,27,0.177423
1208,4.5036e+15,7.45777e+12,3.36233e+07,52,23.1895,25,0.164007
1209,1.1259e+15,2.22339e+12,1.3429e+08,50,23.3262,27,0.170396
1210,2.2518e+15,3.61622e+12,2.68511e+08,51,23.6514,28,0.169563
1211,9.0072e+15,1.76058e+13,1.07384e+09,53,25.376,30,0.184866
1212,5.6295e+14,1.92067e+12,5.36955e+08,49,24.4805,29,0.177828
1213,2.2518e+15,4.02435e+12,5.36949e+08,51,24.498,29,0.177858
1214,1.1259e+15,3.41841e+12,6.71774e+07,50,23.8633,26,0.168691
1215,2.2518e+15,5.29103e+12,6.71747e+07,51,23.1348,26,0.168252
1216,2.2518e+15,4.20896e+12,1.07382e+09,51,24.6211,30,0.181443
1217,2.81475e+14,1.38776e+12,2.68513e+08,48,24.1123,28,0.178562
1218,2.81475e+14,1.90614e+12,1.34291e+08,48,23.7246,27,0.175289
1219,9.0072e+15,1.11376e+13,5.36946e+08,53,24.3311,29,0.176897
1220,1.40737e+14,9.85198e+11,1.07384e+09,47,26.2051,30,0.18946
1221,1.1259e+15,3.7464e+12,2.68519e+08,50,24.5059,28,0.174572
1222,4.5036e+15,7.59619e+12,3.36216e+07,52,22.7646,25,0.164121
1223,2.2518e+15,6.28628e+12,1.34298e+08,51,23.7334,27,0.170616
1224,3.60288e+16,3.67374e+13,1.07382e+09,55,25.0938,30,0.179759
1225,1.1259e+15,2.97413e+12,1.07384e+09,50,25.4795,30,0.185499
1226,1.40737e+14,1.33227e+12,1.07383e+09,47,24.9072,30,0.180839
1227,2.81475e+14,2.1858e+12,2.68516e+08,48,24.6777,28,0.175613
1228,2.2518e+15,4.29232e+12,5.36964e+08,51,24.8555,29,0.186108
1229,5.6295e+14,1.69741e+12,1.07384e+09,49,25.291,30,0.186761
1230,1.1259e+15,2.54427e+12,1.07383e+09,50,25.1699,30,0.180932
1231,4.5036e+15,7.92363e+12,1.34295e+08,52,24.1855,27,0.175136
1232,9.0072e+15,1.31859e+13,5.36953e+08,53,24.9365,29,0.179111
1233,1.80144e+16,2.51896e+13,1.07383e+09,54,24.9248,30,0.185763
1234,1.1259e+15,3.52027e+12,1.07383e+09,50,25.3359,30,0.183815
1235,1.1259e+15,4.78485e+12,1.07383e+09,50,25.1543,30,0.184301
1236,3.60288e+16,3.80226e+13,5.36952e+08,55,24.7637,29,0.177504
1237,3.60288e+16,5.27087e+13,8.59004e+09,55,27.4648,33,0.199459
1238,2.81475e+14,1.93005e+12,1.718e+10,48,28.5762,34,0.206105
1239,1.1259e+15,3.91211e+12,4.29506e+09,50,26.5029,32,0.189265
1240,2.2518e+15,3.62867e+12,1.07383e+09,51,25.6211,30,0.189363
1241,1.1259e+15,3.57534e+12,2.14758e+09,50,26.4883,31,0.189111
1242,2.2518e+15,6.80735e+12,4.29507e+09,51,27.0684,32,0.194351
1243,3.60288e+16,4.13146e+13,2.14757e+09,55,25.9688,31,0.190663
1244,1.40737e+14,1.16971e+12,2.14758e+09,47,27.0527,31,0.196984
1245,1.1259e+15,3.73058e+12,2.14758e+09,50,26.8926,31,0.191999
1246,2.2518e+15,9.4551e+12,2.14758e+09,51,26.3984,31,0.189483
1247,2.2518e+15,6.24528e+12,2.14757e+09,51,25.8701,31,0.186174
1248,5.6295e+14,3.5911e+12,4.29506e+09,49,26.5234,32,0.191478
1249,2.2518e+15,5.62693e+12,4.29506e+09,51,26.5088,32,0.190258
1250,5.6295e+14,2.67627e+12,4.29506e+09,49,26.4023,32,0.190129
1251,1.80144e+16,1.99703e+13,2.14757e+09,54,26.0664,31,0.189647
1252,1.40737e+14,1.67293e+12,1.718e+10,47,27.5342,34,0.203228
1253,4.5036e+15,1.09196e+13,8.59004e+09,52,27.5391,33,0.199196
1254,5.6295e+14,2.42521e+12,8.59004e+09,49,27.2295,33,0.198921
1255,2.2518e+15,7.41893e+12,8.59003e+09,51,26.9863,33,0.200764
1256,4.5036e+15,9.08961e+12,8.59005e+09,52,27.2441,33,0.197308
1257,1.1259e+15,4.02894e+12,1.718e+10,50,27.5186,34,0.201456
1258,9.0072e+15,1.24059e+13,8.59004e+09,53,26.9531,33,0.202015
1259,5.6295e+14,3.82002e+12,8.59005e+09,49,26.2236,33,0.194013
1260,2.2518e+15,6.4231e+12,1.07384e+09,51,25.5332,30,0.190487
1261,2.81475e+14,1.82933e+12,2.14757e+09,48,25.2227,31,0.187413
1262,4.5036e+15,8.26929e+12,8.59005e+09,52,26.7148,33,0.200013
1263,1.1259e+15,4.29117e+12,8.59005e+09,50,26.8428,33,0.19961
1264,2.2518e+15,3.76951e+12,4.29507e+09,51,25.6533,32,0.192621
1265,2.2518e+15,5.06617e+12,2.14758e+09,51,25.9004,31,0.195505
1266,1.1259e+15,4.70688e+12,1.718e+10,50,27.3545,34,0.202247
1267,2.2518e+15,7.27913e+12,1.718e+10,51,27.6064,34,0.204923
1268,1.80144e+16,2.38572e+13,8.59005e+09,54,27.2422,33,0.20202
1269,9.0072e+15,1.44827e+13,1.718e+10,53,28.833,34,0.212177
1270,4.5036e+15,1.12937e+13,1.718e+10,52,29.459,34,0.217393
1271,1.1259e+15,6.74976e+12,1.718e+10,50,28.9834,34,0.212614
1272,2.2518e+15,6.67622e+12,1.718e+10,51,28.8037,34,0.215295
1273,1.1259e+15,7.48146e+12,8.59004e+09,50,28.4004,33,0.212048
1274,2.2518e+15,7.51348e+12,1.718e+10,51,27.8965,34,0.203504
1275,5.6295e+14,5.47801e+12,1.718e+10,49,29.6465,34,0.2187
1276,4.5036e+15,1.55137e+13,1.718e+10,52,27.96,34,0.205711
1277,4.5036e+15,8.29094e+12,1.718e+10,52,28.3271,34,0.210014
1278,9.0072e+15,1.61086e+13,1.718e+10,53,27.6533,34,0.208837
1279,4.5036e+15,1.33474e+13,1.718e+10,52,28.874,34,0.211553
1280,1.1259e+15,7.0888e+12,1.718e+10,50,28.5215,34,0.208969
1281,2.2518e+15,3.88666e+12,4.29507e+09,51,26.3848,32,0.194835
1282,2.2518e+15,8.15683e+12,1.718e+10,51,27.1289,34,0.203838
1283,1.1259e+15,6.97156e+12,1.718e+10,50,26.4521,34,0.197042
1284,9.0072e+15,1.40428e+13,8.59004e+09,53,26.832,33,0.199286
1285,4.5036e+15,7.96946e+12,8.59005e+09,52,26.5,33,0.194374
1286,1.1259e+15,5.74858e+12,8.59004e+09,50,26.8574,33,0.199094
1287,5.6295e+14,2.91715e+12,1.718e+10,49,27.2881,34,0.202341
1288,1.80144e+16,2.18444e+13,4.29507e+09,54,26.4082,32,0.194065
1289,2.2518e+15,5.78777e+12,1.718e+10,51,28.3242,34,0.209217
1290,2.2518e+15,9.58147e+12,8.59004e+09,51,26.1553,33,0.193382
1291,1.1259e+15,3.43313e+12,4.29507e+09,50,26.167,32,0.193152
1292,2.2518e+15,6.78438e+12,8.59004e+09,51,26.2842,33,0.193856
1293,5.6295e+14,4.59287e+12,8.59003e+09,49,26.2725,33,0.193293
1294,5.6295e+14,2.70156e+12,2.14758e+09,49,25.5264,31,0.189413
1295,2.2518e+15,7.06927e+12,4.29508e+09,51,25.6133,32,0.190299
1296,1.80144e+16,2.54438e+13,2.14758e+09,54,26.0713,31,0.197312
1297,1.1259e+15,5.56863e+12,8.59004e+09,50,27.2598,33,0.202297
1298,1.1259e+15,4.1269e+12,2.14757e+09,50,25.4893,31,0.188084
1299,2.2518e+15,5.78088e+12,5.36959e+08,51,24.4385,29,0.17722
1300,2.2518e+15,6.02469e+12,2.68512e+08,51,23.8633,28,0.177057
1301,5.6295e+14,3.25197e+12,1.07383e+09,49,24.5957,30,0.179987
1302,2.2518e+15,5.92393e+12,1.07383e+09,51,24.7891,30,0.183231
1303,1.1259e+15,5.73535e+12,4.29507e+09,50,25.96,32,0.194758
1304,1.80144e+16,2.0428e+13,4.29506e+09,54,26.1738,32,0.194121
1305,4.5036e+15,1.38434e+13,1.718e+10,52,30.1084,34,0.221682
1306,4.5036e+15,1.19902e+13,1.718e+10,52,27.585,34,0.207838
1307,4.5036e+15,1.14582e+13,1.718e+10,52,28.3799,34,0.208656
1308,1.1259e+15,5.84186e+12,1.718e+10,50,27.3447,34,0.200817
1309,3.60288e+16,4.72265e+13,1.718e+10,55,28.8096,34,0.213451
1310,2.2518e+15,7.90242e+12,1.718e+10,51,28.3525,34,0.206922
1311,1.80144e+16,2.05804e+13,8.59004e+09,54,26.8135,33,0.200803
1312,2.2518e+15,1.01368e+13,1.718e+10,51,29.082,34,0.215331
1313,2.2518e+15,7.63946e+12,1.718e+10,51,27.498,34,0.201834
1314,4.5036e+15,7.87145e+12,1.718e+10,52,27.1895,34,0.200938
1315,2.2518e+15,5.81495e+12,1.718e+10,51,27.7939,34,0.203883
1316,1.1259e+15,7.29085e+12,1.718e+10,50,27.6816,34,0.204872
1317,1.1259e+15,3.5694e+12,1.718e+10,50,26.6523,34,0.200549
1318,4.5036e+15,1.12157e+13,1.718e+10,52,26.9072,34,0.197397
1319,4.5036e+15,1.00584e+13,8.59004e+09,52,26.8516,33,0.198747
1320,1.1259e+15,6.43576e+12,1.718e+10,50,27.0283,34,0.200318
1321,5.6295e+14,4.54127e+12,1.718e+10,49,27.2646,34,0.200895
1322,1.80144e+16,2.0512e+13,1.718e+10,54,27.3008,34,0.199796
1323,2.81475e+14,2.28493e+12,1.718e+10,48,27.0771,34,0.196847
1324,4.5036e+15,8.37339e+12,4.29507e+09,52,25.8203,32,0.190503
1325,1.1259e+15,4.98592e+12,1.718e+10,50,27.1592,34,0.201579
1326,1.1259e+15,4.87684e+12,4.29507e+09,50,26.2412,32,0.194715
1327,1.1259e+15,3.34263e+12,1.718e+10,50,27.0781,34,0.201453
1328,2.2518e+15,5.93582e+12,1.718e+10,51,27.2314,34,0.200845
1329,3.60288e+16,4.21524e+13,8.59005e+09,55,27.3164,33,0.199548
1330,1.1259e+15,6.12963e+12,8.59006e+09,50,26.9395,33,0.197124
1331,2.2518e+15,7.61869e+12,4.29506e+09,51,26.0029,32,0.192719
1332,1.80144e+16,2.2997e+13,4.29507e+09,54,25.4258,32,0.187658
1333,5.6295e+14,2.67313e+12,1.718e+10,49,27.7842,34,0.205334
1334,1.1259e+15,6.38478e+12,8.59004e+09,50,27.0947,33,0.200353
1335,1.1259e+15,6.76166e+12,2.14758e+09,50,25.8281,31,0.195309
1336,2.2518e+15,6.51235e+12,8.59004e+09,51,26.917,33,0.201781
1337,5.6295e+14,3.78677e+12,8.59004e+09,49,26.5244,33,0.197271
1338,9.0072e+15,1.20197e+13,1.718e+10,53,27.1777,34,0.203982
1339,4.5036e+15,8.26752e+12,1.718e+10,52,28.4219,34,0.21008
1340,1.1259e+15,6.88395e+12,1.718e+10,50,28.3633,34,0.211356
1341,5.6295e+14,3.63886e+12,1.718e+10,49,27.2812,34,0.204903
1342,4.5036e+15,8.51277e+12,1.718e+10,52,27.9268,34,0.206168
1343,2.2518e+15,5.91353e+12,1.718e+10,51,27.1992,34,0.196789
1344,2.2518e+15,7.65336e+12,2.14757e+09,51,25.7988,31,0.189037
1345,3.60288e+16,3.84953e+13,4.29506e+09,55,26.1973,32,0.192484
1346,1.1259e+15,6.13239e+12,8.59005e+09,50,26.125,33,0.190547
1347,1.1259e+15,4.39262e+12,2.14758e+09,50,24.9062,31,0.181514
1348,4.5036e+15,7.74244e+12,4.29506e+09,52,25.6094,32,0.187011
1349,3.60288e+16,7.37284e+13,4.29506e+09,55,25.5977,32,0.189728
1350,9.0072e+15,1.52189e+13,2.14758e+09,53,25.4639,31,0.18719
1351,5.6295e+14,4.0605e+12,1.718e+10,49,27.3975,34,0.201056
1352,2.2518e+15,5.50397e+12,1.718e+10,51,26.2285,34,0.191226
1353,1.80144e+16,2.82134e+13,4.29506e+09,54,24.7686,32,0.181327
1354,1.80144e+16,2.36635e+13,1.718e+10,54,26.7979,34,0.193533
1355,1.1259e+15,4.62537e+12,1.718e+10,50,26.8096,34,0.196279
1356,5.6295e+14,4.05971e+12,1.718e+10,49,26.8164,34,0.199858
1357,4.5036e+15,1.13324e+13,1.718e+10,52,26.2451,34,0.193395
1358,2.2518e+15,8.8944e+12,1.718e+10,51,27.2656,34,0.204779
1359,9.0072e+15,1.32238e+13,1.718e+10,53,27.2451,34,0.203885
1360,4.5036e+15,1.12933e+13,1.718e+10,52,28.1621,34,0.208713
1361,2.2518e+15,8.01567e+12,1.718e+10,51,26.7832,34,0.203498
1362,2.2518e+15,1.05308e+13,1.718e+10,51,26.7803,34,0.199223
1363,9.0072e+15,1.4257e+13,4.29507e+09,53,26.3164,32,0.195638
1364,2.81475e+14,2.37405e+12,1.718e+10,48,27.6172,34,0.207106
1365,1.1259e+15,3.86717e+12,1.718e+10,50,27.2656,34,0.204201
1366,2.2518e+15,4.87075e+12,1.718e+10,51,27.6611,34,0.20745
1367,1.1259e+15,6.67016e+12,1.718e+10,50,27.1592,34,0.20431
1368,4.5036e+15,9.89569e+12,4.29508e+09,52,26.1826,32,0.199659
1369,4.5036e+15,1.05147e+13,1.718e+10,52,26.6826,34,0.2018
1370,1.1259e+15,4.26918e+12,8.59005e+09,50,25.6221,33,0.198028
1371,1.1259e+15,4.09016e+12,1.718e+10,50,26.5518,34,0.199564
1372,1.1259e+15,4.2588e+12,4.29506e+09,50,25.7246,32,0.191911
1373,2.2518e+15,4.82803e+12,4.29507e+09,51,25.7939,32,0.194327
1374,5.6295e+14,4.62078e+12,1.718e+10,49,26.7324,34,0.202512
1375,4.5036e+15,1.3193e+13,1.718e+10,52,26.3174,34,0.198118
1376,4.5036e+15,1.34282e+13,1.718e+10,52,27.6094,34,0.208758
1377,2.2518e+15,1.07367e+13,1.718e+10,51,28.9219,34,0.215129
1378,2.2518e+15,5.96068e+12,1.718e+10,51,27.833,34,0.209206
1379,2.2518e+15,5.99705e+12,1.718e+10,51,27.3613,34,0.205781
1380,5.6295e+14,3.29881e+12,1.718e+10,49,28.0342,34,0.212662
1381,3.60288e+16,4.45938e+13,8.59003e+09,55,26.04,33,0.198799
1382,4.5036e+15,1.23558e+13,1.718e+10,52,27.8516,34,0.211833
1383,9.0072e+15,1.8582e+13,8.59004e+09,53,26.9883,33,0.202456
1384,4.5036e+15,1.24718e+13,1.718e+10,52,28.9141,34,0.215337
1385,1.1259e+15,4.31414e+12,1.718e+10,50,27.7256,34,0.210643
1386,1.1259e+15,7.1253e+12,1.718e+10,50,26.3867,34,0.194535
1387,1.1259e+15,6.41587e+12,4.29507e+09,50,26.0928,32,0.192712
1388,1.1259e+15,4.28492e+12,8.59005e+09,50,26.5029,33,0.195668
1389,9.0072e+15,1.38447e+13,1.718e+10,53,27.6416,34,0.203388
1390,1.1259e+15,5.95704e+12,1.718e+10,50,27.8662,34,0.207577
1391,1.1259e+15,5.67874e+12,1.718e+10,50,26.9688,34,0.203296
1392,1.1259e+15,5.20753e+12,1.718e+10,50,28.2861,34,0.217218
1393,4.5036e+15,1.1336e+13,1.718e+10,52,27.3467,34,0.201297
1394,1.1259e+15,8.83561e+12,1.718e+10,50,29.2246,34,0.214917
1395,2.2518e+15,6.87966e+12,1.718e+10,51,28.2207,34,0.207857
1396,9.0072e+15,1.55186e+13,1.718e+10,53,28.6182,34,0.212824
1397,4.5036e+15,1.27672e+13,1.718e+10,52,27.333,34,0.201724
1398,1.1259e+15,6.09085e+12,1.718e+10,50,27.9668,34,0.207306
1399,4.5036e+15,1.06378e+13,1.718e+10,52,27.8945,34,0.213201
1400,7.20576e+16,8.4071e+13,1.718e+10,56,28.5771,34,0.211844
1401,1.1259e+15,5.8373e+12,1.718e+10,50,28.4395,34,0.207765
1402,1.1259e+15,5.76916e+12,1.718e+10,50,27.8564,34,0.207665
1403,1.80144e+16,2.39453e+13,1.718e+10,54,27.0361,34,0.201575
1404,2.2518e+15,6.67663e+12,1.718e+10,51,26.8564,34,0.191726
1405,4.5036e+15,1.27657e+13,4.29505e+09,52,25.8936,32,0.188284
1406,9.0072e+15,1.9004e+13,1.718e+10,53,27.0586,34,0.195658
1407,1.1259e+15,5.9817e+12,1.718e+10,50,27.0996,34,0.196492
1408,5.6295e+14,3.77598e+12,1.718e+10,49,27.165,34,0.196686
1409,2.2518e+15,7.45595e+12,1.718e+10,51,28.0518,34,0.205167
1410,9.0072e+15,1.53467e+13,1.718e+10,53,28.5352,34,0.205295
1411,9.0072e+15,1.74119e+13,8.59003e+09,53,27.0977,33,0.198426
1412,4.5036e+15,1.41551e+13,1.718e+10,52,27.9443,34,0.20755
1413,7.20576e+16,7.47157e+13,1.718e+10,56,27.9023,34,0.205804
1414,4.5036e+15,1.21619e+13,3.43599e+10,52,29.3662,35,0.217421
1415,1.44115e+17,1.57443e+14,1.718e+10,57,28.8203,34,0.213135
1416,1.1259e+15,6.51844e+12,2.14758e+09,50,26.7939,31,0.197232
1417,4.5036e+15,1.51639e+13,1.718e+10,52,28.0762,34,0.20935
1418,2.2518e+15,8.3734e+12,1.718e+10,51,28.0723,34,0.206407
1419,4.5036e+15,1.21456e+13,1.718e+10,52,27.2607,34,0.201165
1420,4.5036e+15,8.23115e+12,1.718e+10,52,27.6426,34,0.202719
1421,4.5036e+15,1.34685e+13,1.718e+10,52,26.9746,34,0.196984
1422,2.2518e+15,1.06866e+13,1.718e+10,51,27.3262,34,0.198899
1423,2.2518e+15,8.55559e+12,1.718e+10,51,27.0059,34,0.196287
1424,2.2518e+15,8.21775e+12,1.718e+10,51,26.8994,34,0.199261
1425,5.6295e+14,4.71791e+12,1.718e+10,49,27.4863,34,0.206384
1426,5.6295e+14,4.94711e+12,1.718e+10,49,26.7568,34,0.198176
1427,4.5036e+15,8.41307e+12,1.718e+10,52,26.5176,34,0.195858
1428,1.1259e+15,7.28749e+12,8.59004e+09,50,26.0977,33,0.191867
1429,1.80144e+16,3.00087e+13,1.718e+10,54,26.918,34,0.197904
1430,5.6295e+14,6.43533e+12,1.718e+10,49,28.8271,34,0.211568
1431,1.1259e+15,9.13628e+12,1.718e+10,50,28.1465,34,0.205628
1432,1.1259e+15,5.55761e+12,1.718e+10,50,27.916,34,0.206455
1433,1.1259e+15,5.75974e+12,1.718e+10,50,27.3389,34,0.202598
1434,5.6295e+14,4.35163e+12,1.718e+10,49,27.7637,34,0.203865
1435,2.2518e+15,1.32729e+13,3.43598e+10,51,28.6113,35,0.21068
1436,2.2518e+15,7.43755e+12,1.718e+10,51,27.6816,34,0.205928
1437,2.2518e+15,8.64623e+12,1.718e+10,51,28.8262,34,0.2102
1438,4.5036e+15,1.47713e+13,3.43598e+10,52,29.5195,35,0.216217
1439,1.1259e+15,6.29332e+12,1.718e+10,50,29.3906,34,0.221895
1440,2.2518e+15,7.86748e+12,1.718e+10,51,28.3086,34,0.208416
1441,2.2518e+15,1.17353e+13,1.718e+10,51,28.6436,34,0.21515
1442,1.1259e+15,8.36109e+12,1.718e+10,50,28.3672,34,0.209583
1443,2.8823e+17,2.97292e+14,1.718e+10,58,28.7471,34,0.214289
1444,2.2518e+15,1.36461e+13,3.43599e+10,51,30.8887,35,0.227486
1445,2.2518e+15,7.31597e+12,1.718e+10,51,28.9443,34,0.21655
1446,9.0072e+15,1.4672e+13,1.718e+10,53,28.167,34,0.211679
1447,4.5036e+15,9.81225e+12,3.43599e+10,52,30.6445,35,0.226672
1448,1.44115e+17,1.6862e+14,1.718e+10,57,28.7764,34,0.212981
1449,3.60288e+16,4.71411e+13,3.43599e+10,55,29.7676,35,0.221328
1450,1.1259e+15,7.55835e+12,3.43598e+10,50,29.7285,35,0.219753
1451,5.6295e+14,6.36161e+12,3.43598e+10,49,30.2207,35,0.224404
1452,1.80144e+16,2.91959e+13,1.718e+10,54,28.9336,34,0.214921
1453,4.5036e+15,1.12969e+13,3.43598e+10,52,29.8623,35,0.221227
1454,2.2518e+15,8.85057e+12,3.43598e+10,51,29.7266,35,0.217942
1455,1.44115e+17,1.53067e+14,1.718e+10,57,28.6602,34,0.218447
1456,4.5036e+15,2.07626e+13,6.87196e+10,52,31.9238,36,0.241799
1457,1.80144e+16,4.08282e+13,3.43598e+10,54,30.1152,35,0.229859
1458,9.0072e+15,2.25103e+13,3.43598e+10,53,30.2227,35,0.228776
1459,9.0072e+15,1.80491e+13,1.718e+10,53,28.8145,34,0.214801
1460,5.6295e+14,6.02206e+12,3.43598e+10,49,28.7578,35,0.218193
1461,2.2518e+15,8.47694e+12,1.718e+10,51,28.6562,34,0.220365
1462,4.5036e+15,1.37615e+13,3.43598e+10,52,29.415,35,0.223455
1463,4.5036e+15,1.62788e+13,3.43598e+10,52,30.3037,35,0.227004
1464,1.80144e+16,3.81385e+13,3.43599e+10,54,31.0615,35,0.233633
1465,2.8823e+17,2.96343e+14,1.718e+10,58,29.7695,34,0.231154
1466,9.0072e+15,3.02888e+13,3.43599e+10,53,29.8691,35,0.22975
1467,4.5036e+15,1.70983e+13,1.718e+10,52,28.7881,34,0.224316
1468,1.1259e+15,9.15381e+12,1.718e+10,50,29.1826,34,0.22341
1469,1.80144e+16,4.13967e+13,1.718e+10,54,28.7676,34,0.224363
1470,1.80144e+16,3.2229e+13,1.718e+10,54,28.249,34,0.219301
1471,2.2518e+15,9.03408e+12,1.718e+10,51,29.9082,34,0.228688
1472,2.2518e+15,1.12564e+13,1.718e+10,51,29.2344,34,0.225569
1473,9.0072e+15,3.37749e+13,1.718e+10,53,28.8887,34,0.219461
1474,9.0072e+15,2.62401e+13,1.718e+10,53,29.5283,34,0.228693
1475,9.0072e+15,2.59563e+13,3.43598e+10,53,29.5098,35,0.229012
1476,2.2518e+15,1.45145e+13,3.43598e+10,51,29.3145,35,0.224005
1477,1.80144e+16,2.9525e+13,3.43598e+10,54,29.7959,35,0.2276
1478,7.20576e+16,1.32203e+14,3.43598e+10,56,28.9785,35,0.226684
1479,2.2518e+15,1.60855e+13,6.87196e+10,51,31.3975,36,0.240275
1480,1.80144e+16,3.31967e+13,3.43598e+10,54,29.0137,35,0.223131
1481,7.20576e+16,8.89883e+13,6.87196e+10,56,31.0137,36,0.235299
1482,1.80144e+16,5.08031e+13,6.87196e+10,54,32.459,36,0.245861
1483,4.5036e+15,1.8412e+13,6.87196e+10,52,31.3389,36,0.235749
1484,4.5036e+15,1.21522e+13,3.43599e+10,52,29.5576,35,0.22448
1485,9.0072e+15,2.22142e+13,3.43599e+10,53,30.1816,35,0.228327
1486,2.2518e+15,1.26552e+13,6.87196e+10,51,31.3906,36,0.238524
1487,3.60288e+16,8.24223e+13,6.87196e+10,55,30.71,36,0.231331
1488,1.80144e+16,4.30415e+13,3.43599e+10,54,30.1123,35,0.226206
1489,9.0072e+15,2.92933e+13,6.87196e+10,53,30.625,36,0.23073
1490,2.2518e+15,1.84995e+13,6.87196e+10,51,30.0977,36,0.227297
1491,5.6295e+14,5.0697e+12,3.43599e+10,49,29.0684,35,0.219429
1492,4.5036e+15,2.07567e+13,3.43599e+10,52,30.0527,35,0.229697
1493,1.80144e+16,2.5991e+13,1.718e+10,54,27.9375,34,0.212692
1494,1.1259e+15,7.89565e+12,3.43599e+10,50,29.9639,35,0.23
1495,1.80144e+16,3.16564e+13,3.43599e+10,54,29.6484,35,0.226525
1496,9.0072e+15,3.17821e+13,3.43598e+10,53,28.0479,35,0.213199
1497,1.80144e+16,4.35941e+13,3.43598e+10,54,28.6484,35,0.221491
1498,1.80144e+16,3.75113e+13,1.718e+10,54,28.7256,34,0.219091
1499,4.5036e+15,1.72554e+13,3.43599e+10,52,29.7031,35,0.225135
