204.912
0,434.954,7.87359,4,2,0.0341797,0,0.0066038
1,109.829,8.30549,4,1,0.0390625,0,0.00627545
2,435.127,8.08042,4,2,0.0341797,0,0.0063884
3,109.829,9.32509,5,1,0.0458984,0,0.00644853
4,111.937,7.74258,5,1,0.0283203,0,0.00646478
5,435.151,10.3715,5,2,0.0478516,0,0.00654103
6,434.639,8.8353,5,2,0.0361328,0,0.00641181
7,435.117,9.88803,5,2,0.0439453,0,0.00652661
8,434.412,10.3208,5,2,0.0478516,0,0.00657349
9,434.412,9.57638,5,2,0.0419922,0,0.00642622
10,113.419,9.31233,5,1,0.0419922,0,0.00644976
11,112.934,9.94055,5,1,0.046875,0,0.00649985
12,435.053,10.175,5,2,0.0439453,0,0.00656043
13,435.127,10.8079,6,2,0.0488281,0,0.00651852
14,434.781,10.107,5,2,0.046875,0,0.00645976
15,435.053,11.8661,6,2,0.0537109,0,0.00658587
16,110.903,10.1631,6,1,0.0488281,0,0.00646331
17,119.847,9.9566,6,1,0.046875,0,0.00650821
18,435.151,12.392,6,2,0.0576172,0,0.00664798
19,435.149,11.2669,5,2,0.0537109,0,0.00657167
20,435.149,11.1136,6,2,0.0517578,0,0.00666051
21,435.053,10.5593,6,2,0.0439453,0,0.00657589
22,435.117,11.1276,6,2,0.0546875,0,0.00671099
23,435.053,10.778,6,2,0.0498047,0,0.00677602
24,110.903,10.0853,6,1,0.0439453,0,0.00706874
25,435.053,10.6315,6,2,0.0478516,0,0.00680721
26,435.151,11.4132,6,2,0.0556641,0,0.00691643
27,435.127,11.6534,6,2,0.0576172,0,0.00683076
28,434.902,11.6917,6,2,0.0566406,0,0.00680575
29,435.149,10.4282,6,2,0.0429688,0,0.00687413
30,136.624,11.356,6,1,0.0566406,0,0.00694426
31,435.151,13.6156,6,2,0.0742188,0,0.00701108
32,434.638,12.6671,6,2,0.0673828,0,0.00708369
33,110.903,11.2873,6,1,0.0566406,0,0.00676025
34,435.151,12.3008,6,2,0.0585938,0,0.00679644
35,435.151,12.8588,6,2,0.0605469,0,0.00671787
36,435.151,12.9979,6,2,0.0664062,0,0.00670975
37,435.149,12.2804,6,2,0.0507812,0,0.00668118
38,435.151,14.5742,6,2,0.0751953,0,0.00676209
39,435.117,10.9105,6,2,0.0488281,0,0.0066122
40,434.954,12.9006,6,2,0.0625,0,0.00672542
41,435.127,13.6225,6,2,0.0683594,0,0.00675756
42,998.128,14.0354,6,3,0.0634766,0,0.00682098
43,435.053,12.844,6,2,0.0654297,0,0.00664368
44,435.127,13.1552,6,2,0.0634766,0,0.00666491
45,435.053,12.4479,6,2,0.0605469,0,0.00672492
46,112.934,11.2204,6,1,0.0546875,0,0.00665551
47,112.934,12.091,6,1,0.0615234,0,0.00665324
48,434.639,13.5939,6,2,0.0712891,0,0.00675423
49,435.151,12.0779,6,2,0.0556641,0,0.00676577
50,435.151,16.0628,7,2,0.0791016,0,0.0068922
51,435.151,13.4822,6,2,0.0654297,0,0.00687233
52,435.117,12.577,6,2,0.0556641,0,0.00687933
53,435.127,12.6509,7,2,0.0537109,0,0.00698726
54,435.053,13.4558,7,2,0.0615234,0,0.00686532
55,435.151,14.7396,7,2,0.0712891,0,0.00692499
56,435.151,11.7746,7,2,0.0498047,0,0.00684337
57,435.127,13.3849,7,2,0.0683594,0,0.00686777
58,435.053,14.4361,7,2,0.0742188,0,0.00690989
59,435.149,14.5022,7,2,0.0712891,0,0.00688696
60,435.127,13.1089,7,2,0.0615234,0,0.00695098
61,435.127,14.6756,7,2,0.0771484,0,0.00694904
62,435.151,14.7073,7,2,0.0771484,0,0.00690135
63,435.151,15.0126,7,2,0.0751953,0,0.00700345
64,435.053,15.0074,7,2,0.0791016,0,0.00701905
65,435.117,15.4718,7,2,0.0820312,0,0.00699865
66,435.151,14.977,7,2,0.0722656,0,0.0069798
67,435.149,16.3685,7,2,0.0898438,0,0.00702455
68,435.151,15.298,7,2,0.0810547,0,0.00704209
69,435.127,14.3902,7,2,0.0683594,0,0.00692142
70,435.151,16.295,7,2,0.0800781,0,0.00693131
71,435.127,15.5556,7,2,0.0810547,0,0.00694903
72,435.149,15.1093,7,2,0.0761719,0,0.00702777
73,435.151,15.6339,7,2,0.0820312,0,0.00706769
74,435.151,15.6804,8,2,0.0771484,0,0.00702174
75,435.149,16.6631,8,2,0.0820312,0,0.00702015
76,435.149,17.6667,8,2,0.0917969,0,0.0070335
77,435.149,15.2,8,2,0.0751953,0,0.00706322
78,434.818,15.0481,8,2,0.0761719,0,0.00704772
79,435.151,17.0186,8,2,0.0898438,0,0.00715416
80,435.127,16.4185,8,2,0.0839844,0,0.0070694
81,1010.21,17.8852,8,3,0.0878906,0,0.00727157
82,435.151,17.0568,8,2,0.0849609,0,0.00724545
83,435.127,17.5138,8,2,0.0859375,0,0.00722442
84,435.053,16.7713,8,2,0.0878906,0,0.00709992
85,435.149,18.9831,8,2,0.105469,0,0.00720775
86,435.151,16.0158,8,2,0.0820312,0,0.00711859
87,435.149,19.0936,8,2,0.102539,0,0.0072325
88,435.149,18.0292,8,2,0.0957031,0,0.00718701
89,435.151,18.2876,8,2,0.0947266,0,0.007205
90,435.149,19.629,8,2,0.101562,0,0.00725323
91,435.127,20.804,8,2,0.12207,0,0.00728445
92,435.151,19.2456,8,2,0.108398,0,0.00729794
93,1008.92,22.0543,8,3,0.112305,0,0.00733974
94,435.149,19.9836,8,2,0.109375,0,0.00724249
95,435.151,17.8115,9,2,0.09375,0,0.00731534
96,1006.68,23.7755,9,3,0.132812,0,0.00746592
97,1011.31,18.893,9,3,0.0966797,0,0.00739983
98,435.151,22.4626,9,2,0.125,0,0.00743217
99,435.127,20.2904,9,2,0.111328,0,0.00740312
100,435.151,21.7377,9,2,0.121094,0,0.00745279
101,435.151,22.9883,9,2,0.131836,0,0.00738898
102,1012.18,22.7459,9,3,0.125977,0,0.00744571
103,1010.79,26.4802,9,3,0.147461,0,0.00744913
104,435.151,21.6143,9,2,0.12207,0,0.00752428
105,1008.92,24.2739,9,3,0.140625,0,0.00744088
106,435.149,24.2356,9,2,0.140625,0,0.00750365
107,435.151,23.4782,9,2,0.138672,0,0.00760332
108,435.149,24.1681,9,2,0.147461,0,0.0074652
109,1010.21,24.9416,9,3,0.144531,0,0.00751158
110,435.151,23.7672,9,2,0.137695,0,0.00747041
111,435.151,25.4505,9,2,0.144531,0,0.00748738
112,435.149,24.8497,9,2,0.149414,0,0.00751684
113,435.151,23.1633,9,2,0.138672,0,0.00751872
114,1008.92,29.1215,9,3,0.168945,0,0.00751935
115,1008.21,25.606,9,3,0.154297,0,0.00761033
116,435.151,26.8855,9,2,0.151367,0,0.00769244
117,435.151,28.9239,9,2,0.178711,0,0.00759113
118,435.151,28.9516,9,2,0.176758,0,0.00764801
119,1008.92,31.5963,9,3,0.196289,0,0.00764879
120,1009.59,28.767,9,3,0.172852,0,0.00765076
121,435.151,29.4982,9,2,0.180664,0,0.00764847
122,1009.59,34.718,9,3,0.208984,0,0.00760846
123,1011.31,30.7829,9,3,0.185547,0,0.00767451
124,1008.92,38.2241,9,3,0.230469,0,0.00775246
125,435.151,33.3562,9,2,0.201172,0,0.0076928
126,435.127,31.1045,9,2,0.202148,0,0.00775012
127,1010.21,32.3456,9,3,0.196289,0,0.00767513
128,435.151,35.1913,9,2,0.232422,0,0.00769319
129,1009.59,32.9854,9,3,0.194336,0,0.00773534
130,1009.59,33.1047,9,3,0.204102,0,0.00774805
131,1008.92,36.4203,9,3,0.22168,0,0.00780164
132,1008.92,37.879,9,3,0.234375,0,0.00777159
133,435.151,33.2166,9,2,0.207031,0,0.00771008
134,1011.31,33.7223,9,3,0.212891,0,0.00776516
135,435.151,33.812,9,2,0.21582,0,0.00765907
136,435.151,37.6319,10,2,0.241211,0,0.00782431
137,1009.59,34.9996,9,3,0.210938,0,0.00773098
138,435.151,35.2482,9,2,0.235352,0,0.00783895
139,1011.31,36.4388,9,3,0.230469,0,0.00790312
140,1008.92,35.0974,9,3,0.229492,0,0.0078517
141,435.151,34.4278,9,2,0.225586,0,0.00781804
142,435.151,36.762,9,2,0.237305,0,0.00790101
143,1008.92,40.6105,9,3,0.260742,0,0.00774011
144,1009.59,41.1095,10,3,0.255859,0,0.00775787
145,1008.92,39.2098,10,3,0.251953,0,0.0078109
146,1008.92,40.9013,10,3,0.25293,0,0.00803554
147,1008.92,41.7422,10,3,0.253906,0,0.00796075
148,1011.31,44.3492,9,3,0.272461,0,0.00778131
149,1008.92,41.3026,9,3,0.259766,0,0.00787793
150,1011.78,36.5108,10,3,0.228516,0,0.00782948
151,1009.59,40.258,9,3,0.248047,0,0.00779941
152,1008.92,39.5356,10,3,0.256836,0,0.00789625
153,1009.59,43.6033,9,3,0.266602,0,0.00784973
154,1010.21,43.3607,10,3,0.275391,0,0.00786463
155,1011.31,45.8926,11,3,0.292969,0,0.00775929
156,435.151,41.422,10,2,0.268555,0,0.00789802
157,1009.59,38.5235,9,3,0.24707,0,0.00782464
158,435.151,34.9101,10,2,0.224609,0,0.00787279
159,1011.31,42.6262,11,3,0.273438,0,0.00790644
160,1008.92,40.0251,11,3,0.259766,0,0.00801351
161,1008.92,41.9648,10,3,0.256836,0,0.0080684
162,1008.92,41.8875,9,3,0.262695,0,0.00787591
163,1008.92,40.0574,10,3,0.272461,0,0.00781269
164,435.151,42.6844,11,2,0.27832,0,0.00797195
165,1008.92,41.4689,10,3,0.261719,0,0.00793156
166,1010.79,43.6539,11,3,0.275391,0,0.00799796
167,435.151,40.4703,10,2,0.274414,0,0.00814537
168,1009.59,44.0484,11,3,0.28418,0,0.00816571
169,1011.78,43.0638,11,3,0.283203,0,0.00794098
170,1008.92,45.6688,11,3,0.290039,0,0.00792656
171,1008.92,46.004,12,3,0.308594,0,0.00795894
172,1009.59,47.73,10,3,0.288086,0,0.00795029
173,1011.31,42.5007,11,3,0.279297,0,0.00806013
174,1011.31,46.976,11,3,0.287109,0,0.00819482
175,1011.31,44.2126,11,3,0.288086,0,0.00815933
176,435.151,40.072,11,2,0.267578,0,0.00809238
177,1011.31,47.7556,11,3,0.301758,0,0.00794243
178,1009.59,44.1096,10,3,0.291016,0,0.00790016
179,1008.92,41.9067,10,3,0.275391,0,0.00793334
180,1011.31,48.0547,11,3,0.300781,0,0.00804635
181,1009.59,44.391,12,3,0.286133,0,0.00809185
182,1009.59,47.1281,11,3,0.291016,0,0.00800895
183,995.918,41.8208,11,3,0.265625,0,0.00804223
184,1011.31,48.6282,12,3,0.321289,0,0.00796575
185,1011.31,49.7936,12,3,0.321289,0,0.0079189
186,435.151,50.915,12,2,0.332031,0,0.00802577
187,1009.59,46.7527,12,3,0.306641,0,0.00799386
188,435.151,42.8033,12,2,0.291016,0,0.0080876
189,1008.92,47.3695,12,3,0.332031,0,0.00816153
190,1008.92,44.8457,11,3,0.299805,0,0.00801075
191,1008.92,47.0465,12,3,0.308594,0,0.00802958
192,1008.92,44.7149,11,3,0.294922,0,0.00801147
193,1011.31,46.0725,11,3,0.288086,0,0.00804536
194,1008.92,46.1227,12,3,0.294922,0,0.0080848
195,435.151,46.6093,12,2,0.311523,0,0.00807893
196,435.151,46.1431,12,2,0.302734,0,0.00804253
197,1008.92,45.4837,12,3,0.296875,0,0.00805089
198,1008.92,50.6285,12,3,0.335938,0,0.00821165
199,1011.31,40.7236,10,3,0.25293,0,0.00807713
200,1009.59,49.104,12,3,0.316406,0,0.00813542
201,1008.92,49.5653,12,3,0.31543,0,0.00800829
202,435.151,41.662,11,2,0.274414,0,0.00808671
203,1008.92,45.3649,11,3,0.298828,0,0.0080002
204,1009.59,49.4708,12,3,0.316406,0,0.00819274
205,1009.59,48.8951,12,3,0.311523,0,0.00813226
206,435.151,45.0334,12,2,0.299805,0,0.0081159
207,1008.92,47.2215,12,3,0.298828,0,0.00817959
208,1008.92,49.2959,12,3,0.31543,0,0.00813338
209,1009.59,46.4474,11,3,0.3125,0,0.00797575
210,1008.92,51.2022,12,3,0.325195,0,0.00807116
211,435.151,46.4564,12,2,0.311523,0,0.00803493
212,1008.92,48.3876,12,3,0.31543,0,0.00805633
213,435.151,47.3636,12,2,0.313477,0,0.00808528
214,435.151,46.0869,12,2,0.30957,0,0.00806961
215,1011.31,44.4675,11,3,0.286133,0,0.00806027
216,1008.92,51.4581,12,3,0.330078,0,0.00807017
217,1008.92,44.4701,12,3,0.289062,0,0.00799362
218,1009.59,50.0547,13,3,0.335938,0,0.00805228
219,1009.59,49.6227,11,3,0.31543,0,0.00805538
220,1008.92,42.6231,12,3,0.28418,0,0.00811601
221,1010.21,51.916,12,3,0.314453,0,0.00804966
222,1008.92,51.0716,12,3,0.325195,0,0.00795019
223,1011.31,48.8591,12,3,0.319336,0,0.00801924
224,1008.92,51.1594,13,3,0.339844,0,0.00801718
225,1008.92,49.0926,12,3,0.330078,0,0.00799615
226,435.149,43.3114,12,2,0.298828,0,0.00805403
227,1008.92,49.8041,12,3,0.321289,0,0.00814295
228,1011.31,49.498,12,3,0.307617,0,0.00804316
229,1008.92,52.8557,12,3,0.339844,0,0.00810762
230,435.151,47.1774,12,2,0.318359,0,0.00804607
231,1008.92,51.4373,13,3,0.333984,0,0.00810536
232,1010.21,51.4072,12,3,0.321289,0,0.00814857
233,1008.92,47.4716,12,3,0.3125,0,0.00798242
234,1008.92,50.7262,12,3,0.329102,0,0.00814455
235,1845.26,45.886,12,4,0.290039,0,0.00816717
236,1011.31,49.8304,12,3,0.320312,0,0.00808552
237,1011.31,50.1147,13,3,0.327148,0,0.00809846
238,1009.59,52.085,12,3,0.329102,0,0.00810703
239,1843.9,55.0088,13,4,0.349609,0,0.00816087
240,1008.92,51.6983,13,3,0.34082,0,0.00811845
241,435.151,48.6342,13,2,0.327148,0,0.00811626
242,1008.92,50.1048,13,3,0.333984,0,0.00815249
243,1843.9,48.0111,13,4,0.3125,0,0.00809674
244,1010.21,47.7822,12,3,0.303711,0,0.00832769
245,1008.92,46.2192,13,3,0.310547,0,0.00815599
246,435.151,46.8989,12,2,0.307617,0,0.00818403
247,1009.59,51.2558,13,3,0.328125,0,0.0082239
248,1011.31,47.7777,13,3,0.313477,0,0.00820295
249,1008.92,50.1668,13,3,0.319336,0,0.00827257
250,1008.92,47.4605,13,3,0.305664,0,0.0082724
251,435.151,44.8067,13,2,0.295898,0,0.00822992
252,1008.92,47.5792,13,3,0.310547,0,0.00817201
253,1009.59,48.3708,13,3,0.322266,0,0.00827446
254,1008.92,47.6446,13,3,0.30957,0,0.00817012
255,1009.59,49.5836,13,3,0.311523,0,0.00811879
256,1008.92,51.3947,13,3,0.334961,0,0.00809363
257,1010.21,54.1688,13,3,0.350586,0,0.0082133
258,1004.1,48.0292,12,3,0.313477,0,0.00805895
259,1011.31,53.4462,12,3,0.333008,0,0.00814892
260,1843.9,52.1689,13,4,0.335938,0,0.00819644
261,1848.92,51.3389,13,4,0.321289,0,0.00816822
262,1008.92,50.8164,13,3,0.329102,0,0.00820091
263,1011.31,55.1068,13,3,0.354492,0,0.0081037
264,435.151,50.3742,13,2,0.318359,0,0.00819464
265,1008.92,51.2158,13,3,0.330078,0,0.0081569
266,1007.46,49.858,13,3,0.335938,0,0.00818283
267,1008.92,48.0618,12,3,0.30957,0,0.00813525
268,435.151,48.1687,13,2,0.323242,0,0.00829123
269,435.151,50.9828,13,2,0.34375,0,0.00819861
270,1008.92,51.7666,13,3,0.338867,0,0.00826536
271,1008.92,53.5093,13,3,0.350586,0,0.00817787
272,1008.92,51.6399,13,3,0.331055,0,0.00819167
273,435.151,49.7006,13,2,0.331055,0,0.00819489
274,1008.92,49.768,13,3,0.331055,0,0.00818403
275,1008.92,53.0357,13,3,0.350586,0,0.00834388
276,435.151,51.0343,13,2,0.332031,0,0.00819604
277,1008.92,52.4527,13,3,0.344727,0,0.00811101
278,1011.31,52.7761,13,3,0.352539,0,0.00827727
279,1848.92,48.7597,13,4,0.306641,0,0.00826776
280,1008.92,48.0371,13,3,0.328125,0,0.00823953
281,1011.31,52.6145,13,3,0.333008,0,0.00820603
282,435.151,47.0041,13,2,0.321289,0,0.00823783
283,1008.92,51.5871,13,3,0.335938,0,0.00822926
284,1843.9,52.6546,13,4,0.339844,0,0.00818314
285,1008.92,49.1973,13,3,0.326172,0,0.0082653
286,1843.9,55.77,13,4,0.337891,0,0.0082559
287,1008.92,52.1429,13,3,0.332031,0,0.00826268
288,1008.92,52.4736,13,3,0.339844,0,0.00827296
289,435.151,50.3863,13,2,0.34668,0,0.00826844
290,1008.92,51.323,13,3,0.337891,0,0.00823501
291,1008.92,48.5567,13,3,0.319336,0,0.00819515
292,1011.31,50.8181,13,3,0.332031,0,0.0082988
293,1008.92,49.3961,13,3,0.327148,0,0.00808107
294,1008.92,47.3225,13,3,0.300781,0,0.00815045
295,1008.92,50.1678,13,3,0.322266,0,0.00824922
296,1008.92,49.0372,13,3,0.318359,0,0.00824227
297,1848.92,48.915,13,4,0.305664,0,0.00823352
298,435.151,50.5111,13,2,0.334961,0,0.00837041
299,1843.9,47.0139,12,4,0.294922,0,0.00816388
300,1008.92,49.0793,13,3,0.314453,0,0.00826289
301,1009.59,46.1201,13,3,0.308594,0,0.00833156
302,1008.92,52.3712,13,3,0.337891,0,0.00838679
303,1011.78,49.763,13,3,0.317383,0,0.00832459
304,1010.21,50.2859,13,3,0.30957,0,0.00832259
305,1008.92,47.9897,13,3,0.306641,0,0.00838704
306,1008.92,52.5096,13,3,0.338867,0,0.00837378
307,435.151,44.9624,13,2,0.288086,0,0.00830405
308,435.149,47.4115,13,2,0.314453,0,0.00831567
309,1008.92,47.1944,13,3,0.301758,0,0.00834974
310,1841.02,53.7847,13,4,0.310547,0,0.0084048
311,435.151,47.6278,13,2,0.318359,0,0.00830892
312,1009.59,53.1835,13,3,0.342773,0,0.00844641
313,1008.92,51.4024,13,3,0.324219,0,0.00851378
314,1009.59,56.7162,13,3,0.353516,0,0.00848796
315,1008.92,52.3269,13,3,0.347656,0,0.0084217
316,1008.92,50.5073,13,3,0.328125,0,0.00846582
317,1008.92,52.0358,13,3,0.333984,0,0.00857282
318,1848.92,55.8556,13,4,0.359375,0,0.00857858
319,1008.92,50.7582,13,3,0.329102,0,0.00854702
320,998.128,48.3698,13,3,0.30957,0,0.0086
321,1760.49,59.7898,13,4,0.359375,0,0.00869412
322,1011.31,49.4881,13,3,0.311523,0,0.00875441
323,1011.31,53.9316,13,3,0.325195,0,0.00881712
324,1008.92,52.4099,13,3,0.328125,0,0.00872993
325,1008.92,53.1503,13,3,0.334961,0,0.00892473
326,1009.59,55.8002,13,3,0.345703,0,0.00876725
327,1010.21,61.5307,13,3,0.366211,0,0.00883444
328,1011.31,50.5305,13,3,0.318359,0,0.00892548
329,435.151,52.7467,13,2,0.334961,0,0.00899734
330,1834.62,59.332,14,4,0.341797,0,0.00920498
331,1011.31,57.0102,14,3,0.336914,0,0.00931012
332,1827.51,56.9029,15,4,0.330078,0,0.00946698
333,1771.04,57.3061,15,4,0.34375,0,0.00955227
334,1004.1,56.5331,15,3,0.345703,0,0.00986002
335,1831.15,63.3432,17,4,0.357422,0,0.0100129
336,1004.1,60.0963,17,3,0.34082,0,0.0101897
337,1008.92,65.918,17,3,0.360352,0,0.0102851
338,1007.46,65.0071,17,3,0.380859,0,0.010172
339,1008.92,67.4297,19,3,0.375977,0,0.0105838
340,1786.17,66.6227,21,4,0.375977,0,0.010913
341,1827.51,78.3266,21,4,0.412109,0,0.0108584
342,1815.68,77.2091,21,4,0.418945,0,0.0110346
343,1795.76,76.7021,21,4,0.415039,0,0.0111187
344,1771.04,71.2801,21,4,0.387695,0,0.0110838
345,1823.71,75.937,23,4,0.40625,0,0.0111511
346,984.827,73.074,23,3,0.421875,0,0.0114577
347,998.128,74.1063,24,3,0.413086,0,0.0114971
348,1005.85,78.1902,25,3,0.427734,0,0.0116267
349,1006.68,77.0102,25,3,0.418945,0,0.0117932
350,1002.23,80.6669,27,3,0.4375,0,0.0119462
351,1793.4,78.5492,27,4,0.425781,0,0.0121027
352,1811.47,80.7612,25,4,0.422852,0,0.0118107
353,1776.18,85.0141,28,4,0.464844,0,0.0119952
354,1848.92,81.4938,31,4,0.452148,0,0.0125372
355,1004.99,92.3822,33,3,0.490234,0,0.012735
356,1011.31,83.016,29,3,0.438477,0,0.0124037
357,1819.76,80.7028,31,4,0.420898,0,0.0128487
358,1798.09,87.7761,29,4,0.461914,0,0.0125258
359,2787.22,105.088,35,5,0.503906,0,0.0130882
360,1773.62,91.8202,33,4,0.469727,0,0.0130569
361,993.611,82.6611,35,3,0.450195,0,0.0132683
362,1746.82,88.5889,35,4,0.454102,0,0.013161
363,4118.83,96.3255,40,6,0.489258,0,0.0131721
364,1783.71,93.5823,37,4,0.49707,0,0.0132971
365,1817.74,101.935,41,4,0.522461,0,0.0134531
366,2884.52,92.3513,35,5,0.470703,0,0.0132197
367,2774.8,97.743,35,5,0.499023,0,0.0129659
368,1802.66,98.0681,35,4,0.490234,0,0.0132854
369,1786.17,88.5184,37,4,0.464844,0,0.013555
370,1002.23,94.0069,41,3,0.49707,0,0.0136277
371,4040.28,101.807,39,6,0.494141,0,0.0137604
372,1800.39,90.5972,39,4,0.481445,0,0.0139109
373,1757.8,114.373,44,4,0.564453,0,0.0141757
374,2891.12,117.561,49,5,0.569336,0,0.014432
375,1823.71,105.377,38,4,0.509766,0,0.0139675
376,1763.17,106.129,49,4,0.560547,0,0.0142339
377,1000.23,94.3459,44,3,0.517578,0,0.0135188
378,1807.12,98.2693,37,4,0.492188,0,0.0138413
379,1807.12,108.832,46,4,0.556641,0,0.0135939
380,1726.84,102.755,47,4,0.539062,0,0.0139744
381,1791.02,101.123,44,4,0.510742,0,0.0141377
382,1791.02,103.578,46,4,0.521484,0,0.01441
383,1795.76,113.263,51,4,0.575195,0,0.0146827
384,2881.17,110.339,45,5,0.554688,0,0.0143096
385,1834.62,113.592,47,4,0.556641,0,0.0145799
386,1786.17,105.073,46,4,0.537109,0,0.0145637
387,995.918,92.8298,47,3,0.482422,0,0.0149715
388,1819.76,110.603,47,4,0.556641,0,0.0144888
389,1726.84,102.349,47,4,0.514648,0,0.0149046
390,2799.41,106.771,47,5,0.521484,0,0.0147765
391,1823.71,102.197,44,4,0.507812,0,0.0146664
392,4201.3,113.1,50,6,0.550781,0,0.0150061
393,1827.51,118.095,49,4,0.567383,0,0.0149704
394,1783.71,102.071,45,4,0.495117,0,0.0150456
395,1783.71,108.639,49,4,0.549805,0,0.01549
396,2795.37,114.358,51,5,0.568359,0,0.014975
397,1800.39,108.476,53,4,0.554688,0,0.0153351
398,1802.66,113.689,50,4,0.560547,0,0.0152668
399,1813.59,109.948,53,4,0.568359,0,0.0156053
400,1821.75,118.993,54,4,0.575195,0,0.0155455
401,1802.66,124.771,53,4,0.584961,0,0.0156022
402,1793.4,111.053,51,4,0.538086,0,0.0160063
403,1778.72,107.367,53,4,0.53418,0,0.0160147
404,1807.12,110.363,54,4,0.551758,0,0.0155173
405,2842.09,126.222,53,5,0.583984,0,0.0158577
406,1809.31,123.62,51,4,0.573242,0,0.0163362
407,1783.71,133.007,101,4,0.636719,0,0.0163426
408,4270.03,125.808,101,6,0.607422,0,0.0160208
409,4010.94,118.828,53,6,0.555664,0,0.0161959
410,1693.6,115.782,63,4,0.5625,0,0.0162477
411,2658.83,119.406,101,5,0.578125,0,0.0165716
412,5601.59,116.975,59,7,0.544922,0,0.0171941
413,2700.57,129.71,101,5,0.605469,0,0.0173926
414,2803.43,127.846,101,5,0.611328,0,0.0172824
415,1798.09,113.016,101,4,0.575195,0,0.0162939
416,1823.71,118.741,101,4,0.586914,0,0.0168263
417,1821.75,116.902,101,4,0.571289,0,0.016639
418,4265.75,127.8,101,6,0.583008,0,0.01783
419,1841.02,124.001,101,4,0.588867,0,0.01746
420,1831.15,124.105,101,4,0.574219,0,0.0176242
421,1825.63,123.08,101,4,0.586914,0,0.0174827
422,1720.96,119.778,101,4,0.557617,0,0.016915
423,2766.4,135.101,101,5,0.588867,0,0.0175047
424,2849.48,137.672,101,5,0.601562,0,0.0180021
425,2795.37,137.719,101,5,0.615234,0,0.0179614
426,1829.35,129.67,101,4,0.595703,0,0.0181024
427,2826.95,137.327,101,5,0.618164,0,0.0173095
428,2677.57,137,101,5,0.621094,0,0.0181187
429,1804.91,145.692,101,4,0.643555,0,0.0187016
430,1802.66,135.565,101,4,0.620117,0,0.0180308
431,3925.55,139.819,101,6,0.592773,0,0.0185271
432,2842.09,149.978,101,5,0.660156,0,0.0187681
433,1815.68,140.022,101,4,0.631836,0,0.0190655
434,1788.61,147.991,101,4,0.664062,0,0.0188113
435,1807.12,137.36,101,4,0.646484,0,0.018631
436,4107.95,137.438,101,6,0.597656,0,0.0188261
437,2909.97,151.935,101,5,0.663086,0,0.0188349
438,2860.33,148.044,101,5,0.624023,0,0.0195542
439,4118.83,149.955,101,6,0.651367,0,0.0188872
440,4688.68,150.923,101,7,0.630859,0,0.0197947
441,2830.78,146.016,101,5,0.666016,0,0.0188497
442,2709.62,144.072,101,5,0.637695,0,0.0192923
443,3386.14,149.638,101,6,0.651367,0,0.0195173
444,6773.61,159.113,101,8,0.680664,0,0.0191081
445,3938.03,171.091,101,6,0.71582,0,0.0188239
446,2849.48,152.865,101,5,0.672852,0,0.0186206
447,3686.64,165.336,101,6,0.682617,0,0.0194772
448,3950.42,159.675,101,6,0.699219,0,0.0186416
449,2610.66,167.63,101,5,0.720703,0,0.0191874
450,1815.68,157.207,101,4,0.677734,0,0.0201538
451,3974.91,163.2,101,6,0.701172,0,0.0198575
452,2696.01,157.003,101,5,0.697266,0,0.0204964
453,4265.75,163.336,101,6,0.694336,0,0.0198705
454,2686.83,161.788,101,5,0.701172,0,0.0194974
455,5332.51,164.168,101,7,0.691406,0,0.0198353
456,5830.11,180.736,101,7,0.740234,0,0.0194001
457,4879.73,194.561,101,7,0.777344,0,0.0198747
458,2731.9,174.136,101,5,0.72168,0,0.0202282
459,5623.83,182.222,101,7,0.745117,0,0.0196923
460,3623.07,190.81,101,6,0.773438,0,0.0205181
461,5594.12,196.054,106.93,7,0.792969,1,0.019977
462,9785.33,199.818,101,9,0.774414,0,0.0206834
463,9903.25,217.397,107.538,9,0.835938,1,0.0204816
464,7285.66,198.809,108.709,8,0.801758,1,0.0207491
465,7114.77,238.157,109.829,8,0.882812,1,0.0221768
466,5099.37,230.105,110.371,7,0.880859,1,0.0220554
467,5631.18,234.54,106.306,7,0.867188,1,0.0218729
468,5099.37,231.193,111.937,7,0.900391,1,0.0216087
469,7540.04,233.959,106.93,8,0.850586,1,0.0218465
470,6444.93,237.023,108.13,8,0.869141,1,0.021295
471,12113.5,263.555,111.425,10,0.922852,1,0.0216299
472,5502.26,233.967,110.903,7,0.892578,1,0.0237238
473,5152.51,246.222,110.903,7,0.919922,1,0.0228574
474,5563.94,275.449,112.44,7,0.989258,1,0.0220878
475,9796.23,275.01,111.425,9,0.957031,1,0.022641
476,7861.96,252.108,108.709,8,0.90625,1,0.0223237
477,10708.8,252.374,112.44,11,0.9375,1,0.0231477
478,27131,287.134,109.829,13,0.939453,1,0.0226185
479,7557.96,296.428,111.937,8,0.995117,1,0.0226911
480,5365.67,280.403,113.897,7,1.00684,1,0.0233925
481,9273.14,301.164,114.828,9,1.05176,1,0.0232418
482,25165.4,398.006,113.419,13,1.10645,1,0.0241541
483,11045.2,404.577,116.603,10,1.19531,1,0.023313
484,24973.2,442.411,115.729,13,1.24219,1,0.0235784
485,11738.5,368.073,114.828,10,1.15527,1,0.0246218
486,7575.75,393.981,117.865,8,1.23438,1,0.0245246
487,159397,583.494,117.45,17,1.27734,1,0.0250408
488,35892.5,539.352,117.03,14,1.33008,1,0.0256235
489,57821.4,622.611,120.601,15,1.41504,1,0.0259497
490,58297.5,930.924,136.764,15,1.73438,1,0.0285125
491,89113,1043.81,137.796,16,1.85156,1,0.0298989
492,291467,1327.69,137.675,18,1.92676,1,0.0293869
493,165453,2008.02,346.013,17,2.45898,2,0.0332284
494,161978,2598.93,373.981,17,2.76855,2,0.0339768
495,2.14808e+06,5714.89,424.286,21,3.09668,2,0.0361551
496,1.09194e+06,5490.43,428.288,20,3.19824,2,0.036732
497,561598,3583.21,431.532,19,3.27734,2,0.0360287
498,296391,4208.93,877.945,18,3.7334,3,0.0390796
499,2.14173e+06,5917.93,922.511,21,3.81348,3,0.0378373
500,4.24339e+06,13829.1,999.194,22,4.37988,3,0.0425231
501,2.14352e+06,11218.1,1586.07,21,4.83887,4,0.0459961
502,8.4398e+06,16087.2,1449.19,23,4.66113,4,0.0444589
503,3.36198e+07,43564.8,1638.33,25,4.8418,4,0.0467073
504,6.71728e+07,126851,1776.18,26,5.62305,4,0.055823
505,4.24339e+06,24880.6,2311.3,22,5.68945,5,0.0560219
506,6.71776e+07,114412,1738.37,26,5.50781,4,0.0556864
507,6.71897e+07,117421,1800.39,26,5.59082,4,0.0574836
508,1.68365e+07,74507.8,1732.64,24,5.27051,4,0.0558594
509,1.68373e+07,45209.1,2605.75,24,6.00586,5,0.0592837
510,1.68395e+07,45657.1,1786.17,24,5.48145,4,0.0557986
511,8.44414e+06,34941.2,2339.85,23,5.7207,5,0.0556121
512,4.24505e+06,22663.4,2235.59,22,5.6543,5,0.0551101
513,3.36237e+07,72860.6,1720.96,25,5.39746,4,0.0543297
514,8.44797e+06,32272.9,2181.95,23,5.56445,5,0.0564198
515,1.68363e+07,64256.3,2151.74,24,5.74609,5,0.0568621
516,1.68406e+07,52800.7,2519.61,24,5.8291,5,0.0585203
517,1.68348e+07,37752.1,1677.82,24,5.35156,4,0.0536487
518,8.43764e+06,33232.6,2634.97,23,5.91699,5,0.0562277
519,4.24521e+06,37887.3,2311.3,22,5.84961,5,0.0577688
520,6.71735e+07,129632,1744.03,26,5.55859,4,0.0547285
521,2.68518e+08,305187,2139.58,28,5.8457,5,0.0566905
522,6.71791e+07,141554,2723.05,26,6.02637,5,0.0557162
523,1.34299e+08,371701,2407.01,27,5.88379,5,0.0559255
524,3.36139e+07,62840.4,2529.99,25,5.90918,5,0.0552729
525,3.36166e+07,66576.2,2736.29,25,5.88574,5,0.0574602
526,4.2436e+06,23723.7,2691.43,22,5.99707,5,0.0560361
527,3.36159e+07,73027.5,2795.37,25,6.26465,5,0.0596054
528,1.68337e+07,61629.2,2668.24,24,6.0498,5,0.058613
529,1.68332e+07,88515.7,3093.2,24,6.26562,6,0.0581113
530,1.68409e+07,61914.1,2795.37,24,6.0459,5,0.0568536
531,3.36213e+07,108720,2700.57,25,6.03809,5,0.0568624
532,3.36162e+07,78720.5,2663.54,25,5.82324,5,0.0545357
533,4.25011e+06,31248.1,2819.22,22,6.23242,5,0.0585809
534,4.24276e+06,36034.7,2620.44,22,6.05273,5,0.0571615
535,3.36192e+07,61894.5,2605.75,25,5.84473,5,0.0554837
536,8.44693e+06,49620.8,2736.29,23,6.09668,5,0.0584897
537,4.24516e+06,26901.9,1723.91,22,5.46289,4,0.0538559
538,4.24766e+06,31058.6,2229.67,22,5.75684,5,0.0573073
539,1.68403e+07,54058.8,2328.47,24,5.84668,5,0.0575914
540,1.68345e+07,56279,2084.28,24,5.81836,5,0.0577894
541,1.68357e+07,79679.6,2270.79,24,5.85742,5,0.0571581
542,2.68513e+08,382687,1817.74,28,5.8418,4,0.05726
543,3.36125e+07,120945,2918.84,25,6.53711,6,0.0612888
544,2.68511e+08,630677,3150.06,28,6.52832,6,0.0619305
545,1.68372e+07,65368.5,2181.95,24,5.9375,5,0.0584537
546,6.7182e+07,129152,2235.59,26,5.97461,5,0.061396
547,6.71712e+07,108314,1746.82,26,5.66602,4,0.0562757
548,8.4493e+06,84431.3,2658.83,23,6.29785,5,0.0621504
549,6.71852e+07,162936,2560.74,26,6.20508,5,0.0617843
550,3.36212e+07,142622,2288.23,25,6.02539,5,0.0598873
551,3.36214e+07,122593,2139.58,25,6.09375,5,0.0598254
552,6.7176e+07,126259,2644.57,26,6.04688,5,0.0587793
553,1.68367e+07,92256.7,3238.09,24,6.46289,6,0.0609163
554,3.36227e+07,186546,2770.61,25,6.15625,5,0.0590883
555,8.44797e+06,52423.6,3150.06,23,6.32617,6,0.059723
556,1.34295e+08,222736,2718.6,27,6.26562,5,0.0594244
557,6.71781e+07,212210,3198.28,26,6.57129,6,0.0658307
558,6.71827e+07,341827,3117.65,26,6.64062,6,0.0630561
559,1.34298e+08,478485,2686.79,27,6.35645,6,0.0635843
560,1.34294e+08,397453,2762.17,27,6.53125,5,0.0637884
561,2.68514e+08,629999,3206.27,28,7.05176,6,0.0659735
562,6.71807e+07,255042,2625.3,26,6.58984,5,0.0613821
563,1.07383e+09,1.87948e+06,2833.89,30,6.56055,6,0.0622773
564,2.68519e+08,541617,2115.11,28,6.12305,5,0.057192
565,5.3695e+08,942635,3052.19,29,6.54004,6,0.0588638
566,5.36955e+08,1.80415e+06,3308.87,29,6.91797,6,0.0649482
567,1.34299e+08,591787,3378.48,27,7.06934,6,0.0641254
568,3.36177e+07,134217,3035.7,25,6.60742,6,0.0617509
569,6.71744e+07,272024,2795.37,26,6.69824,5,0.0618521
570,2.68523e+08,644902,2749.33,28,6.83789,5,0.0626606
571,6.71782e+07,399756,3748.75,26,6.86816,6,0.0626179
572,5.36952e+08,906136,3906.66,29,7.20703,6,0.0623517
573,1.34298e+08,425597,3370.8,27,6.94824,6,0.0587605
574,6.7182e+07,391732,3815.97,26,6.96387,6,0.0592151
575,5.36965e+08,824546,2977.57,29,6.61426,6,0.0582746
576,1.34295e+08,355341,4140.23,27,7.42773,6,0.0616038
577,3.362e+07,166246,2811.38,25,6.60645,5,0.057737
578,3.36269e+07,287779,3822.58,25,7.02051,6,0.0590382
579,5.36966e+08,835048,3855.34,29,7.08789,6,0.0590428
580,2.14759e+09,2.38849e+06,3809.33,31,7.21191,6,0.0598221
581,2.68518e+08,686855,2740.66,28,6.87793,5,0.057495
582,2.68525e+08,600177,2450.67,28,6.4668,5,0.0562188
583,1.34294e+08,501725,2034.36,27,6.21777,5,0.0530687
584,2.14758e+09,3.37384e+06,2658.83,31,6.75781,5,0.0567838
585,2.6852e+08,1.24703e+06,2799.41,28,6.92676,5,0.0582636
586,2.68516e+08,739228,2803.43,28,6.89844,5,0.0594523
587,1.34292e+08,521072,3206.27,27,7.00098,6,0.0607915
588,2.14758e+09,3.08748e+06,2630.15,31,6.86426,5,0.0596585
589,1.34296e+08,457953,3316.66,27,7.26758,6,0.0629884
590,1.34302e+08,852661,3206.27,27,7.05859,6,0.0609052
591,1.34289e+08,524259,3615.92,27,7.30957,6,0.0609463
592,1.34293e+08,701350,3861.83,27,7.43848,6,0.0631576
593,5.36966e+08,1.83897e+06,3594.37,29,7.35059,6,0.0614344
594,2.14759e+09,3.06175e+06,2696.01,31,6.86816,5,0.0600398
595,1.07384e+09,2.17028e+06,2535.16,30,6.6084,5,0.0590253
596,2.6851e+08,679656,3332.2,28,7.23535,6,0.0610055
597,2.68512e+08,896171,2884.52,28,7.21484,5,0.0609191
598,6.71805e+07,426006,2709.62,26,6.89648,5,0.0592104
599,2.68517e+08,881033,2811.38,28,6.91504,5,0.0585444
600,2.68517e+08,952042,2644.57,28,6.88086,5,0.0580478
601,8.59004e+09,9.37167e+06,3393.79,33,7.30176,6,0.0608691
602,5.3696e+08,1.28924e+06,5422.79,29,8.24805,7,0.0692741
603,2.68513e+08,771397,5349.14,28,8.2168,7,0.0689353
604,2.68519e+08,1.11892e+06,5579.09,28,8.33301,7,0.0685706
605,1.718e+10,1.74279e+07,5765.02,34,8.43555,8,0.0684989
606,1.07384e+09,2.42067e+06,7581.83,30,9.39648,9,0.073034
607,5.36965e+08,1.43846e+06,7114.77,29,9.18066,8,0.0702135
608,5.36966e+08,2.38757e+06,7344.08,29,9.01953,8,0.0719567
609,2.68519e+08,1.39339e+06,7031.77,28,8.82324,8,0.0699728
610,2.14758e+09,3.3756e+06,6662.24,31,8.74121,8,0.0676235
611,5.36966e+08,2.17277e+06,7104.48,29,9.08789,8,0.0714149
612,5.36967e+08,1.0172e+06,6315.86,29,8.56152,8,0.0697335
613,1.07384e+09,1.96483e+06,6828.47,30,8.5918,8,0.0691933
614,2.14759e+09,3.51931e+06,6160.4,31,8.34961,8,0.066406
615,5.36959e+08,1.05379e+06,6208.56,29,8.58496,8,0.0676761
616,5.36963e+08,1.6532e+06,6244.5,29,8.55762,8,0.0675535
617,4.29507e+09,4.97043e+06,5517.84,32,8.34668,7,0.0691447
618,1.07384e+09,3.32177e+06,6444.93,30,9.05859,8,0.0735188
619,2.14759e+09,5.84367e+06,6628.42,31,8.91992,8,0.0726337
620,5.36958e+08,1.89744e+06,4698.39,29,8.26172,7,0.068238
621,5.36956e+08,2.23882e+06,7094.17,29,8.9668,8,0.0726669
622,2.14758e+09,3.39792e+06,6196.55,31,8.64453,8,0.0708755
623,1.07383e+09,2.60314e+06,6817.54,30,8.97168,8,0.0734478
624,2.14757e+09,5.04197e+06,5840.48,31,8.83008,8,0.072281
625,1.07383e+09,3.59633e+06,5494.43,30,8.75195,7,0.0726776
626,1.07384e+09,3.45895e+06,6514.34,30,8.76758,8,0.0719827
627,4.29508e+09,5.78433e+06,7125.03,32,9.11523,8,0.0738592
628,1.07384e+09,4.17188e+06,8918.33,30,9.75391,9,0.0775204
629,2.14759e+09,4.2633e+06,7165.83,31,9.43457,8,0.0766767
630,2.14759e+09,3.74537e+06,7369.99,31,9.10547,9,0.0737703
631,4.29507e+09,7.55231e+06,7125.03,32,9.32617,8,0.0759762
632,1.07384e+09,4.9229e+06,6075.42,30,9.29492,8,0.0764321
633,1.07383e+09,6.40278e+06,5446.9,30,8.96289,7,0.0723015
634,1.718e+10,2.38778e+07,6850.26,34,9.43262,8,0.0751885
635,4.29508e+09,8.94384e+06,8252.3,32,9.7373,9,0.0762477
636,2.14759e+09,1.05778e+07,7010.77,31,9.43262,8,0.0751885
637,2.14759e+09,7.34511e+06,7521.66,31,9.61035,9,0.0797619
638,2.14758e+09,6.42174e+06,5265.08,31,8.62988,7,0.0752838
639,4.29507e+09,1.50046e+07,6548.77,32,9.19434,8,0.0750501
640,5.3697e+08,3.92363e+06,5737.72,29,8.9873,7,0.0735196
641,2.14757e+09,5.73864e+06,5446.9,31,8.95703,7,0.0744877
642,2.14759e+09,1.31672e+07,7201.15,31,9.66699,9,0.0781548
643,1.07384e+09,3.89654e+06,5422.79,30,8.83301,7,0.0732675
644,1.07384e+09,5.3056e+06,5282.07,30,8.62109,7,0.0726168
645,4.29508e+09,7.68495e+06,5609.03,32,8.81055,7,0.0732799
646,5.36954e+08,5.16324e+06,7042.23,29,9.42188,8,0.078408
647,2.14759e+09,1.09134e+07,7206.2,31,9.78613,8,0.0788688
648,2.74878e+11,2.76723e+08,7980.3,38,9.7998,9,0.081127
649,8.59004e+09,2.3154e+07,8138.65,33,9.86816,9,0.081113
650,2.14758e+09,4.22379e+06,6514.34,31,9.09863,8,0.0782146
651,4.29507e+09,9.1855e+06,6882.78,32,9.41406,8,0.0803313
652,5.36963e+08,4.29186e+06,7491.47,29,9.53125,9,0.0809817
653,4.29507e+09,1.16254e+07,8023.72,32,9.63867,9,0.0812106
654,8.59005e+09,2.25161e+07,7135.27,33,9.51074,8,0.0798346
655,4.29506e+09,1.03488e+07,6075.42,32,9.27734,8,0.0778196
656,3.43599e+10,7.37121e+07,7457.75,35,9.4043,8,0.0793659
657,2.14757e+09,9.51959e+06,9696.83,31,10.2295,9,0.0828185
658,2.14758e+09,8.03364e+06,9223.72,31,9.91016,9,0.0815622
659,4.29507e+09,1.53669e+07,8336.67,32,9.91406,9,0.0824554
660,8.59005e+09,1.32511e+07,9008.92,33,10.0146,9,0.0851707
661,2.14759e+09,6.11926e+06,11124.7,31,10.4512,10,0.0824589
662,2.14759e+09,1.0654e+07,9161.33,31,10.251,9,0.0800721
663,1.37439e+11,1.40511e+08,9382.71,37,9.71582,9,0.0775346
664,8.59004e+09,2.24284e+07,9021.76,33,10.2646,9,0.083662
665,2.14759e+09,7.86821e+06,9021.76,31,10.0859,9,0.0843847
666,1.07385e+09,6.17223e+06,7775.38,30,9.85059,9,0.0818412
667,2.68519e+08,3.29419e+06,9060.14,28,9.9707,9,0.0820805
668,1.07384e+09,6.27742e+06,7619.6,30,9.62988,8,0.0804161
669,6.87196e+10,8.09986e+07,7461.2,36,9.78418,9,0.079993
670,2.14759e+09,1.00377e+07,9266.89,31,9.89355,10,0.0840671
671,1.07383e+09,3.96905e+06,7476.26,30,9.6875,8,0.0812666
672,2.14758e+09,5.90655e+06,6639.71,31,9.20801,8,0.0808911
673,2.14759e+09,9.21629e+06,6548.77,31,9.44629,8,0.0814556
674,1.07384e+09,5.70863e+06,7247.41,30,9.63379,9,0.0802836
675,1.07384e+09,5.04412e+06,7186.07,30,9.62598,8,0.0818371
676,2.14758e+09,8.97467e+06,7671.55,31,9.66309,9,0.0813743
677,4.29508e+09,1.21596e+07,7760.61,32,9.90039,9,0.0815264
678,2.14758e+09,9.43969e+06,5927.75,31,9.52344,8,0.080762
679,2.14758e+09,7.5419e+06,6087.62,31,9.23633,8,0.0771131
680,1.07384e+09,5.35048e+06,8503.14,30,9.8291,9,0.0810387
681,2.68524e+08,4.22049e+06,7745.81,28,9.92188,9,0.0840337
682,8.59004e+09,1.37756e+07,6433.29,33,9.17188,8,0.0773086
683,4.29507e+09,1.1069e+07,7745.81,32,9.76953,9,0.0817406
684,3.43599e+10,4.14613e+07,7716.16,35,9.74707,9,0.0840214
685,5.36967e+08,4.27195e+06,8598.81,29,9.86621,9,0.0848439
686,5.36963e+08,5.31739e+06,7275.83,29,9.65723,8,0.0818487
687,4.29507e+09,9.1548e+06,5502.26,32,9.13184,7,0.0798945
688,5.36961e+08,5.85885e+06,5406.59,29,9.13379,7,0.081086
689,1.07384e+09,5.45579e+06,5927.75,30,9.22949,8,0.0790921
690,4.29507e+09,1.41725e+07,6537.32,32,9.29492,8,0.0785946
691,1.718e+10,2.78659e+07,8052.57,34,9.72559,9,0.0848855
692,4.29507e+09,1.14911e+07,6989.67,32,9.58398,8,0.0827779
693,2.14759e+09,9.04114e+06,7104.48,31,9.65723,8,0.0848208
694,3.43599e+10,4.82301e+07,6172.47,35,9.49414,8,0.0829934
695,2.14759e+09,1.63686e+07,9309.92,31,10.4912,9,0.090245
696,8.59005e+09,1.89435e+07,9560.04,33,10.5498,9,0.0891835
697,8.59004e+09,2.76827e+07,7216.59,33,9.94043,9,0.0854107
698,6.87196e+10,7.60212e+07,9309.92,36,10.4023,9,0.0881497
699,8.59005e+09,2.23346e+07,10671.6,33,10.8193,10,0.0889992
700,8.59005e+09,3.15913e+07,11172.2,33,10.8447,10,0.0912197
701,1.718e+10,4.17985e+07,11124.7,34,10.877,10,0.0878301
702,4.29508e+09,1.35858e+07,11723.6,32,10.9805,10,0.088089
703,4.29508e+09,2.5205e+07,10965,32,10.8271,10,0.0884876
704,8.59005e+09,2.28781e+07,7512.9,33,10.1865,8,0.0858492
705,1.37439e+11,1.45326e+08,8350.66,37,10.165,9,0.0834066
706,4.29506e+09,2.67687e+07,9802.29,32,10.6758,10,0.0869563
707,3.43599e+10,6.0063e+07,9560.04,35,10.5596,9,0.0866239
708,3.43599e+10,6.9751e+07,12060.9,35,11.1992,11,0.0924486
709,4.29507e+09,3.98061e+07,9640.4,32,10.8301,9,0.0923047
710,1.718e+10,6.34926e+07,10455.2,34,10.791,10,0.0884825
711,8.59005e+09,3.3499e+07,10404.7,33,10.8896,10,0.0880241
712,1.718e+10,6.01185e+07,12155.5,34,11.3799,10,0.0928201
713,4.29507e+09,3.0049e+07,13198.4,32,11.1787,11,0.0933285
714,4.29506e+09,3.40962e+07,14394.9,32,11.6182,11,0.0956311
715,2.14759e+09,2.41744e+07,12831.9,31,11.4844,10,0.0937704
716,3.43599e+10,7.81248e+07,14155.9,35,11.3652,11,0.0906157
717,2.74878e+11,3.05386e+08,10080.8,38,10.7686,10,0.0891896
718,4.29507e+09,1.7783e+07,18095.4,32,11.7344,12,0.0958192
719,8.59003e+09,4.78922e+07,15186.7,33,11.5029,11,0.0928076
720,3.43599e+10,8.23595e+07,19450,35,12.1504,12,0.0961268
721,2.19902e+12,2.22837e+09,19329.9,41,12.1875,12,0.0977261
722,1.718e+10,9.65149e+07,19086.7,34,12.6777,12,0.104286
723,8.59005e+09,6.38427e+07,11809,33,11.1621,11,0.0934952
724,3.43599e+10,8.87762e+07,11013.2,35,11.0264,10,0.0936323
725,3.43599e+10,6.06227e+07,11928.5,35,11.1064,10,0.0957192
726,1.718e+10,7.85159e+07,10235.2,34,10.7861,10,0.0935196
727,1.718e+10,6.34156e+07,13414.1,34,11.4766,11,0.0963028
728,1.37439e+11,1.85407e+08,13472.4,37,11.4746,11,0.0958274
729,8.59006e+09,5.15553e+07,13684.5,33,11.5098,11,0.0978685
730,8.59004e+09,4.5688e+07,13549.9,33,11.5283,11,0.0967194
731,6.87196e+10,1.41595e+08,13020,36,11.6689,11,0.0977933
732,6.87196e+10,1.30545e+08,16865.1,36,12.2158,12,0.102867
733,1.718e+10,9.66461e+07,10965,34,11.3145,10,0.0962546
734,1.718e+10,1.03315e+08,14062.9,34,11.6758,11,0.0992157
735,1.718e+10,9.12439e+07,12634.8,34,11.6162,10,0.0966235
736,1.718e+10,7.09547e+07,11359.7,34,11.166,10,0.0962104
737,1.718e+10,5.87191e+07,12019.1,34,11.0869,11,0.0942063
738,1.09951e+12,1.11449e+09,12759.3,40,11.2061,11,0.0976637
739,6.87196e+10,1.65161e+08,11797.5,36,11.4268,10,0.100046
740,6.87196e+10,1.39503e+08,12495,36,11.5889,11,0.0996194
741,8.59004e+09,3.78929e+07,13237.8,33,11.3809,11,0.098825
742,8.59004e+09,2.21396e+07,10884.2,33,10.6514,10,0.093549
743,1.718e+10,4.14942e+07,12980.2,34,11.4189,11,0.09925
744,3.43599e+10,5.22972e+07,11885.1,35,10.9248,10,0.0972763
745,1.718e+10,5.4283e+07,18203.6,34,12.5645,12,0.105778
746,4.29507e+09,3.015e+07,15927.8,32,12.0879,12,0.101985
747,3.43599e+10,8.90767e+07,15015.8,35,11.9453,11,0.104479
748,1.37439e+11,2.2496e+08,16680.4,37,12.3604,12,0.105318
749,3.43599e+10,1.13562e+08,16540.9,35,12.4082,12,0.105858
750,6.87196e+10,1.33359e+08,13874.9,36,12.0586,11,0.105474
751,8.59004e+09,4.45406e+07,18225.2,33,12.5137,12,0.105778
752,1.09951e+12,1.20204e+09,18418.1,40,12.5371,12,0.104434
753,6.87196e+10,1.92706e+08,18609,36,12.9678,12,0.112035
754,6.87196e+10,1.89873e+08,16517.6,36,12.709,12,0.110819
755,2.74878e+11,3.69696e+08,17942.8,38,12.4814,12,0.106961
756,1.718e+10,9.62297e+07,23349.6,34,13.4316,13,0.114898
757,8.59005e+09,6.63901e+07,19390.1,33,12.7158,12,0.109951
758,1.718e+10,7.36417e+07,17920.9,34,12.4854,12,0.106971
759,8.59004e+09,6.5731e+07,17522.7,33,12.7676,12,0.108312
760,1.718e+10,1.05447e+08,14894.4,34,12.0615,11,0.10293
761,1.718e+10,1.12733e+08,18160.4,34,12.5566,12,0.104863
762,1.09951e+12,1.17352e+09,19390.1,40,12.791,12,0.10552
763,6.87196e+10,2.16204e+08,19066.2,36,13.2432,12,0.107401
764,2.74878e+11,6.58969e+08,20221,38,13.1807,12,0.109642
765,6.87196e+10,2.19658e+08,17477.9,36,12.501,12,0.105953
766,2.74878e+11,5.80937e+08,17071.2,38,12.5225,12,0.105758
767,2.74878e+11,4.62613e+08,18714.1,38,12.6934,12,0.105966
768,3.43599e+10,9.09672e+07,15880.1,35,12.3213,12,0.104951
769,3.43599e+10,1.5532e+08,14081.5,35,12.1025,11,0.102012
770,1.37439e+11,3.02001e+08,19667.2,37,12.5928,12,0.104297
771,6.87196e+10,2.1438e+08,19309.8,36,12.707,12,0.105106
772,3.43599e+10,1.7521e+08,18797.6,35,12.665,12,0.104331
773,6.87196e+10,1.7695e+08,15152.8,36,12.0879,11,0.0999353
774,5.49756e+11,1.34671e+09,18203.6,39,12.3398,12,0.102403
775,3.43599e+10,1.72237e+08,20911.5,35,13.1875,13,0.109345
776,2.74878e+11,4.37354e+08,16979.8,38,12.4082,12,0.100872
777,1.09951e+12,1.58824e+09,18942.9,40,14.0498,12,0.114744
778,2.19902e+12,3.20398e+09,14394.9,41,13.1357,11,0.10803
779,2.74878e+11,1.68463e+09,13237.8,38,13.3252,11,0.111138
780,2.74878e+11,1.32616e+09,11787.9,38,12.7236,11,0.106597
781,2.74878e+11,1.16969e+09,11219.4,38,11.9922,10,0.100728
782,7.03687e+13,7.05345e+10,9976.93,46,12.3262,10,0.102978
783,8.79609e+12,1.17647e+10,12658.1,43,13.2529,11,0.110778
784,5.49756e+11,1.64093e+09,13316.4,39,13.5342,11,0.112164
785,2.19902e+12,4.69464e+09,12310,41,13.1318,11,0.111189
786,3.51844e+13,3.72419e+10,14647.4,45,13.9062,11,0.11549
787,1.09951e+12,4.62834e+09,10688.1,40,13.3857,10,0.116003
788,2.74878e+11,1.34602e+09,12678.3,38,13.2588,11,0.111808
789,1.75922e+13,1.94435e+10,11809,44,13.0371,11,0.10965
790,5.49756e+11,2.04889e+09,12185.8,39,12.8604,11,0.105847
791,5.49756e+11,2.55776e+09,9837.37,39,12.6738,10,0.105132
792,7.03687e+13,6.96751e+10,10421.6,46,12.5332,10,0.101848
793,2.74878e+11,1.81665e+09,10737.4,38,12.7471,10,0.106654
794,4.39805e+12,6.53181e+09,11436.8,42,12.5049,10,0.10422
795,1.09951e+12,5.19262e+09,12678.3,40,13.1641,11,0.110826
796,8.79609e+12,1.77056e+10,9442.57,43,11.752,9,0.0963339
797,2.74878e+11,2.15245e+09,15775.6,38,12.8643,11,0.105037
798,3.51844e+13,4.99411e+10,14025.5,45,13.0625,11,0.109449
799,5.49756e+11,5.78877e+09,13433.5,39,13.3105,11,0.109839
800,1.09951e+12,2.62239e+09,11971.7,40,12.3643,10,0.103534
801,1.75922e+13,2.47083e+10,9248.49,44,12.4609,9,0.106357
802,2.19902e+12,9.74621e+09,9370.65,41,11.8105,9,0.099088
803,4.39805e+12,1.06433e+10,11077.1,42,12.5801,10,0.103376
804,4.39805e+12,1.17965e+10,13296.8,42,12.9932,11,0.104088
805,2.74878e+11,3.11853e+09,12141.5,38,13.0771,10,0.105137
806,1.75922e+13,3.45644e+10,8905.29,44,12.1934,9,0.0994285
807,7.03687e+13,1.22958e+11,9500.96,46,12.6016,10,0.10232
808,3.51844e+13,5.88366e+10,9819.84,45,12.7041,10,0.107931
809,2.19902e+12,7.67208e+09,4649.65,41,11.1416,7,0.0941559
810,7.03687e+13,9.09106e+10,4851.52,46,11.3418,7,0.095253
811,4.39805e+12,1.86593e+10,2774.8,42,10.3037,5,0.0873186
812,4.39805e+12,1.15772e+10,4091.41,42,11.2119,6,0.0906433
813,2.81475e+14,2.88737e+11,6861.13,48,11.3896,8,0.0926655
814,8.79609e+12,2.95471e+10,9060.14,43,12.1738,9,0.0979677
815,7.03687e+13,8.4471e+10,7819.61,46,11.8887,9,0.0961944
816,1.40737e+14,1.69737e+11,11914.3,47,12.9648,11,0.103338
817,5.6295e+14,5.91973e+11,15584.2,49,13.8262,11,0.107914
818,4.39805e+12,1.46659e+10,7315,42,12.4834,8,0.0999395
819,1.40737e+14,1.63792e+11,7602.16,47,12.9736,8,0.101297
820,8.79609e+12,3.84837e+10,2682.21,43,11.0967,5,0.0871634
821,7.03687e+13,8.29354e+10,2749.33,46,11.1699,5,0.0889704
822,1.40737e+14,1.66727e+11,2714.12,47,10.6299,5,0.0891137
823,4.39805e+12,9.34165e+09,987.443,42,8.8291,3,0.0716483
824,3.51844e+13,4.45518e+10,1702.88,45,9.56836,4,0.0765415
825,1.75922e+13,3.82905e+10,1586.07,44,9.60059,4,0.0781782
826,3.51844e+13,4.19935e+10,1771.04,45,10.1035,4,0.0805761
827,4.39805e+12,1.43659e+10,983.489,42,8.70215,3,0.0695315
828,4.39805e+12,2.06203e+10,1720.96,42,9.44043,4,0.074788
829,8.79609e+12,2.51928e+10,2705.11,43,10.2197,5,0.0840669
830,4.39805e+12,1.43844e+10,2651.7,42,9.85645,6,0.0812888
831,3.51844e+13,8.40368e+10,5438.88,45,11.001,7,0.086513
832,4.39805e+12,2.10181e+10,5579.09,42,12.1191,7,0.0968851
833,2.19902e+12,9.74928e+09,4005,41,11.2344,6,0.089241
834,7.03687e+13,1.73597e+11,6947.2,46,12.2275,8,0.0945306
835,4.39805e+12,1.84355e+10,6795.62,42,12.0811,8,0.0937244
836,1.75922e+13,5.34207e+10,10572.2,44,12.9424,10,0.0987116
837,3.51844e+13,6.71508e+10,11782.8,45,13.2559,10,0.100724
838,8.79609e+12,5.90959e+10,15050.2,43,14.6377,11,0.111043
839,7.03687e+13,9.79448e+10,19706.2,46,15.2676,12,0.113466
840,1.75922e+13,7.95581e+10,5802.82,44,13.3223,8,0.102528
841,1.75922e+13,3.02108e+10,7256.07,44,13.3311,8,0.10245
842,3.51844e+13,8.97146e+10,7052.67,45,13.1777,8,0.101355
843,2.19902e+12,1.41254e+10,7042.23,41,12.9395,8,0.102077
844,3.51844e+13,7.54224e+10,7385.24,45,12.9961,9,0.0989634
845,8.79609e+12,3.44529e+10,9501.69,43,13.3496,9,0.104997
846,1.40737e+14,1.51668e+11,7819.61,47,12.7314,9,0.100659
847,8.79609e+12,4.0521e+10,2658.83,43,11.1709,5,0.0919641
848,7.03687e+13,1.22966e+11,3238.09,46,11.4375,6,0.0924267
849,1.40737e+14,1.71175e+11,3558.11,47,11.7236,6,0.0936382
850,1.75922e+13,5.55376e+10,4756.33,44,11.5791,7,0.0927634
851,7.03687e+13,1.51518e+11,5196.23,46,11.6514,7,0.0931726
852,3.51844e+13,1.40766e+11,4113.41,45,12.0742,6,0.0939775
853,7.03687e+13,1.30264e+11,4379.45,46,12.0469,7,0.0933406
854,8.79609e+12,4.28146e+10,6363.06,43,12.3574,8,0.0956715
855,1.40737e+14,1.72072e+11,6363.06,47,12.0938,8,0.0954162
856,3.51844e+13,5.6754e+10,5623.83,45,12.0049,7,0.0950835
857,3.51844e+13,9.84792e+10,6718.19,45,11.8594,8,0.0909306
858,1.75922e+13,5.31961e+10,7429.74,44,12.3115,8,0.09613
859,1.75922e+13,4.3403e+10,7557.96,44,12.8506,8,0.0990664
860,7.03687e+13,1.36712e+11,10303.2,46,14.3984,10,0.106488
861,3.51844e+13,1.76429e+11,12320.3,45,14.7354,10,0.112031
862,1.40737e+14,2.26195e+11,19784,47,15.6758,12,0.117106
863,7.03687e+13,1.54854e+11,92240.9,46,17.499,16,0.127238
864,3.51844e+13,7.86063e+10,55915.9,45,16.6699,15,0.11889
865,3.51844e+13,1.2553e+11,162885,45,17.8877,17,0.127988
866,3.51844e+13,1.58134e+11,95152.2,45,17.2393,16,0.122219
867,1.40737e+14,3.93622e+11,56719.8,47,16.6865,15,0.123386
868,2.81475e+14,4.53595e+11,55296.6,48,16.6768,15,0.123191
869,2.81475e+14,4.8258e+11,94291.1,48,17.2402,16,0.125045
870,3.51844e+13,7.42718e+10,160515,45,17.2686,17,0.124495
871,7.03687e+13,2.3726e+11,58785.8,46,17.207,15,0.126156
872,3.51844e+13,9.83804e+10,297430,45,17.8359,18,0.128154
873,7.03687e+13,1.34248e+11,93906.4,46,17.4424,16,0.125418
874,8.79609e+12,4.39109e+10,1.08672e+06,43,18.127,20,0.133534
875,3.51844e+13,1.92164e+11,58271.4,45,17.1426,15,0.122221
876,3.51844e+13,1.18575e+11,163538,45,17.6211,17,0.127396
877,1.40737e+14,4.38556e+11,160408,47,17.584,17,0.127181
878,1.75922e+13,7.68644e+10,91140.8,44,17.1523,16,0.126603
879,7.03687e+13,1.76086e+11,92682.7,46,16.9131,16,0.124536
880,3.51844e+13,8.29683e+10,163344,45,17.7773,17,0.130571
881,2.81475e+14,7.41029e+11,1.08625e+06,48,18.5615,20,0.132656
882,3.51844e+13,1.08182e+11,299445,45,18.127,18,0.132893
883,2.2518e+15,2.34776e+12,560632,51,18.292,19,0.13851
884,7.03687e+13,1.74888e+11,162984,46,17.5703,17,0.126538
885,1.1259e+15,1.16619e+12,37631.3,50,16.3398,14,0.124922
886,2.2518e+15,2.42056e+12,2.14079e+06,51,19.8799,21,0.14607
887,7.03687e+13,3.09096e+11,8.44651e+06,46,20.3223,23,0.145402
888,7.03687e+13,2.40159e+11,556862,46,18.6924,19,0.142778
889,3.51844e+13,1.6382e+11,2.14419e+06,45,19.8066,21,0.145167
890,1.40737e+14,2.47834e+11,1.08538e+06,47,19.2051,20,0.139146
891,2.81475e+14,5.3172e+11,2.13553e+06,48,19.2588,21,0.140447
892,1.75922e+13,1.3512e+11,292947,44,18.1777,18,0.134252
893,3.51844e+13,1.40732e+11,92901,45,17.7764,16,0.134634
894,7.03687e+13,1.72231e+11,160301,46,18.2471,17,0.137276
895,7.03687e+13,2.42308e+11,296241,46,18.5498,18,0.135902
896,3.51844e+13,1.1902e+11,1.08937e+06,45,19.332,20,0.141797
897,1.40737e+14,2.51503e+11,293952,47,17.8242,18,0.129317
898,1.40737e+14,3.56303e+11,164080,47,17.9375,17,0.131381
899,1.40737e+14,4.27316e+11,162752,47,17.8828,17,0.132341
900,2.81475e+14,3.26384e+11,157910,48,17.5713,17,0.131276
901,3.51844e+13,1.46926e+11,55385.9,45,17.0996,15,0.132682
902,2.81475e+14,4.1522e+11,38073.4,48,16.9043,14,0.127002
903,2.81475e+14,4.00878e+11,20603.6,48,16.0498,12,0.122263
904,1.75922e+13,1.40459e+11,36107.3,44,16.6934,14,0.12857
905,1.40737e+14,6.29464e+11,35865.5,47,16.7842,14,0.129395
906,2.81475e+14,4.81119e+11,26257.2,48,16.3604,13,0.123178
907,1.75922e+13,1.12464e+11,156610,44,17.6318,17,0.134755
908,7.03687e+13,2.25319e+11,92049.5,46,17.6562,16,0.131119
909,7.03687e+13,2.35517e+11,162852,46,18.3457,17,0.13647
910,7.03687e+13,1.92325e+11,161254,46,17.709,17,0.131197
911,7.03687e+13,3.26125e+11,162385,46,18.1494,17,0.134328
912,5.6295e+14,7.236e+11,89008.9,49,17.3125,16,0.131157
913,1.1259e+15,1.91779e+12,4.24677e+06,50,20.1592,22,0.148875
914,1.40737e+14,6.07727e+11,91953.3,47,17.6719,16,0.132186
915,1.75922e+13,1.26612e+11,558204,44,18.6299,19,0.137354
916,1.1259e+15,1.78062e+12,291799,50,18.6094,18,0.137389
917,2.81475e+14,1.00086e+12,560035,48,19.3584,19,0.143065
918,1.40737e+14,4.43679e+11,2.14163e+06,47,19.5605,21,0.144979
919,1.40737e+14,5.2979e+11,1.08817e+06,47,19.0527,20,0.146697
920,1.1259e+15,2.55641e+12,291258,50,18.3174,18,0.134193
921,2.81475e+14,3.72861e+11,296654,48,18.0283,18,0.135339
922,5.6295e+14,7.78985e+11,558248,49,18.6445,19,0.141433
923,1.75922e+13,1.58835e+11,1.08686e+06,44,19.502,20,0.14356
924,7.03687e+13,2.58459e+11,92620,46,17.7646,16,0.13232
925,2.81475e+14,4.44917e+11,156104,48,18.1436,17,0.132823
926,7.03687e+13,3.01221e+11,4.23862e+06,46,20.4248,22,0.149528
927,5.6295e+14,1.95823e+12,2.14367e+06,49,19.9922,21,0.142671
928,1.75922e+13,1.71735e+11,2.14153e+06,44,19.9199,21,0.145655
929,7.03687e+13,3.22849e+11,1.08808e+06,46,19.416,20,0.144476
930,7.03687e+13,3.59981e+11,558952,46,18.8662,19,0.137511
931,5.6295e+14,9.01433e+11,298259,49,18.6855,18,0.139859
932,2.81475e+14,8.41562e+11,298009,48,19.1025,18,0.139039
933,1.40737e+14,4.48621e+11,58113.9,47,17.4355,15,0.130892
934,1.1259e+15,1.97176e+12,93393.5,50,17.9756,16,0.135644
935,1.40737e+14,5.10699e+11,292417,47,18.4805,18,0.137451
936,1.40737e+14,3.36435e+11,55681.6,47,17.2471,15,0.126898
937,2.81475e+14,6.2308e+11,560206,48,18.7266,19,0.137474
938,1.40737e+14,3.06773e+11,295747,47,18.5127,18,0.136082
939,1.40737e+14,4.71062e+11,52240,47,17.3916,15,0.131326
940,1.40737e+14,5.22377e+11,94897.9,47,18.0273,16,0.133821
941,7.03687e+13,4.85923e+11,90241.4,46,17.7959,16,0.131778
942,2.81475e+14,7.392e+11,296316,48,18.1211,18,0.136871
943,5.6295e+14,8.55708e+11,297539,49,18.6836,18,0.136989
944,2.81475e+14,5.9661e+11,1.09383e+06,48,19.0947,20,0.140557
945,5.6295e+14,1.46307e+12,2.13943e+06,49,19.5576,21,0.145605
946,5.6295e+14,1.26904e+12,1.09449e+06,49,19.2383,20,0.14235
947,1.40737e+14,5.92962e+11,162250,47,18.5811,17,0.138286
948,5.6295e+14,8.09958e+11,38597.6,49,17.2637,14,0.131847
949,1.1259e+15,1.72504e+12,162216,50,18.667,17,0.138378
950,2.81475e+14,7.80634e+11,161289,48,18.5391,17,0.136813
951,1.1259e+15,1.60879e+12,162114,50,18.3223,17,0.135831
952,1.1259e+15,1.50419e+12,8.4414e+06,50,20.9805,23,0.150526
953,1.1259e+15,1.91335e+12,6.71795e+07,50,21.9893,26,0.155705
954,2.2518e+15,2.993e+12,1.68433e+07,51,21.6201,24,0.161551
955,1.40737e+14,6.10694e+11,6.71827e+07,47,22.915,26,0.164455
956,5.6295e+14,1.60753e+12,2.13278e+06,49,19.7793,21,0.143472
957,2.81475e+14,9.02038e+11,8.44624e+06,48,20.9912,23,0.151544
958,2.81475e+14,1.10457e+12,3.36212e+07,48,22.1689,25,0.163071
959,4.5036e+15,5.71407e+12,6.71799e+07,52,22.7559,26,0.169435
960,1.1259e+15,2.24604e+12,2.68516e+08,50,23.4873,28,0.171167
961,2.2518e+15,4.30482e+12,2.68517e+08,51,23.5645,28,0.172143
962,4.5036e+15,8.35172e+12,2.68512e+08,52,22.9795,28,0.170031
963,2.2518e+15,4.41041e+12,2.68513e+08,51,23.2744,28,0.169775
964,5.6295e+14,1.79402e+12,6.71789e+07,49,22.1055,26,0.1627
965,4.5036e+15,8.32314e+12,2.68506e+08,52,22.6914,28,0.165158
966,2.2518e+15,4.09985e+12,5.36952e+08,51,24.0303,29,0.171815
967,1.1259e+15,2.22802e+12,2.68512e+08,50,22.8086,28,0.166717
968,5.6295e+14,2.52809e+12,3.36219e+07,49,21.5527,25,0.156096
969,1.1259e+15,2.32999e+12,6.71814e+07,50,22.2148,26,0.162491
970,4.5036e+15,1.22961e+13,2.68518e+08,52,23.6211,28,0.16817
971,2.2518e+15,2.89481e+12,5.36954e+08,51,23.5732,29,0.169675
972,2.81475e+14,1.19343e+12,2.68517e+08,48,23.2021,28,0.169734
973,2.2518e+15,5.04633e+12,6.71767e+07,51,21.8574,26,0.159367
974,2.81475e+14,1.1274e+12,1.34291e+08,48,22.6982,27,0.164309
975,1.1259e+15,3.14949e+12,1.34287e+08,50,22.5898,27,0.167654
976,2.2518e+15,4.17948e+12,1.34293e+08,51,22.5059,27,0.165211
977,4.5036e+15,1.40282e+13,1.34293e+08,52,22.7334,27,0.166727
978,7.20576e+16,7.45388e+13,2.68509e+08,56,22.7773,28,0.168355
979,9.0072e+15,1.65931e+13,1.07381e+09,53,25.1357,30,0.184137
980,4.61169e+18,4.51862e+15,5.36949e+08,62,24.2314,29,0.17885
981,1.80144e+16,4.36387e+13,2.68516e+08,54,24.4053,28,0.18323
982,4.61169e+18,4.7036e+15,1.343e+08,62,23.8682,27,0.179399
983,4.61169e+18,5.88141e+15,1.07383e+09,62,25.8008,30,0.199748
984,2.8823e+17,4.9493e+14,2.68524e+08,58,24.9863,28,0.188606
985,3.60288e+16,8.48822e+13,5.3695e+08,55,24.4658,29,0.187882
986,1.15292e+18,1.49596e+15,5.36955e+08,60,25.5928,29,0.194916
987,5.76461e+17,9.28138e+14,4.29507e+09,59,27.1035,32,0.207675
988,2.8823e+17,8.29981e+14,2.14759e+09,58,27.1846,31,0.207291
989,1.44115e+17,3.6518e+14,5.36953e+08,57,26.084,29,0.199314
990,2.30584e+18,2.40766e+15,5.36961e+08,61,26.1641,29,0.198793
991,9.22337e+18,1.04045e+16,5.36952e+08,63,26.9727,29,0.205222
992,2.30584e+18,3.82048e+15,4.29506e+09,61,29.0889,32,0.221569
993,1.15292e+18,2.60325e+15,2.14758e+09,60,28.751,31,0.21968
994,2.8823e+17,1.04477e+15,4.29506e+09,58,29.0615,32,0.220743
995,2.30584e+18,3.3803e+15,1.07383e+09,61,26.5195,30,0.201267
996,5.76461e+17,1.22979e+15,2.14758e+09,59,28.0283,31,0.216201
997,2.30584e+18,4.1623e+15,8.59003e+09,61,28.5791,33,0.219255
998,1.84467e+19,2.3559e+16,1.07383e+09,64,26.5557,30,0.206812
999,9.22337e+18,9.20443e+15,4.29507e+09,63,27.4932,32,0.212315
1000,4.61169e+18,5.37473e+15,5.36959e+08,62,27.7861,29,0.212766
1001,1.18059e+21,1.15572e+18,8.59003e+09,70,29.1621,33,0.231861
1002,2.95148e+20,2.93157e+17,3.43598e+10,68,31.0684,35,0.239127
1003,9.22337e+18,1.58143e+16,1.718e+10,63,29.7295,34,0.229108
1004,2.30584e+18,3.34115e+15,2.14758e+09,61,27.5371,31,0.211183
1005,7.3787e+19,9.79427e+16,1.718e+10,66,30.4287,34,0.233747
1006,5.76461e+17,1.77649e+15,4.29508e+09,59,29.2246,32,0.224451
1007,2.30584e+18,5.30935e+15,8.59004e+09,61,28.9512,33,0.224083
1008,1.84467e+19,2.0525e+16,2.14758e+09,64,27.5508,31,0.213173
1009,2.30584e+18,4.0428e+15,4.29506e+09,61,28.583,32,0.221997
1010,1.47574e+20,1.4703e+17,2.14759e+09,67,28.5977,31,0.219061
1011,1.84467e+19,2.52793e+16,6.87196e+10,64,31.3457,36,0.244229
1012,9.22337e+18,1.17696e+16,3.43599e+10,63,29.5801,35,0.227758
1013,3.68935e+19,4.57728e+16,4.29506e+09,65,26.748,32,0.210372
1014,5.76461e+17,2.89982e+15,6.87196e+10,59,31.543,36,0.245445
1015,2.30584e+18,5.98397e+15,3.43598e+10,61,29.7539,35,0.229741
1016,4.61169e+18,7.46631e+15,3.43599e+10,62,29.834,35,0.234349
1017,4.61169e+18,8.05392e+15,4.29505e+09,62,27.1641,32,0.209993
1018,1.15292e+18,4.61976e+15,2.14757e+09,60,27.3535,31,0.212862
1019,3.68935e+19,3.85577e+16,8.59003e+09,65,28.0117,33,0.225055
1020,1.84467e+19,2.02281e+16,2.6851e+08,64,24.292,28,0.190248
1021,2.36118e+21,2.52149e+18,1.718e+10,71,29.0762,34,0.231048
1022,1.47574e+20,3.02813e+17,1.718e+10,67,29.9902,34,0.236324
1023,9.22337e+18,1.5581e+16,8.59005e+09,63,28.708,33,0.224368
1024,4.61169e+18,6.904e+15,8.59003e+09,62,28.5254,33,0.223606
1025,7.3787e+19,7.39119e+16,8.59005e+09,66,28.876,33,0.225152
1026,9.22337e+18,1.55781e+16,6.87196e+10,63,32.7637,36,0.255915
1027,1.47574e+20,1.45542e+17,1.718e+10,67,28.9883,34,0.227184
1028,1.84467e+19,2.23129e+16,6.87196e+10,64,31.166,36,0.24279
1029,3.68935e+19,6.1622e+16,3.43598e+10,65,30.0889,35,0.237184
1030,9.22337e+18,2.25825e+16,3.43598e+10,63,30.5752,35,0.237694
1031,1.88895e+22,1.84538e+19,1.718e+10,74,29.1582,34,0.232208
1032,5.90296e+20,1.17946e+18,1.37439e+11,69,32.3887,37,0.253884
1033,9.44473e+21,9.43502e+18,6.87196e+10,73,31.2686,36,0.247962
1034,1.18059e+21,1.26194e+18,1.37439e+11,70,32.9092,37,0.259373
1035,2.95148e+20,3.8772e+17,3.43598e+10,68,30.6357,35,0.24066
1036,1.18059e+21,1.27655e+18,4.29506e+09,70,28.1328,32,0.222068
1037,4.61169e+18,1.60588e+16,2.14758e+09,62,28.4834,31,0.226527
1038,2.95148e+20,6.62023e+17,4.29506e+09,68,28.3242,32,0.225377
1039,1.84467e+19,5.05164e+16,1.718e+10,64,30.4346,34,0.242178
1040,5.90296e+20,5.96835e+17,3.43598e+10,69,30.5889,35,0.245787
1041,3.68935e+19,8.08806e+16,1.37439e+11,65,32.335,37,0.259293
1042,5.90296e+20,7.31312e+17,1.37439e+11,69,31.9736,37,0.252902
1043,1.47574e+20,2.03223e+17,6.87196e+10,67,31.1846,36,0.249118
1044,1.47574e+20,1.73491e+17,3.43598e+10,67,29.7852,35,0.243406
1045,1.88895e+22,1.84884e+19,1.718e+10,74,29.375,34,0.237734
1046,1.47574e+20,1.65645e+17,6.87196e+10,67,31.8418,36,0.252975
1047,1.47574e+20,2.35372e+17,8.59004e+09,67,27.7549,33,0.230783
1048,3.68935e+19,6.50773e+16,6.87196e+10,65,30.8057,36,0.248101
1049,1.18059e+21,1.27131e+18,6.87196e+10,70,31.9131,36,0.260575
1050,1.88895e+22,2.09419e+19,5.49756e+11,74,34.665,39,0.278531
1051,9.44473e+21,9.89154e+18,1.37439e+11,73,33.1768,37,0.264172
1052,3.77789e+22,3.70586e+19,2.74878e+11,75,33.0811,38,0.266332
1053,5.90296e+20,1.10431e+18,5.49756e+11,69,34.4424,39,0.274758
1054,3.68935e+19,1.10897e+17,6.87196e+10,65,32.1104,36,0.258161
1055,2.36118e+21,3.61964e+18,1.37439e+11,71,33.3975,37,0.269696
1056,9.44473e+21,1.40039e+19,1.37439e+11,73,32.6895,37,0.262856
1057,4.72237e+21,4.71348e+18,1.37439e+11,72,31.7051,37,0.262886
1058,3.68935e+19,1.48663e+17,6.87196e+10,65,31.4678,36,0.254739
1059,1.88895e+22,1.91204e+19,1.37439e+11,74,32.9092,37,0.265603
1060,2.95148e+20,4.1426e+17,3.43599e+10,68,30.6504,35,0.249246
1061,1.84467e+19,8.42054e+16,8.59003e+09,64,27.96,33,0.238147
1062,4.72237e+21,6.11911e+18,1.37439e+11,72,31.877,37,0.26623
1063,1.18059e+21,2.96196e+18,1.718e+10,70,29.6328,34,0.242214
1064,2.36118e+21,3.57689e+18,2.74878e+11,71,33.5449,38,0.272089
1065,7.55579e+22,7.54061e+19,5.49756e+11,76,34.3477,39,0.280613
1066,2.95148e+20,6.94059e+17,3.43599e+10,68,32.3262,35,0.260998
1067,2.95148e+20,4.34343e+17,1.37439e+11,68,32.8525,37,0.271865
1068,4.72237e+21,4.71163e+18,5.49756e+11,72,34.6826,39,0.279613
1069,5.90296e+20,1.17109e+18,1.09951e+12,69,36.6016,40,0.299747
1070,7.92282e+28,7.73713e+25,5.49756e+11,96,35.1436,39,0.28899
1071,9.44473e+21,1.23012e+19,1.09951e+12,73,36.0947,40,0.297018
1072,4.72237e+21,5.63576e+18,1.09951e+12,72,36.5664,40,0.296575
1073,3.77789e+22,3.85967e+19,5.49756e+11,75,34.623,39,0.282768
1074,3.77789e+22,5.92904e+19,5.49756e+11,75,35.7725,39,0.291803
1075,2.95148e+20,6.99837e+17,1.09951e+12,68,36.6963,40,0.300604
1076,1.88895e+22,3.99297e+19,5.49756e+11,74,35.9238,39,0.292842
1077,1.51116e+23,1.58871e+20,5.49756e+11,77,34.084,39,0.284233
1078,7.55579e+22,8.73064e+19,5.49756e+11,76,35.1484,39,0.287831
1079,4.72237e+21,9.56152e+18,1.37439e+11,72,33.668,37,0.278018
1080,5.90296e+20,1.25355e+18,2.74878e+11,69,33.6064,38,0.28317
1081,2.36118e+21,4.43999e+18,1.37439e+11,71,33.832,37,0.286188
1082,4.8357e+24,4.78303e+21,6.87196e+10,82,33.4443,36,0.281972
1083,1.18059e+21,2.49598e+18,5.49756e+11,70,35.335,39,0.29993
1084,4.8357e+24,4.72533e+21,2.74878e+11,82,33.9795,38,0.284589
1085,1.54743e+26,1.51459e+23,6.87196e+10,87,33.3164,36,0.28842
1086,1.23794e+27,1.20896e+24,2.74878e+11,90,36.0352,38,0.310168
1087,6.04463e+23,1.01913e+21,2.74878e+11,79,35.1719,38,0.306045
1088,7.92282e+28,7.73714e+25,1.37439e+11,96,32.9658,37,0.283103
1089,4.72237e+21,1.80109e+19,1.09951e+12,72,36.7393,40,0.314167
1090,9.44473e+21,3.02977e+19,1.09951e+12,73,35.3799,40,0.304481
1091,3.02231e+23,3.77314e+20,1.37439e+11,78,33.249,37,0.283308
1092,4.8357e+24,4.88287e+21,2.74878e+11,82,34.1602,38,0.294506
1093,3.77789e+22,3.85953e+19,8.59003e+09,75,29.5156,33,0.259732
1094,2.41785e+24,2.66749e+21,3.43598e+10,81,31.0547,35,0.275081
1095,1.88895e+22,2.1056e+19,1.68219e+07,74,26.5127,24,0.226971
1096,3.77789e+22,7.81083e+19,1.07382e+09,75,28.6279,30,0.24796
1097,6.04463e+23,6.11772e+20,4.29505e+09,79,29.6377,32,0.263492
1098,1.20893e+24,1.23217e+21,1.37439e+11,80,33.3955,37,0.291766
1099,1.51116e+23,1.96929e+20,4.29507e+09,77,29.999,32,0.263956
1100,3.77789e+22,4.38622e+19,4.29503e+09,75,29.7627,32,0.259409
1101,6.1897e+26,6.04484e+23,5.36942e+08,89,28.0068,29,0.249245
1102,1.88895e+22,3.03525e+19,2.14757e+09,74,29.373,31,0.256312
1103,6.04463e+23,6.60653e+20,2.68501e+08,79,27.5938,28,0.238925
1104,1.20893e+24,1.19667e+21,2.68506e+08,80,26.5664,28,0.231701
1105,4.72237e+21,1.37011e+19,2.14758e+09,72,29.4805,31,0.263993
1106,4.8357e+24,5.33432e+21,2.14758e+09,82,29.3545,31,0.259991
1107,5.90296e+20,1.46881e+18,4.29504e+09,69,29.9219,32,0.266597
1108,7.55579e+22,1.47338e+20,8.59004e+09,76,31.4404,33,0.27659
1109,3.86856e+25,3.87268e+22,6.87196e+10,85,33.126,36,0.290095
1110,9.44473e+21,2.7803e+19,3.43598e+10,73,31.8848,35,0.285662
1111,9.44473e+21,1.99381e+19,3.43598e+10,73,31.7617,35,0.278875
1112,4.72237e+21,1.03172e+19,1.718e+10,72,31.5557,34,0.274971
1113,1.51116e+23,2.39894e+20,1.718e+10,77,31.6338,34,0.278487
1114,9.44473e+21,1.77443e+19,8.59002e+09,73,30.96,33,0.281467
1115,6.04463e+23,6.59044e+20,1.718e+10,79,32.0439,34,0.289327
1116,3.02231e+23,3.35147e+20,3.43598e+10,78,33.3682,35,0.300619
1117,1.88895e+22,5.08543e+19,3.43598e+10,74,32.5039,35,0.29163
1118,1.51116e+23,2.16399e+20,1.07382e+09,77,29.2119,30,0.266351
1119,7.55579e+22,1.38534e+20,6.87196e+10,76,32.8135,36,0.29737
1120,2.41785e+24,3.96235e+21,6.87196e+10,81,31.9209,36,0.29021
1121,7.55579e+22,2.83408e+20,3.43599e+10,76,32.1816,35,0.292326
1122,2.41785e+24,3.71845e+21,1.37439e+11,81,33.4395,37,0.301582
1123,9.67141e+24,1.03655e+22,1.718e+10,83,31.251,34,0.28796
1124,2.41785e+24,5.18433e+21,3.43598e+10,81,31.9375,35,0.292373
1125,2.41785e+24,3.58406e+21,1.718e+10,81,32.2646,34,0.29747
1126,2.47588e+27,2.41867e+24,6.87196e+10,91,34.3975,36,0.315362
1127,4.8357e+24,5.33277e+21,1.37439e+11,82,33.7363,37,0.313411
1128,4.8357e+24,5.95211e+21,6.87196e+10,82,33.1182,36,0.306184
1129,4.8357e+24,5.04917e+21,8.59002e+09,82,31.2812,33,0.292278
1130,6.1897e+26,6.0802e+23,1.37439e+11,89,34.8574,37,0.324792
1131,3.02231e+23,5.93504e+20,3.43599e+10,78,33.5664,35,0.31509
1132,7.92282e+28,7.73808e+25,1.718e+10,96,32.71,34,0.30659
1133,7.92282e+28,7.74474e+25,1.718e+10,96,33.8506,34,0.316523
1134,4.95176e+27,4.8423e+24,1.37439e+11,92,35.7402,37,0.331483
1135,3.86856e+25,4.97849e+22,2.74878e+11,85,36.3887,38,0.340194
1136,1.20893e+24,2.07044e+21,5.49756e+11,80,36.4609,39,0.340618
1137,1.54743e+26,1.52329e+23,1.37439e+11,87,36.3877,37,0.340061
1138,2.41785e+24,3.10903e+21,5.49756e+11,81,36.6523,39,0.34094
1139,1.20893e+24,1.67177e+21,4.29503e+09,80,31.6357,32,0.295353
1140,9.67141e+24,1.80909e+22,2.74878e+11,83,35.5527,38,0.335986
1141,1.23794e+27,1.24912e+24,6.87196e+10,90,33.7949,36,0.322005
1142,7.92282e+28,7.74661e+25,1.718e+10,96,33.1064,34,0.308938
1143,1.54743e+26,1.9518e+23,1.718e+10,87,33.2666,34,0.314307
1144,3.96141e+28,3.8689e+25,4.29506e+09,95,31.3125,32,0.306116
1145,3.09485e+26,3.243e+23,6.87196e+10,88,33.7979,36,0.322549
1146,7.73713e+25,8.09397e+22,8.59003e+09,86,30.4678,33,0.285662
1147,1.23794e+27,1.21527e+24,1.71799e+10,90,32.2617,34,0.304878
1148,9.90352e+27,1.03254e+25,1.37439e+11,93,34.9414,37,0.329438
1149,1.54743e+26,1.59532e+23,2.68505e+08,87,28.292,28,0.26877
1150,1.23794e+27,1.83491e+24,1.37439e+11,90,34.3906,37,0.321029
1151,1.9807e+28,1.93545e+25,6.87196e+10,94,33.3477,36,0.323852
1152,1.93428e+25,2.17421e+22,6.87196e+10,84,33.5781,36,0.322885
1153,7.92282e+28,1.18562e+26,6.87196e+10,96,32.9756,36,0.311444
1154,9.67141e+24,1.16778e+22,6.87196e+10,83,33.3691,36,0.309774
1155,2.47588e+27,3.06695e+24,6.87196e+10,91,33.3105,36,0.30969
1156,7.92282e+28,8.22169e+25,1.37439e+11,96,34.9814,37,0.3296
1157,4.8357e+24,7.29401e+21,5.49756e+11,82,35.834,39,0.330178
1158,3.09485e+26,3.28457e+23,5.49756e+11,88,35.8545,39,0.330294
1159,7.92282e+28,1.57768e+26,1.09951e+12,96,37.958,40,0.357565
1160,4.95176e+27,4.85599e+24,6.87196e+10,92,34.1846,36,0.331965
1161,6.1897e+26,7.7789e+23,1.09951e+12,89,38.751,40,0.356996
1162,3.96141e+28,3.9983e+25,8.79609e+12,95,40.0518,43,0.374727
1163,7.92282e+28,7.74201e+25,8.79609e+12,96,40.5322,43,0.376155
1164,7.92282e+28,7.73762e+25,1.75922e+13,96,41.6914,44,0.382852
1165,6.1897e+26,6.47696e+23,3.51844e+13,89,42.6289,45,0.390522
1166,1.93428e+25,1.91787e+22,2.19902e+12,84,38.7744,41,0.3584
1167,3.86856e+25,4.2984e+22,1.75922e+13,85,41.5283,44,0.389554
1168,9.67141e+24,1.60054e+22,2.19902e+12,83,38.2725,41,0.354123
1169,3.86856e+25,9.59089e+22,1.09951e+12,85,37.6631,40,0.351192
1170,1.23794e+27,1.2105e+24,6.87196e+10,90,33.7422,36,0.317788
1171,7.92282e+28,1.54895e+26,2.74878e+11,96,36.9346,38,0.34728
1172,6.1897e+26,6.07451e+23,2.74878e+11,89,36.7812,38,0.352522
1173,7.73713e+25,1.32795e+23,1.37439e+11,86,35.7578,37,0.339987
1174,1.23794e+27,1.83062e+24,1.37439e+11,90,35.8359,37,0.344201
1175,1.23794e+27,1.30065e+24,2.74878e+11,90,36.0557,38,0.345667
1176,6.04463e+23,7.58143e+20,1.37439e+11,79,34.7188,37,0.332751
1177,3.02231e+23,9.77277e+20,6.87196e+10,78,32.752,36,0.313228
1178,9.90352e+27,9.76935e+24,3.43598e+10,93,34.3535,35,0.326541
1179,9.67141e+24,2.29471e+22,6.87196e+10,83,35.1064,36,0.341548
1180,3.09485e+26,3.84699e+23,1.37439e+11,88,35.1162,37,0.330777
1181,7.92282e+28,7.74556e+25,5.49756e+11,96,36.7471,39,0.345838
1182,4.95176e+27,4.86859e+24,1.37439e+11,92,36.8711,37,0.349844
1183,7.92282e+28,7.7452e+25,3.43598e+10,96,34.3896,35,0.3281
1184,7.92282e+28,7.75254e+25,8.59002e+09,96,31.2666,33,0.308652
1185,1.23794e+27,1.25246e+24,8.59001e+09,90,31.7041,33,0.30736
1186,6.04463e+23,2.13042e+21,1.71799e+10,79,32.4541,34,0.31527
1187,7.92282e+28,9.67191e+25,4.29505e+09,96,32.3477,32,0.317806
1188,3.86856e+25,6.76823e+22,1.718e+10,85,33.6426,34,0.321762
1189,2.47588e+27,2.87486e+24,2.14754e+09,91,30.8643,31,0.306964
1190,1.54743e+26,3.6269e+23,2.14756e+09,87,31.6143,31,0.306698
1191,6.1897e+26,7.62376e+23,1.07381e+09,89,30.1338,30,0.292433
1192,7.92282e+28,7.73908e+25,2.68495e+08,96,28.2139,28,0.265753
1193,7.73713e+25,8.54312e+22,1.34268e+08,86,28.207,27,0.270698
1194,1.23794e+27,1.36406e+24,4.29505e+09,90,32.668,32,0.308045
1195,7.92282e+28,7.7471e+25,1.37439e+11,96,34.3271,37,0.324996
1196,3.86856e+25,6.93079e+22,5.49756e+11,85,36.4541,39,0.344608
1197,4.95176e+27,4.98075e+24,3.43598e+10,92,31.7285,35,0.300533
1198,1.54743e+26,3.12391e+23,5.36942e+08,87,27.8369,29,0.267104
1199,6.1897e+26,7.7746e+23,4.29506e+09,89,29.7734,32,0.289441
1200,9.90352e+27,9.76942e+24,6.87196e+10,93,32.9297,36,0.313377
1201,1.20893e+24,8.38124e+21,8.59003e+09,80,30.874,33,0.297503
1202,1.9807e+28,2.9344e+25,3.43598e+10,94,32.6133,35,0.312268
1203,7.92282e+28,1.55342e+26,6.87196e+10,96,32.4971,36,0.309031
1204,2.47588e+27,2.62504e+24,3.43598e+10,91,31.7705,35,0.304393
1205,1.93428e+25,4.30467e+22,5.49756e+11,84,36.2686,39,0.341782
1206,7.92282e+28,7.75861e+25,5.49756e+11,96,35.7852,39,0.349755
1207,7.92282e+28,8.04507e+25,2.74878e+11,96,36.1689,38,0.346765
1208,1.54743e+26,2.28351e+23,5.49756e+11,87,36.3184,39,0.34071
1209,7.92282e+28,7.74164e+25,5.49756e+11,96,35.8926,39,0.337212
1210,1.54743e+26,1.52265e+23,3.43598e+10,87,32.7217,35,0.306658
1211,1.9807e+28,2.13101e+25,2.74878e+11,94,35.625,38,0.332614
1212,7.92282e+28,7.979e+25,5.49756e+11,96,36.1123,39,0.338766
1213,3.09485e+26,3.25241e+23,2.74878e+11,88,33.4238,38,0.320474
1214,2.47588e+27,2.49746e+24,5.49756e+11,91,35.1426,39,0.331551
1215,7.92282e+28,7.78333e+25,1.37439e+11,96,32.2266,37,0.303599
1216,3.09485e+26,3.19203e+23,1.37439e+11,88,32.0664,37,0.301972
1217,1.20893e+24,2.91682e+21,1.37439e+11,80,33.6055,37,0.328133
1218,3.09485e+26,5.00201e+23,2.74878e+11,88,34.2676,38,0.324052
1219,7.92282e+28,7.82811e+25,1.09951e+12,96,37.1445,40,0.353175
1220,3.86856e+25,9.54815e+22,5.49756e+11,85,36.6191,39,0.343224
1221,1.23794e+27,1.51561e+24,2.74878e+11,90,35.0654,38,0.330223
1222,4.95176e+27,5.21891e+24,6.87196e+10,92,33.2188,36,0.321169
1223,3.09485e+26,3.19378e+23,1.37439e+11,88,33.5586,37,0.319487
1224,3.09485e+26,3.04684e+23,2.19902e+12,88,37.6484,41,0.355902
1225,2.47588e+27,2.41909e+24,2.74878e+11,91,35.9453,38,0.336678
1226,2.47588e+27,2.49832e+24,1.718e+10,91,32.4473,34,0.305565
1227,4.8357e+24,5.17143e+21,1.37439e+11,82,34.6631,37,0.333162
1228,1.54743e+26,1.54949e+23,3.43598e+10,87,33.6846,35,0.322675
1229,7.73713e+25,1.4739e+23,5.49756e+11,86,37.0605,39,0.35384
1230,7.92282e+28,7.79786e+25,1.37439e+11,96,34.9863,37,0.329817
1231,9.67141e+24,1.28128e+22,1.37439e+11,83,35.7412,37,0.343245
1232,7.92282e+28,7.73923e+25,2.74878e+11,96,35.9453,38,0.336799
1233,4.95176e+27,6.08648e+24,6.87196e+10,92,34.0615,36,0.324009
1234,7.73713e+25,9.96921e+22,6.87196e+10,86,34.2148,36,0.320665
1235,6.1897e+26,6.09431e+23,1.37439e+11,89,34.3506,37,0.325326
1236,2.47588e+27,2.5159e+24,5.49756e+11,91,36.8262,39,0.346307
1237,7.73713e+25,1.35673e+23,1.37439e+11,86,35.0693,37,0.333207
1238,7.92282e+28,7.75249e+25,1.718e+10,96,32.7773,34,0.313125
1239,1.54743e+26,3.88157e+23,1.37439e+11,87,34.499,37,0.32594
1240,6.1897e+26,6.07559e+23,4.29504e+09,89,30.834,32,0.299434
1241,7.92282e+28,8.05552e+25,6.87196e+10,96,33.1318,36,0.311428
1242,7.92282e+28,7.79778e+25,4.29505e+09,96,29.4199,32,0.28115
1243,6.1897e+26,6.06061e+23,3.43598e+10,89,32.8682,35,0.313599
1244,7.92282e+28,8.70547e+25,6.87196e+10,96,33.6475,36,0.318666
1245,6.1897e+26,9.40283e+23,1.07383e+09,89,30.1006,30,0.284188
1246,1.93428e+25,3.41032e+22,1.718e+10,84,33.0264,34,0.314633
1247,6.1897e+26,6.24013e+23,1.718e+10,89,32.7021,34,0.306333
1248,1.23794e+27,1.81488e+24,1.718e+10,90,32.3711,34,0.303979
1249,1.54743e+26,3.08592e+23,3.43598e+10,87,33.1318,35,0.311587
1250,7.92282e+28,7.73777e+25,3.43598e+10,96,31.7549,35,0.301096
1251,9.90352e+27,1.21004e+25,2.74878e+11,93,35.3584,38,0.328421
1252,7.92282e+28,1.54744e+26,1.09951e+12,96,36.1562,40,0.338824
1253,7.73713e+25,1.32713e+23,2.74878e+11,86,34.583,38,0.32593
1254,7.92282e+28,7.76929e+25,1.718e+10,96,31.6934,34,0.300633
1255,7.92282e+28,7.74267e+25,5.49756e+11,96,36.251,39,0.338817
1256,7.73713e+25,9.96333e+22,1.09951e+12,86,36.292,40,0.341575
1257,7.92282e+28,7.74568e+25,1.718e+10,96,31.8232,34,0.303908
1258,7.92282e+28,8.22292e+25,1.37439e+11,96,33.5029,37,0.314681
1259,7.92282e+28,7.75258e+25,2.74878e+11,96,34.5176,38,0.326667
1260,7.92282e+28,7.74685e+25,1.37439e+11,96,34.4668,37,0.326565
1261,3.09485e+26,3.55127e+23,2.74878e+11,88,34.6719,38,0.322328
1262,7.73713e+25,9.5479e+22,6.87196e+10,86,33.3027,36,0.318466
1263,1.54743e+26,1.9334e+23,3.43598e+10,87,32.4258,35,0.3033
1264,2.47588e+27,2.72665e+24,1.718e+10,91,31.5273,34,0.293024
1265,7.73713e+25,7.96427e+22,3.43599e+10,86,33.3877,35,0.315667
1266,2.47588e+27,2.50788e+24,1.37439e+11,91,36.0156,37,0.336605
1267,7.92282e+28,7.80526e+25,2.74878e+11,96,36.7842,38,0.347405
1268,7.92282e+28,3.095e+26,6.87196e+10,96,33.374,36,0.309865
1269,9.67141e+24,1.63056e+22,3.43598e+10,83,33.2354,35,0.313317
1270,7.92282e+28,7.82987e+25,2.14757e+09,96,29.7031,31,0.283391
1271,7.92282e+28,7.75329e+25,1.718e+10,96,30.8145,34,0.287491
1272,7.92282e+28,7.79832e+25,1.07381e+09,96,28.6426,30,0.270751
1273,6.04463e+23,1.18889e+21,2.68494e+08,79,28.4385,28,0.271376
1274,7.92282e+28,7.97894e+25,2.68495e+08,96,28.0146,28,0.268779
1275,7.92282e+28,7.82995e+25,5.36932e+08,96,29.5332,29,0.285634
1276,7.92282e+28,8.23612e+25,1.07381e+09,96,30.0947,30,0.292029
1277,7.92282e+28,1.55206e+26,2.68513e+08,96,29.3613,28,0.285485
1278,1.93428e+25,2.93763e+22,1.68168e+07,84,26.0459,24,0.255438
1279,9.90352e+27,9.67431e+24,1.34273e+08,93,28.3115,27,0.280646
1280,1.54743e+26,3.1077e+23,553438,87,23.5244,19,0.228922
1281,7.92282e+28,1.55432e+26,1.0787e+06,96,23.8008,20,0.230765
1282,7.92282e+28,2.32354e+26,2.12853e+06,96,24.334,21,0.238338
1283,1.23794e+27,1.30103e+24,1.68158e+07,90,26.3086,24,0.256708
1284,1.54743e+26,2.46602e+23,2.12882e+06,87,24.8057,21,0.240645
1285,1.54743e+26,1.55908e+23,286717,87,22.04,18,0.215441
1286,6.1897e+26,6.47041e+23,286180,89,22.8047,18,0.223317
1287,7.92282e+28,1.59701e+26,83856.3,96,20.7764,16,0.210564
1288,1.20893e+24,1.31647e+21,551717,80,22.5703,19,0.219258
1289,9.67141e+24,1.542e+22,2.14242e+06,83,25.0977,21,0.243108
1290,1.23794e+27,1.43826e+24,559906,90,24.2412,19,0.235405
1291,9.90352e+27,1.11836e+25,1.07932e+06,93,23.167,20,0.227034
1292,7.92282e+28,7.75232e+25,288000,96,23.0176,18,0.226758
1293,3.09485e+26,3.97961e+23,293472,88,22.7812,18,0.223413
1294,3.86856e+25,3.93265e+22,1.34279e+08,85,28.3838,27,0.286627
1295,6.1897e+26,7.23908e+23,33327.3,89,20.5312,14,0.202908
1296,1.93428e+25,2.11733e+22,2.68502e+08,84,29.1367,28,0.281148
1297,4.8357e+24,4.77948e+21,1.34264e+08,82,28.4082,27,0.27699
1298,9.67141e+24,1.07572e+22,1.34273e+08,83,29.5029,27,0.288508
1299,3.09485e+26,3.05008e+23,2.14755e+09,88,31.1504,31,0.298841
1300,9.67141e+24,9.63851e+21,8.4303e+06,83,26.8877,23,0.255992
1301,1.20893e+24,1.41642e+21,5.36934e+08,80,29.5342,29,0.284205
1302,3.09485e+26,4.53526e+23,2.14756e+09,88,30.9209,31,0.31444
1303,1.23794e+27,1.20912e+24,2.68487e+08,90,29.2285,28,0.280034
1304,7.73713e+25,7.81238e+22,5.36953e+08,86,30.293,29,0.289656
1305,4.72237e+21,2.75279e+19,3.36046e+07,72,27.2969,25,0.267037
1306,7.92282e+28,7.73905e+25,6.71768e+07,96,28.4639,26,0.272378
1307,1.51116e+23,5.31942e+20,5.36949e+08,77,29.9238,29,0.298601
1308,7.92282e+28,1.54765e+26,2.68495e+08,96,29.71,28,0.284836
1309,7.73713e+25,1.04539e+23,6.71662e+07,86,29.3076,26,0.281258
1310,1.54743e+26,1.66835e+23,2.68498e+08,87,29.8506,28,0.288461
1311,7.92282e+28,1.57201e+26,2.68488e+08,96,29.6748,28,0.283749
1312,6.1897e+26,6.8203e+23,1.07382e+09,89,31.1514,30,0.29818
1313,7.92282e+28,7.92054e+25,2.68505e+08,96,30.6572,28,0.301472
1314,2.41785e+24,4.51861e+21,6.71687e+07,81,28.9766,26,0.279884
1315,1.23794e+27,1.2494e+24,2.13933e+06,90,25.5703,21,0.252816
1316,7.92282e+28,8.73494e+25,4.23557e+06,96,25.9453,22,0.249803
1317,1.23794e+27,1.85782e+24,8.43686e+06,90,26.7676,23,0.265344
1318,6.1897e+26,6.25122e+23,2.13245e+06,89,24.8438,21,0.246956
1319,7.92282e+28,1.55092e+26,4.2399e+06,96,26.5996,22,0.264402
1320,7.92282e+28,7.7998e+25,291799,96,23.9033,18,0.234672
1321,7.92282e+28,9.70358e+25,554798,96,24.0957,19,0.23793
1322,7.92282e+28,2.32267e+26,1.08558e+06,96,25.3584,20,0.253509
1323,7.92282e+28,8.26312e+25,1.08208e+06,96,24.7637,20,0.247331
1324,7.92282e+28,9.00984e+25,2.14158e+06,96,26.124,21,0.258701
1325,7.92282e+28,1.56373e+26,289606,96,23.9873,18,0.239575
1326,3.09485e+26,5.19777e+23,1.08081e+06,88,24.6338,20,0.241463
1327,7.92282e+28,7.77582e+25,1.08253e+06,96,24.7393,20,0.239117
1328,6.1897e+26,6.26053e+23,552916,89,23.3955,19,0.236753
1329,1.88895e+22,9.81656e+19,84653.9,74,20.9883,16,0.213816
1330,1.93428e+25,2.12982e+22,86034.6,84,20.3848,16,0.20277
1331,6.04463e+23,1.25053e+21,549025,79,23.3809,19,0.228432
1332,9.90352e+27,9.97632e+24,2.13343e+06,93,25.1689,21,0.24578
1333,4.95176e+27,6.08428e+24,558160,92,22.8154,19,0.226372
1334,9.67141e+24,1.00274e+22,2.13601e+06,83,25.2129,21,0.247658
1335,7.92282e+28,7.9362e+25,551573,96,25.125,19,0.249196
1336,4.8357e+24,6.74468e+21,558645,82,23.9844,19,0.241693
1337,6.1897e+26,6.14875e+23,88449.5,89,21.5654,16,0.212638
1338,4.95176e+27,4.87363e+24,2.13779e+06,92,25.5508,21,0.254177
1339,3.96141e+28,4.17513e+25,1.68172e+07,95,27.917,24,0.273383
1340,4.95176e+27,7.89634e+24,157645,92,22.9785,17,0.232822
1341,1.9807e+28,1.94807e+25,555631,94,24.5635,19,0.244484
1342,7.73713e+25,1.54637e+23,1.07733e+06,86,25.3203,20,0.251347
1343,7.92282e+28,7.79874e+25,2.12796e+06,96,25.9814,21,0.259237
1344,2.47588e+27,2.83935e+24,6.71549e+07,91,29.7998,26,0.292742
1345,7.92282e+28,9.52154e+25,2.12961e+06,96,26.5684,21,0.264035
1346,4.95176e+27,5.16422e+24,8.43494e+06,92,28.291,23,0.28124
1347,1.93428e+25,5.81259e+22,2.133e+06,84,26.8867,21,0.26634
1348,7.92282e+28,2.32422e+26,555262,96,25.8955,19,0.257691
1349,7.92282e+28,1.35602e+26,3.3597e+07,96,29.4922,25,0.289603
1350,7.92282e+28,7.73924e+25,1.3428e+08,96,29.4502,27,0.299911
1351,7.92282e+28,2.75956e+26,8.59001e+09,96,32.9307,33,0.316355
1352,7.92282e+28,1.56111e+26,4.29506e+09,96,31.6006,32,0.311304
1353,9.67141e+24,2.19476e+22,8.59001e+09,83,33.1367,33,0.320871
1354,7.92282e+28,2.32791e+26,2.14756e+09,96,31.9609,31,0.315162
1355,7.92282e+28,1.54941e+26,1.68343e+07,96,28.9385,24,0.287119
1356,1.54743e+26,1.96424e+23,2.68508e+08,87,30.3359,28,0.293927
1357,7.92282e+28,3.1071e+26,5.36938e+08,96,31.4434,29,0.306668
1358,7.92282e+28,1.61706e+26,1.07381e+09,96,31.4287,30,0.316502
1359,3.96141e+28,8.29064e+25,5.36943e+08,95,31.8359,29,0.305751
1360,7.92282e+28,1.93529e+26,1.07382e+09,96,32.4629,30,0.310501
1361,7.92282e+28,2.39147e+26,2.68506e+08,96,30.8906,28,0.299079
1362,7.92282e+28,2.22502e+26,1.34278e+08,96,29.833,27,0.285451
1363,7.92282e+28,1.19162e+26,2.68486e+08,96,31.1309,28,0.29387
1364,7.92282e+28,3.90254e+26,2.68506e+08,96,31.0742,28,0.300011
1365,7.92282e+28,1.61853e+26,1.07382e+09,96,31.5,30,0.303118
1366,7.92282e+28,2.33683e+26,1.68313e+07,96,28.248,24,0.275907
1367,7.92282e+28,2.33442e+26,3.35904e+07,96,27.5635,25,0.259708
1368,7.92282e+28,1.59675e+26,1.34274e+08,96,29.8691,27,0.286287
1369,4.95176e+27,6.7572e+24,8.43787e+06,92,26.8213,23,0.256696
1370,7.92282e+28,9.86043e+25,1.68326e+07,96,27.9844,24,0.269957
1371,7.92282e+28,2.35751e+26,1.07382e+09,96,30.9824,30,0.290053
1372,7.92282e+28,3.31925e+26,1.07381e+09,96,30.9082,30,0.298709
1373,7.92282e+28,4.06399e+26,6.71722e+07,96,29.4053,26,0.277926
1374,7.92282e+28,3.97769e+26,1.3428e+08,96,29.833,27,0.279931
1375,7.92282e+28,7.81244e+25,4.29506e+09,96,31.7812,32,0.30176
1376,7.92282e+28,4.70103e+26,1.718e+10,96,33.1924,34,0.311829
1377,7.92282e+28,7.81309e+25,8.59e+09,96,32.1553,33,0.303066
1378,7.92282e+28,8.51888e+25,1.71799e+10,96,32.001,34,0.299185
1379,7.92282e+28,1.64969e+26,8.59003e+09,96,32.6855,33,0.303
1380,7.92282e+28,1.61342e+26,3.43599e+10,96,34.3457,35,0.317065
1381,7.92282e+28,2.00915e+26,3.43598e+10,96,33.4932,35,0.316831
1382,7.92282e+28,2.55608e+26,3.43598e+10,96,33.9707,35,0.313764
1383,7.92282e+28,8.82839e+25,4.29504e+09,96,31.9482,32,0.29979
1384,1.23794e+27,2.21158e+24,8.59003e+09,90,33.002,33,0.314867
1385,7.92282e+28,8.04319e+25,1.718e+10,96,32.4277,34,0.299672
1386,7.92282e+28,3.11135e+26,8.59e+09,96,31.4961,33,0.297627
1387,7.92282e+28,8.49394e+25,8.59001e+09,96,31.9385,33,0.295025
1388,3.96141e+28,4.14109e+25,2.14756e+09,95,30.4795,31,0.281438
1389,7.92282e+28,2.41763e+26,1.718e+10,96,33.8535,34,0.312111
1390,7.92282e+28,8.25493e+25,1.07381e+09,96,31.1309,30,0.289196
1391,4.95176e+27,6.36871e+24,6.71664e+07,92,28.8975,26,0.275339
1392,3.96141e+28,3.91634e+25,1.07382e+09,95,31.1133,30,0.292797
1393,7.92282e+28,8.17943e+25,3.36126e+07,96,28.1152,25,0.264325
1394,3.09485e+26,4.50148e+23,1.34277e+08,88,29.9033,27,0.280995
1395,7.92282e+28,1.57223e+26,8.43968e+06,96,26.9775,23,0.254425
1396,7.92282e+28,2.33879e+26,1.68252e+07,96,28.0713,24,0.263596
1397,7.92282e+28,8.10139e+25,5.36941e+08,96,30.3613,29,0.284092
1398,1.9807e+28,3.60968e+25,8.59001e+09,94,33.4346,33,0.312714
1399,7.92282e+28,1.82032e+26,1.07382e+09,96,31.6738,30,0.295302
1400,7.92282e+28,1.54745e+26,6.71702e+07,96,29.2617,26,0.286126
1401,7.92282e+28,1.59686e+26,5.36941e+08,96,30.2842,29,0.282641
1402,4.95176e+27,6.17268e+24,1.34279e+08,92,28.9072,27,0.276438
1403,7.92282e+28,1.01963e+26,2.68499e+08,96,30.6006,28,0.289246
1404,7.92282e+28,7.89654e+25,1.68293e+07,96,27.8291,24,0.25944
1405,7.92282e+28,7.98502e+25,2.13267e+06,96,25.3809,21,0.237702
1406,2.47588e+27,3.22202e+24,2.14756e+09,91,31.8398,31,0.295662
1407,7.92282e+28,8.35169e+25,1.71799e+10,96,32.8486,34,0.307449
1408,7.92282e+28,2.17987e+26,1.718e+10,96,32.4639,34,0.303954
1409,7.92282e+28,1.55346e+26,8.59003e+09,96,32.584,33,0.306339
1410,7.92282e+28,3.90448e+26,8.59e+09,96,32.7939,33,0.307826
1411,3.96141e+28,3.98184e+25,1.07382e+09,95,31.7549,30,0.301616
1412,7.92282e+28,3.20781e+26,1.718e+10,96,33.9062,34,0.325706
1413,7.92282e+28,1.94825e+26,4.29505e+09,96,32.7373,32,0.306752
1414,7.92282e+28,1.18785e+26,6.87196e+10,96,33.9326,36,0.316842
1415,7.92282e+28,1.77144e+26,1.718e+10,96,32.3486,34,0.306975
1416,7.92282e+28,2.51619e+26,3.43598e+10,96,32.9609,35,0.310068
1417,7.92282e+28,1.58325e+26,1.07383e+09,96,31.5068,30,0.304407
1418,7.92282e+28,3.34152e+26,6.87196e+10,96,33.8057,36,0.327288
1419,7.92282e+28,1.62367e+26,1.718e+10,96,33.6045,34,0.322293
1420,7.92282e+28,1.55677e+26,8.59001e+09,96,31.1191,33,0.296096
1421,7.92282e+28,1.84452e+26,8.59002e+09,96,32.4199,33,0.309366
1422,7.92282e+28,1.90536e+26,1.09951e+12,96,37.5186,40,0.365571
1423,7.92282e+28,4.09812e+26,3.43598e+10,96,34.4268,35,0.321668
1424,7.92282e+28,4.96273e+26,2.19902e+12,96,37.5391,41,0.352836
1425,7.92282e+28,1.76985e+26,1.71799e+10,96,34.0234,34,0.322898
1426,7.92282e+28,1.60584e+26,3.43598e+10,96,33.6211,35,0.318273
1427,7.92282e+28,2.68232e+26,1.37439e+11,96,35.4902,37,0.338933
1428,1.9807e+28,5.48793e+25,1.37439e+11,94,35.5303,37,0.332798
1429,7.92282e+28,2.14117e+26,6.87196e+10,96,34.2305,36,0.316818
1430,7.92282e+28,1.17206e+26,1.07382e+09,96,30.8184,30,0.308036
1431,7.92282e+28,4.05745e+26,1.37439e+11,96,36.708,37,0.346603
1432,7.92282e+28,6.60923e+26,2.74878e+11,96,36.9551,38,0.349923
1433,7.92282e+28,1.66636e+26,8.59001e+09,96,33.8027,33,0.322074
1434,7.92282e+28,2.42864e+26,1.71799e+10,96,33.9961,34,0.321013
1435,7.92282e+28,2.62688e+26,2.74878e+11,96,36.4951,38,0.345986
1436,7.92282e+28,2.7275e+26,2.14757e+09,96,31.9561,31,0.30564
1437,7.92282e+28,2.86791e+26,1.71799e+10,96,34.4844,34,0.328753
1438,7.92282e+28,4.05826e+26,8.59001e+09,96,33.6162,33,0.320276
1439,7.92282e+28,1.66709e+26,2.14756e+09,96,33.1416,31,0.319331
1440,7.92282e+28,2.04721e+26,4.29505e+09,96,33.3115,32,0.317375
1441,7.92282e+28,2.45592e+26,5.49756e+11,96,37.4346,39,0.354342
1442,7.92282e+28,2.63577e+26,5.49756e+11,96,38.8447,39,0.364328
1443,7.92282e+28,2.09898e+26,1.09951e+12,96,37.8125,40,0.360334
1444,7.92282e+28,4.32131e+26,1.37439e+11,96,37.1162,37,0.344848
1445,7.92282e+28,3.03305e+26,5.49756e+11,96,38.0859,39,0.362969
1446,7.92282e+28,3.97858e+26,5.49756e+11,96,37.3125,39,0.358747
1447,7.92282e+28,3.81127e+26,2.74878e+11,96,36.9814,38,0.349395
1448,7.92282e+28,2.47002e+26,1.09951e+12,96,37.9111,40,0.364391
1449,7.92282e+28,2.42235e+26,1.09951e+12,96,38.3037,40,0.366034
1450,7.92282e+28,4.13675e+26,5.49756e+11,96,37.0234,39,0.345604
1451,7.92282e+28,1.55599e+26,1.37439e+11,96,35.46,37,0.334147
1452,7.92282e+28,1.5934e+26,2.19902e+12,96,40.0547,41,0.372554
1453,7.92282e+28,1.18403e+26,1.37439e+11,96,36.8906,37,0.345106
1454,7.92282e+28,7.02682e+26,4.29507e+09,96,33.1797,32,0.327121
1455,7.92282e+28,3.27906e+26,6.87196e+10,96,35.2715,36,0.33514
1456,7.92282e+28,3.8924e+26,1.09951e+12,96,37.876,40,0.360598
1457,7.92282e+28,4.57456e+26,2.19902e+12,96,38.5811,41,0.363172
1458,7.92282e+28,2.50536e+26,2.19902e+12,96,39.1289,41,0.371288
1459,7.92282e+28,6.27705e+26,8.79609e+12,96,40.1064,43,0.376078
1460,7.92282e+28,6.72976e+26,2.19902e+12,96,38.7871,41,0.362189
1461,7.92282e+28,2.03466e+26,2.74878e+11,96,37.5869,38,0.360339
1462,7.92282e+28,4.82846e+26,8.79609e+12,96,40.3389,43,0.377262
1463,7.92282e+28,3.13099e+26,2.19902e+12,96,38.9746,41,0.364222
1464,7.92282e+28,3.0699e+26,1.75922e+13,96,41.4258,44,0.387234
1465,7.92282e+28,2.47936e+26,8.79609e+12,96,39.0371,43,0.372539
1466,7.92282e+28,2.39756e+26,2.19902e+12,96,38.4258,41,0.363471
1467,7.92282e+28,4.34835e+26,1.09951e+12,96,38.1016,40,0.373269
1468,7.92282e+28,5.14794e+26,8.79609e+12,96,38.8682,43,0.369016
1469,7.92282e+28,5.66071e+26,1.75922e+13,96,40.2227,44,0.391188
1470,7.92282e+28,8.93686e+26,8.79609e+12,96,40.7832,43,0.382655
1471,7.92282e+28,3.77016e+26,4.39805e+12,96,38.7686,42,0.364861
1472,7.92282e+28,4.75861e+26,5.49756e+11,96,37.6943,39,0.362026
1473,7.92282e+28,5.63937e+26,4.39805e+12,96,39.7471,42,0.373107
1474,7.92282e+28,3.00852e+26,1.75922e+13,96,39.8027,44,0.374994
1475,7.92282e+28,1.63971e+26,8.79609e+12,96,40.1611,43,0.374637
1476,7.92282e+28,2.00913e+26,4.39805e+12,96,38.8594,42,0.36337
1477,7.92282e+28,2.5527e+26,8.79609e+12,96,41.2881,43,0.384517
1478,7.92282e+28,6.59495e+26,4.39805e+12,96,39.9209,42,0.378562
1479,7.92282e+28,5.48438e+26,4.39805e+12,96,39.7812,42,0.382112
1480,7.92282e+28,5.95527e+26,8.79609e+12,96,40.708,43,0.386824
1481,7.92282e+28,5.93509e+26,1.75922e+13,96,41.1123,44,0.395153
1482,7.92282e+28,5.16084e+26,4.39805e+12,96,39.582,42,0.382077
1483,7.92282e+28,5.11038e+26,8.79609e+12,96,40.7402,43,0.376976
1484,7.92282e+28,4.07891e+26,4.39805e+12,96,38.9609,42,0.361729
1485,7.92282e+28,3.46979e+26,1.75922e+13,96,41.8623,44,0.392214
1486,7.92282e+28,1.62285e+26,3.51844e+13,96,41.4834,45,0.384876
1487,7.92282e+28,4.7358e+26,2.19902e+12,96,39.0977,41,0.374586
1488,7.92282e+28,3.17221e+26,1.09951e+12,96,38.3154,40,0.361354
1489,7.92282e+28,4.96635e+26,1.75922e+13,96,40.8604,44,0.379184
1490,7.92282e+28,4.95305e+26,5.49756e+11,96,37.0781,39,0.341732
1491,7.92282e+28,5.67085e+26,5.49756e+11,96,37.2773,39,0.345285
1492,7.92282e+28,4.72386e+26,5.49756e+11,96,37.1484,39,0.359585
1493,7.92282e+28,4.78122e+26,5.49756e+11,96,37.6553,39,0.34855
1494,7.92282e+28,4.68334e+26,1.37439e+11,96,36.8604,37,0.341225
1495,7.92282e+28,7.4171e+26,1.37439e+11,96,37.2314,37,0.353337
1496,7.92282e+28,2.89235e+26,2.74878e+11,96,37.3828,38,0.351171
1497,7.92282e+28,5.09787e+26,2.74878e+11,96,36.8721,38,0.347063
1498,7.92282e+28,7.26945e+26,1.09951e+12,96,39.7148,40,0.364529
1499,7.92282e+28,5.80182e+26,6.87196e+10,96,35.502,36,0.335021
