102.715
0,434.639,8.66547,4,2,0.0419922,0,0.00626017
1,110.903,8.95844,4,1,0.0458984,0,0.006045
2,435.053,8.32076,5,2,0.0361328,0,0.00619007
3,434.818,9.59344,5,2,0.0449219,0,0.00623131
4,109.829,9.11229,5,1,0.0439453,0,0.00626517
5,435,8.39895,5,2,0.03125,0,0.00622713
6,435.151,11.0095,5,2,0.0546875,0,0.00624216
7,435.149,10.7002,5,2,0.0488281,0,0.00637719
8,435.151,9.6931,5,2,0.0439453,0,0.00632342
9,434.954,9.84695,5,2,0.046875,0,0.00627565
10,434.818,9.52291,6,2,0.0410156,0,0.00635695
11,435.151,11.33,5,2,0.0556641,0,0.00627899
12,435.151,11.331,5,2,0.0478516,0,0.00638806
13,435.053,11.1766,6,2,0.0585938,0,0.00630182
14,435.151,11.1756,6,2,0.0517578,0,0.00636639
15,435.127,11.1872,6,2,0.0498047,0,0.00637802
16,434.902,10.5825,6,2,0.0498047,0,0.00645856
17,435.151,11.7884,6,2,0.0566406,0,0.0064156
18,110.371,10.4633,6,1,0.0517578,0,0.00638987
19,434.818,10.2412,6,2,0.0449219,0,0.00635723
20,434.818,10.3693,6,2,0.0478516,0,0.00638172
21,434.639,11.2038,6,2,0.0546875,0,0.00646693
22,435.151,10.3607,6,2,0.0439453,0,0.00646898
23,435.151,11.1101,6,2,0.0556641,0,0.00643109
24,434.954,10.781,6,2,0.0498047,0,0.00651085
25,435.076,12.0162,6,2,0.0605469,0,0.00641802
26,434.954,10.729,6,2,0.0478516,0,0.0064529
27,1012.77,13.3478,6,3,0.0634766,0,0.00643902
28,434.639,10.2678,6,2,0.046875,0,0.0063714
29,435.149,11.4455,6,2,0.0556641,0,0.00648157
30,111.937,11.5512,6,1,0.0585938,0,0.00652403
31,435.151,12.3253,6,2,0.0585938,0,0.00656789
32,434.954,10.9579,6,2,0.046875,0,0.00654049
33,435.076,12.1254,6,2,0.0615234,0,0.00659967
34,435.151,12.9602,6,2,0.0634766,0,0.00647072
35,434.639,11.6568,6,2,0.0576172,0,0.00646537
36,435.053,12.4485,6,2,0.0605469,0,0.00654674
37,435.149,13.0095,6,2,0.0625,0,0.00660962
38,435.149,12.966,6,2,0.0664062,0,0.00673182
39,1007.46,12.3716,6,3,0.0585938,0,0.00654463
40,435.151,12.7021,6,2,0.0634766,0,0.00654965
41,434.954,12.5022,6,2,0.0625,0,0.00661378
42,435.151,12.6656,6,2,0.0576172,0,0.00674793
43,435.151,14.0652,6,2,0.0722656,0,0.00662548
44,434.818,11.1353,6,2,0.046875,0,0.00665019
45,435.076,12.0442,6,2,0.0527344,0,0.0066813
46,435.053,12.3008,6,2,0.0595703,0,0.00668182
47,434.818,12.0042,6,2,0.0556641,0,0.00667119
48,435.127,12.5444,7,2,0.0576172,0,0.0066985
49,435.053,12.3585,6,2,0.0537109,0,0.00670515
50,435.127,13.3021,6,2,0.0664062,0,0.00673598
51,435,12.7763,7,2,0.0615234,0,0.00683134
52,434.818,13.5096,7,2,0.0654297,0,0.00680039
53,435.151,14.8229,7,2,0.0712891,0,0.00686404
54,435.127,13.4952,7,2,0.0634766,0,0.00699283
55,435.117,14.1307,7,2,0.0693359,0,0.00687604
56,435.151,15.3509,7,2,0.0800781,0,0.00682278
57,434.818,12.0827,7,2,0.0546875,0,0.00684709
58,435.127,14.7763,7,2,0.078125,0,0.00674968
59,435.127,12.1127,6,2,0.0546875,0,0.00668743
60,111.425,12.4398,7,1,0.0605469,0,0.00678691
61,110.371,12.0992,7,1,0.0566406,0,0.00684563
62,435.127,14.2009,7,2,0.0742188,0,0.00685465
63,435.127,12.4617,7,2,0.0566406,0,0.00678425
64,435.151,13.8908,7,2,0.0703125,0,0.00681279
65,435.149,15.1289,7,2,0.0771484,0,0.00683073
66,435.149,14.0329,7,2,0.0683594,0,0.00693249
67,1009.59,15.2931,7,3,0.0703125,0,0.00694445
68,1011.78,15.5227,7,3,0.0771484,0,0.00694338
69,435.149,14.1297,7,2,0.0673828,0,0.00688905
70,435.053,13.4939,7,2,0.0605469,0,0.00686296
71,435.127,13.7687,8,2,0.0634766,0,0.00705103
72,435.127,13.144,7,2,0.0625,0,0.00695382
73,434.818,13.348,7,2,0.0644531,0,0.00692036
74,435.053,13.3532,7,2,0.0654297,0,0.00684483
75,435.149,14.3619,7,2,0.0703125,0,0.00688681
76,435.127,14.289,8,2,0.0683594,0,0.0069212
77,435.127,13.0995,8,2,0.0595703,0,0.00687502
78,435.149,14.0021,8,2,0.0654297,0,0.0069476
79,112.934,12.0536,7,1,0.0527344,0,0.00689268
80,435.149,16.1142,8,2,0.0859375,0,0.00680606
81,435.127,14.5324,8,2,0.0654297,0,0.0069251
82,435.149,17.2064,8,2,0.0869141,0,0.00689291
83,1011.78,12.585,8,3,0.0488281,0,0.00695594
84,1008.92,15.679,8,3,0.0761719,0,0.00691793
85,435.151,15.6502,8,2,0.0800781,0,0.00685021
86,1009.59,15.2538,8,3,0.0732422,0,0.0069745
87,435.053,14.5792,8,2,0.0703125,0,0.00691731
88,435.053,14.8717,8,2,0.0732422,0,0.00704046
89,435.127,13.568,7,2,0.0605469,0,0.00699497
90,1009.59,16.0882,8,3,0.0761719,0,0.00698425
91,1009.59,16.4508,8,3,0.0839844,0,0.00693232
92,435.149,13.6825,8,2,0.0605469,0,0.00709744
93,435.127,15.6648,8,2,0.0830078,0,0.00690939
94,435.151,17.1348,8,2,0.0830078,0,0.00698482
95,435.151,14.8859,8,2,0.0722656,0,0.00698119
96,435.149,14.5451,8,2,0.0712891,0,0.00711409
97,435.053,15.6653,8,2,0.078125,0,0.00708611
98,1010.79,15.9263,8,3,0.0771484,0,0.00719288
99,435.127,15.8301,8,2,0.078125,0,0.00703607
100,435.151,16.5465,8,2,0.0869141,0,0.0070185
101,435.149,16.8509,8,2,0.09375,0,0.00703856
102,435.053,16.0236,8,2,0.0810547,0,0.00709413
103,435.151,15.0288,8,2,0.0693359,0,0.00708211
104,435.151,17.3294,8,2,0.0908203,0,0.00793474
105,435.149,15.7125,8,2,0.078125,0,0.0121107
106,435.149,17.5368,8,2,0.0947266,0,0.00781479
107,435.151,18.6636,8,2,0.0957031,0,0.00709813
108,435.117,16.0409,8,2,0.0771484,0,0.00715351
109,435.151,16.7922,8,2,0.0830078,0,0.00730516
110,435.127,18.1068,8,2,0.0908203,0,0.00706126
111,1000.23,19.1194,8,3,0.105469,0,0.0071191
112,435.151,16.5068,8,2,0.078125,0,0.00714883
113,435.151,18.573,8,2,0.0917969,0,0.00714797
114,435.151,16.7174,8,2,0.0820312,0,0.00711911
115,435.149,16.1278,8,2,0.0761719,0,0.00708097
116,435.127,19.7208,9,2,0.113281,0,0.00719242
117,435.149,20.7026,9,2,0.121094,0,0.00719847
118,435.149,19.1676,8,2,0.101562,0,0.00725127
119,1008.92,20.3553,9,3,0.103516,0,0.00716262
120,435.151,16.4987,8,2,0.0820312,0,0.00710643
121,435.127,18.7373,8,2,0.100586,0,0.00710633
122,435.127,19.6091,9,2,0.104492,0,0.00726199
123,1008.92,20.3623,9,3,0.108398,0,0.00716593
124,435.127,19.4662,9,2,0.108398,0,0.00815029
125,435.151,19.4969,9,2,0.101562,0,0.010641
126,1010.79,20.0083,9,3,0.0996094,0,0.00724356
127,435.127,18.703,9,2,0.0976562,0,0.00734823
128,435.151,19.3726,9,2,0.0996094,0,0.00726303
129,435.151,19.3086,9,2,0.0976562,0,0.00736335
130,435.127,18.4254,9,2,0.0986328,0,0.00729453
131,435.151,17.9425,9,2,0.0917969,0,0.00730229
132,435.149,20.5421,9,2,0.110352,0,0.00725972
133,435.151,22.5467,9,2,0.131836,0,0.00745987
134,1009.59,24.1409,9,3,0.135742,0,0.0074646
135,435.127,20.724,9,2,0.116211,0,0.00751525
136,435.151,19.7041,9,2,0.110352,0,0.00736059
137,435.149,21.7824,9,2,0.12207,0,0.00736799
138,1008.92,22.4154,9,3,0.125977,0,0.00732426
139,1011.31,24.6658,9,3,0.130859,0,0.0074758
140,435.151,21.7377,9,2,0.120117,0,0.00750174
141,435.151,21.5784,9,2,0.118164,0,0.00732407
142,1010.21,23.3772,9,3,0.134766,0,0.00743859
143,1011.78,25.1166,9,3,0.138672,0,0.0074343
144,1008.92,26.5996,9,3,0.146484,0,0.00756748
145,1011.31,25.2885,9,3,0.137695,0,0.00749705
146,435.151,20.2494,9,2,0.110352,0,0.00756942
147,435.149,24.3812,9,2,0.145508,0,0.0074269
148,435.151,23.4614,9,2,0.135742,0,0.00746754
149,435.151,23.6115,9,2,0.136719,0,0.00736725
150,435.151,25.5443,9,2,0.147461,0,0.00749688
151,435.151,27.5078,9,2,0.166016,0,0.00751818
152,1011.31,28.9402,9,3,0.160156,0,0.00757681
153,1012.18,27.8854,9,3,0.161133,0,0.00749691
154,435.151,29.9676,9,2,0.170898,0,0.00758195
155,435.151,29.8042,9,2,0.175781,0,0.00759662
156,1008.92,30.2413,9,3,0.183594,0,0.00762728
157,435.151,27.7096,9,2,0.174805,0,0.00757489
158,1011.31,28.3843,9,3,0.161133,0,0.00752527
159,1012.52,32.1312,9,3,0.189453,0,0.00753171
160,1008.92,30.1927,9,3,0.182617,0,0.00751993
161,435.151,31.3719,9,2,0.1875,0,0.0076448
162,1009.59,30.1056,9,3,0.18457,0,0.00775696
163,1011.31,29.4572,9,3,0.169922,0,0.00761807
164,435.127,27.8525,9,2,0.172852,0,0.00756655
165,1008.92,30.8894,9,3,0.183594,0,0.0077664
166,1011.31,33.5472,9,3,0.195312,0,0.00767331
167,1008.92,27.7507,9,3,0.164062,0,0.00763572
168,435.151,30.6942,9,2,0.193359,0,0.00763142
169,1009.59,33.8947,9,3,0.194336,0,0.00761845
170,435.151,29.6444,9,2,0.172852,0,0.00764344
171,435.151,30.8587,9,2,0.181641,0,0.00773384
172,1009.59,29.262,9,3,0.180664,0,0.00769234
173,435.149,31.5888,9,2,0.200195,0,0.00769523
174,1009.59,37.6384,9,3,0.226562,0,0.00785774
175,1011.78,31.463,9,3,0.188477,0,0.00771108
176,435.151,30.0038,9,2,0.183594,0,0.00772156
177,1010.21,32.1074,9,3,0.198242,0,0.00777678
178,1008.92,37.3564,9,3,0.222656,0,0.00779024
179,1011.78,33.1428,10,3,0.202148,0,0.00792885
180,1007.46,33.8124,10,3,0.214844,0,0.00785416
181,1008.92,36.8224,9,3,0.232422,0,0.00784515
182,435.151,34.4911,10,2,0.214844,0,0.00786514
183,1008.92,37.4914,10,3,0.234375,0,0.00788788
184,435.151,35.4524,9,2,0.220703,0,0.0078021
185,1008.92,36.7923,10,3,0.237305,0,0.00781105
186,1008.92,38.1887,11,3,0.232422,0,0.00790464
187,435.151,38.4863,9,2,0.240234,0,0.00776144
188,1008.92,33.8833,10,3,0.211914,0,0.00782442
189,1011.78,30.8889,10,3,0.193359,0,0.00786547
190,1010.21,38.2549,10,3,0.226562,0,0.00785975
191,1009.59,42.0422,11,3,0.258789,0,0.00775859
192,1010.21,39.5213,10,3,0.264648,0,0.00784532
193,1008.92,38.216,10,3,0.237305,0,0.00787471
194,1008.92,36.5286,11,3,0.224609,0,0.00783138
195,435.151,38.4011,11,2,0.244141,0,0.00786073
196,1008.92,41.0768,10,3,0.260742,0,0.00775031
197,1011.31,39.1937,9,3,0.253906,0,0.00771222
198,435.151,37.7476,9,2,0.255859,0,0.00778385
199,1008.92,41.2911,9,3,0.266602,0,0.00774887
200,1008.92,39.6147,9,3,0.246094,0,0.00775422
201,435.151,37.9692,10,2,0.235352,0,0.00787214
202,1008.92,39.3629,10,3,0.259766,0,0.00797776
203,435.151,39.5657,10,2,0.259766,0,0.00776029
204,1011.31,39.2478,9,3,0.244141,0,0.00770153
205,1010.21,38.8468,10,3,0.254883,0,0.00798033
206,1010.79,40.1413,10,3,0.264648,0,0.0078661
207,1008.92,39.3324,10,3,0.251953,0,0.00790173
208,1843.9,42.719,11,4,0.270508,0,0.00790445
209,1010.21,41.3679,11,3,0.261719,0,0.00801189
210,1011.31,42.6193,10,3,0.266602,0,0.00786247
211,1008.92,41.6291,10,3,0.257812,0,0.0078679
212,435.151,39.6412,10,2,0.253906,0,0.00796654
213,435.151,39.6422,11,2,0.267578,0,0.00792457
214,435.151,38.3674,11,2,0.250977,0,0.00793378
215,1010.79,44.7123,11,3,0.287109,0,0.00793139
216,435.151,36.1674,10,2,0.237305,0,0.00785001
217,1011.31,42.2288,10,3,0.269531,0,0.00780394
218,1008.92,37.1919,9,3,0.241211,0,0.00789854
219,1008.92,39.2946,11,3,0.263672,0,0.00786516
220,1010.79,43.8326,11,3,0.285156,0,0.00789019
221,1011.31,42.8771,10,3,0.263672,0,0.0079357
222,1009.59,41.576,11,3,0.269531,0,0.00790694
223,435.151,44.1564,11,2,0.288086,0,0.0079523
224,1011.78,38.8664,10,3,0.25,0,0.00789039
225,1009.59,43.3842,11,3,0.273438,0,0.0079398
226,435.151,43.731,11,2,0.28125,0,0.00793021
227,1009.59,44.8701,11,3,0.283203,0,0.00795739
228,1008.92,48.1495,11,3,0.299805,0,0.00806198
229,1010.79,45.6205,11,3,0.280273,0,0.00797214
230,1009.59,46.919,11,3,0.296875,0,0.00784633
231,1009.59,43.169,11,3,0.270508,0,0.00798259
232,435.151,39.0402,10,2,0.253906,0,0.0077894
233,1843.9,44.7933,11,4,0.28418,0,0.00796377
234,1009.59,49.8424,12,3,0.30957,0,0.00794433
235,435.151,42.6281,11,2,0.28125,0,0.00783533
236,1011.31,45.0589,11,3,0.275391,0,0.00784815
237,1010.21,44.0291,11,3,0.282227,0,0.00781428
238,1008.92,44.8654,12,3,0.295898,0,0.00782566
239,435.151,39.1539,11,2,0.260742,0,0.00783181
240,1008.92,41.3612,11,3,0.263672,0,0.00787245
241,1008.92,40.9608,11,3,0.256836,0,0.00788448
242,1008.92,47.9786,12,3,0.311523,0,0.00788263
243,1011.31,47.4845,12,3,0.304688,0,0.00795857
244,435.151,46.7903,12,2,0.296875,0,0.00790651
245,435.151,43.2244,11,2,0.288086,0,0.00791976
246,1009.59,48.9464,12,3,0.30957,0,0.00805707
247,1011.31,45.8292,12,3,0.304688,0,0.00788801
248,435.151,44.0238,12,2,0.292969,0,0.00785729
249,1009.59,46.7016,12,3,0.294922,0,0.00791388
250,1009.59,47.6375,12,3,0.301758,0,0.00793861
251,1008.92,44.2079,12,3,0.288086,0,0.00797266
252,1008.92,44.7972,11,3,0.292969,0,0.00793515
253,1009.59,53.4386,12,3,0.336914,0,0.00792225
254,1007.46,47.6684,12,3,0.308594,0,0.00787032
255,435.149,42.4094,12,2,0.289062,0,0.00784652
256,1008.92,48.9025,12,3,0.324219,0,0.00793853
257,1008.92,48.2992,12,3,0.3125,0,0.00790972
258,1009.59,47.5423,12,3,0.307617,0,0.0079274
259,435.151,43.8018,12,2,0.289062,0,0.00787894
260,1008.92,42.702,12,3,0.280273,0,0.00787393
261,435.151,50.2563,12,2,0.326172,0,0.0079083
262,1008.92,49.2034,12,3,0.313477,0,0.0079431
263,1011.31,46.9374,12,3,0.301758,0,0.0079646
264,1011.31,51.8153,12,3,0.335938,0,0.00799548
265,1845.26,49.8023,13,4,0.322266,0,0.00807131
266,1008.92,47.7421,12,3,0.305664,0,0.00799159
267,1009.59,46.0535,12,3,0.302734,0,0.00806847
268,1012.18,46.0865,12,3,0.298828,0,0.00797787
269,1008.92,50.0988,13,3,0.338867,0,0.00798795
270,1008.92,45.4927,12,3,0.304688,0,0.00802884
271,1011.31,50.7153,13,3,0.313477,0,0.00805325
272,1008.92,45.3839,13,3,0.303711,0,0.00795386
273,1008.92,48.9713,13,3,0.313477,0,0.00810509
274,435.151,44.8134,12,2,0.282227,0,0.00801023
275,1011.31,47.9992,12,3,0.301758,0,0.00803041
276,1007.46,43.8302,13,3,0.293945,0,0.00801125
277,1008.92,47.1762,12,3,0.308594,0,0.00794988
278,1009.59,52.3098,13,3,0.34375,0,0.00801951
279,1008.92,50.3698,12,3,0.323242,0,0.00805517
280,435.127,46.4191,13,2,0.31543,0,0.00808612
281,435.149,44.0741,12,2,0.303711,0,0.00804539
282,1011.31,50.386,12,3,0.31543,0,0.00801374
283,1008.92,51.5921,13,3,0.333008,0,0.00802109
284,435.151,44.5267,12,2,0.292969,0,0.00799306
285,1009.59,54.7566,13,3,0.352539,0,0.00802045
286,1008.92,47.6532,13,3,0.314453,0,0.00809446
287,1008.92,46.7133,13,3,0.310547,0,0.00800907
288,1008.92,47.2066,13,3,0.307617,0,0.00811692
289,1008.92,46.8038,13,3,0.313477,0,0.00803739
290,1843.9,51.0979,12,4,0.322266,0,0.00805594
291,1008.92,46.7597,13,3,0.314453,0,0.00812752
292,1011.31,47.1944,12,3,0.305664,0,0.0082275
293,435.151,50.5331,13,2,0.339844,0,0.0080869
294,1008.92,52.1127,13,3,0.351562,0,0.00800902
295,1009.59,46.9936,13,3,0.320312,0,0.00808799
296,1009.59,46.0929,13,3,0.296875,0,0.0080332
297,1843.9,51.5774,13,4,0.338867,0,0.00805567
298,1011.31,48.7158,13,3,0.313477,0,0.00811248
299,1011.31,50.5549,13,3,0.311523,0,0.0081049
300,1008.92,48.8373,13,3,0.320312,0,0.00809447
301,1008.92,47.0422,13,3,0.302734,0,0.00809948
302,1011.31,49.8795,13,3,0.328125,0,0.00813591
303,1845.26,52.9632,13,4,0.34082,0,0.0082057
304,435.151,48.352,13,2,0.328125,0,0.0080937
305,1008.92,51.4559,13,3,0.332031,0,0.00802756
306,1009.59,56.8629,13,3,0.354492,0,0.00809146
307,1010.21,53.3894,13,3,0.350586,0,0.0080073
308,435.151,48.446,13,2,0.329102,0,0.00805305
309,435.151,48.1252,13,2,0.324219,0,0.00800613
310,1008.92,50.8356,13,3,0.336914,0,0.00806777
311,1008.92,51.8703,13,3,0.330078,0,0.00800686
312,1008.92,44.1723,13,3,0.294922,0,0.00804789
313,1843.9,52.1574,12,4,0.321289,0,0.0080193
314,435.151,45.6454,13,2,0.310547,0,0.00801247
315,1011.31,48.5086,13,3,0.314453,0,0.00810316
316,1843.9,53.4621,13,4,0.341797,0,0.00805489
317,435.151,48.7069,13,2,0.320312,0,0.0080152
318,1011.31,49.7125,13,3,0.31543,0,0.00805351
319,435.151,49.1836,13,2,0.332031,0,0.00802899
320,1008.92,51.9422,13,3,0.333984,0,0.00802886
321,1008.92,50.47,13,3,0.328125,0,0.00807234
322,435.149,48.6108,13,2,0.324219,0,0.00803178
323,435.149,45.169,13,2,0.310547,0,0.00802147
324,1008.92,48.3216,13,3,0.318359,0,0.00805029
325,1008.92,50.6281,13,3,0.319336,0,0.0081174
326,1011.31,44.7349,13,3,0.294922,0,0.00813449
327,1843.9,52.7004,13,4,0.328125,0,0.00817937
328,1008.92,53.9872,13,3,0.342773,0,0.00803619
329,1011.31,50.0641,13,3,0.321289,0,0.00818505
330,1008.92,53.5193,13,3,0.359375,0,0.00822556
331,1008.92,50.2728,13,3,0.331055,0,0.0080785
332,1011.31,54.3368,13,3,0.345703,0,0.00811355
333,1008.92,52.0528,13,3,0.332031,0,0.00811186
334,1011.31,50.7204,13,3,0.331055,0,0.0080453
335,435.151,45.9663,13,2,0.301758,0,0.00804605
336,1008.92,54.4887,13,3,0.353516,0,0.0081181
337,435.127,44.5371,13,2,0.303711,0,0.00805288
338,1011.31,50.8805,13,3,0.333008,0,0.00819277
339,1008.92,48.1141,12,3,0.303711,0,0.00811053
340,435.149,48.6476,13,2,0.323242,0,0.00815188
341,1011.31,53.7603,13,3,0.350586,0,0.00810189
342,435.151,47.4183,13,2,0.323242,0,0.00803215
343,1008.92,54.9228,13,3,0.350586,0,0.00807809
344,1008.92,55.5853,13,3,0.360352,0,0.00817196
345,435.151,45.2239,13,2,0.301758,0,0.00804413
346,1843.9,53.9825,13,4,0.34668,0,0.00812308
347,1011.31,49.8732,13,3,0.324219,0,0.00796138
348,1009.59,54.1337,13,3,0.362305,0,0.00812769
349,1009.59,53.2591,13,3,0.345703,0,0.00811175
350,1008.92,50.4206,13,3,0.326172,0,0.00809375
351,1011.31,46.9269,13,3,0.292969,0,0.00804253
352,1008.92,50.6875,13,3,0.333984,0,0.0081648
353,1843.9,51.0785,13,4,0.34668,0,0.00819807
354,1008.92,49.6477,13,3,0.316406,0,0.00820917
355,435.151,47.5845,13,2,0.311523,0,0.00823614
356,1008.92,52.2655,13,3,0.333008,0,0.0082852
357,1011.31,55.1744,13,3,0.355469,0,0.00813068
358,1009.59,52.5373,13,3,0.34668,0,0.00811532
359,1009.59,55.8323,13,3,0.371094,0,0.00814778
360,1008.92,52.0977,13,3,0.348633,0,0.00813029
361,1843.9,49.3402,13,4,0.311523,0,0.00809787
362,1008.92,46.4159,13,3,0.307617,0,0.00818395
363,1848.92,49.453,13,4,0.324219,0,0.00810223
364,1008.92,53.2606,13,3,0.352539,0,0.00821214
365,1008.92,45.6776,13,3,0.301758,0,0.0080426
366,1843.9,49.9714,13,4,0.323242,0,0.00818264
367,1011.31,49.1221,13,3,0.321289,0,0.00808518
368,435.151,47.3432,13,2,0.3125,0,0.00804928
369,435.151,54.3601,13,2,0.363281,0,0.0082428
370,1008.92,52.2147,13,3,0.327148,0,0.00816701
371,1012.18,54.6878,13,3,0.351562,0,0.00827789
372,1011.31,55.3703,13,3,0.375,0,0.00815834
373,1008.92,46.571,13,3,0.303711,0,0.0081094
374,1008.92,53.5144,13,3,0.349609,0,0.00812473
375,1008.92,55.845,13,3,0.373047,0,0.00816749
376,1011.31,49.0804,13,3,0.325195,0,0.00807507
377,1008.92,45.5475,12,3,0.294922,0,0.00806795
378,1011.31,51.9255,13,3,0.335938,0,0.00816878
379,435.151,52.5482,13,2,0.338867,0,0.00810102
380,1843.9,49.8722,13,4,0.325195,0,0.00808813
381,1008.92,48.6016,13,3,0.306641,0,0.00803725
382,435.151,44.4087,13,2,0.298828,0,0.0080289
383,1843.9,50.0171,13,4,0.322266,0,0.00799515
384,1008.92,53.5938,13,3,0.350586,0,0.00808384
385,1011.31,49.9047,13,3,0.314453,0,0.00807798
386,1008.92,47.4463,13,3,0.303711,0,0.00800321
387,1008.92,52.5587,13,3,0.334961,0,0.00800339
388,1008.92,54.1273,13,3,0.34668,0,0.00801534
389,1008.92,53.6862,13,3,0.349609,0,0.00805558
390,1008.92,51.1723,13,3,0.329102,0,0.00804695
391,435.127,50.5745,13,2,0.347656,0,0.00801565
392,435.151,45.7492,13,2,0.306641,0,0.00797455
393,1008.92,51.0742,13,3,0.338867,0,0.00798839
394,1008.92,51.7578,13,3,0.335938,0,0.00805188
395,1009.59,52.9307,13,3,0.348633,0,0.008019
396,1009.59,50.0289,13,3,0.325195,0,0.00804699
397,1008.92,48.5976,13,3,0.334961,0,0.00815553
398,1008.92,49.2466,13,3,0.325195,0,0.0081556
399,1011.31,52.8618,13,3,0.339844,0,0.00825637
400,435.151,53.7426,13,2,0.363281,0,0.00819275
401,435.151,54.6826,13,2,0.357422,0,0.00807557
402,1008.92,51.6493,13,3,0.331055,0,0.00796644
403,1008.92,50.9226,13,3,0.333008,0,0.00805158
404,1008.92,51.3415,13,3,0.328125,0,0.00811904
405,1843.9,49.5638,13,4,0.319336,0,0.00818857
406,1008.92,53.8148,13,3,0.348633,0,0.00811649
407,1008.92,56.8821,13,3,0.365234,0,0.00818938
408,1008.92,51.4094,13,3,0.330078,0,0.00813276
409,1008.92,52.6862,13,3,0.34082,0,0.00812171
410,1008.92,49.3074,13,3,0.324219,0,0.00813864
411,1011.31,54.7981,13,3,0.345703,0,0.00817985
412,1008.92,46.9811,13,3,0.318359,0,0.0080967
413,435.127,45.485,13,2,0.302734,0,0.00809618
414,1012.18,54.4213,13,3,0.353516,0,0.00817351
415,1008.92,49.0611,13,3,0.308594,0,0.00806101
416,1011.31,48.9066,13,3,0.321289,0,0.00815302
417,1008.92,54.0705,13,3,0.34082,0,0.00812455
418,1008.92,49.607,13,3,0.326172,0,0.00808801
419,1008.92,51.7603,13,3,0.331055,0,0.00812944
420,1008.92,48.0332,13,3,0.314453,0,0.00813843
421,1008.92,55.2757,13,3,0.355469,0,0.00813659
422,1011.31,52.5637,13,3,0.333984,0,0.00808176
423,1010.21,51.3985,13,3,0.327148,0,0.0080593
424,1008.92,56.0729,13,3,0.359375,0,0.0081776
425,1011.31,55.8873,13,3,0.341797,0,0.00813434
426,1008.92,51.7787,13,3,0.339844,0,0.00814757
427,1011.31,56.3401,13,3,0.351562,0,0.00812233
428,1011.31,54.9993,13,3,0.357422,0,0.0082945
429,1845.26,48.5417,13,4,0.30957,0,0.00819591
430,435.151,50.7243,13,2,0.337891,0,0.00819186
431,1008.92,47.5338,13,3,0.31543,0,0.00816364
432,435.151,54.5787,13,2,0.364258,0,0.00831204
433,1011.31,50.4977,13,3,0.336914,0,0.00833683
434,1010.79,52.7697,13,3,0.331055,0,0.00831513
435,1008.92,52.3945,13,3,0.34082,0,0.00817121
436,1008.92,49.4599,13,3,0.321289,0,0.00821104
437,1011.31,52.2555,13,3,0.354492,0,0.00809608
438,435.151,51.3015,13,2,0.354492,0,0.00811974
439,1008.92,51.5176,13,3,0.330078,0,0.00814219
440,1008.92,48.6375,13,3,0.311523,0,0.00818697
441,1008.92,54.7226,13,3,0.357422,0,0.00810729
442,1843.9,57.2698,13,4,0.367188,0,0.00813959
443,1009.59,52.2495,13,3,0.342773,0,0.00813632
444,1009.59,52.2229,13,3,0.347656,0,0.00815427
445,1008.92,52.2571,13,3,0.333984,0,0.00811917
446,435.151,49.1773,13,2,0.333984,0,0.00807876
447,435.127,46.9757,13,2,0.322266,0,0.00817235
448,1848.92,48.2516,13,4,0.307617,0,0.00813656
449,1008.92,48.4094,13,3,0.318359,0,0.00825471
450,1008.92,51.9643,13,3,0.339844,0,0.00813457
451,1008.92,52.5715,13,3,0.34668,0,0.00820709
452,1011.31,51.7961,13,3,0.345703,0,0.00802505
453,1008.92,54.0205,13,3,0.34082,0,0.00808258
454,435.151,46.226,13,2,0.313477,0,0.00805831
455,1008.92,52.2927,13,3,0.336914,0,0.00808851
456,435.151,51.7946,13,2,0.344727,0,0.00805179
457,1008.92,50.9319,13,3,0.323242,0,0.00802555
458,1008.92,48.9129,13,3,0.329102,0,0.00812009
459,1008.92,57.2032,13,3,0.362305,0,0.0080246
460,1012.52,53.1349,13,3,0.333984,0,0.00800737
461,1848.92,53.3645,13,4,0.333984,0,0.00796199
462,435.151,52.6097,13,2,0.349609,0,0.00806963
463,1843.9,52.3883,13,4,0.34082,0,0.00805278
464,1008.92,57.9325,13,3,0.381836,0,0.00806185
465,1008.21,48.9137,13,3,0.313477,0,0.00807009
466,1008.92,50.0794,13,3,0.325195,0,0.0079922
467,435.149,49.4621,13,2,0.337891,0,0.00802909
468,1008.92,51.4732,13,3,0.334961,0,0.00803635
469,1008.92,53.0967,13,3,0.348633,0,0.00810745
470,1846.55,54.9588,13,4,0.349609,0,0.00803734
471,1011.31,53.0433,13,3,0.356445,0,0.00809707
472,1008.92,50.8212,13,3,0.339844,0,0.0080595
473,1008.92,48.3528,13,3,0.318359,0,0.00805838
474,1008.92,52.1397,13,3,0.337891,0,0.00802638
475,1843.9,47.0143,13,4,0.306641,0,0.0080358
476,1008.92,47.3057,13,3,0.300781,0,0.00804049
477,1008.92,50.0042,13,3,0.320312,0,0.00800479
478,1008.92,53.6345,13,3,0.335938,0,0.00812587
479,1008.92,50.5927,13,3,0.326172,0,0.0081044
480,1011.31,50.7252,13,3,0.333984,0,0.00807748
481,1008.92,53.0734,13,3,0.351562,0,0.00808724
482,1008.92,56.6819,13,3,0.37207,0,0.00803712
483,1008.92,49.8862,13,3,0.324219,0,0.00806759
484,1009.59,50.5533,13,3,0.338867,0,0.00809526
485,435.151,48.621,13,2,0.322266,0,0.00820399
486,1008.92,51.256,13,3,0.333008,0,0.00807591
487,1008.92,55.725,13,3,0.349609,0,0.00804771
488,1843.9,50.6273,13,4,0.331055,0,0.00813536
489,435.151,50.4566,13,2,0.322266,0,0.00805166
490,435.127,53.3908,13,2,0.353516,0,0.00820628
491,1009.59,50.1792,13,3,0.337891,0,0.0080712
492,1008.92,54.4224,13,3,0.34375,0,0.00811101
493,435.151,53.2797,13,2,0.345703,0,0.00807683
494,1011.78,49.7569,13,3,0.326172,0,0.00815227
495,1011.31,53.812,13,3,0.347656,0,0.00809431
496,1010.21,55.8545,13,3,0.355469,0,0.00813875
497,1010.21,52.2436,13,3,0.348633,0,0.0081941
498,1008.92,56.1382,13,3,0.350586,0,0.00818947
499,1009.59,47.9569,13,3,0.325195,0,0.00820115
500,435.151,50.3105,13,2,0.350586,0,0.00817543
501,1008.92,51.8952,13,3,0.342773,0,0.00816213
502,1009.59,53.0725,13,3,0.355469,0,0.00819937
503,1008.92,52.118,13,3,0.338867,0,0.00820307
504,1009.59,47.0199,13,3,0.322266,0,0.008178
505,1008.92,51.04,13,3,0.331055,0,0.00820234
506,1843.9,58.4091,13,4,0.357422,0,0.00824332
507,1008.92,52.2449,13,3,0.341797,0,0.00819347
508,1009.59,55.5045,13,3,0.357422,0,0.00805015
509,1008.92,51.2468,13,3,0.332031,0,0.00813865
510,1008.92,47.7856,13,3,0.316406,0,0.00802205
511,1008.92,53.0547,13,3,0.339844,0,0.00817256
512,1011.31,50.4658,13,3,0.322266,0,0.00808697
513,435.151,50.5105,13,2,0.332031,0,0.00811673
514,1008.92,51.408,13,3,0.324219,0,0.00816291
515,1011.31,55.041,13,3,0.347656,0,0.00817508
516,1843.9,54.7456,13,4,0.336914,0,0.00820341
517,1008.92,50.8061,13,3,0.335938,0,0.00809752
518,1008.92,48.779,13,3,0.314453,0,0.00812513
519,1010.21,54.1406,13,3,0.352539,0,0.00823687
520,1008.92,53.7871,13,3,0.345703,0,0.00820727
521,1011.31,50.9461,13,3,0.327148,0,0.00806108
522,1843.9,56.8483,13,4,0.363281,0,0.00816298
523,1008.92,48.995,13,3,0.313477,0,0.00819749
524,1011.78,51.3792,13,3,0.330078,0,0.00812595
525,1011.78,56.49,13,3,0.349609,0,0.00813683
526,1843.9,51.1412,13,4,0.326172,0,0.00825708
527,1008.92,55.6839,13,3,0.365234,0,0.00823111
528,1008.92,53.2632,13,3,0.34668,0,0.00817527
529,1008.92,57.6551,13,3,0.371094,0,0.00817019
530,1005.85,54.8462,13,3,0.348633,0,0.00810419
531,1008.92,52.7274,13,3,0.339844,0,0.00823049
532,1008.92,52.9234,13,3,0.349609,0,0.00808566
533,1008.92,53.7856,13,3,0.333984,0,0.00815032
534,435.151,50.859,13,2,0.335938,0,0.00822791
535,1008.92,55.7617,13,3,0.368164,0,0.00815801
536,435.151,55.7281,13,2,0.368164,0,0.00807618
537,1008.92,52.0972,13,3,0.334961,0,0.00824221
538,1005.85,51.5096,13,3,0.338867,0,0.00815033
539,1008.92,49.6037,13,3,0.331055,0,0.00815608
540,1008.92,49.8874,13,3,0.333984,0,0.00815936
541,1011.31,54.8722,13,3,0.347656,0,0.0082594
542,435.151,53.4558,13,2,0.353516,0,0.00817766
543,1008.92,54.494,13,3,0.336914,0,0.00824003
544,435.151,48.502,13,2,0.317383,0,0.00819345
545,1008.92,56.0024,13,3,0.347656,0,0.00821879
546,1010.79,47.6126,13,3,0.310547,0,0.00824092
547,1008.92,52.6396,13,3,0.355469,0,0.00817856
548,1008.92,52.8084,13,3,0.335938,0,0.00837839
549,1011.31,53.6157,13,3,0.333008,0,0.00819024
550,1010.21,54.9788,13,3,0.354492,0,0.00824112
551,1010.21,55.0635,13,3,0.349609,0,0.00818866
552,1008.21,50.1916,13,3,0.325195,0,0.00818202
553,1008.92,50.5193,13,3,0.34082,0,0.00826003
554,1008.92,51.3707,13,3,0.330078,0,0.00830961
555,1008.92,54.7372,13,3,0.361328,0,0.00830434
556,435.127,53.613,13,2,0.354492,0,0.00826389
557,1011.31,53.0086,13,3,0.328125,0,0.00830697
558,1010.79,53.5703,13,3,0.333984,0,0.00829848
559,1008.92,55.455,13,3,0.348633,0,0.00839847
560,1011.31,52.8742,13,3,0.342773,0,0.00846507
561,435.149,53.1049,13,2,0.337891,0,0.00856465
562,1008.92,54.5876,13,3,0.345703,0,0.00848099
563,1010.21,54.8044,13,3,0.344727,0,0.00846248
564,1011.31,60.1683,14,3,0.378906,0,0.00861754
565,1843.9,56.289,13,4,0.34375,0,0.0085857
566,435.151,55.7166,13,2,0.353516,0,0.00860841
567,1008.92,57.2116,13,3,0.338867,0,0.00873646
568,1009.59,55.6129,14,3,0.328125,0,0.00878444
569,1008.92,56.2218,15,3,0.348633,0,0.00884356
570,1008.92,59.3876,14,3,0.355469,0,0.0087961
571,1011.31,61.9499,16,3,0.383789,0,0.00943014
572,1008.92,59.9601,15,3,0.361328,0,0.00919239
573,1012.18,65.6064,16,3,0.384766,0,0.00916427
574,1007.46,60.6001,16,3,0.371094,0,0.00933872
575,1791.02,61.6731,16,4,0.378906,0,0.00944506
576,995.918,59.0392,16,3,0.351562,0,0.00952604
577,1008.92,59.1042,16,3,0.351562,0,0.00971103
578,1837.92,59.6089,17,4,0.352539,0,0.00978439
579,1011.31,64.0243,17,3,0.37793,0,0.0101868
580,1832.91,72.6038,19,4,0.408203,0,0.0101473
581,1011.78,70.8047,19,3,0.396484,0,0.0103276
582,1008.92,66.8547,20,3,0.398438,0,0.0105204
583,1008.92,72.2381,20,3,0.422852,0,0.0104417
584,1010.79,67.0194,19,3,0.382812,0,0.0108444
585,2894.36,72.7663,22,5,0.411133,0,0.011333
586,1006.68,76.1761,24,3,0.421875,0,0.0118208
587,1000.23,74.7152,25,3,0.414062,0,0.0117586
588,1010.21,78.8369,27,3,0.432617,0,0.0124132
589,1012.77,77.3494,26,3,0.416992,0,0.01234
590,1842.49,75.7629,27,4,0.393555,0,0.0127556
591,1006.68,81.1771,30,3,0.416016,0,0.0129383
592,1005.85,86.569,33,3,0.441406,0,0.0135328
593,1010.21,80.5071,36,3,0.398438,0,0.0144755
594,1011.31,88.1954,38,3,0.445312,0,0.0138069
595,1007.46,84.5705,43,3,0.414062,0,0.0150379
596,1648.41,91.7342,88,4,0.426758,0,0.015667
597,1010.21,95.4655,101,3,0.451172,0,0.015711
598,1811.47,91.423,101,4,0.414062,0,0.0163886
599,1778.72,94.8454,101,4,0.420898,0,0.0166051
600,1008.21,98.9403,101,3,0.429688,0,0.0174591
601,1002.23,98.5447,101,3,0.44043,0,0.0178477
602,1834.62,102.69,101,4,0.439453,0,0.0173597
603,1788.61,106.372,101,4,0.444336,0,0.0185248
604,1776.18,107.932,101,4,0.466797,0,0.0185082
605,1006.68,99.8593,101,3,0.436523,0,0.017562
606,1788.61,105.609,101,4,0.43457,0,0.0184804
607,1834.62,103.018,101,4,0.447266,0,0.0186491
608,2856.74,113.084,101,5,0.480469,0,0.0185149
609,1837.92,105.179,101,4,0.431641,0,0.0188887
610,1836.29,101.078,101,4,0.412109,0,0.0197844
611,1804.91,106.516,101,4,0.445312,0,0.019576
612,1008.92,113.091,101,3,0.491211,0,0.019539
613,1783.71,105.528,101,4,0.458008,0,0.0192473
614,4113.41,108.829,101,6,0.453125,0,0.0196712
615,1752.35,114.765,101,4,0.490234,0,0.0200027
616,1783.71,114.282,101,4,0.495117,0,0.0194518
617,1008.92,113.17,101,3,0.473633,0,0.0194907
618,1804.91,120.78,101,4,0.498047,0,0.0200091
619,4074.61,112.436,101,6,0.444336,0,0.019752
620,1821.75,129.137,101,4,0.506836,0,0.0201971
621,2799.41,119.129,101,5,0.486328,0,0.0196779
622,1819.76,120.058,101,4,0.476562,0,0.0202639
623,2897.56,126.734,101,5,0.513672,0,0.0203885
624,1841.02,119.754,101,4,0.495117,0,0.0195572
625,1763.17,119.581,101,4,0.512695,0,0.019874
626,2856.74,119.762,101,5,0.500977,0,0.0197973
627,1841.02,123.247,101,4,0.507812,0,0.019605
628,1813.59,112.804,101,4,0.474609,0,0.0201931
629,2705.11,135.844,101,5,0.55957,0,0.0203106
630,1823.71,131.559,101,4,0.55957,0,0.0206993
631,1813.59,137.627,101,4,0.578125,0,0.0197611
632,1827.51,127.615,101,4,0.525391,0,0.0196905
633,1821.75,121.226,101,4,0.5,0,0.0209132
634,2745.01,138.545,101,5,0.567383,0,0.0209982
635,1741.21,131.021,101,4,0.552734,0,0.0212123
636,1821.75,125.35,101,4,0.504883,0,0.0208483
637,1839.49,126.78,101,4,0.533203,0,0.0203906
638,1836.29,126.834,101,4,0.532227,0,0.0210525
639,1829.35,134.648,101,4,0.571289,0,0.0198388
640,1735.52,122.547,101,4,0.507812,0,0.0208548
641,2838.35,127.457,101,5,0.509766,0,0.0207593
642,1823.71,142.576,101,4,0.603516,0,0.0204994
643,2903.85,136.11,101,5,0.579102,0,0.0211458
644,1832.91,140.885,101,4,0.583008,0,0.0214397
645,1738.37,137.187,101,4,0.580078,0,0.0213106
646,1800.39,134.257,101,4,0.577148,0,0.0208734
647,1825.63,140.321,101,4,0.595703,0,0.0204156
648,1817.74,139.434,101,4,0.582031,0,0.0206196
649,1802.66,133.633,101,4,0.574219,0,0.0208883
650,1831.15,144.886,101,4,0.613281,0,0.0212517
651,1795.76,144.867,101,4,0.604492,0,0.0214689
652,2718.6,152.589,101,5,0.628906,0,0.0214567
653,2740.66,148.898,101,5,0.609375,0,0.021589
654,1823.71,150.362,101,4,0.638672,0,0.0206755
655,2700.57,154.757,101,5,0.632812,0,0.0206717
656,2894.36,140.404,101,5,0.611328,0,0.0196313
657,1837.92,144.705,101,4,0.647461,0,0.0205724
658,1760.49,139.797,101,4,0.597656,0,0.0204165
659,1821.75,150.957,101,4,0.654297,0,0.0209579
660,2877.78,155.703,101,5,0.636719,0,0.0205422
661,2912.97,152.837,101,5,0.666016,0,0.0208171
662,2935.25,152.425,101,5,0.655273,0,0.0207661
663,2795.37,163.194,101,5,0.686523,0,0.0210417
664,1800.39,152.474,101,4,0.660156,0,0.0205548
665,4140.23,156.331,101,6,0.65625,0,0.0203973
666,4229.91,167.111,101,6,0.678711,0,0.0210392
667,2753.63,172.024,105.663,5,0.731445,1,0.0205713
668,2700.57,159.049,101,5,0.663086,0,0.0208223
669,2778.96,175.792,105,5,0.741211,1,0.0211749
670,4118.83,181.689,101,6,0.75,0,0.0210281
671,3615.92,173.547,105.663,6,0.731445,1,0.0203064
672,2795.37,179.277,101,5,0.753906,0,0.0209302
673,2807.41,173.609,101,5,0.738281,0,0.020592
674,9730.28,193.51,103.594,9,0.761719,1,0.020429
675,2900.72,174.254,101,5,0.732422,0,0.0203314
676,2884.52,187.507,106.306,5,0.782227,1,0.0203751
677,2921.69,170.927,101,5,0.71875,0,0.0202806
678,2856.74,195.219,106.306,5,0.791016,1,0.0200506
679,4243.67,188.73,106.93,6,0.783203,1,0.0196789
680,1817.74,188.838,101,4,0.780273,0,0.0199459
681,4034.46,199.688,108.709,6,0.823242,1,0.020433
682,3950.42,234.728,110.371,6,0.90332,1,0.0208304
683,4091.41,214.734,111.425,6,0.885742,1,0.0201064
684,2428.95,212.111,110.903,5,0.881836,1,0.0201188
685,4085.84,221.892,111.937,6,0.929688,1,0.0199265
686,2795.37,205.816,110.371,5,0.849609,1,0.0206657
687,3887.57,215.89,109.829,6,0.865234,1,0.0207369
688,4206.17,209.789,108.709,6,0.851562,1,0.0203342
689,5502.26,222.075,109.275,7,0.859375,1,0.0204304
690,4124.23,197.14,109.829,6,0.830078,1,0.0195874
691,4129.59,211.111,110.371,6,0.860352,1,0.0199877
692,5494.43,230.513,111.425,7,0.90918,1,0.0195938
693,4040.28,221.462,112.44,6,0.917969,1,0.0196643
694,5744.56,239.576,112.934,7,0.955078,1,0.0202346
695,4181.49,245.923,111.937,6,0.955078,1,0.0201196
696,9965.62,250.407,112.934,9,0.944336,1,0.0196047
697,4186.5,248.53,114.366,6,0.998047,1,0.0200758
698,5631.18,262.639,113.419,7,1.02051,1,0.0204166
699,7769.62,290.418,115.729,8,1.06543,1,0.0198881
700,5817.37,268.264,116.17,7,1.05957,1,0.0190733
701,4129.59,277.188,115.729,6,1.07129,1,0.019249
702,3775.87,254.544,113.897,6,1.00586,1,0.0194229
703,4068.96,253.981,115.729,6,1.03418,1,0.0196656
704,5510.07,289.95,115.729,7,1.08301,1,0.0194609
705,7246.15,286.447,115.729,8,1.08594,1,0.0200896
706,5830.11,293.576,115.282,7,1.08691,1,0.019909
707,5681.8,291.706,117.45,7,1.10645,1,0.0202372
708,7671.02,288.231,115.729,8,1.10547,1,0.0200261
709,5836.42,330.869,118.273,7,1.16992,1,0.0202636
710,7114.77,300.319,117.865,8,1.11914,1,0.0201633
711,4252.63,277.869,117.865,6,1.08789,1,0.0210656
712,7531.03,317.634,117.45,8,1.14453,1,0.020581
713,7512.9,338.793,117.03,8,1.19141,1,0.0207998
714,5674.67,303.186,116.17,7,1.10547,1,0.0208107
715,5817.37,297.275,117.45,7,1.12012,1,0.0205461
716,14321.9,339.236,120.601,11,1.21484,1,0.0207503
717,5723.94,371.477,119.847,7,1.25,1,0.0212468
718,7494.65,333.601,119.071,8,1.19336,1,0.0207364
719,5660.3,331.958,117.865,7,1.17969,1,0.0204514
720,5771.56,347.185,119.847,7,1.2373,1,0.0204449
721,21086.6,376.624,122.741,12,1.27832,1,0.021194
722,7155.67,330.033,118.675,8,1.18848,1,0.0212348
723,10026.5,357.388,117.03,9,1.19336,1,0.0211273
724,5836.42,347.392,118.675,7,1.22363,1,0.0201065
725,7540.04,346.022,120.97,8,1.22852,1,0.022079
726,20514,383.278,119.462,12,1.23926,1,0.0214923
727,9892.72,368.134,121.334,9,1.24414,1,0.0216968
728,12685.1,379.999,119.462,10,1.27148,1,0.0209239
729,16660.2,422.133,128.466,11,1.3623,1,0.0211597
730,7226.23,373.211,120.227,8,1.26562,1,0.0205333
731,10124.5,373.304,126.815,9,1.3125,1,0.0207733
732,9285.43,385.762,122.396,9,1.30371,1,0.0214298
733,7645.47,379.916,121.334,8,1.29688,1,0.020223
734,5778.21,409.251,123.746,7,1.34082,1,0.0212835
735,10085.9,425.772,127.099,9,1.38086,1,0.0212149
736,9850.21,404.014,127.38,9,1.35938,1,0.0206689
737,6751.5,440.31,126.526,8,1.39844,1,0.0206806
738,9060.14,450.392,137.037,9,1.44238,1,0.0212832
739,7540.04,393.504,119.847,8,1.30566,1,0.0210456
740,7610.9,436.724,128.987,8,1.41699,1,0.0208714
741,12493.3,494.793,132.668,10,1.4502,1,0.0216522
742,21119.8,535.284,134.39,12,1.51465,1,0.0216382
743,9796.23,484.945,136.764,9,1.46191,1,0.0215916
744,28475.1,483.964,120.601,13,1.41016,1,0.0204357
745,19861.3,528.528,138.03,12,1.5625,1,0.0212423
746,7457.75,500.365,136.624,8,1.50098,1,0.0204034
747,12414.2,547.779,136.624,10,1.56055,1,0.0206761
748,15946.6,562.446,137.427,11,1.56348,1,0.0217317
749,16007.6,547.09,129.493,11,1.51465,1,0.0213048
750,20762.4,571.329,137.427,12,1.58691,1,0.0213117
751,27708.1,590.237,136.902,13,1.57422,1,0.0213234
752,10114.9,619.738,137.914,9,1.67676,1,0.0221173
753,12771.5,544.706,137.037,10,1.56543,1,0.0207334
754,20656.9,613.714,137.3,12,1.62305,1,0.0218009
755,16660.2,657.292,137.553,11,1.65723,1,0.0213444
756,9924.2,635.067,137.037,9,1.65137,1,0.0216907
757,13006.3,630.234,138.363,10,1.69629,1,0.0222531
758,28043,732.657,137.037,13,1.69629,1,0.0214865
759,14841.9,626.464,137.427,11,1.66406,1,0.0209481
760,12545.3,720.671,341.411,10,1.81152,2,0.0208364
761,60240.2,757.937,137.037,15,1.72754,1,0.0206301
762,16331.7,721.849,139.238,11,1.77344,1,0.021213
763,21152.8,706.011,408.585,12,1.80176,2,0.0213288
764,15354.6,667.249,136.624,11,1.69531,1,0.0211851
765,19995.2,751.809,137.796,12,1.79297,1,0.0212492
766,57028.4,739.998,137.796,15,1.74512,1,0.0212439
767,16037.9,646.976,138.254,11,1.70801,1,0.0212855
768,37431.3,757.784,137.553,14,1.79297,1,0.0214801
769,15992.4,680.216,137.675,11,1.73535,1,0.0221149
770,27647.8,796.777,138.254,13,1.8125,1,0.0221698
771,39303.4,839.844,392.952,14,1.91113,2,0.0219399
772,12333.8,768.619,416.405,10,1.89746,2,0.0217154
773,40027.7,849.169,138.872,14,1.86523,1,0.0225648
774,297757,1239.74,365.751,18,1.97852,2,0.0224566
775,26853,938.455,408.585,13,2.00879,2,0.0232426
776,20368.6,940.993,415.735,12,2.03809,2,0.0227258
777,27945.8,909.3,403.121,13,1.97461,2,0.0220433
778,39565.4,1009.96,385.652,14,2.02539,2,0.0220229
779,164049,1366.75,139.796,17,1.99121,1,0.0228955
780,93726.7,1220.22,419.622,16,2.20996,2,0.0230214
781,95540.5,1343.16,418.997,16,2.29492,2,0.0233649
782,28119.9,1145.95,423.179,13,2.21875,2,0.0229201
783,165482,1590.33,423.179,17,2.33203,2,0.0221807
784,94954.7,1644.8,428.738,16,2.54004,2,0.0248738
785,166585,1788.66,426.375,17,2.49316,2,0.0236578
786,298859,2452.44,431.173,18,2.84863,2,0.0251308
787,96340.8,1946.77,429.6,16,2.66113,2,0.0246781
788,3.3616e+07,34897.7,428.738,25,2.70703,2,0.0247005
789,2.14395e+06,8558.45,946.193,21,4.03418,3,0.0341744
790,1.68417e+07,42848.1,953.029,24,4.17578,3,0.0364364
791,2.14769e+06,10678.3,977.944,21,4.5,3,0.0408838
792,4.25103e+06,19436.8,1488.71,22,4.88477,4,0.0418782
793,8.45112e+06,27829.2,999.194,23,4.76953,3,0.0427621
794,8.44651e+06,42528.1,1746.82,23,5.21191,4,0.0443567
795,3.36263e+07,54703,986.145,25,4.79785,3,0.0434141
796,1.68436e+07,63926.3,1752.35,24,5.25195,4,0.0432854
797,1.34298e+08,189223,1677.82,27,4.93066,4,0.0418841
798,6.71799e+07,84451.9,998.128,26,5.07129,3,0.0439702
799,8.45198e+06,43302.6,926.292,23,4.6377,3,0.0444907
800,5.36965e+08,546768,986.145,29,4.69238,3,0.0441099
801,1.68413e+07,50297.2,1757.8,24,5.49609,4,0.0461992
802,1.68445e+07,66665.1,986.145,24,4.85645,3,0.0441857
803,1.343e+08,311958,1661.63,27,5.27734,4,0.0464692
804,4.24912e+06,27457.4,1610.84,22,5.19141,4,0.0456273
805,6.71846e+07,115351,977.944,26,4.81543,3,0.0453177
806,2.68523e+08,322798,1453.19,28,5.29785,4,0.0469678
807,6.7183e+07,119272,1645.07,26,5.39258,4,0.0489654
808,1.68421e+07,75351.4,1424.97,24,5.22559,4,0.049067
809,6.7175e+07,194147,1341.62,26,5.05762,4,0.0474823
810,6.71831e+07,148697,1457.18,26,5.18555,4,0.0480557
811,1.343e+08,344130,1648.41,27,5.47363,4,0.0509769
812,1.34296e+08,279356,1827.51,27,5.79785,4,0.0491799
813,2.68533e+08,542096,2229.67,28,5.81543,5,0.0504928
814,1.34304e+08,275255,2791.31,27,6.27148,5,0.0506543
815,1.34308e+08,353913,2838.35,27,6.44141,5,0.0518928
816,1.07385e+09,1.41666e+06,3735.08,30,6.75586,6,0.0510443
817,5.36968e+08,721829,3679.65,29,6.67773,6,0.0493501
818,3.36226e+07,134556,3665.61,25,6.5498,6,0.0487207
819,2.14759e+09,2.30755e+06,3637.32,31,6.56348,6,0.04874
820,6.71902e+07,311287,3789.31,26,6.66016,6,0.0510334
821,2.6852e+08,455953,4028.62,28,6.87891,6,0.0518101
822,5.36962e+08,671977,3572.66,29,6.59375,6,0.050775
823,1.34308e+08,274384,2199.94,27,6.02148,5,0.0502695
824,6.71617e+07,214956,3630.2,26,6.62598,6,0.0526293
825,5.36966e+08,1.00018e+06,2663.54,29,6.35547,5,0.0511217
826,3.43599e+10,3.79474e+07,2778.96,35,6.3291,5,0.0527151
827,2.68526e+08,536114,2696.01,28,6.23145,5,0.0525051
828,5.36955e+08,957083,2334.17,29,6.22363,5,0.0529232
829,1.34297e+08,252389,2654.09,27,6.04199,5,0.0515199
830,1.34299e+08,640042,1823.71,27,6.2002,4,0.0540721
831,1.07384e+09,1.39985e+06,2270.79,30,6.2832,5,0.0524514
832,1.07385e+09,1.85052e+06,1847.79,30,6.25391,5,0.0537
833,2.68525e+08,1.86107e+06,2867.41,28,7.32617,5,0.0580777
834,6.71901e+07,655495,2927.26,26,6.95312,6,0.0546831
835,2.68527e+08,1.54239e+06,3579.91,28,7.52441,6,0.0564355
836,1.07384e+09,2.01957e+06,4034.46,30,7.69824,6,0.0571483
837,1.07385e+09,2.88676e+06,5571.53,30,8.43359,7,0.0599575
838,1.07384e+09,3.40727e+06,4935.66,30,8.23438,7,0.0587813
839,2.68526e+08,1.79022e+06,5653.06,28,8.74023,7,0.062876
840,5.36967e+08,1.88354e+06,5827.94,29,8.70898,8,0.0615513
841,1.34303e+08,2.02591e+06,6292.15,27,9.18262,8,0.063762
842,1.34301e+08,1.71435e+06,5382.11,27,8.57715,7,0.0628305
843,1.07384e+09,4.96237e+06,6740.42,30,8.99805,8,0.0622748
844,2.1476e+09,4.68711e+06,6967.64,31,9.19336,9,0.0640128
845,2.68528e+08,3.2869e+06,6304.01,28,9.00488,8,0.0609854
846,2.68527e+08,2.4172e+06,5478.69,28,8.69238,7,0.06192
847,8.59006e+09,1.11555e+07,4746.72,33,8.38965,7,0.0601864
848,2.14759e+09,5.73405e+06,6839.38,31,9.24707,8,0.0648194
849,1.07385e+09,7.48607e+06,6087.62,30,8.94434,8,0.0653999
850,1.718e+10,2.94075e+07,5324.16,34,8.81934,7,0.0631923
851,2.14759e+09,1.02165e+07,5282.07,31,8.54492,7,0.0642365
852,2.1476e+09,1.03313e+07,4879.73,31,8.6582,7,0.0639758
853,2.14759e+09,5.88815e+06,4610.35,31,8.32715,7,0.0616117
854,4.29509e+09,1.44203e+07,6172.47,32,9.28711,8,0.0657048
855,5.3697e+08,7.19386e+06,7804.88,29,9.87988,9,0.067666
856,4.29509e+09,1.44453e+07,9211.3,32,9.77539,9,0.065973
857,2.14759e+09,8.05009e+06,7645.47,31,9.84375,8,0.0665663
858,8.59006e+09,1.67328e+07,7521.98,33,9.73926,8,0.0666795
859,4.29509e+09,1.13341e+07,8598.81,32,9.87305,9,0.0670423
860,1.07384e+09,5.7768e+06,7503.79,30,9.56152,8,0.0650763
861,1.07384e+09,6.20162e+06,7584.59,30,9.6748,8,0.065479
862,1.07384e+09,8.538e+06,9370.65,30,10.3281,9,0.0702301
863,4.29508e+09,9.64502e+06,6806.59,32,9.5918,8,0.0661275
864,2.14758e+09,7.87901e+06,7476.26,31,9.73047,8,0.0651227
865,2.14759e+09,1.15139e+07,9571.62,31,9.98828,9,0.0649132
866,5.36969e+08,6.48235e+06,8625.94,29,9.95508,9,0.0662735
867,2.14758e+09,1.03534e+07,8475.61,31,9.94238,9,0.0683163
868,8.59006e+09,1.23934e+07,7461.2,33,9.37402,9,0.0629751
869,2.14759e+09,8.51785e+06,7410.92,31,9.60059,8,0.0635891
870,2.1476e+09,1.17826e+07,7353.72,31,9.61719,8,0.0638018
871,1.07384e+09,7.14045e+06,8420.29,30,9.99609,9,0.0655195
872,2.14759e+09,8.343e+06,8879.13,31,10.0527,9,0.0649513
873,1.718e+10,2.61962e+07,7448.45,34,9.68652,8,0.06514
874,1.07384e+09,8.80558e+06,10218.1,30,10.6152,10,0.0696273
875,5.36973e+08,6.11637e+06,11528.4,29,10.5078,10,0.0714398
876,8.59005e+09,2.41476e+07,14575.8,33,11.2119,11,0.0729949
877,4.29508e+09,1.85925e+07,9913.74,32,10.624,9,0.0732604
878,2.14758e+09,1.32324e+07,10802.9,31,10.8066,10,0.0750524
879,2.14759e+09,2.11225e+07,11390.7,31,10.7109,10,0.0723899
880,1.718e+10,2.70195e+07,7021.28,34,9.65039,8,0.0681606
881,6.87196e+10,8.64745e+07,8892.22,36,10.2168,9,0.0699355
882,8.59005e+09,2.0344e+07,11870.6,33,11.0059,10,0.0737595
883,8.59005e+09,3.4034e+07,12141.5,33,10.8096,10,0.0722119
884,8.59006e+09,3.30382e+07,7636.89,33,9.90137,8,0.0703508
885,4.29507e+09,2.2709e+07,9223.72,32,10.375,9,0.0714262
886,4.29508e+09,2.08595e+07,7114.77,32,9.66309,8,0.0688344
887,1.07384e+09,7.94678e+06,7457.75,30,9.75098,8,0.068867
888,8.59006e+09,1.79364e+07,7077.08,33,9.4209,9,0.0657517
889,4.29509e+09,1.82307e+07,6784.62,32,9.44531,8,0.0657651
890,4.29508e+09,1.1685e+07,5623.83,32,8.92676,7,0.0652241
891,4.29508e+09,2.70232e+07,5765.02,32,9.21582,8,0.0645891
892,1.718e+10,4.46358e+07,5478.69,34,9.11621,7,0.0648513
893,4.29509e+09,2.34408e+07,4870.34,32,8.91797,7,0.0667751
894,4.29508e+09,1.84244e+07,5541.02,32,9.05469,7,0.0645998
895,8.59006e+09,2.08123e+07,4708.09,33,8.82812,7,0.0629801
896,8.59004e+09,4.95761e+07,5563.94,33,9.45605,7,0.0672332
897,4.29509e+09,3.46745e+07,6571.63,32,9.66992,8,0.0691914
898,6.87196e+10,9.50591e+07,4794.62,36,8.94531,7,0.0658648
899,6.87196e+10,9.74965e+07,3835.74,36,8.89648,6,0.0670746
900,1.718e+10,8.93936e+07,4102.47,34,9.06641,6,0.0687779
901,1.718e+10,8.30388e+07,2901.94,34,8.68066,6,0.0658855
902,6.87196e+10,1.40664e+08,4600.48,36,9.06445,7,0.0665831
903,5.49756e+11,5.90568e+08,3796.01,39,8.62305,6,0.0648939
904,8.59006e+09,3.76361e+07,2838.35,33,8.12695,5,0.0629768
905,1.718e+10,6.77533e+07,3665.61,34,8.41211,6,0.0645451
906,1.718e+10,1.1902e+08,4775.51,34,9.3916,7,0.0711028
907,8.59005e+09,4.53044e+07,4066.35,33,9.00098,7,0.0680697
908,3.43599e+10,1.62826e+08,4698.39,35,9.18262,7,0.0664992
909,3.43599e+10,9.99393e+07,7372.91,35,9.9541,8,0.0714674
910,8.59006e+09,8.66662e+07,7155.67,33,10.2002,8,0.0709571
911,1.718e+10,1.00906e+08,9085.59,34,10.9697,9,0.0733133
912,6.87196e+10,2.13168e+08,7114.77,36,10.4326,8,0.073443
913,8.59006e+09,5.58694e+07,9260.83,33,10.7783,9,0.0729772
914,1.718e+10,8.41189e+07,9489.92,34,10.7578,9,0.073443
915,1.718e+10,1.15115e+08,8124.35,34,10.8916,9,0.076594
916,3.43599e+10,1.08994e+08,9913.74,35,10.9658,9,0.0735355
917,1.37439e+11,2.50405e+08,11649.1,37,11.417,10,0.0752957
918,6.87196e+10,1.51874e+08,9850.21,36,10.9629,9,0.0758481
919,1.718e+10,9.55146e+07,9796.23,34,11.2979,9,0.076206
920,3.43599e+10,1.00284e+08,8224.01,35,10.7119,9,0.0759182
921,3.43599e+10,1.74505e+08,7610.9,35,10.7178,8,0.073688
922,5.49756e+11,8.05141e+08,7305.25,39,10.6494,8,0.0747258
923,3.43599e+10,2.17936e+08,7593.39,35,10.6387,8,0.074045
924,3.43599e+10,1.64566e+08,7042.23,35,10.4717,8,0.0731361
925,6.87196e+10,1.3422e+08,7626.77,36,10.6318,9,0.0747152
926,2.19902e+12,2.30274e+09,9536.79,41,11.1543,9,0.0760616
927,3.43599e+10,1.19111e+08,7566.87,35,10.4756,8,0.0744433
928,1.37439e+11,2.93443e+08,7557.96,37,10.6533,8,0.0792817
929,1.718e+10,1.15212e+08,9406.74,34,11.042,9,0.0783683
930,6.87196e+10,2.82132e+08,7305.25,36,10.9043,8,0.0785407
931,6.87196e+10,2.72937e+08,9394.74,36,11.083,9,0.0780172
932,1.718e+10,1.04441e+08,8181.42,34,10.9609,9,0.0807174
933,1.37439e+11,4.26971e+08,6850.26,37,10.5127,8,0.0745765
934,1.09951e+12,2.59782e+09,7448.45,40,10.7891,8,0.0781853
935,5.49756e+11,9.74005e+08,7094.17,39,11.0908,8,0.0843601
936,1.37439e+11,3.10105e+08,7824.31,37,10.9482,8,0.0777627
937,6.87196e+10,2.08402e+08,9501.69,36,11.1855,9,0.0801061
938,6.87196e+10,3.14873e+08,7265.96,36,10.8867,8,0.0795556
939,5.49756e+11,1.37098e+09,6904.35,39,10.6631,8,0.0804248
940,2.74878e+11,5.90931e+08,6280.26,38,10.6025,8,0.0793867
941,2.74878e+11,9.83263e+08,4669.19,38,10.5811,7,0.0790077
942,1.37439e+11,9.15556e+08,7021.28,37,10.877,8,0.0803952
943,6.87196e+10,4.67847e+08,6904.35,36,10.6416,8,0.0806779
944,6.87196e+10,1.40316e+08,5230.83,36,9.91016,7,0.0761886
945,6.87196e+10,4.88688e+08,9871.54,36,11.7178,9,0.0821829
946,1.37439e+11,9.18499e+08,7611.81,37,11.2275,9,0.0805267
947,1.09951e+12,2.48421e+09,9489.92,40,11.6367,9,0.0845792
948,1.37439e+11,4.44002e+08,8350.66,37,11.3945,9,0.080546
949,1.37439e+11,9.68344e+08,7540.04,37,11.3604,8,0.0807094
950,6.87196e+10,3.57573e+08,9442.57,36,11.3926,9,0.0801036
951,1.09951e+12,1.82159e+09,11899.6,40,11.9033,10,0.0822458
952,6.87196e+10,4.93183e+08,12238.5,36,11.9512,10,0.0811663
953,1.37439e+11,5.05449e+08,9489.92,37,11.3916,9,0.0810053
954,2.19902e+12,3.08271e+09,10046.5,41,11.6406,9,0.0827027
955,2.74878e+11,6.12578e+08,9629.02,38,11.3057,9,0.0795576
956,6.87196e+10,3.89721e+08,8475.61,36,11.3594,9,0.0784519
957,1.37439e+11,5.31983e+08,12453.9,37,12.0518,10,0.0826548
958,5.49756e+11,1.1758e+09,9198.85,39,11.334,9,0.0794835
959,1.09951e+12,2.24345e+09,9629.02,40,11.6143,9,0.0806072
960,5.49756e+11,1.23445e+09,7503.79,39,10.8164,8,0.0777493
961,2.74878e+11,5.06419e+08,6124.09,38,10.0488,8,0.0726106
962,3.43599e+10,3.99341e+08,9161.33,35,10.8691,9,0.0788491
963,3.43599e+10,2.11319e+08,11156.4,35,11.3516,10,0.0787163
964,5.49756e+11,1.68967e+09,9173.87,39,11.2285,9,0.0784939
965,5.49756e+11,1.16155e+09,14025.5,39,12.3262,11,0.0852432
966,1.09951e+12,1.56832e+09,14824.4,40,12.252,11,0.0840205
967,2.74878e+11,1.04916e+09,14806.8,38,12.7383,11,0.0853893
968,2.74878e+11,6.46494e+08,12238.5,38,11.8125,10,0.0814332
969,1.09951e+12,1.97456e+09,18714.1,40,13.0332,12,0.0855413
970,5.49756e+11,1.39467e+09,11942.9,39,12.0518,10,0.0828682
971,2.74878e+11,6.9311e+08,15632.5,38,12.3789,11,0.0824982
972,5.49756e+11,1.82688e+09,19269.5,39,13.1514,12,0.0871046
973,5.49756e+11,1.50949e+09,19647.6,39,13.3428,12,0.0886502
974,3.51844e+13,3.52279e+10,19822.7,45,13.1797,12,0.089585
975,2.74878e+11,9.47644e+08,11928.5,38,12.2178,10,0.0879424
976,1.37439e+11,5.59515e+08,12413,37,12.1123,11,0.0894271
977,6.87196e+10,4.61956e+08,12057.2,36,11.9023,10,0.0843959
978,4.39805e+12,5.65e+09,12057.2,42,12.332,10,0.0872537
979,5.49756e+11,1.75631e+09,12333.8,39,12.4912,10,0.0881369
980,1.37439e+11,4.70896e+08,10149.6,37,11.9756,10,0.0854273
981,1.09951e+12,2.50472e+09,15502.9,40,12.7324,11,0.0904734
982,5.49756e+11,1.50515e+09,9123.58,39,11.6846,9,0.0845832
983,1.37439e+11,7.2348e+08,14859.2,37,12.4482,12,0.0898661
984,4.39805e+12,7.04445e+09,12960.2,42,12.3525,11,0.0868162
985,1.37439e+11,7.53988e+08,18160.4,37,13.125,12,0.0890236
986,5.49756e+11,1.2506e+09,19127.5,39,13.3877,12,0.0934145
987,5.49756e+11,1.1715e+09,15568,39,12.8604,11,0.0859388
988,8.79609e+12,1.01689e+10,24706.1,43,13.6104,13,0.0917613
989,1.09951e+12,2.2562e+09,17545,40,13.1055,12,0.0889392
990,2.74878e+11,1.01915e+09,19647.6,38,13.248,12,0.091174
991,1.37439e+11,5.06994e+08,12265.9,37,12.2471,10,0.0852158
992,1.37439e+11,5.64868e+08,14118.8,37,11.9805,11,0.0853003
993,2.74878e+11,7.57619e+08,13607.7,38,12.291,11,0.0862955
994,1.75922e+13,2.65097e+10,12028.8,44,12.082,10,0.0842537
995,8.79609e+12,1.06787e+10,13665.4,43,12.5117,11,0.085962
996,1.09951e+12,1.60665e+09,23401.1,40,13.5107,13,0.0906962
997,5.49756e+11,2.55476e+09,18375.4,39,13.3232,12,0.0907779
998,1.09951e+12,2.75236e+09,15337.9,40,12.7686,11,0.085647
999,5.49756e+11,1.75168e+09,18755.9,39,13.1816,12,0.0873591
1000,2.74878e+11,1.07741e+09,12596.7,38,12.0703,10,0.0818372
1001,1.37439e+11,8.20471e+08,15791.4,37,12.9502,11,0.085204
1002,4.39805e+12,6.03941e+09,15931.2,42,12.875,11,0.0835781
1003,5.49756e+11,1.85071e+09,36870.1,39,14.5254,14,0.0896456
1004,2.74878e+11,1.3219e+09,18332.6,38,13.4824,12,0.0875602
1005,5.49756e+11,2.02342e+09,35539.5,39,14.6572,14,0.093714
1006,5.49756e+11,2.68023e+09,25308.4,39,13.8281,13,0.0913096
1007,6.87196e+10,7.32654e+08,19066.2,36,13.4033,12,0.085877
1008,4.39805e+12,9.14685e+09,26788,42,14.0801,13,0.0910625
1009,2.19902e+12,3.23983e+09,20514,41,13.54,12,0.0883788
1010,1.09951e+12,2.41402e+09,20639.1,40,13.7295,12,0.0907557
1011,5.49756e+11,2.16529e+09,20239.6,39,13.6475,12,0.0898446
1012,2.74878e+11,9.92142e+08,20239.6,38,13.4238,12,0.0873601
1013,2.74878e+11,1.25546e+09,20295.1,38,13.5898,12,0.0874232
1014,1.09951e+12,2.21081e+09,18651.1,40,13.2119,12,0.0863967
1015,2.19902e+12,7.1535e+09,15900.4,41,13.5615,11,0.0878909
1016,5.49756e+11,1.39332e+09,16083,39,13.2549,11,0.0873943
1017,1.09951e+12,2.497e+09,19168.2,40,13.2754,12,0.0877208
1018,5.49756e+11,1.81651e+09,27708.1,39,14.2266,13,0.0907031
1019,2.74878e+11,2.38957e+09,25731.1,38,14.4521,13,0.0929142
1020,2.74878e+11,1.49366e+09,20969,38,14.0205,12,0.08978
1021,1.09951e+12,3.1641e+09,26700.9,40,14.1904,13,0.0915021
1022,2.19902e+12,4.06436e+09,38290,41,14.499,14,0.0914368
1023,1.09951e+12,3.67931e+09,39347.5,40,14.8486,14,0.0928857
1024,1.09951e+12,2.00069e+09,36107.3,40,14.3643,14,0.0931753
1025,1.37439e+11,7.54864e+08,39012.3,37,15.1309,14,0.0954672
1026,2.19902e+12,4.3295e+09,57874.9,41,15.4482,15,0.0964374
1027,5.49756e+11,2.14675e+09,58375.6,39,15.9775,15,0.100955
1028,1.09951e+12,3.47166e+09,56407.1,40,15.7148,15,0.102001
1029,2.74878e+11,1.92748e+09,56972.6,38,15.7314,15,0.100091
1030,1.75922e+13,2.02107e+10,89936.8,44,15.9053,16,0.100888
1031,1.09951e+12,5.7136e+09,57000.5,40,15.9541,15,0.104508
1032,4.39805e+12,7.60676e+09,95319.7,42,16.9375,16,0.106991
1033,4.39805e+12,7.5406e+09,94697.7,42,16.874,16,0.107032
1034,2.19902e+12,7.06796e+09,95485.6,41,16.9561,16,0.10768
1035,1.09951e+12,3.3453e+09,91403,40,16.3926,16,0.103188
1036,1.09951e+12,6.02799e+09,92525.7,40,16.2529,16,0.103041
1037,4.39805e+12,7.63927e+09,57305.3,42,15.9277,15,0.102472
1038,2.19902e+12,5.77963e+09,57981.5,41,15.8936,15,0.0998047
1039,2.19902e+12,7.31817e+09,57222.6,41,15.6846,15,0.0997954
1040,5.49756e+11,3.52041e+09,38989.6,39,15.166,14,0.0970777
1041,5.49756e+11,4.27264e+09,92682.7,39,16.0078,16,0.100264
1042,2.19902e+12,6.25659e+09,56663.2,41,15.7041,15,0.0977492
1043,4.39805e+12,9.16252e+09,93726.7,42,16.3848,16,0.104717
1044,4.39805e+12,8.77645e+09,90409.6,42,16.1455,16,0.106235
1045,2.19902e+12,5.33609e+09,93936.3,41,16.3369,16,0.104644
1046,1.09951e+12,4.73839e+09,58936.8,40,15.8408,15,0.10223
1047,2.19902e+12,5.28504e+09,56407.1,41,15.3857,15,0.0989127
1048,2.19902e+12,5.85654e+09,56435.7,41,15.9082,15,0.103091
1049,2.74878e+11,1.3882e+09,57794.5,38,15.6689,15,0.0985869
1050,5.6295e+14,5.87344e+11,56521.3,49,15.6641,15,0.100207
1051,8.79609e+12,1.23405e+10,37755.3,43,14.5625,14,0.0935569
1052,2.19902e+12,5.53354e+09,54511.5,41,14.9951,15,0.09576
1053,1.37439e+11,8.32239e+08,51154.8,37,14.625,15,0.0946498
1054,1.09951e+12,3.63085e+09,56888.7,40,15.2832,15,0.0980973
1055,1.09951e+12,3.62367e+09,54204.4,40,15.1348,15,0.0963931
1056,5.49756e+11,1.84965e+09,37101.6,39,14.7158,14,0.0943524
1057,8.79609e+12,1.48583e+10,38966.9,43,14.7188,14,0.0945547
1058,2.81475e+14,2.96407e+11,59233.9,48,16.1543,15,0.103139
1059,2.19902e+12,6.82313e+09,39035,41,15.2305,14,0.0988395
1060,8.79609e+12,1.71008e+10,55027.1,43,15.3799,15,0.0988979
1061,2.19902e+12,6.20842e+09,57632.8,41,15.3398,15,0.0995757
1062,4.39805e+12,1.73182e+10,57111.9,42,16.0762,15,0.10073
1063,2.19902e+12,6.71482e+09,55945.1,41,15.5605,15,0.0987927
1064,2.19902e+12,5.73589e+09,37951.7,41,15.335,14,0.0984644
1065,3.51844e+13,3.80112e+10,38966.9,45,15.0166,14,0.0960632
1066,8.79609e+12,1.75223e+10,39693.9,43,15.4629,14,0.101085
1067,2.19902e+12,1.32825e+10,91695.5,41,15.9326,16,0.10061
1068,4.39805e+12,1.9318e+10,56578.2,42,15.9434,15,0.101925
1069,4.39805e+12,1.88979e+10,58087.5,42,16.1641,15,0.100815
1070,4.39805e+12,1.21794e+10,56177.1,42,16.3027,15,0.104985
1071,2.19902e+12,1.2021e+10,89732.4,41,16.3779,16,0.103181
1072,8.79609e+12,2.74683e+10,58556.4,43,15.9688,15,0.100233
1073,4.39805e+12,8.97809e+09,38989.6,42,15.4854,14,0.0991385
1074,1.75922e+13,3.5539e+10,36373.2,44,15.0537,14,0.0975133
1075,3.51844e+13,4.50243e+10,24112.2,45,14.5459,13,0.0975546
1076,3.51844e+13,4.91592e+10,58582.1,45,16.1787,15,0.104434
1077,1.40737e+14,2.56623e+11,17116.8,47,13.9199,12,0.0954227
1078,1.40737e+14,1.46569e+11,57167.3,47,15.8389,15,0.10146
1079,1.75922e+13,5.70151e+10,93332.5,44,16.8486,16,0.107681
1080,7.03687e+13,1.52964e+11,58297.5,46,16.6875,15,0.105608
1081,1.75922e+13,5.87305e+10,38361.6,44,15.875,14,0.102295
1082,8.79609e+12,3.85336e+10,37229,43,15.7578,14,0.10263
1083,1.75922e+13,6.47872e+10,38690.9,44,15.7354,14,0.101853
1084,8.79609e+12,1.73816e+10,38527.2,43,15.7715,14,0.104596
1085,2.81475e+14,2.99194e+11,38574.1,48,15.9092,14,0.104168
1086,2.81475e+14,3.09721e+11,157683,48,17.4062,17,0.116197
1087,8.79609e+12,3.25489e+10,56663.2,43,16.6729,15,0.107643
1088,8.79609e+12,4.91574e+10,58530.7,43,16.7158,15,0.109247
1089,1.75922e+13,6.30169e+10,54204.4,44,16.4834,15,0.109307
1090,1.40737e+14,1.65434e+11,55740.4,47,16.1152,15,0.107094
1091,7.03687e+13,8.7035e+10,57084.1,46,16.4033,15,0.111357
1092,3.51844e+13,1.00166e+11,37951.7,45,16.4863,14,0.110244
1093,7.03687e+13,9.87849e+10,91107.9,46,17.1533,16,0.119336
1094,8.79609e+12,5.11349e+10,56972.6,43,16.6396,15,0.111551
1095,3.51844e+13,9.27085e+10,37631.3,45,16.0254,14,0.107804
1096,7.03687e+13,1.06387e+11,92367.8,46,17.2998,16,0.114392
1097,8.79609e+12,3.13045e+10,58401.6,43,17.0381,15,0.110916
1098,2.81475e+14,3.11932e+11,38667.6,48,16.0459,14,0.108801
1099,1.40737e+14,2.08775e+11,57084.1,47,16.6611,15,0.110967
1100,1.75922e+13,3.47353e+10,28690.1,44,15.541,13,0.105029
1101,4.39805e+12,3.51866e+10,27926.2,42,15.6455,13,0.106304
1102,2.81475e+14,3.85709e+11,34509.6,48,15.4756,14,0.105582
1103,8.79609e+12,3.88887e+10,55326.4,43,16.3242,15,0.108734
1104,2.81475e+14,6.16636e+11,27505.5,48,15.4092,13,0.103405
1105,4.39805e+12,2.60208e+10,24876.4,42,14.543,13,0.10311
1106,1.40737e+14,1.75039e+11,26414,47,15.1836,13,0.105121
1107,8.79609e+12,2.6945e+10,22750.5,43,14.5928,13,0.103295
1108,1.09951e+12,7.63219e+09,18396.8,40,13.6504,12,0.0987206
1109,3.51844e+13,6.54833e+10,19957.1,45,13.8174,12,0.0998798
1110,3.51844e+13,6.38688e+10,26144.2,45,14.3467,13,0.101011
1111,2.2518e+15,2.20782e+12,37606.4,51,14.9355,14,0.105182
1112,2.19902e+12,6.49688e+09,11679,41,12.1807,10,0.0918812
1113,1.75922e+13,4.4732e+10,15904,44,13.4863,12,0.0979781
1114,2.81475e+14,3.28463e+11,37681,48,15.2119,14,0.104086
1115,1.1259e+15,1.46659e+12,25823.7,50,15.0312,13,0.107352
1116,8.79609e+12,3.76422e+10,14876.9,43,13.6133,11,0.101502
1117,1.40737e+14,2.44359e+11,15519.2,47,13.3252,11,0.0980935
1118,7.03687e+13,1.80159e+11,26744.5,46,15.0068,13,0.106451
1119,3.51844e+13,1.06396e+11,23401.1,45,15.0137,13,0.10827
1120,3.51844e+13,1.39572e+11,19784,45,14.8311,12,0.110413
1121,3.51844e+13,1.04077e+11,14629.5,45,13.8086,11,0.103394
1122,5.6295e+14,5.86511e+11,12779.5,49,13.248,11,0.103116
1123,1.75922e+13,7.17986e+10,18354.1,44,14.4668,12,0.111528
1124,3.51844e+13,8.01577e+10,14539.8,45,13.9492,11,0.104571
1125,4.39805e+12,2.44849e+10,16118,42,14.3018,12,0.10678
1126,3.51844e+13,9.01611e+10,18776.8,45,14.2959,12,0.107626
1127,1.40737e+14,2.56859e+11,15519.2,47,13.5908,11,0.101635
1128,3.51844e+13,1.34457e+11,19995.2,45,15.209,12,0.111119
1129,2.81475e+14,3.45616e+11,38121.8,48,16.2607,14,0.117794
1130,2.81475e+14,4.55557e+11,54785.5,48,17.1182,15,0.119386
1131,9.0072e+15,1.44455e+13,37976.1,53,16.6592,14,0.126396
1132,7.03687e+13,1.8771e+11,26007.6,46,15.8301,13,0.12016
1133,1.40737e+14,2.78489e+11,25846.8,47,15.665,13,0.120746
1134,1.40737e+14,4.11202e+11,19918.9,47,15.2188,12,0.118886
1135,1.40737e+14,4.72106e+11,25093.5,47,15.6514,13,0.120856
1136,7.03687e+13,2.35458e+11,22908,46,15.7959,13,0.119262
1137,1.80144e+16,1.77333e+13,25777.5,54,16.1621,13,0.12353
1138,2.2518e+15,2.64346e+12,50518.4,51,17.501,15,0.129575
1139,7.03687e+13,2.14215e+11,36373.2,46,17.2793,14,0.126282
1140,1.1259e+15,1.69788e+12,28309,50,16.5811,13,0.124155
1141,3.51844e+13,1.96325e+11,37127.1,45,16.8643,14,0.126123
1142,1.1259e+15,2.09623e+12,24997.3,50,15.8623,13,0.118673
1143,1.40737e+14,8.34492e+11,26569.2,47,15.9648,13,0.117501
1144,1.1259e+15,1.47014e+12,27505.5,50,16.0312,13,0.119088
1145,7.03687e+13,2.44302e+11,53769.7,46,16.8711,15,0.118939
1146,4.5036e+15,4.59015e+12,90510.2,52,17.5986,16,0.123024
1147,2.81475e+14,5.23332e+11,89216.9,48,17.748,16,0.122256
1148,5.6295e+14,6.64415e+11,57740.8,49,17.5801,15,0.121653
1149,7.03687e+13,2.59666e+11,89868.8,46,17.6748,16,0.124189
1150,1.1259e+15,1.4671e+12,57578.6,50,17.7412,15,0.12274
1151,2.81475e+14,6.12989e+11,93666.4,48,18.2793,16,0.129147
1152,1.80144e+16,1.77806e+13,57111.9,54,17.5439,15,0.124044
1153,2.81475e+14,6.86877e+11,89355,48,17.8555,16,0.123519
1154,2.81475e+14,8.53487e+11,159543,48,18.8701,17,0.131777
1155,2.81475e+14,5.53093e+11,94143.9,48,18.2275,16,0.127372
1156,1.40737e+14,2.56502e+11,57551.4,47,17.3984,15,0.123564
1157,7.03687e+13,2.81681e+11,56492.8,46,17.3311,15,0.124178
1158,1.1259e+15,1.31005e+12,56378.4,50,17.4531,15,0.123988
1159,3.51844e+13,1.45981e+11,37050.4,45,16.0742,14,0.115074
1160,1.40737e+14,2.80827e+11,27361.3,47,16.1865,13,0.116488
1161,7.03687e+13,1.89833e+11,37951.7,46,16.6055,14,0.121528
1162,4.5036e+15,5.774e+12,39391.5,52,17.1709,14,0.124962
1163,4.5036e+15,4.83859e+12,56776.2,52,16.7598,15,0.124969
1164,4.5036e+15,4.71971e+12,90975.9,52,17.4258,16,0.12936
1165,2.81475e+14,1.34726e+12,32765.8,48,16.3359,14,0.123146
1166,1.1259e+15,1.97492e+12,24386.2,50,15.7578,13,0.12339
1167,2.2518e+15,3.28203e+12,25165.4,51,15.4766,13,0.118994
1168,4.5036e+15,6.78338e+12,54906.6,52,16.9873,15,0.130743
1169,5.6295e+14,1.23776e+12,54724.8,49,16.916,15,0.131791
1170,5.6295e+14,1.82483e+12,87776.4,49,17.4824,16,0.1336
1171,1.1259e+15,3.12459e+12,51914,50,17.2002,15,0.134065
1172,1.80144e+16,1.96242e+13,27067.4,54,16.291,13,0.128723
1173,2.2518e+15,3.27171e+12,33909.2,51,15.9541,14,0.130249
1174,9.0072e+15,1.12096e+13,34679,53,15.7627,14,0.126417
1175,1.1259e+15,2.77795e+12,54296.8,50,16.999,15,0.130722
1176,1.44115e+17,1.42167e+14,58323.6,57,16.8721,15,0.12742
1177,1.80144e+16,4.20146e+13,56206,54,17.209,15,0.130841
1178,7.20576e+16,7.76743e+13,55445.3,56,17.0137,15,0.128728
1179,1.44115e+17,1.94021e+14,158585,57,19.1895,17,0.154636
1180,1.80144e+16,4.65491e+13,162182,54,19.4814,17,0.150612
1181,7.20576e+16,8.21106e+13,56606.6,56,17.4648,15,0.139285
1182,2.2518e+15,8.77395e+12,296429,51,19.8008,18,0.154829
1183,4.5036e+15,6.73854e+12,94954.7,52,18.5469,16,0.143727
1184,9.0072e+15,2.5112e+13,158882,53,18.6562,17,0.145238
1185,3.60288e+16,4.52149e+13,158212,55,18.4541,17,0.141171
1186,7.20576e+16,9.74171e+13,159942,56,18.8994,17,0.145461
1187,1.80144e+16,4.34108e+13,90510.2,54,17.8711,16,0.140633
1188,1.80144e+16,3.79013e+13,51453.4,54,16.8008,15,0.13369
1189,1.40737e+14,1.27657e+12,89902.8,47,17.3809,16,0.133461
1190,1.1259e+15,1.59947e+12,158585,50,18.0547,17,0.135537
1191,9.0072e+15,1.62653e+13,92399.4,53,18.0264,16,0.139149
1192,9.0072e+15,2.40405e+13,92651.3,53,17.9307,16,0.136354
1193,3.60288e+16,1.33126e+14,156842,55,17.8535,17,0.140368
1194,3.60288e+16,5.90919e+13,89492.6,55,17.2754,16,0.132723
1195,1.80144e+16,3.57422e+13,56435.7,54,17.3652,15,0.134505
1196,7.20576e+16,8.18722e+13,56321.1,56,17.6045,15,0.140923
1197,1.80144e+16,3.05153e+13,26831.4,54,16.5938,13,0.134275
1198,2.2518e+15,6.87461e+12,35594.1,51,16.5234,14,0.12978
1199,7.20576e+16,2.57764e+14,55740.4,56,17.2861,15,0.136082
1200,9.0072e+15,1.38659e+13,34594.4,53,16.4648,14,0.129304
1201,3.60288e+16,5.62905e+13,14557.8,55,14.3408,11,0.114468
1202,7.20576e+16,8.18109e+13,26982.1,56,16.2422,13,0.129545
1203,1.80144e+16,3.64121e+13,92682.7,54,17.7725,16,0.142157
1204,4.5036e+15,6.37028e+12,35429.9,52,15.5391,14,0.127109
1205,5.76461e+17,6.97914e+14,93117.6,59,17.9502,16,0.153336
1206,4.61169e+18,5.09925e+15,158362,62,18.9092,17,0.150329
1207,3.60288e+16,1.27995e+14,92588.6,55,18.1758,16,0.145951
1208,1.44115e+17,3.00729e+14,161497,57,18.4443,17,0.145442
1209,7.20576e+16,2.09417e+14,89595.5,56,18.4346,16,0.146189
1210,7.20576e+16,1.50888e+14,93786.7,56,18.5391,16,0.152376
1211,4.61169e+18,5.03815e+15,159104,62,18.3779,17,0.146147
1212,1.44115e+17,3.11783e+14,91695.5,57,18.1641,16,0.142131
1213,4.61169e+18,4.90556e+15,91598.3,62,18.1367,16,0.14453
1214,9.22337e+18,9.09783e+15,93696.6,63,18.2119,16,0.143819
1215,4.61169e+18,4.74565e+15,293432,62,19.251,18,0.154041
1216,1.15292e+18,1.61421e+15,289692,60,19.4834,18,0.15755
1217,9.22337e+18,9.91509e+15,161910,63,19.1846,17,0.160012
1218,1.44115e+17,4.12791e+14,160050,57,18.7041,17,0.146482
1219,1.84467e+19,1.87642e+16,54572.6,64,17.1484,15,0.13894
1220,3.68935e+19,3.6911e+16,54358.3,65,17.333,15,0.146209
1221,1.47574e+20,1.47072e+17,158956,67,18.8184,17,0.154046
1222,1.15292e+18,3.89114e+15,160014,60,19.4932,17,0.163321
1223,5.76461e+17,1.48182e+15,294032,59,19.7539,18,0.158758
1224,2.8823e+17,4.8444e+14,157531,58,18.835,17,0.155209
1225,4.72237e+21,4.64972e+18,154560,72,19.2695,17,0.160043
1226,5.76461e+17,1.17112e+15,84389.2,59,17.9863,16,0.148428
1227,5.76461e+17,1.31403e+15,93726.7,59,18.7139,16,0.157202
1228,9.22337e+18,9.45138e+15,37076,63,16.9268,14,0.142036
1229,1.15292e+18,2.01883e+15,92494.1,60,18.5723,16,0.153141
1230,2.8823e+17,5.37572e+14,90038.6,58,18.1074,16,0.154086
1231,1.84467e+19,2.00438e+16,33209.8,64,16.7334,14,0.141901
1232,9.22337e+18,1.8961e+16,57195,63,17.4707,15,0.151495
1233,7.3787e+19,9.0337e+16,34875.6,66,16.3145,14,0.144642
1234,1.15292e+18,2.86499e+15,52337.3,60,17.0293,15,0.144202
1235,4.61169e+18,7.57368e+15,90207.7,62,18.7793,16,0.153814
1236,3.68935e+19,3.97456e+16,155987,65,19.2812,17,0.158639
1237,1.15292e+18,2.25991e+15,88974.2,60,19.3867,16,0.156456
1238,2.30584e+18,5.79507e+15,160230,61,20.1465,17,0.169554
1239,2.30584e+18,4.82493e+15,156957,61,19.4707,17,0.158268
1240,7.3787e+19,7.3609e+16,89664,66,19.0605,16,0.158229
1241,5.90296e+20,5.86393e+17,23246.3,69,17.332,13,0.147049
1242,1.15292e+18,1.69501e+15,10916.6,60,14.6943,10,0.125529
1243,1.15292e+18,1.9172e+15,34537.9,60,17.6562,14,0.146188
1244,2.8823e+17,7.60538e+14,32884.7,58,17.1309,14,0.140095
1245,2.30584e+18,4.24129e+15,89902.8,61,18.3545,16,0.152316
1246,1.84467e+19,2.3617e+16,86292.2,64,18.0596,16,0.150238
1247,2.30584e+18,2.84931e+15,88974.2,61,18.6729,16,0.160438
1248,5.90296e+20,5.78508e+17,91337.6,69,19.0869,16,0.160039
1249,1.84467e+19,1.92243e+16,23911,64,17.1768,13,0.141658
1250,9.22337e+18,1.97783e+16,23885.7,63,16.8838,13,0.146906
1251,1.84467e+19,2.42428e+16,15471.1,64,15.7969,12,0.14046
1252,2.95148e+20,2.98834e+17,10472,68,15.3477,10,0.130527
1253,7.20576e+16,1.75616e+14,6256.44,56,13.9248,8,0.118225
1254,1.15292e+18,2.72134e+15,22881.8,60,16.2861,13,0.139278
1255,3.68935e+19,4.25813e+16,26053.3,65,17.0088,13,0.138626
1256,5.76461e+17,1.11069e+15,52724.4,59,17.9199,15,0.156381
1257,4.61169e+18,8.05504e+15,35730.2,62,17.626,14,0.155013
1258,2.95148e+20,2.88842e+17,157073,68,19.0176,17,0.169746
1259,5.90296e+20,9.3804e+17,155238,69,19.6182,17,0.172098
1260,1.44115e+17,3.77673e+14,286045,57,20.0547,18,0.176835
1261,1.84467e+19,2.56601e+16,296467,64,20.5205,18,0.177358
1262,5.76461e+17,1.69056e+15,289391,59,20.1914,18,0.175449
1263,2.30584e+18,4.70149e+15,156416,61,19.5361,17,0.167368
1264,9.22337e+18,1.20095e+16,556089,63,20.8828,19,0.178668
1265,1.15292e+18,2.75118e+15,1.08431e+06,60,21.6416,20,0.193042
1266,4.61169e+18,6.19347e+15,553957,62,21.1953,19,0.185
1267,2.30584e+18,3.94917e+15,297539,61,20.8057,18,0.17977
1268,4.61169e+18,4.83632e+15,1.08582e+06,62,21.8779,20,0.185052
1269,1.44115e+17,5.5919e+14,295632,57,21.4941,18,0.192434
1270,5.76461e+17,1.33547e+15,551282,59,21.5156,19,0.182867
1271,2.95148e+20,3.31297e+17,556726,68,21.2451,19,0.182439
1272,2.30584e+18,4.18854e+15,156065,61,19.7822,17,0.174737
1273,5.90296e+20,5.96416e+17,291509,69,20.6768,18,0.185275
1274,1.47574e+20,1.4815e+17,153346,67,19.4619,17,0.176059
1275,9.22337e+18,2.50198e+16,292866,63,20.708,18,0.182961
1276,2.36118e+21,2.31791e+18,154600,71,19.291,17,0.170894
1277,4.61169e+18,1.01273e+16,89043.6,62,19.0986,16,0.175203
1278,2.30584e+18,5.65063e+15,553910,61,21.0049,19,0.183392
1279,3.68935e+19,3.95889e+16,292171,65,20.0479,18,0.176124
1280,5.76461e+17,1.7531e+15,158697,59,19.8828,17,0.174911
1281,3.68935e+19,4.2595e+16,155791,65,19.2031,17,0.174002
1282,1.15292e+18,4.26483e+15,290247,60,20.6807,18,0.177796
1283,1.47574e+20,2.17935e+17,157531,67,20.2695,17,0.174839
1284,1.84467e+19,4.92088e+16,92714,64,19.9551,16,0.178767
1285,1.47574e+20,1.95658e+17,293673,67,21.1963,18,0.181049
1286,2.30584e+18,7.87678e+15,288044,61,20.6982,18,0.175888
1287,9.22337e+18,1.49513e+16,293110,63,20.2451,18,0.178202
1288,2.30584e+18,6.09025e+15,562218,61,21.2549,19,0.182238
1289,1.84467e+19,2.61299e+16,293069,64,20.3955,18,0.177317
1290,9.22337e+18,9.5158e+15,558557,63,21.0791,19,0.184501
1291,1.84467e+19,2.90727e+16,555998,64,20.9668,19,0.181575
1292,4.61169e+18,9.5259e+15,1.08538e+06,62,21.7852,20,0.190669
1293,2.30584e+18,4.39261e+15,561222,61,21.2246,19,0.184043
1294,1.84467e+19,4.79973e+16,560886,64,21.3691,19,0.185688
1295,1.84467e+19,3.83477e+16,555539,64,21.4248,19,0.186682
1296,3.68935e+19,4.29597e+16,297025,65,21.1953,18,0.181094
1297,4.61169e+18,1.03526e+16,1.08567e+06,62,21.7383,20,0.184497
1298,4.61169e+18,8.33502e+15,291841,62,20.9473,18,0.183348
1299,9.22337e+18,1.08008e+16,158174,63,20.0469,17,0.172135
1300,1.84467e+19,3.40615e+16,554425,64,20.3975,19,0.175028
1301,3.68935e+19,4.01762e+16,296127,65,20.4932,18,0.172989
1302,1.84467e+19,2.54155e+16,52660.2,64,19.1484,15,0.162937
1303,7.3787e+19,7.7965e+16,156416,66,19.9189,17,0.174533
1304,1.84467e+19,2.09568e+16,57222.6,64,19.1523,15,0.165383
1305,1.15292e+18,3.70663e+15,559170,60,20.1641,19,0.174593
1306,5.90296e+20,5.80466e+17,1.08743e+06,69,21.0742,20,0.182554
1307,7.3787e+19,8.20384e+16,2.14338e+06,66,21.9541,21,0.187524
1308,2.30584e+18,5.05215e+15,8.43199e+06,61,22.7012,23,0.192759
1309,1.84467e+19,2.76921e+16,1.68321e+07,64,23.5322,24,0.202905
1310,4.61169e+18,1.3765e+16,3.36068e+07,62,24.1709,25,0.201825
1311,7.3787e+19,8.32461e+16,8.44055e+06,66,22.4814,23,0.192855
1312,9.22337e+18,4.86158e+16,1.34273e+08,63,25.2686,27,0.210802
1313,2.95148e+20,3.42778e+17,3.36226e+07,68,24.2031,25,0.202159
1314,1.47574e+20,2.78787e+17,6.71763e+07,67,25.1719,26,0.215731
1315,4.72237e+21,4.70041e+18,4.23464e+06,72,22.6934,22,0.193439
1316,5.90296e+20,5.85791e+17,2.14198e+06,69,22.0273,21,0.195391
1317,7.3787e+19,1.62258e+17,8.43512e+06,66,23.2285,23,0.203764
1318,1.18059e+21,1.21717e+18,1.68141e+07,70,23.9678,24,0.205998
1319,1.88895e+22,1.85548e+19,561348,74,21.7549,19,0.184717
1320,4.61169e+18,1.84244e+16,1.07968e+06,62,21.8398,20,0.194222
1321,1.47574e+20,2.41426e+17,2.1351e+06,67,22.3643,21,0.190379
1322,1.47574e+20,3.19101e+17,554004,67,21.7607,19,0.189199
1323,9.22337e+18,2.91104e+16,557447,63,21.6455,19,0.18935
1324,1.18059e+21,1.18795e+18,2.13521e+06,70,22.1514,21,0.194409
1325,3.68935e+19,9.26035e+16,1.08686e+06,65,22.2959,20,0.196451
1326,9.22337e+18,1.80498e+16,4.23722e+06,63,23.291,22,0.202397
1327,9.22337e+18,1.99048e+16,289820,63,21.3789,18,0.184657
1328,9.44473e+21,9.23227e+18,292866,73,21.2217,18,0.185995
1329,5.90296e+20,6.29726e+17,294897,69,22.0391,18,0.188897
1330,1.84467e+19,3.8488e+16,291799,64,21.541,18,0.185525
1331,9.22337e+18,4.82236e+16,289906,63,21.2188,18,0.183677
1332,1.84467e+19,6.36823e+16,291007,64,21.7861,18,0.184789
1333,2.95148e+20,3.56753e+17,558952,68,22.6953,19,0.194186
1334,2.95148e+20,3.96848e+17,558733,68,22.5049,19,0.201
1335,3.68935e+19,5.65699e+16,557402,65,22.7021,19,0.193987
1336,3.68935e+19,5.69278e+16,52434.5,65,19.792,15,0.172031
1337,7.3787e+19,2.06353e+17,156649,66,20.5273,17,0.183853
1338,2.30584e+18,9.66766e+15,52499.1,61,19.3174,15,0.169623
1339,3.68935e+19,7.23784e+16,161393,65,20.9805,17,0.188141
1340,1.18059e+21,1.50104e+18,2.13622e+06,70,22.3682,21,0.199846
1341,5.90296e+20,7.41114e+17,153509,69,20.9424,17,0.183628
1342,1.84467e+19,4.17792e+16,290247,64,21.3633,18,0.182539
1343,1.84467e+19,3.42297e+16,162686,64,20.7656,17,0.174934
1344,4.72237e+21,9.43623e+18,291300,72,21.0488,18,0.1828
1345,1.18059e+21,1.23601e+18,290374,70,21.8184,18,0.190958
1346,7.3787e+19,1.23552e+17,161463,66,20.418,17,0.17507
1347,4.61169e+18,3.38064e+16,554238,62,22.7295,19,0.196812
1348,2.95148e+20,3.57013e+17,295899,68,22.5518,18,0.195162
1349,7.3787e+19,1.70897e+17,559863,66,23.1553,19,0.198299
1350,5.90296e+20,6.05951e+17,555447,69,22.3037,19,0.19316
1351,2.95148e+20,3.38421e+17,1.08794e+06,68,23.0938,20,0.200177
1352,2.36118e+21,2.40908e+18,557715,71,23.0254,19,0.199001
1353,1.84467e+19,5.45816e+16,86438.8,64,20.0039,16,0.178836
1354,1.47574e+20,1.52867e+17,89043.6,67,19.0625,16,0.168995
1355,9.44473e+21,9.29236e+18,559127,73,22.6318,19,0.196391
1356,5.90296e+20,1.23943e+18,1.34272e+08,69,26.6523,27,0.243043
1357,2.36118e+21,3.86455e+18,3.36056e+07,71,25.8457,25,0.224002
1358,1.18059e+21,1.41991e+18,1.34281e+08,70,26.5596,27,0.230665
1359,4.72237e+21,6.46668e+18,1.08367e+06,72,23.291,20,0.201595
1360,7.3787e+19,2.21307e+17,2.13737e+06,66,23.873,21,0.205014
1361,1.88895e+22,2.3776e+19,557715,74,22.7168,19,0.197766
1362,2.95148e+20,8.1666e+17,2.13836e+06,68,22.9834,21,0.203891
1363,2.95148e+20,6.40911e+17,4.23912e+06,68,24.0049,22,0.204639
1364,7.73713e+25,7.55703e+22,4.23778e+06,86,24.7715,22,0.212995
1365,7.55579e+22,1.09371e+20,557982,76,24.2461,19,0.21831
1366,6.04463e+23,7.71228e+20,292417,79,23.9639,18,0.215851
1367,3.77789e+22,1.02393e+20,56090.3,75,20.9971,15,0.188228
1368,1.51116e+23,3.93182e+20,157607,77,21.4424,17,0.191931
1369,1.20893e+24,1.2236e+21,159870,80,22.6787,17,0.200587
1370,1.51116e+23,5.67653e+20,556681,77,24.3252,19,0.215728
1371,7.73713e+25,7.77658e+22,293553,86,23.7734,18,0.212119
1372,4.8357e+24,8.67995e+21,153753,82,21.3848,17,0.205643
1373,7.73713e+25,8.40648e+22,293513,86,23.5752,18,0.212522
1374,6.04463e+23,2.19818e+21,556181,79,24.2822,19,0.221725
1375,7.92282e+28,7.73999e+25,291758,96,23.9238,18,0.219123
1376,1.54743e+26,2.02827e+23,1.07225e+06,87,24.4131,20,0.226343
1377,1.93428e+25,2.57802e+22,553106,84,22.9814,19,0.211226
1378,9.67141e+24,1.43713e+22,293190,83,22.9893,18,0.209159
1379,1.54743e+26,2.47133e+23,294467,87,22.6318,18,0.210995
1380,3.09485e+26,3.84557e+23,559691,88,22.875,19,0.210756
1381,3.86856e+25,6.46084e+22,291342,85,20.6748,18,0.188956
1382,1.23794e+27,1.22184e+24,556862,90,22.1133,19,0.209343
1383,1.20893e+24,3.12245e+21,86767.3,80,18.4707,16,0.174326
1384,4.8357e+24,8.22775e+21,91370.3,82,19.335,16,0.177067
1385,3.09485e+26,3.05556e+23,93117.6,88,19.0537,16,0.178065
1386,1.51116e+23,3.00424e+20,291716,77,21.3291,18,0.198941
1387,4.8357e+24,5.95574e+21,295478,82,22.2871,18,0.202024
1388,4.8357e+24,5.26424e+21,556408,82,22.8252,19,0.214754
1389,9.67141e+24,1.49409e+22,88379.1,83,19.8203,16,0.182992
1390,2.47588e+27,2.43407e+24,2.13338e+06,91,23.0967,21,0.213983
1391,1.20893e+24,2.18423e+21,295401,80,22.25,18,0.206681
1392,7.73713e+25,1.13647e+23,556681,86,21.7793,19,0.202151
1393,3.96141e+28,3.87372e+25,2.13234e+06,95,23.3604,21,0.211856
1394,3.86856e+25,6.19435e+22,290628,85,21.0723,18,0.193579
1395,1.93428e+25,2.72799e+22,290204,84,20.6211,18,0.192047
1396,7.73713e+25,8.19987e+22,287869,86,19.8389,18,0.18865
1397,6.1897e+26,6.23924e+23,158697,89,19.7617,17,0.186417
1398,9.67141e+24,1.78233e+22,160373,83,20.4219,17,0.190627
1399,1.93428e+25,2.17417e+22,152276,84,19.6436,17,0.184336
1400,3.09485e+26,3.09293e+23,156377,88,19.8672,17,0.184709
1401,1.54743e+26,1.52546e+23,91304.9,87,19.8291,16,0.183117
1402,3.09485e+26,3.16687e+23,553296,88,22.1006,19,0.207749
1403,3.96141e+28,3.87284e+25,155476,95,20.6982,17,0.19324
1404,7.92282e+28,7.741e+25,17744.9,96,17.2852,12,0.165124
1405,1.54743e+26,2.6206e+23,153753,87,20.3467,17,0.189217
1406,7.92282e+28,7.7382e+25,290881,96,20.8203,18,0.194419
1407,6.04463e+23,1.37601e+21,294624,79,20.1611,18,0.184967
1408,3.86856e+25,6.06487e+22,157188,85,19.0996,17,0.177331
1409,9.67141e+24,2.36451e+22,160086,83,19.3945,17,0.182228
1410,1.23794e+27,1.21905e+24,154279,90,18.6006,17,0.184655
1411,1.9807e+28,1.93911e+25,553059,94,20.6719,19,0.192126
1412,4.95176e+27,4.8994e+24,291841,92,19.3145,18,0.191893
1413,3.09485e+26,3.23877e+23,155712,88,18.4092,17,0.17505
1414,6.1897e+26,6.13805e+23,1.08243e+06,89,22.6094,20,0.214819
1415,1.54743e+26,2.50767e+23,1.07654e+06,87,23.4092,20,0.221429
1416,4.95176e+27,6.08423e+24,553154,92,21.9668,19,0.207849
1417,1.23794e+27,1.36585e+24,154118,90,19.6064,17,0.186816
1418,9.67141e+24,1.28162e+22,152937,83,19.4277,17,0.189024
1419,7.92282e+28,8.87187e+25,283672,96,21.5283,18,0.207194
1420,7.92282e+28,1.55983e+26,4.2323e+06,96,22.7295,22,0.21801
1421,9.90352e+27,9.85821e+24,552582,93,20.7734,19,0.196746
1422,7.92282e+28,2.36304e+26,1.08213e+06,96,22.9717,20,0.224043
1423,7.92282e+28,3.09574e+26,292663,96,20.8066,18,0.198136
1424,7.92282e+28,2.32193e+26,287472,96,20.9482,18,0.197686
1425,7.92282e+28,3.48221e+26,85553.2,96,19.043,16,0.175564
1426,7.92282e+28,7.77199e+25,285367,96,20.2012,18,0.189353
1427,4.95176e+27,4.84799e+24,19390.1,92,18.0615,12,0.177739
1428,2.47588e+27,3.10664e+24,18776.8,91,18.6221,12,0.176917
1429,7.92282e+28,8.71894e+25,14118.8,96,18.332,11,0.174103
1430,7.92282e+28,7.79767e+25,14211.5,96,17.8027,11,0.171137
1431,9.67141e+24,2.77349e+22,36027,83,18.8711,14,0.170636
1432,7.92282e+28,7.77046e+25,25141.5,96,17.793,13,0.165173
1433,7.92282e+28,1.16064e+26,87954.4,96,19.1611,16,0.182313
1434,7.92282e+28,8.23683e+25,558071,96,22.2129,19,0.209896
1435,7.92282e+28,1.59584e+26,549322,96,22.2783,19,0.207869
1436,1.54743e+26,3.60681e+23,162351,87,21.0811,17,0.19854
1437,1.54743e+26,2.12038e+23,557536,87,23.6113,19,0.2204
1438,7.92282e+28,1.75148e+26,2.13526e+06,96,24.4355,21,0.224836
1439,7.92282e+28,8.34606e+25,290881,96,22.7793,18,0.215795
1440,7.92282e+28,2.32301e+26,2.13872e+06,96,24.9316,21,0.231144
1441,7.92282e+28,9.77862e+25,4.23354e+06,96,25.0244,22,0.237923
1442,7.92282e+28,2.32455e+26,8.43549e+06,96,25.9248,23,0.235411
1443,6.1897e+26,7.77904e+23,4.23608e+06,89,24.2002,22,0.226381
1444,4.95176e+27,4.99414e+24,553815,92,22.917,19,0.212345
1445,7.92282e+28,2.53824e+26,3.36037e+07,96,26.6182,25,0.245998
1446,7.92282e+28,3.10929e+26,3.36049e+07,96,27.3711,25,0.254339
1447,7.92282e+28,2.54349e+26,8.44055e+06,96,26.375,23,0.253491
1448,7.92282e+28,1.59193e+26,2.13419e+06,96,25.5293,21,0.244556
1449,7.92282e+28,2.03601e+26,1.08813e+06,96,25.0322,20,0.238503
1450,7.92282e+28,2.37026e+26,557042,96,24.7021,19,0.236263
1451,7.92282e+28,4.0866e+26,293231,96,23.2266,18,0.218869
1452,7.92282e+28,3.39315e+26,548776,96,23.916,19,0.22446
1453,7.92282e+28,8.74011e+25,555400,96,23.0049,19,0.216488
1454,7.92282e+28,1.16681e+26,90308.8,96,21.3818,16,0.201261
1455,7.92282e+28,3.93948e+26,292376,96,24.2412,18,0.229778
1456,7.92282e+28,5.61657e+26,293029,96,24.5654,18,0.239528
1457,7.92282e+28,7.75901e+26,554332,96,24.6689,19,0.236727
1458,7.92282e+28,4.66835e+26,289735,96,23.7607,18,0.228521
1459,7.92282e+28,3.68192e+26,157149,96,23.0781,17,0.219142
1460,7.92282e+28,6.58702e+26,2.12687e+06,96,25.5186,21,0.243416
1461,7.92282e+28,3.12098e+26,1.09115e+06,96,24.7373,20,0.239868
1462,7.92282e+28,4.83596e+26,290034,96,23.793,18,0.226077
1463,7.92282e+28,4.64783e+26,1.08203e+06,96,25.1533,20,0.236997
1464,7.92282e+28,4.42638e+26,1.08122e+06,96,25.4043,20,0.241291
1465,7.92282e+28,9.32129e+26,557447,96,24.9326,19,0.245172
1466,7.92282e+28,4.06782e+26,152772,96,22.9482,17,0.215748
1467,7.92282e+28,4.36572e+26,158660,96,23.252,17,0.217024
1468,7.92282e+28,4.51728e+26,293833,96,23.7744,18,0.227386
1469,7.92282e+28,4.0203e+26,160551,96,23.1816,17,0.226609
1470,7.92282e+28,5.08701e+26,293992,96,23.4697,18,0.225438
1471,7.92282e+28,4.85335e+26,1.07973e+06,96,24.7754,20,0.233608
1472,7.92282e+28,3.46966e+26,556272,96,23.7295,19,0.222326
1473,1.9807e+28,2.24354e+25,1.08372e+06,94,24.2109,20,0.227749
1474,7.92282e+28,4.65574e+26,1.08147e+06,96,24.8477,20,0.239245
1475,7.92282e+28,3.14386e+26,557312,96,24.0244,19,0.237629
1476,7.92282e+28,2.43208e+26,556590,96,23.998,19,0.244713
1477,7.92282e+28,1.67638e+26,1.076e+06,96,24.4697,20,0.243003
1478,7.92282e+28,3.35057e+26,558996,96,23.5459,19,0.235052
1479,7.92282e+28,4.64283e+26,294071,96,21.7285,18,0.220437
1480,7.92282e+28,2.39698e+26,84804.7,96,19.7822,16,0.199718
1481,7.92282e+28,7.8466e+26,552677,96,23.4766,19,0.232338
1482,7.92282e+28,5.52678e+26,158474,96,23.5537,17,0.230968
1483,7.92282e+28,6.57707e+26,153875,96,22.9512,17,0.232159
1484,7.92282e+28,4.23977e+26,553721,96,23.5469,19,0.23434
1485,7.92282e+28,6.25715e+26,284775,96,23.1377,18,0.231183
1486,7.92282e+28,1.03093e+27,284866,96,23.4102,18,0.232511
1487,7.92282e+28,8.27022e+26,560928,96,24.4873,19,0.240154
1488,7.92282e+28,7.95793e+26,544565,96,23.457,19,0.228453
1489,7.92282e+28,6.17568e+26,158808,96,22.749,17,0.225306
1490,7.92282e+28,1.65663e+26,293392,96,23.1738,18,0.232779
1491,7.92282e+28,4.41086e+26,153834,96,23.0703,17,0.227721
1492,7.92282e+28,6.25696e+26,291923,96,23.6895,18,0.232137
1493,7.92282e+28,8.51256e+26,159177,96,23.2158,17,0.227354
1494,7.92282e+28,7.06382e+26,284958,96,23.4277,18,0.237361
1495,7.92282e+28,6.25031e+26,289133,96,24.4727,18,0.239575
1496,7.92282e+28,8.97274e+26,1.07979e+06,96,25.3525,20,0.251318
1497,7.92282e+28,7.60148e+26,554938,96,24.5645,19,0.255733
1498,7.92282e+28,7.9416e+26,2.12705e+06,96,27.1953,21,0.26853
1499,7.92282e+28,2.3626e+26,4.2449e+06,96,27.4609,22,0.269128
