46.6776
0,435.117,8.28467,4,2,0.0371094,0,0.00639027
1,109.829,8.47159,4,1,0.0400391,0,0.00646817
2,435.053,9.39093,5,2,0.0429688,0,0.00642121
3,435.117,10.8791,5,2,0.0507812,0,0.00643087
4,435.151,10.3254,5,2,0.0507812,0,0.00638766
5,434.412,9.63125,5,2,0.0458984,0,0.00657859
6,434.954,11.0376,5,2,0.0566406,0,0.00667197
7,435.151,12.4282,5,2,0.0605469,0,0.00659344
8,434.902,11.692,5,2,0.0605469,0,0.00684498
9,435.151,12.0935,5,2,0.0585938,0,0.00673643
10,435.151,12.0807,5,2,0.0615234,0,0.00654158
11,110.903,10.2211,6,1,0.0478516,0,0.00669783
12,111.425,10.2733,5,1,0.0507812,0,0.00668563
13,434.954,9.6205,5,2,0.0429688,0,0.00664529
14,435.149,11.862,6,2,0.0625,0,0.0066725
15,435.149,12.1602,6,2,0.0615234,0,0.00674189
16,1007.46,12.7784,6,3,0.0654297,0,0.00653321
17,435.053,11.2703,6,2,0.0507812,0,0.00684079
18,435.151,11.8448,6,2,0.0537109,0,0.00669066
19,435.117,11.6094,6,2,0.0576172,0,0.00668687
20,434.639,9.30572,6,2,0.0371094,0,0.00671051
21,435.151,10.5631,6,2,0.0458984,0,0.00671679
22,435.053,11.4306,6,2,0.0546875,0,0.00662191
23,435.127,11.5927,6,2,0.0576172,0,0.00682757
24,435.127,10.1706,6,2,0.0449219,0,0.00672259
25,120.601,10.8422,6,1,0.0527344,0,0.00675297
26,435.149,12.4852,6,2,0.0644531,0,0.00683307
27,435.151,10.9655,6,2,0.0507812,0,0.0067889
28,434.818,10.9105,6,2,0.0507812,0,0.00686888
29,111.425,10.635,6,1,0.0498047,0,0.00672168
30,434.954,11.5315,6,2,0.0576172,0,0.00677077
31,1012.18,11.8766,6,3,0.0546875,0,0.00673172
32,434.639,12.8615,6,2,0.0683594,0,0.00685042
33,435.151,12.2234,6,2,0.0566406,0,0.00676906
34,434.639,12.674,6,2,0.0644531,0,0.00687948
35,435.149,13.0009,6,2,0.0644531,0,0.00676422
36,136.764,11.2357,6,1,0.0546875,0,0.00681729
37,1010.21,12.6883,6,3,0.0546875,0,0.00684042
38,435.053,12.0302,6,2,0.0595703,0,0.00673806
39,1008.21,13.3626,6,3,0.0634766,0,0.00675715
40,435.053,12.3885,6,2,0.0625,0,0.00676236
41,435.151,13.5012,6,2,0.0615234,0,0.00687135
42,435.151,12.3729,6,2,0.0595703,0,0.00682126
43,435.149,13.5596,6,2,0.0605469,0,0.00692187
44,435.151,12.6665,6,2,0.0615234,0,0.00700124
45,434.954,13.1612,6,2,0.0644531,0,0.00695705
46,1011.31,14.7833,6,3,0.0664062,0,0.00694941
47,435.149,14.4383,7,2,0.0732422,0,0.0069006
48,435.127,12.6831,6,2,0.0576172,0,0.00693281
49,435.149,15.3712,6,2,0.0849609,0,0.00689218
50,435.149,15.1874,6,2,0.0761719,0,0.00692701
51,435.151,13.755,6,2,0.0673828,0,0.00693045
52,435.053,12.3657,6,2,0.0556641,0,0.00687431
53,435.127,15.1048,7,2,0.0722656,0,0.00705588
54,1008.92,16.8768,7,3,0.0898438,0,0.00695382
55,1004.99,15.4471,7,3,0.0800781,0,0.00706526
56,435.149,15.4249,7,2,0.0830078,0,0.00697418
57,1010.79,16.3411,7,3,0.0810547,0,0.00703459
58,1011.78,15.1934,7,3,0.0722656,0,0.00699703
59,1010.21,17.2305,7,3,0.0839844,0,0.00696686
60,1011.78,15.1509,7,3,0.0742188,0,0.00693498
61,435.127,14.768,7,2,0.0771484,0,0.00698769
62,435.053,13.9585,7,2,0.0703125,0,0.00702701
63,435.151,14.5749,7,2,0.0771484,0,0.00685279
64,1009.59,14.9118,7,3,0.0712891,0,0.00700406
65,435.151,16.0188,7,2,0.0849609,0,0.00700769
66,435.053,15.217,7,2,0.0820312,0,0.00714455
67,1008.92,14.6533,7,3,0.0693359,0,0.00693655
68,1008.92,15.516,7,3,0.0791016,0,0.00707279
69,435.151,15.1505,7,2,0.0810547,0,0.00701012
70,435.127,14.4714,7,2,0.0751953,0,0.00698671
71,435.151,15.3549,7,2,0.0791016,0,0.00698744
72,435.149,13.1321,8,2,0.0585938,0,0.00703787
73,434.639,15.1607,8,2,0.078125,0,0.00713929
74,435.117,15.8609,8,2,0.0859375,0,0.00709653
75,434.954,16.8961,8,2,0.0966797,0,0.00718097
76,1010.21,17.5639,8,3,0.0898438,0,0.00709591
77,435.151,16.5258,8,2,0.0869141,0,0.00706054
78,435.127,13.7285,7,2,0.0654297,0,0.0070308
79,1010.21,19.7205,8,3,0.101562,0,0.00707323
80,1012.18,17.3748,8,3,0.0917969,0,0.00699854
81,435.127,19.4107,8,2,0.105469,0,0.00724805
82,1008.92,16.2008,8,3,0.0800781,0,0.00714379
83,435.151,16.3355,8,2,0.0820312,0,0.00728418
84,435.149,16.9361,8,2,0.0908203,0,0.00723817
85,435.151,17.0613,8,2,0.0849609,0,0.00705854
86,435.151,17.1453,8,2,0.0888672,0,0.00722799
87,435.149,17.3894,8,2,0.0908203,0,0.00727769
88,435.149,18.3249,8,2,0.0986328,0,0.00730211
89,1008.92,17.3215,8,3,0.0859375,0,0.00723559
90,435.151,18.2438,8,2,0.0976562,0,0.00722077
91,435.151,17.8911,8,2,0.0947266,0,0.00719137
92,1007.46,23.6469,8,3,0.132812,0,0.00731633
93,435.151,20.9479,8,2,0.119141,0,0.00728818
94,435.151,18.9716,8,2,0.101562,0,0.00719818
95,435.151,19.1404,8,2,0.106445,0,0.0072773
96,435.151,20.36,8,2,0.118164,0,0.00729877
97,435.053,16.8182,8,2,0.0917969,0,0.00726009
98,1008.92,21.0713,8,3,0.114258,0,0.00729717
99,1008.92,23.8065,8,3,0.125977,0,0.00748432
100,435.151,20.3538,9,2,0.116211,0,0.00752709
101,435.127,18.5802,9,2,0.102539,0,0.0074195
102,435.149,19.34,9,2,0.108398,0,0.00742409
103,435.151,21.5301,9,2,0.118164,0,0.00760939
104,435.151,21.3913,9,2,0.120117,0,0.007443
105,435.053,19.4651,8,2,0.109375,0,0.00733302
106,435.151,22.9367,9,2,0.129883,0,0.00747317
107,1011.31,23.3037,9,3,0.131836,0,0.00756039
108,435.151,24.3173,9,2,0.149414,0,0.00749344
109,435.151,24.4889,9,2,0.144531,0,0.00748136
110,1008.92,26.5694,9,3,0.160156,0,0.00749596
111,435.151,24.3922,9,2,0.147461,0,0.00751126
112,1011.31,26.1546,9,3,0.148438,0,0.00752734
113,435.151,25.3895,9,2,0.15332,0,0.00755343
114,1010.21,23.7651,9,3,0.133789,0,0.00755216
115,435.151,24.5223,9,2,0.141602,0,0.00755771
116,1009.59,26.2412,9,3,0.161133,0,0.00754669
117,435.151,26.434,9,2,0.154297,0,0.00762143
118,435.151,26.6208,9,2,0.15918,0,0.00759251
119,435.127,25.3746,9,2,0.161133,0,0.00756026
120,435.151,27.6154,9,2,0.175781,0,0.00766699
121,1010.21,31.8809,9,3,0.193359,0,0.00764911
122,1009.59,32.925,9,3,0.205078,0,0.00754149
123,435.151,32.1914,9,2,0.205078,0,0.00754274
124,1011.31,31.1576,9,3,0.182617,0,0.00765454
125,435.151,28.4344,9,2,0.175781,0,0.00755511
126,435.151,28.3561,9,2,0.171875,0,0.00758782
127,435.151,29.7432,9,2,0.183594,0,0.007648
128,435.151,31.2121,9,2,0.201172,0,0.00755679
129,1011.78,30.775,9,3,0.189453,0,0.00766933
130,1008.92,31.2161,9,3,0.1875,0,0.00766234
131,1010.21,34.4297,9,3,0.217773,0,0.00768379
132,435.151,32.7713,9,2,0.205078,0,0.00764007
133,1011.31,37.3523,9,3,0.225586,0,0.00767674
134,435.151,31.1945,9,2,0.1875,0,0.00759997
135,435.151,35.0198,9,2,0.230469,0,0.00764557
136,1009.59,35.0546,9,3,0.209961,0,0.00768115
137,435.151,30.6235,9,2,0.18457,0,0.00765495
138,1010.79,36.2184,9,3,0.228516,0,0.00783118
139,1009.59,37.7119,9,3,0.235352,0,0.00781457
140,1011.31,35.3382,9,3,0.225586,0,0.00791429
141,1845.26,34.5563,9,4,0.199219,0,0.00770451
142,1009.59,34.1129,9,3,0.224609,0,0.00779619
143,435.151,38.0501,9,2,0.245117,0,0.00789149
144,1009.59,37.1314,9,3,0.230469,0,0.00776509
145,435.151,32.8634,9,2,0.199219,0,0.00775991
146,1009.59,33.1306,9,3,0.205078,0,0.00777073
147,435.151,38.8347,9,2,0.259766,0,0.00786142
148,1011.78,39.7144,9,3,0.250977,0,0.00777879
149,1009.59,40.4401,9,3,0.266602,0,0.00780982
150,1011.31,43.7038,9,3,0.275391,0,0.00776716
151,1010.21,39.195,9,3,0.25,0,0.00791848
152,1009.59,35.5192,9,3,0.22168,0,0.00784415
153,435.151,38.6118,9,2,0.248047,0,0.00797968
154,1009.59,38.1927,9,3,0.241211,0,0.00784937
155,1011.31,36.6718,9,3,0.241211,0,0.00788639
156,1011.31,40.6727,9,3,0.264648,0,0.0078319
157,435.151,37.762,9,2,0.24707,0,0.00780804
158,1011.31,39.8927,9,3,0.25,0,0.00778793
159,1011.31,41.5205,9,3,0.276367,0,0.00785178
160,435.151,41.9718,10,2,0.28418,0,0.00785076
161,435.151,38.9158,9,2,0.263672,0,0.00785799
162,1011.31,43.3708,9,3,0.277344,0,0.00778017
163,1008.92,38.7827,9,3,0.248047,0,0.00781639
164,1008.92,42.0252,9,3,0.264648,0,0.00785869
165,1011.31,42.6733,10,3,0.286133,0,0.00778431
166,1843.9,43.9014,10,4,0.288086,0,0.00786889
167,1012.18,45.1291,10,3,0.290039,0,0.00783683
168,1008.92,41.8112,10,3,0.262695,0,0.0078677
169,1008.92,41.1728,9,3,0.266602,0,0.00787175
170,435.151,41.1908,9,2,0.268555,0,0.00788156
171,435.151,41.1015,9,2,0.269531,0,0.00800798
172,1011.31,49.1224,10,3,0.30957,0,0.00790106
173,1010.21,41.5678,10,3,0.271484,0,0.00789781
174,1011.78,39.251,10,3,0.25293,0,0.0079093
175,1008.92,43.9887,10,3,0.290039,0,0.00788437
176,1008.92,42.4483,10,3,0.27832,0,0.00785551
177,435.151,40.4289,9,2,0.269531,0,0.00784783
178,1011.31,44.338,10,3,0.286133,0,0.00810161
179,1008.92,40.8904,9,3,0.264648,0,0.00795083
180,1009.59,44.2612,11,3,0.286133,0,0.00794723
181,435.151,40.6261,10,2,0.270508,0,0.00795679
182,1008.92,43.0422,11,3,0.289062,0,0.00805192
183,1011.31,46.2981,11,3,0.303711,0,0.00800096
184,1008.92,48.0321,11,3,0.306641,0,0.00806902
185,1009.59,46.3705,11,3,0.300781,0,0.00804486
186,1008.92,48.6708,11,3,0.303711,0,0.00796766
187,1008.92,50.7231,10,3,0.314453,0,0.00796401
188,1011.31,49.2217,11,3,0.313477,0,0.00804686
189,1008.92,47.5178,11,3,0.311523,0,0.00803137
190,435.151,47.1055,11,2,0.307617,0,0.00808351
191,1011.31,46.5407,12,3,0.307617,0,0.00799276
192,1009.59,49.4532,12,3,0.319336,0,0.00802575
193,1011.31,46.7776,12,3,0.295898,0,0.00807987
194,1009.59,48.5161,12,3,0.318359,0,0.00802036
195,1011.78,49.9344,12,3,0.330078,0,0.00802493
196,1008.92,42.6062,11,3,0.288086,0,0.00797564
197,435.151,45.7747,11,2,0.307617,0,0.00799736
198,1008.92,48.4448,11,3,0.30957,0,0.00797914
199,435.151,41.6023,11,2,0.27832,0,0.00797558
200,1011.31,49.368,12,3,0.31543,0,0.00800591
201,1008.92,49.5479,11,3,0.333008,0,0.0079931
202,1008.92,49.293,12,3,0.321289,0,0.00807446
203,435.151,44.9734,11,2,0.301758,0,0.00802095
204,1011.31,49.6914,11,3,0.321289,0,0.00802733
205,1009.59,47.2945,11,3,0.303711,0,0.00805251
206,435.151,47.0243,11,2,0.310547,0,0.0079587
207,1008.92,48.0092,11,3,0.313477,0,0.00804756
208,1007.46,46.884,11,3,0.301758,0,0.00797673
209,1011.31,45.4722,12,3,0.298828,0,0.00816743
210,1008.92,48.2704,12,3,0.328125,0,0.00805343
211,1008.92,42.949,11,3,0.280273,0,0.0080621
212,1011.31,50.4761,11,3,0.326172,0,0.00806147
213,1011.31,48.8714,11,3,0.321289,0,0.00810035
214,1011.31,48.8768,10,3,0.318359,0,0.00799383
215,435.151,48.0643,12,2,0.335938,0,0.00807519
216,435.151,46.1719,11,2,0.301758,0,0.00804723
217,1011.31,48.7055,11,3,0.308594,0,0.00798315
218,1009.59,48.3963,12,3,0.313477,0,0.00811045
219,435.151,46.2509,12,2,0.305664,0,0.0081098
220,435.151,49.3477,12,2,0.330078,0,0.00807551
221,435.151,46.153,11,2,0.303711,0,0.00800151
222,1008.92,43.9897,12,3,0.280273,0,0.00799712
223,1009.59,47.1876,11,3,0.310547,0,0.00800904
224,1008.92,51.0291,12,3,0.332031,0,0.00811385
225,1011.31,50.619,12,3,0.331055,0,0.00817683
226,1008.92,48.5696,13,3,0.338867,0,0.00815353
227,1008.92,50.6639,12,3,0.331055,0,0.0081978
228,435.151,46.8116,12,2,0.313477,0,0.00807621
229,435.151,45.3131,12,2,0.305664,0,0.00810642
230,1008.92,49.1091,12,3,0.333984,0,0.00825319
231,1010.21,53.9073,12,3,0.341797,0,0.0080777
232,1008.92,50.0164,13,3,0.329102,0,0.00815885
233,1011.78,50.1913,12,3,0.331055,0,0.00801975
234,1011.31,50.7455,13,3,0.328125,0,0.008073
235,435.151,50.6309,12,2,0.334961,0,0.00809483
236,435.151,51.0792,12,2,0.34375,0,0.00803428
237,1011.78,50.8502,12,3,0.34082,0,0.0080845
238,1008.92,48.769,11,3,0.304688,0,0.00799973
239,435.151,45.8893,12,2,0.307617,0,0.00810578
240,1008.92,49.165,12,3,0.328125,0,0.00820155
241,1848.92,51.6101,13,4,0.331055,0,0.00813271
242,1008.92,52.698,12,3,0.329102,0,0.0080964
243,1011.31,45.832,11,3,0.299805,0,0.00807211
244,435.151,45.1006,12,2,0.307617,0,0.00815293
245,1008.92,46.8296,13,3,0.3125,0,0.00809537
246,1008.92,50.0125,12,3,0.329102,0,0.00802085
247,1008.92,45.5426,12,3,0.318359,0,0.00811445
248,1008.92,46.4093,12,3,0.318359,0,0.00817051
249,435.151,45.9461,11,2,0.302734,0,0.00806241
250,1009.59,45.8061,12,3,0.3125,0,0.00817649
251,1010.21,54.2608,13,3,0.357422,0,0.00814673
252,1011.78,51.6197,13,3,0.327148,0,0.00804529
253,1009.59,49.1425,13,3,0.322266,0,0.00812539
254,1843.9,50.4614,12,4,0.328125,0,0.00809874
255,1008.92,48.7985,12,3,0.326172,0,0.00812261
256,1008.92,50.2062,13,3,0.339844,0,0.00808319
257,1843.9,48.6861,12,4,0.321289,0,0.00805854
258,1008.92,52.619,12,3,0.335938,0,0.00814085
259,1843.9,51.9273,13,4,0.324219,0,0.00817566
260,1011.31,51.7682,13,3,0.337891,0,0.00815426
261,1008.92,50.4567,12,3,0.322266,0,0.00810062
262,1011.31,53.4701,12,3,0.334961,0,0.008054
263,435.151,45.1737,12,2,0.306641,0,0.00802105
264,435.151,43.7642,13,2,0.294922,0,0.00807508
265,1008.92,50.7272,13,3,0.324219,0,0.00808565
266,1011.31,49.4792,12,3,0.329102,0,0.00806713
267,1011.78,48.6157,11,3,0.318359,0,0.00804241
268,1843.9,49.7512,12,4,0.316406,0,0.0081614
269,1009.59,53.4716,12,3,0.337891,0,0.00804844
270,1008.92,51.4603,13,3,0.34668,0,0.00801546
271,1008.92,51.1849,13,3,0.335938,0,0.00810297
272,435.151,51.5465,13,2,0.34668,0,0.00817693
273,1011.31,49.6852,13,3,0.327148,0,0.00819765
274,435.151,44.8463,12,2,0.307617,0,0.00811036
275,435.151,43.068,12,2,0.299805,0,0.00816117
276,1011.31,46.0781,12,3,0.30957,0,0.00818999
277,1008.92,50.0688,13,3,0.334961,0,0.00818322
278,1008.92,52.0369,13,3,0.337891,0,0.00816324
279,1008.92,46.3303,12,3,0.30957,0,0.00804884
280,1009.59,46.5016,13,3,0.310547,0,0.008136
281,1011.31,49.4804,12,3,0.320312,0,0.00810387
282,1009.59,48.3318,12,3,0.314453,0,0.00811098
283,1009.59,46.7323,13,3,0.308594,0,0.0081267
284,435.151,48.3964,13,2,0.324219,0,0.00820542
285,1011.31,51.8464,13,3,0.328125,0,0.00815382
286,1008.92,49.5281,12,3,0.311523,0,0.00820469
287,1010.79,54.945,13,3,0.358398,0,0.00817455
288,1849.99,52.519,12,4,0.330078,0,0.0080168
289,435.151,54.5689,13,2,0.370117,0,0.00811851
290,435.151,50.5275,12,2,0.330078,0,0.0081878
291,1008.92,50.619,13,3,0.325195,0,0.00827239
292,1008.92,48.439,13,3,0.323242,0,0.00825387
293,435.151,50.992,13,2,0.344727,0,0.00819626
294,1008.92,49.0358,13,3,0.323242,0,0.00821108
295,1011.31,46.3678,13,3,0.308594,0,0.00863561
296,1008.92,45.7326,13,3,0.308594,0,0.00810846
297,435.151,52.2825,13,2,0.354492,0,0.00825826
298,1010.21,45.6239,13,3,0.310547,0,0.00810251
299,1008.92,51.1337,13,3,0.329102,0,0.00815926
300,435.151,43.8439,12,2,0.291016,0,0.0081321
301,1011.31,48.3041,13,3,0.321289,0,0.0080998
302,1008.92,45.9713,13,3,0.295898,0,0.00820276
303,1008.92,50.1422,13,3,0.331055,0,0.00819245
304,435.149,49.2363,13,2,0.333984,0,0.00823795
305,435.151,50.2105,13,2,0.339844,0,0.00821426
306,1008.92,46.614,13,3,0.296875,0,0.00820705
307,1009.59,49.1084,13,3,0.333984,0,0.00824627
308,1008.92,51.4373,13,3,0.351562,0,0.00809002
309,1008.92,48.5292,13,3,0.302734,0,0.00820164
310,1843.9,52.5041,13,4,0.334961,0,0.00815245
311,435.151,52.5709,13,2,0.361328,0,0.00815123
312,435.149,52.5251,13,2,0.350586,0,0.00815226
313,1843.9,55.6378,13,4,0.354492,0,0.00818283
314,1010.21,48.4118,13,3,0.314453,0,0.00826421
315,435.151,54.0369,13,2,0.357422,0,0.00822351
316,1009.59,48.82,13,3,0.319336,0,0.00820099
317,1008.92,50.5237,13,3,0.339844,0,0.00827724
318,1008.92,54.7254,13,3,0.364258,0,0.0082387
319,1008.92,47.7969,13,3,0.316406,0,0.00816727
320,435.151,55.8151,13,2,0.373047,0,0.00824917
321,1008.92,47.4882,13,3,0.319336,0,0.00813741
322,435.151,53.8045,13,2,0.359375,0,0.00822455
323,435.151,45.8989,13,2,0.31543,0,0.00810073
324,1845.26,53.6436,13,4,0.335938,0,0.00808781
325,1008.92,46.8395,13,3,0.323242,0,0.00808985
326,1009.59,52.0511,13,3,0.350586,0,0.00811946
327,435.151,50.5959,13,2,0.337891,0,0.00818709
328,1010.21,53.7795,13,3,0.328125,0,0.00819391
329,1011.31,54.9966,13,3,0.34082,0,0.00833677
330,1845.26,56.572,13,4,0.34082,0,0.00817484
331,1008.92,53.7677,13,3,0.338867,0,0.00818867
332,435.151,48.4447,13,2,0.316406,0,0.00814814
333,1011.31,54.0959,13,3,0.350586,0,0.00810713
334,435.151,47.9323,13,2,0.30957,0,0.00823315
335,1843.9,55.5781,13,4,0.356445,0,0.00828556
336,1009.59,53.9909,13,3,0.358398,0,0.00824786
337,1011.31,49.5732,13,3,0.329102,0,0.00811253
338,1008.92,56.2164,13,3,0.356445,0,0.00819218
339,1008.92,52.3196,13,3,0.344727,0,0.00827629
340,1008.92,58.4028,13,3,0.368164,0,0.00834696
341,1008.92,50.5968,13,3,0.330078,0,0.00828362
342,1011.31,57.1533,13,3,0.352539,0,0.00811698
343,435.151,50.52,13,2,0.356445,0,0.00828041
344,1008.92,48.3155,13,3,0.313477,0,0.00816307
345,435.149,50.2408,13,2,0.336914,0,0.00821484
346,435.151,54.174,13,2,0.353516,0,0.0082082
347,1008.92,47.9749,13,3,0.317383,0,0.00814773
348,1011.31,50.3215,13,3,0.335938,0,0.0081323
349,1008.92,49.5473,13,3,0.333984,0,0.00816654
350,435.149,51.0331,13,2,0.337891,0,0.0081471
351,1008.92,51.6791,13,3,0.333984,0,0.00818367
352,1011.31,52.8103,13,3,0.34668,0,0.00822394
353,1010.21,48.9564,13,3,0.317383,0,0.00821057
354,1011.31,49.0632,13,3,0.329102,0,0.00816867
355,435.151,49.2457,13,2,0.330078,0,0.00826956
356,1008.92,51.1639,13,3,0.320312,0,0.00820405
357,1008.92,48.6375,13,3,0.321289,0,0.00818889
358,435.149,47.1787,13,2,0.326172,0,0.00823371
359,1010.21,51.7074,13,3,0.334961,0,0.00815924
360,1008.92,49.6786,13,3,0.317383,0,0.00834188
361,1011.31,50.3999,13,3,0.327148,0,0.00824999
362,1009.59,52.9213,13,3,0.344727,0,0.00828163
363,1010.21,55.9136,13,3,0.359375,0,0.00829897
364,1008.92,51.2986,13,3,0.328125,0,0.00813557
365,1009.59,52.6187,13,3,0.357422,0,0.00825961
366,1008.92,50.0751,13,3,0.326172,0,0.00828854
367,1008.92,49.8883,13,3,0.326172,0,0.00828185
368,1008.92,54.7086,13,3,0.342773,0,0.00837154
369,1008.92,53.0811,13,3,0.349609,0,0.00831246
370,1008.92,49.162,13,3,0.321289,0,0.00821484
371,1008.92,51.3771,13,3,0.333984,0,0.00825387
372,1011.31,48.2092,13,3,0.300781,0,0.00817339
373,1008.92,49.9699,13,3,0.350586,0,0.00831458
374,1011.31,59.6187,13,3,0.370117,0,0.00830432
375,1008.92,51.7109,13,3,0.329102,0,0.00824502
376,1008.92,52.6813,13,3,0.345703,0,0.00827995
377,1008.92,55.6208,13,3,0.347656,0,0.00815848
378,1011.31,54.9389,13,3,0.352539,0,0.00828225
379,1009.59,51.9513,13,3,0.333008,0,0.00829998
380,1008.92,49.555,13,3,0.325195,0,0.00830266
381,1011.31,55.8415,13,3,0.356445,0,0.00840646
382,1843.9,51.5129,13,4,0.333008,0,0.00826485
383,435.151,47.6663,13,2,0.325195,0,0.00824085
384,1008.92,53.1178,13,3,0.345703,0,0.00840653
385,1011.31,55.5635,13,3,0.358398,0,0.00833843
386,1008.92,55.4934,13,3,0.344727,0,0.00827058
387,435.151,44.3032,13,2,0.293945,0,0.00825009
388,435.149,47.4387,13,2,0.317383,0,0.00833343
389,1008.92,54.7696,13,3,0.362305,0,0.00831137
390,1008.92,53.5168,13,3,0.344727,0,0.00819639
391,1008.92,50.2022,13,3,0.326172,0,0.00835044
392,1008.92,51.2613,13,3,0.322266,0,0.00835689
393,1008.92,49.5665,13,3,0.331055,0,0.00827114
394,1008.92,50.8655,13,3,0.332031,0,0.00825113
395,1008.92,50.5713,13,3,0.333008,0,0.00827609
396,1848.92,53.337,13,4,0.352539,0,0.00828036
397,1009.59,49.7009,13,3,0.318359,0,0.00820705
398,1011.31,53.8878,13,3,0.354492,0,0.00820843
399,1850.98,52.4166,13,4,0.333984,0,0.0082825
400,435.151,55.4257,13,2,0.368164,0,0.00828506
401,1011.31,51.8641,13,3,0.332031,0,0.0083373
402,1008.92,53.7555,13,3,0.354492,0,0.0083565
403,1008.92,54.0269,13,3,0.355469,0,0.00821335
404,1011.31,55.9809,13,3,0.356445,0,0.00825482
405,1008.92,50.8982,13,3,0.344727,0,0.00829839
406,1843.9,52.0093,13,4,0.336914,0,0.0083414
407,1008.92,56.1856,13,3,0.357422,0,0.0083419
408,435.149,48.7306,13,2,0.333008,0,0.00823113
409,435.127,49.9309,13,2,0.326172,0,0.00830413
410,1011.31,55.9704,13,3,0.358398,0,0.00823715
411,1011.31,48.799,13,3,0.329102,0,0.00823115
412,1008.92,49.8039,13,3,0.318359,0,0.00820693
413,1011.31,53.1048,13,3,0.347656,0,0.00830687
414,1008.92,52.2153,13,3,0.34375,0,0.0082525
415,1008.92,53.068,13,3,0.347656,0,0.0082227
416,1008.92,47.2479,13,3,0.316406,0,0.00821534
417,1008.92,51.1222,13,3,0.332031,0,0.00824448
418,1008.92,55.2903,13,3,0.353516,0,0.00822652
419,435.151,51.9875,13,2,0.334961,0,0.00821738
420,1011.31,49.2532,13,3,0.321289,0,0.00819722
421,1008.92,50.255,13,3,0.333984,0,0.00817531
422,1011.31,52.5236,13,3,0.34668,0,0.00828115
423,1011.31,54.1517,13,3,0.34668,0,0.00840371
424,1008.92,53.7532,13,3,0.342773,0,0.00824057
425,1011.31,61.9459,13,3,0.390625,0,0.00832844
426,1008.92,56.945,13,3,0.378906,0,0.00829377
427,435.151,53.2695,13,2,0.360352,0,0.00841791
428,435.151,52.4181,13,2,0.350586,0,0.0082819
429,1011.31,54.9889,13,3,0.34668,0,0.00834039
430,1009.59,53.5628,13,3,0.354492,0,0.00833746
431,1008.92,51.6261,13,3,0.347656,0,0.00834561
432,435.151,52.0273,13,2,0.34668,0,0.0082331
433,1008.92,53.8829,13,3,0.34668,0,0.00840614
434,1008.92,48.8889,13,3,0.322266,0,0.00823876
435,1010.79,54.3996,13,3,0.356445,0,0.00827145
436,1011.31,53.7882,13,3,0.350586,0,0.00825665
437,1011.31,49.1904,13,3,0.333008,0,0.00824184
438,1008.92,53.3694,13,3,0.358398,0,0.00834993
439,1008.92,52.7865,13,3,0.334961,0,0.00832932
440,1008.92,52.7933,13,3,0.353516,0,0.0083423
441,1011.31,52.3769,13,3,0.351562,0,0.00823831
442,1008.92,52.6372,13,3,0.349609,0,0.00819341
443,1008.92,53.6515,13,3,0.342773,0,0.00824994
444,1008.92,53.8489,13,3,0.34668,0,0.00832581
445,1011.31,54.9772,13,3,0.355469,0,0.00824076
446,1008.92,54.2478,13,3,0.345703,0,0.00829369
447,1008.92,49.6591,13,3,0.328125,0,0.00822612
448,1008.92,54.6475,13,3,0.360352,0,0.00829893
449,1008.92,49.7923,13,3,0.327148,0,0.00828561
450,1008.92,53.3476,13,3,0.353516,0,0.00825502
451,1008.92,51.935,13,3,0.344727,0,0.00826443
452,1011.31,53.1792,13,3,0.349609,0,0.0082842
453,1011.31,47.2081,13,3,0.30957,0,0.00820579
454,435.151,57.6745,13,2,0.363281,0,0.00820352
455,1008.92,53.6708,13,3,0.356445,0,0.00830273
456,1011.31,58.0695,13,3,0.365234,0,0.00826219
457,1008.92,46.4286,13,3,0.304688,0,0.0082338
458,1008.92,48.5766,13,3,0.320312,0,0.00833976
459,1011.31,54.7003,13,3,0.351562,0,0.00829755
460,1008.92,51.6668,13,3,0.339844,0,0.00826906
461,435.151,47.4481,13,2,0.316406,0,0.00822311
462,1011.31,52.0178,13,3,0.339844,0,0.00837024
463,1008.92,51.6014,13,3,0.350586,0,0.0082561
464,1009.59,51.6971,13,3,0.335938,0,0.00825606
465,1008.92,53.1536,13,3,0.348633,0,0.00835847
466,1008.92,50.1906,13,3,0.313477,0,0.00821053
467,1008.92,53.0087,13,3,0.339844,0,0.00821703
468,1008.92,59.3991,13,3,0.375977,0,0.00822561
469,1009.59,54.491,13,3,0.361328,0,0.00821814
470,1008.92,51.8634,13,3,0.339844,0,0.00823324
471,1008.92,49.2608,13,3,0.323242,0,0.00822443
472,1843.9,49.9202,13,4,0.307617,0,0.00825359
473,1848.92,59.6946,13,4,0.37207,0,0.00825923
474,1011.31,56.4778,13,3,0.361328,0,0.00827422
475,1008.92,53.3058,13,3,0.349609,0,0.0082131
476,1009.59,58.5254,13,3,0.381836,0,0.00830516
477,1008.92,52.0406,13,3,0.334961,0,0.00826423
478,435.151,48.0221,13,2,0.316406,0,0.00820904
479,1011.31,55.9274,13,3,0.370117,0,0.00829081
480,1008.92,52.3752,13,3,0.337891,0,0.00823581
481,1843.9,51.7305,13,4,0.333008,0,0.00838208
482,1011.31,50.5487,13,3,0.327148,0,0.00832223
483,1843.9,54.147,13,4,0.34375,0,0.00825237
484,1843.9,55.6345,13,4,0.367188,0,0.00825334
485,1008.92,51.1103,13,3,0.337891,0,0.00832684
486,435.151,52.6505,13,2,0.358398,0,0.00837583
487,1008.92,51.7829,13,3,0.335938,0,0.0082687
488,1008.92,51.5509,13,3,0.327148,0,0.00827618
489,1012.52,51.5339,13,3,0.319336,0,0.00833506
490,1008.92,54.8424,13,3,0.362305,0,0.00835427
491,1843.9,55.3892,13,4,0.358398,0,0.00827271
492,1008.92,52.1643,13,3,0.339844,0,0.00825625
493,1008.92,53.6876,13,3,0.357422,0,0.00835807
494,1008.92,54.8324,13,3,0.352539,0,0.00828828
495,1011.31,54.3464,13,3,0.356445,0,0.0084122
496,1008.92,54.1115,13,3,0.353516,0,0.0083111
497,1008.92,51.136,13,3,0.34082,0,0.00829729
498,1008.92,53.8167,13,3,0.347656,0,0.00827285
499,1008.92,52.7795,13,3,0.338867,0,0.00824138
500,1008.92,54.4445,13,3,0.358398,0,0.00838826
501,1008.92,51.1433,13,3,0.337891,0,0.00840409
502,2951.77,54.3045,13,5,0.336914,0,0.00822594
503,1008.92,49.7097,13,3,0.338867,0,0.0083116
504,1009.59,54.9602,13,3,0.344727,0,0.00838668
505,1008.92,51.2306,13,3,0.335938,0,0.00835657
506,1008.92,54.123,13,3,0.34668,0,0.00846525
507,1008.92,54.3878,13,3,0.350586,0,0.00838581
508,1010.21,47.92,13,3,0.308594,0,0.0082593
509,1009.59,53.0121,13,3,0.337891,0,0.00831527
510,1011.31,56.4778,13,3,0.349609,0,0.00827128
511,1008.92,54.826,13,3,0.348633,0,0.00839218
512,1008.92,54.6338,13,3,0.342773,0,0.00825545
513,435.151,54.3985,13,2,0.368164,0,0.00827701
514,1008.92,54.0323,13,3,0.368164,0,0.0083756
515,1008.92,51.6137,13,3,0.337891,0,0.00828122
516,1843.9,52.9917,13,4,0.347656,0,0.0083727
517,1008.92,49.4387,13,3,0.328125,0,0.00833956
518,1011.31,49.826,13,3,0.334961,0,0.00823108
519,1008.92,49.1331,13,3,0.318359,0,0.008378
520,1011.31,58.0016,13,3,0.382812,0,0.00841107
521,1843.9,51.5811,13,4,0.336914,0,0.00828539
522,1008.92,49.2805,13,3,0.336914,0,0.00829581
523,1008.92,52.0036,13,3,0.34375,0,0.00832893
524,1009.59,54.8015,13,3,0.358398,0,0.00829375
525,1011.31,53.5284,13,3,0.356445,0,0.00828395
526,1011.31,54.0488,13,3,0.349609,0,0.0083687
527,1008.92,51.2644,13,3,0.339844,0,0.00835345
528,1011.31,51.544,13,3,0.335938,0,0.00823736
529,1008.92,56.0117,13,3,0.358398,0,0.00839536
530,1009.59,52.4834,13,3,0.352539,0,0.00822319
531,1008.92,51.7427,13,3,0.349609,0,0.00829368
532,435.151,48.7406,13,2,0.316406,0,0.00829229
533,435.151,46.6754,13,2,0.316406,0,0.00829064
534,1011.31,54.4654,13,3,0.348633,0,0.00844872
535,1008.92,49.1492,13,3,0.323242,0,0.00830171
536,1011.31,53.8327,13,3,0.34668,0,0.00834971
537,1008.92,46.4808,13,3,0.3125,0,0.00820475
538,1010.79,56.6529,13,3,0.370117,0,0.00835882
539,1008.92,49.1998,13,3,0.319336,0,0.00827974
540,1011.31,53.2778,13,3,0.338867,0,0.00826217
541,1008.92,54.0793,13,3,0.348633,0,0.00831885
542,1011.31,51.9724,13,3,0.335938,0,0.00828337
543,1008.92,56.734,13,3,0.365234,0,0.0082536
544,1011.78,50.0101,13,3,0.339844,0,0.00828468
545,1011.31,54.2982,13,3,0.341797,0,0.00843136
546,1008.92,52.2869,13,3,0.335938,0,0.00846508
547,1008.92,50.944,13,3,0.326172,0,0.00825445
548,1011.31,49.6694,13,3,0.331055,0,0.00839299
549,1008.92,49.4977,13,3,0.331055,0,0.00818039
550,1011.31,58.6406,13,3,0.367188,0,0.00839212
551,1008.92,52.2097,13,3,0.336914,0,0.00825662
552,1011.31,51.6666,13,3,0.338867,0,0.00823492
553,1012.18,51.8982,13,3,0.327148,0,0.00827042
554,1011.31,53.5575,13,3,0.363281,0,0.00840223
555,1008.92,51.8062,13,3,0.329102,0,0.00840689
556,1009.59,55.2264,13,3,0.361328,0,0.00831368
557,435.151,49.9019,13,2,0.332031,0,0.00839396
558,1008.92,50.625,13,3,0.333984,0,0.00826153
559,1008.92,52.365,13,3,0.342773,0,0.00831418
560,435.151,52.2767,13,2,0.348633,0,0.00825062
561,1008.92,51.1281,13,3,0.34375,0,0.00833871
562,435.151,51.5173,13,2,0.348633,0,0.00839578
563,1843.9,54.6877,13,4,0.350586,0,0.00841507
564,1011.31,53.3998,13,3,0.335938,0,0.00839885
565,1008.92,48.8175,13,3,0.331055,0,0.00838365
566,1008.92,52.4257,13,3,0.331055,0,0.00827557
567,1008.92,54.5122,13,3,0.354492,0,0.00834119
568,435.151,58.133,13,2,0.375977,0,0.00831997
569,1011.31,53.9118,13,3,0.338867,0,0.00828807
570,1008.92,53.2354,13,3,0.341797,0,0.00834659
571,435.151,52.113,13,2,0.353516,0,0.00831061
572,1008.92,55.8836,13,3,0.355469,0,0.00840636
573,1008.92,52.1348,13,3,0.350586,0,0.00834566
574,435.151,44.7246,13,2,0.304688,0,0.00832038
575,435.151,48.692,13,2,0.321289,0,0.00833796
576,1011.31,52.8575,13,3,0.34668,0,0.00827228
577,1008.92,59.3972,13,3,0.37793,0,0.00837651
578,1008.92,57.839,13,3,0.37207,0,0.00836049
579,435.151,48.9616,13,2,0.322266,0,0.00834059
580,1009.59,52.2468,13,3,0.335938,0,0.00842635
581,1008.92,50.0155,13,3,0.330078,0,0.00824138
582,435.151,51.1231,13,2,0.34375,0,0.00834428
583,1008.92,54.6203,13,3,0.350586,0,0.00829209
584,435.149,47.3705,13,2,0.323242,0,0.00823569
585,1011.31,58.1788,13,3,0.367188,0,0.00822815
586,435.151,46.7037,13,2,0.31543,0,0.00835038
587,1008.92,50.0786,13,3,0.334961,0,0.00837778
588,435.151,50.7936,13,2,0.338867,0,0.00832591
589,1008.92,51.4682,13,3,0.34375,0,0.00828952
590,1008.92,49.8602,13,3,0.327148,0,0.0082925
591,1011.31,53.529,13,3,0.347656,0,0.00838276
592,1008.92,49.2318,13,3,0.320312,0,0.00838501
593,1011.31,51.0629,13,3,0.339844,0,0.00839699
594,2951.77,54.1338,13,5,0.334961,0,0.00826118
595,435.151,48.9954,13,2,0.318359,0,0.00832297
596,1011.31,49.7356,13,3,0.327148,0,0.00836058
597,1845.26,55.929,13,4,0.360352,0,0.00836612
598,1009.59,51.3417,13,3,0.328125,0,0.00834543
599,1009.59,53.3576,13,3,0.341797,0,0.00830908
600,1008.92,51.198,13,3,0.336914,0,0.00833175
601,1011.31,54.8623,13,3,0.345703,0,0.00837162
602,1011.31,54.822,13,3,0.349609,0,0.00840451
603,1011.31,58.4962,13,3,0.37793,0,0.00828104
604,1011.31,52.4833,13,3,0.336914,0,0.00830639
605,1008.92,52.8267,13,3,0.347656,0,0.00842437
606,1008.92,50.5701,13,3,0.336914,0,0.00830385
607,435.151,51.0999,13,2,0.335938,0,0.00822791
608,1011.31,50.3121,13,3,0.334961,0,0.00829001
609,1010.21,52.942,13,3,0.336914,0,0.0083407
610,1011.31,53.2874,13,3,0.356445,0,0.00840722
611,435.151,51.288,13,2,0.334961,0,0.00837962
612,435.151,48.224,13,2,0.320312,0,0.00843445
613,435.151,51.7443,13,2,0.341797,0,0.00828032
614,1008.92,52.2539,13,3,0.34375,0,0.00823925
615,1008.92,53.7741,13,3,0.361328,0,0.00846587
616,1011.31,48.81,13,3,0.322266,0,0.00833946
617,1008.92,53.2027,13,3,0.336914,0,0.00833434
618,1008.92,48.9146,13,3,0.325195,0,0.0083702
619,1008.92,51.6955,13,3,0.333984,0,0.00833383
620,1008.92,56.3188,13,3,0.353516,0,0.00832811
621,1008.92,50.1311,13,3,0.319336,0,0.00835052
622,1008.92,54.5424,13,3,0.34082,0,0.00832585
623,1008.92,50.2316,13,3,0.330078,0,0.00834946
624,1008.92,48.444,13,3,0.330078,0,0.00836718
625,1008.92,55.6235,13,3,0.353516,0,0.00834804
626,1843.9,51.7412,13,4,0.342773,0,0.00827448
627,1843.9,56.3861,13,4,0.351562,0,0.00832447
628,1008.92,54.4919,13,3,0.360352,0,0.00832038
629,435.127,49.0389,13,2,0.325195,0,0.00835553
630,1008.92,52.4261,13,3,0.330078,0,0.00832237
631,435.151,50.6412,13,2,0.320312,0,0.00832249
632,1843.9,55.1507,13,4,0.34082,0,0.00831824
633,1008.92,57.875,13,3,0.392578,0,0.00833859
634,1008.92,52.3568,13,3,0.34668,0,0.00832329
635,1008.92,52.2497,13,3,0.342773,0,0.00825463
636,1011.31,54.7752,13,3,0.356445,0,0.00820165
637,1008.92,50.7731,13,3,0.336914,0,0.00831992
638,1008.92,55.3744,13,3,0.371094,0,0.00850015
639,435.151,53.8972,13,2,0.352539,0,0.00834767
640,435.151,47.2251,13,2,0.316406,0,0.00838421
641,1009.59,59.0954,13,3,0.392578,0,0.00838343
642,1009.59,57.8314,13,3,0.359375,0,0.00829984
643,1011.31,48.0749,13,3,0.318359,0,0.00828333
644,1008.92,50.9182,13,3,0.318359,0,0.00835457
645,1008.92,49.9295,13,3,0.331055,0,0.00840309
646,435.151,55.3247,13,2,0.365234,0,0.00825313
647,435.151,55.0261,13,2,0.361328,0,0.00832794
648,1008.92,55.0323,13,3,0.368164,0,0.00849438
649,1011.31,48.5376,13,3,0.308594,0,0.00825687
650,1008.92,52.9922,13,3,0.347656,0,0.00822143
651,1843.9,46.5303,13,4,0.298828,0,0.00828836
652,435.151,54.5044,13,2,0.356445,0,0.00845823
653,1008.92,52.3504,13,3,0.351562,0,0.00835544
654,1008.92,51.6837,13,3,0.337891,0,0.00830848
655,435.151,49.3407,13,2,0.316406,0,0.0083517
656,1843.9,56.2316,13,4,0.361328,0,0.00825139
657,1008.92,47.6699,13,3,0.311523,0,0.00829592
658,435.151,48.0064,13,2,0.323242,0,0.00831476
659,1008.92,55.5124,13,3,0.361328,0,0.00832785
660,435.151,52.6248,13,2,0.351562,0,0.00846069
661,435.151,49.219,13,2,0.324219,0,0.00835945
662,1011.31,55.7764,13,3,0.355469,0,0.00833538
663,1011.31,56.2646,13,3,0.359375,0,0.00829519
664,1011.31,59.4914,13,3,0.387695,0,0.00831429
665,1008.92,56.4129,13,3,0.370117,0,0.00829923
666,1011.31,53.7342,13,3,0.352539,0,0.00834969
667,1008.92,48.4643,13,3,0.314453,0,0.00834993
668,1011.31,52.0889,13,3,0.333008,0,0.00831315
669,1008.92,48.9107,13,3,0.314453,0,0.00828645
670,1008.92,55.5531,13,3,0.365234,0,0.00825666
671,1008.92,51.1048,13,3,0.34082,0,0.00833665
672,1008.92,53.6767,13,3,0.360352,0,0.00829253
673,1011.31,53.0324,13,3,0.359375,0,0.00835007
674,1008.92,52.1944,13,3,0.34668,0,0.00837003
675,1008.92,58.486,13,3,0.37207,0,0.00843858
676,1008.92,53.7934,13,3,0.352539,0,0.00846586
677,1008.92,53.7211,13,3,0.336914,0,0.00834438
678,1008.92,53.3987,13,3,0.353516,0,0.00829541
679,1011.31,52.6131,13,3,0.335938,0,0.00831578
680,1008.92,56.0045,13,3,0.363281,0,0.00844586
681,1008.92,51.4755,13,3,0.34375,0,0.00832754
682,1008.92,56.9594,13,3,0.367188,0,0.00837353
683,1009.59,51.9615,13,3,0.327148,0,0.00834101
684,1011.31,51.2842,13,3,0.338867,0,0.00831596
685,1008.92,55.5496,13,3,0.375977,0,0.00848966
686,1011.31,52.9097,13,3,0.338867,0,0.00849428
687,1008.92,49.9835,13,3,0.318359,0,0.00832881
688,1009.59,52.9941,13,3,0.339844,0,0.00841947
689,435.151,52.074,13,2,0.347656,0,0.0083119
690,1008.92,50.2435,13,3,0.335938,0,0.00845291
691,1843.9,53.3615,13,4,0.341797,0,0.0083296
692,1008.92,53.5066,13,3,0.357422,0,0.00834057
693,1008.92,51.9832,13,3,0.342773,0,0.00840811
694,435.151,48.6117,13,2,0.330078,0,0.0084118
695,435.151,51.9785,13,2,0.337891,0,0.00839713
696,1011.31,54.6402,13,3,0.353516,0,0.00847031
697,1011.31,50.9954,13,3,0.342773,0,0.00836798
698,1008.92,53.0896,13,3,0.356445,0,0.0083201
699,1009.59,51.2957,13,3,0.333008,0,0.0083153
700,1011.31,56.7505,13,3,0.371094,0,0.00836213
701,1011.31,52.2858,13,3,0.333984,0,0.00829729
702,1008.92,54.6873,13,3,0.352539,0,0.00837708
703,1008.92,46.5858,13,3,0.308594,0,0.00828905
704,1008.92,52.3763,13,3,0.347656,0,0.00829898
705,1008.92,50.8244,13,3,0.344727,0,0.00825827
706,1008.92,51.342,13,3,0.34082,0,0.00842636
707,435.151,52.0795,13,2,0.348633,0,0.00839818
708,1011.31,53.8357,13,3,0.352539,0,0.00832127
709,1008.92,51.0324,13,3,0.344727,0,0.00828004
710,1843.9,53.1675,13,4,0.339844,0,0.00829358
711,1011.31,54.9812,13,3,0.345703,0,0.00840219
712,1008.92,53.6034,13,3,0.361328,0,0.00844553
713,1009.59,55.5564,13,3,0.369141,0,0.00826533
714,1008.92,50.0352,13,3,0.322266,0,0.00827446
715,1009.59,52.1307,13,3,0.336914,0,0.00826757
716,1011.31,56.073,13,3,0.368164,0,0.008417
717,1011.31,52.1213,13,3,0.335938,0,0.00827699
718,1008.92,51.661,13,3,0.333984,0,0.00835787
719,435.151,49.2317,13,2,0.342773,0,0.00851526
720,1011.31,55.3295,13,3,0.349609,0,0.00827508
721,1008.92,53.7298,13,3,0.359375,0,0.00830091
722,1008.92,53.0205,13,3,0.347656,0,0.00832128
723,1011.31,56.1131,13,3,0.354492,0,0.00837916
724,1843.9,60.5279,13,4,0.370117,0,0.00833839
725,1008.92,54.0075,13,3,0.365234,0,0.00843426
726,1008.92,53.3506,13,3,0.345703,0,0.00839005
727,1011.31,55.2681,13,3,0.354492,0,0.00833613
728,435.151,46.6927,13,2,0.3125,0,0.00836911
729,1008.92,52.6121,13,3,0.351562,0,0.00836364
730,435.149,50.172,13,2,0.324219,0,0.00832911
731,1011.31,58.2374,13,3,0.366211,0,0.0083525
732,435.151,52.033,13,2,0.34668,0,0.0083035
733,1008.92,53.9312,13,3,0.337891,0,0.00837604
734,1008.92,53.0547,13,3,0.338867,0,0.00840892
735,1011.31,53.125,13,3,0.335938,0,0.00835012
736,435.127,50.2405,13,2,0.333008,0,0.00831536
737,1843.9,49.6413,13,4,0.323242,0,0.00834151
738,1008.92,56.4073,13,3,0.357422,0,0.00834317
739,1011.31,53.0393,13,3,0.348633,0,0.00831046
740,1011.31,55.5135,13,3,0.356445,0,0.00835751
741,1008.92,52.8844,13,3,0.347656,0,0.00831262
742,435.151,50.6894,13,2,0.349609,0,0.00839701
743,435.151,52.1054,13,2,0.347656,0,0.00834395
744,1008.92,51.1152,13,3,0.34375,0,0.00833225
745,1010.21,53.2993,13,3,0.345703,0,0.00837352
746,1008.92,53.8497,13,3,0.364258,0,0.00831553
747,1843.9,56.1457,13,4,0.350586,0,0.00838807
748,1008.92,53.0502,13,3,0.349609,0,0.00840231
749,1008.92,52.7174,13,3,0.342773,0,0.00844152
750,1008.92,47.0351,13,3,0.318359,0,0.00835069
751,435.151,52.5975,13,2,0.356445,0,0.00834262
752,1008.92,51.8784,13,3,0.34375,0,0.0083494
753,1008.92,58.056,13,3,0.375977,0,0.00832328
754,1008.92,49.9143,13,3,0.325195,0,0.00839214
755,1008.92,53.0608,13,3,0.352539,0,0.00851155
756,1011.31,51.5884,13,3,0.34375,0,0.00834331
757,1008.92,49.8156,13,3,0.326172,0,0.00837172
758,1008.92,48.8823,13,3,0.310547,0,0.00831297
759,1008.92,51.1909,13,3,0.333984,0,0.00846837
760,1011.31,51.9829,13,3,0.331055,0,0.0084668
761,1008.92,54.2205,13,3,0.367188,0,0.00846493
762,1008.92,54.3165,13,3,0.375,0,0.0083902
763,1843.9,58.6252,13,4,0.359375,0,0.008373
764,1011.31,49.8984,13,3,0.337891,0,0.00835822
765,1008.92,48.7138,13,3,0.317383,0,0.00835935
766,1008.92,48.9458,13,3,0.321289,0,0.00831546
767,1011.31,52.4225,13,3,0.342773,0,0.00831674
768,1008.92,50.3062,13,3,0.319336,0,0.00833764
769,1011.31,50.2473,13,3,0.331055,0,0.0083089
770,1008.92,55.5966,13,3,0.358398,0,0.00837354
771,435.151,51.6312,13,2,0.337891,0,0.00842955
772,435.127,47.9581,13,2,0.317383,0,0.0082836
773,1011.31,54.3783,13,3,0.339844,0,0.00835888
774,1008.92,50.9765,13,3,0.328125,0,0.00835816
775,1008.92,53.154,13,3,0.348633,0,0.00839876
776,1843.9,51.67,13,4,0.332031,0,0.00836884
777,1008.92,51.6635,13,3,0.334961,0,0.00845459
778,1011.31,52.4974,13,3,0.345703,0,0.00833902
779,1843.9,59.4027,13,4,0.375,0,0.00833015
780,1011.31,53.8625,13,3,0.355469,0,0.0083135
781,1011.78,51.1753,13,3,0.326172,0,0.00826957
782,1008.92,51.5589,13,3,0.341797,0,0.00826958
783,1843.9,55.3137,13,4,0.347656,0,0.00831201
784,1008.92,52.0277,13,3,0.336914,0,0.00832404
785,1008.92,53.0747,13,3,0.34082,0,0.00829096
786,1008.92,50.8141,13,3,0.330078,0,0.00832612
787,1843.9,56.5939,13,4,0.350586,0,0.00833916
788,1009.59,53.7977,13,3,0.354492,0,0.00839377
789,1008.92,50.1617,13,3,0.333984,0,0.00835675
790,1008.92,52.0562,13,3,0.355469,0,0.00834548
791,1010.79,55.2221,13,3,0.344727,0,0.00835361
792,1009.59,51.3814,13,3,0.347656,0,0.00829388
793,1011.31,56.5656,13,3,0.350586,0,0.0083612
794,1010.79,56.3746,13,3,0.354492,0,0.00828096
795,1008.92,49.5051,13,3,0.329102,0,0.0083563
796,1008.92,49.3373,13,3,0.334961,0,0.00828529
797,1008.92,59.1982,13,3,0.369141,0,0.00831819
798,1011.31,51.6409,13,3,0.338867,0,0.00837325
799,435.151,53.7645,13,2,0.354492,0,0.00842707
800,1011.31,56.6938,13,3,0.365234,0,0.00832156
801,1008.92,53.7795,13,3,0.34082,0,0.00837281
802,1008.92,53.8872,13,3,0.336914,0,0.00832636
803,1008.92,52.809,13,3,0.341797,0,0.00833542
804,1011.31,52.1564,13,3,0.34668,0,0.00831183
805,1011.31,52.9845,13,3,0.347656,0,0.00840923
806,1008.92,54.1836,13,3,0.356445,0,0.00830369
807,1011.31,52.9841,13,3,0.333008,0,0.00839462
808,435.151,49.3677,13,2,0.321289,0,0.00836209
809,1008.92,50.783,13,3,0.332031,0,0.0082776
810,435.151,50.1698,13,2,0.333008,0,0.00835811
811,1010.21,54.4442,13,3,0.353516,0,0.00835571
812,1008.92,56.4961,13,3,0.375977,0,0.00832479
813,1008.92,53.7682,13,3,0.359375,0,0.00837343
814,1008.92,49.85,13,3,0.321289,0,0.00837264
815,1008.92,49.3101,13,3,0.322266,0,0.00843973
816,1008.92,50.404,13,3,0.329102,0,0.00834869
817,1848.92,55.8682,13,4,0.341797,0,0.00846966
818,435.151,45.4644,13,2,0.296875,0,0.00832695
819,1008.92,46.7067,13,3,0.317383,0,0.00835644
820,1011.31,56.3323,13,3,0.348633,0,0.00844078
821,1008.92,49.8837,13,3,0.325195,0,0.00852167
822,1008.92,54.2834,13,3,0.349609,0,0.00844454
823,435.151,51.7468,13,2,0.337891,0,0.00837604
824,1008.92,54.7157,13,3,0.356445,0,0.00841791
825,1008.92,54.0635,13,3,0.348633,0,0.00841208
826,1008.92,50.2468,13,3,0.316406,0,0.00829875
827,1009.59,54.2369,13,3,0.333984,0,0.0084564
828,1011.31,58.7442,13,3,0.391602,0,0.0083537
829,1011.31,53.6448,13,3,0.349609,0,0.00846222
830,1011.31,55.9637,13,3,0.376953,0,0.00844459
831,1008.92,54.5783,13,3,0.365234,0,0.00847171
832,1009.59,57.8206,13,3,0.370117,0,0.00837513
833,435.149,48.7499,13,2,0.322266,0,0.00828056
834,1843.9,54.3096,13,4,0.34082,0,0.00833868
835,1008.92,59.9305,13,3,0.391602,0,0.0083434
836,1008.92,53.4337,13,3,0.345703,0,0.00840923
837,1843.9,52.1172,13,4,0.323242,0,0.00834812
838,1843.9,57.3574,13,4,0.367188,0,0.00837523
839,1008.92,54.5687,13,3,0.355469,0,0.00844549
840,1008.92,57.8722,13,3,0.367188,0,0.00839944
841,1843.9,55.6383,13,4,0.349609,0,0.00848081
842,1008.92,51.941,13,3,0.335938,0,0.00837208
843,1008.92,48.1956,13,3,0.306641,0,0.00837714
844,1008.92,49.8297,13,3,0.333008,0,0.00836945
845,1011.31,52.4599,13,3,0.333008,0,0.00842415
846,1008.92,52.1967,13,3,0.337891,0,0.00839323
847,435.149,46.2919,13,2,0.31543,0,0.00842135
848,435.149,46.9172,13,2,0.30957,0,0.00841053
849,1008.92,50.0367,13,3,0.324219,0,0.00838389
850,1011.31,55.2432,13,3,0.351562,0,0.0085068
851,1008.92,48.3665,13,3,0.321289,0,0.00843694
852,1011.31,49.785,13,3,0.320312,0,0.00831528
853,435.151,51.1232,13,2,0.336914,0,0.00843153
854,435.151,50.335,13,2,0.339844,0,0.00839702
855,1008.92,50.0356,13,3,0.323242,0,0.00844162
856,1843.9,56.5848,13,4,0.358398,0,0.00834521
857,1008.92,53.3613,13,3,0.356445,0,0.00839858
858,1008.92,51.5909,13,3,0.345703,0,0.00834481
859,435.149,51.2749,13,2,0.34668,0,0.00832549
860,435.151,52.7414,13,2,0.338867,0,0.00832351
861,1008.92,53.3134,13,3,0.356445,0,0.00842449
862,1008.92,51.2047,13,3,0.338867,0,0.00832192
863,1008.92,55.7939,13,3,0.358398,0,0.00834923
864,1008.92,52.9493,13,3,0.333008,0,0.00840928
865,1008.92,48.9501,13,3,0.317383,0,0.00831971
866,435.151,55.7871,13,2,0.370117,0,0.00841133
867,1008.92,51.5134,13,3,0.333984,0,0.00842704
868,1008.92,52.7564,13,3,0.34375,0,0.00842688
869,1843.9,58.0295,13,4,0.374023,0,0.0083949
870,1008.92,54.7963,13,3,0.355469,0,0.00840462
871,1008.92,57.0733,13,3,0.366211,0,0.00841047
872,1011.31,54.7933,13,3,0.34668,0,0.00843483
873,1008.92,51.2504,13,3,0.333008,0,0.00843314
874,1011.31,54.5027,13,3,0.339844,0,0.00844925
875,1011.31,54.3492,13,3,0.354492,0,0.00839263
876,1008.92,52.339,13,3,0.352539,0,0.00849676
877,1009.59,53.1505,13,3,0.332031,0,0.00837876
878,1843.9,57.8025,13,4,0.367188,0,0.00838673
879,1008.92,46.5176,13,3,0.3125,0,0.00842522
880,1008.92,48.4319,13,3,0.31543,0,0.00836787
881,1011.31,55.0541,13,3,0.363281,0,0.00844686
882,1011.31,57.4199,13,3,0.381836,0,0.00849482
883,1008.92,53.5567,13,3,0.352539,0,0.00835927
884,435.151,48.7638,13,2,0.326172,0,0.00839204
885,1012.52,54.2944,13,3,0.34668,0,0.00851071
886,1011.31,56.4735,13,3,0.363281,0,0.00833791
887,1008.92,51.6863,13,3,0.341797,0,0.00840332
888,435.151,57.1106,13,2,0.360352,0,0.00846028
889,1008.92,54.3514,13,3,0.350586,0,0.00838712
890,1011.78,52.8049,13,3,0.34375,0,0.00854847
891,435.127,50.7298,13,2,0.331055,0,0.0083912
892,1008.92,59.1435,13,3,0.373047,0,0.00848521
893,435.127,51.3949,13,2,0.333008,0,0.00838754
894,1008.92,50.1798,13,3,0.325195,0,0.00833451
895,1011.31,52.2138,13,3,0.344727,0,0.00833116
896,1008.92,53.4472,13,3,0.353516,0,0.00842676
897,1008.92,52.3974,13,3,0.342773,0,0.00830791
898,1008.92,52.5674,13,3,0.351562,0,0.00833825
899,1011.78,55.1895,13,3,0.365234,0,0.00839638
900,1011.31,55.4398,13,3,0.351562,0,0.00831664
901,1008.92,55.2685,13,3,0.367188,0,0.00843561
902,1008.92,52.5433,13,3,0.339844,0,0.00850215
903,1846.55,59.1391,13,4,0.376953,0,0.00839509
904,1845.26,64.7393,13,4,0.40332,0,0.00838945
905,1011.78,52.8409,13,3,0.344727,0,0.00833943
906,435.151,49.1448,13,2,0.329102,0,0.00844658
907,1011.31,54.9041,13,3,0.356445,0,0.00845466
908,1011.31,51.1135,13,3,0.326172,0,0.00828558
909,1008.92,54.0378,13,3,0.358398,0,0.00836134
910,435.127,55.23,13,2,0.357422,0,0.00831526
911,1008.92,50.8415,13,3,0.342773,0,0.00848029
912,1008.92,50.6152,13,3,0.345703,0,0.00838367
913,1008.92,53.9103,13,3,0.347656,0,0.00833294
914,1011.31,54.6908,13,3,0.347656,0,0.00833166
915,1008.92,52.7243,13,3,0.341797,0,0.00827514
916,1008.92,51.6093,13,3,0.334961,0,0.00833029
917,1008.92,58.0637,13,3,0.384766,0,0.00840183
918,1011.31,57.8413,13,3,0.370117,0,0.00833672
919,1843.9,52.9354,13,4,0.338867,0,0.00832668
920,435.127,47.5767,13,2,0.325195,0,0.0083813
921,1011.31,54.1614,13,3,0.34668,0,0.00836358
922,1843.9,58.2039,13,4,0.375977,0,0.00839932
923,1843.9,56.1463,13,4,0.364258,0,0.00843523
924,1009.59,55.0248,13,3,0.350586,0,0.0084161
925,1008.92,55.4351,13,3,0.345703,0,0.00838083
926,1008.92,51.7298,13,3,0.341797,0,0.00845836
927,1008.92,55.7399,13,3,0.357422,0,0.00840936
928,1008.92,57.6179,13,3,0.364258,0,0.00842513
929,1008.92,54.8456,13,3,0.351562,0,0.00849328
930,1008.92,54.3483,13,3,0.34375,0,0.00836325
931,435.151,47.0423,13,2,0.323242,0,0.00834607
932,1011.31,55.5725,13,3,0.361328,0,0.0083883
933,1008.92,61.6165,13,3,0.391602,0,0.00837252
934,1008.92,49.9713,13,3,0.335938,0,0.0084515
935,1011.31,50.5637,13,3,0.336914,0,0.00849781
936,1009.59,53.3665,13,3,0.349609,0,0.00847202
937,1011.31,55.3387,13,3,0.34375,0,0.00847867
938,1008.92,51.5667,13,3,0.342773,0,0.00838811
939,435.151,53.5452,13,2,0.349609,0,0.00835796
940,1011.31,53.216,13,3,0.356445,0,0.00843832
941,1008.92,59.1837,13,3,0.386719,0,0.00847403
942,435.149,51.7595,13,2,0.34375,0,0.00839391
943,1008.92,53.2793,13,3,0.360352,0,0.00846335
944,1011.31,52.9018,13,3,0.358398,0,0.0083196
945,435.151,52.9053,13,2,0.34668,0,0.00840113
946,1843.9,52.0571,13,4,0.328125,0,0.00859572
947,1008.92,52.8356,13,3,0.342773,0,0.00842938
948,1008.92,50.9489,13,3,0.338867,0,0.00855612
949,1008.92,54.2037,13,3,0.351562,0,0.00844999
950,1011.31,56.6298,13,3,0.352539,0,0.00844572
951,1843.9,52.6129,13,4,0.338867,0,0.00840355
952,1008.92,49.3321,13,3,0.331055,0,0.00836692
953,1008.92,54.6359,13,3,0.356445,0,0.00848114
954,1008.92,54.2048,13,3,0.359375,0,0.00835755
955,1009.59,50.1232,13,3,0.330078,0,0.00839568
956,1008.92,58.925,13,3,0.374023,0,0.00846971
957,435.127,53.6208,13,2,0.351562,0,0.0084103
958,1843.9,58.0151,13,4,0.358398,0,0.00843723
959,1009.59,54.8622,13,3,0.368164,0,0.00848032
960,435.151,55.5978,13,2,0.353516,0,0.00849348
961,1001.24,51.938,13,3,0.330078,0,0.0084383
962,1011.31,51.9498,13,3,0.342773,0,0.00844906
963,1010.79,53.5557,13,3,0.345703,0,0.00839045
964,1011.31,54.6876,13,3,0.357422,0,0.00844774
965,1011.78,50.6984,13,3,0.331055,0,0.00837032
966,1011.78,57.1251,13,3,0.363281,0,0.00841215
967,1008.92,54.4559,13,3,0.353516,0,0.00842502
968,1008.92,56.0896,13,3,0.365234,0,0.00855511
969,1008.92,54.2622,13,3,0.351562,0,0.00845091
970,1008.92,52.9665,13,3,0.34082,0,0.00846748
971,1008.92,55.2395,13,3,0.348633,0,0.00848686
972,1008.92,49.5104,13,3,0.317383,0,0.00855826
973,435.151,52.44,13,2,0.353516,0,0.00862638
974,1004.99,55.3227,13,3,0.370117,0,0.00868039
975,1011.31,59.2808,13,3,0.357422,0,0.00851421
976,435.149,50.4097,13,2,0.337891,0,0.00859276
977,1008.92,59.608,13,3,0.392578,0,0.00855557
978,1841.02,57.3808,13,4,0.364258,0,0.00851243
979,1008.92,54.6288,13,3,0.366211,0,0.00857561
980,1008.92,55.4825,13,3,0.347656,0,0.00862194
981,1008.92,57.1947,13,3,0.370117,0,0.00878427
982,1009.59,54.3252,13,3,0.336914,0,0.00874003
983,1011.31,53.477,13,3,0.358398,0,0.00879067
984,1008.92,54.9622,13,3,0.361328,0,0.00870897
985,1008.92,62.5193,13,3,0.37793,0,0.00872386
986,1008.92,58.2769,13,3,0.375,0,0.00867767
987,1010.21,57.1619,13,3,0.367188,0,0.00891612
988,1008.92,56.5399,13,3,0.357422,0,0.00877653
989,1011.31,57.9291,14,3,0.370117,0,0.00895031
990,1008.92,57.0403,14,3,0.345703,0,0.00912655
991,1008.92,61.7914,15,3,0.380859,0,0.00912055
992,1007.46,62.8889,15,3,0.383789,0,0.00920039
993,1011.31,61.5668,15,3,0.368164,0,0.00929892
994,1836.29,59.3615,15,4,0.375977,0,0.00960998
995,1008.92,67.9095,15,3,0.418945,0,0.00947226
996,1008.92,60.1033,15,3,0.373047,0,0.00942059
997,1009.59,62.5047,15,3,0.385742,0,0.00939336
998,1011.31,71.87,17,3,0.426758,0,0.00940157
999,1011.31,60.5087,15,3,0.341797,0,0.00995651
1000,2909.97,70.419,15,5,0.40332,0,0.00977396
1001,1841.02,67.102,17,4,0.398438,0,0.00974552
1002,1008.92,69.6684,17,3,0.432617,0,0.00975787
1003,1008.92,68.2133,16,3,0.405273,0,0.00972449
1004,1008.92,69.7877,17,3,0.428711,0,0.00987767
1005,1008.92,62.7003,17,3,0.384766,0,0.0100472
1006,1008.92,75.2144,18,3,0.439453,0,0.0104041
1007,1010.21,71.3009,17,3,0.410156,0,0.0102551
1008,1009.59,66.0567,17,3,0.392578,0,0.0101534
1009,1008.92,75.5809,19,3,0.435547,0,0.0106501
1010,1825.63,77.7883,19,4,0.43457,0,0.0108979
1011,1010.79,75.8194,19,3,0.422852,0,0.0112793
1012,1004.1,73.652,18,3,0.40918,0,0.0113523
1013,1004.1,77.6823,21,3,0.4375,0,0.0120504
1014,1010.21,82.9534,24,3,0.462891,0,0.0121476
1015,1008.21,80.3909,23,3,0.432617,0,0.0121201
1016,2942.72,85.1696,25,5,0.455078,0,0.0124703
1017,1749.6,84.7624,27,4,0.441406,0,0.0131367
1018,1008.92,94.0774,49,3,0.491211,0,0.0138346
1019,1010.21,89.4725,36,3,0.435547,0,0.0141943
1020,1010.79,102.116,101,3,0.507812,0,0.0145544
1021,3815.97,100.101,101,6,0.477539,0,0.0154241
1022,2887.84,105.446,101,5,0.49707,0,0.0156243
1023,2897.56,106.882,101,5,0.500977,0,0.0158928
1024,1825.63,112.915,101,4,0.529297,0,0.0160098
1025,1815.68,110.66,101,4,0.501953,0,0.0168464
1026,1819.76,114.919,101,4,0.517578,0,0.0169088
1027,2791.31,123.875,101,5,0.569336,0,0.0175326
1028,2881.17,137.161,101,5,0.591797,0,0.0172838
1029,4118.83,133.165,101,6,0.571289,0,0.0174381
1030,1815.68,138.778,101,4,0.633789,0,0.016945
1031,4248.17,133.443,101,6,0.570312,0,0.0172214
1032,4176.45,137.515,101,6,0.591797,0,0.0172963
1033,2718.6,134.766,101,5,0.605469,0,0.0179446
1034,3912.98,144.371,101,6,0.634766,0,0.0182002
1035,7391.97,163.597,101,8,0.706055,0,0.0176721
1036,4166.27,162.715,101,6,0.702148,0,0.0176374
1037,3980.98,163.772,101,6,0.686523,0,0.0182764
1038,3707.51,168.832,101,6,0.713867,0,0.0174789
1039,3769.12,164.027,101,6,0.708008,0,0.017524
1040,11375.2,182.215,101,10,0.686523,0,0.0176524
1041,4196.4,198.335,101,6,0.774414,0,0.0193844
1042,5830.11,197.577,105.663,7,0.780273,1,0.0184564
1043,9606.16,204.718,101,9,0.787109,0,0.017849
1044,6936.52,210.738,108.13,8,0.853516,1,0.0176938
1045,7457.75,234.129,106.93,8,0.869141,1,0.0183363
1046,5653.06,246.324,108.709,7,0.916992,1,0.0183464
1047,5541.02,241.654,108.13,7,0.896484,1,0.0184622
1048,5248,228.296,109.275,7,0.893555,1,0.0183172
1049,9334.3,249.065,107.538,9,0.902344,1,0.0190849
1050,3950.42,252.863,110.371,6,0.954102,1,0.0196832
1051,5027.38,253.371,110.371,7,0.96875,1,0.0201708
1052,10085.9,303.13,110.903,9,1.04395,1,0.0200939
1053,27194.3,355.964,111.937,13,1.11133,1,0.021769
1054,25284.6,383.167,113.419,13,1.17383,1,0.0216236
1055,26098.8,407.115,113.419,13,1.18652,1,0.0203667
1056,9322.12,390.973,113.419,9,1.21875,1,0.0214418
1057,12306.8,392.925,113.897,10,1.2168,1,0.0220116
1058,15931.2,452.531,115.729,11,1.29688,1,0.0221498
1059,20108.7,498.794,115.729,12,1.33496,1,0.023163
1060,26853,477.36,118.273,13,1.31152,1,0.0236001
1061,21086.6,535.474,118.273,12,1.41797,1,0.0242145
1062,15519.2,539.91,122.741,11,1.45703,1,0.0241448
1063,15884.9,521.095,119.462,11,1.41016,1,0.0236874
1064,15648.5,579.474,136.764,11,1.48828,1,0.025809
1065,38266.1,630.014,124.711,14,1.53027,1,0.0246374
1066,9708.01,603.425,136.624,9,1.57031,1,0.02402
1067,37431.3,642.317,121.334,14,1.49121,1,0.0246799
1068,25984.7,692.709,136.902,13,1.60156,1,0.0253966
1069,15237.4,680.125,136.764,11,1.64746,1,0.0265652
1070,56719.8,864.307,137.427,15,1.79102,1,0.0259675
1071,39303.4,882.072,137.675,14,1.88379,1,0.0264934
1072,27257.2,778.773,138.03,13,1.78418,1,0.026113
1073,2.14703e+06,3093.21,138.469,21,1.95312,1,0.0264499
1074,1.09359e+06,3006.92,416.405,20,2.41309,2,0.0289349
1075,56832.5,1533.94,429.175,15,2.58398,2,0.028806
1076,3.36283e+07,35624.3,428.738,25,2.60645,2,0.030311
1077,1.09185e+06,3439.29,432.828,20,2.95605,2,0.0290507
1078,2.14707e+06,4266.25,433.637,21,2.94629,2,0.0309187
1079,1.09375e+06,4931.91,847.024,20,3.35059,3,0.0319741
1080,563432,3838.73,693.351,19,3.30273,3,0.0328058
1081,4.24801e+06,7644.56,890.612,22,3.51465,3,0.0327573
1082,1.34296e+08,169329,819.107,27,3.58984,3,0.0332414
1083,8.44197e+06,16130.1,434.294,23,3.29688,2,0.0340583
1084,6.71793e+07,81644.5,433.874,26,3.20508,2,0.0313685
1085,6.71839e+07,70439.8,433.114,26,3.13867,2,0.0331008
1086,1.68395e+07,21458.4,434.638,24,3.49805,2,0.0352573
1087,1.68428e+07,44685,435.151,24,3.7666,2,0.036772
1088,5.36967e+08,843489,744.199,29,3.85742,3,0.0385155
1089,6.71908e+07,119660,976.512,26,4.3877,3,0.0387104
1090,3.36187e+07,85083.2,976.512,25,4.49805,3,0.0402203
1091,1.07384e+09,1.44164e+06,1408.62,30,4.9209,4,0.0423454
1092,3.3627e+07,63691.8,1696.71,25,5.07715,4,0.0436006
1093,2.68527e+08,319543,1763.17,28,5.47266,4,0.0441113
1094,2.68527e+08,647519,1735.52,28,5.53418,4,0.0453889
1095,5.36959e+08,1.10996e+06,1788.61,29,5.70117,4,0.0472656
1096,2.68517e+08,581068,1793.4,28,5.67578,4,0.0455438
1097,2.68523e+08,476093,1752.35,28,5.36816,4,0.0421873
1098,2.14759e+09,3.19702e+06,1791.02,31,5.97266,4,0.047241
1099,1.68451e+07,88986,1763.17,24,5.58008,4,0.0439657
1100,1.34302e+08,471129,2282.43,27,6.00391,5,0.0467448
1101,5.36963e+08,714823,2299.79,29,6.0791,5,0.047069
1102,4.29507e+09,4.47455e+06,2550.56,32,6.21582,5,0.0460315
1103,2.68516e+08,746505,1829.35,28,5.96582,4,0.0461158
1104,1.34297e+08,363523,1783.71,27,5.72266,4,0.044573
1105,4.29508e+09,4.29961e+06,2509.17,32,6.00977,5,0.0463915
1106,2.6852e+08,656568,1842.49,28,5.92578,4,0.0449093
1107,5.36964e+08,1.71056e+06,2615.56,29,6.13672,5,0.0460729
1108,1.07385e+09,1.38402e+06,2270.79,30,5.94336,5,0.0456083
1109,8.59006e+09,8.52334e+06,1746.82,33,5.43359,4,0.0421728
1110,2.14759e+09,3.19011e+06,2529.99,31,6.04199,5,0.0434583
1111,2.14759e+09,2.47776e+06,2658.83,31,6.17871,5,0.0451265
1112,4.29508e+09,4.94302e+06,2407.01,32,6.22656,5,0.0439525
1113,2.68524e+08,588180,2407.01,28,6.2334,5,0.0444065
1114,2.68526e+08,1.01014e+06,2247.37,28,6.05176,5,0.0432205
1115,1.07383e+09,1.35813e+06,2550.56,30,6.18945,5,0.0439634
1116,4.29508e+09,4.49363e+06,2595.86,32,6.10352,5,0.0437914
1117,5.36965e+08,1.49345e+06,2705.11,29,6.27344,5,0.0441857
1118,1.34301e+08,323429,2053.16,27,6.03027,5,0.0444589
1119,1.718e+10,2.21149e+07,2503.93,34,5.7373,5,0.0413608
1120,2.68522e+08,799863,2634.97,28,6.22656,5,0.0442943
1121,8.59005e+09,1.41685e+07,2560.74,33,6.05859,5,0.0435597
1122,1.07384e+09,1.91468e+06,2727.49,30,6.38184,5,0.0456489
1123,4.29508e+09,4.93663e+06,2774.8,32,6.57812,5,0.0473406
1124,4.29508e+09,6.13071e+06,1800.39,32,6.00879,4,0.0465449
1125,2.68519e+08,629722,2456.06,28,6.15039,5,0.0486745
1126,4.29508e+09,6.93242e+06,2672.92,32,6.5752,5,0.0489466
1127,1.07384e+09,3.44561e+06,2727.49,30,6.56738,5,0.0484959
1128,2.68525e+08,1.11741e+06,2682.21,28,6.38965,5,0.0476494
1129,1.07384e+09,2.25089e+06,2205.91,30,5.97168,5,0.0458456
1130,4.29508e+09,6.14738e+06,2115.11,32,6.30957,5,0.0478208
1131,4.29508e+09,6.18083e+06,2524.81,32,6.22559,5,0.0472617
1132,1.07383e+09,1.32735e+06,1814.77,30,5.88574,5,0.0456015
1133,1.07384e+09,2.07671e+06,2727.49,30,6.39941,5,0.0490924
1134,5.3697e+08,1.27169e+06,2663.54,29,6.19141,5,0.0470176
1135,2.68528e+08,1.17697e+06,2731.9,28,6.52246,5,0.0490567
1136,1.07384e+09,2.3297e+06,2682.21,30,6.53125,5,0.0493444
1137,5.36966e+08,1.29362e+06,2770.61,29,6.72656,5,0.0507107
1138,1.07384e+09,2.29362e+06,1794.84,30,6.01953,5,0.046955
1139,1.07385e+09,4.44612e+06,2509.17,30,6.37109,5,0.049348
1140,2.14759e+09,3.74846e+06,2305.55,31,6.46973,5,0.0494308
1141,2.14759e+09,4.489e+06,2686.83,31,6.42578,5,0.0488458
1142,1.07384e+09,3.99947e+06,2819.22,30,6.79688,5,0.0512413
1143,2.1476e+09,3.08316e+06,2731.9,31,6.57715,5,0.052342
1144,4.29508e+09,7.78044e+06,2830.78,32,6.76758,5,0.0520593
1145,1.718e+10,2.69577e+07,3693.62,34,6.80664,6,0.0516527
1146,2.68523e+08,1.06964e+06,2757.91,28,6.62598,5,0.0498537
1147,3.43599e+10,3.66151e+07,3332.2,35,7.06445,6,0.0517071
1148,1.07384e+09,2.58626e+06,3196.33,30,7.19336,7,0.0562593
1149,2.14758e+09,5.04559e+06,3848.83,31,7.22852,6,0.0566616
1150,1.718e+10,2.47713e+07,3848.83,34,7.13184,6,0.0568236
1151,8.59007e+09,2.6846e+07,3401.42,33,7.14551,6,0.058238
1152,8.59006e+09,1.21206e+07,3700.57,33,7.0791,6,0.0570264
1153,4.29508e+09,6.83082e+06,2849.48,32,6.89648,5,0.0554085
1154,1.07385e+09,3.52132e+06,3906.66,30,7.25195,6,0.0598855
1155,8.59006e+09,1.22209e+07,3881.17,33,7.22656,6,0.0592161
1156,4.29508e+09,6.44333e+06,2834.58,32,6.7793,5,0.0551493
1157,3.43599e+10,5.15166e+07,3324.44,35,7.12695,6,0.0560263
1158,4.29509e+09,7.87195e+06,3829.17,32,7.34766,6,0.0565018
1159,4.29508e+09,2.00694e+07,3714.43,32,7.32422,6,0.0568096
1160,8.59005e+09,1.2632e+07,3829.17,33,7.54883,6,0.057105
1161,8.59006e+09,2.66148e+07,3679.65,33,7.16895,6,0.0563901
1162,3.43599e+10,4.62295e+07,3068.63,35,7.30273,6,0.0561776
1163,8.59006e+09,2.82173e+07,3925.55,33,7.5293,6,0.0581375
1164,3.43599e+10,5.52969e+07,3968.82,35,7.74805,6,0.0584536
1165,4.29509e+09,1.0531e+07,3782.6,32,7.23242,6,0.0549584
1166,1.718e+10,2.98952e+07,3686.64,34,7.29492,6,0.0563895
1167,1.718e+10,4.49907e+07,2753.63,34,6.82227,5,0.0528992
1168,2.14759e+09,7.16018e+06,3630.2,31,7.03516,6,0.0526085
1169,1.718e+10,2.67379e+07,2740.66,34,6.87207,5,0.052791
1170,6.87196e+10,8.24414e+07,2807.41,36,6.94043,5,0.0545002
1171,8.59005e+09,1.81123e+07,3355.41,33,7.22754,6,0.056171
1172,8.59005e+09,1.96473e+07,2770.61,33,6.77539,5,0.0554385
1173,8.59006e+09,1.94195e+07,3665.61,33,7.16211,6,0.0572034
1174,3.43599e+10,4.37006e+07,3848.83,35,7.37012,6,0.0572641
1175,3.43598e+10,7.24124e+07,3868.3,35,7.33203,6,0.0575503
1176,6.87196e+10,1.14581e+08,3894.21,36,7.60352,7,0.0590261
1177,3.43599e+10,4.92473e+07,4842.08,35,7.67871,7,0.0581847
1178,1.718e+10,4.1846e+07,3829.17,34,7.47852,6,0.0577259
1179,8.59005e+09,3.43972e+07,3912.98,33,7.54688,6,0.0582367
1180,8.59005e+09,2.05631e+07,3815.97,33,7.55664,6,0.0594135
1181,4.29508e+09,9.52697e+06,3686.64,32,7.23145,6,0.0577551
1182,1.718e+10,3.37445e+07,3587.15,34,7.16406,6,0.0582725
1183,3.43599e+10,5.7003e+07,3829.17,35,7.34375,6,0.0598406
1184,3.43599e+10,1.20819e+08,4108.84,35,7.67383,7,0.062152
1185,1.718e+10,6.0192e+07,3076.84,34,7.2334,6,0.0594947
1186,4.29508e+09,1.97198e+07,3002.56,32,6.85938,6,0.058113
1187,1.37439e+11,1.4736e+08,2677.57,37,6.74707,5,0.0580261
1188,6.87196e+10,1.13302e+08,2696.01,36,7.16309,5,0.0604905
1189,1.718e+10,3.02249e+07,2860.33,34,6.77344,5,0.0573887
1190,5.49756e+11,7.11167e+08,2803.43,39,7.24707,5,0.0590704
1191,1.718e+10,4.75179e+07,2791.31,34,7.06934,5,0.0580529
1192,6.87196e+10,8.47715e+07,2762.17,36,7.01758,5,0.056932
1193,1.718e+10,4.32189e+07,2819.22,34,7.30664,5,0.0593244
1194,6.87196e+10,9.60933e+07,2723.05,36,6.81934,5,0.0582184
1195,6.87196e+10,1.06481e+08,2778.96,36,7.05762,5,0.0587358
1196,1.718e+10,3.38095e+07,2696.01,34,6.74805,5,0.0552672
1197,1.09951e+12,1.08009e+09,2842.44,40,6.8418,6,0.0550344
1198,4.29509e+09,2.56412e+07,3158.13,32,6.92285,6,0.0580183
1199,3.43599e+10,4.26097e+07,2351.18,35,6.12891,5,0.0518123
1200,3.43599e+10,1.148e+08,2127.37,35,6.23438,5,0.0544057
1201,3.43599e+10,6.07326e+07,2034.36,35,6.12402,5,0.0547559
1202,1.718e+10,3.71605e+07,1786.17,34,5.88086,4,0.0514851
1203,1.718e+10,2.21392e+07,1715,34,5.88867,4,0.0526657
1204,1.718e+10,2.57397e+07,1639.23,34,5.95117,5,0.0554983
1205,1.09951e+12,1.28687e+09,1735.52,40,6.00879,4,0.0556213
1206,1.718e+10,4.56781e+07,1752.35,34,6.03906,4,0.0535261
1207,3.43599e+10,7.60592e+07,1684.18,35,5.94336,4,0.0539608
1208,6.87196e+10,7.4649e+07,1773.62,36,6.09668,4,0.0518199
1209,3.43599e+10,9.28995e+07,2718.6,35,6.67773,5,0.0563693
1210,8.59006e+09,1.80392e+07,2696.01,33,6.71191,5,0.0564682
1211,1.718e+10,3.49461e+07,3424.22,34,6.91406,6,0.0560553
1212,3.43599e+10,3.78642e+07,3762.35,35,6.92773,6,0.0577503
1213,6.87196e+10,7.15412e+07,4080.24,36,7.4502,6,0.0623755
1214,3.43599e+10,8.89978e+07,4107.95,35,7.9541,6,0.0615907
1215,2.1476e+09,9.45955e+06,3906.66,31,7.26953,6,0.0596174
1216,8.59005e+09,2.38587e+07,4113.41,33,7.78027,6,0.0675643
1217,5.49756e+11,5.78506e+08,3925.55,39,7.42578,6,0.0615056
1218,1.718e+10,4.31983e+07,4610.35,34,7.89355,7,0.0609421
1219,3.43599e+10,7.94898e+07,4193.15,35,7.90137,7,0.0620783
1220,4.29507e+09,1.16871e+07,4520.99,32,7.88965,7,0.0638973
1221,8.59006e+09,5.46932e+07,4717.77,33,8.23438,7,0.0646736
1222,6.87196e+10,1.11151e+08,4480.86,36,8.18457,7,0.0652065
1223,1.718e+10,6.97378e+07,3491.81,34,7.72852,6,0.0610231
1224,1.718e+10,3.66338e+07,5063.53,34,8.14746,7,0.0629923
1225,1.718e+10,6.87275e+07,5478.69,34,8.76758,7,0.0676394
1226,6.87196e+10,1.1065e+08,4085.84,36,8.18457,6,0.0697034
1227,3.43599e+10,8.82464e+07,4266.16,35,7.97168,7,0.0625716
1228,8.59006e+09,3.64662e+07,3993.04,33,8.00488,6,0.0629771
1229,6.87196e+10,2.46008e+08,4823.15,36,8.50977,7,0.0674274
1230,6.87196e+10,9.73e+07,3762.35,36,7.5625,6,0.0619634
1231,6.87196e+10,1.16523e+08,4051.83,36,8.06543,6,0.0650193
1232,6.87196e+10,1.65696e+08,4096.95,36,7.97266,6,0.0653111
1233,6.87196e+10,1.54402e+08,4410.03,36,8.20703,7,0.0659119
1234,3.43599e+10,1.65751e+08,3762.35,35,8.08887,6,0.0670098
1235,6.87196e+10,1.64702e+08,3872.46,36,7.91309,7,0.0635491
1236,6.87196e+10,1.65091e+08,4040.28,36,8.23535,6,0.0642668
1237,6.87196e+10,1.57515e+08,2791.31,36,7.38281,5,0.0614839
1238,8.59005e+09,3.12254e+07,3789.31,33,7.88281,6,0.0629042
1239,1.37439e+11,3.03874e+08,3829.17,37,8.20605,6,0.0638452
1240,2.74878e+11,6.45275e+08,3861.83,38,8.31445,6,0.0635588
1241,2.74878e+11,5.80533e+08,4068.96,38,8.60742,6,0.0675004
1242,5.49756e+11,1.02201e+09,3594.37,39,8.12012,6,0.0743947
1243,2.74878e+11,4.27064e+08,4161.13,38,8.78613,6,0.0721801
1244,5.49756e+11,6.99843e+08,5127.57,39,8.98828,8,0.0702639
1245,6.87196e+10,1.84142e+08,5222.21,36,8.81152,7,0.0685336
1246,1.718e+10,1.21875e+08,3950.42,34,8.24121,6,0.0655108
1247,2.74878e+11,4.44616e+08,5045.49,38,8.85742,7,0.0679244
1248,1.37439e+11,2.88371e+08,4255.78,37,8.87695,7,0.0686203
1249,1.718e+10,1.27896e+08,4510.98,34,9.00879,7,0.0695623
1250,2.74878e+11,6.65097e+08,4917.09,38,9.13672,7,0.0706535
1251,3.43599e+10,1.49807e+08,5143.71,35,9.32324,7,0.0716817
1252,1.37439e+11,2.16975e+08,4490.91,37,8.80957,7,0.0689518
1253,1.37439e+11,6.85585e+08,5470.78,37,9.93848,7,0.0758321
1254,2.74878e+11,5.48523e+08,4698.39,38,9.43652,7,0.0701079
1255,1.09951e+12,1.57573e+09,5454.88,40,9.47461,7,0.0706189
1256,1.37439e+11,3.13896e+08,3912.98,37,8.87598,6,0.0667216
1257,6.87196e+10,3.35939e+08,4765.93,36,9.69629,7,0.0699932
1258,1.37439e+11,4.48896e+08,5517.84,37,9.72949,7,0.0715412
1259,6.87196e+10,3.27372e+08,5752.38,36,10.1182,8,0.0723362
1260,1.37439e+11,3.93249e+08,5525.6,37,9.69824,7,0.0709695
1261,2.19902e+12,2.37845e+09,5915.33,41,9.90137,8,0.0719873
1262,1.09951e+12,2.39106e+09,5586.68,40,9.71484,8,0.0710818
1263,1.09951e+12,1.55617e+09,5502.26,40,9.55078,7,0.0688715
1264,4.39805e+12,4.75862e+09,6456.55,42,10.1025,8,0.0712537
1265,2.74878e+11,7.39916e+08,7021.28,38,10.1787,8,0.0717032
1266,3.43599e+10,1.78389e+08,5462.84,35,9.68555,7,0.0700237
1267,5.49756e+11,1.34612e+09,5616.45,39,10.0273,7,0.0730183
1268,1.37439e+11,9.23901e+08,5502.26,37,9.47168,7,0.0687864
1269,2.19902e+12,2.87719e+09,5563.94,41,9.9248,7,0.070138
1270,2.74878e+11,7.40254e+08,7410.92,38,10.2197,8,0.0713297
1271,1.09951e+12,1.39246e+09,7226.23,40,10.2148,8,0.0742904
1272,5.49756e+11,1.44696e+09,8243.72,39,10.6719,10,0.0765508
1273,5.49756e+11,1.25225e+09,8996.05,39,11.043,9,0.0776479
1274,2.74878e+11,1.32668e+09,9047.37,38,11.1748,9,0.0790219
1275,5.49756e+11,2.1179e+09,11693.9,39,11.9521,10,0.0825284
1276,1.37439e+11,7.86305e+08,9266.89,37,11.2764,10,0.0778444
1277,1.09951e+12,1.80369e+09,11826.8,40,11.8027,10,0.0814338
1278,1.09951e+12,2.66409e+09,14431.3,40,12.0625,11,0.0838973
1279,2.74878e+11,1.75186e+09,12155.5,38,12.3008,10,0.0873003
1280,5.49756e+11,1.54143e+09,15632.5,39,12.7217,11,0.0884214
1281,2.74878e+11,1.28578e+09,19188.5,38,13.0684,12,0.0916403
1282,1.09951e+12,3.45932e+09,14557.8,40,12.6475,11,0.0862415
1283,1.09951e+12,3.27452e+09,15453.8,40,12.8467,11,0.0879497
1284,2.19902e+12,5.57729e+09,26766.3,41,14.0645,13,0.0944516
1285,2.19902e+12,8.56849e+09,25915.9,41,14.3584,13,0.0934183
1286,8.79609e+12,2.08113e+10,26896.2,43,14.3516,13,0.0962103
1287,8.79609e+12,2.79005e+10,25800.6,43,14.21,13,0.097785
1288,4.39805e+12,1.02176e+10,38049.1,42,15.0811,14,0.0973652
1289,4.39805e+12,9.31612e+09,54724.8,42,15.3223,15,0.098463
1290,2.19902e+12,1.09208e+10,56804.4,41,15.832,15,0.102198
1291,4.39805e+12,1.18554e+10,37152.7,42,14.9531,14,0.100268
1292,1.09951e+12,5.33132e+09,38024.8,40,15.1143,14,0.101174
1293,8.79609e+12,1.69103e+10,37829.2,43,14.9189,14,0.100453
1294,2.19902e+12,7.19823e+09,27088.6,41,14.084,13,0.0923927
1295,4.39805e+12,1.2623e+10,35319.9,42,14.2646,14,0.0949373
1296,2.19902e+12,7.09156e+09,25213.1,41,13.5654,13,0.0914646
1297,1.09951e+12,4.12454e+09,26324.5,40,13.5068,13,0.0919719
1298,1.09951e+12,5.8136e+09,26234.6,40,14.0332,13,0.0944388
1299,5.49756e+11,3.22007e+09,36426.1,39,14.502,14,0.0981164
1300,1.09951e+12,4.26204e+09,37431.3,40,14.9707,14,0.0998615
1301,2.19902e+12,5.99442e+09,25707.9,41,14.1387,13,0.0963477
1302,1.09951e+12,4.88919e+09,27485,40,14.5977,13,0.0993094
1303,1.09951e+12,3.76444e+09,27788,40,14.3701,13,0.09724
1304,4.39805e+12,8.37942e+09,26917.7,42,14.2705,13,0.0964468
1305,2.19902e+12,6.05932e+09,34763.4,41,14.7275,14,0.0975652
1306,1.09951e+12,4.09553e+09,55740.4,40,15.2744,15,0.100861
1307,3.51844e+13,3.92989e+10,38242.1,45,15.1865,14,0.103035
1308,8.79609e+12,1.59357e+10,57981.5,43,15.96,15,0.107853
1309,2.19902e+12,1.24937e+10,93756.7,41,16.7979,16,0.109953
1310,8.79609e+12,1.64903e+10,90577.1,43,16.2031,16,0.110945
1311,2.19902e+12,1.44194e+10,38480,41,15.7139,14,0.10702
1312,4.39805e+12,1.67308e+10,56435.7,42,16.1191,15,0.110394
1313,2.19902e+12,8.02423e+09,53832.2,41,15.3203,15,0.102654
1314,5.49756e+11,5.84455e+09,37456.4,39,15.0137,14,0.100214
1315,1.09951e+12,6.12497e+09,38898.4,40,15.4238,14,0.104758
1316,1.09951e+12,5.43717e+09,36896,40,15.2207,14,0.103525
1317,1.09951e+12,5.65264e+09,35784.4,40,14.9102,14,0.0999335
1318,2.19902e+12,1.12456e+10,56148.2,41,15.4668,15,0.104617
1319,2.19902e+12,8.10202e+09,27708.1,41,14.7793,13,0.0993692
1320,2.19902e+12,9.58941e+09,37902.8,41,14.8564,14,0.100534
1321,2.19902e+12,5.4318e+09,35973.3,41,14.7119,14,0.0973716
1322,4.39805e+12,1.63416e+10,27906.6,42,14.4473,13,0.1011
1323,1.09951e+12,6.28366e+09,26700.9,40,14.4033,13,0.0982192
1324,2.19902e+12,9.96805e+09,38875.5,41,15.1426,14,0.101534
1325,4.39805e+12,8.53527e+09,24534.4,42,13.875,13,0.0930209
1326,2.19902e+12,1.01161e+10,26458.5,41,14.6592,13,0.098506
1327,4.39805e+12,1.44444e+10,38361.6,42,15.4023,14,0.103025
1328,4.39805e+12,1.28897e+10,39057.6,42,15.4199,14,0.104477
1329,4.39805e+12,1.48868e+10,58140.2,42,15.8027,15,0.105525
1330,2.19902e+12,8.67204e+09,90275.1,41,15.708,16,0.105956
1331,2.19902e+12,9.79135e+09,56634.9,41,15.5137,15,0.103678
1332,1.09951e+12,9.75597e+09,37853.8,40,14.959,14,0.0991281
1333,7.03687e+13,8.48808e+10,55769.7,46,15.4053,15,0.101498
1334,7.03687e+13,9.95739e+10,158697,46,16.8613,17,0.111651
1335,8.79609e+12,2.57283e+10,294702,43,17.625,18,0.115746
1336,1.75922e+13,6.1001e+10,296691,44,17.9297,18,0.116407
1337,8.79609e+12,2.87648e+10,94524.4,43,16.8594,16,0.11074
1338,4.39805e+12,2.95036e+10,162418,42,17.1768,17,0.112868
1339,8.79609e+12,3.07306e+10,94173.4,43,16.6768,16,0.111331
1340,2.19902e+12,1.5109e+10,163017,41,17.0908,17,0.111838
1341,8.79609e+12,2.97297e+10,298009,43,17.6768,18,0.116311
1342,4.39805e+12,2.81163e+10,159761,42,16.8643,17,0.110468
1343,2.19902e+12,1.27598e+10,161497,41,17.0762,17,0.113356
1344,8.79609e+12,1.90723e+10,160904,43,16.9453,17,0.112598
1345,3.51844e+13,6.12241e+10,294897,45,17.4395,18,0.114523
1346,1.75922e+13,3.94016e+10,95011.3,44,16.874,16,0.110652
1347,4.39805e+12,2.44262e+10,158249,42,16.8584,17,0.109938
1348,2.19902e+12,1.63723e+10,93636.3,41,16.9014,16,0.111433
1349,1.75922e+13,5.0195e+10,162485,44,17.1846,17,0.113308
1350,2.19902e+12,1.81529e+10,160515,41,16.9971,17,0.11061
1351,8.79609e+12,2.49197e+10,160158,43,16.7236,17,0.107439
1352,2.19902e+12,1.04611e+10,164393,41,17.1904,17,0.111949
1353,2.19902e+12,1.25195e+10,93816.7,41,16.4883,16,0.107038
1354,4.39805e+12,2.20114e+10,164671,42,17.2256,17,0.113355
1355,2.19902e+12,1.83754e+10,92494.1,41,16.5322,16,0.115231
1356,4.39805e+12,2.06676e+10,296165,42,17.248,18,0.112277
1357,2.19902e+12,1.0798e+10,162351,41,17.2334,17,0.111863
1358,8.79609e+12,2.50195e+10,163148,43,17.3066,17,0.113805
1359,2.19902e+12,1.10543e+10,55415.6,41,15.8115,15,0.104056
1360,4.39805e+12,2.24195e+10,162752,42,17.2529,17,0.114166
1361,8.79609e+12,2.37989e+10,163603,43,17.459,17,0.115506
1362,4.39805e+12,1.65999e+10,297393,42,17.5576,18,0.115107
1363,1.75922e+13,2.84061e+10,162250,44,17.2471,17,0.113553
1364,2.81475e+14,2.89472e+11,161463,48,17.2021,17,0.111468
1365,3.51844e+13,8.45461e+10,297901,45,17.835,18,0.117002
1366,3.51844e+13,6.3342e+10,299784,45,17.7979,18,0.115284
1367,4.39805e+12,3.08344e+10,298613,42,17.6133,18,0.115356
1368,1.40737e+14,1.66223e+11,295747,47,17.7549,18,0.115301
1369,3.51844e+13,6.57203e+10,563432,45,18.0234,19,0.116144
1370,8.79609e+12,6.27281e+10,297210,43,17.7002,18,0.117806
1371,2.19902e+12,1.84334e+10,163538,41,17.251,17,0.113279
1372,8.79609e+12,3.00725e+10,298081,43,17.7344,18,0.11614
1373,8.79609e+12,3.39307e+10,162182,43,17.2256,17,0.114112
1374,4.39805e+12,2.32589e+10,163441,42,16.9414,17,0.112316
1375,8.79609e+12,1.95246e+10,93240.6,43,16.3379,16,0.109231
1376,8.79609e+12,3.01013e+10,163827,43,17.1621,17,0.116592
1377,8.79609e+12,2.61068e+10,162418,43,16.7539,17,0.109489
1378,3.51844e+13,7.50282e+10,295632,45,17.5508,18,0.116827
1379,8.79609e+12,2.64104e+10,561390,43,18.0801,19,0.11713
1380,7.03687e+13,8.6501e+10,164362,46,17.2061,17,0.113723
1381,4.39805e+12,2.48969e+10,561473,42,18.1699,19,0.118667
1382,4.39805e+12,2.65744e+10,296467,42,17.5986,18,0.113778
1383,8.79609e+12,2.62645e+10,163214,43,16.9893,17,0.110256
1384,2.19902e+12,1.52123e+10,162080,41,17.1162,17,0.109795
1385,3.51844e+13,7.79564e+10,558071,45,17.7334,19,0.114148
1386,1.75922e+13,4.35107e+10,297246,44,17.6943,18,0.1143
1387,1.40737e+14,1.74514e+11,162785,47,17.1396,17,0.113353
1388,4.39805e+12,2.79815e+10,163115,42,17.1016,17,0.111022
1389,4.39805e+12,1.95593e+10,94524.4,42,16.7695,16,0.108794
1390,5.6295e+14,5.71854e+11,161635,49,16.8955,17,0.110667
1391,1.75922e+13,7.98764e+10,555769,44,18.3984,19,0.122034
1392,8.79609e+12,3.99817e+10,298081,43,17.5811,18,0.11448
1393,7.03687e+13,1.1222e+11,295823,46,17.7305,18,0.117693
1394,4.39805e+12,3.30312e+10,296013,42,17.5625,18,0.114247
1395,4.39805e+12,3.40672e+10,162351,42,17.0957,17,0.11253
1396,8.79609e+12,3.9534e+10,159470,43,17.041,17,0.113638
1397,8.79609e+12,3.61704e+10,160194,43,16.7568,17,0.111238
1398,7.03687e+13,1.05261e+11,162686,46,17.1992,17,0.110565
1399,7.03687e+13,8.95888e+10,163214,46,17.2734,17,0.111432
1400,3.51844e+13,1.03223e+11,562870,45,18.2891,19,0.117363
1401,1.75922e+13,5.02587e+10,298295,44,17.8145,18,0.114031
1402,1.40737e+14,2.54997e+11,1.08724e+06,47,18.5967,20,0.119427
1403,8.79609e+12,5.37432e+10,564455,43,18.5088,19,0.118762
1404,1.75922e+13,4.07451e+10,559604,44,18.0459,19,0.112611
1405,1.75922e+13,6.94054e+10,165006,44,17.5234,17,0.113174
1406,4.39805e+12,3.67878e+10,297320,42,17.7412,18,0.113144
1407,3.51844e+13,8.50369e+10,163667,45,17.2646,17,0.11347
1408,8.79609e+12,4.11875e+10,297503,43,17.5791,18,0.111725
1409,8.79609e+12,4.62658e+10,162182,43,17.1934,17,0.109991
1410,8.79609e+12,3.74779e+10,295709,43,17.3896,18,0.115673
1411,7.03687e+13,8.4355e+10,93363,46,16.5918,16,0.108784
1412,2.19902e+12,1.44598e+10,562910,41,17.9717,19,0.115704
1413,8.79609e+12,3.85572e+10,296616,43,17.7715,18,0.115073
1414,8.79609e+12,5.7791e+10,298508,43,18.1592,18,0.117784
1415,7.03687e+13,1.07022e+11,559604,46,18.1436,19,0.123186
1416,3.51844e+13,7.57318e+10,561888,45,18.2988,19,0.11828
1417,2.81475e+14,3.60621e+11,296951,48,17.6797,18,0.118888
1418,2.19902e+12,2.01619e+10,162552,41,17.1611,17,0.115882
1419,8.79609e+12,7.12613e+10,562177,43,18.2314,19,0.1198
1420,4.39805e+12,4.73115e+10,564917,42,18.5264,19,0.121962
1421,8.79609e+12,3.38575e+10,297283,43,18.085,18,0.117549
1422,1.75922e+13,9.64752e+10,164824,44,17.6074,17,0.118269
1423,8.79609e+12,5.51229e+10,296278,43,17.8555,18,0.118604
1424,7.03687e+13,1.04204e+11,563908,46,18.748,19,0.121845
1425,1.75922e+13,1.23212e+11,292866,44,18.1973,18,0.122187
1426,3.51844e+13,6.67772e+10,562626,45,18.3633,19,0.121508
1427,1.75922e+13,6.09105e+10,2.13882e+06,44,18.9209,21,0.125984
1428,8.79609e+12,4.78825e+10,562870,43,18.2607,19,0.12215
1429,8.79609e+12,6.05767e+10,560886,43,18.2217,19,0.119593
1430,1.75922e+13,4.91253e+10,1.09111e+06,44,18.5996,20,0.122644
1431,7.03687e+13,1.54162e+11,1.09176e+06,46,19.1289,20,0.129196
1432,1.75922e+13,8.91511e+10,1.08831e+06,44,18.9893,20,0.125807
1433,3.51844e+13,1.51121e+11,562095,45,18.8115,19,0.124298
1434,1.75922e+13,6.27577e+10,1.09168e+06,44,18.7881,20,0.123901
1435,1.40737e+14,1.92317e+11,1.08686e+06,47,19.1797,20,0.12688
1436,4.5036e+15,4.69501e+12,2.14554e+06,52,20.0908,21,0.132054
1437,3.51844e+13,1.15395e+11,94812.3,45,16.8203,16,0.11223
1438,1.75922e+13,7.43542e+10,93117.6,44,17.0137,16,0.117128
1439,2.81475e+14,3.39388e+11,95011.3,48,17.2617,16,0.118291
1440,1.40737e+14,4.53396e+11,297283,47,17.623,18,0.121264
1441,7.03687e+13,2.4262e+11,159725,46,17.5205,17,0.121577
1442,2.2518e+15,2.44706e+12,93786.7,51,17.0557,16,0.120685
1443,7.03687e+13,1.87662e+11,94202.9,46,17.2295,16,0.120243
1444,3.51844e+13,1.15816e+11,93484.8,45,16.7832,16,0.117418
1445,7.03687e+13,3.14646e+11,297320,46,18.0889,18,0.122326
1446,8.79609e+12,5.88598e+10,162586,43,17.1025,17,0.116395
1447,1.75922e+13,1.02794e+11,157379,44,17.3359,17,0.124415
1448,2.81475e+14,3.12722e+11,94726.4,48,16.6836,16,0.116042
1449,1.75922e+13,1.19742e+11,296840,44,17.3945,18,0.122525
1450,3.51844e+13,1.80018e+11,38480,45,16.1602,14,0.111798
1451,7.03687e+13,1.18831e+11,54511.5,46,15.915,15,0.109109
1452,3.51844e+13,1.41442e+11,161254,45,17.5439,17,0.122324
1453,7.03687e+13,1.77301e+11,161219,46,17.418,17,0.122189
1454,2.81475e+14,3.2539e+11,293231,48,17.7686,18,0.129407
1455,7.03687e+13,4.30444e+11,562218,46,19.0273,19,0.130495
1456,1.1259e+15,1.5446e+12,294858,50,17.9531,18,0.12626
1457,3.51844e+13,2.01048e+11,559301,45,18.5771,19,0.127819
1458,2.81475e+14,5.07368e+11,561473,48,18.7998,19,0.12922
1459,1.40737e+14,4.53391e+11,563272,47,19.3447,19,0.135176
1460,1.40737e+14,5.14523e+11,1.08734e+06,47,19.4717,20,0.135283
1461,1.40737e+14,4.09139e+11,562218,47,19.5742,19,0.135599
1462,2.81475e+14,6.34129e+11,563432,48,19.2559,19,0.137914
1463,7.03687e+13,3.47094e+11,1.09176e+06,46,20.0254,20,0.143672
1464,1.40737e+14,5.68081e+11,2.14034e+06,47,20.5039,21,0.147805
1465,3.51844e+13,3.48381e+11,2.14409e+06,45,20.7764,21,0.144428
1466,2.81475e+14,1.08834e+12,1.09279e+06,48,20.3262,20,0.142955
1467,5.6295e+14,1.19031e+12,2.14466e+06,49,20.5703,21,0.145876
1468,2.81475e+14,6.5335e+11,1.0912e+06,48,20.2734,20,0.142986
1469,5.6295e+14,1.21476e+12,2.13897e+06,49,20.1494,21,0.144349
1470,7.03687e+13,3.38028e+11,4.24766e+06,46,21.0791,22,0.149574
1471,2.81475e+14,9.39097e+11,1.68351e+07,48,22.0244,24,0.154081
1472,7.03687e+13,4.85868e+11,4.24438e+06,46,20.5596,22,0.148875
1473,1.40737e+14,5.13788e+11,8.44146e+06,47,21.0352,23,0.151252
1474,2.81475e+14,1.05114e+12,1.09485e+06,48,20.0254,20,0.144065
1475,1.1259e+15,2.36834e+12,8.44533e+06,50,21.667,23,0.150226
1476,1.1259e+15,1.54425e+12,1.08854e+06,50,19.5859,20,0.139473
1477,4.5036e+15,6.16927e+12,2.1448e+06,52,20.5312,21,0.14408
1478,7.03687e+13,3.24653e+11,563631,46,18.5957,19,0.131575
1479,7.03687e+13,2.91424e+11,558689,46,18.5449,19,0.12916
1480,2.81475e+14,5.22935e+11,562667,48,18.3535,19,0.129211
1481,7.03687e+13,2.38528e+11,292988,46,17.9238,18,0.126556
1482,1.40737e+14,3.37667e+11,559691,47,18.5508,19,0.132352
1483,2.2518e+15,3.52676e+12,1.09159e+06,51,19.457,20,0.139398
1484,2.81475e+14,1.79336e+12,1.0915e+06,48,19.7412,20,0.140753
1485,2.81475e+14,9.76829e+11,563947,48,19.1533,19,0.137166
1486,2.81475e+14,8.46162e+11,559992,48,18.6133,19,0.134178
1487,2.81475e+14,7.2215e+11,563192,48,18.7578,19,0.133078
1488,7.03687e+13,4.69257e+11,1.08854e+06,46,18.9873,20,0.135174
1489,1.1259e+15,1.61609e+12,289434,50,18.0479,18,0.129929
1490,2.2518e+15,5.61502e+12,2.14044e+06,51,19.8438,21,0.144914
1491,1.1259e+15,5.87246e+12,562829,50,18.9971,19,0.137681
1492,4.5036e+15,8.63392e+12,4.22919e+06,52,20.5605,22,0.146325
1493,1.1259e+15,1.95047e+12,8.4391e+06,50,20.5547,23,0.150686
1494,1.1259e+15,1.39843e+12,8.44766e+06,50,21.0576,23,0.150362
1495,1.1259e+15,2.73627e+12,2.14352e+06,50,20.0537,21,0.141234
1496,2.81475e+14,1.35757e+12,8.44566e+06,48,20.9922,23,0.149346
1497,1.1259e+15,2.84634e+12,4.24712e+06,50,20.9492,22,0.147193
1498,1.1259e+15,2.58532e+12,3.36091e+07,50,21.8809,25,0.158453
1499,5.6295e+14,1.95153e+12,4.2451e+06,49,21.0566,22,0.151321
