129.023
0,434.476,7.956,4,2,0.0351562,0,0.00621105
1,435.076,8.4786,4,2,0.0351562,0,0.00628733
2,435.117,9.28825,5,2,0.0410156,0,0.00620755
3,110.371,8.63288,5,1,0.0380859,0,0.00625595
4,435.117,12.0916,5,2,0.0546875,0,0.00633638
5,109.829,9.46238,5,1,0.0449219,0,0.00639935
6,435.149,11.8223,5,2,0.0595703,0,0.006411
7,434.902,9.42615,5,2,0.0429688,0,0.00633675
8,111.425,9.74008,5,1,0.0478516,0,0.00640724
9,435.053,10.1444,5,2,0.0449219,0,0.0063954
10,435.117,11.1151,5,2,0.0507812,0,0.00639729
11,110.903,10.2288,5,1,0.0498047,0,0.0064234
12,434.954,11.7019,6,2,0.0556641,0,0.00660955
13,435.151,10.717,5,2,0.0498047,0,0.00659336
14,435.151,11.2868,5,2,0.0527344,0,0.00636621
15,435.127,11.3214,5,2,0.0556641,0,0.00642934
16,435.053,12.0306,6,2,0.0576172,0,0.0064095
17,435.151,10.9506,6,2,0.0537109,0,0.00652139
18,435.053,12.228,6,2,0.0576172,0,0.00641211
19,110.371,8.85216,6,1,0.0351562,0,0.00639338
20,435.151,9.77188,6,2,0.0429688,0,0.00641618
21,435.127,11.4593,6,2,0.0546875,0,0.00648093
22,435.151,14.2407,6,2,0.078125,0,0.00666651
23,435.127,12.2939,6,2,0.0576172,0,0.00669942
24,435.151,11.8226,6,2,0.0556641,0,0.00666428
25,435.053,12.8344,6,2,0.0683594,0,0.00672627
26,435.151,10.9615,6,2,0.0478516,0,0.00659468
27,112.934,11.1722,6,1,0.0537109,0,0.00656619
28,435.053,12.4984,6,2,0.0625,0,0.00653467
29,435.117,12.4728,6,2,0.0634766,0,0.00654391
30,434.818,12.3776,6,2,0.0634766,0,0.00647631
31,435.127,12.3072,6,2,0.0625,0,0.00659609
32,435.151,11.9198,6,2,0.0566406,0,0.00657726
33,435.127,12.5676,6,2,0.0585938,0,0.00660938
34,435.149,11.7187,6,2,0.0527344,0,0.0066228
35,435.151,13.0438,6,2,0.0644531,0,0.00658959
36,435.151,12.1269,6,2,0.0507812,0,0.00663043
37,1011.31,12.8349,6,3,0.0625,0,0.0065923
38,435.151,13.8308,6,2,0.0683594,0,0.00662347
39,435.127,10.3306,6,2,0.0410156,0,0.00666067
40,435.127,12.3923,6,2,0.0576172,0,0.00660477
41,435.151,13.5227,6,2,0.0654297,0,0.00672735
42,435.149,12.6026,6,2,0.0615234,0,0.00667679
43,435.151,13.2343,6,2,0.0673828,0,0.00667942
44,435.127,14.4845,6,2,0.0673828,0,0.00665853
45,435.127,15.1322,7,2,0.078125,0,0.00676631
46,435.053,14.4025,7,2,0.078125,0,0.00672552
47,435.151,13.2743,7,2,0.0585938,0,0.0068802
48,435.053,13.3982,7,2,0.0654297,0,0.00675336
49,435.151,13.2609,7,2,0.0625,0,0.00674565
50,435.149,16.186,7,2,0.0917969,0,0.00675117
51,435.149,15.4975,7,2,0.0791016,0,0.00672616
52,435.127,14.5718,7,2,0.0712891,0,0.00691565
53,435.149,14.4664,7,2,0.0732422,0,0.00681696
54,434.476,13.799,7,2,0.0693359,0,0.00684474
55,1012.18,13.5353,7,3,0.0634766,0,0.00675298
56,1011.31,14.4757,7,3,0.0703125,0,0.00675387
57,1010.79,15.2555,7,3,0.0761719,0,0.00689988
58,435.117,12.7323,7,2,0.0556641,0,0.00687893
59,1008.92,13.6816,7,3,0.0605469,0,0.00680618
60,435.127,13.0286,7,2,0.0566406,0,0.00688753
61,435.149,12.0027,7,2,0.0527344,0,0.00674271
62,435.149,16.1144,7,2,0.0839844,0,0.00683254
63,434.954,15.3354,7,2,0.0839844,0,0.00693319
64,435.149,14.4007,7,2,0.0742188,0,0.00682025
65,435.117,14.512,7,2,0.0683594,0,0.00691827
66,435.117,14.0619,7,2,0.0693359,0,0.00691192
67,435.151,15.7502,8,2,0.0751953,0,0.00689261
68,435.149,14.4142,7,2,0.0644531,0,0.00685844
69,435.149,14.0402,7,2,0.0634766,0,0.00681709
70,435.117,14.901,8,2,0.0771484,0,0.0069429
71,435.053,14.9099,8,2,0.0742188,0,0.00686765
72,435.053,15.0765,8,2,0.0761719,0,0.00700208
73,435.151,16.4259,8,2,0.0869141,0,0.00690933
74,435.151,15.9846,8,2,0.0830078,0,0.00692333
75,435.149,16.4552,8,2,0.0849609,0,0.00703862
76,435.151,15.4689,8,2,0.0673828,0,0.00720371
77,435.151,15.7132,8,2,0.0830078,0,0.00705504
78,435.127,17.0694,8,2,0.0878906,0,0.00704677
79,435.149,15.1349,8,2,0.0771484,0,0.00686296
80,435.151,15.6589,8,2,0.0820312,0,0.00694423
81,435.149,16.1843,8,2,0.0800781,0,0.00705753
82,435.151,16.8411,8,2,0.0869141,0,0.00692457
83,435.053,15.8565,8,2,0.0839844,0,0.00700661
84,434.954,16.8923,8,2,0.0908203,0,0.00709126
85,435.127,15.4946,8,2,0.0751953,0,0.00701908
86,435.053,16.9077,8,2,0.0927734,0,0.00700803
87,435.149,19.2949,8,2,0.109375,0,0.0070568
88,435.127,17.0988,8,2,0.0878906,0,0.00704351
89,435.149,17.1914,8,2,0.0947266,0,0.00689206
90,1008.92,18.6039,8,3,0.0957031,0,0.00693867
91,435.149,15.8822,8,2,0.0820312,0,0.00700205
92,434.818,16.2843,8,2,0.0869141,0,0.00708501
93,435.151,16.1375,8,2,0.0810547,0,0.00717599
94,435.151,15.8093,8,2,0.0830078,0,0.00716486
95,1011.31,22.2239,8,3,0.117188,0,0.00708287
96,435.149,18.8992,8,2,0.107422,0,0.00707224
97,435.053,18.2981,8,2,0.103516,0,0.00708914
98,435.151,19.5951,8,2,0.114258,0,0.00713027
99,435.149,20.3525,8,2,0.116211,0,0.00714484
100,435.127,17.8037,8,2,0.0986328,0,0.00717567
101,435.127,17.5189,8,2,0.0927734,0,0.00730263
102,435.127,20.5783,8,2,0.114258,0,0.00720522
103,435.151,20.0193,9,2,0.113281,0,0.00725751
104,435.151,22.0786,9,2,0.124023,0,0.00725563
105,435.149,19.8062,9,2,0.109375,0,0.00742317
106,435.151,18.2514,8,2,0.101562,0,0.00733672
107,435.149,19.2879,9,2,0.105469,0,0.00726615
108,435.151,22.9719,9,2,0.124023,0,0.00734924
109,435.127,20.7823,9,2,0.117188,0,0.00723065
110,435.151,21.1893,9,2,0.118164,0,0.00721633
111,435.151,21.17,9,2,0.113281,0,0.00730712
112,435.151,24.14,9,2,0.136719,0,0.00733453
113,435.127,18.2431,9,2,0.0976562,0,0.00726188
114,435.127,22.0023,9,2,0.125977,0,0.00736269
115,435.151,25.3984,9,2,0.146484,0,0.00734196
116,435.149,22.3162,9,2,0.130859,0,0.00733423
117,1009.59,21.9636,9,3,0.12207,0,0.00744255
118,1010.21,25.1792,9,3,0.139648,0,0.00730145
119,435.127,22.7813,9,2,0.132812,0,0.00729863
120,435.151,21.9928,9,2,0.131836,0,0.00737164
121,435.127,23.3318,9,2,0.140625,0,0.00736616
122,435.151,25.2904,9,2,0.146484,0,0.007351
123,435.151,25.4227,9,2,0.145508,0,0.0073948
124,1009.59,25.3083,9,3,0.148438,0,0.00747673
125,435.151,23.9523,9,2,0.144531,0,0.00733297
126,1010.21,24.5063,9,3,0.139648,0,0.00742352
127,435.151,23.821,9,2,0.136719,0,0.00735832
128,1012.18,26.5862,9,3,0.148438,0,0.00745456
129,1008.92,26.9169,9,3,0.151367,0,0.00754326
130,1008.92,26.2163,9,3,0.152344,0,0.00752237
131,435.151,25.1401,9,2,0.154297,0,0.00750653
132,1008.92,27.8705,9,3,0.161133,0,0.00755969
133,435.151,25.9964,9,2,0.154297,0,0.00745692
134,435.151,26.8355,9,2,0.15918,0,0.00761586
135,435.127,28.525,9,2,0.178711,0,0.00747213
136,435.127,27.9936,9,2,0.174805,0,0.00743029
137,435.151,28.2562,9,2,0.173828,0,0.00758716
138,435.151,27.5434,9,2,0.162109,0,0.00753114
139,435.151,29.27,9,2,0.179688,0,0.00756014
140,1009.59,28.2123,9,3,0.158203,0,0.00746106
141,435.151,31.6162,9,2,0.192383,0,0.00752896
142,1011.31,33.1847,9,3,0.209961,0,0.00760813
143,435.149,29.0173,9,2,0.176758,0,0.00765417
144,435.151,32.4993,9,2,0.211914,0,0.00755453
145,435.151,33.9542,9,2,0.212891,0,0.00757479
146,435.151,29.0541,9,2,0.179688,0,0.00752519
147,435.151,30.3478,9,2,0.188477,0,0.00759029
148,1011.31,37.7084,9,3,0.228516,0,0.00763502
149,1008.92,35.6151,9,3,0.217773,0,0.00768055
150,1009.59,35.7821,9,3,0.219727,0,0.00770147
151,1008.92,40.5544,9,3,0.248047,0,0.00783393
152,435.151,32.2325,9,2,0.202148,0,0.00763077
153,435.151,34.0029,9,2,0.219727,0,0.00783929
154,1845.26,37.0901,9,4,0.214844,0,0.00766887
155,435.151,36.882,10,2,0.226562,0,0.0078656
156,435.151,35.0414,9,2,0.209961,0,0.00779525
157,1010.79,36.9965,9,3,0.243164,0,0.00779283
158,435.151,36.1969,9,2,0.240234,0,0.0076847
159,1008.92,39.9396,9,3,0.248047,0,0.00766695
160,1011.31,40.3804,9,3,0.270508,0,0.00771911
161,1011.31,37.7614,9,3,0.246094,0,0.0077114
162,435.151,39.4313,10,2,0.255859,0,0.00786196
163,1010.21,39.1896,9,3,0.255859,0,0.00775371
164,1010.79,42.6429,10,3,0.28418,0,0.00768445
165,435.151,37.3319,9,2,0.242188,0,0.00760733
166,1010.79,41.9112,9,3,0.262695,0,0.00773095
167,1011.31,41.0424,9,3,0.260742,0,0.00770418
168,435.151,38.838,9,2,0.253906,0,0.00788829
169,1010.79,41.2774,9,3,0.264648,0,0.00784597
170,1008.92,41.6729,9,3,0.269531,0,0.00771986
171,435.151,43.1345,9,2,0.273438,0,0.00762413
172,1011.31,43.9757,9,3,0.279297,0,0.00779021
173,1011.31,42.0104,9,3,0.260742,0,0.00766765
174,1848.92,50.6541,10,4,0.324219,0,0.007677
175,1008.92,42.5103,9,3,0.280273,0,0.00787212
176,1011.31,43.2764,9,3,0.277344,0,0.00763519
177,1011.78,42.7328,10,3,0.280273,0,0.00767317
178,1010.21,43.4605,9,3,0.279297,0,0.00768796
179,435.151,38.9505,10,2,0.263672,0,0.00775285
180,435.151,42.8281,9,2,0.288086,0,0.00775813
181,1008.92,45.1144,10,3,0.304688,0,0.00779227
182,1010.21,47.3201,11,3,0.31543,0,0.00782934
183,1011.31,46.6294,10,3,0.293945,0,0.00784804
184,1010.79,42.7636,10,3,0.275391,0,0.00782113
185,1009.59,44.4769,10,3,0.295898,0,0.0077604
186,1009.59,47.8311,10,3,0.296875,0,0.00782051
187,1010.79,42.1307,9,3,0.263672,0,0.00775672
188,1011.31,49.6939,10,3,0.322266,0,0.0078404
189,1008.92,45.9364,10,3,0.300781,0,0.00784406
190,435.151,44.6149,10,2,0.298828,0,0.00785139
191,435.151,38.8697,9,2,0.255859,0,0.00786986
192,1011.31,47.1451,11,3,0.318359,0,0.0078306
193,1011.31,44.876,11,3,0.291016,0,0.00784081
194,435.151,44.6698,10,2,0.303711,0,0.007826
195,1008.92,44.0278,10,3,0.283203,0,0.00776255
196,1011.31,48.6439,11,3,0.311523,0,0.00797534
197,1005.85,47.4128,10,3,0.308594,0,0.00777782
198,1008.92,45.2364,11,3,0.297852,0,0.00776232
199,435.151,41.8203,10,2,0.279297,0,0.00783726
200,1009.59,43.5751,11,3,0.293945,0,0.00781707
201,435.151,44.1345,9,2,0.293945,0,0.00794861
202,435.149,39.6442,10,2,0.267578,0,0.00791098
203,1008.92,43.9755,11,3,0.293945,0,0.00788562
204,1010.21,45.7579,11,3,0.300781,0,0.00789483
205,435.151,44.9233,11,2,0.301758,0,0.00784019
206,1008.92,49.1225,11,3,0.320312,0,0.0078455
207,1011.31,46.4588,10,3,0.304688,0,0.00791306
208,435.151,43.4262,11,2,0.301758,0,0.00798146
209,1011.31,49.9175,12,3,0.328125,0,0.00791714
210,435.151,47.5958,11,2,0.30957,0,0.00783874
211,1008.92,47.4062,10,3,0.314453,0,0.00783414
212,1008.92,43.1268,11,3,0.289062,0,0.00786818
213,1843.9,45.6053,11,4,0.287109,0,0.00793662
214,1009.59,47.6195,11,3,0.308594,0,0.00802962
215,435.151,45.1791,11,2,0.304688,0,0.00783547
216,1843.9,45.0957,11,4,0.299805,0,0.00787571
217,1008.92,45.4335,11,3,0.304688,0,0.00782215
218,1008.92,49.714,11,3,0.329102,0,0.0079045
219,435.151,49.3736,12,2,0.326172,0,0.00800051
220,1009.59,45.9079,11,3,0.295898,0,0.00794053
221,1011.31,46.5512,11,3,0.300781,0,0.00789977
222,1008.92,47.7691,11,3,0.310547,0,0.00776423
223,435.151,47.1184,12,2,0.31543,0,0.0079257
224,1008.92,48.1911,11,3,0.30957,0,0.00792606
225,1010.79,46.5173,11,3,0.302734,0,0.00803094
226,1008.92,48.6116,11,3,0.313477,0,0.00791724
227,1008.92,51.6975,11,3,0.335938,0,0.00787505
228,1845.26,46.4981,11,4,0.298828,0,0.0078858
229,1008.92,47.9319,11,3,0.317383,0,0.00783673
230,435.151,44.2035,11,2,0.296875,0,0.00783816
231,435.151,45.7743,11,2,0.307617,0,0.00793858
232,1009.59,53.0421,11,3,0.344727,0,0.00793961
233,435.151,46.5427,11,2,0.30957,0,0.00781193
234,1009.59,54.8074,12,3,0.365234,0,0.00785053
235,1008.92,46.0722,11,3,0.303711,0,0.00789536
236,1011.31,54.2742,12,3,0.339844,0,0.00794432
237,1011.31,46.4125,11,3,0.298828,0,0.00787272
238,1011.31,49.0557,11,3,0.304688,0,0.00783109
239,1011.31,51.5875,10,3,0.323242,0,0.00772015
240,1011.31,52.082,12,3,0.333008,0,0.00783107
241,435.151,44.7012,11,2,0.305664,0,0.00797567
242,1008.92,48.0733,11,3,0.31543,0,0.00782493
243,1008.92,46.0689,11,3,0.300781,0,0.00791914
244,1011.31,55.9506,12,3,0.357422,0,0.00796969
245,1843.9,51.5411,12,4,0.333008,0,0.00791043
246,1008.92,51.1232,12,3,0.336914,0,0.00787092
247,1010.21,50.8174,12,3,0.327148,0,0.00793104
248,435.151,40.157,11,2,0.264648,0,0.00794722
249,1008.92,46.8579,12,3,0.310547,0,0.00790953
250,1008.92,48.7099,12,3,0.323242,0,0.00799016
251,1008.92,54.7169,12,3,0.356445,0,0.00788871
252,435.151,45.6579,11,2,0.297852,0,0.00804058
253,1008.92,54.6972,12,3,0.353516,0,0.00801632
254,435.151,47.51,12,2,0.324219,0,0.0078966
255,435.151,44.1487,11,2,0.285156,0,0.00789333
256,435.151,45.8252,12,2,0.320312,0,0.00806309
257,1008.92,47.9843,11,3,0.319336,0,0.00795392
258,435.151,46.0495,11,2,0.300781,0,0.00798295
259,1012.18,51.2211,11,3,0.323242,0,0.00796347
260,1008.92,49.3137,12,3,0.321289,0,0.00795759
261,1843.9,48.7956,12,4,0.323242,0,0.00789495
262,1008.92,43.0241,11,3,0.291016,0,0.00807089
263,1845.26,53.018,12,4,0.333984,0,0.00797613
264,1843.9,54.6151,12,4,0.352539,0,0.00788065
265,1009.59,52.8205,12,3,0.330078,0,0.00814234
266,1007.46,46.0584,11,3,0.31543,0,0.00802503
267,1008.92,49.8554,12,3,0.318359,0,0.0084186
268,1011.31,45.1271,12,3,0.303711,0,0.0092927
269,1008.92,47.8931,11,3,0.31543,0,0.0107183
270,1011.78,44.921,12,3,0.293945,0,0.0131058
271,1011.31,47.6673,11,3,0.308594,0,0.0121936
272,1009.59,48.0403,11,3,0.303711,0,0.0108298
273,1010.21,49.7992,13,3,0.328125,0,0.00932543
274,1008.92,48.1088,12,3,0.314453,0,0.00869548
275,1011.31,50.0611,12,3,0.328125,0,0.0087226
276,1011.31,46.6055,12,3,0.311523,0,0.00849644
277,435.151,46.2186,12,2,0.321289,0,0.00837351
278,1008.92,54.2722,13,3,0.356445,0,0.0083386
279,435.151,50.4142,12,2,0.338867,0,0.00821101
280,1011.31,49.7106,12,3,0.31543,0,0.00811709
281,1011.31,46.7604,12,3,0.302734,0,0.00797166
282,1008.92,52.9597,13,3,0.351562,0,0.00809301
283,1008.92,46.6135,13,3,0.319336,0,0.00810257
284,1008.92,50.9964,13,3,0.333984,0,0.00799351
285,1008.92,48.183,13,3,0.323242,0,0.00803113
286,1008.92,48.9247,12,3,0.319336,0,0.00813111
287,1008.92,54.7987,13,3,0.352539,0,0.00813761
288,1011.31,54.0696,13,3,0.355469,0,0.00809887
289,1008.92,45.974,12,3,0.30957,0,0.0080218
290,1010.21,49.988,13,3,0.331055,0,0.00799722
291,435.151,45.4444,12,2,0.295898,0,0.00801093
292,1843.9,46.4232,12,4,0.294922,0,0.00796347
293,1008.92,47.1303,11,3,0.306641,0,0.00795482
294,1011.78,50.9582,12,3,0.334961,0,0.00796229
295,1011.78,55.2212,13,3,0.356445,0,0.00817155
296,1011.31,47.2436,12,3,0.313477,0,0.00806838
297,1008.92,47.8436,13,3,0.317383,0,0.00804029
298,1008.92,48.9007,12,3,0.325195,0,0.00800724
299,1011.31,46.6596,11,3,0.300781,0,0.00792136
300,435.151,49.3463,13,2,0.335938,0,0.00805588
301,1011.31,48.791,13,3,0.325195,0,0.00811103
302,1008.92,56.8056,13,3,0.350586,0,0.00805628
303,1008.92,54.1094,13,3,0.347656,0,0.0080916
304,435.151,47.714,13,2,0.323242,0,0.00810055
305,1011.31,50.4585,12,3,0.333008,0,0.00809659
306,1009.59,47.429,12,3,0.313477,0,0.00801315
307,1008.92,50.0089,13,3,0.333984,0,0.00805925
308,1008.92,52.4423,13,3,0.342773,0,0.00818674
309,1008.92,47.5224,12,3,0.300781,0,0.00802468
310,1008.92,50.9497,13,3,0.331055,0,0.00808846
311,1843.9,56.2822,13,4,0.342773,0,0.00808841
312,1011.31,54.4461,13,3,0.338867,0,0.00813735
313,1008.92,49.4619,13,3,0.316406,0,0.0080738
314,1843.9,56.8905,13,4,0.353516,0,0.00797721
315,1011.31,53.3359,13,3,0.333984,0,0.00801937
316,1008.92,47.3784,12,3,0.321289,0,0.00796919
317,1010.79,49.6453,13,3,0.325195,0,0.00796837
318,1008.92,48.0111,12,3,0.319336,0,0.00810009
319,435.151,47.2116,13,2,0.310547,0,0.00807894
320,1008.92,46.8326,12,3,0.306641,0,0.00804874
321,1008.92,54.0054,13,3,0.352539,0,0.00814197
322,1011.31,49.8451,13,3,0.325195,0,0.00811345
323,1008.92,47.7884,13,3,0.311523,0,0.00812428
324,1008.92,52.1414,13,3,0.333984,0,0.0080653
325,1008.92,47.0353,12,3,0.305664,0,0.00798018
326,1009.59,47.8907,13,3,0.30957,0,0.00812062
327,1009.59,52.0827,13,3,0.328125,0,0.00808122
328,1008.92,51.896,13,3,0.330078,0,0.00813722
329,1008.92,51.1483,13,3,0.34668,0,0.00818953
330,1008.92,45.8192,12,3,0.294922,0,0.00802332
331,1008.92,48.8609,13,3,0.325195,0,0.00819184
332,1008.92,48.1339,13,3,0.318359,0,0.00816787
333,1008.92,48.5272,13,3,0.328125,0,0.00821942
334,1843.9,56.1885,13,4,0.353516,0,0.0081848
335,1009.59,49.5724,13,3,0.322266,0,0.00810865
336,1011.31,51.0766,13,3,0.325195,0,0.00816603
337,1843.9,57.2056,13,4,0.362305,0,0.00817575
338,1011.31,49.8745,13,3,0.332031,0,0.00810634
339,435.151,52.9957,13,2,0.360352,0,0.00818276
340,1011.78,54.2882,13,3,0.341797,0,0.0081294
341,1011.31,54.5847,13,3,0.362305,0,0.0080605
342,1009.59,54.0225,13,3,0.349609,0,0.00815948
343,1011.31,58.2055,13,3,0.360352,0,0.00803722
344,1008.92,50.8253,13,3,0.333008,0,0.00807873
345,1011.31,52.2891,13,3,0.34082,0,0.00813116
346,1008.92,52.7965,13,3,0.342773,0,0.00811108
347,1010.21,51.7969,13,3,0.34082,0,0.0080905
348,435.151,48.5294,13,2,0.314453,0,0.00805874
349,1010.21,47.4255,13,3,0.318359,0,0.008165
350,1008.92,51.99,13,3,0.332031,0,0.00802821
351,435.151,49.0324,13,2,0.328125,0,0.00813524
352,435.151,46.3789,13,2,0.30957,0,0.00815151
353,1011.78,49.426,13,3,0.328125,0,0.00819022
354,1011.31,52.2593,13,3,0.342773,0,0.00819838
355,1010.79,52.0252,13,3,0.331055,0,0.00818298
356,1011.31,55.1147,13,3,0.357422,0,0.008164
357,1011.31,60.8369,13,3,0.386719,0,0.00807416
358,1008.92,48.8606,13,3,0.313477,0,0.00824659
359,1008.92,48.4918,13,3,0.322266,0,0.00816804
360,435.151,44.7875,13,2,0.310547,0,0.00816446
361,1009.59,51.2265,13,3,0.322266,0,0.00811254
362,435.151,46.9171,13,2,0.318359,0,0.00811831
363,1010.21,57.302,13,3,0.362305,0,0.00821359
364,435.151,47.2561,13,2,0.320312,0,0.00812204
365,1008.92,53.2221,13,3,0.356445,0,0.0081893
366,1008.92,48.4346,13,3,0.319336,0,0.00803465
367,435.151,46.5244,12,2,0.302734,0,0.00812212
368,1008.92,49.3761,13,3,0.327148,0,0.00805202
369,1011.31,48.5791,13,3,0.321289,0,0.00804145
370,1008.92,49.1356,13,3,0.306641,0,0.0080932
371,1843.9,54.6838,13,4,0.348633,0,0.00819107
372,1008.92,47.3366,13,3,0.317383,0,0.00808204
373,1009.59,56.3153,13,3,0.360352,0,0.00815031
374,1837.92,53.0064,13,4,0.338867,0,0.00808102
375,1012.18,52.5277,13,3,0.334961,0,0.00797593
376,1010.79,52.3817,13,3,0.324219,0,0.00802884
377,1008.92,54.8596,13,3,0.354492,0,0.00813547
378,1011.31,52.4103,13,3,0.333008,0,0.00812419
379,1007.46,47.8394,13,3,0.3125,0,0.00813782
380,1008.92,51.5257,13,3,0.352539,0,0.0081731
381,1008.92,54.1396,13,3,0.34668,0,0.0081171
382,1011.31,50.9675,13,3,0.347656,0,0.00809541
383,1008.92,52.6305,13,3,0.338867,0,0.00810053
384,1011.31,55.1208,13,3,0.347656,0,0.00813009
385,1008.92,49.3183,13,3,0.319336,0,0.00809314
386,1008.92,55.3594,13,3,0.352539,0,0.00821656
387,1843.9,50.3036,13,4,0.323242,0,0.00812674
388,1008.92,50.6755,13,3,0.336914,0,0.00799175
389,1008.92,50.3964,13,3,0.333008,0,0.00814075
390,1008.92,49.9516,13,3,0.319336,0,0.00822109
391,1008.92,53.3609,13,3,0.344727,0,0.0080867
392,1011.31,52.3223,13,3,0.342773,0,0.00813992
393,1843.9,50.9327,13,4,0.335938,0,0.00809236
394,1011.31,55.854,13,3,0.352539,0,0.00816436
395,1008.92,51.4523,13,3,0.348633,0,0.00802434
396,435.151,51.8468,13,2,0.349609,0,0.00824725
397,1008.92,52.0727,13,3,0.351562,0,0.0080514
398,435.151,50.7654,13,2,0.319336,0,0.00815238
399,435.151,49.8011,13,2,0.333008,0,0.00815094
400,1011.31,50.1012,13,3,0.325195,0,0.00825955
401,1008.92,50.5098,13,3,0.328125,0,0.00823132
402,1011.31,54.0572,13,3,0.34375,0,0.00811066
403,1008.92,50.6938,13,3,0.333984,0,0.00814949
404,1010.79,50.5357,13,3,0.330078,0,0.0081323
405,1009.59,57.3342,13,3,0.367188,0,0.00818031
406,1011.31,50.3711,13,3,0.319336,0,0.00806313
407,1008.92,50.5846,13,3,0.331055,0,0.0081347
408,1008.92,50.7238,13,3,0.332031,0,0.00809302
409,1848.92,53.2099,13,4,0.337891,0,0.00822944
410,1011.31,51.854,13,3,0.325195,0,0.00823108
411,1009.59,48.7443,13,3,0.328125,0,0.00829352
412,1008.92,48.7035,13,3,0.320312,0,0.00824032
413,1008.92,55.3321,13,3,0.34375,0,0.00827736
414,1010.21,47.3105,13,3,0.305664,0,0.00809431
415,1011.78,56.5685,13,3,0.369141,0,0.00819968
416,1008.92,53.5415,13,3,0.34082,0,0.00815956
417,1007.46,48.9546,13,3,0.318359,0,0.00816855
418,1008.92,52.8893,13,3,0.351562,0,0.00814851
419,1843.9,53.6354,13,4,0.336914,0,0.00819471
420,1011.31,53.1705,13,3,0.347656,0,0.00823513
421,1009.59,53.4997,13,3,0.352539,0,0.00815905
422,1008.92,50.1065,13,3,0.324219,0,0.00816377
423,1008.92,47.7796,13,3,0.3125,0,0.00812658
424,1008.92,52.8146,13,3,0.345703,0,0.00820746
425,435.151,48.7661,13,2,0.328125,0,0.00814905
426,435.127,45.9296,13,2,0.319336,0,0.00817442
427,1009.59,52.278,13,3,0.34668,0,0.00820995
428,1010.21,48.8979,13,3,0.332031,0,0.0082666
429,1008.92,51.7679,13,3,0.34375,0,0.00826058
430,1012.18,56.77,13,3,0.366211,0,0.00825246
431,1843.9,50.2153,13,4,0.30957,0,0.00813735
432,1008.92,47.166,13,3,0.314453,0,0.0081017
433,1007.46,49.7704,13,3,0.319336,0,0.00820758
434,1008.92,53.6493,13,3,0.352539,0,0.00830088
435,1008.92,52.544,13,3,0.336914,0,0.00829759
436,1011.31,49.4562,13,3,0.316406,0,0.00818594
437,1008.92,48.0422,13,3,0.31543,0,0.00818618
438,1827.51,52.7962,13,4,0.328125,0,0.00819717
439,1008.92,60.1724,13,3,0.375977,0,0.00814172
440,1008.92,48.7498,13,3,0.317383,0,0.00822807
441,1005.85,53.1853,13,3,0.338867,0,0.00825498
442,1008.92,52.9379,13,3,0.338867,0,0.00826654
443,1009.59,53.0723,13,3,0.350586,0,0.00815575
444,1008.92,57.0662,13,3,0.367188,0,0.00836836
445,1008.92,57.7707,13,3,0.381836,0,0.0082734
446,1008.92,55.1747,13,3,0.338867,0,0.00824341
447,1004.1,51.1676,13,3,0.34375,0,0.00823856
448,1008.92,51.7981,13,3,0.336914,0,0.00819299
449,1008.92,52.7892,13,3,0.344727,0,0.00822833
450,1011.31,54.1306,13,3,0.345703,0,0.00821919
451,1008.92,54.5978,13,3,0.354492,0,0.00839082
452,1008.92,56.6497,13,3,0.356445,0,0.00851519
453,1011.31,54.9279,13,3,0.349609,0,0.0082553
454,1008.92,52.7396,13,3,0.335938,0,0.00833844
455,1008.92,50.3912,13,3,0.325195,0,0.00824868
456,1008.92,55.6589,13,3,0.363281,0,0.00821926
457,1010.21,51.5486,13,3,0.321289,0,0.00824454
458,1011.31,54.2507,13,3,0.349609,0,0.00820522
459,1843.9,53.7037,13,4,0.355469,0,0.00819703
460,1008.92,55.6026,13,3,0.358398,0,0.00841927
461,1011.31,53.9922,13,3,0.347656,0,0.00838795
462,1011.31,55.3231,13,3,0.352539,0,0.00830703
463,1839.49,63.5211,13,4,0.401367,0,0.00835468
464,435.151,51.1277,13,2,0.330078,0,0.0083363
465,1008.21,52.7406,13,3,0.339844,0,0.0083248
466,1008.92,53.6461,13,3,0.347656,0,0.00833895
467,1010.79,49.1041,13,3,0.327148,0,0.00824844
468,1004.99,57.0668,13,3,0.367188,0,0.00843391
469,1008.92,54.1637,13,3,0.339844,0,0.00848175
470,1007.46,54.9418,13,3,0.354492,0,0.00855028
471,1007.46,57.8485,13,3,0.366211,0,0.00851207
472,1010.21,61.5645,13,3,0.386719,0,0.00864672
473,1008.92,57.2076,13,3,0.363281,0,0.00845353
474,1010.21,59.7233,13,3,0.368164,0,0.00845461
475,1846.55,60.8281,13,4,0.374023,0,0.00869122
476,1008.92,53.0132,13,3,0.348633,0,0.00850146
477,1009.59,58.8683,13,3,0.371094,0,0.00857173
478,1010.79,59.4136,13,3,0.371094,0,0.00855052
479,1842.49,61.2924,15,4,0.383789,0,0.00867951
480,1009.59,56.177,14,3,0.356445,0,0.00858088
481,1011.31,57.6246,15,3,0.356445,0,0.00875064
482,1005.85,60.9798,15,3,0.384766,0,0.00894062
483,1005.85,64.4674,15,3,0.399414,0,0.00887341
484,1007.46,64.0703,15,3,0.398438,0,0.00898434
485,1004.1,59.5826,15,3,0.370117,0,0.00888354
486,1010.21,63.5915,15,3,0.400391,0,0.00889189
487,1008.92,57.5541,15,3,0.359375,0,0.00906397
488,1010.21,64.7922,15,3,0.391602,0,0.00901832
489,1007.46,61.7698,16,3,0.385742,0,0.00919638
490,1008.92,59.0604,16,3,0.376953,0,0.00902792
491,1007.46,64.8452,17,3,0.40332,0,0.009218
492,1006.68,62.8997,15,3,0.389648,0,0.00899756
493,2942.72,67.5451,17,5,0.413086,0,0.00919215
494,1008.92,60.6586,17,3,0.380859,0,0.00927136
495,1831.15,67.3027,17,4,0.402344,0,0.00921734
496,1008.92,60.3277,17,3,0.384766,0,0.00929078
497,1010.21,63.0207,16,3,0.392578,0,0.00919073
498,1005.85,61.5155,17,3,0.388672,0,0.00927315
499,1837.92,66.5233,17,4,0.407227,0,0.00942077
500,1841.02,71.3547,17,4,0.421875,0,0.00946344
501,1841.02,64.198,17,4,0.380859,0,0.00951191
502,1834.62,74.6376,17,4,0.428711,0,0.00951005
503,1008.92,66.0668,17,3,0.416992,0,0.00956453
504,1009.59,59.0794,17,3,0.367188,0,0.00963976
505,1010.21,64.3347,17,3,0.375,0,0.00984747
506,1012.18,68.1021,17,3,0.40918,0,0.00995619
507,1012.52,70.1224,17,3,0.425781,0,0.00990532
508,1837.92,67.9666,18,4,0.410156,0,0.00979857
509,1008.92,63.5972,17,3,0.383789,0,0.00980465
510,1004.1,64.1969,17,3,0.379883,0,0.0101313
511,1005.85,70.1006,19,3,0.417969,0,0.0104587
512,1008.92,69.6792,17,3,0.40918,0,0.0100953
513,1007.46,73.6944,19,3,0.438477,0,0.0104727
514,1008.92,70.7999,19,3,0.426758,0,0.0101659
515,1007.46,75.7741,20,3,0.445312,0,0.0106716
516,1005.85,69.5846,21,3,0.40918,0,0.0107872
517,1841.02,74.8809,20,4,0.431641,0,0.0109435
518,2937.8,79.4554,21,5,0.43457,0,0.0108675
519,1007.46,75.8865,21,3,0.426758,0,0.0113721
520,1008.92,75.5279,23,3,0.415039,0,0.0118771
521,1827.51,79.5993,22,4,0.441406,0,0.0113274
522,1007.46,82.2122,25,3,0.458008,0,0.0115886
523,1008.92,76.1475,21,3,0.410156,0,0.0119929
524,1001.24,75.686,23,3,0.397461,0,0.0123857
525,1011.31,83.2817,24,3,0.421875,0,0.0125465
526,2826.95,79.921,28,5,0.40918,0,0.0130308
527,1005.85,86.7206,39,3,0.44043,0,0.013997
528,1823.71,88.8648,39,4,0.43457,0,0.0141861
529,1804.91,95.001,44,4,0.451172,0,0.0152996
530,2881.17,99.5119,76,5,0.455078,0,0.0154778
531,1011.31,86.6116,48,3,0.40918,0,0.0159701
532,1008.92,101.85,101,3,0.46582,0,0.0163892
533,1011.31,103.06,101,3,0.495117,0,0.0158667
534,1813.59,96.7598,101,4,0.429688,0,0.0171003
535,1783.71,101.793,101,4,0.454102,0,0.0168641
536,1798.09,101.679,101,4,0.451172,0,0.0176063
537,1004.99,110.673,101,3,0.470703,0,0.0189611
538,2924.51,103.149,101,5,0.430664,0,0.0179154
539,1007.46,99.8992,101,3,0.429688,0,0.0179384
540,2791.31,110.363,101,5,0.472656,0,0.0183189
541,1817.74,98.9283,101,4,0.424805,0,0.018477
542,1821.75,104.377,101,4,0.462891,0,0.0184647
543,1006.68,104.951,101,3,0.448242,0,0.018073
544,4265.75,120.431,101,6,0.492188,0,0.0185494
545,2870.9,122.014,101,5,0.522461,0,0.0185228
546,1684.18,116.574,101,4,0.495117,0,0.0192391
547,1831.15,111.245,101,4,0.463867,0,0.0184204
548,1811.47,108.545,101,4,0.46875,0,0.0192575
549,1831.15,121.317,101,4,0.521484,0,0.0188278
550,1819.76,120.665,101,4,0.506836,0,0.0188638
551,1008.21,106.301,101,3,0.435547,0,0.0200074
552,1817.74,123.918,101,4,0.517578,0,0.0203712
553,1821.75,128.302,101,4,0.537109,0,0.0198415
554,2924.51,124.721,101,5,0.53418,0,0.019748
555,1837.92,126.768,101,4,0.519531,0,0.0199181
556,1827.51,131.195,101,4,0.548828,0,0.0201199
557,2860.33,122.335,101,5,0.499023,0,0.0197516
558,2842.09,128.2,101,5,0.547852,0,0.0199497
559,2877.78,130.515,101,5,0.533203,0,0.0192411
560,1823.71,132.097,101,4,0.555664,0,0.0202886
561,1791.02,132.58,101,4,0.551758,0,0.020809
562,2709.62,143.345,101,5,0.592773,0,0.0198645
563,2753.63,134.349,101,5,0.573242,0,0.0188855
564,1765.81,123.484,101,4,0.543945,0,0.019452
565,1813.59,131.687,101,4,0.589844,0,0.0194935
566,4176.45,145.531,101,6,0.594727,0,0.0209371
567,4005,149.478,101,6,0.641602,0,0.0217778
568,3900.32,133.209,101,6,0.588867,0,0.0241371
569,7503.79,142.7,101,8,0.605469,0,0.0219053
570,5541.02,171.328,101,7,0.676758,0,0.0219141
571,4091.41,156.872,101,6,0.644531,0,0.0208158
572,5674.67,183.225,101,7,0.734375,0,0.020096
573,2799.41,184.942,101,5,0.713867,0,0.0206666
574,4186.5,178.573,101,6,0.716797,0,0.0194209
575,2912.97,169.018,101,5,0.714844,0,0.0193581
576,4210.99,184.769,101,6,0.716797,0,0.0191108
577,2900.72,169.272,101,5,0.698242,0,0.0197229
578,2787.22,178.337,101,5,0.731445,0,0.020714
579,4028.62,170.562,101,6,0.706055,0,0.0199096
580,5187.53,197.403,105.663,7,0.793945,1,0.020457
581,5645.8,191.304,101,7,0.758789,0,0.0200851
582,3679.65,182.86,101,6,0.745117,0,0.0189646
583,3944.23,203.93,101,6,0.792969,0,0.0215718
584,4145.5,208.355,106.306,6,0.81543,1,0.0208851
585,12265.9,227.82,107.538,10,0.853516,1,0.0205662
586,7593.39,225.809,106.306,8,0.839844,1,0.0203439
587,5616.45,247.208,108.709,7,0.911133,1,0.0189988
588,7808.91,248.685,110.371,8,0.925781,1,0.0191974
589,4306.25,223.527,107.538,6,0.84375,1,0.0194364
590,7753.6,248.884,109.829,8,0.927734,1,0.0183509
591,4166.27,250.196,109.829,6,0.932617,1,0.0194712
592,5817.37,274.649,109.275,7,0.954102,1,0.0197486
593,9763.41,270.166,110.903,9,0.956055,1,0.0195691
594,9817.93,278.226,111.937,9,1.02148,1,0.0191175
595,7531.03,296.461,111.937,8,1.0498,1,0.0194837
596,5730.85,293.582,112.44,7,1.05859,1,0.0185372
597,9560.04,331.989,111.937,9,1.09277,1,0.0193743
598,7566.87,283.329,110.903,8,1.00684,1,0.019405
599,12467.1,364.197,113.419,10,1.13281,1,0.0188146
600,10006.4,302.445,112.44,9,1.05469,1,0.0185007
601,16216.2,332.635,112.44,11,1.06738,1,0.0189128
602,7891.18,376.702,114.366,8,1.19238,1,0.0194806
603,12265.9,408.079,114.828,10,1.23242,1,0.0202027
604,9442.57,393.26,116.17,9,1.22852,1,0.0211926
605,9478.13,371.288,114.828,9,1.18066,1,0.0207456
606,15744.1,434.299,115.729,11,1.25684,1,0.0203311
607,11971.7,458.041,117.03,10,1.30078,1,0.0206458
608,16540.3,445.701,116.603,11,1.30371,1,0.020342
609,20183.7,536.179,120.227,12,1.45703,1,0.020591
610,16374.2,510.034,117.03,11,1.36914,1,0.0213494
611,9934.61,536.264,119.847,9,1.46875,1,0.0213419
612,20350.3,551.837,123.746,12,1.48828,1,0.0216817
613,20917.9,706.645,129.741,12,1.66504,1,0.02234
614,20183.7,576.49,124.711,12,1.54297,1,0.0214209
615,26502.8,626.348,128.466,13,1.61133,1,0.0223492
616,27464.5,732.533,125.332,13,1.69531,1,0.0228134
617,38266.1,710.773,123.08,14,1.64062,1,0.0217326
618,20567.8,742.987,136.624,12,1.7373,1,0.0229575
619,57167.3,861.517,137.3,15,1.79102,1,0.0237026
620,39170,907.148,137.914,14,1.89551,1,0.0238834
621,165066,1028.47,137.17,17,1.91895,1,0.023467
622,94897.9,1076.44,137.037,16,1.92578,1,0.0241795
623,39192.3,988.425,137.796,14,1.9668,1,0.0238276
624,58785.8,1074.82,350.539,15,2.07617,2,0.024573
625,27444,1039.65,137.553,13,1.99707,1,0.0243403
626,38644.3,1109.53,139.49,14,2.08105,1,0.0244863
627,26722.7,1010.02,340.249,13,2.06641,2,0.0239783
628,93117.6,1134.7,139.324,16,2.08398,1,0.0248714
629,28196.1,1129.2,402.311,13,2.16406,2,0.0248464
630,27728.2,1233.76,412.972,13,2.2832,2,0.0251266
631,59036.6,1321.4,418.362,15,2.30566,2,0.0246472
632,59110.9,1267.21,333.177,15,2.19238,2,0.025181
633,297829,1807.86,392.062,18,2.33691,2,0.0247681
634,57056.3,1643,426.87,15,2.65332,2,0.0265771
635,93786.7,1735.49,426.87,16,2.59766,2,0.0258115
636,164175,2131.28,428.738,17,2.81445,2,0.0274518
637,1.09564e+06,3895.33,430.413,20,2.95996,2,0.0280914
638,2.14804e+06,4840.09,434.638,21,3.2002,2,0.0297254
639,164794,3907.01,953.029,17,3.78027,3,0.0332231
640,298402,4648.44,976.512,18,4.10352,3,0.0340741
641,4.25006e+06,12346.1,1476.97,22,4.48047,4,0.0361386
642,4.24959e+06,11018.6,1699.8,22,4.51074,4,0.0350766
643,1.68379e+07,23834.7,1621.26,24,4.52148,4,0.0368309
644,8.44864e+06,20492.3,1000.23,23,4.49316,3,0.0380333
645,3.36229e+07,59482.5,1453.19,25,4.45996,4,0.0393861
646,1.68443e+07,26076.6,1664.9,24,4.75586,4,0.0407245
647,4.24592e+06,14416.3,1773.62,22,5.1748,4,0.0427281
648,6.71849e+07,102379,1771.04,26,5.28613,4,0.0430668
649,8.44828e+06,32621.6,1726.84,23,5.2959,4,0.0450562
650,1.68428e+07,38190.5,2157.81,24,5.39355,5,0.0431534
651,1.07385e+09,1.14517e+06,2550.56,30,5.78027,5,0.0452073
652,1.07384e+09,1.0814e+06,2753.63,30,6.27637,5,0.0475227
653,6.71866e+07,137070,2867.41,26,6.66699,5,0.0488138
654,1.34294e+08,333645,3762.35,27,6.71191,6,0.0481929
655,6.7183e+07,122487,3893.96,26,6.67383,6,0.0485232
656,5.36955e+08,953835,3721.33,29,6.8252,6,0.0493148
657,2.68525e+08,1.22636e+06,3093.2,28,6.92578,6,0.0515646
658,5.3696e+08,1.00904e+06,3068.63,29,7.03809,6,0.0526359
659,2.68522e+08,734187,3651.5,28,6.95215,6,0.0520503
660,1.07384e+09,3.13215e+06,4196.4,30,7.52344,6,0.0554369
661,1.07384e+09,1.71749e+06,3893.96,30,7.16406,6,0.0549121
662,5.36973e+08,1.37572e+06,4028.62,29,7.50391,6,0.0570635
663,2.1476e+09,5.48025e+06,5036.45,31,7.66699,7,0.057959
664,2.14759e+09,2.83568e+06,4129.59,31,7.46191,6,0.0560169
665,2.14759e+09,4.96369e+06,4155.95,31,7.6084,6,0.0568703
666,1.07384e+09,2.9411e+06,4063.27,30,7.49414,6,0.057683
667,2.14759e+09,3.0672e+06,4051.83,31,7.53125,6,0.0569129
668,2.14759e+09,2.97051e+06,4775.51,31,7.76367,7,0.0587495
669,1.34301e+08,748391,5108.27,27,7.98145,7,0.0590309
670,1.718e+10,1.92632e+07,5510.07,34,8.23438,7,0.0600634
671,4.29509e+09,8.08349e+06,6979.09,32,8.32812,8,0.0593314
672,4.29508e+09,1.02279e+07,6968.48,32,8.50977,8,0.0583031
673,4.29508e+09,9.76204e+06,5667.5,32,8.40137,7,0.0612175
674,1.07384e+09,3.28455e+06,5579.09,30,8.39258,7,0.0610828
675,2.14758e+09,4.71391e+06,5817.37,31,8.20898,7,0.0589896
676,2.14759e+09,3.55906e+06,6537.32,31,8.23438,8,0.0578861
677,5.36968e+08,2.58434e+06,5601.59,29,8.19727,7,0.0579233
678,8.59005e+09,1.43036e+07,6525.84,33,8.37891,8,0.0583987
679,4.29509e+09,1.38005e+07,6571.63,32,8.63184,8,0.0598303
680,2.14759e+09,5.28633e+06,5751.36,31,8.41699,7,0.0600901
681,2.14759e+09,4.44763e+06,5454.88,31,8.09863,7,0.056651
682,2.6853e+08,1.44609e+06,5517.84,28,8.11133,7,0.0552148
683,1.07384e+09,1.88539e+06,4176.45,30,7.49121,6,0.0523781
684,5.36966e+08,2.19717e+06,5623.83,29,8.2168,7,0.0581103
685,1.07385e+09,4.0251e+06,5027.38,30,7.6543,7,0.0550593
686,4.29508e+09,4.75785e+06,4091.41,32,7.41504,6,0.052722
687,2.68527e+08,1.25182e+06,3980.98,28,7.15625,6,0.0507324
688,5.36967e+08,1.71113e+06,4028.62,29,7.37207,6,0.052611
689,2.14759e+09,3.68735e+06,5170.06,31,7.75391,7,0.0538873
690,5.36962e+08,1.43563e+06,3987.02,29,7.29102,6,0.0547102
691,5.36972e+08,1.56135e+06,4225.24,29,7.58789,6,0.0544026
692,8.59006e+09,1.04055e+07,4898.44,33,7.62402,7,0.0543276
693,8.59005e+09,1.10097e+07,5332.51,33,7.87598,7,0.0572897
694,8.59006e+09,1.09153e+07,4490.91,33,7.75,7,0.0561174
695,4.29508e+09,8.20349e+06,5486.57,32,8.25098,7,0.0598527
696,6.71853e+07,608920,4860.94,26,7.64648,7,0.0555902
697,2.68524e+08,1.20722e+06,5273.59,28,7.87402,7,0.0584711
698,4.29509e+09,7.1872e+06,5282.07,32,7.82715,7,0.0571923
699,1.07385e+09,3.48478e+06,4022.75,30,7.49121,6,0.0566206
700,8.59005e+09,1.26317e+07,4046.07,33,7.78125,6,0.0574232
701,2.1476e+09,3.35841e+06,3370.8,31,7.18262,6,0.0564793
702,4.29509e+09,1.33258e+07,4085.84,32,7.93262,6,0.0576645
703,2.14759e+09,6.2284e+06,4785.07,31,8.01465,7,0.0581488
704,3.43599e+10,3.64728e+07,5045.49,35,7.89551,7,0.0562356
705,2.1476e+09,7.00451e+06,5357.41,31,8.33105,7,0.0580176
706,1.718e+10,1.98363e+07,6514.34,34,8.6123,8,0.0594383
707,5.36966e+08,2.95529e+06,7165.83,29,8.85059,8,0.0581923
708,8.59005e+09,1.69569e+07,7000.23,33,8.7793,8,0.0587959
709,1.07385e+09,3.10845e+06,7135.27,30,8.71973,8,0.0581204
710,8.59006e+09,1.05777e+07,7540.04,33,8.94336,8,0.0574653
711,4.29508e+09,1.09902e+07,7382.45,32,9.36719,8,0.060813
712,2.14759e+09,6.88797e+06,7073.47,31,9.06152,8,0.0589773
713,1.07384e+09,5.9524e+06,5667.5,30,8.57715,7,0.0574553
714,5.36967e+08,2.08461e+06,6989.67,29,8.625,8,0.0577301
715,8.59006e+09,1.70741e+07,6729.32,33,8.65234,8,0.0559987
716,2.14759e+09,6.12624e+06,7206.2,31,9.02734,8,0.058664
717,2.14759e+09,1.05637e+07,7042.23,31,8.78809,8,0.0570966
718,2.14759e+09,7.1288e+06,7206.2,31,9.02441,8,0.0574532
719,2.14759e+09,4.83897e+06,5541.02,31,8.36816,7,0.0551388
720,8.59005e+09,1.40923e+07,7135.27,33,8.66309,8,0.0571568
721,2.14759e+09,7.62544e+06,7391.97,31,9.12695,8,0.0584159
722,1.718e+10,4.7126e+07,7485.47,34,9.34766,8,0.0591252
723,2.14757e+09,7.64938e+06,7704.53,31,9.39453,8,0.0588915
724,2.14759e+09,1.0897e+07,7457.75,31,9.4375,8,0.0600005
725,6.87196e+10,7.83686e+07,7619.6,36,9.38281,8,0.0588415
726,6.87196e+10,8.32341e+07,7721.05,36,9.67773,8,0.060469
727,4.29509e+09,1.467e+07,9466.31,32,9.81934,9,0.0606252
728,8.59006e+09,2.71542e+07,7401.46,33,9.61035,8,0.0594352
729,5.36959e+08,4.56362e+06,7429.74,29,9.37988,8,0.0577114
730,4.29507e+09,1.59637e+07,7645.47,32,9.68555,8,0.0595728
731,1.718e+10,2.70268e+07,8598.81,34,9.62109,9,0.0600639
732,1.718e+10,3.22111e+07,8826.53,34,9.59766,9,0.0609595
733,8.59006e+09,2.77902e+07,7448.45,33,9.48438,8,0.0590657
734,3.43599e+10,6.4156e+07,7476.26,35,9.4668,8,0.0598603
735,1.718e+10,4.55744e+07,7295.47,34,9.19531,8,0.0579115
736,6.87196e+10,7.58618e+07,9072.88,36,9.61035,9,0.0592355
737,3.43599e+10,6.05405e+07,9478.13,35,10.0078,9,0.0611556
738,2.1476e+09,1.57834e+07,9148.78,31,9.66992,9,0.059446
739,4.29509e+09,2.09534e+07,7236.2,32,9.30078,8,0.0595813
740,2.1476e+09,9.49493e+06,7324.72,31,9.19043,8,0.0580625
741,6.87196e+10,1.57038e+08,7334.42,36,9.47656,8,0.0595485
742,3.43599e+10,9.07358e+07,7246.15,35,9.1582,8,0.0571496
743,8.59006e+09,3.5456e+07,7420.35,33,9.59082,8,0.0611005
744,1.718e+10,3.20427e+07,7391.97,34,9.46094,8,0.0594177
745,3.43599e+10,6.15553e+07,7769.62,35,9.75,8,0.0608596
746,8.59006e+09,3.20718e+07,7305.25,33,9.31738,8,0.0591418
747,8.59006e+09,3.12242e+07,7503.79,33,9.50781,8,0.0596313
748,1.718e+10,3.55504e+07,9708.01,34,10.1309,9,0.061406
749,6.87196e+10,1.07967e+08,12014.6,36,10.7197,10,0.0637847
750,8.59006e+09,4.48992e+07,12085.4,33,10.6738,10,0.06437
751,4.29509e+09,2.00714e+07,9752.4,32,10.2412,9,0.0610168
752,1.718e+10,4.10364e+07,9536.79,34,10.3857,9,0.0628343
753,2.74878e+11,3.66052e+08,10271.3,38,10.3213,9,0.064777
754,1.37439e+11,1.58994e+08,8905.29,37,9.94629,9,0.0627274
755,6.87196e+10,1.4281e+08,9663.07,36,10.7021,9,0.0644972
756,3.43599e+10,9.39726e+07,9708.01,35,10.4043,9,0.0636073
757,5.49756e+11,5.94165e+08,9882.15,39,10.3906,9,0.0625339
758,2.74878e+11,3.87554e+08,9696.83,38,10.1152,9,0.062326
759,8.59006e+09,2.77859e+07,9322.12,33,9.89551,9,0.0596653
760,2.74878e+11,2.85224e+08,8350.66,38,9.70801,9,0.0599298
761,1.37439e+11,2.11974e+08,9730.28,37,10.1299,9,0.0596438
762,4.29508e+09,1.98703e+07,9223.72,32,9.72168,9,0.0589416
763,1.37439e+11,1.9348e+08,9021.76,37,9.66895,9,0.0599365
764,1.718e+10,2.85003e+07,7104.48,34,9.0791,8,0.0575087
765,3.43599e+10,1.11592e+08,7636.89,35,9.42773,8,0.0589908
766,4.29508e+09,9.51907e+06,7063.08,32,8.67578,8,0.0542813
767,3.43599e+10,6.17785e+07,7645.47,35,9.44043,8,0.0575664
768,4.29508e+09,2.34318e+07,7712.81,32,9.59961,8,0.0598743
769,8.59005e+09,3.06005e+07,9236.12,33,9.55664,9,0.059075
770,1.718e+10,5.04586e+07,7206.2,34,9.14941,8,0.0581993
771,1.718e+10,4.22686e+07,7372.91,34,9.40723,8,0.0589671
772,1.09951e+12,1.08403e+09,7114.77,40,8.99512,8,0.0571483
773,3.43599e+10,8.31934e+07,6740.42,35,9.15527,8,0.0610853
774,1.718e+10,4.32917e+07,7042.23,34,9.51953,8,0.0638294
775,6.87196e+10,9.13533e+07,5771.56,36,9.15918,7,0.0623013
776,1.718e+10,4.69372e+07,7010.77,34,9.22461,8,0.0623952
777,1.718e+10,4.18078e+07,7334.42,34,9.68359,8,0.0630707
778,4.29508e+09,1.92472e+07,7315,32,9.4834,8,0.0614006
779,2.14759e+09,6.87253e+06,7083.83,31,9.1084,8,0.0600685
780,3.43599e+10,7.88823e+07,7391.97,35,9.58984,8,0.06493
781,3.43599e+10,8.89018e+07,6148.31,35,9.08398,8,0.0621441
782,8.59006e+09,2.71717e+07,6957.85,33,9.37305,8,0.0647798
783,3.43599e+10,9.79618e+07,7186.07,35,9.61719,8,0.0644274
784,1.718e+10,4.4472e+07,6673.47,34,9.34375,8,0.0647933
785,3.43599e+10,8.77071e+07,6148.31,35,9.14551,8,0.0642819
786,1.09951e+12,1.10029e+09,5579.09,40,9.08203,7,0.0654639
787,1.37439e+11,2.05176e+08,6882.78,37,9.47656,8,0.0696716
788,1.37439e+11,2.17128e+08,5324.16,37,9.02246,7,0.0650904
789,1.09951e+12,1.12663e+09,6208.56,40,9.43457,8,0.0701846
790,3.43599e+10,8.0964e+07,6947.2,35,9.63672,8,0.0677318
791,3.43599e+10,8.46003e+07,6421.63,35,9.4502,8,0.06596
792,1.718e+10,6.87763e+07,8023.72,34,10.0273,9,0.0688549
793,2.74878e+11,4.1634e+08,7656.64,38,9.97168,9,0.0689585
794,8.59006e+09,6.14248e+07,7721.05,33,10.1582,8,0.0691884
795,1.37439e+11,2.87298e+08,7382.45,37,10.0303,8,0.0666706
796,1.718e+10,9.3117e+07,7531.03,34,9.70898,8,0.0662332
797,4.29508e+09,2.44645e+07,7042.23,32,9.4541,8,0.0652732
798,6.87196e+10,1.33887e+08,7135.27,36,9.68164,8,0.0689631
799,5.49756e+11,6.04796e+08,7521.98,39,10.1104,8,0.0699991
800,3.43599e+10,1.39762e+08,9663.07,35,10.793,9,0.0708835
801,5.49756e+11,6.09871e+08,9173.87,39,10.54,9,0.0675161
802,1.37439e+11,3.66082e+08,11619.1,37,11.3438,10,0.0724205
803,2.74878e+11,4.66467e+08,12224.8,38,11.8584,10,0.076429
804,1.718e+10,1.14267e+08,11782.8,34,11.4707,10,0.0734793
805,6.87196e+10,1.9199e+08,11787.9,36,11.4141,11,0.0741904
806,5.49756e+11,6.98404e+08,9248.49,39,10.5547,9,0.0686458
807,3.43599e+10,2.11284e+08,10337.1,35,11.2891,10,0.0751339
808,1.09951e+12,1.28261e+09,8773.55,40,10.5791,9,0.0701997
809,2.19902e+12,2.40081e+09,9785.33,41,10.7285,9,0.0711968
810,2.74878e+11,8.52973e+08,8081.35,38,10.6279,9,0.069602
811,5.49756e+11,1.03191e+09,7448.45,39,10.4883,8,0.0700696
812,2.74878e+11,5.31172e+08,8544.27,38,10.8926,9,0.0732598
813,2.74878e+11,9.47381e+08,9454.45,38,11.0928,9,0.075684
814,5.49756e+11,1.21263e+09,7980.3,39,10.5137,9,0.0698498
815,2.74878e+11,1.03455e+09,9907.31,38,11.4531,10,0.0732968
816,1.75922e+13,1.87467e+10,9513.42,44,11.7754,9,0.0773924
817,2.74878e+11,9.58777e+08,11885.1,38,11.959,10,0.0763777
818,2.74878e+11,1.32151e+09,11841.4,38,12.1689,10,0.0798265
819,1.37439e+11,6.64064e+08,11297.6,37,11.9189,10,0.0773424
820,5.49756e+11,1.27187e+09,11957.3,39,11.9658,10,0.0761316
821,5.49756e+11,1.49412e+09,9008.92,39,11.5137,9,0.0764874
822,2.74878e+11,9.16336e+08,11634.1,38,11.7705,10,0.0785644
823,2.74878e+11,9.35574e+08,9454.45,38,11.4082,9,0.0766566
824,1.09951e+12,1.96412e+09,9466.31,40,11.708,9,0.0781829
825,2.74878e+11,7.30313e+08,14665.2,38,12.5078,11,0.0828796
826,1.09951e+12,1.90043e+09,10286.2,40,11.834,10,0.0784184
827,1.37439e+11,7.01892e+08,12141.5,37,12.0938,10,0.0797772
828,2.74878e+11,8.45397e+08,11942.9,38,12.3936,10,0.0833738
829,5.49756e+11,1.99366e+09,12099.5,39,12.29,10,0.0834472
830,6.87196e+10,5.9243e+08,15287.8,36,12.8672,11,0.0851872
831,2.74878e+11,1.35817e+09,15977.2,38,13.0986,11,0.0843164
832,2.19902e+12,4.6962e+09,15915.8,41,12.9609,11,0.0848596
833,1.75922e+13,1.77839e+10,15067.4,44,12.6914,11,0.0838505
834,1.37439e+11,7.76222e+08,19045.7,37,13.6602,12,0.0886164
835,2.19902e+12,3.0069e+09,15744.1,41,12.752,11,0.0835798
836,2.74878e+11,8.4494e+08,14321.9,38,12.4375,11,0.0847406
837,6.87196e+10,5.8782e+08,15420.8,36,12.8105,11,0.0836307
838,5.49756e+11,1.45886e+09,12085.4,39,12.4531,10,0.0826663
839,2.74878e+11,7.85222e+08,12532.3,38,12.4297,10,0.0807552
840,5.49756e+11,1.0393e+09,15696.5,39,12.6152,11,0.0822267
841,1.09951e+12,2.5503e+09,14647.4,40,12.4551,11,0.0789189
842,6.87196e+10,3.74304e+08,15759.9,36,12.7451,11,0.0818997
843,2.74878e+11,6.46703e+08,18225.2,38,12.8887,12,0.0845955
844,5.49756e+11,1.18247e+09,12467.1,39,11.6758,10,0.0755244
845,1.37439e+11,6.73215e+08,19686.7,37,13.0732,12,0.0843506
846,6.87196e+10,4.94513e+08,15961.9,36,12.5947,11,0.0814411
847,2.74878e+11,1.41403e+09,16068,38,12.8828,11,0.0841558
848,2.74878e+11,1.5477e+09,19390.1,38,13.2012,12,0.0874801
849,2.19902e+12,2.89255e+09,15853.9,41,12.7754,11,0.0829702
850,1.37439e+11,8.62955e+08,19842,37,13.334,12,0.0856499
851,1.09951e+12,2.3512e+09,20089.9,40,13.5225,12,0.0877558
852,1.37439e+11,8.75233e+08,18503.2,37,13.1084,12,0.0855192
853,6.87196e+10,6.02411e+08,19686.7,36,12.8926,12,0.0848572
854,3.43599e+10,4.15679e+08,15791.4,35,12.6699,11,0.0840591
855,5.49756e+11,1.06545e+09,19208.8,39,12.9375,12,0.0851569
856,5.49756e+11,1.50535e+09,19168.2,39,12.7803,12,0.0847915
857,2.74878e+11,5.95143e+08,15915.8,38,12.6143,11,0.0842369
858,1.09951e+12,1.92761e+09,19430,40,13.1201,12,0.0905953
859,1.37439e+11,6.07142e+08,19568.9,37,13.2041,12,0.0854542
860,1.37439e+11,9.50371e+08,15354.6,37,12.5928,11,0.0837744
861,6.87196e+10,8.30754e+08,20071,36,13.584,12,0.0887074
862,1.09951e+12,2.58583e+09,20108.7,40,13.3828,12,0.0894791
863,4.39805e+12,6.12878e+09,20331.9,42,13.6094,12,0.0857689
864,2.74878e+11,1.09231e+09,26166.8,38,14.165,13,0.0915134
865,1.37439e+11,7.66285e+08,26053.3,37,14.1055,13,0.0910448
866,1.37439e+11,1.06821e+09,26458.5,37,14.1982,13,0.092631
867,5.49756e+11,1.77858e+09,26960.7,39,14.4834,13,0.0941408
868,1.37439e+11,1.29141e+09,26166.8,37,14.2803,13,0.0912771
869,2.74878e+11,1.49299e+09,36844.3,38,14.9248,14,0.0958501
870,5.49756e+11,1.17802e+09,26234.6,39,13.7158,13,0.0883793
871,2.19902e+12,4.00978e+09,27278.1,41,14.6045,13,0.0964177
872,2.74878e+11,1.15407e+09,38644.3,38,15.0537,14,0.0955076
873,1.37439e+11,8.43235e+08,36896,37,14.708,14,0.0948625
874,2.19902e+12,3.97156e+09,26917.7,41,14.5303,13,0.0935661
875,4.39805e+12,5.55816e+09,39303.4,42,15.4229,14,0.0996525
876,2.74878e+11,1.64589e+09,57605.7,38,15.8838,15,0.100957
877,1.09951e+12,3.49811e+09,39413.4,40,16.0322,14,0.102808
878,5.49756e+11,1.89717e+09,56663.2,39,15.8252,15,0.0981634
879,1.09951e+12,2.4286e+09,56888.7,40,15.8896,15,0.0991763
880,2.74878e+11,1.79606e+09,58140.2,38,16.0244,15,0.0998605
881,5.49756e+11,2.23071e+09,38783.5,39,15.6572,14,0.100974
882,5.49756e+11,2.39376e+09,58401.6,39,16.2773,15,0.101696
883,5.49756e+11,3.60026e+09,93209.9,39,16.5742,16,0.104983
884,2.74878e+11,2.81849e+09,39543.8,38,15.9971,14,0.103457
885,1.09951e+12,3.15409e+09,37853.8,40,15.7344,14,0.100481
886,1.09951e+12,3.03595e+09,37927.3,40,15.3604,14,0.0994916
887,2.74878e+11,1.89442e+09,58087.5,38,16.0439,15,0.103238
888,1.37439e+11,1.54329e+09,38574.1,37,15.1494,14,0.0980583
889,2.74878e+11,1.35628e+09,37330.4,38,15.2725,14,0.0991366
890,1.37439e+11,1.25299e+09,56521.3,37,15.4326,15,0.100342
891,1.37439e+11,1.50537e+09,57578.6,37,15.5322,15,0.101802
892,2.19902e+12,4.83686e+09,38218.1,41,15.4258,14,0.0988997
893,2.74878e+11,1.92733e+09,56003.3,38,15.8047,15,0.102918
894,2.74878e+11,2.08617e+09,54542.1,38,15.624,15,0.101926
895,5.49756e+11,2.26517e+09,58192.8,39,16.2998,15,0.104076
896,5.49756e+11,1.81895e+09,38097.6,39,15.0479,14,0.0982076
897,2.19902e+12,5.03748e+09,57767.7,41,15.9365,15,0.104848
898,4.39805e+12,6.82071e+09,37076,42,15.5518,14,0.100352
899,1.09951e+12,2.33914e+09,38966.9,40,15.7402,14,0.103094
900,2.19902e+12,4.60601e+09,26809.7,41,15.0264,13,0.101463
901,2.74878e+11,2.92166e+09,56860.6,38,16.1465,15,0.103474
902,1.09951e+12,3.02184e+09,58219.1,40,16.5244,15,0.107955
903,5.49756e+11,3.05824e+09,58607.7,39,16.6875,15,0.11056
904,2.19902e+12,6.6639e+09,56177.1,41,15.9668,15,0.10469
905,5.49756e+11,3.79493e+09,56748,39,16.0732,15,0.104369
906,5.49756e+11,2.62213e+09,38503.6,39,15.8623,14,0.104245
907,5.49756e+11,3e+09,57954.9,39,16.1152,15,0.104415
908,2.74878e+11,2.39217e+09,56776.2,38,15.7227,15,0.101416
909,5.49756e+11,3.31736e+09,54906.6,39,15.9434,15,0.103579
910,2.74878e+11,2.62241e+09,53863.3,38,15.2773,15,0.100886
911,2.19902e+12,4.23201e+09,37305.1,41,15.0771,14,0.10114
912,5.49756e+11,3.26871e+09,27867.3,39,15.1084,13,0.100726
913,1.09951e+12,3.57461e+09,36452.4,40,14.917,14,0.0981892
914,2.74878e+11,3.41268e+09,38690.9,38,15.8789,14,0.102409
915,5.49756e+11,2.61869e+09,27215.3,39,14.8057,13,0.0969754
916,1.09951e+12,4.75937e+09,28271.6,40,14.9951,13,0.0981525
917,3.51844e+13,3.64736e+10,37556.6,45,15.3174,14,0.099777
918,5.49756e+11,3.64062e+09,94553.4,39,17.0459,16,0.109404
919,5.49756e+11,4.82331e+09,164331,39,17.4609,17,0.112312
920,1.37439e+11,2.59641e+09,54694.5,37,16.2119,15,0.108188
921,1.37439e+11,2.54167e+09,88904.6,37,16.6631,16,0.107456
922,5.49756e+11,3.46457e+09,59209.4,39,16.4434,15,0.105512
923,2.74878e+11,2.53365e+09,92838.8,38,16.5176,16,0.106926
924,1.09951e+12,4.7551e+09,94466.3,40,17.0615,16,0.110478
925,2.19902e+12,4.72266e+09,90376,41,16.5645,16,0.109581
926,5.49756e+11,4.74673e+09,160904,39,17.292,17,0.111647
927,5.49756e+11,4.0281e+09,94954.7,39,17.0537,16,0.111252
928,2.19902e+12,8.95436e+09,159761,41,17.3545,17,0.109859
929,2.19902e+12,7.79209e+09,94173.4,41,17.1543,16,0.108563
930,4.39805e+12,1.0028e+10,95972.9,42,17.2842,16,0.11048
931,4.39805e+12,1.34061e+10,89629.8,42,16.5664,16,0.109698
932,1.09951e+12,5.72169e+09,94812.3,40,17.376,16,0.113544
933,4.39805e+12,1.06939e+10,165246,42,18.1084,17,0.116716
934,2.74878e+11,3.51362e+09,294819,38,17.5322,18,0.112617
935,2.19902e+12,7.28617e+09,296616,41,17.6318,18,0.114565
936,1.09951e+12,5.3581e+09,162046,40,17.1602,17,0.111497
937,2.19902e+12,7.7734e+09,296354,41,18.0293,18,0.117909
938,2.19902e+12,1.12288e+10,295937,41,18.0342,18,0.117152
939,1.09951e+12,6.87234e+09,559734,40,18.3311,19,0.119928
940,2.19902e+12,7.94785e+09,562586,41,18.2891,19,0.116926
941,2.19902e+12,9.40316e+09,564104,41,18.1611,19,0.117842
942,4.39805e+12,1.19862e+10,298613,42,18.3984,18,0.116721
943,2.19902e+12,9.91459e+09,298224,41,18.1582,18,0.117049
944,2.19902e+12,7.80552e+09,295092,41,18.0547,18,0.119586
945,2.19902e+12,1.11556e+10,560674,41,18.3809,19,0.117398
946,1.75922e+13,3.64239e+10,1.0904e+06,44,18.7559,20,0.119601
947,5.49756e+11,6.98351e+09,2.14261e+06,39,19.2363,21,0.122717
948,4.39805e+12,1.31189e+10,1.08986e+06,42,18.7158,20,0.119363
949,7.03687e+13,7.76391e+10,1.09556e+06,46,19.248,20,0.121912
950,4.39805e+12,8.85904e+09,1.68439e+07,42,21.1973,24,0.131269
951,4.39805e+12,1.09797e+10,2.14217e+06,42,19.3525,21,0.122555
952,4.39805e+12,1.30057e+10,4.2481e+06,42,19.6533,22,0.12455
953,1.09951e+12,7.26117e+09,296951,40,17.7246,18,0.113894
954,8.79609e+12,1.46784e+10,1.09228e+06,43,18.8867,20,0.119108
955,3.51844e+13,4.40148e+10,2.14734e+06,45,19.2695,21,0.126385
956,1.09951e+12,7.95953e+09,2.1439e+06,40,19.4307,21,0.130557
957,4.39805e+12,1.98016e+10,1.09036e+06,42,19.1953,20,0.128896
958,1.09951e+12,8.49071e+09,163859,40,18.2295,17,0.121448
959,1.09951e+12,8.84112e+09,297575,40,18.3057,18,0.123021
960,2.19902e+12,1.63677e+10,564648,41,18.835,19,0.126189
961,2.19902e+12,1.30292e+10,295709,41,18.2637,18,0.124176
962,4.39805e+12,1.7214e+10,161254,42,17.6797,17,0.118565
963,8.79609e+12,2.43293e+10,563152,43,18.4766,19,0.124203
964,1.75922e+13,2.96251e+10,162752,44,17.6826,17,0.120844
965,1.75922e+13,4.11536e+10,299411,44,18.6318,18,0.12867
966,4.39805e+12,1.41304e+10,558027,42,18.6182,19,0.130644
967,1.75922e+13,6.62943e+10,560970,44,18.8389,19,0.129828
968,8.79609e+12,3.78424e+10,288743,43,18.3047,18,0.130754
969,7.03687e+13,8.71102e+10,565411,46,19.04,19,0.129135
970,3.51844e+13,7.00645e+10,298045,45,18.9277,18,0.131955
971,4.39805e+12,3.01967e+10,296840,42,18.9463,18,0.133875
972,4.39805e+12,3.51858e+10,93179.2,42,17.9385,16,0.129962
973,4.39805e+12,3.3301e+10,93696.6,42,17.7422,16,0.128455
974,4.39805e+12,3.16116e+10,92963.1,42,17.9219,16,0.123634
975,8.79609e+12,3.34425e+10,162182,43,18.124,17,0.126115
976,4.39805e+12,2.99192e+10,288263,42,18.6611,18,0.130396
977,7.03687e+13,1.33463e+11,160122,46,18.1572,17,0.128826
978,3.51844e+13,1.06504e+11,564455,45,18.9277,19,0.132101
979,2.19902e+12,2.89607e+10,162852,41,18.6377,17,0.131166
980,3.51844e+13,9.58282e+10,296654,45,18.5488,18,0.130226
981,2.2518e+15,2.32326e+12,296766,51,18.3193,18,0.126502
982,1.75922e+13,6.33685e+10,4.24712e+06,44,19.8174,22,0.142418
983,5.6295e+14,5.96697e+11,2.14948e+06,49,19.2979,21,0.132649
984,8.79609e+12,4.67684e+10,3.3618e+07,43,20.9824,25,0.143912
985,1.75922e+13,6.25589e+10,8.44397e+06,44,19.7949,23,0.138272
986,2.81475e+14,3.14929e+11,2.14207e+06,48,19.6895,21,0.135165
987,1.75922e+13,4.19892e+10,160728,44,18.6338,17,0.134713
988,1.75922e+13,6.16509e+10,2.14343e+06,44,19.249,21,0.133902
989,1.75922e+13,6.08104e+10,563591,44,18.9785,19,0.137315
990,7.03687e+13,1.39593e+11,2.14572e+06,46,19.6738,21,0.137458
991,8.79609e+12,6.73998e+10,4.24702e+06,43,19.458,22,0.139195
992,7.03687e+13,1.44475e+11,4.24474e+06,46,19.5732,22,0.135067
993,1.40737e+14,2.30429e+11,8.44566e+06,47,20.0293,23,0.137101
994,1.75922e+13,9.52199e+10,3.36197e+07,44,21.1709,25,0.146337
995,7.03687e+13,1.82638e+11,2.14461e+06,46,19.748,21,0.136639
996,1.75922e+13,1.1242e+11,3.36227e+07,44,20.8418,25,0.144856
997,1.75922e+13,9.62332e+10,6.71835e+07,44,21.3096,26,0.144836
998,1.40737e+14,2.04255e+11,6.71803e+07,47,21.2188,26,0.147402
999,3.51844e+13,1.86655e+11,2.68509e+08,45,21.8584,28,0.147691
1000,7.03687e+13,2.4348e+11,6.71795e+07,46,21.5459,26,0.148408
1001,1.75922e+13,9.17419e+10,3.36243e+07,44,21.0928,25,0.144831
1002,1.75922e+13,9.16997e+10,1.68387e+07,44,20.1641,24,0.140675
1003,7.03687e+13,2.46949e+11,3.36225e+07,46,21.0918,25,0.146338
1004,7.03687e+13,1.43716e+11,3.36276e+07,46,20.6553,25,0.144019
1005,7.03687e+13,3.77123e+11,1.68384e+07,46,20.1914,24,0.140434
1006,2.81475e+14,6.78269e+11,6.71765e+07,48,21.1309,26,0.144375
1007,3.51844e+13,1.70249e+11,2.14503e+06,45,19.624,21,0.137685
1008,1.75922e+13,1.09981e+11,8.44485e+06,44,19.9424,23,0.137109
1009,7.03687e+13,1.90008e+11,4.24255e+06,46,19.3975,22,0.134367
1010,1.40737e+14,5.89786e+11,4.24815e+06,47,19.6162,22,0.136703
1011,3.51844e+13,1.32451e+11,561764,45,18.6045,19,0.132443
1012,8.79609e+12,5.65356e+10,559344,43,18.3154,19,0.133143
1013,5.6295e+14,8.46007e+11,561054,49,18.6104,19,0.13498
1014,2.81475e+14,3.73568e+11,298366,48,18.4805,18,0.132266
1015,3.51844e+13,7.22881e+10,93240.6,45,17.7002,16,0.126465
1016,1.40737e+14,1.99204e+11,2.13974e+06,47,19.4375,21,0.138496
1017,3.51844e+13,2.08639e+11,1.68425e+07,45,20.9189,24,0.146565
1018,7.03687e+13,1.60637e+11,6.71705e+07,46,21.416,26,0.153695
1019,1.40737e+14,3.64475e+11,1.34296e+08,47,22.2744,27,0.156632
1020,3.51844e+13,1.41654e+11,1.34292e+08,45,22.2207,27,0.155278
1021,8.79609e+12,6.02652e+10,8.44326e+06,43,20.1035,23,0.141958
1022,1.40737e+14,2.60407e+11,1.68361e+07,47,20.3867,24,0.147295
1023,1.75922e+13,9.51521e+10,159177,44,18.498,17,0.136349
1024,1.40737e+14,2.02536e+11,2.14034e+06,47,19.2334,21,0.13885
1025,3.51844e+13,1.20824e+11,299615,45,18.5254,18,0.137479
1026,3.51844e+13,1.11466e+11,564571,45,18.8662,19,0.139594
1027,3.51844e+13,1.07078e+11,1.08955e+06,45,18.9834,20,0.141369
1028,1.75922e+13,1.06107e+11,1.08991e+06,44,19.2832,20,0.139397
1029,8.79609e+12,6.79507e+10,564377,43,18.9922,19,0.139721
1030,7.03687e+13,1.86413e+11,2.14237e+06,46,19.0928,21,0.140601
1031,3.51844e+13,1.17956e+11,290543,45,18.4971,18,0.133621
1032,2.2518e+15,2.97203e+12,292785,51,18.7197,18,0.138558
1033,5.6295e+14,9.9314e+11,2.14498e+06,49,19.5996,21,0.143889
1034,7.03687e+13,2.41576e+11,4.24147e+06,46,19.6816,22,0.140697
1035,8.79609e+12,3.80811e+10,1.08529e+06,43,18.9551,20,0.134425
1036,1.40737e+14,2.94892e+11,157379,47,18.0742,17,0.130725
1037,1.40737e+14,3.52664e+11,561306,47,18.6025,19,0.133106
1038,3.51844e+13,1.1754e+11,4.2436e+06,45,19.7402,22,0.140719
1039,2.81475e+14,4.16805e+11,163731,48,18.2979,17,0.135945
1040,1.40737e+14,2.62746e+11,8.43928e+06,47,19.5547,23,0.141534
1041,1.40737e+14,4.15257e+11,4.24892e+06,47,19.5752,22,0.140837
1042,3.51844e+13,1.13082e+11,3.36261e+07,45,20.625,25,0.148439
1043,5.6295e+14,6.47495e+11,2.14276e+06,49,19.4111,21,0.143637
1044,1.75922e+13,1.23589e+11,299615,44,18.2236,18,0.130801
1045,1.75922e+13,7.03475e+10,291091,44,18.3271,18,0.132439
1046,2.81475e+14,4.43185e+11,4.2418e+06,48,19.6211,22,0.140689
1047,7.03687e+13,1.70594e+11,1.68382e+07,46,20.6064,24,0.14637
1048,1.75922e+13,7.32878e+10,1.68323e+07,44,19.8262,24,0.141847
1049,8.79609e+12,7.58414e+10,4.24776e+06,43,19.917,22,0.14243
1050,3.51844e+13,9.58286e+10,1.68363e+07,45,20.1113,24,0.143687
1051,1.40737e+14,2.47345e+11,561054,47,18.8408,19,0.139321
1052,8.79609e+12,7.24361e+10,4.24647e+06,43,19.458,22,0.151439
1053,3.51844e+13,1.39247e+11,563829,45,18.8984,19,0.140672
1054,3.51844e+13,1.21744e+11,4.24597e+06,45,19.6758,22,0.142726
1055,1.40737e+14,2.91141e+11,92994.1,47,18.0293,16,0.132826
1056,1.75922e+13,7.30163e+10,8.44298e+06,44,19.8164,23,0.144576
1057,7.03687e+13,1.74726e+11,1.08794e+06,46,18.959,20,0.139121
1058,7.03687e+13,3.62276e+11,1.09022e+06,46,19.3467,20,0.140804
1059,1.40737e+14,2.50553e+11,559820,47,18.7139,19,0.134956
1060,1.40737e+14,2.7814e+11,93301.9,47,18.1914,16,0.138503
1061,1.75922e+13,1.13627e+11,164456,44,18.2178,17,0.137202
1062,3.51844e+13,1.13835e+11,53707.2,45,17.291,15,0.126534
1063,1.75922e+13,8.86093e+10,162852,44,18.2705,17,0.135746
1064,4.5036e+15,5.06085e+12,293029,52,18.1133,18,0.134876
1065,7.03687e+13,2.92405e+11,563272,46,18.9424,19,0.138025
1066,7.03687e+13,1.63515e+11,57578.6,46,17.8828,15,0.131087
1067,1.40737e+14,4.70576e+11,296803,47,18.3555,18,0.136974
1068,2.81475e+14,1.00087e+12,89526.9,48,18.3359,16,0.138262
1069,5.6295e+14,9.34812e+11,2.14178e+06,49,19.3252,21,0.138325
1070,2.81475e+14,5.18543e+11,4.24516e+06,48,19.6436,22,0.144542
1071,7.03687e+13,3.07919e+11,4.24255e+06,46,19.4932,22,0.141997
1072,2.2518e+15,3.08656e+12,6.71758e+07,51,20.4346,26,0.149733
1073,7.03687e+13,4.33535e+11,1.09428e+06,46,19.5693,20,0.145524
1074,2.81475e+14,7.47487e+11,2.14804e+06,48,19.2646,21,0.145512
1075,7.03687e+13,2.60469e+11,8.44032e+06,46,19.8633,23,0.143757
1076,7.03687e+13,2.70539e+11,4.24297e+06,46,19.3955,22,0.144722
1077,9.0072e+15,9.00776e+12,89732.4,53,18.4434,16,0.134693
1078,3.51844e+13,1.96475e+11,15502.9,45,16.8711,11,0.122449
1079,2.81475e+14,5.86244e+11,57442.4,48,17.6562,15,0.136516
1080,1.40737e+14,4.23297e+11,295937,47,18.8027,18,0.136552
1081,5.6295e+14,9.29902e+11,1.6841e+07,49,20.1318,24,0.145926
1082,1.40737e+14,3.74738e+11,3.36237e+07,47,20.3936,25,0.148704
1083,2.81475e+14,4.66236e+11,4.24926e+06,48,19.4219,22,0.140762
1084,1.40737e+14,3.35511e+11,1.68371e+07,47,20.2441,24,0.145946
1085,1.40737e+14,3.11702e+11,2.14405e+06,47,19.4775,21,0.142359
1086,3.51844e+13,1.39139e+11,1.09106e+06,45,18.8828,20,0.137312
1087,7.03687e+13,2.89872e+11,162686,46,18.1221,17,0.133192
1088,3.51844e+13,1.54811e+11,162752,45,18.1348,17,0.1323
1089,4.5036e+15,4.5017e+12,1.09185e+06,52,18.9814,20,0.137814
1090,2.81475e+14,7.15731e+11,161670,48,18.5068,17,0.138544
1091,1.40737e+14,2.9313e+11,296354,47,18.8545,18,0.13892
1092,7.03687e+13,2.30082e+11,1.09111e+06,46,19.333,20,0.14248
1093,7.03687e+13,1.75994e+11,561515,46,19.2744,19,0.140234
1094,7.03687e+13,3.4942e+11,8.43799e+06,46,20.4561,23,0.146401
1095,1.40737e+14,4.70307e+11,162148,47,18.6689,17,0.133522
1096,1.1259e+15,2.10012e+12,1.09e+06,50,19.6006,20,0.140728
1097,2.81475e+14,6.32373e+11,163635,48,18.7959,17,0.13815
1098,7.03687e+13,2.57796e+11,94553.4,46,18.4502,16,0.130958
1099,1.40737e+14,2.89493e+11,58034.6,47,18.0576,15,0.131424
1100,5.6295e+14,1.20301e+12,37829.2,49,17.2539,14,0.125897
1101,7.03687e+13,3.41945e+11,1.08625e+06,46,19.627,20,0.141123
1102,7.03687e+13,1.96616e+11,562708,46,19.6445,19,0.140947
1103,5.6295e+14,1.62255e+12,2.14428e+06,49,19.9443,21,0.141802
1104,1.1259e+15,1.46293e+12,2.14563e+06,50,20.376,21,0.149844
1105,1.40737e+14,6.64127e+11,1.68398e+07,47,21.0957,24,0.149738
1106,1.40737e+14,7.01769e+11,4.24344e+06,47,20.3047,22,0.146465
1107,5.6295e+14,9.54264e+11,8.44348e+06,49,20.6719,23,0.150337
1108,3.51844e+13,2.56738e+11,560419,45,19.2344,19,0.141396
1109,7.03687e+13,3.06648e+11,1.08397e+06,46,19.2842,20,0.140532
1110,1.80144e+16,1.79743e+13,4.23389e+06,54,19.9521,22,0.14596
1111,3.51844e+13,3.40714e+11,2.1429e+06,45,20.1445,21,0.146354
1112,7.03687e+13,3.39346e+11,1.09363e+06,46,20.0859,20,0.146381
1113,1.40737e+14,3.06346e+11,1.09258e+06,47,19.2725,20,0.136822
1114,3.51844e+13,2.40637e+11,2.14698e+06,45,19.9961,21,0.14447
1115,1.40737e+14,4.93236e+11,2.14419e+06,47,19.8857,21,0.141578
1116,2.81475e+14,5.57519e+11,2.14232e+06,48,20.2402,21,0.145595
1117,1.40737e+14,4.27539e+11,158399,47,18.3633,17,0.134241
1118,4.5036e+15,5.07605e+12,163017,52,19.2842,17,0.135611
1119,7.03687e+13,4.42094e+11,562012,46,19.5234,19,0.142777
1120,1.1259e+15,2.31344e+12,564802,50,19.625,19,0.13893
1121,2.81475e+14,4.85829e+11,158324,48,18.209,17,0.130267
1122,2.81475e+14,7.1684e+11,294819,48,18.7109,18,0.134595
1123,2.81475e+14,5.86838e+11,161463,48,18.4238,17,0.133633
1124,2.81475e+14,7.14677e+11,161978,48,18.5635,17,0.134481
1125,7.03687e+13,4.13472e+11,562136,46,19.5703,19,0.137804
1126,2.81475e+14,7.16721e+11,95236.1,48,18.6953,16,0.13263
1127,1.40737e+14,4.56929e+11,161876,47,18.6777,17,0.13424
1128,1.1259e+15,1.58881e+12,160014,50,18.3652,17,0.136471
1129,2.81475e+14,1.0697e+12,558557,48,19.6104,19,0.14408
1130,1.40737e+14,4.17342e+11,2.14074e+06,47,20.0215,21,0.143755
1131,2.81475e+14,5.52153e+11,3.36175e+07,48,21.2812,25,0.151799
1132,2.2518e+15,2.35599e+12,1.68403e+07,51,21.3867,24,0.153187
1133,2.81475e+14,5.22196e+11,1.34295e+08,48,22.1816,27,0.160424
1134,2.2518e+15,2.78844e+12,1.34292e+08,51,22.0928,27,0.156818
1135,1.80144e+16,1.84687e+13,3.36147e+07,54,20.3789,25,0.149404
1136,2.2518e+15,5.01194e+12,1.68423e+07,51,20.3115,24,0.147101
1137,1.40737e+14,6.40867e+11,8.44468e+06,47,20.3984,23,0.146693
1138,3.51844e+13,3.31489e+11,3.36181e+07,45,20.8789,25,0.146249
1139,5.6295e+14,1.70882e+12,1.68364e+07,49,20.7461,24,0.146249
1140,2.81475e+14,5.27088e+11,1.68387e+07,48,20.7852,24,0.147027
1141,1.1259e+15,2.03261e+12,3.36234e+07,50,21.2061,25,0.14951
1142,2.81475e+14,8.98025e+11,6.71782e+07,48,21.5996,26,0.150311
1143,2.2518e+15,3.0281e+12,1.34297e+08,51,21.9062,27,0.150518
1144,2.2518e+15,3.19201e+12,8.44598e+06,51,20.8057,23,0.145218
1145,5.6295e+14,1.62031e+12,5.36962e+08,49,23.3379,29,0.161585
1146,1.1259e+15,1.88965e+12,5.36951e+08,50,22.9043,29,0.159581
1147,5.6295e+14,8.31545e+11,2.68516e+08,49,23.3242,28,0.162584
1148,7.03687e+13,4.80249e+11,2.68517e+08,46,23.6104,28,0.163432
1149,5.6295e+14,9.89754e+11,6.71821e+07,49,22.0439,26,0.154639
1150,7.03687e+13,2.05907e+11,3.36206e+07,46,21.2383,25,0.15077
1151,1.40737e+14,2.70547e+11,1.68376e+07,47,21,24,0.152199
1152,1.1259e+15,1.58919e+12,2.68507e+08,50,22.2002,28,0.155285
1153,2.2518e+15,2.80194e+12,6.71808e+07,51,21.8213,26,0.152442
1154,3.51844e+13,2.29978e+11,6.71805e+07,45,21.5879,26,0.150817
1155,7.03687e+13,4.42798e+11,6.71816e+07,46,21.585,26,0.150986
1156,3.51844e+13,1.78525e+11,3.36178e+07,45,21.1113,25,0.15266
1157,1.40737e+14,4.42673e+11,3.36236e+07,47,20.9648,25,0.147492
1158,1.75922e+13,1.78587e+11,6.71812e+07,44,21.8721,26,0.151721
1159,2.81475e+14,1.27654e+12,3.36219e+07,48,20.9404,25,0.148118
1160,1.40737e+14,7.01347e+11,6.71786e+07,47,21.6533,26,0.149162
1161,2.81475e+14,6.92058e+11,2.14019e+06,48,19.5654,21,0.141379
1162,5.6295e+14,1.19278e+12,1.34289e+08,49,21.9639,27,0.153503
1163,7.03687e+13,4.43884e+11,2.68511e+08,46,22.5859,28,0.159524
1164,1.40737e+14,6.32887e+11,1.34294e+08,47,21.7695,27,0.153341
1165,3.51844e+13,1.94988e+11,8.43974e+06,45,20.1396,23,0.142491
1166,2.81475e+14,9.40416e+11,3.36171e+07,48,21.332,25,0.148659
1167,5.6295e+14,1.33215e+12,4.24964e+06,49,19.9795,22,0.139031
1168,3.51844e+13,3.25007e+11,3.36196e+07,45,20.999,25,0.145766
1169,1.40737e+14,5.32668e+11,6.71776e+07,47,21.5732,26,0.148387
1170,2.81475e+14,5.67026e+11,1.68433e+07,48,21.2266,24,0.147795
1171,1.40737e+14,4.60226e+11,4.24474e+06,47,20.6035,22,0.145076
1172,2.81475e+14,4.44943e+11,1.68355e+07,48,21.1924,24,0.148704
1173,1.1259e+15,1.61205e+12,6.71803e+07,50,21.5146,26,0.150404
1174,2.81475e+14,6.29479e+11,1.34287e+08,48,22.3467,27,0.154634
1175,1.40737e+14,4.91714e+11,1.34288e+08,47,22.6504,27,0.155107
1176,2.81475e+14,5.25091e+11,6.71801e+07,48,21.6445,26,0.152434
1177,1.40737e+14,6.06195e+11,2.68511e+08,47,22.9941,28,0.162897
1178,1.40737e+14,6.15775e+11,1.34294e+08,47,22.2607,27,0.154181
1179,1.1259e+15,1.78011e+12,6.71775e+07,50,21.9053,26,0.151927
1180,1.40737e+14,6.8293e+11,2.68512e+08,47,23.1299,28,0.164399
1181,2.81475e+14,8.18192e+11,2.68518e+08,48,23.4814,28,0.166466
1182,5.6295e+14,8.37107e+11,2.68521e+08,49,22.874,28,0.159782
1183,5.6295e+14,1.1544e+12,2.14758e+09,49,25.0264,31,0.178086
1184,2.81475e+14,8.81352e+11,4.29507e+09,48,27.0303,32,0.187093
1185,5.6295e+14,1.16339e+12,2.14758e+09,49,25.3613,31,0.179129
1186,2.81475e+14,9.44682e+11,4.29508e+09,48,26.7314,32,0.188366
1187,7.03687e+13,4.1917e+11,4.29507e+09,46,26.1172,32,0.182565
1188,1.1259e+15,1.70932e+12,4.29507e+09,50,26.6016,32,0.185155
1189,1.40737e+14,6.86463e+11,1.718e+10,47,28.4365,34,0.202601
1190,1.1259e+15,1.58173e+12,8.59004e+09,50,27.3135,33,0.191296
1191,5.6295e+14,8.03096e+11,4.29506e+09,49,25.707,32,0.181056
1192,4.5036e+15,5.46709e+12,4.29508e+09,52,26.8584,32,0.192182
1193,7.03687e+13,5.06535e+11,8.59004e+09,46,27.7979,33,0.193847
1194,2.81475e+14,7.17104e+11,8.59004e+09,48,27.9453,33,0.195696
1195,7.03687e+13,2.9224e+11,8.59004e+09,46,27.626,33,0.192189
1196,2.81475e+14,9.1053e+11,8.59004e+09,48,27.0293,33,0.189348
1197,7.03687e+13,4.47713e+11,8.59004e+09,46,27.5791,33,0.193165
1198,2.81475e+14,8.81441e+11,8.59004e+09,48,27.8887,33,0.193181
1199,5.6295e+14,1.21693e+12,4.29508e+09,49,27.1709,32,0.190115
1200,9.0072e+15,1.05308e+13,8.59005e+09,53,28.0088,33,0.195413
1201,1.40737e+14,7.94922e+11,1.718e+10,47,28.3428,34,0.198342
1202,1.40737e+14,6.16599e+11,8.59005e+09,47,27.418,33,0.192307
1203,2.2518e+15,3.54294e+12,8.59004e+09,51,28.0059,33,0.197443
1204,1.75922e+13,2.08873e+11,8.59004e+09,44,27.3057,33,0.19303
1205,2.2518e+15,2.54491e+12,8.59005e+09,51,27.1904,33,0.192561
1206,5.6295e+14,1.33824e+12,8.59004e+09,49,27.9912,33,0.199122
1207,2.2518e+15,3.25919e+12,8.59004e+09,51,27.6064,33,0.194137
1208,2.81475e+14,1.20968e+12,8.59004e+09,48,26.4746,33,0.187964
1209,3.51844e+13,3.70853e+11,4.29507e+09,45,26.8516,32,0.189857
1210,1.40737e+14,6.60577e+11,4.29507e+09,47,26.835,32,0.191934
1211,1.1259e+15,4.40943e+12,8.59004e+09,50,27.2764,33,0.19202
1212,5.6295e+14,1.4014e+12,4.29507e+09,49,26.4893,32,0.18942
1213,2.2518e+15,2.63973e+12,1.07384e+09,51,24.3008,30,0.171969
1214,5.6295e+14,1.41331e+12,8.59003e+09,49,27.3809,33,0.193616
1215,5.6295e+14,1.6648e+12,4.29508e+09,49,27.1211,32,0.19068
1216,2.2518e+15,4.23957e+12,8.59004e+09,51,27.582,33,0.196492
1217,2.81475e+14,7.94073e+11,4.29507e+09,48,26.3867,32,0.189483
1218,5.6295e+14,1.82643e+12,4.29507e+09,49,26.7432,32,0.191956
1219,1.1259e+15,2.49003e+12,4.29508e+09,50,26.6006,32,0.188558
1220,9.0072e+15,1.1058e+13,4.29507e+09,53,25.7432,32,0.18862
1221,1.40737e+14,6.78174e+11,4.29506e+09,47,26.0645,32,0.18622
1222,1.1259e+15,2.28123e+12,1.07384e+09,50,24.8564,30,0.174125
1223,1.1259e+15,2.75362e+12,4.29507e+09,50,26.3154,32,0.186068
1224,7.03687e+13,4.81662e+11,4.29508e+09,46,26.292,32,0.18548
1225,7.03687e+13,4.18871e+11,2.14758e+09,46,25.2617,31,0.179631
1226,2.81475e+14,1.0969e+12,4.29507e+09,48,26.1445,32,0.18561
1227,1.1259e+15,1.69448e+12,2.14758e+09,50,25.0098,31,0.177174
1228,1.1259e+15,1.90158e+12,2.14757e+09,50,24.7412,31,0.175956
1229,5.6295e+14,1.18854e+12,2.14758e+09,49,25.1768,31,0.180485
1230,7.03687e+13,3.75551e+11,1.07383e+09,46,23.8418,30,0.172387
1231,4.5036e+15,6.40814e+12,1.07384e+09,52,25.0498,30,0.177471
1232,7.03687e+13,3.10754e+11,2.14758e+09,46,26.0859,31,0.184015
1233,2.81475e+14,6.6524e+11,2.14757e+09,48,25.7646,31,0.18248
1234,4.5036e+15,8.99205e+12,1.07383e+09,52,24.2129,30,0.174225
1235,1.1259e+15,1.71133e+12,5.36955e+08,50,23.3896,29,0.16907
1236,2.2518e+15,3.5593e+12,1.07383e+09,51,23.7139,30,0.169513
1237,2.2518e+15,4.92358e+12,8.59003e+09,51,26.04,33,0.18887
1238,5.6295e+14,8.46107e+11,1.07383e+09,49,24.5762,30,0.176702
1239,1.80144e+16,2.1369e+13,2.14758e+09,54,24.4863,31,0.179584
1240,2.2518e+15,3.82008e+12,4.29507e+09,51,25.1904,32,0.181425
1241,2.81475e+14,2.56306e+12,4.29506e+09,48,24.9502,32,0.184021
1242,9.0072e+15,1.06829e+13,1.07383e+09,53,23.5742,30,0.172592
1243,5.6295e+14,1.89644e+12,4.29507e+09,49,25.6523,32,0.18162
1244,1.40737e+14,6.40811e+11,4.29506e+09,47,24.4082,32,0.17673
1245,5.6295e+14,1.48288e+12,5.36956e+08,49,23.4307,29,0.168361
1246,1.40737e+14,5.89542e+11,2.68513e+08,47,22.6934,28,0.164885
1247,5.6295e+14,1.52233e+12,1.07383e+09,49,23.9082,30,0.175647
1248,1.40737e+14,6.27198e+11,1.07383e+09,47,24.0234,30,0.17613
1249,2.81475e+14,1.37574e+12,1.07384e+09,48,24.5254,30,0.176653
1250,1.1259e+15,2.8305e+12,2.14758e+09,50,24.9316,31,0.17863
1251,1.1259e+15,3.47747e+12,2.14757e+09,50,24.5557,31,0.179331
1252,1.1259e+15,2.31286e+12,1.07383e+09,50,24.3652,30,0.179095
1253,1.1259e+15,2.47983e+12,5.36965e+08,50,24.5605,29,0.174691
1254,2.81475e+14,1.25902e+12,1.07383e+09,48,24.7764,30,0.176635
1255,2.81475e+14,1.27774e+12,2.14757e+09,48,25.8408,31,0.183884
1256,5.6295e+14,8.92731e+11,5.36952e+08,49,23.5459,29,0.172387
1257,2.81475e+14,2.19783e+12,1.07384e+09,48,25.1094,30,0.178549
1258,4.5036e+15,6.59239e+12,2.14757e+09,52,25.375,31,0.184378
1259,2.81475e+14,9.01266e+11,4.29507e+09,48,26.3281,32,0.188089
1260,4.5036e+15,7.23173e+12,4.29507e+09,52,26.1006,32,0.186846
1261,1.80144e+16,2.35867e+13,4.29507e+09,54,25.9727,32,0.185404
1262,2.2518e+15,8.18735e+12,4.29507e+09,51,26.8008,32,0.191363
1263,1.1259e+15,3.0216e+12,8.59004e+09,50,27.0469,33,0.194478
1264,2.81475e+14,2.31845e+12,4.29507e+09,48,26.5859,32,0.193893
1265,2.81475e+14,2.03911e+12,4.29507e+09,48,26.6367,32,0.18908
1266,1.1259e+15,5.9544e+12,4.29507e+09,50,25.9102,32,0.184801
1267,1.1259e+15,5.77744e+12,4.29507e+09,50,26.5977,32,0.192808
1268,5.6295e+14,3.10088e+12,4.29507e+09,49,26.0654,32,0.186713
1269,2.2518e+15,4.45511e+12,1.07383e+09,51,24.5078,30,0.17608
1270,1.1259e+15,4.43571e+12,4.29507e+09,50,26.0322,32,0.185766
1271,1.80144e+16,2.74098e+13,4.29506e+09,54,26.4316,32,0.19228
1272,4.5036e+15,1.03433e+13,8.59005e+09,52,27.9053,33,0.202146
1273,1.1259e+15,5.71948e+12,4.29507e+09,50,26.7441,32,0.195098
1274,1.80144e+16,2.27365e+13,4.29505e+09,54,25.9707,32,0.186675
1275,1.80144e+16,2.43683e+13,1.718e+10,54,28.7578,34,0.207802
1276,4.5036e+15,8.94286e+12,1.718e+10,52,28.6387,34,0.209481
1277,2.2518e+15,1.48979e+13,1.718e+10,51,29.1768,34,0.21518
1278,1.15292e+18,1.15555e+15,1.718e+10,60,27.6865,34,0.204671
1279,2.2518e+15,8.53437e+12,1.718e+10,51,29.5898,34,0.216166
1280,9.0072e+15,2.35497e+13,8.59004e+09,53,27.4336,33,0.201118
1281,1.44115e+17,1.78232e+14,1.718e+10,57,28.4932,34,0.208689
1282,4.5036e+15,1.07239e+13,1.718e+10,52,29.8379,34,0.216798
1283,1.1259e+15,6.29455e+12,1.718e+10,50,28.9639,34,0.21365
1284,1.1259e+15,7.14502e+12,1.718e+10,50,28.7832,34,0.209622
1285,1.1259e+15,6.71116e+12,1.718e+10,50,28.0723,34,0.207272
1286,4.5036e+15,1.96044e+13,8.59004e+09,52,27.2168,33,0.201523
1287,1.1259e+15,7.04959e+12,4.29506e+09,50,26.0908,32,0.193289
1288,4.5036e+15,8.02782e+12,2.14758e+09,52,25.1221,31,0.183673
1289,2.2518e+15,6.6278e+12,2.14757e+09,51,23.6719,31,0.17303
1290,2.2518e+15,7.50599e+12,8.59004e+09,51,27.0479,33,0.198082
1291,1.1259e+15,6.21104e+12,4.29506e+09,50,25.748,32,0.188788
1292,1.1259e+15,5.85591e+12,4.29507e+09,50,26.1201,32,0.195909
1293,5.6295e+14,2.7066e+12,4.29506e+09,49,25.751,32,0.191976
1294,1.80144e+16,2.61914e+13,4.29507e+09,54,26.3096,32,0.19642
1295,4.5036e+15,9.312e+12,4.29507e+09,52,27.3828,32,0.201836
1296,9.0072e+15,1.55276e+13,4.29507e+09,53,24.8105,32,0.181515
1297,1.1259e+15,7.29588e+12,4.29506e+09,50,24.7432,32,0.181348
1298,1.1259e+15,6.51865e+12,4.29506e+09,50,25.4053,32,0.190567
1299,1.1259e+15,7.09693e+12,2.14758e+09,50,24.7207,31,0.182795
1300,7.20576e+16,7.9035e+13,4.29506e+09,56,25.3555,32,0.188446
1301,4.5036e+15,1.06975e+13,1.718e+10,52,27.5684,34,0.204836
1302,1.1259e+15,7.69259e+12,8.59003e+09,50,26.7148,33,0.197437
1303,5.6295e+14,3.37379e+12,4.29506e+09,49,25.1172,32,0.193244
1304,4.5036e+15,1.00496e+13,2.14758e+09,52,25.2998,31,0.188658
1305,2.2518e+15,1.24007e+13,1.718e+10,51,27.293,34,0.20354
1306,1.1259e+15,8.79226e+12,4.29506e+09,50,25.7266,32,0.19319
1307,2.2518e+15,5.4461e+12,5.36957e+08,51,24.4424,29,0.185903
1308,4.5036e+15,1.54889e+13,8.59003e+09,52,26.9277,33,0.199522
1309,1.80144e+16,2.48196e+13,8.59003e+09,54,26.2705,33,0.193936
1310,1.1259e+15,8.0481e+12,8.59004e+09,50,27.0967,33,0.208564
1311,2.2518e+15,1.03441e+13,4.29507e+09,51,26.25,32,0.19407
1312,9.0072e+15,1.11299e+13,2.14758e+09,53,25.4277,31,0.189634
1313,1.15292e+18,1.13923e+15,8.59004e+09,60,26.2979,33,0.196986
1314,1.1259e+15,4.97154e+12,6.71724e+07,50,22.6914,26,0.170715
1315,2.2518e+15,9.15108e+12,2.68512e+08,51,23.7324,28,0.176763
1316,1.80144e+16,2.71315e+13,6.7166e+07,54,22.7363,26,0.173921
1317,5.6295e+14,4.58219e+12,6.7177e+07,49,23.6846,26,0.180538
1318,1.80144e+16,2.07429e+13,1.07384e+09,54,24.5996,30,0.185022
1319,1.80144e+16,3.28006e+13,8.59004e+09,54,26.2324,33,0.196171
1320,4.5036e+15,1.06015e+13,4.29506e+09,52,25.542,32,0.195153
1321,1.1259e+15,4.80665e+12,2.14758e+09,50,24.1611,31,0.180219
1322,4.5036e+15,9.71718e+12,5.36953e+08,52,23.3213,29,0.178184
1323,4.5036e+15,1.01614e+13,8.59004e+09,52,25.7256,33,0.194783
1324,1.1259e+15,4.77498e+12,8.59004e+09,50,25.9238,33,0.192447
1325,4.5036e+15,8.08823e+12,1.07383e+09,52,24.5391,30,0.184344
1326,4.5036e+15,1.60699e+13,4.29507e+09,52,26.207,32,0.193979
1327,1.1259e+15,7.34444e+12,4.29506e+09,50,25.2969,32,0.195669
1328,1.80144e+16,2.18853e+13,2.14758e+09,54,24.7754,31,0.186458
1329,1.1259e+15,6.41067e+12,2.68513e+08,50,23.1602,28,0.177236
1330,1.1259e+15,5.94792e+12,2.6851e+08,50,23.1152,28,0.178251
1331,3.60288e+16,4.25304e+13,6.71753e+07,55,22.5889,26,0.178314
1332,4.5036e+15,8.29202e+12,3.36151e+07,52,22.3828,25,0.176088
1333,4.5036e+15,1.11685e+13,6.71752e+07,52,22.7832,26,0.178485
1334,5.6295e+14,3.15394e+12,6.71707e+07,49,22.2617,26,0.175821
1335,5.6295e+14,2.25622e+12,2.68502e+08,49,23.0723,28,0.176365
1336,2.2518e+15,5.9935e+12,1.34283e+08,51,22.0215,27,0.170286
1337,2.2518e+15,1.21613e+13,1.07383e+09,51,24.6035,30,0.189159
1338,2.2518e+15,8.52817e+12,5.3696e+08,51,23.5273,29,0.181084
1339,2.2518e+15,6.98871e+12,2.14757e+09,51,23.9385,31,0.181748
1340,9.0072e+15,1.39559e+13,4.29507e+09,53,26.3096,32,0.195133
1341,4.5036e+15,7.89839e+12,4.29506e+09,52,25.1289,32,0.18949
1342,1.1259e+15,6.12134e+12,4.29506e+09,50,23.9219,32,0.183792
1343,4.5036e+15,9.96329e+12,1.07383e+09,52,23.6787,30,0.179466
1344,4.5036e+15,9.28122e+12,1.07384e+09,52,24.3105,30,0.187804
1345,1.44115e+17,1.60244e+14,4.29507e+09,57,25.4902,32,0.192857
1346,9.0072e+15,2.0324e+13,4.29506e+09,53,24.8154,32,0.18821
1347,1.80144e+16,3.00163e+13,2.14757e+09,54,25.4004,31,0.191131
1348,5.6295e+14,3.17663e+12,1.718e+10,49,27.4033,34,0.209913
1349,2.2518e+15,9.42284e+12,8.59004e+09,51,26.3906,33,0.198961
1350,9.0072e+15,1.65762e+13,8.59004e+09,53,26.7266,33,0.200966
1351,9.0072e+15,1.79708e+13,2.14758e+09,53,25.21,31,0.196105
1352,2.2518e+15,1.09712e+13,1.718e+10,51,27.8564,34,0.213726
1353,1.80144e+16,3.20428e+13,8.59004e+09,54,26.2197,33,0.200267
1354,4.5036e+15,1.88922e+13,1.718e+10,52,27.9844,34,0.210498
1355,2.2518e+15,1.48425e+13,1.718e+10,51,28.0518,34,0.211158
1356,2.2518e+15,8.24472e+12,8.59005e+09,51,27.3555,33,0.207667
1357,1.44115e+17,2.00285e+14,8.59003e+09,57,26.4912,33,0.201235
1358,3.60288e+16,4.96952e+13,1.718e+10,55,27.3516,34,0.207196
1359,4.5036e+15,1.82175e+13,4.29508e+09,52,27.1162,32,0.206203
1360,1.1259e+15,7.15116e+12,4.29506e+09,50,26.1406,32,0.198168
1361,2.2518e+15,7.57474e+12,4.29506e+09,51,25.8066,32,0.197846
1362,2.8823e+17,2.89319e+14,8.59003e+09,58,26.4297,33,0.200869
1363,9.0072e+15,2.15075e+13,4.24286e+06,53,21.999,22,0.168402
1364,1.1259e+15,8.39927e+12,8.59005e+09,50,27.3545,33,0.209772
1365,5.6295e+14,4.92459e+12,1.718e+10,49,27.0781,34,0.208608
1366,1.1259e+15,1.12352e+13,8.59005e+09,50,26.9219,33,0.213758
1367,2.2518e+15,1.05387e+13,1.718e+10,51,27.6943,34,0.211846
1368,1.80144e+16,2.89388e+13,1.718e+10,54,28.2344,34,0.215007
1369,1.80144e+16,4.01627e+13,1.718e+10,54,28.3545,34,0.216575
1370,2.2518e+15,1.19144e+13,1.718e+10,51,28.3506,34,0.216032
1371,4.5036e+15,2.09741e+13,8.59004e+09,52,26.6572,33,0.207175
1372,1.80144e+16,3.62284e+13,1.718e+10,54,27.874,34,0.212808
1373,4.5036e+15,1.66013e+13,1.718e+10,52,28.8047,34,0.218627
1374,2.2518e+15,8.43491e+12,1.718e+10,51,27.9297,34,0.211592
1375,2.2518e+15,1.0151e+13,1.718e+10,51,27.5303,34,0.209757
1376,4.5036e+15,1.32368e+13,1.718e+10,52,28.9854,34,0.222562
1377,9.0072e+15,1.70718e+13,1.718e+10,53,28.2471,34,0.214027
1378,9.0072e+15,2.10901e+13,1.718e+10,53,28.8408,34,0.21996
1379,1.1259e+15,9.31355e+12,1.718e+10,50,28.0811,34,0.219659
1380,1.1259e+15,6.0502e+12,1.718e+10,50,27.6523,34,0.21187
1381,1.80144e+16,4.006e+13,1.718e+10,54,27.9512,34,0.215439
1382,1.44115e+17,1.51765e+14,3.43598e+10,57,30.1221,35,0.228655
1383,2.2518e+15,1.11133e+13,3.43598e+10,51,30.2012,35,0.229324
1384,3.60288e+16,4.81712e+13,1.718e+10,55,29.0088,34,0.224721
1385,1.80144e+16,3.49005e+13,3.43599e+10,54,30.9268,35,0.237131
1386,2.2518e+15,1.51803e+13,3.43599e+10,51,30.8438,35,0.23679
1387,5.76461e+17,6.01401e+14,1.718e+10,59,29.9473,34,0.231648
1388,4.5036e+15,1.59023e+13,6.87196e+10,52,33.0234,36,0.252417
1389,7.20576e+16,9.21114e+13,6.87196e+10,56,32.7363,36,0.249187
1390,3.60288e+16,5.5819e+13,6.87196e+10,55,33.1768,36,0.2554
1391,3.60288e+16,7.4318e+13,6.87196e+10,55,33.6221,36,0.254112
1392,4.5036e+15,1.97488e+13,3.43599e+10,52,32.7295,35,0.250313
1393,7.20576e+16,8.60379e+13,3.43599e+10,56,32.6445,35,0.246678
1394,9.0072e+15,3.58231e+13,6.87196e+10,53,33.9277,36,0.255208
1395,3.60288e+16,5.03447e+13,6.87196e+10,55,33.1875,36,0.24976
1396,7.20576e+16,8.78693e+13,6.87196e+10,56,32.8574,36,0.243238
1397,7.20576e+16,1.72048e+14,6.87196e+10,56,33.0537,36,0.255277
1398,1.44115e+17,1.88209e+14,6.87196e+10,57,32.7354,36,0.2464
1399,3.60288e+16,1.00542e+14,6.87196e+10,55,32.7871,36,0.246488
1400,4.5036e+15,2.23524e+13,3.43599e+10,52,31.8213,35,0.250241
1401,1.1259e+15,1.41287e+13,3.43599e+10,50,31.8213,35,0.241984
1402,3.60288e+16,8.37008e+13,3.43599e+10,55,31.2881,35,0.235847
1403,2.2518e+15,1.67998e+13,3.43599e+10,51,30.4609,35,0.236198
1404,5.6295e+14,5.56649e+12,3.43599e+10,49,30.96,35,0.234605
1405,1.80144e+16,3.3661e+13,3.43598e+10,54,30.4824,35,0.235179
1406,9.0072e+15,2.60624e+13,3.43599e+10,53,30.9268,35,0.238334
1407,1.80144e+16,3.03389e+13,3.43599e+10,54,30.8594,35,0.23484
1408,1.80144e+16,3.72435e+13,3.43599e+10,54,30.3057,35,0.231411
1409,9.0072e+15,3.05727e+13,3.43599e+10,53,31.3564,35,0.240475
1410,9.0072e+15,2.82018e+13,3.43599e+10,53,30.3057,35,0.231356
1411,1.80144e+16,2.69732e+13,3.43599e+10,54,30.4209,35,0.23507
1412,1.44115e+17,1.85362e+14,3.43599e+10,57,31.751,35,0.242553
1413,4.5036e+15,2.0568e+13,3.43599e+10,52,31.4902,35,0.24288
1414,1.80144e+16,3.81898e+13,3.43598e+10,54,30.249,35,0.230987
1415,2.2518e+15,1.83005e+13,3.43599e+10,51,31.4355,35,0.241247
1416,3.60288e+16,4.61488e+13,3.43599e+10,55,31.25,35,0.23902
1417,4.5036e+15,3.1252e+13,6.87196e+10,52,31.8984,36,0.247827
1418,1.80144e+16,3.39407e+13,6.87196e+10,54,31.4785,36,0.244207
1419,1.44115e+17,1.65014e+14,6.87196e+10,57,32.2881,36,0.250606
1420,2.8823e+17,3.80249e+14,6.87196e+10,58,33.1338,36,0.257361
1421,2.30584e+18,2.32267e+15,6.87196e+10,61,31.835,36,0.250388
1422,4.61169e+18,4.68994e+15,6.87196e+10,62,33.7109,36,0.265322
1423,7.20576e+16,1.11197e+14,3.43599e+10,56,29.7168,35,0.237231
1424,7.20576e+16,1.09579e+14,6.87196e+10,56,32.6123,36,0.260171
1425,1.44115e+17,2.10059e+14,6.87196e+10,57,33.0293,36,0.257208
1426,1.44115e+17,1.9723e+14,6.87196e+10,57,32.3018,36,0.25105
1427,1.80144e+16,6.37067e+13,6.87196e+10,54,31.5137,36,0.246968
1428,2.8823e+17,4.01874e+14,6.87196e+10,58,31.8008,36,0.2483
1429,9.0072e+15,7.54279e+13,6.87196e+10,53,32.5928,36,0.25373
1430,1.44115e+17,1.83709e+14,3.43599e+10,57,30.6885,35,0.238631
1431,7.20576e+16,1.07418e+14,6.87196e+10,56,31.7842,36,0.246964
1432,9.0072e+15,3.36259e+13,3.43598e+10,53,30.1963,35,0.235608
1433,4.5036e+15,3.47574e+13,3.43599e+10,52,31.3047,35,0.244022
1434,9.0072e+15,4.05987e+13,3.43599e+10,53,31.1406,35,0.243235
1435,9.0072e+15,2.37373e+13,3.43599e+10,53,30.9785,35,0.242103
1436,3.60288e+16,9.30901e+13,3.43599e+10,55,30.3828,35,0.242758
1437,9.0072e+15,5.35229e+13,3.43599e+10,53,31.5186,35,0.242972
1438,9.0072e+15,4.31097e+13,3.43598e+10,53,30.1758,35,0.235439
1439,4.5036e+15,2.67211e+13,1.718e+10,52,28.8008,34,0.228483
1440,1.80144e+16,5.64718e+13,3.43599e+10,54,29.9658,35,0.235666
1441,2.2518e+15,1.32128e+13,3.43599e+10,51,29.0117,35,0.226874
1442,9.0072e+15,2.85106e+13,3.43599e+10,53,30.1934,35,0.232467
1443,9.0072e+15,2.39053e+13,3.43598e+10,53,30.085,35,0.232108
1444,1.80144e+16,3.92453e+13,3.43598e+10,54,30.9092,35,0.241716
1445,1.15292e+18,1.16756e+15,3.43599e+10,60,30.75,35,0.241313
1446,4.5036e+15,2.87543e+13,3.43598e+10,52,29.3447,35,0.233168
1447,7.20576e+16,1.46857e+14,1.718e+10,56,28.8604,34,0.233355
1448,3.60288e+16,6.48159e+13,1.718e+10,55,29.2061,34,0.235071
1449,1.44115e+17,2.93398e+14,1.718e+10,57,28.5264,34,0.230054
1450,1.44115e+17,2.40897e+14,1.718e+10,57,27.0938,34,0.218955
1451,3.60288e+16,8.02151e+13,3.43598e+10,55,28.6201,35,0.237373
1452,2.8823e+17,6.34089e+14,1.718e+10,58,26.749,34,0.219291
1453,5.76461e+17,1.05123e+15,3.43599e+10,59,29.3379,35,0.241106
1454,7.20576e+16,2.57257e+14,1.718e+10,56,26.917,34,0.223665
1455,2.8823e+17,1.02597e+15,1.718e+10,58,27.4785,34,0.230461
1456,3.60288e+16,1.93093e+14,3.43598e+10,55,28.5898,35,0.240498
1457,3.60288e+16,1.64587e+14,1.718e+10,55,27.1338,34,0.225523
1458,7.20576e+16,1.82131e+14,1.718e+10,56,27.0996,34,0.225514
1459,2.30584e+18,2.30935e+15,4.29505e+09,61,25.8301,32,0.214098
1460,1.44115e+17,7.643e+14,2.68493e+08,57,25.1494,28,0.212059
1461,2.8823e+17,9.03475e+14,2.14758e+09,58,25.9111,31,0.215918
1462,7.3787e+19,9.07595e+16,1.34277e+08,66,24.3516,27,0.205602
1463,3.68935e+19,3.75082e+16,1.718e+10,65,27.8086,34,0.230872
1464,2.8823e+17,1.07552e+15,1.718e+10,58,28.79,34,0.239476
1465,1.84467e+19,1.93998e+16,8.59003e+09,64,27.2148,33,0.225176
1466,4.61169e+18,7.37041e+15,1.3429e+08,62,25.1641,27,0.211451
1467,2.95148e+20,2.91239e+17,2.68511e+08,68,25.4355,28,0.211579
1468,9.22337e+18,1.71344e+16,1.718e+10,63,27.917,34,0.23331
1469,1.84467e+19,4.24145e+16,3.43598e+10,64,28.9727,35,0.239881
1470,4.61169e+18,1.47285e+16,1.07384e+09,62,27.4219,30,0.233835
1471,1.84467e+19,3.46074e+16,1.718e+10,64,27.751,34,0.237518
1472,7.3787e+19,1.14243e+17,8.59003e+09,66,27.3975,33,0.231443
1473,4.61169e+18,1.3601e+16,2.68508e+08,62,26.1426,28,0.223174
1474,4.61169e+18,1.29656e+16,8.59004e+09,62,26.6914,33,0.22459
1475,1.18059e+21,1.76843e+18,4.29506e+09,70,27.0918,32,0.227253
1476,1.84467e+19,3.01399e+16,8.59002e+09,64,27.416,33,0.232853
1477,4.61169e+18,7.99074e+15,3.36269e+07,62,24.8711,25,0.212625
1478,9.22337e+18,1.41399e+16,1.07381e+09,63,26.8359,30,0.221841
1479,3.68935e+19,4.40796e+16,1.718e+10,65,27.6953,34,0.233487
1480,2.30584e+18,4.52207e+15,6.87196e+10,61,30.1631,36,0.247481
1481,4.61169e+18,9.54029e+15,3.43598e+10,62,29.4873,35,0.241073
1482,9.22337e+18,2.07525e+16,1.718e+10,63,27.7295,34,0.236734
1483,9.22337e+18,1.21728e+16,3.43598e+10,63,28.79,35,0.242283
1484,1.84467e+19,2.30808e+16,3.43598e+10,64,29.0283,35,0.242744
1485,7.3787e+19,8.77376e+16,6.87196e+10,66,29.5205,36,0.249684
1486,1.84467e+19,2.47754e+16,6.87196e+10,64,30.0869,36,0.254847
1487,4.61169e+18,1.54741e+16,8.59004e+09,62,27.3926,33,0.232495
1488,7.3787e+19,7.67278e+16,1.718e+10,66,28.4209,34,0.243765
1489,9.22337e+18,1.45406e+16,1.07383e+09,63,26.3975,30,0.234125
1490,7.3787e+19,1.08452e+17,8.44191e+06,66,24.1074,23,0.211338
1491,4.61169e+18,1.79371e+16,1.718e+10,62,28.3438,34,0.239667
1492,7.3787e+19,8.11494e+16,1.37439e+11,66,29.668,37,0.256397
1493,4.61169e+18,1.2168e+16,2.74878e+11,62,31.3809,38,0.264199
1494,1.47574e+20,1.76966e+17,6.87196e+10,67,29.5898,36,0.256606
1495,4.61169e+18,1.17253e+16,6.87196e+10,62,28.7988,36,0.241289
1496,7.3787e+19,8.07381e+16,5.36946e+08,66,25.8809,29,0.217172
1497,3.68935e+19,4.70902e+16,2.74878e+11,65,31.5703,38,0.267178
1498,5.90296e+20,6.14361e+17,5.49756e+11,69,32.9375,39,0.281103
1499,2.95148e+20,3.9773e+17,5.49756e+11,68,34.2676,39,0.295777
