363.267
0,435.053,8.59479,4,2,0.0400391,0,0.00639689
1,434.954,9.47082,4,2,0.0488281,0,0.00624667
2,110.903,7.91049,4,1,0.0332031,0,0.00637477
3,435.053,10.0093,5,2,0.0507812,0,0.00642357
4,110.371,8.43403,5,1,0.0371094,0,0.00646065
5,435.151,10.9279,5,2,0.0566406,0,0.00647749
6,435.053,9.43628,5,2,0.0400391,0,0.00655275
7,435.127,10.4501,5,2,0.0498047,0,0.0065918
8,434.412,10.4332,5,2,0.0517578,0,0.00658634
9,110.903,10.5959,5,1,0.0556641,0,0.00656045
10,434.639,10.982,5,2,0.0566406,0,0.00657849
11,435.127,10.0379,5,2,0.0439453,0,0.00660077
12,110.371,11.071,6,1,0.0556641,0,0.0066679
13,435.151,12.2707,6,2,0.0625,0,0.00661778
14,435.151,15.119,6,2,0.078125,0,0.00667501
15,435.149,10.9312,6,2,0.0537109,0,0.00663435
16,435.151,12.941,6,2,0.0693359,0,0.00665048
17,435.053,10.1171,6,2,0.0458984,0,0.00661533
18,435.149,11.5831,6,2,0.0546875,0,0.00663669
19,435.053,10.5751,6,2,0.0478516,0,0.00656771
20,1007.46,12.0007,6,3,0.0556641,0,0.00657856
21,1007.46,12.6842,6,3,0.0585938,0,0.00672313
22,435.151,12.1557,6,2,0.0605469,0,0.00668721
23,435.053,11.7056,6,2,0.0546875,0,0.00679549
24,435.127,11.9211,6,2,0.0566406,0,0.00682364
25,435.127,11.8021,6,2,0.0566406,0,0.00683739
26,1009.59,15.1658,6,3,0.0742188,0,0.00675778
27,435.151,12.8766,6,2,0.0625,0,0.00686478
28,1002.23,12.9216,6,3,0.0625,0,0.0068799
29,435.151,14.9104,6,2,0.0810547,0,0.00680684
30,435.053,13.2833,6,2,0.0673828,0,0.00695049
31,111.425,11.4892,6,1,0.0556641,0,0.00677619
32,1012.52,13.9721,6,3,0.0693359,0,0.00679755
33,435.149,13.5623,6,2,0.0654297,0,0.0067916
34,435.127,13.2729,6,2,0.0585938,0,0.00690212
35,113.897,10.9775,6,1,0.0498047,0,0.00676001
36,435.117,13.7023,6,2,0.0751953,0,0.00688669
37,435.127,14.1632,6,2,0.0722656,0,0.00683951
38,114.366,12.8202,6,1,0.0683594,0,0.00686758
39,434.954,13.5553,6,2,0.0712891,0,0.00697126
40,1012.77,14.1745,6,3,0.0693359,0,0.00699167
41,1012.18,14.4095,6,3,0.0634766,0,0.00695291
42,435.076,14.3795,6,2,0.0722656,0,0.00689216
43,435.151,15.261,7,2,0.0791016,0,0.00688595
44,435.127,15.1116,7,2,0.0839844,0,0.00687461
45,435.151,13.8739,6,2,0.0732422,0,0.0069364
46,1008.92,15.7502,7,3,0.078125,0,0.0070695
47,435.076,15.9621,7,2,0.0800781,0,0.00721891
48,435.151,16.4238,8,2,0.0849609,0,0.00723264
49,435.149,19.7927,8,2,0.116211,0,0.00736467
50,435.149,18.4263,8,2,0.0996094,0,0.00725899
51,1009.59,19.6511,8,3,0.0966797,0,0.00748787
52,435.151,18.2689,8,2,0.0966797,0,0.0074953
53,1009.59,22.5747,9,3,0.120117,0,0.0075336
54,435.151,23.2449,9,2,0.128906,0,0.00765823
55,435.076,24.2285,9,2,0.148438,0,0.00776361
56,1011.31,25.5053,9,3,0.145508,0,0.00770199
57,435.149,24.479,9,2,0.143555,0,0.00773668
58,435.151,27.4018,9,2,0.157227,0,0.00783711
59,1008.21,27.6117,9,3,0.154297,0,0.00792053
60,1008.92,31.4717,10,3,0.180664,0,0.00785984
61,435.151,28.2439,10,2,0.166992,0,0.00806768
62,435.151,28.5442,10,2,0.174805,0,0.00802428
63,1842.49,29.3234,9,4,0.171875,0,0.00797118
64,435.149,29.1454,11,2,0.169922,0,0.00820844
65,435.151,34.0026,11,2,0.213867,0,0.00816997
66,435.151,32.8085,11,2,0.196289,0,0.00806675
67,435.127,30.8743,11,2,0.193359,0,0.00813103
68,1007.46,36.6794,11,3,0.228516,0,0.00834868
69,435.151,31.592,11,2,0.189453,0,0.00829942
70,435.149,34.2998,11,2,0.208008,0,0.00842104
71,435.151,36.4065,12,2,0.224609,0,0.00849434
72,435.151,37.2305,12,2,0.236328,0,0.00843003
73,435.151,36.5164,12,2,0.226562,0,0.00855399
74,435.151,40.7531,13,2,0.258789,0,0.00851962
75,1010.79,43.1546,12,3,0.259766,0,0.00870734
76,1010.21,40.7821,12,3,0.251953,0,0.00865921
77,1007.46,42.2667,12,3,0.263672,0,0.00845415
78,1005.85,37.9187,12,3,0.228516,0,0.00856071
79,1008.21,36.1129,13,3,0.217773,0,0.0086884
80,1009.59,38.817,12,3,0.227539,0,0.00868396
81,435.151,42.8398,13,2,0.255859,0,0.00875423
82,435.151,41.9575,13,2,0.258789,0,0.00862494
83,1008.92,37.8971,13,3,0.222656,0,0.00858969
84,999.194,41.2166,13,3,0.244141,0,0.00867681
85,1009.59,45.9502,13,3,0.265625,0,0.0088059
86,1011.78,42.0875,13,3,0.251953,0,0.0087739
87,1005.85,44.2041,13,3,0.265625,0,0.00885418
88,1007.46,43.6736,13,3,0.260742,0,0.00869526
89,1008.92,45.1788,13,3,0.264648,0,0.00888991
90,435.151,40.3918,13,2,0.24707,0,0.00898694
91,1005.85,43.9527,13,3,0.274414,0,0.0088313
92,1010.21,43.4932,13,3,0.256836,0,0.00876239
93,1004.1,46.7492,15,3,0.283203,0,0.00892442
94,1010.21,45.5658,14,3,0.286133,0,0.0088012
95,1008.92,48.7009,15,3,0.293945,0,0.00890177
96,1005.85,46.2327,15,3,0.266602,0,0.00895239
97,1010.79,44.6242,14,3,0.271484,0,0.00887041
98,1009.59,45.9636,15,3,0.274414,0,0.00902233
99,435.151,43.7086,15,2,0.28125,0,0.00908492
100,1009.59,50.4302,15,3,0.299805,0,0.00902858
101,1008.92,45.3502,14,3,0.271484,0,0.00899326
102,1008.21,55.2571,15,3,0.331055,0,0.00915488
103,1841.02,50.826,15,4,0.304688,0,0.00907013
104,1002.23,47.8897,15,3,0.294922,0,0.00914688
105,1004.99,50.9959,15,3,0.318359,0,0.00925742
106,1010.21,52.3778,15,3,0.326172,0,0.00929851
107,1004.1,46.7299,15,3,0.283203,0,0.00907628
108,1011.78,54.3237,15,3,0.319336,0,0.00916194
109,1007.46,56.1291,15,3,0.342773,0,0.00924615
110,1011.31,50.2743,15,3,0.290039,0,0.00911555
111,435.149,48.7779,15,2,0.306641,0,0.00905165
112,1004.99,47.904,15,3,0.298828,0,0.0090382
113,1007.46,58.9394,15,3,0.351562,0,0.0091619
114,1007.46,54.4322,15,3,0.329102,0,0.00911774
115,1002.23,51.0661,15,3,0.302734,0,0.00920993
116,1005.85,49.9779,15,3,0.298828,0,0.00915515
117,1008.21,51.4668,15,3,0.30957,0,0.00922522
118,1004.1,55.0057,16,3,0.330078,0,0.0092439
119,1008.21,52.8571,15,3,0.30957,0,0.00930601
120,1010.79,55.9533,16,3,0.34375,0,0.00927136
121,1004.99,57.2495,16,3,0.34375,0,0.00932989
122,435.151,52.0827,15,2,0.326172,0,0.00911782
123,998.128,50.8526,16,3,0.3125,0,0.0093524
124,1010.79,60.4236,17,3,0.363281,0,0.00927481
125,998.128,48.7684,15,3,0.301758,0,0.00919122
126,1811.47,56.4511,17,4,0.333984,0,0.00946752
127,1008.21,58.6916,17,3,0.355469,0,0.00957001
128,1009.59,62.5472,17,3,0.367188,0,0.0094373
129,1008.21,55.7739,16,3,0.322266,0,0.00945466
130,1007.46,53.4287,17,3,0.333008,0,0.00951577
131,1007.46,56.5015,16,3,0.34082,0,0.0095261
132,1010.79,59.9514,17,3,0.355469,0,0.00969055
133,995.918,51.5389,15,3,0.316406,0,0.00953109
134,1008.92,56.751,16,3,0.335938,0,0.00941216
135,1009.59,60.4047,16,3,0.345703,0,0.00957098
136,1800.39,57.3134,17,4,0.34082,0,0.0097599
137,1825.63,61.2502,17,4,0.34375,0,0.00984212
138,1798.09,61.2923,17,4,0.362305,0,0.00982711
139,1006.68,63.5912,17,3,0.376953,0,0.00989806
140,1008.92,61.9893,16,3,0.348633,0,0.00975262
141,1819.76,64.4974,17,4,0.366211,0,0.00981071
142,1821.75,57.7417,17,4,0.34082,0,0.00979712
143,1004.1,66.6425,16,3,0.363281,0,0.00977331
144,1005.85,65.52,17,3,0.381836,0,0.0100078
145,1011.31,66.7035,17,3,0.386719,0,0.00993865
146,1007.46,69.6449,17,3,0.385742,0,0.00989684
147,1008.92,67.2589,17,3,0.387695,0,0.0101642
148,1007.46,71.6056,17,3,0.393555,0,0.0102761
149,1004.99,68.8831,17,3,0.390625,0,0.0103467
150,1008.92,66.7359,17,3,0.378906,0,0.0107122
151,1007.46,69.9773,17,3,0.390625,0,0.0109326
152,1815.68,72.756,18,4,0.407227,0,0.0110195
153,1007.46,70.8723,17,3,0.394531,0,0.0109022
154,1000.23,66.2071,17,3,0.371094,0,0.0115947
155,1802.66,73.3363,19,4,0.387695,0,0.0120052
156,1007.46,68.3988,19,3,0.360352,0,0.0122188
157,1008.21,76.5025,19,3,0.390625,0,0.0122491
158,1802.66,75.2602,20,4,0.375977,0,0.013146
159,1793.4,74.3297,22,4,0.347656,0,0.0142774
160,1735.52,77.5941,25,4,0.34375,0,0.0152107
161,1009.59,79.537,32,3,0.34375,0,0.0155409
162,1837.92,83.8851,101,4,0.355469,0,0.0162133
163,1823.71,84.7245,101,4,0.354492,0,0.017027
164,1004.1,83.2312,101,3,0.319336,0,0.0174221
165,1004.99,87.8498,101,3,0.342773,0,0.0183052
166,4176.45,86.1876,101,6,0.304688,0,0.0182213
167,1823.71,80.7608,101,4,0.294922,0,0.0193662
168,2826.95,85.1027,101,5,0.307617,0,0.0187364
169,1819.76,83.9626,101,4,0.319336,0,0.0193537
170,1829.35,96.1806,101,4,0.344727,0,0.0191037
171,987.443,85.1334,101,3,0.327148,0,0.0188233
172,2766.4,88.8548,101,5,0.300781,0,0.0193359
173,1771.04,87.4071,101,4,0.286133,0,0.0200914
174,993.611,92.7068,101,3,0.30957,0,0.0207782
175,1817.74,91.3021,101,4,0.303711,0,0.0201139
176,999.194,90.6947,101,3,0.327148,0,0.0202599
177,1773.62,86.6717,101,4,0.295898,0,0.0200189
178,1009.59,93.7479,101,3,0.321289,0,0.0200584
179,1000.23,81.4847,101,3,0.276367,0,0.0198089
180,1009.59,93.9473,101,3,0.326172,0,0.020119
181,1009.59,87.5296,101,3,0.304688,0,0.0196668
182,1005.85,90.8557,101,3,0.320312,0,0.0196236
183,1786.17,93.3467,101,4,0.325195,0,0.0200341
184,1823.71,93.1772,101,4,0.320312,0,0.0203206
185,1825.63,94.4979,101,4,0.335938,0,0.0199235
186,1006.68,91.0279,101,3,0.329102,0,0.0203036
187,1798.09,95.7219,101,4,0.342773,0,0.0204841
188,1831.15,93.8681,101,4,0.34668,0,0.019438
189,1791.02,100.14,101,4,0.363281,0,0.0202364
190,1778.72,97.2276,101,4,0.333008,0,0.021285
191,1825.63,100.224,101,4,0.359375,0,0.0207198
192,1802.66,103.312,101,4,0.368164,0,0.0211687
193,1843.9,103.467,101,4,0.361328,0,0.0213792
194,1836.29,105.408,101,4,0.368164,0,0.0205509
195,1807.12,106.197,101,4,0.366211,0,0.0204839
196,3987.02,102.452,101,6,0.383789,0,0.0207399
197,2787.22,104.351,101,5,0.356445,0,0.0206315
198,1809.31,102.691,101,4,0.384766,0,0.0207008
199,2884.52,106.087,101,5,0.381836,0,0.0213908
200,1831.15,101.936,101,4,0.37207,0,0.0201727
201,1755.09,102.752,101,4,0.408203,0,0.020787
202,2757.91,100.2,101,5,0.386719,0,0.0197882
203,2906.93,113.213,101,5,0.414062,0,0.0205685
204,2757.91,116.568,101,5,0.420898,0,0.0209977
205,1763.17,110.463,101,4,0.410156,0,0.0207607
206,1832.91,114.52,101,4,0.44043,0,0.0202394
207,1811.47,113.204,101,4,0.448242,0,0.0197426
208,1755.09,109.707,101,4,0.433594,0,0.0202644
209,2718.6,112.3,101,5,0.452148,0,0.0198769
210,1831.15,100.185,101,4,0.375,0,0.0209859
211,1821.75,110.108,101,4,0.433594,0,0.0205867
212,2929.99,116.715,101,5,0.473633,0,0.0202222
213,1811.47,118.043,101,4,0.476562,0,0.0195087
214,1821.75,113.735,101,4,0.450195,0,0.0197312
215,2795.37,121.834,101,5,0.469727,0,0.0201839
216,1817.74,109.01,101,4,0.425781,0,0.0205272
217,4166.27,120.462,101,6,0.484375,0,0.0198829
218,2897.56,124.134,101,5,0.470703,0,0.0207994
219,2819.22,122.278,101,5,0.483398,0,0.0196009
220,1829.35,128.123,101,4,0.491211,0,0.020397
221,5594.12,137.427,101,7,0.539062,0,0.0196767
222,2856.74,128.482,101,5,0.521484,0,0.0191821
223,5703.02,133.732,101,7,0.511719,0,0.0190949
224,2909.97,127.626,101,5,0.509766,0,0.0197956
225,2682.21,138.731,101,5,0.548828,0,0.0187945
226,4229.91,125.553,101,6,0.485352,0,0.0191643
227,2803.43,128.19,101,5,0.494141,0,0.0203812
228,2856.74,140.018,101,5,0.561523,0,0.0184046
229,2620.44,120.137,101,5,0.514648,0,0.0177572
230,4282.57,146.617,101,6,0.599609,0,0.0179142
231,4096.95,134.438,101,6,0.550781,0,0.0184644
232,4274.26,152.519,101,6,0.621094,0,0.0178006
233,5517.84,164.446,101,7,0.673828,0,0.0178119
234,4171.38,166.865,101,6,0.677734,0,0.0170475
235,5797.97,160.953,101,7,0.655273,0,0.0166298
236,4196.4,164.034,101,6,0.693359,0,0.0175396
237,2811.38,163.227,101,5,0.705078,0,0.0176334
238,7729.25,175.819,101,8,0.717773,0,0.0180406
239,2897.56,170.384,101,5,0.708008,0,0.0177466
240,4265.75,186.729,101,6,0.735352,0,0.0170691
241,2783.1,158.074,101,5,0.683594,0,0.0177521
242,7512.9,175.746,101,8,0.731445,0,0.0173073
243,9955.32,216.316,107.538,9,0.833984,1,0.0173378
244,5653.06,212.691,107.538,7,0.829102,1,0.0181406
245,7010.77,211.916,107.538,8,0.839844,1,0.0185741
246,9583.16,211.896,107.538,9,0.829102,1,0.0172895
247,4252.63,204.211,106.306,6,0.820312,1,0.0167648
248,4124.23,210.45,107.538,6,0.849609,1,0.0175314
249,9934.61,237.009,106.306,9,0.861328,1,0.0169447
250,9850.21,231.336,108.13,9,0.87207,1,0.0175915
251,7610.9,264.853,108.709,8,0.966797,1,0.0169435
252,7854.53,251.46,109.275,8,0.919922,1,0.0172459
253,5797.97,254.547,110.371,7,0.991211,1,0.0166402
254,9955.32,313.433,109.275,9,1.03027,1,0.0171084
255,12480.2,278.653,108.709,10,0.97168,1,0.0182137
256,5855.1,294.467,110.371,7,1.02539,1,0.0170905
257,6729.32,325.165,110.371,8,1.07227,1,0.018482
258,12783.6,333.871,110.903,10,1.09961,1,0.0184297
259,9763.41,342.977,111.937,9,1.1377,1,0.0186865
260,10217.8,364.805,110.903,9,1.13477,1,0.0196116
261,15470.2,401.161,111.937,11,1.18848,1,0.0184088
262,26722.7,446.201,112.934,13,1.24609,1,0.0194549
263,13017.5,376.289,113.897,10,1.21484,1,0.0190245
264,5667.5,363.684,113.419,7,1.19727,1,0.0199559
265,16303.1,425.355,111.937,11,1.22363,1,0.0187823
266,28081.5,480.452,112.44,13,1.24902,1,0.0197814
267,95972.9,567.389,112.44,16,1.27441,1,0.0188863
268,14539.8,523.862,114.828,11,1.43066,1,0.0192858
269,14946.6,490.057,113.897,11,1.34277,1,0.020195
270,56634.9,630.155,112.934,15,1.42188,1,0.0196264
271,15884.9,676.543,114.828,11,1.54102,1,0.0200919
272,20866.4,681.865,116.603,12,1.57617,1,0.0203766
273,28062.3,792.015,115.729,13,1.6543,1,0.0206592
274,163922,997.212,117.865,17,1.69434,1,0.0211394
275,57928.3,831.032,117.03,15,1.66406,1,0.0217521
276,164269,998.511,117.03,17,1.67676,1,0.0216053
277,165831,1068.05,124.711,17,1.85547,1,0.0226825
278,95567.9,1187.83,118.675,16,1.86035,1,0.0229283
279,95319.7,1495.93,137.427,16,2.15723,1,0.0245776
280,299581,1946.98,137.914,18,2.22949,1,0.0247805
281,562991,3312.89,139.059,19,2.37402,1,0.0266939
282,8.4449e+06,11392.3,349.415,23,2.4082,2,0.0265981
283,1.34304e+08,162984,425.352,27,3.2959,2,0.0335263
284,1.68412e+07,56596.7,434.093,24,3.60156,2,0.0367269
285,6.71818e+07,171915,933.708,26,4.30078,3,0.0398275
286,1.343e+08,269712,959.636,27,4.91016,3,0.043414
287,6.71869e+07,126019,1005.85,26,5.27246,3,0.0446114
288,2.68527e+08,479819,1556.99,28,5.78223,4,0.0457794
289,2.68527e+08,603881,1416.82,28,5.58887,4,0.0453956
290,3.36273e+07,199150,1677.82,25,5.79688,4,0.0463275
291,3.36246e+07,216172,1723.91,25,6.08887,4,0.0484965
292,2.68515e+08,470984,2133.48,28,6.39746,5,0.0489257
293,1.34304e+08,429865,2276.62,27,6.62793,5,0.0480632
294,1.34298e+08,528558,2881.17,27,7.17969,5,0.0508691
295,5.3696e+08,976409,3461.92,29,7.20312,6,0.0490974
296,2.68527e+08,1.09035e+06,3974.91,28,7.86914,6,0.0514368
297,5.36968e+08,1.2e+06,4129.59,29,7.97168,6,0.0528236
298,1.34303e+08,789711,5601.59,27,8.46582,7,0.0546552
299,1.34298e+08,834549,5653.06,27,8.67383,7,0.0562095
300,1.34296e+08,1.1661e+06,4851.52,27,8.4209,7,0.0555252
301,5.36972e+08,1.46176e+06,5836.42,29,8.97363,7,0.0558983
302,1.34299e+08,883797,4063.27,27,8.04492,6,0.0534272
303,1.34297e+08,946393,5196.23,27,8.51562,7,0.0561238
304,2.68529e+08,1.65918e+06,6583.03,28,8.94434,8,0.0570826
305,3.36219e+07,485389,4620.2,25,8.27539,7,0.055506
306,5.3697e+08,2.10496e+06,5771.56,29,9.13379,7,0.0588805
307,2.68528e+08,1.13192e+06,5771.56,28,8.97754,7,0.0594836
308,5.36964e+08,2.61914e+06,7334.42,29,9.34473,8,0.0601453
309,5.36969e+08,2.32121e+06,7363.33,29,9.46875,8,0.060697
310,1.07385e+09,2.84832e+06,5406.59,30,9.03223,7,0.0605822
311,5.36969e+08,3.0421e+06,5462.84,29,8.89355,7,0.0615324
312,1.07385e+09,3.58095e+06,5478.69,30,8.90332,7,0.0601585
313,1.718e+10,1.88752e+07,6050.99,34,9.22363,8,0.0622309
314,2.1476e+09,7.08193e+06,15050.2,31,11.0312,11,0.069189
315,2.1476e+09,1.04063e+07,12771.5,31,11.1143,10,0.0706109
316,3.43599e+10,5.17742e+07,16157.4,35,11.4512,11,0.0713038
317,4.29508e+09,1.52226e+07,26234.6,32,12.1299,13,0.0730339
318,4.29509e+09,1.75653e+07,20969,32,12.0205,12,0.0733388
319,3.43599e+10,5.2959e+07,27131,35,12.7334,13,0.0765509
320,8.59005e+09,2.09607e+07,38290,33,12.9219,14,0.0755382
321,2.1476e+09,1.58696e+07,38313.9,31,13.0957,14,0.0778462
322,4.29508e+09,1.94048e+07,26458.5,32,12.4736,13,0.0743526
323,4.29508e+09,1.66604e+07,27627.6,32,12.7305,13,0.0758662
324,6.87196e+10,1.48287e+08,27688.1,36,12.7881,13,0.0774971
325,1.718e+10,3.92616e+07,28062.3,34,12.8379,13,0.080003
326,8.59006e+09,4.25027e+07,20477.9,33,12.2188,12,0.0756
327,6.87196e+10,1.14558e+08,20514,36,12.249,12,0.0763226
328,8.59006e+09,5.69552e+07,20405.2,33,12.3428,12,0.0765054
329,1.718e+10,7.5584e+07,12057.2,34,11.7549,10,0.0757943
330,8.59006e+09,5.86834e+07,20532,33,12.3496,12,0.077202
331,3.43599e+10,8.47666e+07,19803.4,35,12.1865,12,0.076456
332,3.43599e+10,1.11195e+08,15961.9,35,11.8799,11,0.0780081
333,3.43599e+10,8.22882e+07,12583.9,35,11.8174,10,0.0764233
334,3.43599e+10,1.35164e+08,12057.2,35,11.5596,10,0.0733576
335,1.718e+10,5.94842e+07,10252.2,34,10.9219,10,0.0721992
336,2.74878e+11,3.90879e+08,9882.15,38,11.2021,9,0.0744021
337,3.43599e+10,1.25822e+08,11172.2,35,11.333,10,0.0736387
338,1.718e+10,6.81598e+07,11573.9,34,11.5996,10,0.0744765
339,6.87196e+10,2.07919e+08,12759.3,36,11.9326,10,0.0759719
340,5.49756e+11,1.03367e+09,15453.8,39,12.3887,11,0.078125
341,3.43599e+10,2.26759e+08,27257.2,35,13.3799,13,0.0832919
342,6.87196e+10,4.0346e+08,28196.1,36,13.4922,13,0.0823947
343,3.43599e+10,1.68194e+08,27748.2,35,13.5693,13,0.0846455
344,6.87196e+10,2.37914e+08,19430,36,12.6113,12,0.0794846
345,1.37439e+11,3.36531e+08,16053,37,12.7207,11,0.0769369
346,6.87196e+10,3.66803e+08,57000.5,36,14.3564,15,0.0860084
347,1.718e+10,2.07676e+08,20313.5,34,13.1699,12,0.0795026
348,6.87196e+10,2.19474e+08,26436.2,36,13.0479,13,0.0807197
349,1.37439e+11,3.53908e+08,20797.2,37,13.0293,12,0.0830799
350,1.37439e+11,5.53183e+08,27728.2,37,13.6904,13,0.0836787
351,6.87196e+10,3.20414e+08,15502.9,36,12.4883,11,0.0790225
352,1.37439e+11,5.25225e+08,15568,37,13.0371,11,0.0872146
353,2.74878e+11,8.01324e+08,21202,38,13.0654,12,0.0821286
354,2.74878e+11,4.87558e+08,26569.2,38,13.3945,13,0.0819321
355,6.87196e+10,4.13294e+08,20165,36,12.8584,12,0.082115
356,1.37439e+11,8.17513e+08,15453.8,37,12.8701,11,0.0821788
357,1.09951e+12,1.54494e+09,15271.1,40,12.7051,11,0.0828749
358,1.09951e+12,2.04634e+09,19410.1,40,12.9268,12,0.0821137
359,6.87196e+10,5.26601e+08,27024.8,36,13.6025,13,0.0843499
360,1.09951e+12,1.32649e+09,26766.3,40,13.3467,13,0.0835496
361,1.37439e+11,5.66289e+08,12155.5,37,11.9609,10,0.077392
362,1.37439e+11,3.70919e+08,7816.63,37,11.2549,8,0.0743405
363,1.718e+10,2.30798e+08,11928.5,34,11.9766,10,0.0773894
364,5.49756e+11,9.65534e+08,10105.3,39,11.6152,9,0.0769658
365,1.37439e+11,5.01617e+08,14806.8,37,11.9883,11,0.0757404
366,2.74878e+11,4.45353e+08,9085.59,38,11.4648,9,0.0746759
367,1.718e+10,1.79561e+08,10472,34,11.8252,10,0.0783128
368,6.87196e+10,1.92394e+08,8447.99,36,11.4131,9,0.0777955
369,1.37439e+11,5.03916e+08,9663.07,37,11.6523,9,0.0779098
370,1.37439e+11,3.5011e+08,7696.21,37,11.0498,8,0.0730698
371,6.87196e+10,3.28396e+08,7593.39,36,11.2871,8,0.0738968
372,6.87196e+10,2.50652e+08,7226.23,36,11.0508,8,0.0764385
373,6.87196e+10,5.43724e+08,12224.8,36,12.2295,10,0.0799268
374,1.37439e+11,4.83309e+08,14358.5,37,12.4561,11,0.0800488
375,2.74878e+11,8.42331e+08,12211,38,12.6064,10,0.082804
376,2.74878e+11,1.05162e+09,26809.7,38,13.6045,13,0.0846218
377,1.37439e+11,6.23966e+08,25614.6,37,13.5645,13,0.0836415
378,1.37439e+11,5.34476e+08,20514,37,13.2041,12,0.0821596
379,5.49756e+11,9.3094e+08,26302.1,39,13.6113,13,0.084278
380,3.43599e+10,4.37925e+08,13665.4,35,12.5,11,0.0805353
381,1.09951e+12,1.84409e+09,12333.8,40,12.5869,10,0.0830023
382,2.19902e+12,3.82014e+09,26700.9,41,13.9209,13,0.0832507
383,5.49756e+11,1.82195e+09,93696.6,39,15.1748,16,0.0867656
384,1.09951e+12,2.10529e+09,39522.2,40,14.5215,14,0.0837986
385,2.74878e+11,1.16039e+09,94869.4,38,15.7695,16,0.0895021
386,5.49756e+11,2.12553e+09,93816.7,39,15.3525,16,0.0882476
387,5.49756e+11,2.74002e+09,95812.2,39,15.9199,16,0.0889601
388,5.49756e+11,1.78751e+09,93117.6,39,15.4932,16,0.0887515
389,1.37439e+11,1.92792e+09,96520.8,37,15.8994,16,0.0885858
390,2.74878e+11,2.03305e+09,93301.9,38,15.6895,16,0.0911214
391,5.49756e+11,2.20985e+09,93995.8,39,15.4473,16,0.0885716
392,5.49756e+11,2.5639e+09,163181,39,16.2305,17,0.0940876
393,1.09951e+12,4.54252e+09,162519,40,16.2432,17,0.0930233
394,5.49756e+11,3.14577e+09,164579,39,16.873,17,0.0990108
395,5.49756e+11,3.55849e+09,165066,39,16.8359,17,0.098178
396,1.09951e+12,6.1529e+09,560886,40,17.5049,19,0.102751
397,1.09951e+12,4.7392e+09,293633,40,16.999,18,0.102055
398,2.74878e+11,3.26422e+09,561096,38,17.7695,19,0.107801
399,4.39805e+12,8.78759e+09,562708,42,17.8145,19,0.106837
400,1.09951e+12,6.45233e+09,299683,40,17.7471,18,0.105798
401,2.74878e+11,4.07341e+09,299750,38,17.5518,18,0.108162
402,4.39805e+12,2.42579e+10,299377,42,17.8623,18,0.108744
403,1.09951e+12,8.54143e+09,299171,40,17.3545,18,0.108012
404,4.39805e+12,1.09258e+10,561681,42,17.7344,19,0.107926
405,8.79609e+12,2.80625e+10,295632,43,17.3242,18,0.110735
406,2.19902e+12,1.0543e+10,291007,41,17.0762,18,0.108397
407,4.39805e+12,1.13114e+10,1.08461e+06,42,18.2393,20,0.11288
408,1.09951e+12,1.13864e+10,163603,40,16.4131,17,0.10459
409,4.39805e+12,1.42504e+10,291592,42,16.9844,18,0.105312
410,4.39805e+12,1.44827e+10,162519,42,16.8877,17,0.111495
411,8.79609e+12,2.26067e+10,164641,43,17.3115,17,0.111694
412,2.19902e+12,1.15428e+10,299683,41,17.6191,18,0.11374
413,1.75922e+13,3.42496e+10,558777,44,17.8623,19,0.112317
414,4.39805e+12,2.41276e+10,163344,42,16.9658,17,0.109408
415,4.39805e+12,1.34614e+10,94869.4,42,16.6709,16,0.107246
416,4.39805e+12,9.9346e+09,58297.5,42,15.9297,15,0.103821
417,4.39805e+12,1.21139e+10,161150,42,16.542,17,0.106983
418,1.40737e+14,1.64213e+11,299205,47,17.3574,18,0.115472
419,1.75922e+13,3.43439e+10,10588.8,44,13.5029,10,0.097615
420,8.79609e+12,2.6975e+10,24900.7,43,14.7773,13,0.10495
421,7.03687e+13,1.15824e+11,158249,46,16.9209,17,0.115503
422,7.03687e+13,1.21209e+11,162485,46,16.8096,17,0.116512
423,5.6295e+14,6.61596e+11,564377,49,18.2822,19,0.125072
424,1.40737e+14,2.15778e+11,566810,47,18.3066,19,0.124568
425,1.40737e+14,2.68547e+11,163279,47,17.707,17,0.123396
426,8.79609e+12,7.42471e+10,295975,43,17.9824,18,0.12439
427,3.51844e+13,1.03512e+11,164579,45,17.9932,17,0.127557
428,2.81475e+14,4.12274e+11,1.09371e+06,48,18.9346,20,0.132263
429,1.40737e+14,4.61401e+11,4.24153e+06,47,19.8105,22,0.141294
430,3.51844e+13,1.59252e+11,2.14765e+06,45,19.2109,21,0.13895
431,1.40737e+14,2.21387e+11,2.13669e+06,47,18.5498,21,0.132911
432,2.81475e+14,6.36487e+11,8.43764e+06,48,19.9121,23,0.14247
433,1.40737e+14,6.60588e+11,1.68349e+07,47,21.2295,24,0.153346
434,2.81475e+14,1.02331e+12,1.6836e+07,48,21.0479,24,0.152159
435,1.40737e+14,5.78744e+11,3.36063e+07,47,21.832,25,0.159147
436,1.1259e+15,2.44133e+12,6.7175e+07,50,22.2549,26,0.163508
437,5.6295e+14,1.41678e+12,8.44292e+06,49,20.2256,23,0.15178
438,2.81475e+14,1.12234e+12,3.36208e+07,48,22.1582,25,0.160334
439,1.40737e+14,8.18586e+11,1.68364e+07,47,21.1191,24,0.1535
440,1.40737e+14,5.91063e+11,1.68359e+07,47,21.2861,24,0.151873
441,7.03687e+13,4.82916e+11,6.71699e+07,46,21.9717,26,0.160209
442,1.40737e+14,9.10742e+11,3.36236e+07,47,22.0361,25,0.158382
443,7.03687e+13,7.83645e+11,1.68406e+07,46,21.498,24,0.154964
444,2.81475e+14,1.77581e+12,6.71805e+07,48,22.1201,26,0.158661
445,5.6295e+14,1.41007e+12,3.36058e+07,49,21.415,25,0.154693
446,2.2518e+15,4.41919e+12,1.68321e+07,51,20.9111,24,0.151086
447,1.1259e+15,3.11194e+12,3.36256e+07,50,22.2168,25,0.161642
448,2.81475e+14,2.67762e+12,1.3429e+08,48,22.582,27,0.164573
449,1.1259e+15,4.57187e+12,6.71764e+07,50,22.6631,26,0.163303
450,2.2518e+15,4.63122e+12,1.34297e+08,51,23.165,27,0.167255
451,4.5036e+15,7.21895e+12,1.68294e+07,52,21.5762,24,0.1572
452,1.1259e+15,2.7613e+12,8.44533e+06,50,21.2637,23,0.157151
453,5.6295e+14,2.6737e+12,1.3429e+08,49,22.9561,27,0.166792
454,1.1259e+15,3.45658e+12,2.68512e+08,50,22.9932,28,0.169644
455,5.6295e+14,3.19555e+12,6.71834e+07,49,22.668,26,0.165862
456,2.2518e+15,4.22693e+12,3.36193e+07,51,21.918,25,0.163845
457,2.2518e+15,6.90302e+12,1.34293e+08,51,22.7207,27,0.167557
458,7.20576e+16,7.85512e+13,1.68458e+07,56,21.6309,24,0.160089
459,3.60288e+16,3.80146e+13,1.34298e+08,55,22.832,27,0.172909
460,2.81475e+14,2.84367e+12,3.36222e+07,48,21.8418,25,0.163722
461,5.6295e+14,3.74648e+12,1.68345e+07,49,21.042,24,0.154834
462,2.81475e+14,1.60176e+12,1.08877e+06,48,19.8701,20,0.147779
463,2.2518e+15,7.47143e+12,2.14433e+06,51,20.1602,21,0.149872
464,9.0072e+15,1.27281e+13,3.36162e+07,53,21.2393,25,0.158084
465,5.6295e+14,3.71747e+12,2.68512e+08,49,23.3594,28,0.169461
466,9.0072e+15,1.35034e+13,1.34297e+08,53,22.8447,27,0.167303
467,3.60288e+16,4.24059e+13,5.36954e+08,55,23.8193,29,0.170196
468,5.6295e+14,4.83524e+12,2.14759e+09,49,25.9043,31,0.182139
469,5.6295e+14,2.55936e+12,1.34297e+08,49,22.9268,27,0.166273
470,2.2518e+15,6.21002e+12,2.68515e+08,51,23.918,28,0.176503
471,4.5036e+15,1.05108e+13,6.71717e+07,52,22.0732,26,0.161626
472,1.1259e+15,5.8262e+12,1.34293e+08,50,22.8457,27,0.164604
473,1.1259e+15,4.75098e+12,1.34294e+08,50,22.7861,27,0.170376
474,5.6295e+14,2.65692e+12,1.34282e+08,49,22.2969,27,0.160205
475,4.5036e+15,7.23367e+12,3.36182e+07,52,21.7627,25,0.162096
476,2.2518e+15,7.60819e+12,2.68519e+08,51,23.7969,28,0.172705
477,9.0072e+15,2.16007e+13,2.14758e+09,53,25.6172,31,0.189322
478,3.60288e+16,6.17682e+13,5.36957e+08,55,24.6445,29,0.18407
479,3.60288e+16,6.73386e+13,2.14758e+09,55,26.1836,31,0.197803
480,3.60288e+16,5.2892e+13,2.14758e+09,55,26.373,31,0.197962
481,7.20576e+16,8.21307e+13,8.59004e+09,56,27.7344,33,0.205351
482,2.2518e+15,1.33204e+13,2.14757e+09,51,26.1592,31,0.19512
483,4.5036e+15,2.26376e+13,1.07383e+09,52,25.4814,30,0.192176
484,2.2518e+15,8.75758e+12,2.68513e+08,51,24.0996,28,0.179462
485,4.5036e+15,1.16991e+13,2.68521e+08,52,24.751,28,0.183676
486,2.2518e+15,1.18633e+13,2.14756e+09,51,25.3867,31,0.189586
487,5.6295e+14,6.32286e+12,2.68514e+08,49,24.6035,28,0.182153
488,3.60288e+16,4.37897e+13,2.68513e+08,55,24.3037,28,0.183515
489,9.0072e+15,3.61386e+13,4.29507e+09,53,27.1025,32,0.20375
490,3.60288e+16,6.90636e+13,4.29506e+09,55,26.8955,32,0.201642
491,3.60288e+16,6.62075e+13,8.59003e+09,55,27.2764,33,0.205042
492,4.5036e+15,1.74571e+13,4.29508e+09,52,27.292,32,0.203439
493,1.80144e+16,7.57332e+13,4.29508e+09,54,27.0068,32,0.201805
494,7.20576e+16,1.22182e+14,4.29506e+09,56,26.8594,32,0.208597
495,3.60288e+16,6.42681e+13,4.29507e+09,55,28.2217,32,0.217352
496,4.61169e+18,4.56648e+15,4.29507e+09,62,27.6016,32,0.206617
497,3.60288e+16,9.82093e+13,3.43599e+10,55,29.8574,35,0.22832
498,3.60288e+16,1.35243e+14,4.29507e+09,55,27.5332,32,0.203945
499,3.60288e+16,8.54819e+13,2.14758e+09,55,27.2178,31,0.205315
500,3.60288e+16,1.08377e+14,4.29507e+09,55,26.7471,32,0.204594
501,1.80144e+16,6.89722e+13,4.29506e+09,54,26.5557,32,0.198941
502,2.8823e+17,4.0023e+14,1.07383e+09,58,25.8574,30,0.200174
503,9.0072e+15,4.36956e+13,2.14758e+09,53,26.6152,31,0.200373
504,5.76461e+17,6.12445e+14,2.14756e+09,59,26.0303,31,0.194169
505,3.60288e+16,9.94164e+13,1.34296e+08,55,23.7734,27,0.181262
506,1.44115e+17,2.14177e+14,6.71814e+07,57,23.5381,26,0.179247
507,9.0072e+15,4.51482e+13,4.24602e+06,53,22.418,22,0.168581
508,2.8823e+17,4.96625e+14,8.44225e+06,58,22.5059,23,0.16839
509,3.60288e+16,9.11768e+13,6.71812e+07,55,24.0361,26,0.185958
510,4.5036e+15,3.07308e+13,6.71793e+07,52,23.8076,26,0.182745
511,1.15292e+18,1.17651e+15,6.71806e+07,60,23.7871,26,0.182066
512,1.80144e+16,6.84598e+13,1.07382e+09,54,26.9854,30,0.203477
513,7.20576e+16,1.97796e+14,1.07383e+09,56,26.4346,30,0.201382
514,1.44115e+17,1.98856e+14,4.29505e+09,57,28.0303,32,0.21595
515,2.30584e+18,4.99238e+15,4.29506e+09,61,27.2559,32,0.213789
516,2.30584e+18,2.84021e+15,2.68515e+08,61,25.208,28,0.195869
517,5.76461e+17,1.56862e+15,5.3696e+08,59,26.7549,29,0.208877
518,1.44115e+17,6.00856e+14,5.36952e+08,57,26.1484,29,0.202111
519,1.44115e+17,4.06823e+14,5.36946e+08,57,25.9971,29,0.208247
520,2.8823e+17,6.16509e+14,5.36945e+08,58,25.8594,29,0.199315
521,2.30584e+18,2.79343e+15,1.3429e+08,61,24.709,27,0.19163
522,4.61169e+18,5.29822e+15,2.68513e+08,62,25.7646,28,0.198768
523,5.76461e+17,1.5095e+15,5.36959e+08,59,27.0518,29,0.211556
524,9.22337e+18,1.08166e+16,2.685e+08,63,25.749,28,0.202678
525,7.3787e+19,7.29248e+16,5.36953e+08,66,27.083,29,0.218473
526,2.8823e+17,1.15143e+15,1.68319e+07,58,23.6533,24,0.186993
527,1.15292e+18,1.52675e+15,6.71773e+07,60,24.415,26,0.194572
528,1.84467e+19,2.63184e+16,2.68512e+08,64,26.0215,28,0.21213
529,2.30584e+18,3.82749e+15,5.36945e+08,61,25.3828,29,0.204802
530,4.61169e+18,6.97253e+15,1.07383e+09,62,26.7764,30,0.218459
531,1.15292e+18,2.84246e+15,1.07382e+09,60,26.6572,30,0.21306
532,9.22337e+18,1.02753e+16,5.36945e+08,63,25.6211,29,0.205296
533,5.76461e+17,2.67208e+15,1.34295e+08,59,25.1514,27,0.203769
534,3.68935e+19,4.45554e+16,6.71692e+07,65,24.4111,26,0.208782
535,9.22337e+18,1.54322e+16,8.43922e+06,63,22.457,23,0.188022
536,9.22337e+18,1.47382e+16,3.36252e+07,63,24.1152,25,0.203905
537,9.22337e+18,2.24659e+16,4.24371e+06,63,22.7266,22,0.190918
538,9.22337e+18,1.80669e+16,6.71714e+07,63,24.042,26,0.194193
539,4.61169e+18,5.92972e+15,1.34285e+08,62,24.8594,27,0.207954
540,1.15292e+18,3.27252e+15,3.36218e+07,60,23.3896,25,0.197694
541,4.61169e+18,6.66334e+15,3.36092e+07,62,23.4434,25,0.1983
542,5.76461e+17,2.22586e+15,1.34286e+08,59,24.8008,27,0.197804
543,9.22337e+18,9.84836e+15,3.36088e+07,63,23.0479,25,0.187049
544,7.3787e+19,7.82743e+16,6.71794e+07,66,24.3652,26,0.204011
545,1.15292e+18,4.26699e+15,2.68512e+08,60,25.71,28,0.21013
546,1.84467e+19,2.96947e+16,2.68514e+08,64,26.0879,28,0.208302
547,4.61169e+18,5.81898e+15,5.36946e+08,62,25.832,29,0.206593
548,2.8823e+17,1.56758e+15,2.68522e+08,58,25.3379,28,0.201758
549,3.68935e+19,3.78279e+16,1.34277e+08,65,24.4326,27,0.194744
550,9.44473e+21,9.29697e+18,1.07382e+09,73,26.9189,30,0.216517
551,7.3787e+19,8.44466e+16,5.36956e+08,66,26.5771,29,0.211181
552,9.22337e+18,1.5214e+16,5.36954e+08,63,27.0029,29,0.213924
553,1.84467e+19,1.90407e+16,5.36951e+08,64,26.1934,29,0.213029
554,4.61169e+18,8.31992e+15,2.68508e+08,62,25.3643,28,0.204645
555,4.61169e+18,1.39337e+16,5.36931e+08,62,25.9795,29,0.20532
556,9.22337e+18,1.08535e+16,1.34271e+08,63,25.1885,27,0.198197
557,1.88895e+22,1.84679e+19,6.71754e+07,74,24.5918,26,0.195311
558,1.84467e+19,4.89652e+16,2.14759e+09,64,28.6982,31,0.231061
559,1.47574e+20,1.64631e+17,5.36946e+08,67,26.4355,29,0.213184
560,2.30584e+18,8.22417e+15,4.29507e+09,61,28.7646,32,0.232093
561,5.90296e+20,5.86551e+17,5.36955e+08,69,27.0596,29,0.222223
562,7.3787e+19,1.13325e+17,4.29507e+09,66,28.0742,32,0.224453
563,4.61169e+18,1.19307e+16,5.36953e+08,62,26.8936,29,0.216775
564,2.30584e+18,1.15385e+16,1.07383e+09,61,27.1729,30,0.215829
565,1.18059e+21,1.17234e+18,1.34296e+08,70,25.4277,27,0.199818
566,1.15292e+18,5.57657e+15,8.59005e+09,60,30.0742,33,0.240447
567,5.76461e+17,2.60242e+15,1.07384e+09,59,27.0273,30,0.215029
568,3.68935e+19,5.51145e+16,2.68521e+08,65,25.8779,28,0.206714
569,1.15292e+18,5.50467e+15,2.68514e+08,60,25.9785,28,0.209403
570,1.84467e+19,4.07041e+16,5.36951e+08,64,25.8164,29,0.2094
571,5.90296e+20,6.01345e+17,4.29507e+09,69,28.7412,32,0.234771
572,1.18059e+21,1.26596e+18,3.43598e+10,70,31.1836,35,0.253198
573,5.90296e+20,7.65279e+17,4.29505e+09,69,27.21,32,0.226505
574,1.47574e+20,2.19383e+17,1.718e+10,67,28.7705,34,0.236895
575,1.18059e+21,1.20274e+18,1.718e+10,70,29.8887,34,0.248459
576,4.72237e+21,4.84858e+18,3.43598e+10,72,31.3252,35,0.269799
577,2.41785e+24,2.36156e+21,1.718e+10,81,30.625,34,0.262727
578,7.3787e+19,1.76368e+17,1.34282e+08,66,25.7881,27,0.221689
579,1.18059e+21,1.78861e+18,8.59002e+09,70,29.4082,33,0.255565
580,5.90296e+20,1.33484e+18,8.59003e+09,69,30.334,33,0.256674
581,2.36118e+21,2.33639e+18,8.59002e+09,71,28.9785,33,0.247016
582,2.36118e+21,2.55321e+18,8.59003e+09,71,28.9336,33,0.248991
583,1.88895e+22,1.88671e+19,2.14757e+09,74,28.0752,31,0.242157
584,1.20893e+24,1.1825e+21,6.87196e+10,80,32.6045,36,0.280292
585,4.72237e+21,6.27411e+18,6.87196e+10,72,33.0225,36,0.290445
586,1.18059e+21,2.28848e+18,3.43598e+10,70,30.8076,35,0.26936
587,9.44473e+21,1.08273e+19,6.87196e+10,73,32.4873,36,0.282524
588,5.90296e+20,1.2365e+18,3.43598e+10,69,31.5371,35,0.281092
589,2.36118e+21,2.77743e+18,3.43598e+10,71,31.5693,35,0.281182
590,1.88895e+22,1.95327e+19,1.37439e+11,74,32.7949,37,0.295701
591,4.72237e+21,6.1099e+18,3.43598e+10,72,30.7148,35,0.276867
592,1.18059e+21,2.18052e+18,3.43598e+10,70,31.0439,35,0.285042
593,3.02231e+23,3.08484e+20,1.07382e+09,78,27.7607,30,0.252254
594,4.72237e+21,7.44164e+18,8.59001e+09,72,28.6621,33,0.259559
595,2.36118e+21,3.42234e+18,1.07383e+09,71,27.4863,30,0.251285
596,3.02231e+23,2.96508e+20,5.36948e+08,78,26.4385,29,0.236647
597,7.55579e+22,7.76998e+19,8.59003e+09,76,29.376,33,0.268617
598,2.36118e+21,2.90197e+18,1.718e+10,71,30.2998,34,0.279027
599,1.51116e+23,1.68533e+20,4.29506e+09,77,29.7266,32,0.264748
600,9.44473e+21,2.18958e+19,4.29505e+09,73,29.2637,32,0.266692
601,2.95148e+20,7.81013e+17,2.14755e+09,68,27.5596,31,0.248614
602,2.36118e+21,5.99191e+18,4.29507e+09,71,28.9111,32,0.260745
603,2.36118e+21,2.55001e+18,1.718e+10,71,30.5508,34,0.270155
604,7.55579e+22,7.41948e+19,8.59005e+09,76,30.4678,33,0.261829
605,5.90296e+20,6.84203e+17,6.87196e+10,69,32.21,36,0.2885
606,9.44473e+21,1.2145e+19,3.43598e+10,73,30.7598,35,0.278921
607,1.88895e+22,2.06472e+19,1.37439e+11,74,32.79,37,0.298238
608,5.90296e+20,1.28074e+18,1.37439e+11,69,31.7266,37,0.281752
609,1.88895e+22,2.46297e+19,3.43598e+10,74,30.4775,35,0.278185
610,4.72237e+21,9.53455e+18,1.718e+10,72,29.8867,34,0.271884
611,9.67141e+24,9.4653e+21,6.87196e+10,83,31.043,36,0.285859
612,1.88895e+22,2.72885e+19,3.43598e+10,74,31.29,35,0.288171
613,1.88895e+22,2.41165e+19,3.43598e+10,74,31.2158,35,0.299333
614,1.54743e+26,1.51123e+23,8.59003e+09,87,29.374,33,0.279043
615,9.44473e+21,9.93329e+18,1.07381e+09,73,27.8682,30,0.266222
616,3.86856e+25,3.78816e+22,4.29505e+09,85,29.5215,32,0.28085
617,4.72237e+21,1.04241e+19,2.14758e+09,72,29.416,31,0.272956
618,2.36118e+21,3.09527e+18,1.07383e+09,71,28.2598,30,0.270332
619,3.02231e+23,3.06912e+20,5.36935e+08,78,27.373,29,0.265878
620,9.44473e+21,9.71181e+18,8.59002e+09,73,29.9658,33,0.282825
621,1.88895e+22,2.38683e+19,6.87196e+10,74,32.5898,36,0.315614
622,3.09485e+26,3.02532e+23,3.43598e+10,88,31.5752,35,0.296709
623,5.90296e+20,1.44203e+18,2.14756e+09,69,27.7227,31,0.270758
624,1.51116e+23,1.57718e+20,8.59003e+09,77,29.7236,33,0.28526
625,1.88895e+22,1.95271e+19,2.14756e+09,74,28.5889,31,0.258841
626,9.44473e+21,1.29375e+19,5.36956e+08,73,26.8867,29,0.251142
627,1.51116e+23,1.59569e+20,4.29506e+09,77,28.417,32,0.261712
628,2.41785e+24,2.66052e+21,2.6851e+08,81,26.3965,28,0.244933
629,3.02231e+23,3.03098e+20,2.68498e+08,78,26.0684,28,0.246786
630,2.95148e+20,4.52928e+17,2.68511e+08,68,26.127,28,0.25242
631,3.02231e+23,2.96007e+20,1.07382e+09,78,27.1572,30,0.250762
632,4.72237e+21,8.769e+18,1.68267e+07,72,23.4277,24,0.214866
633,3.77789e+22,4.50539e+19,2.68489e+08,75,25.7354,28,0.238153
634,5.90296e+20,1.23171e+18,2.13701e+06,69,23.1797,21,0.218025
635,5.90296e+20,1.17087e+18,286806,69,22.2363,18,0.214459
636,1.88895e+22,2.06978e+19,1.08132e+06,74,22.71,20,0.220377
637,2.36118e+21,2.97629e+18,1.34291e+08,71,26.416,27,0.244186
638,2.36118e+21,3.30501e+18,2.68505e+08,71,26.2051,28,0.235608
639,2.36118e+21,3.2665e+18,5.36953e+08,71,27.2139,29,0.251141
640,1.18059e+21,1.73555e+18,5.36938e+08,70,27.3096,29,0.244756
641,9.44473e+21,2.37762e+19,6.71586e+07,73,25.6416,26,0.236525
642,1.88895e+22,3.5444e+19,1.07383e+09,74,28.501,30,0.253466
643,6.04463e+23,8.96401e+20,5.36947e+08,79,26.8389,29,0.245715
644,4.72237e+21,4.92153e+18,6.71678e+07,72,25.3906,26,0.237826
645,1.20893e+24,1.22249e+21,1.718e+10,80,30.6631,34,0.282413
646,3.02231e+23,4.86109e+20,6.87196e+10,78,31.8262,36,0.3015
647,6.04463e+23,7.5694e+20,8.59001e+09,79,29.6797,33,0.280933
648,1.20893e+24,1.8587e+21,8.59001e+09,80,29.4678,33,0.2845
649,9.44473e+21,3.32575e+19,2.68495e+08,73,26.7861,28,0.256679
650,4.8357e+24,4.72508e+21,1.0738e+09,82,27.292,30,0.267649
651,3.09485e+26,3.02236e+23,8.59003e+09,88,30.168,33,0.283428
652,6.1897e+26,6.05826e+23,2.14757e+09,89,29.4902,31,0.274551
653,3.02231e+23,3.76444e+20,2.13101e+06,78,23.5,21,0.226105
654,5.90296e+20,1.20623e+18,6.71734e+07,69,26.3604,26,0.24597
655,3.77789e+22,4.65388e+19,3.36156e+07,75,25.5508,25,0.233718
656,7.73713e+25,7.56265e+22,5.36951e+08,86,28.5625,29,0.27079
657,1.93428e+25,1.90854e+22,1.37439e+11,84,34.3848,37,0.317918
658,1.20893e+24,1.59059e+21,1.0738e+09,80,28.6895,30,0.272018
659,7.92282e+28,7.73714e+25,3.43598e+10,96,32.8848,35,0.303422
660,7.92282e+28,7.75327e+25,5.49756e+11,96,36.2773,39,0.325727
661,3.86856e+25,4.26845e+22,6.87196e+10,85,34.5381,36,0.307578
662,1.20893e+24,2.41381e+21,2.74878e+11,80,35.7148,38,0.3201
663,3.86856e+25,3.85745e+22,1.37439e+11,85,34.1738,37,0.311828
664,7.55579e+22,1.78713e+20,2.74878e+11,76,35.0176,38,0.31179
665,3.86856e+25,3.81952e+22,6.87196e+10,85,32.5674,36,0.288189
666,7.73713e+25,7.69004e+22,2.74878e+11,86,34.2451,38,0.303602
667,1.51116e+23,2.83952e+20,1.718e+10,77,31.2705,34,0.279116
668,1.51116e+23,1.80368e+20,8.59003e+09,77,30.7041,33,0.272481
669,7.55579e+22,1.35769e+20,3.43598e+10,76,31.5264,35,0.286966
670,3.02231e+23,4.30893e+20,4.29506e+09,78,28.8799,32,0.259621
671,7.92282e+28,8.70427e+25,2.14757e+09,96,27.5615,31,0.252251
672,7.55579e+22,1.04977e+20,1.68291e+07,76,24.3564,24,0.231479
673,1.93428e+25,1.92465e+22,6.7169e+07,84,25.6318,26,0.233322
674,3.02231e+23,3.60967e+20,4.29506e+09,78,29.3486,32,0.269906
675,7.92282e+28,8.70903e+25,8.59002e+09,96,29.874,33,0.272122
676,9.44473e+21,2.25308e+19,6.71685e+07,73,25.0215,26,0.232375
677,7.92282e+28,7.73714e+25,1.34284e+08,96,25.7363,27,0.243623
678,7.92282e+28,7.73935e+25,1.34284e+08,96,26.9844,27,0.245936
679,9.67141e+24,9.4697e+21,8.59005e+09,83,31.1855,33,0.281135
680,2.47588e+27,2.41911e+24,1.718e+10,91,30.8691,34,0.277066
681,6.1897e+26,6.04783e+23,1.718e+10,89,30.4395,34,0.278089
682,1.88895e+22,5.39912e+19,8.59003e+09,74,30.2832,33,0.26997
683,1.20893e+24,1.42064e+21,1.07382e+09,80,28.0801,30,0.253171
684,1.20893e+24,2.69307e+21,1.34274e+08,80,27.0771,27,0.248685
685,1.93428e+25,2.36163e+22,2.68497e+08,84,26.9746,28,0.242831
686,4.8357e+24,7.10019e+21,2.68508e+08,82,28.0166,28,0.24766
687,7.92282e+28,7.73714e+25,5.3694e+08,96,28.8486,29,0.250562
688,3.86856e+25,3.85692e+22,5.36939e+08,85,27.752,29,0.24828
689,4.95176e+27,5.15683e+24,5.36957e+08,92,28.0156,29,0.257968
690,1.93428e+25,1.89378e+22,6.71752e+07,84,25.5527,26,0.23692
691,6.04463e+23,5.99625e+20,2.14758e+09,79,28.4492,31,0.254256
692,6.1897e+26,6.07427e+23,1.718e+10,89,30.6133,34,0.2717
693,9.67141e+24,1.08748e+22,6.87196e+10,83,31.9551,36,0.28489
694,9.67141e+24,1.00863e+22,3.43598e+10,83,30.5449,35,0.272577
695,9.67141e+24,9.60268e+21,8.59003e+09,83,29.3457,33,0.266795
696,4.8357e+24,4.73035e+21,3.43599e+10,82,31.5889,35,0.283277
697,1.88895e+22,4.59003e+19,1.34277e+08,74,25.6035,27,0.228579
698,7.73713e+25,8.53795e+22,3.43598e+10,86,30.9062,35,0.28527
699,2.41785e+24,2.57212e+21,5.36948e+08,81,28.7607,29,0.254517
700,1.93428e+25,1.92209e+22,1.37439e+11,84,32.1709,37,0.28912
701,3.09485e+26,3.024e+23,2.74878e+11,88,33.458,38,0.289563
702,4.95176e+27,4.87384e+24,3.43599e+10,92,32.0889,35,0.281591
703,3.02231e+23,3.23049e+20,2.14757e+09,78,29.2344,31,0.26232
704,4.8357e+24,6.41209e+21,1.37439e+11,82,33.083,37,0.300149
705,7.92282e+28,7.74566e+25,4.29506e+09,96,29.4971,32,0.26141
706,3.86856e+25,3.90804e+22,6.87196e+10,85,31.1533,36,0.284851
707,7.73713e+25,7.58856e+22,1.718e+10,86,29.918,34,0.272172
708,1.93428e+25,1.93581e+22,6.87196e+10,84,32.4463,36,0.295724
709,3.86856e+25,3.92171e+22,1.718e+10,85,30.6758,34,0.28407
710,7.92282e+28,9.67187e+25,3.43598e+10,96,31.6484,35,0.289781
711,7.92282e+28,8.10055e+25,6.87196e+10,96,33.2227,36,0.310952
712,7.92282e+28,1.16134e+26,3.43598e+10,96,32.1104,35,0.298569
713,1.23794e+27,1.27539e+24,3.43598e+10,90,32.9531,35,0.309333
714,7.92282e+28,7.76743e+25,8.59003e+09,96,31.6064,33,0.294546
715,3.02231e+23,4.17422e+20,4.29506e+09,78,29.7656,32,0.278293
716,1.54743e+26,1.5148e+23,8.59001e+09,87,30.208,33,0.278112
717,9.90352e+27,9.68133e+24,4.29505e+09,93,29.1465,32,0.273468
718,1.9807e+28,1.93713e+25,6.87196e+10,94,32.2422,36,0.303832
719,7.92282e+28,1.55989e+26,3.43598e+10,96,33.0322,35,0.309437
720,3.09485e+26,3.25966e+23,1.07382e+09,88,28.9502,30,0.26898
721,7.73713e+25,8.04735e+22,1.34288e+08,86,26.6797,27,0.250661
722,7.92282e+28,1.16077e+26,5.36948e+08,96,28.2744,29,0.262972
723,9.67141e+24,1.70459e+22,2.68501e+08,83,27.7822,28,0.260677
724,7.92282e+28,1.16145e+26,2.14756e+09,96,29.167,31,0.268462
725,7.92282e+28,7.73714e+25,5.36934e+08,96,27.2207,29,0.254419
726,7.92282e+28,1.54743e+26,1.34278e+08,96,27.5312,27,0.250294
727,1.9807e+28,1.93482e+25,6.71785e+07,94,25.9463,26,0.237486
728,6.1897e+26,6.42321e+23,2.14758e+09,89,30.0479,31,0.262355
729,7.73713e+25,7.58424e+22,2.68499e+08,86,26.8281,28,0.245529
730,7.92282e+28,1.54747e+26,1.68387e+07,96,24.6553,24,0.226956
731,1.54743e+26,1.51779e+23,1.34289e+08,87,26.3037,27,0.239671
732,7.92282e+28,7.7372e+25,1.34281e+08,96,26.5117,27,0.253085
733,3.09485e+26,3.02449e+23,5.36937e+08,88,26.6484,29,0.251794
734,1.9807e+28,1.93807e+25,2.68503e+08,94,26.7363,28,0.252892
735,7.92282e+28,7.75228e+25,1.08591e+06,96,23.8037,20,0.230012
736,3.02231e+23,7.91322e+20,549766,78,22.627,19,0.222595
737,7.92282e+28,1.54745e+26,4.23069e+06,96,24.498,22,0.236163
738,6.04463e+23,6.21924e+20,2.13638e+06,79,23.0381,21,0.219729
739,7.92282e+28,8.22554e+25,5.36926e+08,96,28.3047,29,0.264167
740,3.09485e+26,4.41775e+23,4.2436e+06,88,25.0469,22,0.243268
741,7.92282e+28,1.59583e+26,4.2354e+06,96,24.2959,22,0.236862
742,7.92282e+28,7.73917e+25,4.23574e+06,96,24.1348,22,0.237771
743,7.92282e+28,8.70826e+25,3.36131e+07,96,25.6855,25,0.248459
744,7.92282e+28,7.9298e+25,2.13841e+06,96,24.0947,21,0.239697
745,1.93428e+25,2.2488e+22,555447,84,23.0547,19,0.223647
746,7.92282e+28,1.5475e+26,89629.8,96,21.3662,16,0.211604
747,7.92282e+28,7.73728e+25,33180.4,96,20.8633,14,0.207016
748,9.90352e+27,9.74714e+24,48104.2,93,21.1699,15,0.208849
749,7.73713e+25,7.82106e+22,2.13457e+06,86,23.418,21,0.220153
750,6.04463e+23,8.43087e+20,555539,79,22.9229,19,0.224091
751,3.86856e+25,6.44038e+22,1.34269e+08,85,26.0176,27,0.248329
752,9.67141e+24,1.16201e+22,4.22236e+06,83,24.1904,22,0.233265
753,2.47588e+27,3.03178e+24,290586,91,23.2715,18,0.225941
754,9.90352e+27,1.03138e+25,2.68486e+08,93,27.0371,28,0.257613
755,1.23794e+27,1.36323e+24,1.07379e+09,90,27.9482,30,0.273337
756,1.93428e+25,2.02465e+22,1.34294e+08,84,26.749,27,0.258219
757,7.92282e+28,7.73761e+25,4.29505e+09,96,29.8389,32,0.29123
758,1.9807e+28,1.93497e+25,1.718e+10,94,32.0234,34,0.316115
759,7.92282e+28,7.86785e+25,4.29506e+09,96,29.4023,32,0.288927
760,6.1897e+26,9.65338e+23,4.29504e+09,89,29.7803,32,0.291438
761,1.9807e+28,2.55456e+25,2.6851e+08,94,28.1709,28,0.279415
762,2.47588e+27,3.06116e+24,2.14754e+09,91,30.0732,31,0.291542
763,7.92282e+28,1.54787e+26,1.07382e+09,96,28.498,30,0.283197
764,3.02231e+23,4.79498e+20,1.07381e+09,78,28.2246,30,0.272627
765,9.90352e+27,9.68636e+24,5.36947e+08,93,27.5195,29,0.268924
766,1.23794e+27,1.21055e+24,2.68489e+08,90,27.0684,28,0.266951
767,9.67141e+24,1.47007e+22,1.718e+10,83,32.1953,34,0.308894
768,1.51116e+23,1.77231e+20,1.34282e+08,77,26.2734,27,0.25836
769,4.95176e+27,7.29633e+24,6.71663e+07,92,26.8838,26,0.270559
770,7.92282e+28,9.91326e+25,1.68248e+07,96,24.5977,24,0.240191
771,7.92282e+28,8.74205e+25,8.44112e+06,96,25.3174,23,0.244836
772,1.54743e+26,2.34112e+23,1.07381e+09,87,29.0947,30,0.276516
773,7.92282e+28,1.54745e+26,8.59002e+09,96,30.7031,33,0.295414
774,9.90352e+27,9.6725e+24,5.36937e+08,93,27.6328,29,0.264296
775,7.92282e+28,1.54743e+26,2.14756e+09,96,29.1416,31,0.285016
776,3.09485e+26,3.03921e+23,6.71628e+07,88,26.6865,26,0.25555
777,7.92282e+28,1.16209e+26,8.59e+09,96,30.8301,33,0.292168
778,7.92282e+28,7.77504e+25,4.29504e+09,96,29.3105,32,0.280364
779,3.86856e+25,5.48392e+22,8.59001e+09,85,30.1025,33,0.29317
780,7.92282e+28,7.73756e+25,5.36934e+08,96,27.541,29,0.269781
781,9.90352e+27,9.67274e+24,553391,93,23.5391,19,0.233507
782,1.93428e+25,2.07756e+22,4.29503e+09,84,29.5908,32,0.276803
783,7.92282e+28,7.91898e+25,3.43598e+10,96,31.9736,35,0.302615
784,3.09485e+26,4.53467e+23,8.59004e+09,88,30.4922,33,0.306099
785,7.92282e+28,7.73811e+25,4.29505e+09,96,29.6113,32,0.274708
786,2.47588e+27,2.41793e+24,1.07382e+09,91,27.1357,30,0.261951
787,1.88895e+22,9.42407e+19,1.34268e+08,74,26.4814,27,0.260242
788,7.92282e+28,7.80324e+25,3.3597e+07,96,25.5625,25,0.253588
789,1.23794e+27,1.33279e+24,3.35973e+07,90,25.4531,25,0.252365
790,3.86856e+25,4.38815e+22,55974.2,85,21.5859,15,0.213143
791,7.73713e+25,1.08838e+23,556636,86,22.249,19,0.22761
792,1.23794e+27,1.81371e+24,23246.3,90,19.5908,13,0.196692
793,7.92282e+28,7.73716e+25,1.08831e+06,96,22.4072,20,0.228614
794,7.92282e+28,2.35137e+26,549223,96,23.0674,19,0.229213
795,7.92282e+28,7.73821e+25,1.06964e+06,96,22.6045,20,0.231318
796,1.93428e+25,2.85404e+22,3.35863e+07,84,24.7998,25,0.247753
797,4.8357e+24,4.75061e+21,35621.4,82,20.9561,14,0.219246
798,7.92282e+28,7.73738e+25,26700.9,96,21.1299,13,0.210234
799,2.47588e+27,3.02485e+24,555815,91,22.4775,19,0.227013
800,1.9807e+28,1.94e+25,52434.5,94,21.0947,15,0.213114
801,2.47588e+27,2.58858e+24,1.68113e+07,91,24.8916,24,0.249982
802,7.92282e+28,2.9239e+26,6.71457e+07,96,27.0117,26,0.275756
803,7.92282e+28,2.41816e+26,1.3426e+08,96,27.8721,27,0.279069
804,7.92282e+28,7.73883e+25,3.36094e+07,96,26.9707,25,0.270056
805,7.92282e+28,9.77744e+25,3.36091e+07,96,26.8984,25,0.267833
806,7.92282e+28,1.58678e+26,3.36157e+07,96,27.376,25,0.272661
807,7.92282e+28,3.10137e+26,8.43506e+06,96,25.874,23,0.26257
808,7.92282e+28,1.60045e+26,2.13462e+06,96,25.2568,21,0.251515
809,9.90352e+27,1.33e+25,2.12825e+06,93,23.8008,21,0.239968
810,7.92282e+28,1.55361e+26,55945.1,96,21.5596,15,0.217807
811,7.92282e+28,1.54765e+26,286314,96,22.3457,18,0.233764
812,7.92282e+28,7.73746e+25,29965.9,96,20.876,14,0.215128
813,3.09485e+26,4.17807e+23,16749.8,88,20.0029,12,0.206362
814,7.92282e+28,1.54971e+26,25426.7,96,20.8096,13,0.212159
815,7.92282e+28,2.33324e+26,151652,96,22.3633,17,0.236352
816,7.92282e+28,7.74091e+25,154720,96,21.665,17,0.221255
817,7.92282e+28,1.54745e+26,35512.1,96,21.3867,14,0.220196
818,7.92282e+28,7.76975e+25,2.13505e+06,96,25.0732,21,0.252135
819,2.41785e+24,3.7879e+21,1.68213e+07,81,24.6553,24,0.255576
820,9.90352e+27,9.70971e+24,291258,93,22.7559,18,0.224565
821,3.86856e+25,3.81325e+22,87310.4,85,21.9971,16,0.227928
822,7.92282e+28,8.70427e+25,35429.9,96,19.8438,14,0.202897
823,2.47588e+27,2.41968e+24,23503.9,91,20.0479,13,0.205878
824,9.90352e+27,9.89848e+24,290755,93,22.4346,18,0.222321
825,4.95176e+27,6.05419e+24,2.12313e+06,92,23.125,21,0.233079
826,7.92282e+28,8.22073e+25,158771,96,22.2764,17,0.223276
827,7.92282e+28,3.15233e+26,1.08198e+06,96,24.3213,20,0.249445
828,1.23794e+27,1.59137e+24,1.0739e+06,90,23.8838,20,0.251119
829,7.92282e+28,1.64681e+26,551766,96,23.8428,19,0.243253
830,7.92282e+28,1.74411e+26,2.13184e+06,96,24.0859,21,0.24053
831,1.93428e+25,2.99816e+22,556135,84,23.6104,19,0.239453
832,7.92282e+28,7.73998e+25,8.43043e+06,96,25.2246,23,0.248398
833,2.47588e+27,2.77093e+24,1.68132e+07,91,25.9727,24,0.25694
834,7.92282e+28,7.7384e+25,3.35998e+07,96,26.7842,25,0.266373
835,3.09485e+26,3.78095e+23,8.42588e+06,88,25.125,23,0.243098
836,3.09485e+26,3.04181e+23,91009,88,23.7461,16,0.237571
837,3.86856e+25,4.29638e+22,4.22686e+06,85,24.3154,22,0.246683
838,7.92282e+28,7.75981e+25,2.14119e+06,96,23.2139,21,0.231861
839,7.92282e+28,7.73719e+25,553343,96,22.5645,19,0.229979
840,3.96141e+28,3.99006e+25,554379,95,22.6367,19,0.225353
841,7.92282e+28,1.55953e+26,12536.3,96,19.7383,12,0.201073
842,7.92282e+28,1.54821e+26,5405.25,96,16.9541,8,0.176271
843,7.92282e+28,7.76807e+25,33032.8,96,19.6826,14,0.215406
844,7.92282e+28,7.73721e+25,5701.69,96,15.9307,8,0.169249
845,1.23794e+27,1.20946e+24,287956,90,22.5332,18,0.225015
846,7.92282e+28,1.5478e+26,1.07896e+06,96,22.7754,20,0.23002
847,2.41785e+24,2.78765e+21,2.1295e+06,81,23.0742,21,0.231783
848,1.18059e+21,5.5494e+18,85849.9,70,21.0498,16,0.211724
849,7.92282e+28,7.79759e+25,1.07953e+06,96,22.2051,20,0.219196
850,7.92282e+28,7.73716e+25,17184.9,96,19.4775,12,0.199848
851,3.86856e+25,4.26708e+22,55385.9,85,20.5645,15,0.208799
852,3.09485e+26,3.59419e+23,289692,88,21.8975,18,0.219302
853,7.92282e+28,7.73715e+25,295247,96,21.9443,18,0.221149
854,7.55579e+22,1.01295e+20,32496.9,76,19.6719,14,0.206155
855,1.51116e+23,2.79971e+20,87382.3,77,20.6504,16,0.212152
856,6.04463e+23,6.5948e+20,85923.9,79,19.6514,16,0.201804
857,1.23794e+27,1.58676e+24,36870.1,90,19.3447,14,0.191628
858,4.8357e+24,4.85727e+21,32165.7,82,18.9717,14,0.196153
859,7.92282e+28,7.73714e+25,5927.75,96,16.8984,8,0.176932
860,7.92282e+28,7.73725e+25,7936.71,96,17.3857,9,0.187877
861,7.92282e+28,8.22358e+25,32944,96,19.4219,14,0.197476
862,7.92282e+28,1.54744e+26,51453.4,96,19.4053,15,0.197377
863,1.23794e+27,1.5112e+24,50112.1,90,19.8525,15,0.199015
864,3.09485e+26,3.02356e+23,151819,88,21.3516,17,0.216186
865,1.54743e+26,1.7273e+23,34053.2,87,20.04,14,0.201637
866,2.47588e+27,2.57846e+24,154600,91,21.8467,17,0.215587
867,6.1897e+26,9.19264e+23,547171,89,22.541,19,0.226038
868,9.67141e+24,9.69406e+21,155040,83,21.1455,17,0.215187
869,7.92282e+28,7.91994e+25,557893,96,23.7773,19,0.23393
870,1.23794e+27,1.20911e+24,162652,90,20.8516,17,0.20517
871,6.1897e+26,7.56805e+23,82466.2,89,20.5928,16,0.206234
872,7.92282e+28,7.93406e+25,1.08288e+06,96,23.0205,20,0.23048
873,7.92282e+28,7.73725e+25,294269,96,22.2334,18,0.216544
874,7.92282e+28,9.71099e+25,4.23319e+06,96,24.8818,22,0.250276
875,7.92282e+28,8.22828e+25,1.07833e+06,96,24.1445,20,0.234107
876,7.92282e+28,2.34761e+26,8.43199e+06,96,26.1719,23,0.25912
877,7.92282e+28,1.64414e+26,1.08348e+06,96,23.7852,20,0.235556
878,7.92282e+28,1.01575e+26,1.08923e+06,96,23.7344,20,0.234164
879,3.86856e+25,3.93868e+22,4.22827e+06,85,24.2344,22,0.232874
880,1.9807e+28,1.96935e+25,2.68492e+08,94,27.667,28,0.2677
881,7.92282e+28,1.58379e+26,5.36937e+08,96,28.4434,29,0.271396
882,7.92282e+28,1.16058e+26,5.36939e+08,96,28.1807,29,0.269285
883,1.93428e+25,2.90617e+22,1.68349e+07,84,25.373,24,0.248097
884,7.92282e+28,1.94656e+26,1.08421e+06,96,24.0518,20,0.235003
885,7.92282e+28,7.73965e+25,8.43555e+06,96,26.0488,23,0.257838
886,6.1897e+26,9.10555e+23,554332,89,22.6094,19,0.21892
887,7.92282e+28,7.80036e+25,2.13877e+06,96,24.2773,21,0.235766
888,6.1897e+26,9.92006e+23,1.07823e+06,89,23.1104,20,0.227053
889,7.92282e+28,7.98578e+25,1.07948e+06,96,23.1709,20,0.224099
890,7.92282e+28,7.80567e+25,291175,96,22.3867,18,0.226949
891,7.92282e+28,7.92767e+25,1.6823e+07,96,26.0762,24,0.250098
892,7.92282e+28,8.04068e+25,1.68361e+07,96,26.1201,24,0.250206
893,7.92282e+28,7.98312e+25,6.71646e+07,96,27.7988,26,0.275276
894,9.90352e+27,1.40983e+25,2.13162e+06,93,23.4795,21,0.231589
895,9.90352e+27,1.22073e+25,284958,93,21.4932,18,0.208138
896,7.92282e+28,2.80623e+26,3.35977e+07,96,25.9609,25,0.252138
897,7.92282e+28,1.55417e+26,3.36117e+07,96,26.584,25,0.262382
898,7.92282e+28,2.32455e+26,6.71625e+07,96,26.8877,26,0.252965
899,7.92282e+28,7.80325e+25,1.68234e+07,96,26.1719,24,0.250193
900,7.92282e+28,2.75889e+26,5.36937e+08,96,28.458,29,0.270449
901,7.92282e+28,1.94341e+26,8.4353e+06,96,25.625,23,0.25125
902,7.92282e+28,2.708e+26,4.23591e+06,96,24.8408,22,0.236737
903,7.92282e+28,1.81397e+26,6.71619e+07,96,26.8955,26,0.262311
904,7.92282e+28,8.77998e+25,1.68288e+07,96,26.3379,24,0.253667
905,7.92282e+28,8.96143e+25,1.34291e+08,96,28.4131,27,0.267911
906,7.92282e+28,3.0949e+26,6.71758e+07,96,26.4688,26,0.248418
907,3.09485e+26,6.07604e+23,1.683e+07,88,25.8848,24,0.246556
908,7.92282e+28,7.76766e+25,1.68267e+07,96,26.0645,24,0.244823
909,1.54743e+26,1.51363e+23,5.36922e+08,87,28.6426,29,0.272728
910,2.47588e+27,2.45667e+24,6.7167e+07,91,26.9258,26,0.256743
911,1.54743e+26,1.51618e+23,2.13217e+06,87,23.9404,21,0.228585
912,3.09485e+26,3.04102e+23,4.23342e+06,88,24.2998,22,0.233736
913,1.51116e+23,3.3902e+20,3.35842e+07,77,25.9541,25,0.246626
914,7.92282e+28,1.54895e+26,4.2347e+06,96,24.2275,22,0.237683
915,1.20893e+24,1.66257e+21,8.43017e+06,80,24.4814,23,0.235268
916,7.92282e+28,1.56349e+26,3.3605e+07,96,26.3105,25,0.250139
917,7.92282e+28,1.65028e+26,3.36001e+07,96,25.8457,25,0.244721
918,1.54743e+26,2.73986e+23,1.34272e+08,87,27.3896,27,0.261563
919,4.95176e+27,9.67275e+24,4.23476e+06,92,25.0791,22,0.247389
920,7.73713e+25,1.37439e+23,5.36921e+08,86,29.1484,29,0.277666
921,7.92282e+28,2.3229e+26,6.71549e+07,96,26.7363,26,0.253286
922,7.92282e+28,1.54746e+26,2.14754e+09,96,30.96,31,0.298851
923,4.95176e+27,6.36088e+24,1.34267e+08,92,28.7852,27,0.281192
924,7.92282e+28,7.88475e+25,1.34274e+08,96,28.3418,27,0.271587
925,7.92282e+28,1.60091e+26,2.14756e+09,96,31.8105,31,0.309783
926,7.92282e+28,1.80158e+26,1.34275e+08,96,28.958,27,0.282828
927,7.92282e+28,1.54782e+26,6.71647e+07,96,28.8984,26,0.280359
928,7.92282e+28,8.22561e+25,5.3694e+08,96,29.5537,29,0.287523
929,7.92282e+28,3.14026e+26,8.59003e+09,96,33.6592,33,0.326579
930,7.92282e+28,1.58439e+26,4.29504e+09,96,31.7158,32,0.303625
931,7.92282e+28,8.50071e+25,4.29505e+09,96,32.1426,32,0.314767
932,9.90352e+27,1.52244e+25,6.87196e+10,93,35.3135,36,0.333626
933,7.92282e+28,2.33401e+26,1.37439e+11,96,36.3936,37,0.347821
934,2.47588e+27,2.43228e+24,6.87196e+10,91,34.835,36,0.327442
935,7.92282e+28,1.61737e+26,3.43599e+10,96,34.4355,35,0.327885
936,1.9807e+28,1.95529e+25,3.43599e+10,94,34.9824,35,0.332512
937,7.92282e+28,8.96325e+25,2.74878e+11,96,36.8447,38,0.348079
938,7.92282e+28,1.93492e+26,3.43598e+10,96,34.3145,35,0.320614
939,7.92282e+28,7.86283e+25,8.59001e+09,96,30.7715,33,0.293659
940,7.92282e+28,9.70599e+25,8.59003e+09,96,32.6162,33,0.308102
941,7.92282e+28,1.55428e+26,2.14755e+09,96,30.2744,31,0.288583
942,7.92282e+28,1.26145e+26,3.43598e+10,96,34.5342,35,0.325578
943,7.92282e+28,1.55206e+26,4.29503e+09,96,31.2061,32,0.298652
944,1.9807e+28,2.1108e+25,4.29505e+09,94,32.2109,32,0.307638
945,4.95176e+27,7.72532e+24,6.87196e+10,92,35.2148,36,0.333315
946,4.95176e+27,5.26342e+24,8.59002e+09,92,31.4883,33,0.299252
947,2.47588e+27,2.50588e+24,8.59001e+09,91,32.0957,33,0.305684
948,7.92282e+28,1.2212e+26,1.718e+10,96,34.5381,34,0.326682
949,7.92282e+28,1.74356e+26,8.59004e+09,96,33.0947,33,0.307339
950,1.23794e+27,1.29711e+24,1.718e+10,90,33.0986,34,0.313401
951,4.95176e+27,6.68238e+24,6.87196e+10,92,34.4785,36,0.323669
952,7.92282e+28,7.7458e+25,1.07383e+09,96,30.4775,30,0.291299
953,7.92282e+28,1.64887e+26,3.43598e+10,96,34.3779,35,0.329066
954,7.92282e+28,2.35248e+26,8.59003e+09,96,32.0459,33,0.314272
955,7.92282e+28,7.8099e+25,1.07383e+09,96,30.1113,30,0.296424
956,1.9807e+28,2.06185e+25,8.59002e+09,94,31.585,33,0.305909
957,7.92282e+28,1.66573e+26,2.14756e+09,96,30.5488,31,0.297255
958,7.92282e+28,9.70655e+25,2.14757e+09,96,29.6963,31,0.29385
959,7.92282e+28,3.25296e+26,6.71389e+07,96,27.3145,26,0.265048
960,7.92282e+28,7.81434e+25,1.0738e+09,96,28.7334,30,0.276505
961,7.92282e+28,1.67371e+26,4.29505e+09,96,31.3594,32,0.303627
962,7.92282e+28,7.92453e+25,8.59001e+09,96,31.3066,33,0.308322
963,7.92282e+28,2.33026e+26,2.14757e+09,96,29.6982,31,0.299935
964,7.92282e+28,8.76626e+25,4.29503e+09,96,29.7646,32,0.30739
965,7.92282e+28,7.73783e+25,2.14755e+09,96,29.1094,31,0.289059
966,7.92282e+28,2.32133e+26,2.14756e+09,96,29.7793,31,0.301296
967,9.90352e+27,9.6758e+24,4.29503e+09,93,30.0166,32,0.29716
968,7.92282e+28,1.66327e+26,6.87196e+10,96,34.877,36,0.339754
969,7.92282e+28,1.21059e+26,3.43598e+10,96,32.4932,35,0.316781
970,7.92282e+28,8.67753e+25,3.43598e+10,96,33.7266,35,0.323049
971,7.92282e+28,8.15161e+25,3.43598e+10,96,33.8633,35,0.328402
972,7.92282e+28,7.92385e+25,2.14754e+09,96,30.2754,31,0.292703
973,7.92282e+28,2.1319e+26,6.87196e+10,96,34.3652,36,0.336412
974,7.92282e+28,7.83097e+25,4.29504e+09,96,30.749,32,0.306548
975,7.92282e+28,8.29464e+25,1.37439e+11,96,35.2148,37,0.351549
976,7.92282e+28,9.69115e+25,3.43598e+10,96,33.4229,35,0.333466
977,7.92282e+28,2.54267e+26,6.87196e+10,96,34.1084,36,0.334445
978,7.92282e+28,2.36731e+26,1.71799e+10,96,31.6631,34,0.310232
979,7.92282e+28,2.37594e+26,8.59001e+09,96,31.7832,33,0.313368
980,7.92282e+28,1.61094e+26,1.34281e+08,96,27.3564,27,0.271577
981,7.92282e+28,2.374e+26,3.43598e+10,96,33.4707,35,0.333828
982,3.96141e+28,4.03682e+25,3.43598e+10,95,33.7285,35,0.329451
983,7.92282e+28,1.75302e+26,6.87196e+10,96,35.3174,36,0.352661
984,7.92282e+28,8.2519e+25,6.87196e+10,96,34.248,36,0.342502
985,7.92282e+28,3.5892e+26,1.718e+10,96,34.1074,34,0.342492
986,3.96141e+28,4.00851e+25,8.59003e+09,95,32.4482,33,0.32194
987,7.92282e+28,2.3212e+26,3.43598e+10,96,33.0947,35,0.331894
988,7.92282e+28,1.7478e+26,6.87196e+10,96,34.4482,36,0.341051
989,7.92282e+28,8.22174e+25,3.43598e+10,96,34.0498,35,0.337525
990,4.95176e+27,7.21686e+24,1.37439e+11,92,34.6895,37,0.342866
991,7.92282e+28,8.29308e+25,1.37439e+11,96,34.4902,37,0.342579
992,7.92282e+28,2.33035e+26,1.718e+10,96,34.0898,34,0.336081
993,7.92282e+28,1.09429e+26,2.74878e+11,96,34.8799,38,0.347603
994,1.23794e+27,1.97013e+24,2.14756e+09,90,30.5557,31,0.303539
995,4.95176e+27,4.99909e+24,1.71799e+10,92,31.5908,34,0.308243
996,7.92282e+28,1.06488e+26,6.87196e+10,96,33.7686,36,0.33316
997,7.92282e+28,1.03431e+26,3.43598e+10,96,32.5762,35,0.319852
998,7.92282e+28,1.64758e+26,1.718e+10,96,33.0391,34,0.327774
999,7.92282e+28,8.47922e+25,6.87196e+10,96,33.8193,36,0.333171
1000,1.9807e+28,6.32672e+25,1.718e+10,94,32.3711,34,0.31882
1001,7.92282e+28,1.58535e+26,1.718e+10,96,32.7666,34,0.320321
1002,7.92282e+28,2.35315e+26,1.718e+10,96,32.917,34,0.32603
1003,7.92282e+28,7.7384e+25,4.29505e+09,96,30.8555,32,0.308763
1004,7.92282e+28,2.37732e+26,8.59001e+09,96,30.9385,33,0.308874
1005,7.92282e+28,7.74432e+25,5.36931e+08,96,28.2812,29,0.281637
1006,7.92282e+28,2.54666e+26,3.43598e+10,96,34.3955,35,0.342136
1007,7.92282e+28,2.32992e+26,1.37439e+11,96,36.0664,37,0.348917
1008,7.92282e+28,8.16531e+25,1.37439e+11,96,35.9053,37,0.354468
1009,7.92282e+28,5.43296e+26,2.74878e+11,96,36.6084,38,0.354897
1010,7.92282e+28,2.42971e+26,1.37439e+11,96,35.2012,37,0.351504
1011,7.92282e+28,2.39075e+26,6.87196e+10,96,35.3994,36,0.344274
1012,7.92282e+28,9.06673e+25,3.43598e+10,96,34.3115,35,0.336263
1013,7.92282e+28,1.63331e+26,5.49756e+11,96,37.7246,39,0.365346
1014,7.92282e+28,9.04147e+25,8.59e+09,96,32.9297,33,0.325355
1015,7.92282e+28,5.51685e+26,2.74878e+11,96,37.5557,38,0.362974
1016,7.92282e+28,3.96154e+26,1.37439e+11,96,36.54,37,0.362614
1017,7.92282e+28,4.69784e+26,2.74878e+11,96,36.7012,38,0.358608
1018,7.92282e+28,2.46278e+26,2.74878e+11,96,36.8086,38,0.359362
1019,7.92282e+28,2.99297e+26,3.43598e+10,96,35.0996,35,0.342884
1020,7.92282e+28,3.14713e+26,2.14756e+09,96,32.0898,31,0.313578
1021,4.95176e+27,1.0307e+25,1.71799e+10,92,32.8994,34,0.320299
1022,7.92282e+28,1.74438e+26,1.71799e+10,96,32.6416,34,0.321419
1023,7.92282e+28,7.13581e+26,8.59001e+09,96,33.3291,33,0.329444
1024,7.92282e+28,3.38932e+26,4.29505e+09,96,32.2598,32,0.321053
1025,7.92282e+28,4.71432e+26,1.718e+10,96,34.0391,34,0.342552
1026,7.92282e+28,5.2591e+26,6.87196e+10,96,35.4072,36,0.347422
1027,7.92282e+28,2.51777e+26,3.43598e+10,96,34.1562,35,0.344527
1028,7.92282e+28,3.79613e+26,2.74878e+11,96,36.4004,38,0.36808
1029,7.92282e+28,7.25337e+26,8.59001e+09,96,34.1367,33,0.341827
1030,7.92282e+28,4.8575e+26,3.43598e+10,96,34.6201,35,0.341072
1031,7.92282e+28,5.74759e+26,3.43598e+10,96,35.3193,35,0.349225
1032,7.92282e+28,2.35257e+26,3.43598e+10,96,34.3301,35,0.344115
1033,7.92282e+28,3.11283e+26,1.71799e+10,96,33.6982,34,0.3397
1034,7.92282e+28,6.35623e+26,1.718e+10,96,34.7207,34,0.351921
1035,7.92282e+28,7.25289e+26,2.74878e+11,96,36.6611,38,0.36681
1036,7.92282e+28,4.9399e+26,1.37439e+11,96,35.9424,37,0.363688
1037,3.16913e+29,5.959e+26,6.87196e+10,98,36.4336,36,0.361001
1038,7.92282e+28,3.35082e+26,2.74878e+11,96,37.6035,38,0.374257
1039,7.92282e+28,8.0351e+26,6.87196e+10,96,35.3281,36,0.35096
1040,7.92282e+28,4.33737e+26,1.71799e+10,96,33.7949,34,0.335202
1041,7.92282e+28,4.41467e+26,3.43598e+10,96,34.6211,35,0.353355
1042,7.92282e+28,3.33942e+26,3.43598e+10,96,34.7822,35,0.346338
1043,7.92282e+28,3.27227e+26,3.43598e+10,96,34.8936,35,0.353052
1044,7.92282e+28,8.5821e+26,1.71799e+10,96,33.8643,34,0.336397
1045,7.92282e+28,6.58227e+26,3.43598e+10,96,34.9092,35,0.358895
1046,7.92282e+28,3.42227e+26,4.29504e+09,96,33.2998,32,0.336398
1047,7.92282e+28,6.42831e+26,1.37439e+11,96,36.2754,37,0.364737
1048,7.92282e+28,7.20757e+26,4.29503e+09,96,32.6377,32,0.332611
1049,7.92282e+28,2.76577e+26,1.718e+10,96,33.6631,34,0.340603
1050,7.92282e+28,4.75027e+26,6.87196e+10,96,35.2607,36,0.357226
1051,7.92282e+28,1.08575e+27,8.59e+09,96,34.0244,33,0.3522
1052,7.92282e+28,7.16738e+26,1.71799e+10,96,33.8477,34,0.341799
1053,7.92282e+28,7.79294e+26,8.59e+09,96,34.1777,33,0.340896
1054,7.92282e+28,2.48523e+26,1.718e+10,96,33.2637,34,0.331796
1055,7.92282e+28,4.09091e+26,2.74878e+11,96,36.3584,38,0.371598
1056,7.92282e+28,4.41364e+26,2.74878e+11,96,36.2295,38,0.363405
1057,7.92282e+28,7.83826e+26,1.71799e+10,96,33.7031,34,0.344453
1058,7.92282e+28,6.79074e+26,1.71799e+10,96,33.1377,34,0.33687
1059,7.92282e+28,7.78039e+26,3.43598e+10,96,35.3525,35,0.352632
1060,7.92282e+28,5.43454e+26,6.87196e+10,96,35.2188,36,0.359299
1061,7.92282e+28,7.15806e+26,3.43598e+10,96,34.9902,35,0.353131
1062,7.92282e+28,9.21316e+26,1.718e+10,96,34.2305,34,0.340591
1063,7.92282e+28,7.0973e+26,8.59002e+09,96,33.6318,33,0.336865
1064,7.92282e+28,6.67609e+26,3.43598e+10,96,33.9395,35,0.33718
1065,7.92282e+28,5.33004e+26,6.87195e+10,96,35.0576,36,0.34961
1066,7.92282e+28,4.86068e+26,1.71799e+10,96,33.6455,34,0.341232
1067,7.92282e+28,4.08445e+26,8.58998e+09,96,32.4736,33,0.330255
1068,7.92282e+28,7.75723e+26,3.43598e+10,96,34.1494,35,0.34581
1069,7.92282e+28,3.17973e+26,8.59003e+09,96,33.3369,33,0.337816
1070,7.92282e+28,7.05142e+26,5.49756e+11,96,36.957,39,0.372629
1071,7.92282e+28,6.40707e+26,3.43598e+10,96,34.209,35,0.344819
1072,7.92282e+28,8.53233e+26,1.718e+10,96,34.3281,34,0.343546
1073,7.92282e+28,7.93028e+26,8.59003e+09,96,33.5439,33,0.338117
1074,7.92282e+28,3.4404e+26,3.43598e+10,96,34.6191,35,0.354713
1075,7.92282e+28,5.57893e+26,1.37439e+11,96,34.9365,37,0.348355
1076,7.92282e+28,1.02109e+27,1.71799e+10,96,34.04,34,0.353746
1077,7.92282e+28,5.46148e+26,1.718e+10,96,33.3145,34,0.334952
1078,7.92282e+28,7.09382e+26,8.59001e+09,96,33.2461,33,0.332856
1079,7.92282e+28,3.39309e+26,1.71799e+10,96,34.0654,34,0.350329
1080,7.92282e+28,2.4236e+26,3.43598e+10,96,34.2051,35,0.345653
1081,7.92282e+28,7.09253e+26,2.74878e+11,96,37.6758,38,0.383427
1082,7.92282e+28,4.68546e+26,1.71799e+10,96,34.0547,34,0.345619
1083,7.92282e+28,4.22023e+26,3.43598e+10,96,34.8076,35,0.347231
1084,7.92282e+28,7.14057e+26,3.43598e+10,96,34.0576,35,0.351385
1085,7.92282e+28,9.47237e+26,1.718e+10,96,34.1875,34,0.345841
1086,7.92282e+28,1.07188e+27,1.37439e+11,96,36.666,37,0.363832
1087,7.92282e+28,1.2698e+27,6.87196e+10,96,35.8633,36,0.359592
1088,7.92282e+28,6.40379e+26,1.37439e+11,96,36.5303,37,0.371683
1089,7.92282e+28,6.47302e+26,2.74878e+11,96,36.041,38,0.360671
1090,7.92282e+28,6.40969e+26,1.09951e+12,96,37.6416,40,0.377106
1091,7.92282e+28,6.46088e+26,2.74878e+11,96,36.4717,38,0.364777
1092,7.92282e+28,8.14116e+26,6.87196e+10,96,35.5859,36,0.351839
1093,7.92282e+28,8.62613e+26,6.87196e+10,96,35.7422,36,0.359542
1094,7.92282e+28,6.40192e+26,1.37439e+11,96,35.8525,37,0.363728
1095,7.92282e+28,5.95383e+26,1.37439e+11,96,36.0332,37,0.36287
1096,7.92282e+28,8.55799e+26,2.74878e+11,96,35.6113,38,0.363519
1097,7.92282e+28,6.59503e+26,1.37439e+11,96,36.3125,37,0.367349
1098,7.92282e+28,8.61723e+26,6.87196e+10,96,36.4541,36,0.370386
1099,7.92282e+28,3.3031e+26,5.49756e+11,96,36.502,39,0.369808
1100,7.92282e+28,5.91434e+26,6.87196e+10,96,35.1709,36,0.353964
1101,7.92282e+28,7.77219e+26,2.74878e+11,96,36.0889,38,0.364907
1102,7.92282e+28,6.56278e+26,6.87195e+10,96,35.1094,36,0.356332
1103,7.92282e+28,7.32343e+26,2.74878e+11,96,36.1484,38,0.363704
1104,7.92282e+28,4.71285e+26,1.37439e+11,96,35.4736,37,0.357411
1105,7.92282e+28,7.41167e+26,2.74878e+11,96,36.4434,38,0.363923
1106,7.92282e+28,1.07568e+27,1.71799e+10,96,33.832,34,0.343201
1107,7.92282e+28,1.06099e+27,1.37439e+11,96,36.7998,37,0.367672
1108,7.92282e+28,9.56111e+26,3.43598e+10,96,34.3516,35,0.350627
1109,7.92282e+28,5.69677e+26,2.74878e+11,96,36.7197,38,0.366844
1110,7.92282e+28,1.03287e+27,3.43598e+10,96,35.5498,35,0.35945
1111,7.92282e+28,1.32356e+27,2.74878e+11,96,36.9219,38,0.373626
1112,7.92282e+28,1.06487e+27,6.87196e+10,96,35.6553,36,0.356214
1113,7.92282e+28,1.20132e+27,1.37439e+11,96,35.9521,37,0.361655
1114,1.58456e+29,9.83152e+26,6.87196e+10,97,36.0381,36,0.363575
1115,7.92282e+28,1.09828e+27,2.74878e+11,96,37.5137,38,0.384472
1116,7.92282e+28,1.24855e+27,2.74878e+11,96,36.8174,38,0.37171
1117,7.92282e+28,7.99873e+26,2.74878e+11,96,36.252,38,0.359363
1118,7.92282e+28,7.17114e+26,1.09951e+12,96,37.5342,40,0.389968
1119,7.92282e+28,9.10278e+26,5.49756e+11,96,36.5342,39,0.36656
1120,7.92282e+28,1.28423e+27,1.09951e+12,96,38.0078,40,0.382526
1121,7.92282e+28,7.27264e+26,6.87196e+10,96,35.4336,36,0.359279
1122,7.92282e+28,1.31404e+27,1.37439e+11,96,36.6924,37,0.370451
1123,7.92282e+28,9.89402e+26,1.37439e+11,96,36.5186,37,0.37041
1124,7.92282e+28,1.12358e+27,6.87196e+10,96,34.4346,36,0.346347
1125,7.92282e+28,8.77372e+26,1.718e+10,96,35.0762,34,0.353859
1126,7.92282e+28,7.82933e+26,1.718e+10,96,34.1221,34,0.343263
1127,7.92282e+28,8.70969e+26,3.43598e+10,96,35.292,35,0.358466
1128,7.92282e+28,1.17542e+27,6.87196e+10,96,35.9531,36,0.35828
1129,7.92282e+28,1.26276e+27,2.74878e+11,96,36.5791,38,0.369822
1130,7.92282e+28,1.61854e+27,1.37439e+11,96,35.8359,37,0.366645
1131,7.92282e+28,9.11637e+26,1.37439e+11,96,35.7314,37,0.36431
1132,7.92282e+28,9.69078e+26,3.43598e+10,96,34.5938,35,0.36333
1133,7.92282e+28,1.14472e+27,3.43598e+10,96,33.6553,35,0.347517
1134,7.92282e+28,5.43881e+26,2.14757e+09,96,32.2998,31,0.337844
1135,7.92282e+28,7.59806e+26,6.87195e+10,96,35.4629,36,0.364077
1136,7.92282e+28,9.30082e+26,1.37439e+11,96,36.2256,37,0.372131
1137,7.92282e+28,1.53243e+27,3.43598e+10,96,35.5527,35,0.356174
1138,7.92282e+28,1.11292e+27,6.87196e+10,96,35.5332,36,0.369836
1139,7.92282e+28,9.96833e+26,6.87196e+10,96,34.8438,36,0.353764
1140,7.92282e+28,8.10209e+26,1.09951e+12,96,36.7422,40,0.369594
1141,7.92282e+28,1.04036e+27,1.37439e+11,96,36.8086,37,0.372151
1142,7.92282e+28,1.21016e+27,6.87196e+10,96,35.7285,36,0.358996
1143,7.92282e+28,1.08356e+27,2.74878e+11,96,35.9756,38,0.359437
1144,7.92282e+28,1.12035e+27,1.37439e+11,96,35.792,37,0.374055
1145,7.92282e+28,1.0552e+27,3.43598e+10,96,34.626,35,0.347332
1146,7.92282e+28,7.74105e+26,6.87196e+10,96,35.46,36,0.365077
1147,7.92282e+28,1.37765e+27,3.43598e+10,96,34.4443,35,0.3478
1148,7.92282e+28,7.44437e+26,3.43598e+10,96,34.8086,35,0.349708
1149,7.92282e+28,1.22418e+27,1.37439e+11,96,36.457,37,0.363195
1150,7.92282e+28,9.17949e+26,6.87195e+10,96,34.6875,36,0.355638
1151,7.92282e+28,1.37527e+27,1.718e+10,96,34.3896,34,0.352116
1152,7.92282e+28,9.83608e+26,1.718e+10,96,33.9229,34,0.338553
1153,7.92282e+28,8.46631e+26,1.37439e+11,96,35.8203,37,0.365822
1154,7.92282e+28,9.2797e+26,1.718e+10,96,34.7402,34,0.346432
1155,7.92282e+28,5.57556e+26,1.718e+10,96,33.7139,34,0.341455
1156,7.92282e+28,2.09541e+27,3.43598e+10,96,34.1309,35,0.33861
1157,7.92282e+28,8.01984e+26,6.87196e+10,96,34.7773,36,0.347846
1158,7.92282e+28,8.63663e+26,6.87196e+10,96,34.6094,36,0.349039
1159,7.92282e+28,9.06255e+26,1.718e+10,96,33.8154,34,0.340412
1160,7.92282e+28,9.97658e+26,3.43598e+10,96,34.4658,35,0.352174
1161,7.92282e+28,1.1236e+27,1.718e+10,96,34.3066,34,0.344169
1162,7.92282e+28,9.69025e+26,3.43598e+10,96,34.6387,35,0.354431
1163,7.92282e+28,8.65104e+26,1.71799e+10,96,33.9043,34,0.339911
1164,7.92282e+28,9.78762e+26,3.43598e+10,96,34.4258,35,0.344972
1165,7.92282e+28,8.7001e+26,1.718e+10,96,34.6152,34,0.349234
1166,7.92282e+28,1.29882e+27,1.718e+10,96,33.9346,34,0.336598
1167,7.92282e+28,1.3614e+27,1.71799e+10,96,34.2754,34,0.349185
1168,7.92282e+28,3.9633e+26,4.29506e+09,96,32.4785,32,0.332426
1169,7.92282e+28,1.11729e+27,4.29506e+09,96,32.4834,32,0.32452
1170,7.92282e+28,1.12691e+27,2.14755e+09,96,32.582,31,0.327823
1171,7.92282e+28,1.55557e+27,1.718e+10,96,34.7061,34,0.345531
1172,7.92282e+28,9.04049e+26,2.14756e+09,96,33.3975,31,0.335027
1173,1.58456e+29,8.98276e+26,8.59002e+09,97,33.5469,33,0.349754
1174,7.92282e+28,1.77263e+27,2.14754e+09,96,33.124,31,0.337226
1175,7.92282e+28,1.12306e+27,4.29507e+09,96,33.7773,32,0.34168
1176,7.92282e+28,1.42301e+27,2.14754e+09,96,32.8555,31,0.331383
1177,7.92282e+28,9.92241e+26,2.14756e+09,96,32.3604,31,0.333254
1178,7.92282e+28,1.16665e+27,4.29504e+09,96,33.126,32,0.337624
1179,7.92282e+28,1.10913e+27,1.07381e+09,96,31.7256,30,0.3194
1180,7.92282e+28,1.95596e+27,1.71799e+10,96,34.6104,34,0.353909
1181,7.92282e+28,1.21628e+27,4.29503e+09,96,33.3496,32,0.338807
1182,7.92282e+28,1.24759e+27,3.43598e+10,96,34.8105,35,0.354578
1183,7.92282e+28,8.08008e+26,3.43598e+10,96,35.5596,35,0.363193
1184,7.92282e+28,8.76021e+26,1.718e+10,96,34.2568,34,0.349939
1185,1.58456e+29,1.6889e+27,6.87196e+10,97,36.0527,36,0.371154
1186,7.92282e+28,1.13766e+27,3.43598e+10,96,34.7217,35,0.356018
1187,7.92282e+28,1.64794e+27,1.718e+10,96,34.7646,34,0.353383
1188,7.92282e+28,1.41671e+27,3.43598e+10,96,34.082,35,0.360742
1189,7.92282e+28,9.20439e+26,1.71799e+10,96,34.5293,34,0.359905
1190,7.92282e+28,1.44067e+27,3.43598e+10,96,35.0986,35,0.362666
1191,7.92282e+28,1.63707e+27,6.87196e+10,96,35.3652,36,0.367487
1192,7.92282e+28,1.60306e+27,3.43598e+10,96,36.2471,35,0.369585
1193,7.92282e+28,1.06351e+27,1.37439e+11,96,36.1016,37,0.367138
1194,7.92282e+28,2.41844e+27,3.43598e+10,96,35.6973,35,0.368937
1195,7.92282e+28,1.72858e+27,6.87196e+10,96,35.9541,36,0.378253
1196,7.92282e+28,2.25238e+27,6.87196e+10,96,36.7441,36,0.374579
1197,7.92282e+28,1.89213e+27,1.71799e+10,96,35.3779,34,0.359766
1198,7.92282e+28,1.91225e+27,3.43598e+10,96,35.5264,35,0.365723
1199,7.92282e+28,1.72421e+27,6.87196e+10,96,36.5625,36,0.370036
1200,7.92282e+28,1.577e+27,1.37439e+11,96,37.4082,37,0.380824
1201,7.92282e+28,2.08573e+27,5.49756e+11,96,37.6172,39,0.393612
1202,7.92282e+28,1.86321e+27,2.74878e+11,96,37.3906,38,0.383396
1203,3.16913e+29,1.75174e+27,5.49756e+11,98,38.1934,39,0.400788
1204,7.92282e+28,2.20819e+27,1.37439e+11,96,37.6602,37,0.392531
1205,7.92282e+28,1.36098e+27,1.37439e+11,96,36.9775,37,0.380075
1206,7.92282e+28,1.91342e+27,6.87196e+10,96,36.6875,36,0.38428
1207,7.92282e+28,2.23791e+27,6.87196e+10,96,36.4492,36,0.376322
1208,7.92282e+28,2.01014e+27,6.87195e+10,96,36.5762,36,0.375327
1209,7.92282e+28,1.6811e+27,5.49756e+11,96,38.5742,39,0.401915
1210,7.92282e+28,2.13941e+27,2.74878e+11,96,37.5928,38,0.389996
1211,7.92282e+28,1.12826e+27,2.74878e+11,96,37.9209,38,0.392324
1212,3.16913e+29,1.77263e+27,1.37439e+11,98,36.9209,37,0.377019
1213,7.92282e+28,1.80181e+27,2.74878e+11,96,37.2646,38,0.384511
1214,7.92282e+28,1.39849e+27,3.43598e+10,96,35.792,35,0.373685
1215,7.92282e+28,1.6886e+27,2.74878e+11,96,38.0264,38,0.391367
1216,7.92282e+28,1.56448e+27,3.43598e+10,96,36.5869,35,0.372492
1217,7.92282e+28,1.69388e+27,3.43598e+10,96,36.7773,35,0.372743
1218,7.92282e+28,1.72244e+27,1.37439e+11,96,36.7871,37,0.383306
1219,7.92282e+28,1.55495e+27,6.87196e+10,96,36.8242,36,0.374853
1220,7.92282e+28,1.27188e+27,6.87196e+10,96,36.9863,36,0.376486
1221,7.92282e+28,1.57894e+27,1.37439e+11,96,36.5098,37,0.380221
1222,7.92282e+28,1.87268e+27,6.87196e+10,96,35.9424,36,0.367037
1223,7.92282e+28,9.89847e+26,2.74878e+11,96,37.1104,38,0.380621
1224,7.92282e+28,1.22147e+27,6.87196e+10,96,36.5,36,0.378342
1225,7.92282e+28,1.93014e+27,3.43598e+10,96,36.5439,35,0.383362
1226,7.92282e+28,1.5313e+27,1.37439e+11,96,36.6895,37,0.37814
1227,7.92282e+28,1.43834e+27,1.71799e+10,96,35.3486,34,0.367579
1228,7.92282e+28,2.17089e+27,3.43598e+10,96,36.5156,35,0.3743
1229,7.92282e+28,1.87704e+27,3.43598e+10,96,35.7646,35,0.371016
1230,7.92282e+28,1.5884e+27,1.71799e+10,96,35.2998,34,0.367911
1231,7.92282e+28,1.29784e+27,6.87196e+10,96,36.1504,36,0.37625
1232,7.92282e+28,1.17421e+27,3.43598e+10,96,35.9531,35,0.375025
1233,7.92282e+28,2.23155e+27,1.71799e+10,96,34.9287,34,0.365035
1234,7.92282e+28,1.25394e+27,1.718e+10,96,35.1641,34,0.371812
1235,7.92282e+28,1.84161e+27,6.87196e+10,96,36.4561,36,0.379672
1236,7.92282e+28,1.95532e+27,3.43598e+10,96,35.3711,35,0.368659
1237,7.92282e+28,1.58031e+27,3.43598e+10,96,35.6279,35,0.366099
1238,7.92282e+28,1.51407e+27,3.43598e+10,96,34.5088,35,0.362788
1239,7.92282e+28,1.86952e+27,3.43598e+10,96,36.5889,35,0.379276
1240,7.92282e+28,1.69775e+27,1.71799e+10,96,35.3418,34,0.365202
1241,7.92282e+28,1.40404e+27,6.87195e+10,96,36.7783,36,0.375221
1242,7.92282e+28,1.28364e+27,1.37439e+11,96,37.2627,37,0.383931
1243,7.92282e+28,2.37037e+27,5.49756e+11,96,37.9141,39,0.386657
1244,7.92282e+28,2.42553e+27,1.37439e+11,96,37.6504,37,0.389261
1245,7.92282e+28,1.64382e+27,1.37439e+11,96,36.8301,37,0.382025
1246,7.92282e+28,1.9749e+27,2.74878e+11,96,36.8896,38,0.380417
1247,7.92282e+28,2.50672e+27,3.43598e+10,96,36.7031,35,0.378497
1248,7.92282e+28,1.42565e+27,1.37439e+11,96,36.8213,37,0.377475
1249,7.92282e+28,1.88308e+27,2.74878e+11,96,37.373,38,0.389166
1250,7.92282e+28,1.54764e+27,2.74878e+11,96,36.9111,38,0.381493
1251,7.92282e+28,2.21841e+27,1.37439e+11,96,36.4639,37,0.376623
1252,7.92282e+28,1.81238e+27,1.37439e+11,96,36.6592,37,0.378466
1253,7.92282e+28,1.87774e+27,6.87196e+10,96,36.1572,36,0.377993
1254,7.92282e+28,2.37503e+27,6.87196e+10,96,36.0186,36,0.376642
1255,7.92282e+28,1.1887e+27,6.87196e+10,96,35.5342,36,0.373829
1256,7.92282e+28,1.75393e+27,5.49756e+11,96,37.4062,39,0.393375
1257,7.92282e+28,2.64621e+27,2.74878e+11,96,37.8477,38,0.388388
1258,7.92282e+28,1.74849e+27,3.43598e+10,96,35.8242,35,0.37084
1259,7.92282e+28,1.4676e+27,6.87196e+10,96,36.6719,36,0.3879
1260,7.92282e+28,1.84285e+27,5.49756e+11,96,38.1875,39,0.398825
1261,7.92282e+28,1.66218e+27,1.37439e+11,96,36.8604,37,0.377661
1262,7.92282e+28,2.35713e+27,1.09951e+12,96,39.9463,40,0.409659
1263,7.92282e+28,1.84381e+27,1.09951e+12,96,39.0898,40,0.405622
1264,7.92282e+28,1.87329e+27,2.74878e+11,96,38.0947,38,0.389796
1265,7.92282e+28,1.80109e+27,2.19902e+12,96,39.4189,41,0.411649
1266,7.92282e+28,2.64225e+27,2.19902e+12,96,40.0078,41,0.412165
1267,7.92282e+28,2.16271e+27,5.49756e+11,96,38.9326,39,0.404815
1268,7.92282e+28,2.58666e+27,5.49756e+11,96,38.8555,39,0.406036
1269,7.92282e+28,2.05136e+27,2.19902e+12,96,40.0684,41,0.421246
1270,7.92282e+28,2.13043e+27,8.79609e+12,96,40.7695,43,0.432377
1271,7.92282e+28,2.44709e+27,8.79609e+12,96,42.1201,43,0.428496
1272,7.92282e+28,2.44798e+27,8.79609e+12,96,41.4541,43,0.41834
1273,7.92282e+28,1.5824e+27,2.19902e+12,96,39.8525,41,0.40584
1274,7.92282e+28,2.72378e+27,8.79609e+12,96,42.2412,43,0.430397
1275,7.92282e+28,2.43489e+27,4.39805e+12,96,41.001,42,0.416205
1276,7.92282e+28,2.20621e+27,4.39805e+12,96,40.5303,42,0.419012
1277,7.92282e+28,2.52133e+27,4.39805e+12,96,40.6504,42,0.417569
1278,7.92282e+28,2.3424e+27,8.79609e+12,96,41.4912,43,0.424135
1279,7.92282e+28,1.95942e+27,8.79609e+12,96,40.9248,43,0.416531
1280,7.92282e+28,2.26894e+27,8.79609e+12,96,42.1787,43,0.428242
1281,7.92282e+28,3.2829e+27,7.03687e+13,96,43.6631,46,0.452936
1282,7.92282e+28,2.05795e+27,3.51844e+13,96,42.3115,45,0.433304
1283,7.92282e+28,3.15488e+27,3.51844e+13,96,43.127,45,0.43822
1284,7.92282e+28,2.89984e+27,3.51844e+13,96,42.9229,45,0.441906
1285,7.92282e+28,2.79641e+27,8.79609e+12,96,42.0664,43,0.431395
1286,7.92282e+28,1.61927e+27,8.79609e+12,96,40.7627,43,0.416129
1287,7.92282e+28,2.4284e+27,3.51844e+13,96,43.5029,45,0.452844
1288,7.92282e+28,2.6671e+27,2.81475e+14,96,44.9121,48,0.462373
1289,7.92282e+28,2.46388e+27,7.03687e+13,96,43.832,46,0.44567
1290,3.16913e+29,3.80689e+27,7.03687e+13,98,44.374,46,0.45228
1291,7.92282e+28,2.27785e+27,8.79609e+12,96,42.1826,43,0.430296
1292,7.92282e+28,2.9264e+27,7.03687e+13,96,43.4863,46,0.442445
1293,7.92282e+28,3.19076e+27,1.75922e+13,96,42.8613,44,0.434918
1294,7.92282e+28,2.98092e+27,4.39805e+12,96,41.7705,42,0.428186
1295,3.16913e+29,3.53801e+27,3.51844e+13,98,43.3457,45,0.44256
1296,7.92282e+28,3.20004e+27,1.75922e+13,96,42.4258,44,0.431175
1297,7.92282e+28,2.604e+27,1.40737e+14,96,43.9609,47,0.449657
1298,7.92282e+28,3.10406e+27,1.75922e+13,96,42.8066,44,0.439591
1299,7.92282e+28,3.16014e+27,1.75922e+13,96,42.0967,44,0.441407
1300,7.92282e+28,3.11379e+27,3.51844e+13,96,44.3242,45,0.455133
1301,7.92282e+28,2.58747e+27,8.79609e+12,96,41.3281,43,0.42661
1302,7.92282e+28,2.09684e+27,2.19902e+12,96,40.3945,41,0.424115
1303,7.92282e+28,3.0472e+27,3.51844e+13,96,42.7441,45,0.438221
1304,7.92282e+28,2.3753e+27,1.75922e+13,96,42.3076,44,0.438137
1305,7.92282e+28,3.21665e+27,1.40737e+14,96,44.7695,47,0.459291
1306,7.92282e+28,2.26444e+27,3.51844e+13,96,42.9795,45,0.444344
1307,7.92282e+28,2.63169e+27,1.75922e+13,96,43.1025,44,0.450465
1308,7.92282e+28,2.5699e+27,8.79609e+12,96,42.0752,43,0.428398
1309,7.92282e+28,3.02409e+27,3.51844e+13,96,43.1162,45,0.443362
1310,7.92282e+28,2.45505e+27,8.79609e+12,96,42.2344,43,0.448704
1311,7.92282e+28,2.89513e+27,2.19902e+12,96,41.6855,41,0.431275
1312,7.92282e+28,3.55927e+27,3.51844e+13,96,43.375,45,0.449194
1313,7.92282e+28,1.94084e+27,8.79609e+12,96,41.4375,43,0.426853
1314,7.92282e+28,2.81984e+27,3.51844e+13,96,42.2256,45,0.442047
1315,7.92282e+28,2.75066e+27,1.75922e+13,96,43.0254,44,0.439358
1316,7.92282e+28,2.97823e+27,8.79609e+12,96,41.4229,43,0.425679
1317,7.92282e+28,2.80226e+27,3.51844e+13,96,43.6299,45,0.446949
1318,7.92282e+28,2.84832e+27,2.19902e+12,96,40.8525,41,0.428886
1319,7.92282e+28,2.81686e+27,1.75922e+13,96,42.5713,44,0.438523
1320,7.92282e+28,2.8609e+27,4.39805e+12,96,41.9199,42,0.433899
1321,1.58456e+29,3.97311e+27,8.79609e+12,97,42.4414,43,0.443972
1322,7.92282e+28,3.46746e+27,4.39805e+12,96,42.0889,42,0.431035
1323,3.16913e+29,3.97884e+27,3.51844e+13,98,43.4434,45,0.446372
1324,7.92282e+28,2.52449e+27,8.79609e+12,96,41.7793,43,0.423454
1325,7.92282e+28,3.45604e+27,1.75922e+13,96,42.832,44,0.441624
1326,7.92282e+28,3.88432e+27,1.40737e+14,96,43.917,47,0.449591
1327,7.92282e+28,3.14758e+27,4.39805e+12,96,42.043,42,0.431143
1328,7.92282e+28,2.79666e+27,8.79609e+12,96,42.2539,43,0.433807
1329,7.92282e+28,2.63699e+27,8.79609e+12,96,42.1113,43,0.441245
1330,7.92282e+28,3.7955e+27,8.79609e+12,96,41.9268,43,0.430076
1331,7.92282e+28,3.59947e+27,2.19902e+12,96,41.5732,41,0.424672
1332,7.92282e+28,3.46543e+27,4.39805e+12,96,40.9297,42,0.418578
1333,7.92282e+28,2.07699e+27,8.79609e+12,96,41.1797,43,0.432543
1334,7.92282e+28,3.16257e+27,4.39805e+12,96,40.8496,42,0.423989
1335,7.92282e+28,3.06967e+27,1.75922e+13,96,42.4756,44,0.439871
1336,7.92282e+28,3.49777e+27,7.03687e+13,96,42.9609,46,0.440356
1337,7.92282e+28,3.14255e+27,1.75922e+13,96,42.2461,44,0.43782
1338,7.92282e+28,3.83691e+27,3.51844e+13,96,43.3096,45,0.441789
1339,7.92282e+28,3.21819e+27,3.51844e+13,96,43.8027,45,0.449568
1340,7.92282e+28,2.92039e+27,1.75922e+13,96,42.4775,44,0.435837
1341,7.92282e+28,2.62894e+27,7.03687e+13,96,43.0352,46,0.449098
1342,7.92282e+28,3.82989e+27,4.39805e+12,96,42.0469,42,0.440806
1343,3.16913e+29,4.30141e+27,4.39805e+12,98,41.9805,42,0.435712
1344,7.92282e+28,2.56032e+27,2.19902e+12,96,41.3838,41,0.427262
1345,7.92282e+28,2.78641e+27,7.03687e+13,96,43.0244,46,0.446296
1346,7.92282e+28,3.78089e+27,3.51844e+13,96,42.6523,45,0.439817
1347,7.92282e+28,2.88689e+27,8.79609e+12,96,41.4043,43,0.431908
1348,7.92282e+28,3.1504e+27,1.75922e+13,96,42.2812,44,0.439818
1349,7.92282e+28,3.84381e+27,8.79609e+12,96,41.8145,43,0.427727
1350,7.92282e+28,3.10977e+27,1.09951e+12,96,40.6816,40,0.422381
1351,7.92282e+28,3.82023e+27,3.51844e+13,96,43.4141,45,0.439079
1352,7.92282e+28,3.24138e+27,2.19902e+12,96,41.2529,41,0.431742
1353,7.92282e+28,3.70043e+27,4.39805e+12,96,42.1338,42,0.435021
1354,7.92282e+28,4.09845e+27,8.79609e+12,96,42.0645,43,0.435748
1355,7.92282e+28,3.00275e+27,1.75922e+13,96,41.7979,44,0.445711
1356,3.16913e+29,3.90752e+27,3.51844e+13,98,43.3203,45,0.459596
1357,7.92282e+28,3.71667e+27,1.75922e+13,96,43.7969,44,0.45249
1358,7.92282e+28,3.88814e+27,1.75922e+13,96,43.1338,44,0.444484
1359,7.92282e+28,3.70282e+27,8.79609e+12,96,42.8379,43,0.44048
1360,7.92282e+28,4.11088e+27,1.75922e+13,96,42.7148,44,0.442371
1361,7.92282e+28,4.68741e+27,7.03687e+13,96,44.0273,46,0.452619
1362,7.92282e+28,4.42325e+27,1.75922e+13,96,43.5869,44,0.45348
1363,3.16913e+29,4.46143e+27,1.75922e+13,98,43.3428,44,0.440099
1364,1.58456e+29,4.53387e+27,1.75922e+13,97,43.4727,44,0.448752
1365,7.92282e+28,4.51417e+27,1.75922e+13,96,44.2275,44,0.457698
1366,7.92282e+28,4.8853e+27,4.39805e+12,96,43.2061,42,0.442041
1367,7.92282e+28,4.80858e+27,1.75922e+13,96,43.6211,44,0.451411
1368,7.92282e+28,3.89656e+27,1.75922e+13,96,42.1973,44,0.444661
1369,7.92282e+28,5.25894e+27,3.51844e+13,96,44.2051,45,0.447745
1370,7.92282e+28,4.99638e+27,1.75922e+13,96,43.2793,44,0.440598
1371,7.92282e+28,5.03681e+27,7.03687e+13,96,44.4316,46,0.46455
1372,1.58456e+29,4.18921e+27,3.51844e+13,97,44.2031,45,0.455056
1373,7.92282e+28,5.82069e+27,3.51844e+13,96,44.5352,45,0.449139
1374,7.92282e+28,6.14716e+27,7.03687e+13,96,45.6992,46,0.474119
1375,7.92282e+28,6.10116e+27,3.51844e+13,96,45.3926,45,0.46202
1376,7.92282e+28,5.65461e+27,8.79609e+12,96,43.5645,43,0.444155
1377,7.92282e+28,6.35784e+27,3.51844e+13,96,45.7061,45,0.466128
1378,7.92282e+28,6.20506e+27,7.03687e+13,96,46.1445,46,0.471897
1379,7.92282e+28,6.13442e+27,7.03687e+13,96,45.3057,46,0.45702
1380,7.92282e+28,6.49776e+27,8.79609e+12,96,45.2324,43,0.46099
1381,7.92282e+28,7.09479e+27,7.03687e+13,96,46.0381,46,0.464898
1382,7.92282e+28,8.49592e+27,7.03687e+13,96,46.8154,46,0.47362
1383,7.92282e+28,7.07164e+27,7.03687e+13,96,46.1709,46,0.469121
1384,7.92282e+28,6.81052e+27,7.03687e+13,96,46.2109,46,0.465292
1385,7.92282e+28,9.66166e+27,2.2518e+15,96,49.2949,51,0.493303
1386,7.92282e+28,8.54422e+27,7.03687e+13,96,47.0625,46,0.47361
1387,3.16913e+29,7.83705e+27,7.03687e+13,98,47.1924,46,0.470287
1388,7.92282e+28,1.05321e+28,2.2518e+15,96,49.415,51,0.491574
1389,7.92282e+28,1.04723e+28,1.1259e+15,96,50.2305,50,0.501951
1390,7.92282e+28,9.00683e+27,2.2518e+15,96,50.1699,51,0.507078
1391,3.16913e+29,1.04019e+28,1.1259e+15,98,49.8242,50,0.49861
1392,7.92282e+28,1.15577e+28,4.5036e+15,96,50.7129,52,0.500659
1393,7.92282e+28,1.04569e+28,2.81475e+14,96,48.8975,48,0.489926
1394,1.58456e+29,1.03689e+28,5.6295e+14,97,48.9424,49,0.496179
1395,7.92282e+28,1.02775e+28,5.6295e+14,96,49.3818,49,0.494465
1396,7.92282e+28,1.19366e+28,5.6295e+14,96,49.793,49,0.494255
1397,7.92282e+28,1.14123e+28,4.5036e+15,96,50.9492,52,0.505797
1398,3.16913e+29,1.23133e+28,9.0072e+15,98,50.9531,53,0.502942
1399,7.92282e+28,1.28502e+28,4.5036e+15,96,51.2041,52,0.509939
1400,7.92282e+28,1.18325e+28,5.6295e+14,96,50.0645,49,0.496653
1401,3.16913e+29,1.25654e+28,1.80144e+16,98,52.082,54,0.511876
1402,7.92282e+28,1.25428e+28,1.1259e+15,96,50.8066,50,0.503355
1403,1.58456e+29,1.32523e+28,2.2518e+15,97,50.7217,51,0.503373
1404,7.92282e+28,1.28438e+28,3.60288e+16,96,51.6328,55,0.511485
1405,1.58456e+29,1.22898e+28,2.2518e+15,97,51.2881,51,0.503954
1406,7.92282e+28,1.16774e+28,1.80144e+16,96,51.2812,54,0.506635
1407,3.16913e+29,1.42957e+28,3.60288e+16,98,53.0293,55,0.519486
1408,7.92282e+28,1.36181e+28,1.80144e+16,96,52.3691,54,0.514117
1409,7.92282e+28,1.24262e+28,1.80144e+16,96,52.0156,54,0.515558
1410,7.92282e+28,1.20989e+28,9.0072e+15,96,51.252,53,0.505905
1411,1.58456e+29,1.33424e+28,1.80144e+16,97,53.1768,54,0.514876
1412,3.16913e+29,1.58201e+28,1.80144e+16,98,52.5713,54,0.517829
1413,7.92282e+28,1.54185e+28,1.44115e+17,96,54.6299,57,0.532309
1414,7.92282e+28,1.45695e+28,9.0072e+15,96,52.7881,53,0.519451
1415,7.92282e+28,1.46561e+28,9.0072e+15,96,52.248,53,0.524295
1416,7.92282e+28,1.33479e+28,4.5036e+15,96,51.5117,52,0.511377
1417,7.92282e+28,1.54006e+28,7.20576e+16,96,53.6543,56,0.525084
1418,7.92282e+28,1.52213e+28,3.60288e+16,96,52.8291,55,0.514245
1419,7.92282e+28,1.48167e+28,1.44115e+17,96,52.9316,57,0.521058
1420,7.92282e+28,1.68663e+28,1.44115e+17,96,54.4717,57,0.538304
1421,7.92282e+28,1.24487e+28,2.2518e+15,96,51.5078,51,0.506883
1422,7.92282e+28,1.38208e+28,7.20576e+16,96,52.7441,56,0.522948
1423,7.92282e+28,1.5299e+28,3.60288e+16,96,53.3447,55,0.527305
1424,7.92282e+28,1.54657e+28,7.20576e+16,96,53.1885,56,0.516141
1425,7.92282e+28,1.32124e+28,4.5036e+15,96,51.6709,52,0.519822
1426,3.16913e+29,1.41467e+28,3.60288e+16,98,52.9014,55,0.518246
1427,7.92282e+28,1.51661e+28,7.20576e+16,96,54.3096,56,0.530415
1428,7.92282e+28,1.59483e+28,1.80144e+16,96,52.7549,54,0.516754
1429,7.92282e+28,1.38762e+28,7.20576e+16,96,54.0986,56,0.526641
1430,3.16913e+29,1.6825e+28,1.44115e+17,98,54.1309,57,0.535995
1431,1.58456e+29,1.39234e+28,9.0072e+15,97,52.5605,53,0.524027
1432,1.58456e+29,1.6046e+28,7.20576e+16,97,54.0977,56,0.53372
1433,7.92282e+28,1.39434e+28,9.0072e+15,96,52.4521,53,0.514147
1434,3.16913e+29,1.64175e+28,1.44115e+17,98,54.3555,57,0.530698
1435,7.92282e+28,1.40859e+28,1.80144e+16,96,52.9521,54,0.521768
1436,7.92282e+28,1.54936e+28,1.80144e+16,96,52.627,54,0.520695
1437,7.92282e+28,1.64396e+28,7.20576e+16,96,53.7236,56,0.518848
1438,3.16913e+29,1.54631e+28,7.20576e+16,98,53.1084,56,0.524779
1439,3.16913e+29,1.40211e+28,9.0072e+15,98,50.998,53,0.502473
1440,1.58456e+29,1.4431e+28,1.44115e+17,97,54.0068,57,0.532666
1441,7.92282e+28,1.34277e+28,7.20576e+16,96,52.3076,56,0.518703
1442,3.16913e+29,1.2813e+28,1.80144e+16,98,52.0127,54,0.514674
1443,7.92282e+28,1.36094e+28,1.80144e+16,96,53.1602,54,0.523588
1444,1.58456e+29,1.41788e+28,1.44115e+17,97,53.4473,57,0.523384
1445,7.92282e+28,1.38646e+28,1.80144e+16,96,53.1562,54,0.523358
1446,3.16913e+29,1.41799e+28,9.0072e+15,98,51.8564,53,0.519081
1447,3.16913e+29,1.36911e+28,7.20576e+16,98,54.1123,56,0.528683
1448,7.92282e+28,1.35272e+28,1.80144e+16,96,51.9707,54,0.514253
1449,1.58456e+29,1.37335e+28,3.60288e+16,97,53.209,55,0.525075
1450,3.16913e+29,1.51193e+28,1.44115e+17,98,54.1055,57,0.540075
1451,3.16913e+29,1.34448e+28,1.80144e+16,98,52.2939,54,0.510395
1452,7.92282e+28,1.45552e+28,7.20576e+16,96,53.2471,56,0.521581
1453,7.92282e+28,1.33773e+28,7.20576e+16,96,53.126,56,0.535285
1454,7.92282e+28,1.4721e+28,3.60288e+16,96,53.5771,55,0.523344
1455,7.92282e+28,1.43817e+28,2.8823e+17,96,54.3203,58,0.535303
1456,7.92282e+28,1.48662e+28,1.44115e+17,96,53.2559,57,0.523567
1457,3.16913e+29,1.42129e+28,1.80144e+16,98,53.1465,54,0.522265
1458,7.92282e+28,1.54713e+28,1.44115e+17,96,53.6992,57,0.534948
1459,3.16913e+29,1.54337e+28,7.20576e+16,98,53.292,56,0.526433
1460,7.92282e+28,1.35072e+28,3.60288e+16,96,52.9336,55,0.516454
1461,3.16913e+29,1.50112e+28,7.20576e+16,98,52.9785,56,0.521701
1462,3.16913e+29,1.36224e+28,4.5036e+15,98,51.7207,52,0.517157
1463,7.92282e+28,1.53584e+28,7.20576e+16,96,54.0908,56,0.52642
1464,3.16913e+29,1.29763e+28,2.2518e+15,98,50.7861,51,0.496576
1465,7.92282e+28,1.43209e+28,4.5036e+15,96,51.832,52,0.508383
1466,7.92282e+28,1.53526e+28,3.60288e+16,96,52.3379,55,0.504669
1467,3.16913e+29,1.45375e+28,1.80144e+16,98,52.0566,54,0.50685
1468,7.92282e+28,1.66809e+28,2.8823e+17,96,54.7305,58,0.537924
1469,7.92282e+28,1.40896e+28,3.60288e+16,96,52.6758,55,0.520117
1470,7.92282e+28,1.45061e+28,1.80144e+16,96,52.2959,54,0.518015
1471,3.16913e+29,1.52546e+28,2.8823e+17,98,53.5898,58,0.530406
1472,3.16913e+29,1.6016e+28,7.20576e+16,98,53.4707,56,0.516862
1473,3.16913e+29,1.55134e+28,5.76461e+17,98,54.3203,59,0.528783
1474,7.92282e+28,1.64555e+28,2.8823e+17,96,54.5518,58,0.535353
1475,7.92282e+28,1.55724e+28,2.8823e+17,96,54.8887,58,0.534583
1476,7.92282e+28,1.6691e+28,2.8823e+17,96,54.5547,58,0.537325
1477,3.16913e+29,1.46207e+28,2.8823e+17,98,53.6436,58,0.540167
1478,3.16913e+29,1.69912e+28,2.8823e+17,98,53.5771,58,0.524387
1479,3.16913e+29,1.8215e+28,9.22337e+18,98,56.7461,63,0.553649
1480,3.16913e+29,1.88127e+28,4.61169e+18,98,56.043,62,0.540266
1481,7.92282e+28,1.51853e+28,7.20576e+16,96,54.0752,56,0.52579
1482,7.92282e+28,1.6229e+28,1.15292e+18,96,54.6777,60,0.547507
1483,7.92282e+28,1.53175e+28,2.2518e+15,96,51.793,51,0.50539
1484,7.92282e+28,1.6449e+28,1.44115e+17,96,53.8057,57,0.523157
1485,7.92282e+28,1.57288e+28,1.44115e+17,96,54.0996,57,0.540471
1486,7.92282e+28,1.5649e+28,3.60288e+16,96,53.4336,55,0.519461
1487,3.16913e+29,1.66124e+28,2.8823e+17,98,54.4521,58,0.530115
1488,7.92282e+28,1.55026e+28,2.8823e+17,96,54.1836,58,0.523651
1489,1.58456e+29,1.53281e+28,2.8823e+17,97,53.6992,58,0.529411
1490,3.16913e+29,1.64376e+28,2.30584e+18,98,56.04,61,0.555928
1491,3.16913e+29,1.51401e+28,1.80144e+16,98,52.2832,54,0.512215
1492,7.92282e+28,1.50411e+28,3.60288e+16,96,53.5654,55,0.523413
1493,3.16913e+29,1.69138e+28,5.76461e+17,98,54.6084,59,0.529709
1494,3.16913e+29,1.685e+28,2.8823e+17,98,54.417,58,0.533299
1495,7.92282e+28,1.63724e+28,5.76461e+17,96,54.1357,59,0.528321
1496,1.58456e+29,1.57715e+28,2.8823e+17,97,54.3662,58,0.523866
1497,7.92282e+28,1.73692e+28,5.76461e+17,96,54.9785,59,0.530784
1498,3.16913e+29,1.63111e+28,2.8823e+17,98,54.3672,58,0.529202
1499,3.16913e+29,1.62535e+28,2.8823e+17,98,54.2998,58,0.525696
