28.6097
0,435.151,9.15837,4,2,0.0439453,0,0.00640928
1,112.44,8.67016,4,1,0.0429688,0,0.00639531
2,434.954,9.74149,4,2,0.0458984,0,0.00625284
3,435.127,9.44882,4,2,0.0439453,0,0.00628385
4,109.829,9.64584,5,1,0.0478516,0,0.00644364
5,435.117,9.51818,5,2,0.0410156,0,0.00641301
6,434.954,9.91923,5,2,0.0449219,0,0.00648075
7,434.818,10.1311,5,2,0.0517578,0,0.0063322
8,435.151,10.1347,5,2,0.0429688,0,0.00655787
9,110.371,9.35335,5,1,0.0419922,0,0.00654277
10,1012.52,9.93807,5,3,0.0332031,0,0.00647724
11,431.532,9.48479,5,2,0.0410156,0,0.00650777
12,434.954,11.0221,5,2,0.0556641,0,0.006565
13,435.149,10.6222,6,2,0.046875,0,0.00654823
14,435.053,11.2667,6,2,0.0537109,0,0.00656404
15,435.127,10.9443,6,2,0.0498047,0,0.00657483
16,435.149,11.4445,6,2,0.0585938,0,0.00666716
17,434.412,10.9501,6,2,0.0537109,0,0.00660583
18,435.151,11.2009,6,2,0.0527344,0,0.00656906
19,435.151,11.3002,6,2,0.0566406,0,0.00663546
20,435.117,11.9478,6,2,0.0615234,0,0.00660412
21,435.151,11.1864,6,2,0.0537109,0,0.00673755
22,434.954,11.7211,6,2,0.0585938,0,0.00666784
23,435.117,11.0021,6,2,0.0517578,0,0.00682523
24,435.127,12.034,6,2,0.0615234,0,0.00676025
25,435.053,12.0775,6,2,0.0615234,0,0.00671717
26,435.149,11.2414,6,2,0.0566406,0,0.0067046
27,435.053,10.182,6,2,0.0449219,0,0.00656494
28,434.902,12.3987,6,2,0.0664062,0,0.00662256
29,435.149,11.3648,6,2,0.0546875,0,0.00662781
30,110.371,9.03938,6,1,0.0351562,0,0.0066935
31,435.117,11.6649,6,2,0.0576172,0,0.00677988
32,1011.78,12.2845,6,3,0.0595703,0,0.00669116
33,110.903,10.4854,6,1,0.0498047,0,0.00667378
34,1008.92,12.6357,6,3,0.0605469,0,0.00685207
35,434.818,12.0118,6,2,0.0625,0,0.00682438
36,435.117,12.7962,6,2,0.0625,0,0.00666288
37,434.954,11.966,6,2,0.0585938,0,0.00666453
38,109.829,11.6365,6,1,0.0605469,0,0.00673496
39,435.151,13.387,6,2,0.0703125,0,0.0067935
40,113.897,11.7514,6,1,0.0615234,0,0.0066243
41,435.127,13.3522,6,2,0.0683594,0,0.00670151
42,435.127,13.6319,6,2,0.0673828,0,0.00677084
43,435.151,12.4056,6,2,0.0615234,0,0.00671039
44,435.053,11.0918,6,2,0.0527344,0,0.00665473
45,435.127,11.7767,6,2,0.0488281,0,0.00672947
46,435.151,12.7794,6,2,0.0654297,0,0.00683932
47,1011.31,14.8682,6,3,0.0771484,0,0.00684077
48,435.117,12.0476,6,2,0.0556641,0,0.00679384
49,1008.21,13.261,6,3,0.0644531,0,0.00706647
50,435.151,13.182,6,2,0.0634766,0,0.00691182
51,435.117,13.4933,6,2,0.0664062,0,0.00702129
52,435.053,13.105,6,2,0.0654297,0,0.00690086
53,435.127,13.9033,6,2,0.0703125,0,0.00681594
54,435.151,13.5213,7,2,0.0644531,0,0.006837
55,435.076,14.647,7,2,0.0742188,0,0.00690424
56,1008.92,14.38,7,3,0.0703125,0,0.00691928
57,435.053,13.4943,7,2,0.0654297,0,0.00694096
58,435.151,13.4731,7,2,0.0673828,0,0.00689959
59,435.127,13.2495,6,2,0.0654297,0,0.0068005
60,435.149,12.3551,7,2,0.0566406,0,0.00689053
61,435.053,13.1381,7,2,0.0644531,0,0.00686061
62,110.903,11.0896,7,1,0.0478516,0,0.0069758
63,435.053,12.4683,7,2,0.0546875,0,0.00689488
64,1012.18,14.4858,7,3,0.0703125,0,0.00691639
65,1010.21,14.5745,7,3,0.0703125,0,0.00702073
66,435.151,13.6982,7,2,0.0683594,0,0.00701694
67,110.371,13.0117,7,1,0.0654297,0,0.00708825
68,435.151,16.1886,7,2,0.0820312,0,0.00695342
69,435.149,14.6319,7,2,0.0761719,0,0.00688656
70,435.151,13.3399,7,2,0.0644531,0,0.00698117
71,435.151,14.7082,7,2,0.0751953,0,0.00695045
72,435.127,13.8163,7,2,0.0683594,0,0.00695824
73,435.149,16.2985,7,2,0.0927734,0,0.00693635
74,1008.92,16.235,7,3,0.0761719,0,0.00699194
75,435.151,13.3004,7,2,0.0634766,0,0.00702124
76,435.151,14.9007,7,2,0.0722656,0,0.00704843
77,1007.46,14.8774,7,3,0.0703125,0,0.00704615
78,435.149,14.948,8,2,0.0732422,0,0.00694172
79,435.149,14.0493,7,2,0.0673828,0,0.00696293
80,435.127,14.9299,8,2,0.0771484,0,0.00697805
81,434.954,14.4247,7,2,0.0751953,0,0.00696948
82,435.151,13.2817,8,2,0.0615234,0,0.00712424
83,435.053,13.5143,7,2,0.0654297,0,0.00703161
84,434.781,14.0805,8,2,0.0673828,0,0.00705409
85,435.151,15.7698,7,2,0.0820312,0,0.00710488
86,435.127,15.0319,8,2,0.0732422,0,0.00715858
87,435.151,14.6152,8,2,0.0722656,0,0.00700107
88,435.149,15.1468,8,2,0.0791016,0,0.00707178
89,435.127,16.9352,8,2,0.0878906,0,0.0070038
90,435.149,16.5528,8,2,0.0830078,0,0.00712816
91,435.149,16.7316,8,2,0.0888672,0,0.00708872
92,1010.79,17.9172,8,3,0.09375,0,0.00705629
93,435.151,13.8931,8,2,0.0634766,0,0.00716091
94,1011.78,17.2563,8,3,0.0869141,0,0.00707509
95,435.151,16.8254,8,2,0.0869141,0,0.00708431
96,435.151,14.5664,8,2,0.0722656,0,0.00708945
97,435.127,15.0561,8,2,0.0751953,0,0.00719454
98,435.151,15.9186,8,2,0.0859375,0,0.00705322
99,435.149,15.3736,8,2,0.0742188,0,0.00709547
100,435.149,17.9572,8,2,0.0927734,0,0.00713131
101,435.053,15.6521,8,2,0.0810547,0,0.00717397
102,1008.92,16.096,8,3,0.0820312,0,0.00731443
103,435.127,16.3952,8,2,0.0810547,0,0.0071852
104,435.151,16.9615,8,2,0.0869141,0,0.00720113
105,435.151,16.3713,8,2,0.0839844,0,0.00716377
106,435.151,16.6139,8,2,0.0820312,0,0.00731328
107,435.151,20.2898,8,2,0.106445,0,0.0072339
108,435.149,17.7017,8,2,0.0996094,0,0.00711924
109,435.151,17.6968,8,2,0.0908203,0,0.00722953
110,1011.31,17.9707,8,3,0.0888672,0,0.00716114
111,435.127,17.8751,8,2,0.09375,0,0.00740747
112,1010.79,18.1736,8,3,0.0917969,0,0.00722239
113,435.151,18.7457,8,2,0.0947266,0,0.00733567
114,435.053,16.7071,8,2,0.0888672,0,0.0073179
115,435.149,16.3954,8,2,0.078125,0,0.00725358
116,435.127,18.3549,9,2,0.100586,0,0.00730597
117,435.127,21.953,9,2,0.124023,0,0.00735105
118,435.151,24.2585,9,2,0.137695,0,0.00748091
119,435.151,23.0909,9,2,0.121094,0,0.00741655
120,435.149,19.7276,9,2,0.110352,0,0.0073784
121,435.151,22.2899,9,2,0.12793,0,0.00750797
122,435.149,21.7072,9,2,0.118164,0,0.00741711
123,435.151,22.7948,9,2,0.128906,0,0.0074462
124,1009.59,22.5648,9,3,0.121094,0,0.00740027
125,1010.79,26.2274,9,3,0.15332,0,0.00742056
126,435.149,23.7434,9,2,0.138672,0,0.00756995
127,435.151,22.0442,9,2,0.125,0,0.00754471
128,1008.92,24.4217,9,3,0.129883,0,0.00742815
129,435.151,26.0288,9,2,0.146484,0,0.00744988
130,435.151,26.3047,9,2,0.158203,0,0.00758504
131,435.151,23.432,9,2,0.140625,0,0.00750236
132,1009.59,25.8121,9,3,0.144531,0,0.00757999
133,435.151,25.0831,9,2,0.150391,0,0.0074677
134,435.151,27.0184,9,2,0.158203,0,0.00753354
135,1009.59,24.9325,9,3,0.149414,0,0.00751524
136,435.151,26.42,9,2,0.155273,0,0.00748605
137,1009.59,26.1128,9,3,0.148438,0,0.0075127
138,1008.92,24.7018,9,3,0.143555,0,0.00756159
139,1008.92,29.6333,9,3,0.178711,0,0.00750882
140,1009.59,26.8387,9,3,0.158203,0,0.00764328
141,1009.59,29.5929,9,3,0.182617,0,0.00758317
142,435.151,27.5131,9,2,0.170898,0,0.0076941
143,1008.92,30.7765,9,3,0.192383,0,0.00759467
144,1010.79,31.9309,9,3,0.181641,0,0.0076561
145,435.151,32.7533,9,2,0.204102,0,0.00765872
146,1009.59,31.7314,9,3,0.200195,0,0.00760545
147,435.151,30.1056,9,2,0.194336,0,0.00764036
148,1011.31,30.8856,9,3,0.196289,0,0.00771922
149,1008.92,34.5628,9,3,0.222656,0,0.0076676
150,435.151,31.7774,9,2,0.194336,0,0.00763324
151,1008.92,31.0742,9,3,0.189453,0,0.00760191
152,435.149,29.4888,9,2,0.183594,0,0.00763838
153,1008.92,33.9668,9,3,0.217773,0,0.00766777
154,1010.79,34.4626,9,3,0.211914,0,0.00768296
155,435.149,33.8435,9,2,0.222656,0,0.00773908
156,435.151,35.1821,9,2,0.22168,0,0.0077637
157,2957.75,35.5425,9,5,0.209961,0,0.00762511
158,1008.92,38.855,9,3,0.24707,0,0.00773812
159,1010.21,36.9924,9,3,0.227539,0,0.00778376
160,1009.59,35.7516,9,3,0.232422,0,0.00773092
161,1009.59,37.4932,9,3,0.239258,0,0.00779688
162,1011.31,36.571,9,3,0.231445,0,0.00786681
163,1011.31,41.0327,9,3,0.249023,0,0.00780295
164,435.151,37.9214,9,2,0.241211,0,0.00788494
165,1008.92,34.7193,9,3,0.222656,0,0.00773369
166,1011.31,36.7962,9,3,0.229492,0,0.00777922
167,1846.55,37.463,9,4,0.234375,0,0.00776865
168,435.151,36.6871,9,2,0.249023,0,0.00781398
169,1011.31,39.4963,9,3,0.251953,0,0.00782312
170,435.149,37.9597,9,2,0.250977,0,0.00780097
171,1008.92,40.7173,9,3,0.251953,0,0.00781329
172,435.151,35.9649,9,2,0.239258,0,0.00784529
173,1843.9,39.5816,9,4,0.24707,0,0.00782593
174,1008.92,39.5356,9,3,0.262695,0,0.00790498
175,1011.31,39.7645,10,3,0.256836,0,0.0080066
176,1008.92,39.6801,9,3,0.258789,0,0.00791669
177,1011.78,42.6303,10,3,0.276367,0,0.00800431
178,435.151,43.9589,9,2,0.283203,0,0.00783967
179,1008.92,43.4423,9,3,0.274414,0,0.00782821
180,1843.9,42.1739,9,4,0.262695,0,0.00782213
181,1011.31,38.8643,9,3,0.248047,0,0.00793034
182,435.151,37.9031,9,2,0.253906,0,0.00789641
183,1008.92,43.2192,9,3,0.272461,0,0.00778943
184,1011.78,43.7466,10,3,0.289062,0,0.00800721
185,435.151,42.1211,9,2,0.280273,0,0.0078747
186,1008.92,38.4494,9,3,0.243164,0,0.00769783
187,1010.21,42.321,10,3,0.267578,0,0.00793896
188,1011.31,45.8875,10,3,0.283203,0,0.00794729
189,1010.21,42.0882,9,3,0.270508,0,0.0079537
190,1008.92,42.7558,10,3,0.282227,0,0.00803045
191,1009.59,45.2252,9,3,0.289062,0,0.00792129
192,435.151,40.2833,10,2,0.262695,0,0.00789819
193,1011.31,43.0567,10,3,0.276367,0,0.00796555
194,1843.9,48.2066,11,4,0.291016,0,0.0079298
195,1008.92,45.7459,11,3,0.299805,0,0.00790729
196,1008.92,47.7642,10,3,0.306641,0,0.00792097
197,435.151,41.7107,9,2,0.274414,0,0.00790355
198,435.151,44.6618,10,2,0.287109,0,0.00791106
199,435.151,45.0244,10,2,0.306641,0,0.00786371
200,1011.31,44.6572,10,3,0.287109,0,0.00793196
201,1008.92,46.141,11,3,0.3125,0,0.00822114
202,435.151,41.0128,10,2,0.277344,0,0.00795297
203,1011.31,44.8542,9,3,0.28418,0,0.00786786
204,1011.31,44.6273,11,3,0.291992,0,0.00792866
205,1009.59,45.2254,10,3,0.294922,0,0.00793985
206,1010.79,47.7291,11,3,0.301758,0,0.00797718
207,1008.92,46.5769,10,3,0.290039,0,0.00798824
208,1011.31,43.9532,10,3,0.27832,0,0.00795691
209,1012.52,48.6842,10,3,0.297852,0,0.00789964
210,1011.78,45.4778,9,3,0.294922,0,0.00785686
211,1011.31,45.6374,11,3,0.291992,0,0.00804105
212,1011.31,46.8783,11,3,0.294922,0,0.00808846
213,1011.31,46.9375,12,3,0.300781,0,0.00805025
214,435.151,43.984,11,2,0.292969,0,0.00796186
215,435.151,40.1726,11,2,0.272461,0,0.00804435
216,1008.92,47.8278,11,3,0.3125,0,0.00807344
217,1009.59,44.1933,10,3,0.280273,0,0.00801829
218,1008.92,48.5143,11,3,0.308594,0,0.0080071
219,1011.31,46.7462,11,3,0.307617,0,0.00808761
220,1010.79,43.1741,9,3,0.27832,0,0.00807681
221,1008.92,39.984,10,3,0.267578,0,0.00805362
222,1010.79,50.0365,11,3,0.314453,0,0.00807561
223,1010.79,42.2026,10,3,0.271484,0,0.00806907
224,1008.92,48.4761,11,3,0.321289,0,0.00799096
225,1011.78,47.02,10,3,0.307617,0,0.00796719
226,1009.59,43.7299,11,3,0.295898,0,0.00799281
227,1008.92,45.732,11,3,0.306641,0,0.0079803
228,1008.92,47.5632,11,3,0.320312,0,0.0080425
229,1011.78,48.3204,11,3,0.31543,0,0.00804303
230,1008.92,49.869,11,3,0.327148,0,0.00803226
231,1008.92,47.915,11,3,0.306641,0,0.00799483
232,1011.31,52.8587,12,3,0.347656,0,0.00799417
233,1008.92,43.2379,11,3,0.291016,0,0.00791967
234,1008.92,53.9576,12,3,0.358398,0,0.00793445
235,1843.9,48.9464,11,4,0.310547,0,0.00795914
236,1008.92,47.3731,10,3,0.298828,0,0.00798084
237,1009.59,51.3817,11,3,0.333984,0,0.00793471
238,1011.31,50.5317,12,3,0.328125,0,0.008065
239,1008.92,46.3761,11,3,0.293945,0,0.00801768
240,1009.59,48.2809,11,3,0.3125,0,0.00801088
241,1011.31,48.9225,12,3,0.30957,0,0.00813592
242,435.151,43.6779,11,2,0.294922,0,0.00800335
243,1010.21,54.3161,12,3,0.349609,0,0.00808849
244,1010.21,43.8235,11,3,0.288086,0,0.00794253
245,1008.92,52.1257,12,3,0.323242,0,0.0079615
246,1008.92,50.3118,12,3,0.335938,0,0.00802872
247,435.151,46.3951,11,2,0.317383,0,0.00795716
248,1011.31,47.4457,12,3,0.319336,0,0.00795671
249,1008.92,47.6691,12,3,0.313477,0,0.00807265
250,1011.78,43.4292,12,3,0.286133,0,0.00814155
251,1008.92,49.3172,12,3,0.321289,0,0.00803759
252,1008.92,52.6115,13,3,0.344727,0,0.00813018
253,1008.92,51.5034,12,3,0.336914,0,0.0081401
254,1843.9,50.5034,12,4,0.319336,0,0.00808193
255,1011.31,49.0103,12,3,0.326172,0,0.00813102
256,1008.92,47.3266,12,3,0.314453,0,0.00810637
257,435.151,51.4268,13,2,0.34375,0,0.00815343
258,435.151,46.5771,11,2,0.314453,0,0.0082087
259,1008.92,54.5628,12,3,0.34082,0,0.00815003
260,1008.92,47.1601,12,3,0.310547,0,0.00811967
261,1008.92,47.9055,12,3,0.316406,0,0.00810818
262,1008.92,45.346,12,3,0.303711,0,0.00807316
263,435.127,46.5615,12,2,0.317383,0,0.00811201
264,1011.31,48.6583,12,3,0.316406,0,0.00818201
265,1011.78,50.8418,12,3,0.321289,0,0.00816724
266,1008.92,49.9659,12,3,0.337891,0,0.00806453
267,1008.92,49.4152,12,3,0.331055,0,0.00826087
268,1008.92,46.5814,12,3,0.319336,0,0.00814693
269,435.151,49.0713,13,2,0.328125,0,0.00823029
270,1009.59,51.4313,12,3,0.326172,0,0.00811093
271,435.151,49.1037,12,2,0.333984,0,0.00809061
272,1008.92,45.5045,12,3,0.290039,0,0.00814578
273,1008.92,47.8581,12,3,0.322266,0,0.00816021
274,1008.92,50.3745,12,3,0.325195,0,0.00813011
275,1010.21,49.7076,12,3,0.313477,0,0.00829239
276,1008.92,49.5965,13,3,0.326172,0,0.00810368
277,1009.59,48.5057,12,3,0.313477,0,0.00801327
278,1011.31,53.3993,13,3,0.333008,0,0.00806097
279,1008.92,46.3272,12,3,0.311523,0,0.00806393
280,435.151,44.7833,11,2,0.291016,0,0.00798999
281,1011.31,50.9199,13,3,0.329102,0,0.00808109
282,1011.31,51.733,13,3,0.34082,0,0.00807704
283,1011.31,56.4299,12,3,0.350586,0,0.00809696
284,1008.92,49.7549,12,3,0.337891,0,0.00802563
285,1011.31,48.8161,13,3,0.333984,0,0.00815811
286,435.151,47.1213,13,2,0.320312,0,0.00810499
287,1843.9,45.8333,12,4,0.286133,0,0.00809033
288,1008.92,46.5074,12,3,0.310547,0,0.00810614
289,1010.79,51.4894,12,3,0.341797,0,0.00824116
290,435.151,43.0747,12,2,0.294922,0,0.00810775
291,1009.59,48.2043,12,3,0.325195,0,0.00810929
292,1008.92,48.266,12,3,0.318359,0,0.00805157
293,435.149,46.5944,13,2,0.317383,0,0.00813849
294,1011.31,47.835,13,3,0.311523,0,0.00817532
295,1008.92,49.174,13,3,0.325195,0,0.00815342
296,1008.92,50.5362,12,3,0.333008,0,0.00811683
297,1011.31,49.5143,13,3,0.329102,0,0.00812251
298,1010.79,52.3988,12,3,0.339844,0,0.00809127
299,435.151,49.4248,13,2,0.330078,0,0.00804586
300,1008.92,47.8178,13,3,0.324219,0,0.0080214
301,1843.9,50.6991,13,4,0.328125,0,0.00816124
302,1010.21,54.4598,13,3,0.345703,0,0.00805492
303,1008.92,50.2836,13,3,0.329102,0,0.00810126
304,1008.92,42.8229,12,3,0.283203,0,0.00804832
305,1010.21,52.914,12,3,0.334961,0,0.00811401
306,1008.92,49.8531,13,3,0.323242,0,0.00811371
307,1010.79,52.7929,13,3,0.342773,0,0.00816319
308,1843.9,50.7169,13,4,0.329102,0,0.00826553
309,1008.92,48.024,13,3,0.316406,0,0.00816923
310,1011.31,49.4591,13,3,0.321289,0,0.0081594
311,435.151,47.7857,13,2,0.330078,0,0.00797657
312,1008.92,51.7385,13,3,0.333984,0,0.00812904
313,1011.31,51.4849,13,3,0.338867,0,0.00807079
314,1008.92,47.6441,13,3,0.310547,0,0.00813203
315,1008.92,48.3271,13,3,0.317383,0,0.00810748
316,1011.78,52.7916,12,3,0.338867,0,0.00819493
317,1009.59,44.5801,12,3,0.298828,0,0.00806633
318,1011.31,46.4856,12,3,0.302734,0,0.00811007
319,435.151,50.5681,13,2,0.34082,0,0.00809646
320,1011.31,54.9178,13,3,0.358398,0,0.00812978
321,1008.92,51.6357,13,3,0.331055,0,0.00818456
322,1011.78,53.627,13,3,0.344727,0,0.00821566
323,1008.92,48.7443,13,3,0.310547,0,0.00813027
324,1008.92,54.3663,13,3,0.34375,0,0.0081333
325,435.151,49.7941,13,2,0.323242,0,0.008098
326,1012.18,54.1084,13,3,0.349609,0,0.00802676
327,1009.59,54.4131,13,3,0.357422,0,0.00808138
328,1008.92,52.224,13,3,0.332031,0,0.00815141
329,435.151,51.3109,13,2,0.342773,0,0.00821584
330,1008.92,49.4216,13,3,0.321289,0,0.00808846
331,1008.92,53.1697,13,3,0.352539,0,0.00814567
332,1011.31,53.6953,13,3,0.349609,0,0.00813701
333,1008.92,50.5772,12,3,0.324219,0,0.00809558
334,435.151,47.3697,13,2,0.331055,0,0.00813413
335,1011.31,50.4458,12,3,0.326172,0,0.00814622
336,435.151,48.5495,13,2,0.318359,0,0.00808319
337,1011.31,51.8727,13,3,0.335938,0,0.00807471
338,1009.59,50.048,13,3,0.320312,0,0.00809777
339,1008.92,54.0097,13,3,0.34668,0,0.00816941
340,1008.92,55.7223,13,3,0.357422,0,0.00821709
341,1011.31,49.4551,13,3,0.322266,0,0.00818713
342,1011.31,47.7671,13,3,0.310547,0,0.00805654
343,1008.92,50.1601,13,3,0.328125,0,0.00805024
344,435.151,51.7193,13,2,0.337891,0,0.00822262
345,1011.31,51.6315,13,3,0.325195,0,0.00812438
346,1008.92,42.7207,12,3,0.277344,0,0.00811918
347,1008.92,45.5452,13,3,0.300781,0,0.00809613
348,435.151,47.8385,13,2,0.317383,0,0.00804816
349,1008.92,50.0308,13,3,0.316406,0,0.00816549
350,1008.92,46.1729,13,3,0.298828,0,0.00814458
351,1011.78,53.0117,13,3,0.344727,0,0.00813261
352,1008.92,49.3748,13,3,0.326172,0,0.00818178
353,1843.9,52.8936,13,4,0.342773,0,0.00810115
354,1011.31,55.342,13,3,0.356445,0,0.00811603
355,1008.92,49.6746,13,3,0.320312,0,0.00820716
356,1009.59,46.9026,13,3,0.306641,0,0.00811915
357,1011.31,55.0559,13,3,0.371094,0,0.00816641
358,435.151,45.8458,13,2,0.307617,0,0.00810598
359,1011.31,50.4302,13,3,0.327148,0,0.00823353
360,1008.92,48.9361,13,3,0.330078,0,0.00824125
361,1843.9,53.0253,13,4,0.337891,0,0.00828937
362,435.151,49.4715,13,2,0.330078,0,0.00819062
363,1009.59,48.7162,13,3,0.334961,0,0.00811727
364,1008.92,52.3365,13,3,0.330078,0,0.00815086
365,1008.92,50.6197,13,3,0.335938,0,0.00812856
366,1008.92,50.2461,13,3,0.333008,0,0.00815761
367,1011.31,54.4077,13,3,0.342773,0,0.00813299
368,1008.92,56.2906,13,3,0.375977,0,0.00823276
369,1008.92,53.0494,13,3,0.336914,0,0.00822241
370,1010.79,53.6885,13,3,0.344727,0,0.00813435
371,1011.78,55.4174,13,3,0.357422,0,0.00810985
372,1843.9,54.4481,13,4,0.339844,0,0.00810476
373,1011.31,51.7204,13,3,0.345703,0,0.00828123
374,435.151,54.7795,13,2,0.374023,0,0.00830988
375,1010.21,50.7654,13,3,0.335938,0,0.00819642
376,1008.92,57.4308,13,3,0.373047,0,0.00824293
377,1843.9,55.5601,13,4,0.365234,0,0.00813374
378,1008.92,48.6799,13,3,0.333008,0,0.00829596
379,1011.31,51.5025,13,3,0.324219,0,0.00807386
380,435.151,51.6087,13,2,0.336914,0,0.0081678
381,435.151,50.8119,13,2,0.330078,0,0.00822525
382,1009.59,47.4251,13,3,0.313477,0,0.00824815
383,1008.92,51.9166,13,3,0.335938,0,0.00820696
384,1008.92,48.7881,13,3,0.313477,0,0.00812044
385,435.149,47.3314,13,2,0.319336,0,0.00817187
386,1011.31,50.9801,13,3,0.334961,0,0.00813449
387,1008.92,51.7686,13,3,0.344727,0,0.00818555
388,1008.92,47.7337,13,3,0.321289,0,0.00823303
389,1009.59,55.945,13,3,0.355469,0,0.00829573
390,1008.92,51.5422,13,3,0.335938,0,0.00815746
391,1008.92,52.6911,13,3,0.335938,0,0.00814549
392,1008.92,50.2918,13,3,0.323242,0,0.00823773
393,1008.92,51.5091,13,3,0.334961,0,0.00818416
394,1009.59,50.7047,13,3,0.327148,0,0.00813301
395,1010.79,57.8878,13,3,0.388672,0,0.00823105
396,1008.92,49.4196,13,3,0.328125,0,0.00809344
397,1011.31,50.9586,13,3,0.322266,0,0.0081934
398,1008.92,52.3624,13,3,0.334961,0,0.00820423
399,1011.31,53.6529,13,3,0.34668,0,0.00816607
400,1011.31,53.3489,13,3,0.34375,0,0.00824594
401,1009.59,55.1181,13,3,0.363281,0,0.00825214
402,1011.31,48.2879,13,3,0.316406,0,0.00811911
403,435.151,50.1665,13,2,0.328125,0,0.00819482
404,1008.92,51.0224,13,3,0.337891,0,0.00821228
405,1009.59,52.684,13,3,0.34375,0,0.00818193
406,1843.9,54.8839,13,4,0.353516,0,0.00815077
407,1008.92,51.0659,13,3,0.332031,0,0.00810465
408,1009.59,54.3739,13,3,0.357422,0,0.00825509
409,1009.59,52.2828,13,3,0.335938,0,0.00817266
410,1011.31,48.7651,13,3,0.317383,0,0.00820438
411,1008.92,47.4174,13,3,0.305664,0,0.00820049
412,1008.92,54.6024,13,3,0.357422,0,0.00816519
413,1011.78,57.9074,13,3,0.380859,0,0.00832027
414,435.151,51.4706,13,2,0.345703,0,0.00826788
415,1008.92,55.0869,13,3,0.358398,0,0.00826764
416,1011.31,52.7066,13,3,0.335938,0,0.00816773
417,1843.9,54.0814,13,4,0.356445,0,0.00812971
418,1008.92,52.2519,13,3,0.335938,0,0.00822855
419,1008.92,50.6324,13,3,0.329102,0,0.00821168
420,1008.92,56.011,13,3,0.357422,0,0.00823269
421,1008.92,47.6808,13,3,0.314453,0,0.00808291
422,1008.92,48.8269,13,3,0.337891,0,0.0080664
423,435.127,49.1143,13,2,0.331055,0,0.00817628
424,1010.21,53.3884,13,3,0.336914,0,0.008288
425,1008.92,45.282,12,3,0.293945,0,0.00824307
426,1011.31,44.994,13,3,0.301758,0,0.00822041
427,1009.59,53.0596,13,3,0.349609,0,0.00823909
428,435.127,50.5132,13,2,0.335938,0,0.00827267
429,1011.78,59.1602,13,3,0.371094,0,0.00826611
430,1008.92,57.5523,13,3,0.388672,0,0.00813401
431,435.151,48.951,13,2,0.307617,0,0.00821236
432,1843.9,50.0881,13,4,0.313477,0,0.00812655
433,1011.78,49.2849,13,3,0.330078,0,0.00813227
434,1009.59,59.3821,13,3,0.388672,0,0.00817999
435,1011.31,54.1025,13,3,0.354492,0,0.00816854
436,1008.92,55.8702,13,3,0.359375,0,0.00821953
437,1009.59,53.9491,13,3,0.347656,0,0.00822684
438,435.151,48.8371,13,2,0.333008,0,0.00822302
439,1011.31,54.6087,13,3,0.349609,0,0.00821626
440,435.151,47.3791,13,2,0.3125,0,0.00822714
441,1011.31,51.1565,13,3,0.339844,0,0.00817764
442,1008.92,47.8092,13,3,0.328125,0,0.00815042
443,1843.9,51.4105,13,4,0.330078,0,0.00812483
444,1848.92,55.7988,13,4,0.366211,0,0.00826378
445,1010.21,51.6958,13,3,0.323242,0,0.00815667
446,1008.92,52.0221,13,3,0.335938,0,0.00818417
447,1008.92,53.1167,13,3,0.351562,0,0.00817234
448,1008.92,46.8631,13,3,0.30957,0,0.00819715
449,1008.92,54.3772,13,3,0.360352,0,0.00823413
450,1010.79,55.6282,13,3,0.351562,0,0.00814131
451,1845.26,51.2857,13,4,0.337891,0,0.00811685
452,1008.92,51.9066,13,3,0.331055,0,0.00817092
453,1008.92,54.4422,13,3,0.352539,0,0.00822023
454,1010.79,52.975,13,3,0.34375,0,0.00814158
455,435.151,46.7366,13,2,0.311523,0,0.00821049
456,1008.92,48.6528,13,3,0.326172,0,0.00811464
457,1011.31,53.4116,13,3,0.356445,0,0.00826933
458,1843.9,55.3683,13,4,0.357422,0,0.0081038
459,1009.59,50.6679,13,3,0.34082,0,0.00814677
460,1008.92,52.489,13,3,0.338867,0,0.00821915
461,435.151,46.829,13,2,0.310547,0,0.00823347
462,1011.31,56.0885,13,3,0.359375,0,0.00826544
463,1008.92,46.8865,13,3,0.306641,0,0.00819635
464,1843.9,51.6793,13,4,0.313477,0,0.00816297
465,1009.59,52.6322,13,3,0.356445,0,0.00823847
466,1008.92,56.3928,13,3,0.371094,0,0.00830749
467,435.151,51.766,13,2,0.362305,0,0.00816272
468,435.151,50.9811,13,2,0.344727,0,0.0081875
469,1008.92,45.5805,13,3,0.304688,0,0.00814639
470,1008.92,47.5673,13,3,0.314453,0,0.00826892
471,1008.92,57.5389,13,3,0.385742,0,0.00815226
472,1008.92,49.6831,13,3,0.335938,0,0.00819986
473,1008.92,44.998,13,3,0.299805,0,0.00823222
474,435.151,50.4392,13,2,0.341797,0,0.008202
475,1011.31,48.5152,13,3,0.328125,0,0.00819031
476,1008.92,50.627,13,3,0.337891,0,0.00819954
477,1009.59,55.7082,13,3,0.355469,0,0.008233
478,1008.92,51.8182,13,3,0.353516,0,0.00820811
479,1008.92,52.4005,13,3,0.329102,0,0.00827258
480,1011.31,49.0905,13,3,0.347656,0,0.00821783
481,1008.92,53.0157,13,3,0.351562,0,0.00818812
482,1011.31,51.5947,13,3,0.336914,0,0.00821612
483,1843.9,53.3131,13,4,0.347656,0,0.00825395
484,1008.92,55.0988,13,3,0.351562,0,0.00831495
485,1011.31,52.3804,13,3,0.338867,0,0.00828056
486,1008.92,50.894,13,3,0.34082,0,0.00825049
487,435.151,52.3077,13,2,0.350586,0,0.00825957
488,1011.31,54.2382,13,3,0.355469,0,0.00819683
489,1010.21,52.0435,13,3,0.350586,0,0.00836938
490,1009.59,56.9276,13,3,0.373047,0,0.00823111
491,1008.92,51.2299,13,3,0.339844,0,0.00823908
492,1008.92,51.0702,13,3,0.34668,0,0.0082595
493,1012.18,51.7773,13,3,0.34375,0,0.00816278
494,1008.92,52.7944,13,3,0.336914,0,0.008193
495,435.151,48.1256,13,2,0.325195,0,0.00822124
496,1008.92,48.2542,13,3,0.321289,0,0.00819607
497,1008.92,51.5382,13,3,0.34082,0,0.00826238
498,1008.92,55.6598,13,3,0.366211,0,0.00829041
499,1008.92,50.055,13,3,0.333008,0,0.00821475
500,1011.31,60.2066,13,3,0.391602,0,0.00817982
501,1011.31,49.2096,13,3,0.311523,0,0.008245
502,435.151,53.1211,13,2,0.351562,0,0.00817091
503,1845.26,55.1193,13,4,0.342773,0,0.00824885
504,1008.92,52.475,13,3,0.352539,0,0.00829985
505,1011.31,54.9337,13,3,0.344727,0,0.00821738
506,1008.92,51.5572,13,3,0.34082,0,0.00826989
507,435.151,50.0396,13,2,0.338867,0,0.00830352
508,1008.92,50.5437,13,3,0.331055,0,0.00817641
509,1008.92,56.4505,13,3,0.361328,0,0.0081652
510,1008.92,48.5099,13,3,0.314453,0,0.00820304
511,1008.92,47.3686,13,3,0.319336,0,0.00822264
512,1008.92,53.7097,13,3,0.34082,0,0.00818571
513,1011.31,53.0546,13,3,0.350586,0,0.00833523
514,1008.92,53.958,13,3,0.355469,0,0.00833166
515,1008.92,51.6117,13,3,0.326172,0,0.00834763
516,1008.92,56.1868,13,3,0.370117,0,0.00830681
517,1843.9,55.6894,13,4,0.349609,0,0.00832049
518,1011.31,52.5036,13,3,0.341797,0,0.0082465
519,1008.92,52.702,13,3,0.342773,0,0.00829061
520,435.151,51.6163,13,2,0.352539,0,0.00824392
521,1009.59,51.0561,13,3,0.335938,0,0.00819928
522,1011.31,52.4195,13,3,0.34668,0,0.00827177
523,1011.31,51.1006,13,3,0.34668,0,0.00824465
524,1008.92,49.8626,13,3,0.34375,0,0.00815456
525,1011.31,59.1599,13,3,0.378906,0,0.00828916
526,435.127,45.9267,13,2,0.3125,0,0.008327
527,1011.31,54.4319,13,3,0.362305,0,0.00838071
528,435.151,54.244,13,2,0.352539,0,0.00835936
529,1008.92,56.328,13,3,0.365234,0,0.00846101
530,1843.9,57.4245,13,4,0.374023,0,0.0083002
531,435.149,51.5532,13,2,0.341797,0,0.00826635
532,1008.92,52.3123,13,3,0.357422,0,0.0083524
533,1008.92,49.9427,13,3,0.329102,0,0.00825917
534,1011.31,53.4208,13,3,0.331055,0,0.00835236
535,435.151,49.7645,13,2,0.334961,0,0.00827345
536,1011.31,48.262,13,3,0.311523,0,0.0083766
537,1843.9,58.5155,13,4,0.360352,0,0.00825866
538,1011.31,53.8148,13,3,0.363281,0,0.00833183
539,1008.92,57.4149,13,3,0.374023,0,0.00830871
540,435.151,52.5614,13,2,0.358398,0,0.00832826
541,1008.92,55.5799,13,3,0.369141,0,0.00832224
542,1011.31,58.1488,13,3,0.371094,0,0.00834114
543,1008.92,51.5716,13,3,0.337891,0,0.00834553
544,1008.92,56.8007,13,3,0.375,0,0.00832702
545,1011.31,50.0264,13,3,0.326172,0,0.00832998
546,1009.59,55.7339,13,3,0.365234,0,0.00833681
547,1008.92,50.0254,13,3,0.332031,0,0.00831096
548,1009.59,54.0171,13,3,0.338867,0,0.0082278
549,1011.31,50.3722,13,3,0.323242,0,0.00825098
550,1008.92,54.841,13,3,0.367188,0,0.00821291
551,1008.92,48.4643,13,3,0.320312,0,0.00830945
552,1843.9,49.3824,13,4,0.314453,0,0.00824261
553,1011.31,51.3309,13,3,0.344727,0,0.00833621
554,1010.21,54.612,13,3,0.358398,0,0.00828872
555,1008.92,51.8055,13,3,0.337891,0,0.0082922
556,1011.31,60.0659,13,3,0.385742,0,0.00826361
557,1843.9,54.9474,13,4,0.333984,0,0.00825881
558,435.127,50.5211,13,2,0.333008,0,0.00818547
559,1008.92,51.689,13,3,0.341797,0,0.00828428
560,1008.92,57.4712,13,3,0.365234,0,0.0082312
561,1008.92,53.049,13,3,0.338867,0,0.00829706
562,1008.92,53.3042,13,3,0.349609,0,0.00849358
563,1008.92,50.8414,13,3,0.337891,0,0.0083027
564,1011.31,51.2311,13,3,0.342773,0,0.00832296
565,1008.92,54.0379,13,3,0.351562,0,0.00830157
566,1008.92,48.3359,13,3,0.311523,0,0.00831877
567,1008.92,54.7136,13,3,0.355469,0,0.00837403
568,1009.59,57.3713,13,3,0.365234,0,0.00831474
569,1008.92,52.5855,13,3,0.34082,0,0.00834413
570,1009.59,51.1494,13,3,0.342773,0,0.00836759
571,1008.92,57.6653,13,3,0.365234,0,0.00829679
572,1008.92,51.852,13,3,0.338867,0,0.00821204
573,1843.9,51.8327,13,4,0.329102,0,0.00822664
574,1008.92,54.7397,13,3,0.366211,0,0.00826604
575,1843.9,52.0148,13,4,0.331055,0,0.00821761
576,1011.31,52.1971,13,3,0.339844,0,0.00824007
577,1008.92,53.9023,13,3,0.359375,0,0.00827354
578,1009.59,55.1205,13,3,0.365234,0,0.00825571
579,1008.92,54.276,13,3,0.354492,0,0.00832834
580,1008.92,54.3259,13,3,0.351562,0,0.00835475
581,1008.92,55.7831,13,3,0.369141,0,0.00838181
582,1011.31,48.2452,13,3,0.308594,0,0.00821904
583,1008.92,52.4683,13,3,0.337891,0,0.00826885
584,435.151,51.1227,13,2,0.342773,0,0.00835877
585,1008.92,55.8384,13,3,0.364258,0,0.00832248
586,1008.92,53.2042,13,3,0.354492,0,0.0084039
587,1011.31,54.7586,13,3,0.354492,0,0.00827066
588,1011.31,53.9056,13,3,0.351562,0,0.00819063
589,435.151,49.4704,13,2,0.328125,0,0.00828023
590,1008.92,51.7174,13,3,0.336914,0,0.00824115
591,1008.92,54.622,13,3,0.361328,0,0.00832217
592,435.151,50.8921,13,2,0.342773,0,0.00827189
593,1008.92,49.856,13,3,0.335938,0,0.00832107
594,1008.92,57.0948,13,3,0.368164,0,0.00832025
595,1008.92,53.1992,13,3,0.351562,0,0.00832179
596,1008.92,50.4193,13,3,0.322266,0,0.00835888
597,1008.92,52.173,13,3,0.338867,0,0.00832063
598,1008.92,50.7382,13,3,0.339844,0,0.00833362
599,1843.9,51.7304,13,4,0.327148,0,0.00825332
600,1008.92,58.6899,13,3,0.382812,0,0.00826257
601,1009.59,53.3932,13,3,0.34668,0,0.00839196
602,1008.92,51.0923,13,3,0.333008,0,0.00835339
603,1011.31,53.0908,13,3,0.34668,0,0.00841097
604,1845.26,57.426,13,4,0.371094,0,0.00835868
605,1008.92,54.7581,13,3,0.351562,0,0.00837258
606,1011.31,51.4557,13,3,0.342773,0,0.00841203
607,1008.92,56.8993,13,3,0.37207,0,0.00834721
608,435.151,51.7766,13,2,0.332031,0,0.00836421
609,1008.92,53.4225,13,3,0.353516,0,0.00838434
610,1011.31,55.4279,13,3,0.365234,0,0.00828835
611,1843.9,50.2028,13,4,0.321289,0,0.00827508
612,1011.31,57.1737,13,3,0.361328,0,0.00821481
613,1008.92,55.7642,13,3,0.360352,0,0.00827528
614,1011.31,56.9586,13,3,0.376953,0,0.00843283
615,1008.92,50.6939,13,3,0.331055,0,0.00830632
616,1008.92,53.4677,13,3,0.34668,0,0.00839017
617,1008.92,51.6411,13,3,0.341797,0,0.00832817
618,435.151,50.5848,13,2,0.34668,0,0.00830549
619,1008.92,49.7439,13,3,0.329102,0,0.00837912
620,1008.92,52.1612,13,3,0.335938,0,0.00827387
621,1011.31,54.9035,13,3,0.359375,0,0.00840723
622,1011.31,56.4051,13,3,0.358398,0,0.00829737
623,1009.59,51.7996,13,3,0.331055,0,0.00833827
624,435.127,51.7834,13,2,0.348633,0,0.00824848
625,1008.92,54.0172,13,3,0.34668,0,0.0082923
626,1008.92,54.5784,13,3,0.358398,0,0.00831192
627,1008.92,53.5306,13,3,0.350586,0,0.00828188
628,1011.31,59.8666,13,3,0.385742,0,0.00830655
629,1008.92,54.2267,13,3,0.354492,0,0.00830677
630,1009.59,54.4691,13,3,0.350586,0,0.00834513
631,1008.92,54.5486,13,3,0.351562,0,0.00840381
632,1009.59,58.5771,13,3,0.380859,0,0.0083675
633,1011.78,53.084,13,3,0.348633,0,0.00834662
634,1011.31,50.2971,13,3,0.336914,0,0.00835653
635,435.151,48.8991,13,2,0.331055,0,0.00832106
636,1008.92,55.2439,13,3,0.355469,0,0.00830801
637,435.151,51.2273,13,2,0.345703,0,0.00826317
638,1012.18,58.2159,13,3,0.373047,0,0.00835119
639,1008.92,53.5785,13,3,0.34668,0,0.00826596
640,1008.92,50.0515,13,3,0.344727,0,0.00829202
641,1008.92,55.8856,13,3,0.362305,0,0.00830656
642,1011.31,57.4191,13,3,0.37207,0,0.00824468
643,1009.59,51.9372,13,3,0.34082,0,0.00827497
644,435.151,51.5336,13,2,0.344727,0,0.00830405
645,1008.92,52.256,13,3,0.345703,0,0.00826464
646,1012.18,58.2827,13,3,0.348633,0,0.00828953
647,1843.9,58.3986,13,4,0.369141,0,0.00829241
648,1008.92,52.5038,13,3,0.339844,0,0.00830376
649,1008.92,50.3202,13,3,0.332031,0,0.00824579
650,1008.92,51.4473,13,3,0.34375,0,0.00827495
651,1008.92,51.4324,13,3,0.338867,0,0.00829434
652,1011.31,55.9577,13,3,0.363281,0,0.00855458
653,1008.92,52.5394,13,3,0.338867,0,0.0085215
654,435.127,53.5304,13,2,0.365234,0,0.00849654
655,1009.59,54.5538,13,3,0.351562,0,0.00829654
656,435.151,52.9441,13,2,0.364258,0,0.00838113
657,1008.92,58.1341,13,3,0.389648,0,0.0083603
658,1008.92,48.6424,13,3,0.325195,0,0.00832027
659,1008.92,57.4867,13,3,0.375,0,0.00824171
660,1008.92,52.7921,13,3,0.333984,0,0.00824682
661,1010.21,50.989,13,3,0.334961,0,0.00823908
662,435.151,54.8185,13,2,0.369141,0,0.00821909
663,1011.31,54.8537,13,3,0.362305,0,0.00828536
664,1011.31,50.4442,13,3,0.334961,0,0.00833625
665,1008.92,55.2033,13,3,0.352539,0,0.00821592
666,1843.9,52.9921,13,4,0.338867,0,0.00822689
667,1008.92,56.6476,13,3,0.368164,0,0.00838393
668,1008.92,54.7578,13,3,0.354492,0,0.00837509
669,1008.92,54.9816,13,3,0.364258,0,0.00835513
670,1008.92,56.5156,13,3,0.369141,0,0.00833846
671,435.151,51.858,13,2,0.356445,0,0.00830331
672,1011.31,55.8211,13,3,0.34668,0,0.00825362
673,1011.31,56.334,13,3,0.358398,0,0.00825491
674,1009.59,53.0417,13,3,0.356445,0,0.00833689
675,1008.92,52.0143,13,3,0.335938,0,0.00831431
676,1008.92,48.6469,13,3,0.31543,0,0.00831103
677,1011.78,50.7434,13,3,0.322266,0,0.00836761
678,1008.92,53.4336,13,3,0.345703,0,0.00827757
679,1008.92,50.4555,13,3,0.334961,0,0.00836806
680,1011.31,53.2534,13,3,0.34668,0,0.00840784
681,1008.92,53.8224,13,3,0.341797,0,0.00834979
682,1008.92,52.397,13,3,0.334961,0,0.00840837
683,1008.92,54.1449,13,3,0.351562,0,0.00849005
684,1010.21,55.1244,13,3,0.369141,0,0.00830839
685,1008.92,53.065,13,3,0.339844,0,0.00831169
686,435.127,52.918,13,2,0.337891,0,0.00828587
687,1008.92,53.556,13,3,0.352539,0,0.00827026
688,1008.92,49.0362,13,3,0.319336,0,0.00835504
689,435.151,56.7125,13,2,0.370117,0,0.00842682
690,1011.31,54.1331,13,3,0.356445,0,0.00829798
691,1008.92,51.9632,13,3,0.348633,0,0.00829706
692,1011.31,51.2456,13,3,0.333984,0,0.00824309
693,1847.77,50.9839,13,4,0.336914,0,0.00843249
694,1009.59,49.8638,13,3,0.324219,0,0.00833107
695,1008.92,52.9983,13,3,0.342773,0,0.00838346
696,1843.9,51.5414,13,4,0.34082,0,0.00832018
697,1008.92,51.8072,13,3,0.339844,0,0.00822764
698,1009.59,53.0086,13,3,0.350586,0,0.00835371
699,1008.92,49.3117,13,3,0.327148,0,0.00843835
700,1008.92,50.9921,13,3,0.342773,0,0.00844755
701,1011.31,54.3892,13,3,0.347656,0,0.00833617
702,1011.31,55.9809,13,3,0.362305,0,0.0083989
703,1011.31,54.7873,13,3,0.375977,0,0.00830603
704,1011.31,52.3107,13,3,0.337891,0,0.00842307
705,1011.31,54.2365,13,3,0.350586,0,0.00840108
706,1008.92,59.8929,13,3,0.385742,0,0.00827238
707,1009.59,51.4985,13,3,0.338867,0,0.00829111
708,1008.92,51.3369,13,3,0.339844,0,0.00842303
709,1009.59,54.3649,13,3,0.352539,0,0.00828675
710,1011.31,51.2072,13,3,0.333008,0,0.0082656
711,1011.31,50.2756,13,3,0.328125,0,0.00829612
712,1011.31,60.2809,13,3,0.383789,0,0.00829673
713,1011.31,55.8689,13,3,0.373047,0,0.00819705
714,1008.92,56.1167,13,3,0.369141,0,0.00826134
715,1008.92,56.5622,13,3,0.366211,0,0.00830676
716,1011.31,54.0717,13,3,0.351562,0,0.0082879
717,1843.9,60.8329,13,4,0.373047,0,0.00836123
718,1011.31,53.8541,13,3,0.356445,0,0.00827796
719,1843.9,49.975,13,4,0.330078,0,0.00826922
720,1008.92,47.993,13,3,0.314453,0,0.00826832
721,1843.9,53.4646,13,4,0.34082,0,0.00828892
722,1008.92,52.9298,13,3,0.338867,0,0.00840475
723,1008.92,58.2871,13,3,0.379883,0,0.00836583
724,1011.31,56.1674,13,3,0.368164,0,0.00840244
725,1011.31,50.4364,13,3,0.326172,0,0.00827855
726,435.151,52.2808,13,2,0.334961,0,0.00837437
727,1843.9,55.1562,13,4,0.364258,0,0.00828863
728,1008.92,53.397,13,3,0.353516,0,0.00830424
729,1843.9,52.2523,13,4,0.34375,0,0.00831284
730,1008.92,57.7368,13,3,0.392578,0,0.00836344
731,1011.31,54.9682,13,3,0.356445,0,0.00838285
732,1008.92,54.8333,13,3,0.365234,0,0.00826143
733,1011.31,55.9218,13,3,0.364258,0,0.00831034
734,1008.92,52.4601,13,3,0.337891,0,0.00821645
735,1011.31,51.8815,13,3,0.335938,0,0.00826819
736,1008.92,52.8924,13,3,0.341797,0,0.00832613
737,1011.78,53.4296,13,3,0.351562,0,0.00831664
738,1845.26,56.3114,13,4,0.344727,0,0.00830082
739,1008.92,52.0207,13,3,0.34668,0,0.00837391
740,1008.92,53.9707,13,3,0.350586,0,0.00829398
741,1011.31,57.7321,13,3,0.368164,0,0.00842432
742,1008.92,51.4259,13,3,0.336914,0,0.00825546
743,1009.59,56.4622,13,3,0.34375,0,0.00830471
744,1843.9,55.7125,13,4,0.355469,0,0.00834255
745,1011.31,57.6759,13,3,0.350586,0,0.00824592
746,1008.92,52.4154,13,3,0.333984,0,0.00830766
747,1008.92,54.3846,13,3,0.348633,0,0.00838595
748,1011.31,54.42,13,3,0.359375,0,0.00834529
749,1009.59,56.3169,13,3,0.360352,0,0.00831818
750,435.151,52.2071,13,2,0.339844,0,0.00826674
751,1011.31,55.5809,13,3,0.360352,0,0.00837
752,1011.31,54.0047,13,3,0.357422,0,0.00832672
753,1009.59,55.6247,13,3,0.351562,0,0.00834972
754,1011.31,52.6166,13,3,0.357422,0,0.00839455
755,1008.92,49.4561,13,3,0.326172,0,0.00825534
756,1011.31,55.4809,13,3,0.363281,0,0.00832182
757,1011.31,59.191,13,3,0.393555,0,0.00826844
758,1008.92,49.9652,13,3,0.326172,0,0.00834594
759,1008.92,56.8417,13,3,0.366211,0,0.0083227
760,1008.92,51.4897,13,3,0.337891,0,0.00821848
761,1843.9,56.6074,13,4,0.358398,0,0.00826882
762,1011.31,52.5029,13,3,0.347656,0,0.00822323
763,1009.59,55.4889,13,3,0.360352,0,0.00832287
764,435.151,53.4896,13,2,0.355469,0,0.00823142
765,1011.31,55.0508,13,3,0.362305,0,0.00827369
766,1011.31,49.5938,13,3,0.324219,0,0.00823112
767,1008.92,52.1266,13,3,0.342773,0,0.00831072
768,1011.31,52.4953,13,3,0.342773,0,0.0083232
769,1011.31,48.5671,13,3,0.327148,0,0.0083063
770,1008.92,53.8953,13,3,0.356445,0,0.00829957
771,435.151,56.2773,13,2,0.378906,0,0.00826987
772,1008.92,53.3047,13,3,0.353516,0,0.00830859
773,1011.31,49.2922,13,3,0.326172,0,0.00830281
774,1011.31,55.1942,13,3,0.365234,0,0.00835344
775,435.151,44.4247,13,2,0.305664,0,0.00833162
776,1011.31,52.8244,13,3,0.356445,0,0.00827588
777,1011.78,49.9508,13,3,0.324219,0,0.00836784
778,1009.59,56.6188,13,3,0.363281,0,0.00833466
779,1008.92,49.1389,13,3,0.326172,0,0.00832534
780,1008.92,54.4931,13,3,0.348633,0,0.0083255
781,1011.31,55.7614,13,3,0.383789,0,0.00825056
782,1008.92,55.278,13,3,0.370117,0,0.00826116
783,1843.9,58.2044,13,4,0.363281,0,0.00832571
784,1008.92,54.6569,13,3,0.359375,0,0.00835675
785,1009.59,61.876,13,3,0.391602,0,0.00827943
786,1008.92,48.3123,13,3,0.323242,0,0.00819971
787,1843.9,55.7091,13,4,0.358398,0,0.00823891
788,1008.92,53.8001,13,3,0.355469,0,0.00827545
789,435.151,53.021,13,2,0.362305,0,0.00831847
790,1011.31,54.7491,13,3,0.353516,0,0.00828289
791,1008.92,53.5277,13,3,0.341797,0,0.00830363
792,1011.31,54.0825,13,3,0.358398,0,0.00825264
793,435.151,53.0948,13,2,0.355469,0,0.00826131
794,1008.92,55.6549,13,3,0.361328,0,0.00835373
795,435.151,53.4886,13,2,0.359375,0,0.00830454
796,1008.92,55.9936,13,3,0.367188,0,0.00827822
797,1843.9,48.2063,13,4,0.322266,0,0.00829518
798,2951.77,56.3272,13,5,0.362305,0,0.0083308
799,1011.78,59.5518,13,3,0.375,0,0.00832587
800,1008.92,52.8853,13,3,0.341797,0,0.00831122
801,1009.59,49.3317,13,3,0.338867,0,0.00844233
802,1843.9,52.9157,13,4,0.349609,0,0.00839339
803,1008.92,55.5371,13,3,0.364258,0,0.00825756
804,1008.92,53.6392,13,3,0.347656,0,0.00825637
805,1008.92,56.1097,13,3,0.365234,0,0.00838528
806,1011.78,53.577,13,3,0.357422,0,0.00849382
807,1008.92,52.3106,13,3,0.34375,0,0.00834051
808,1843.9,55.3625,13,4,0.353516,0,0.0081812
809,1008.92,55.5459,13,3,0.355469,0,0.00834604
810,1008.92,55.1461,13,3,0.366211,0,0.00834092
811,1008.92,56.434,13,3,0.361328,0,0.00832465
812,1011.31,52.5846,13,3,0.34375,0,0.00834688
813,1011.31,51.7833,13,3,0.337891,0,0.00829426
814,1008.92,50.3922,13,3,0.323242,0,0.00829512
815,1008.92,50.5589,13,3,0.34082,0,0.00830592
816,1008.92,56.673,13,3,0.371094,0,0.00829034
817,435.151,52.5621,13,2,0.355469,0,0.00840547
818,1008.92,58.3659,13,3,0.380859,0,0.00837169
819,1011.31,59.8202,13,3,0.365234,0,0.00841587
820,1008.92,50.7349,13,3,0.34375,0,0.00833028
821,435.127,55.9896,13,2,0.376953,0,0.00827538
822,1008.92,55.3626,13,3,0.362305,0,0.00833213
823,1008.92,57.1071,13,3,0.362305,0,0.0083275
824,1008.92,52.0254,13,3,0.335938,0,0.00836473
825,1008.92,52.6587,13,3,0.355469,0,0.00831398
826,1008.92,56.5741,13,3,0.353516,0,0.00844106
827,1011.31,53.4953,13,3,0.355469,0,0.00836435
828,1008.92,52.0045,13,3,0.348633,0,0.00839101
829,1008.92,52.1335,13,3,0.34668,0,0.00843433
830,1009.59,53.0634,13,3,0.348633,0,0.00849549
831,1008.92,60.1513,13,3,0.387695,0,0.00833102
832,1011.31,51.0096,13,3,0.342773,0,0.00839661
833,435.127,46.2135,13,2,0.299805,0,0.00833183
834,1011.31,55.6629,13,3,0.363281,0,0.00825724
835,1843.9,54.8634,13,4,0.353516,0,0.00825799
836,1011.31,56.4443,13,3,0.357422,0,0.008278
837,435.151,59.1379,13,2,0.388672,0,0.00841219
838,1008.92,56.9627,13,3,0.371094,0,0.00844192
839,1008.92,50.4986,13,3,0.307617,0,0.00827981
840,1008.92,51.0019,13,3,0.325195,0,0.00834882
841,435.151,54.6255,13,2,0.360352,0,0.00843231
842,1008.92,51.849,13,3,0.351562,0,0.00829574
843,1011.31,55.3567,13,3,0.369141,0,0.00832889
844,1011.31,55.244,13,3,0.367188,0,0.00839694
845,1009.59,53.7858,13,3,0.338867,0,0.00834185
846,1011.31,48.5362,13,3,0.328125,0,0.0083393
847,1008.92,55.3958,13,3,0.364258,0,0.00840179
848,1011.31,55.8599,13,3,0.375,0,0.008347
849,435.151,55.2059,13,2,0.360352,0,0.00832566
850,1011.31,56.9055,13,3,0.353516,0,0.00830183
851,1011.31,54.7819,13,3,0.355469,0,0.00848029
852,1008.92,57.0518,13,3,0.375,0,0.00826142
853,1843.9,61.9245,13,4,0.400391,0,0.00831548
854,1008.92,50.755,13,3,0.337891,0,0.00832728
855,1008.92,52.8214,13,3,0.345703,0,0.008318
856,1011.31,56.9666,13,3,0.361328,0,0.00830552
857,1008.92,47.3682,13,3,0.30957,0,0.00824069
858,1011.31,54.7362,13,3,0.365234,0,0.00832757
859,1008.92,51.5803,13,3,0.349609,0,0.00835033
860,1008.92,54.3068,13,3,0.356445,0,0.00829541
861,435.151,53.1874,13,2,0.357422,0,0.00824537
862,1008.92,52.6798,13,3,0.34668,0,0.00839932
863,1011.31,56.3174,13,3,0.353516,0,0.00843687
864,1008.92,55.1616,13,3,0.355469,0,0.00837679
865,1841.02,50.9483,13,4,0.324219,0,0.00830131
866,435.151,52.0744,13,2,0.34668,0,0.00827985
867,1008.92,52.3828,13,3,0.336914,0,0.00830362
868,1008.92,52.2595,13,3,0.354492,0,0.0083467
869,1011.31,51.7624,13,3,0.342773,0,0.00827736
870,435.151,49.8363,13,2,0.330078,0,0.0083071
871,1011.31,53.2167,13,3,0.349609,0,0.00835355
872,1845.26,56.1656,13,4,0.358398,0,0.00832559
873,1008.92,53.3288,13,3,0.345703,0,0.00843647
874,1008.92,53.4175,13,3,0.360352,0,0.00837566
875,1008.92,56.433,13,3,0.367188,0,0.00830155
876,1011.31,51.6581,13,3,0.341797,0,0.00828037
877,1011.31,56.6119,13,3,0.360352,0,0.00825267
878,435.151,53.1854,13,2,0.366211,0,0.00832748
879,1011.31,52.613,13,3,0.341797,0,0.00830696
880,1008.92,56.5091,13,3,0.369141,0,0.00826756
881,1008.92,50.0691,13,3,0.314453,0,0.00830766
882,1008.92,58.3191,13,3,0.375977,0,0.00830051
883,435.151,52.3704,13,2,0.34668,0,0.00835938
884,1011.31,52.4657,13,3,0.348633,0,0.00820598
885,1011.31,57.4206,13,3,0.376953,0,0.0083194
886,1012.18,57.8631,13,3,0.367188,0,0.00828163
887,1008.92,53.6356,13,3,0.352539,0,0.00832844
888,1008.92,51.8508,13,3,0.342773,0,0.00831037
889,435.151,46.9238,13,2,0.321289,0,0.00833819
890,1843.9,51.6969,13,4,0.333008,0,0.00830324
891,1008.92,51.5968,13,3,0.334961,0,0.00834322
892,1843.9,57.0578,13,4,0.358398,0,0.00835191
893,1008.92,54.0387,13,3,0.345703,0,0.00836243
894,1843.9,57.4485,13,4,0.37207,0,0.00848122
895,1008.92,53.4841,13,3,0.368164,0,0.00846927
896,1008.92,55.7674,13,3,0.344727,0,0.00832836
897,1008.92,56.3206,13,3,0.363281,0,0.0083267
898,1008.92,51.0754,13,3,0.326172,0,0.00829717
899,1008.92,48.6921,13,3,0.314453,0,0.00828071
900,1008.92,49.6824,13,3,0.329102,0,0.0083117
901,1008.92,51.39,13,3,0.339844,0,0.00824215
902,1010.79,58.0019,13,3,0.367188,0,0.00832279
903,1009.59,54.6405,13,3,0.358398,0,0.00840352
904,1011.31,52.1736,13,3,0.336914,0,0.0083054
905,1011.31,54.5511,13,3,0.355469,0,0.00830729
906,1839.49,58.2943,13,4,0.350586,0,0.0083517
907,1008.92,50.2196,13,3,0.325195,0,0.00832002
908,1008.92,54.3499,13,3,0.357422,0,0.00834896
909,1008.92,54.1341,13,3,0.369141,0,0.00829268
910,1008.92,53.5769,13,3,0.34082,0,0.00837374
911,1008.92,59.7223,13,3,0.384766,0,0.00831583
912,1843.9,59.3889,13,4,0.374023,0,0.00841876
913,1008.92,52.0555,13,3,0.34375,0,0.00827147
914,1008.92,51.6366,13,3,0.356445,0,0.00824275
915,1011.31,51.2667,13,3,0.347656,0,0.00822244
916,1011.31,57.6342,13,3,0.368164,0,0.00837828
917,1011.31,55.5065,13,3,0.349609,0,0.00834325
918,435.151,51.8055,13,2,0.352539,0,0.00836686
919,1008.92,51.9948,13,3,0.350586,0,0.00831607
920,435.151,55.1788,13,2,0.369141,0,0.00839489
921,1010.21,53.2909,13,3,0.364258,0,0.00839907
922,1011.31,50.9637,13,3,0.344727,0,0.0083194
923,1011.31,51.3052,13,3,0.342773,0,0.00833247
924,1011.31,50.8299,13,3,0.339844,0,0.00846033
925,1008.92,56.159,13,3,0.368164,0,0.00830638
926,435.151,52.4527,13,2,0.349609,0,0.00830491
927,1010.21,55.4092,13,3,0.361328,0,0.00829332
928,1010.79,54.7395,13,3,0.352539,0,0.00832262
929,1008.92,49.6707,13,3,0.333984,0,0.00835828
930,1011.31,55.8824,13,3,0.370117,0,0.00835191
931,1011.31,51.635,13,3,0.319336,0,0.00829854
932,1008.92,53.064,13,3,0.34668,0,0.00831698
933,1008.92,55.161,13,3,0.359375,0,0.00844574
934,1011.31,53.1238,13,3,0.357422,0,0.00829964
935,1008.92,52.8627,13,3,0.347656,0,0.00828095
936,435.151,52.0377,13,2,0.342773,0,0.00827015
937,1011.78,58.9793,13,3,0.366211,0,0.00837511
938,1008.92,49.7074,13,3,0.323242,0,0.00843971
939,435.151,47.9417,13,2,0.337891,0,0.00827236
940,1008.92,53.7415,13,3,0.353516,0,0.00831487
941,1011.31,49.8598,13,3,0.331055,0,0.00826194
942,1008.92,54.5316,13,3,0.357422,0,0.00827772
943,435.151,52.5752,13,2,0.351562,0,0.00835468
944,1004.1,54.3502,13,3,0.360352,0,0.0084587
945,1011.31,51.7357,13,3,0.344727,0,0.00826192
946,1008.92,55.9007,13,3,0.37793,0,0.00827227
947,1011.31,54.8086,13,3,0.361328,0,0.00831239
948,1008.92,51.1854,13,3,0.332031,0,0.00830297
949,1008.92,55.1397,13,3,0.366211,0,0.00828339
950,1011.31,52.8626,13,3,0.34375,0,0.00838472
951,1011.31,50.7036,13,3,0.330078,0,0.00839967
952,1008.92,54.7592,13,3,0.338867,0,0.00825647
953,1008.92,54.5196,13,3,0.348633,0,0.00832806
954,1008.92,52.9057,13,3,0.345703,0,0.00837856
955,1008.92,48.4609,13,3,0.320312,0,0.00833864
956,1843.9,56.8238,13,4,0.349609,0,0.00835299
957,435.151,50.1335,13,2,0.334961,0,0.00836676
958,1011.31,53.734,13,3,0.349609,0,0.00829724
959,1008.92,52.8543,13,3,0.347656,0,0.00830821
960,1008.92,55.0523,13,3,0.363281,0,0.00839299
961,1011.31,56.0437,13,3,0.359375,0,0.00832332
962,435.127,47.5592,13,2,0.321289,0,0.00825546
963,1009.59,58.0319,13,3,0.370117,0,0.00835209
964,1011.31,55.3929,13,3,0.355469,0,0.00828548
965,1011.31,56.9113,13,3,0.364258,0,0.0084046
966,1843.9,57.0865,13,4,0.370117,0,0.00840521
967,1011.31,52.753,13,3,0.348633,0,0.00833566
968,1011.31,58.1017,13,3,0.385742,0,0.00828107
969,1012.18,53.8467,13,3,0.342773,0,0.00835325
970,1843.9,52.4843,13,4,0.329102,0,0.00831593
971,1008.92,58.4379,13,3,0.37793,0,0.00838796
972,1011.31,52.9798,13,3,0.352539,0,0.00838723
973,1843.9,54.0666,13,4,0.332031,0,0.00845985
974,1008.92,58.4689,13,3,0.379883,0,0.00858862
975,1011.31,61.2019,13,3,0.376953,0,0.0084288
976,1004.1,52.2784,13,3,0.349609,0,0.00838275
977,1011.31,61.9381,13,3,0.376953,0,0.00860372
978,1008.92,59.603,13,3,0.390625,0,0.00843619
979,1008.92,52.2132,13,3,0.333008,0,0.00843049
980,1008.92,56.9152,13,3,0.363281,0,0.00850991
981,1008.92,54.0631,13,3,0.34668,0,0.00849328
982,1004.1,56.412,13,3,0.358398,0,0.00850687
983,1007.46,55.5944,13,3,0.350586,0,0.00859304
984,1008.92,55.2329,13,3,0.353516,0,0.00855167
985,1007.46,52.9617,13,3,0.350586,0,0.00852668
986,1005.85,54.6768,13,3,0.366211,0,0.00853668
987,1841.02,61.1766,13,4,0.374023,0,0.00869651
988,1011.78,62.9664,13,3,0.396484,0,0.00866173
989,1825.63,60.7032,13,4,0.374023,0,0.0086843
990,1008.92,57.0371,15,3,0.37793,0,0.00870718
991,1010.79,54.5178,14,3,0.361328,0,0.00860343
992,1008.92,59.767,14,3,0.37207,0,0.00869362
993,1815.68,58.8243,15,4,0.37207,0,0.00873552
994,1008.92,57.7914,15,3,0.363281,0,0.00872128
995,1011.31,56.3196,15,3,0.368164,0,0.00881013
996,1008.92,62.3483,15,3,0.387695,0,0.00891266
997,1008.21,65.7539,15,3,0.397461,0,0.00894705
998,1837.92,63.3147,15,4,0.394531,0,0.00897003
999,1010.21,65.7439,15,3,0.415039,0,0.00878216
1000,1010.21,69.6078,15,3,0.419922,0,0.0088213
1001,1008.92,67.0793,15,3,0.414062,0,0.00879979
1002,1011.31,73.4941,15,3,0.445312,0,0.00892168
1003,1846.55,66.1335,15,4,0.392578,0,0.00887542
1004,1004.1,58.9944,15,3,0.373047,0,0.00883361
1005,1827.51,61.22,15,4,0.393555,0,0.00909085
1006,435.149,65.2277,15,2,0.420898,0,0.00904607
1007,1006.68,63.5038,15,3,0.400391,0,0.00894651
1008,1007.46,64.883,15,3,0.394531,0,0.00909905
1009,1009.59,64.6349,15,3,0.411133,0,0.00899288
1010,1843.9,73.3289,15,4,0.433594,0,0.00903423
1011,1008.21,69.5298,15,3,0.429688,0,0.00905677
1012,1008.92,65.3152,15,3,0.421875,0,0.00912465
1013,1008.92,65.6204,16,3,0.433594,0,0.00905488
1014,1010.21,64.5417,16,3,0.407227,0,0.00903923
1015,1008.21,70.338,17,3,0.454102,0,0.00917839
1016,1009.59,73.2205,17,3,0.435547,0,0.009204
1017,1831.15,68.4993,16,4,0.408203,0,0.00910411
1018,1008.21,65.8749,16,3,0.411133,0,0.009105
1019,1011.78,70.2071,16,3,0.432617,0,0.00910389
1020,1841.02,72.2968,17,4,0.444336,0,0.00929775
1021,1837.92,72.4577,17,4,0.445312,0,0.00931001
1022,1004.1,67.8464,17,3,0.414062,0,0.00920286
1023,2915.92,71.2434,17,5,0.443359,0,0.0093488
1024,1008.21,71.2963,17,3,0.445312,0,0.00933894
1025,1008.92,71.6586,17,3,0.4375,0,0.00924295
1026,1008.92,68.4691,17,3,0.433594,0,0.00941714
1027,1005.85,64.024,17,3,0.413086,0,0.00935756
1028,1008.21,74.4202,17,3,0.451172,0,0.00923029
1029,1010.21,72.9748,17,3,0.443359,0,0.00940135
1030,1008.21,73.7204,17,3,0.448242,0,0.00938077
1031,1008.92,74.1826,17,3,0.451172,0,0.00928945
1032,1010.21,73.091,17,3,0.458984,0,0.00955703
1033,1839.49,65.4181,17,4,0.404297,0,0.00938338
1034,1010.21,69.1217,17,3,0.426758,0,0.00932606
1035,1011.31,69.3309,17,3,0.430664,0,0.00938766
1036,1841.02,73.1307,17,4,0.44043,0,0.0094111
1037,1004.1,63.1516,17,3,0.402344,0,0.00941238
1038,1827.51,72.089,17,4,0.441406,0,0.00950543
1039,1008.92,68.3722,17,3,0.405273,0,0.00945046
1040,1834.62,74.4667,17,4,0.446289,0,0.00946071
1041,1008.21,66.9298,17,3,0.416016,0,0.0093369
1042,1834.62,71.7567,17,4,0.436523,0,0.00945952
1043,1011.31,64.7456,17,3,0.398438,0,0.00942114
1044,1010.21,67.9674,17,3,0.430664,0,0.00963243
1045,1829.35,71.6685,17,4,0.422852,0,0.00962785
1046,1841.02,79.7759,17,4,0.482422,0,0.00948673
1047,1008.92,73.1694,17,3,0.446289,0,0.00950794
1048,1008.92,72.0709,17,3,0.451172,0,0.00946338
1049,1837.92,67.7387,17,4,0.417969,0,0.00945779
1050,1004.99,81.8643,19,3,0.503906,0,0.00963181
1051,1010.79,81.3432,17,3,0.479492,0,0.00963345
1052,1837.92,72.1867,17,4,0.420898,0,0.0093976
1053,1005.85,69.658,17,3,0.431641,0,0.00971546
1054,1005.85,69.1382,17,3,0.428711,0,0.00957934
1055,1007.46,69.2264,17,3,0.435547,0,0.00972018
1056,1005.85,70.769,17,3,0.43457,0,0.00953628
1057,1005.85,71.1593,17,3,0.432617,0,0.00970178
1058,1007.46,69.9995,17,3,0.455078,0,0.00949013
1059,1008.92,75.9025,17,3,0.448242,0,0.00956198
1060,1005.85,69.6144,17,3,0.430664,0,0.00948729
1061,1009.59,75.7968,18,3,0.458984,0,0.00965778
1062,1837.92,74.8539,17,4,0.450195,0,0.0096393
1063,1007.46,68.6516,17,3,0.423828,0,0.00970073
1064,1842.49,76.4533,17,4,0.459961,0,0.00954696
1065,1823.71,75.3369,17,4,0.428711,0,0.00988984
1066,1831.15,78.5365,19,4,0.462891,0,0.00979016
1067,1008.92,75.2232,17,3,0.463867,0,0.00954971
1068,1004.1,74.0492,19,3,0.463867,0,0.00982372
1069,1841.02,77.6841,19,4,0.47168,0,0.00977464
1070,1007.46,76.6763,19,3,0.460938,0,0.00973465
1071,1827.51,85.0524,19,4,0.500977,0,0.00968207
1072,1006.68,72.9876,17,3,0.4375,0,0.00981629
1073,1010.21,71.1564,17,3,0.436523,0,0.00968524
1074,1011.31,83.4637,19,3,0.491211,0,0.00975889
1075,1011.31,70.0187,18,3,0.443359,0,0.00953663
1076,2927.27,76.7702,17,5,0.444336,0,0.00978778
1077,1007.46,77.1796,18,3,0.473633,0,0.00973544
1078,1831.15,72.0546,19,4,0.452148,0,0.00970606
1079,1011.78,76.2633,18,3,0.459961,0,0.00968471
1080,1007.46,76.8412,19,3,0.460938,0,0.00971549
1081,1834.62,77.0165,19,4,0.464844,0,0.00971031
1082,1827.51,75.4351,18,4,0.453125,0,0.00973385
1083,1008.92,79.2206,19,3,0.493164,0,0.00982416
1084,1007.46,77.0641,18,3,0.464844,0,0.00985573
1085,1007.46,80.2086,19,3,0.47168,0,0.00968222
1086,1837.92,78.903,19,4,0.491211,0,0.00983777
1087,1005.85,77.6117,19,3,0.470703,0,0.00980652
1088,1837.92,82.4717,19,4,0.492188,0,0.00986526
1089,1832.91,85.2196,21,4,0.521484,0,0.00993352
1090,1008.92,68.0215,17,3,0.422852,0,0.00978813
1091,1008.92,74.3932,17,3,0.454102,0,0.00976296
1092,1007.46,75.6645,17,3,0.457031,0,0.00967649
1093,1008.21,76.2435,17,3,0.453125,0,0.00974557
1094,1008.92,70.5878,19,3,0.443359,0,0.00972728
1095,1005.85,79.1171,19,3,0.483398,0,0.00968574
1096,1007.46,79.3483,19,3,0.466797,0,0.010064
1097,1831.15,81.9114,19,4,0.489258,0,0.00991009
1098,1008.21,74.7607,17,3,0.450195,0,0.00982723
1099,1837.92,79.4171,19,4,0.480469,0,0.00988736
1100,1005.85,79.9519,19,3,0.494141,0,0.00993498
1101,1846.55,83.0701,19,4,0.480469,0,0.00982706
1102,1008.92,82.1786,19,3,0.478516,0,0.00979411
1103,1841.02,80.4035,19,4,0.480469,0,0.00985056
1104,2932.65,76.5279,19,5,0.467773,0,0.00982755
1105,1843.9,80.9612,19,4,0.485352,0,0.00987428
1106,1831.15,84.0783,19,4,0.486328,0,0.00983965
1107,1007.46,74.3507,19,3,0.463867,0,0.00978623
1108,1007.46,77.1639,19,3,0.466797,0,0.00992791
1109,1007.46,79.4888,19,3,0.475586,0,0.00978543
1110,1008.92,77.7216,19,3,0.475586,0,0.00973176
1111,1008.92,73.5204,19,3,0.455078,0,0.00988102
1112,1834.62,81.8704,19,4,0.495117,0,0.00979063
1113,1823.71,78.9159,19,4,0.475586,0,0.00980255
1114,1843.9,84.0408,19,4,0.501953,0,0.00997569
1115,1007.46,80.9017,19,3,0.480469,0,0.00969588
1116,1837.92,88.2752,23,4,0.532227,0,0.00990771
1117,1010.21,87.4024,19,3,0.511719,0,0.009939
1118,1837.92,81.2594,19,4,0.496094,0,0.00978775
1119,1008.92,82.8978,19,3,0.493164,0,0.00998453
1120,1836.29,77.7526,19,4,0.476562,0,0.00980864
1121,1819.76,91.7111,19,4,0.538086,0,0.00996565
1122,1823.71,80.2028,19,4,0.491211,0,0.00990266
1123,1005.85,75.349,19,3,0.463867,0,0.0100146
1124,1007.46,82.2314,19,3,0.483398,0,0.00991187
1125,1825.63,83.5896,19,4,0.49707,0,0.00994205
1126,1005.85,78.683,19,3,0.46582,0,0.00999287
1127,1007.46,84.3242,21,3,0.520508,0,0.010066
1128,1823.71,83.4702,19,4,0.474609,0,0.0100784
1129,1827.51,84.8158,19,4,0.501953,0,0.0100933
1130,1008.92,88.1826,21,3,0.529297,0,0.0100589
1131,1831.15,87.1224,21,4,0.53125,0,0.0100447
1132,1008.92,80.0935,19,3,0.467773,0,0.00978247
1133,1008.92,84.3585,19,3,0.503906,0,0.0100182
1134,1841.02,83.8262,19,4,0.491211,0,0.0100534
1135,1008.92,79.587,21,3,0.509766,0,0.0100239
1136,1007.46,77.4693,19,3,0.477539,0,0.00995898
1137,1003.18,78.3874,20,3,0.483398,0,0.00999202
1138,1834.62,82.4682,19,4,0.485352,0,0.00994064
1139,1841.02,77.8951,19,4,0.458984,0,0.00993787
1140,1005.85,81.0562,19,3,0.486328,0,0.010125
1141,1007.46,81.4121,19,3,0.482422,0,0.00997763
1142,1837.92,83.3714,20,4,0.494141,0,0.00991566
1143,1008.92,81.1378,19,3,0.487305,0,0.0100991
1144,1010.21,79.794,21,3,0.49707,0,0.00987716
1145,1831.15,80.6207,19,4,0.473633,0,0.00993557
1146,1010.21,80.9684,19,3,0.476562,0,0.0100861
1147,1007.46,77.0891,19,3,0.473633,0,0.00995235
1148,1006.68,88.9705,19,3,0.504883,0,0.00996973
1149,2951.77,95.0071,19,5,0.53125,0,0.0100671
1150,1823.71,78.82,19,4,0.467773,0,0.00990448
1151,1831.15,78.9118,19,4,0.470703,0,0.0101688
1152,1008.21,82.1145,19,3,0.485352,0,0.0100419
1153,1837.92,77.9553,19,4,0.448242,0,0.0100029
1154,1010.79,82.5478,19,3,0.483398,0,0.00995186
1155,1831.15,88.6797,19,4,0.507812,0,0.00997137
1156,1827.51,84.3389,19,4,0.495117,0,0.0100175
1157,1778.72,85.5853,21,4,0.520508,0,0.00998699
1158,1841.02,81.3141,19,4,0.473633,0,0.010023
1159,1842.49,82.8001,19,4,0.476562,0,0.0099438
1160,1004.1,75.6041,19,3,0.469727,0,0.010022
1161,1010.21,78.8535,19,3,0.47168,0,0.00996491
1162,1004.1,85.8974,19,3,0.508789,0,0.00989083
1163,1010.21,76.2415,19,3,0.458008,0,0.0100204
1164,1006.68,80.8473,19,3,0.488281,0,0.01009
1165,1006.68,83.796,19,3,0.501953,0,0.0101925
1166,1009.59,82.1364,20,3,0.489258,0,0.0101347
1167,1832.91,79.9957,19,4,0.46875,0,0.00998485
1168,1011.31,80.5792,19,3,0.482422,0,0.0100662
1169,1010.21,86.9143,19,3,0.499023,0,0.00993847
1170,1008.92,80.7232,19,3,0.478516,0,0.0101273
1171,1845.26,80.3512,19,4,0.47168,0,0.0102524
1172,1008.92,77.6738,19,3,0.474609,0,0.0102589
1173,1008.92,81.2326,19,3,0.477539,0,0.0100013
1174,1005.85,83.476,21,3,0.509766,0,0.0101969
1175,2915.92,86.0349,21,5,0.509766,0,0.0100728
1176,1005.85,82.4098,19,3,0.498047,0,0.00998827
1177,1005.85,81.941,21,3,0.499023,0,0.0100568
1178,1837.92,87.5536,23,4,0.525391,0,0.0102334
1179,1843.9,85.8848,21,4,0.510742,0,0.0101927
1180,2884.52,85.2871,21,5,0.507812,0,0.0102962
1181,1008.21,80.7135,19,3,0.476562,0,0.010165
1182,1002.23,77.3942,19,3,0.473633,0,0.0103251
1183,1008.92,85.5333,21,3,0.493164,0,0.010375
1184,1008.92,87.9375,23,3,0.526367,0,0.0105475
1185,1834.62,85.8857,21,4,0.492188,0,0.0103961
1186,1819.76,85.7111,21,4,0.501953,0,0.010323
1187,1008.92,89.8654,23,3,0.526367,0,0.0105941
1188,1005.85,87.0002,21,3,0.505859,0,0.010467
1189,1819.76,94.9939,22,4,0.532227,0,0.010437
1190,1773.62,85.8238,23,4,0.513672,0,0.0106588
1191,1827.51,83.0748,21,4,0.490234,0,0.0104018
1192,1788.61,85.4199,21,4,0.486328,0,0.0104078
1193,1829.35,94.176,23,4,0.546875,0,0.0107084
1194,1817.74,90.8442,21,4,0.500977,0,0.0107109
1195,1815.68,89.0052,23,4,0.519531,0,0.0106255
1196,1008.92,89.3009,22,3,0.503906,0,0.0106488
1197,1010.79,87.031,23,3,0.512695,0,0.0105579
1198,1823.71,90.0991,23,4,0.524414,0,0.010708
1199,1007.46,89.0825,23,3,0.518555,0,0.0108977
1200,1007.46,90.2432,23,3,0.524414,0,0.0110748
1201,1831.15,93.6424,23,4,0.516602,0,0.0114357
1202,1744.03,88.1515,25,4,0.520508,0,0.0114054
1203,2819.22,93.2903,25,5,0.53125,0,0.0113145
1204,1005.85,96.5975,27,3,0.539062,0,0.0114947
1205,1825.63,93.6117,27,4,0.519531,0,0.011621
1206,2932.65,103.674,29,5,0.537109,0,0.0122281
1207,1815.68,99.4741,30,4,0.52832,0,0.0127315
1208,2863.89,113.202,40,5,0.585938,0,0.0126396
1209,1809.31,109.522,38,4,0.568359,0,0.0126703
1210,1795.76,114.014,101,4,0.564453,0,0.0141783
1211,2856.74,123.939,56,5,0.587891,0,0.0136864
1212,1795.76,114.23,101,4,0.583008,0,0.0143648
1213,1795.76,120.059,101,4,0.606445,0,0.0147149
1214,4113.41,137.27,101,6,0.62793,0,0.0146489
1215,2906.93,137.304,101,5,0.634766,0,0.0152044
1216,2887.84,134.883,101,5,0.633789,0,0.0151629
1217,5609.03,156.645,101,7,0.675781,0,0.016251
1218,3835.74,166.139,101,6,0.711914,0,0.0159966
1219,4118.83,166.086,101,6,0.744141,0,0.0161917
1220,2877.78,169.553,101,5,0.736328,0,0.0162082
1221,3868.3,181.622,106.306,6,0.792969,1,0.0162524
1222,4080.24,196.526,106.93,6,0.832031,1,0.016259
1223,7769.62,222.753,109.275,8,0.868164,1,0.0174436
1224,20900.8,268.512,109.829,12,0.947266,1,0.017582
1225,5823.76,234.516,110.371,7,0.939453,1,0.0175605
1226,16430.4,302.539,110.903,11,1.00879,1,0.0181489
1227,7246.15,261.926,111.425,8,0.977539,1,0.0190132
1228,7145.48,293.867,111.937,8,1.06445,1,0.0189105
1229,11467.5,334.015,113.419,10,1.14453,1,0.018911
1230,16083,353.209,112.934,11,1.12891,1,0.0194101
1231,7575.75,329.368,114.828,8,1.16602,1,0.0189159
1232,5045.49,322.483,112.934,7,1.15527,1,0.0192397
1233,7662.54,379.495,114.828,8,1.23047,1,0.0199419
1234,19529.4,488.67,116.603,12,1.38574,1,0.0206215
1235,7315,438.944,119.462,8,1.37988,1,0.0209414
1236,7610.9,457.413,119.847,8,1.40039,1,0.0220208
1237,12634.8,565.796,134.211,10,1.59668,1,0.0223226
1238,9674.36,537.471,121.334,9,1.53027,1,0.0211718
1239,11634.1,550.498,121.334,10,1.52637,1,0.0232623
1240,7687.85,551.134,136.764,8,1.60156,1,0.0230638
1241,16186.9,622.697,125.637,11,1.62695,1,0.0226541
1242,26896.2,669.072,137.3,13,1.69336,1,0.0240217
1243,15015.8,693.116,138.967,11,1.82324,1,0.0239656
1244,12141.5,726.084,140.362,10,1.85059,1,0.0248692
1245,57415.1,814.317,139.408,15,1.90137,1,0.0263197
1246,14981.3,844.668,342.569,11,2.00684,2,0.0254433
1247,21234.6,826.325,138.967,12,1.94434,1,0.0255375
1248,20762.4,827.621,348.286,12,1.98438,2,0.0252025
1249,57167.3,867.983,350.539,15,2,2,0.0259867
1250,20567.8,1013.13,372.972,12,2.14648,2,0.0262226
1251,20146.3,848.174,139.324,12,1.97559,1,0.0249645
1252,20033.2,931.985,352.773,12,2.04688,2,0.0265937
1253,94114.4,1110.75,407.827,16,2.10156,2,0.0263032
1254,14859.4,1028.7,420.239,11,2.2627,2,0.0284466
1255,58709.7,1251.13,425.869,15,2.39355,2,0.0269419
1256,38690.9,1337.46,430.013,14,2.56348,2,0.0293372
1257,92932.1,1370.93,427.827,16,2.50781,2,0.0283999
1258,57469.7,1526.45,429.175,15,2.6123,2,0.0289768
1259,93454.4,1527.74,429.6,16,2.66797,2,0.0298046
1260,37606.4,1487.24,429.6,14,2.68652,2,0.0299994
1261,91009,1806.69,431.173,16,2.82031,2,0.0298395
1262,294071,1876.71,432.526,18,2.81445,2,0.0300737
1263,162852,1830.08,429.6,17,2.81543,2,0.0314978
1264,8.44999e+06,9955.95,431.173,23,2.82227,2,0.0313742
1265,563232,3579.18,937.341,19,3.67676,3,0.0347188
1266,562012,4406.39,946.193,19,3.7793,3,0.0349332
1267,92682.7,3531.57,977.944,16,3.94434,3,0.0367748
1268,95430.5,3270.39,956.362,16,3.80371,3,0.0339257
1269,297757,4443.39,967.552,18,4.04004,3,0.0362547
1270,95319.7,4393.13,1457.18,16,4.38965,4,0.0373197
1271,164143,4316.98,1449.19,17,4.3291,4,0.0374707
1272,3.36237e+07,37429.9,1527.11,25,4.44727,4,0.0385295
1273,559820,8611.45,2187.96,19,5.26367,5,0.0415369
1274,2.14847e+06,7572.38,1717.99,21,4.79102,4,0.0400349
1275,2.15002e+06,8533.57,1778.72,21,4.93555,4,0.039742
1276,4.24931e+06,10784,1712,22,4.91699,4,0.0403047
1277,3.36157e+07,57993.6,2830.78,25,5.77832,5,0.0439174
1278,3.36279e+07,63768.6,2714.12,25,5.82227,5,0.0475557
1279,8.44714e+06,31755.7,3912.98,23,6.64941,6,0.0519092
1280,8.45063e+06,39447.6,4091.41,23,6.84668,6,0.0544696
1281,3.36248e+07,52016.7,4113.41,25,6.85449,6,0.0539595
1282,2.1476e+06,29185,5290.53,21,7.44531,7,0.0548751
1283,8.44724e+06,53147.1,5273.59,23,7.29785,7,0.0533651
1284,4.24902e+06,36403.8,5398.45,22,7.3252,7,0.0530631
1285,3.36182e+07,116034,5470.78,25,7.54492,7,0.0548276
1286,6.71821e+07,142884,5256.55,26,7.56641,7,0.054294
1287,2.6852e+08,302409,6673.47,28,7.85938,8,0.0572119
1288,3.36258e+07,138636,5170.06,25,7.55469,7,0.0538941
1289,6.71838e+07,242972,5541.02,26,7.51172,7,0.0545776
1290,6.7187e+07,176485,5406.59,26,7.61426,7,0.0524424
1291,2.68516e+08,490937,5556.33,28,7.81641,7,0.0525072
1292,1.68445e+07,97121.5,5373.9,24,7.36719,7,0.0496622
1293,6.71799e+07,174977,4410.03,26,7.31348,7,0.0490469
1294,1.68369e+07,114789,5282.07,24,7.42969,7,0.0488583
1295,6.7179e+07,177950,6351.29,26,7.98145,8,0.0530173
1296,1.68411e+07,82438.4,6925.82,24,7.98633,8,0.0531287
1297,5.36963e+08,886691,5494.43,29,7.68359,7,0.0509574
1298,1.34295e+08,411363,7073.47,27,8.29395,8,0.0541545
1299,2.68517e+08,734213,7246.15,28,8.59668,8,0.0552582
1300,1.07384e+09,1.70182e+06,5778.21,30,7.9082,7,0.0543191
1301,1.34296e+08,270894,7236.2,27,8.37012,8,0.0531141
1302,1.34293e+08,440190,8970.24,27,8.88965,9,0.0562414
1303,5.36962e+08,1.06429e+06,7285.66,29,8.70898,8,0.0566951
1304,1.343e+08,405337,6968.48,27,8.31152,8,0.0529925
1305,8.45208e+06,111168,7687.85,23,8.83789,8,0.056005
1306,1.34301e+08,309375,7063.08,27,8.32812,8,0.0527596
1307,2.68519e+08,778611,7457.75,28,8.71289,8,0.0564035
1308,6.71837e+07,458834,7557.96,26,8.83105,8,0.0581348
1309,1.34293e+08,320608,9211.3,27,9.06543,9,0.0583394
1310,2.68523e+08,897763,7382.45,28,9.00684,8,0.0567289
1311,4.29507e+09,5.63054e+06,7420.35,32,9.00293,8,0.0585719
1312,2.14759e+09,5.86804e+06,9148.78,31,9.36328,9,0.0592114
1313,1.07384e+09,2.82152e+06,9594.67,30,9.79004,9,0.0617494
1314,5.36962e+08,2.53306e+06,9525.12,29,9.62305,9,0.0608223
1315,4.29508e+09,8.94346e+06,8066.97,32,9.33594,9,0.0609972
1316,4.29508e+09,8.8712e+06,10505.5,32,10.0322,10,0.064041
1317,1.07384e+09,2.16371e+06,9060.14,30,9.38672,9,0.0618725
1318,8.59005e+09,1.23394e+07,9370.65,33,9.71777,9,0.0638936
1319,4.29508e+09,8.12513e+06,9248.49,32,9.63867,9,0.0617928
1320,4.29509e+09,9.19441e+06,9651.76,32,9.87891,9,0.0628606
1321,1.07384e+09,2.73748e+06,9651.76,30,9.7793,9,0.0637472
1322,6.87196e+10,1.05832e+08,10948.9,36,10.167,10,0.0642042
1323,1.07384e+09,3.9849e+06,11957.3,30,10.4775,10,0.0674263
1324,8.59005e+09,1.41441e+07,12127.6,33,10.0342,10,0.0654422
1325,2.1476e+09,4.82591e+06,9640.4,31,10.0635,9,0.064157
1326,2.14759e+09,6.96629e+06,9442.57,31,9.75391,9,0.0644417
1327,4.29508e+09,9.49786e+06,9640.4,32,10,9,0.0666069
1328,2.14758e+09,7.33075e+06,9763.41,31,9.91797,9,0.0658055
1329,2.14759e+09,7.83173e+06,9334.3,31,9.79395,9,0.0653949
1330,1.718e+10,2.69372e+07,9198.85,34,9.66309,9,0.0647875
1331,4.29507e+09,1.66546e+07,9186.37,32,9.86523,9,0.0655473
1332,1.37439e+11,1.49785e+08,7654.03,37,9.36816,8,0.0625121
1333,1.718e+10,3.06807e+07,9236.12,34,9.86719,9,0.0635203
1334,4.29508e+09,1.52308e+07,8944.33,32,9.67578,9,0.0612927
1335,8.59005e+09,1.82102e+07,8733.57,33,9.81055,9,0.0624858
1336,2.74878e+11,3.25075e+08,9334.3,38,10.1104,9,0.065881
1337,1.37439e+11,1.68914e+08,7584.59,37,9.5127,8,0.0648792
1338,3.43599e+10,8.96507e+07,9060.14,35,9.7832,9,0.0633539
1339,1.718e+10,3.13025e+07,7531.03,34,9.4834,8,0.0618497
1340,3.43599e+10,4.48412e+07,9730.28,35,10.1406,9,0.0635431
1341,1.718e+10,4.24506e+07,9478.13,34,9.7998,9,0.0628649
1342,8.59005e+09,2.88046e+07,7531.03,33,9.41895,8,0.0624261
1343,6.87196e+10,7.55349e+07,7549.02,36,9.46289,8,0.062204
1344,1.718e+10,6.68035e+07,9548.43,34,10.2217,9,0.063678
1345,1.07385e+09,8.69653e+06,7628.26,30,9.50781,8,0.0633673
1346,1.09951e+12,1.10363e+09,9161.33,40,9.79883,9,0.0641094
1347,8.59006e+09,1.45863e+07,9260.83,33,9.91992,9,0.0649259
1348,2.14759e+09,1.10087e+07,9186.37,31,9.99609,9,0.0658097
1349,3.43599e+10,6.39659e+07,9198.85,35,10.2285,9,0.0666515
1350,6.87196e+10,9.7091e+07,11061.1,36,10.6152,10,0.0707829
1351,2.74878e+11,3.05285e+08,9730.28,38,10.665,9,0.0720185
1352,1.37439e+11,1.73349e+08,9560.04,37,10.707,9,0.0732758
1353,2.74878e+11,6.20562e+08,9560.04,38,10.7334,9,0.0768217
1354,3.43599e+10,9.2152e+07,9674.36,35,10.8291,9,0.0752845
1355,1.37439e+11,2.19338e+08,11693.9,37,11.0078,10,0.0737651
1356,1.718e+10,4.12213e+07,11708.8,34,10.7676,10,0.0720609
1357,3.43599e+10,1.23928e+08,9617.6,35,10.7725,9,0.0722881
1358,5.49756e+11,6.57037e+08,9850.21,39,10.5176,9,0.0697971
1359,1.718e+10,9.06697e+07,11841.4,34,11.0596,10,0.070652
1360,2.74878e+11,4.82248e+08,12113.5,38,11.3672,10,0.0721553
1361,6.87196e+10,1.45935e+08,11782.8,36,11.1885,10,0.0719009
1362,6.87196e+10,2.01563e+08,11738.5,36,10.9834,10,0.0712351
1363,1.37439e+11,2.26821e+08,12155.5,37,11.4053,10,0.0738031
1364,6.87196e+10,2.22595e+08,9513.42,36,10.8125,9,0.0711146
1365,6.87196e+10,3.59182e+08,12807.9,36,11.4521,10,0.0743794
1366,6.87196e+10,3.91157e+08,12387.6,36,11.4678,10,0.073891
1367,1.09951e+12,1.2752e+09,12519.4,40,11.7734,10,0.0754467
1368,2.74878e+11,6.64231e+08,11826.8,38,11.1328,10,0.0741606
1369,1.09951e+12,1.18802e+09,11841.4,40,11.1016,10,0.0755694
1370,1.37439e+11,5.44523e+08,11708.8,37,11.2617,10,0.0719596
1371,6.87196e+10,1.73676e+08,12014.6,36,11.5576,10,0.0737795
1372,2.74878e+11,6.68246e+08,12144.3,38,11.4414,11,0.072439
1373,1.37439e+11,2.71749e+08,15486.6,37,12.3955,11,0.0790321
1374,6.87196e+10,1.58632e+08,11649.1,36,11.2354,10,0.0715733
1375,1.37439e+11,3.60816e+08,11452.2,37,11.3975,10,0.0728442
1376,2.74878e+11,6.88551e+08,11467.5,38,11.4619,10,0.0760546
1377,2.74878e+11,6.01088e+08,8124.35,38,10.458,9,0.07225
1378,6.87196e+10,1.22463e+08,10770.2,36,10.9912,10,0.0761142
1379,3.43599e+10,8.73439e+07,12043,35,11.0303,10,0.0759882
1380,1.37439e+11,2.49488e+08,11826.8,37,10.9668,10,0.0746361
1381,3.43599e+10,1.28813e+08,10115.2,35,10.625,10,0.0719522
1382,1.09951e+12,1.28284e+09,11914.1,40,10.9551,10,0.0746696
1383,6.87196e+10,1.36126e+08,7467.02,36,9.62109,8,0.0697384
1384,6.87196e+10,1.92362e+08,9752.4,36,10.7217,9,0.0728953
1385,1.37439e+11,4.8376e+08,12127.6,37,11.3096,10,0.0783307
1386,6.87196e+10,1.97741e+08,11482.8,36,10.9668,10,0.074834
1387,3.43599e+10,5.43077e+07,9796.23,35,10.8457,9,0.0734707
1388,1.37439e+11,2.6475e+08,11664.1,37,11.3779,10,0.0775474
1389,1.37439e+11,2.38706e+08,11482.8,37,10.9922,10,0.0763752
1390,2.74878e+11,4.89567e+08,9674.36,38,10.6201,9,0.074716
1391,6.87196e+10,1.63057e+08,9273.14,36,10.4209,9,0.07395
1392,6.87196e+10,1.48737e+08,11467.5,36,10.8633,10,0.0781977
1393,1.09951e+12,1.34846e+09,11942.9,40,11.043,10,0.0767886
1394,2.19902e+12,2.32264e+09,9907.31,41,10.5615,10,0.0765967
1395,6.87196e+10,2.47946e+08,8679.94,36,10.0586,9,0.0760255
1396,6.87196e+10,1.75142e+08,8038.16,36,9.7334,9,0.0728981
1397,6.87196e+10,1.65703e+08,9236.12,36,10.1465,9,0.0730517
1398,2.74878e+11,4.81306e+08,9394.74,38,10.3291,9,0.0733769
1399,6.87196e+10,1.60623e+08,7819.61,36,9.80273,9,0.069605
1400,1.37439e+11,3.03682e+08,9123.58,37,10.1611,9,0.0712811
1401,3.43599e+10,2.75451e+08,10056.4,35,10.9346,9,0.0764176
1402,3.43599e+10,1.42197e+08,9198.85,35,10.502,9,0.0724823
1403,6.87196e+10,1.65768e+08,9442.57,36,10.4531,9,0.0732217
1404,6.87196e+10,2.1223e+08,9708.01,36,11,9,0.0746361
1405,3.43599e+10,1.07154e+08,9466.31,35,10.4873,9,0.0717737
1406,3.43599e+10,1.36543e+08,9489.92,35,10.6895,9,0.0738969
1407,6.87196e+10,1.73229e+08,9741.36,36,10.5723,9,0.0730101
1408,1.09951e+12,1.50273e+09,9430.66,40,10.8496,9,0.0734725
1409,6.87196e+10,2.41862e+08,11738.5,36,11.2861,10,0.0768444
1410,1.09951e+12,1.3141e+09,11841.4,40,11.1543,10,0.0789021
1411,5.49756e+11,1.03914e+09,12672.6,39,11.8301,10,0.0787003
1412,2.74878e+11,7.67229e+08,15304.6,38,12.1514,11,0.0811311
1413,5.49756e+11,1.60926e+09,12155.5,39,11.7959,10,0.0793763
1414,8.79609e+12,9.08723e+09,12306.8,43,11.6504,10,0.0772343
1415,5.49756e+11,1.12276e+09,14229.9,39,11.8838,11,0.0801138
1416,2.74878e+11,1.06863e+09,15271.1,38,12.2852,11,0.0845714
1417,2.74878e+11,1.37584e+09,11266.4,38,11.5498,10,0.0781614
1418,8.79609e+12,1.02853e+10,11482.8,43,11.2744,10,0.0774191
1419,2.19902e+12,5.658e+09,14981.3,41,11.9707,11,0.0820892
1420,2.19902e+12,4.21811e+09,15050.2,41,12.3164,11,0.0859137
1421,4.39805e+12,5.12786e+09,16274.3,42,12.6279,11,0.0871215
1422,4.39805e+12,6.36804e+09,9334.3,42,10.6514,9,0.0816589
1423,1.37439e+11,6.02603e+08,12467.1,37,11.7256,10,0.0854935
1424,2.19902e+12,5.87709e+09,10455.2,41,11.2461,10,0.0832723
1425,2.74878e+11,6.2481e+08,11957.3,38,11.2451,10,0.0814263
1426,1.37439e+11,6.16342e+08,14665.2,37,12.167,11,0.0847826
1427,1.09951e+12,3.59539e+09,15254.3,40,12.1934,11,0.0862585
1428,1.09951e+12,1.94023e+09,12855.8,40,11.9805,10,0.0862811
1429,1.09951e+12,2.43081e+09,17855.1,40,12.6416,12,0.0904386
1430,1.09951e+12,1.52296e+09,14025.5,40,12.0391,11,0.0858867
1431,2.19902e+12,4.70923e+09,11753.3,41,11.6143,10,0.0872781
1432,8.79609e+12,9.94736e+09,12057.2,43,11.5381,10,0.0842455
1433,2.19902e+12,5.05059e+09,13119.4,41,11.6973,11,0.0873399
1434,1.09951e+12,2.91375e+09,16053,40,12.4707,11,0.0893654
1435,1.09951e+12,4.26236e+09,15470.2,40,12.5352,11,0.0891045
1436,4.39805e+12,6.89568e+09,12127.6,42,11.8633,10,0.085387
1437,2.19902e+12,7.8836e+09,15271.1,41,12.4404,11,0.0911735
1438,2.19902e+12,6.23298e+09,15616.4,41,12.5635,11,0.0874272
1439,1.09951e+12,3.9277e+09,18138.8,40,12.9619,12,0.0934399
1440,2.19902e+12,5.60717e+09,20089.9,41,13.4805,12,0.0971419
1441,1.09951e+12,3.71515e+09,14321.9,40,12.499,11,0.0936909
1442,3.51844e+13,5.8467e+10,14981.3,45,12.4932,11,0.0943232
1443,1.75922e+13,2.59754e+10,19549.2,44,13.0498,12,0.0939045
1444,8.79609e+12,1.68737e+10,19899.7,43,13.0791,12,0.0905238
1445,8.79609e+12,1.72266e+10,20239.6,43,13.3389,12,0.0906518
1446,4.39805e+12,1.52932e+10,18922.2,42,13.2061,12,0.0905224
1447,1.75922e+13,2.8339e+10,19269.5,44,13.2148,12,0.0905467
1448,4.39805e+12,8.0344e+09,20295.1,42,13.3564,12,0.0922536
1449,8.79609e+12,1.73513e+10,24534.4,43,13.5918,13,0.0957948
1450,4.39805e+12,9.27245e+09,20831.9,42,13.3545,12,0.0944145
1451,5.49756e+11,1.5036e+09,19706.2,39,13.1729,12,0.0928826
1452,1.09951e+12,2.15732e+09,19861.3,40,12.8848,12,0.0902507
1453,2.19902e+12,9.15567e+09,24559,41,13.8027,13,0.0969393
1454,2.19902e+12,6.6307e+09,19899.7,41,13.4688,12,0.092238
1455,1.75922e+13,4.32432e+10,24036.9,44,13.6631,13,0.0962395
1456,4.39805e+12,1.6041e+10,20567.8,42,13.4893,12,0.0931651
1457,2.19902e+12,6.58997e+09,19667.2,41,13.291,12,0.0906804
1458,1.40737e+14,1.99514e+11,21019.6,47,13.7031,12,0.0938049
1459,1.09951e+12,3.06851e+09,19004.7,40,12.8896,12,0.0879029
1460,1.75922e+13,2.94164e+10,20386.9,44,13.4717,12,0.0908433
1461,8.79609e+12,1.60477e+10,17942.8,43,12.8486,12,0.0853872
1462,4.39805e+12,7.50065e+09,20127.5,42,13.0615,12,0.0877806
1463,8.79609e+12,1.51424e+10,16564.2,43,12.9023,12,0.0864187
1464,5.49756e+11,3.65491e+09,20221,39,13.1914,12,0.0879049
1465,2.19902e+12,3.27641e+09,19938,41,13.125,12,0.0876411
1466,2.19902e+12,8.99772e+09,19450,41,13.4023,12,0.0912997
1467,4.39805e+12,7.7138e+09,19086.7,42,13.0156,12,0.0884732
1468,1.75922e+13,3.11817e+10,23682.8,44,13.6416,13,0.094515
1469,2.19902e+12,6.9098e+09,26613.2,41,14.0889,13,0.0946075
1470,3.51844e+13,4.83092e+10,34987.3,45,14.4072,14,0.0973587
1471,8.79609e+12,1.94884e+10,20603.6,43,13.7607,12,0.0923866
1472,8.79609e+12,2.40556e+10,19822.7,43,13.4043,12,0.092306
1473,8.79609e+12,1.46036e+10,19842,43,13.2334,12,0.0923365
1474,2.19902e+12,5.28312e+09,19450,41,13.3174,12,0.0913034
1475,1.09951e+12,6.86963e+09,19430,40,13.2881,12,0.0895564
1476,3.51844e+13,3.65918e+10,24803.6,45,13.6855,13,0.0918185
1477,1.09951e+12,4.77388e+09,19686.7,40,13.166,12,0.0908805
1478,8.79609e+12,2.4534e+10,15977.2,43,12.8682,11,0.0905959
1479,5.6295e+14,6.01269e+11,19667.2,49,13.1924,12,0.0914404
1480,8.79609e+12,3.79262e+10,20423.4,43,13.6865,12,0.0955361
1481,4.39805e+12,2.90562e+10,26391.7,42,14.4141,13,0.0979359
1482,8.79609e+12,1.93708e+10,24632.7,43,13.8398,13,0.096897
1483,4.39805e+12,1.45783e+10,19995.2,42,13.415,12,0.095898
1484,1.75922e+13,2.98513e+10,19628,44,13.1299,12,0.0947547
1485,4.39805e+12,1.41132e+10,26076,42,13.9785,13,0.0946066
1486,1.75922e+13,3.17556e+10,20477.9,44,13.623,12,0.0925508
1487,4.39805e+12,1.55835e+10,20744.9,42,13.2871,12,0.094633
1488,7.03687e+13,1.01391e+11,20549.9,46,13.7627,12,0.0960086
1489,1.75922e+13,3.0691e+10,19957.1,44,13.2617,12,0.0881674
1490,2.81475e+14,2.86107e+11,26144.2,48,13.7354,13,0.0946223
1491,3.51844e+13,3.92566e+10,25800.6,45,13.335,13,0.0891225
1492,4.39805e+12,9.72716e+09,20108.7,42,13.2119,12,0.0831239
1493,3.51844e+13,4.10682e+10,26212.1,45,13.4775,13,0.0882188
1494,4.39805e+12,1.95809e+10,26502.8,42,14.1494,13,0.0927345
1495,2.19902e+12,1.26614e+10,36134,41,14.7617,14,0.0974098
1496,4.39805e+12,2.76298e+10,26502.8,42,14.3066,13,0.0951254
1497,8.79609e+12,2.11447e+10,24559,43,14.2285,13,0.0991693
1498,2.19902e+12,8.18353e+09,25823.7,41,14.041,13,0.0973027
1499,3.51844e+13,8.29341e+10,20744.9,45,14.0107,12,0.103066
