214.637
0,434.639,7.62518,4,2,0.0322266,0,0.00650715
1,434.902,9.68214,4,2,0.046875,0,0.00630251
2,434.818,10.0744,5,2,0.0478516,0,0.00635035
3,111.937,10.521,5,1,0.0576172,0,0.0064277
4,111.937,8.10187,5,1,0.0341797,0,0.00642943
5,434.954,9.27599,5,2,0.0410156,0,0.00648376
6,435.053,9.90623,5,2,0.046875,0,0.00645384
7,435.151,9.96303,5,2,0.0429688,0,0.0065326
8,435.053,9.6587,5,2,0.0419922,0,0.00656661
9,433.384,10.7407,5,2,0.0546875,0,0.00651616
10,435.053,9.91824,5,2,0.0458984,0,0.00658593
11,435.149,11.8343,5,2,0.0625,0,0.00657291
12,435.149,11.6724,6,2,0.0566406,0,0.00661622
13,435.151,12.4468,6,2,0.0664062,0,0.00661549
14,435.053,11.2504,6,2,0.0585938,0,0.00654233
15,435.076,12.3181,6,2,0.0605469,0,0.00670295
16,435.117,11.9474,6,2,0.0595703,0,0.00666984
17,435.053,9.89962,6,2,0.0410156,0,0.00669781
18,1008.21,11.2809,6,3,0.0458984,0,0.00681086
19,435.151,11.469,6,2,0.0527344,0,0.00677562
20,435.149,11.8343,6,2,0.0576172,0,0.00670909
21,435.053,10.863,6,2,0.0488281,0,0.00667494
22,435.151,11.3024,6,2,0.0527344,0,0.00675811
23,435.151,11.1301,6,2,0.0478516,0,0.0068119
24,435.053,12.4326,6,2,0.0615234,0,0.00656013
25,435.117,12.9678,6,2,0.0644531,0,0.00680221
26,435.149,10.1559,6,2,0.0371094,0,0.00688827
27,435.127,11.6283,6,2,0.0507812,0,0.00694868
28,435.151,13.2709,6,2,0.0615234,0,0.00704399
29,435.149,13.3281,6,2,0.0556641,0,0.00719658
30,435.151,13.2943,6,2,0.0595703,0,0.00706952
31,435.117,13.687,6,2,0.0615234,0,0.00717264
32,435.127,14.4212,6,2,0.0625,0,0.00733841
33,1002.23,14.0787,6,3,0.0625,0,0.00710152
34,435.127,13.6388,6,2,0.0576172,0,0.00722405
35,435.149,16.7763,7,2,0.0761719,0,0.00781203
36,434.902,17.6265,7,2,0.0644531,0,0.00834514
37,435.117,20.6295,7,2,0.0673828,0,0.00934227
38,435.151,30.6077,8,2,0.0888672,0,0.0114761
39,435.149,36.2589,9,2,0.0849609,0,0.0137205
40,435.117,45.4888,11,2,0.0791016,0,0.0162188
41,435.149,58.7481,101,2,0.0976562,0,0.0195863
42,435.151,66.7133,101,2,0.0966797,0,0.0214751
43,1006.68,74.8502,101,3,0.109375,0,0.0231453
44,434.781,70.8739,101,2,0.0888672,0,0.0238091
45,435.149,74.9778,101,2,0.0976562,0,0.024487
46,994.777,72.6577,101,3,0.0927734,0,0.0234427
47,435.151,74.9418,101,2,0.104492,0,0.0232955
48,434.639,69.9658,101,2,0.0869141,0,0.0230531
49,995.918,74.2968,101,3,0.09375,0,0.0239558
50,1004.99,75.167,101,3,0.0888672,0,0.0243982
51,1004.99,75.8672,101,3,0.0761719,0,0.0245853
52,435.127,75.9738,101,2,0.0839844,0,0.0251256
53,1004.99,73.2794,101,3,0.0898438,0,0.0235975
54,435,74.4989,101,2,0.0859375,0,0.0245363
55,435.149,72.6863,101,2,0.0830078,0,0.0239362
56,835.544,73.4024,101,3,0.0849609,0,0.0240441
57,435,74.8223,101,2,0.0820312,0,0.0247738
58,1010.79,79.4128,101,3,0.0820312,0,0.025847
59,435.127,76.6552,101,2,0.078125,0,0.0251464
60,435.151,77.1591,101,2,0.0820312,0,0.0253191
61,435.149,78.6719,101,2,0.0810547,0,0.0264103
62,1005.85,79.3983,101,3,0.0986328,0,0.0253554
63,435.053,76.5138,101,2,0.0898438,0,0.0247054
64,1011.78,79.1521,101,3,0.102539,0,0.0247916
65,435.151,82.5993,101,2,0.116211,0,0.0257902
66,435.151,79.4207,101,2,0.0917969,0,0.0259692
67,989.976,75.9978,101,3,0.0576172,0,0.0259114
68,435.127,79.2488,101,2,0.0908203,0,0.0257683
69,1008.21,81.8386,101,3,0.0722656,0,0.0270256
70,435.151,77.3318,101,2,0.0830078,0,0.0257769
71,435.151,80.3219,101,2,0.0917969,0,0.0261772
72,1001.24,83.5426,101,3,0.0888672,0,0.0269226
73,435.149,81.8312,101,2,0.0917969,0,0.0264495
74,967.552,80.6857,101,3,0.0742188,0,0.0263863
75,986.145,80.5948,101,3,0.0830078,0,0.026638
76,435.149,81.4851,101,2,0.0898438,0,0.0267092
77,434.954,78.6545,101,2,0.0644531,0,0.0261676
78,435.149,80.3943,101,2,0.0791016,0,0.0264888
79,1010.21,79.5503,101,3,0.0751953,0,0.0266003
80,435.076,81.7966,101,2,0.0654297,0,0.0273418
81,976.512,84.4352,101,3,0.0800781,0,0.0277998
82,435.053,80.406,101,2,0.0712891,0,0.0272799
83,995.918,84.7239,101,3,0.0703125,0,0.0278767
84,435.151,84.5242,101,2,0.0859375,0,0.0271648
85,435.151,81.7266,101,2,0.0703125,0,0.0274647
86,995.918,84.4398,101,3,0.0849609,0,0.0268707
87,999.194,83.717,101,3,0.0830078,0,0.0274856
88,435.127,83.3283,101,2,0.0712891,0,0.0281099
89,435.151,82.94,101,2,0.0800781,0,0.0278662
90,435.149,83.6252,101,2,0.0771484,0,0.0278591
91,435.053,81.9275,101,2,0.0751953,0,0.0288581
92,435,82.8708,101,2,0.0625,0,0.0287181
93,435.151,82.9595,101,2,0.0683594,0,0.0278041
94,435.151,87.6064,101,2,0.0878906,0,0.0281599
95,435.149,84.3791,101,2,0.0908203,0,0.0275761
96,994.777,84.9546,101,3,0.0732422,0,0.028824
97,435.127,84.1771,101,2,0.0703125,0,0.0283625
98,435.151,88.8956,101,2,0.0849609,0,0.0285471
99,434.818,84.4252,101,2,0.0664062,0,0.0286586
100,1004.99,85.5328,101,3,0.0742188,0,0.0285401
101,435.151,90.6472,101,2,0.0839844,0,0.0295125
102,435.117,84.4204,101,2,0.0683594,0,0.0281292
103,435.151,85.6347,101,2,0.0673828,0,0.0284649
104,953.029,87.7223,101,3,0.0751953,0,0.02892
105,435.117,87.7415,101,2,0.0810547,0,0.0291296
106,435.149,86.2251,101,2,0.0703125,0,0.0284351
107,1823.71,89.1253,101,4,0.0742188,0,0.0290135
108,434.902,85.7982,101,2,0.0654297,0,0.0288416
109,995.918,85.8498,101,3,0.0644531,0,0.0284245
110,435.151,87.8826,101,2,0.0712891,0,0.0287564
111,435.151,87.5609,101,2,0.0712891,0,0.0289312
112,435.117,87.6543,101,2,0.0712891,0,0.029007
113,435.127,86.9699,101,2,0.0810547,0,0.0287847
114,1004.1,90.7424,101,3,0.0742188,0,0.0292062
115,435.151,88.1711,101,2,0.0742188,0,0.0294929
116,435.127,89.8719,101,2,0.0830078,0,0.0293623
117,435.053,87.6538,101,2,0.0654297,0,0.0290171
118,1010.79,89.3654,101,3,0.0849609,0,0.0291916
119,1010.21,92.079,101,3,0.0917969,0,0.0291461
120,435.076,90.5291,101,2,0.0712891,0,0.0300417
121,435.151,89.4289,101,2,0.0986328,0,0.0287427
122,435.127,85.6987,101,2,0.0712891,0,0.0281291
123,982.131,92.1905,101,3,0.09375,0,0.0296203
124,706.971,88.4524,101,3,0.0615234,0,0.0296905
125,435.127,88.7843,101,2,0.0751953,0,0.0291065
126,435.149,86.5021,101,2,0.078125,0,0.0284242
127,435.127,88.208,101,2,0.0839844,0,0.0291092
128,959.636,89.0465,101,3,0.0683594,0,0.0292555
129,435.151,91.2291,101,2,0.0927734,0,0.0301231
130,435.053,89.2119,101,2,0.0576172,0,0.035046
131,435.151,91.5476,101,2,0.0927734,0,0.0363833
132,434.818,89.0399,101,2,0.0742188,0,0.0310541
133,995.918,91.968,101,3,0.0751953,0,0.0313014
134,435.076,91.6775,101,2,0.0859375,0,0.0294513
135,435.149,88.8477,101,2,0.0800781,0,0.0295423
136,435.149,88.9502,101,2,0.0683594,0,0.0297977
137,435.053,89.8645,101,2,0.0771484,0,0.0292994
138,998.128,90.0728,101,3,0.0888672,0,0.0284489
139,434.638,87.3654,101,2,0.078125,0,0.0288935
140,1010.79,90.6441,101,3,0.0849609,0,0.0300267
141,435.076,90.2444,101,2,0.0751953,0,0.0296348
142,435.076,90.7555,101,2,0.0742188,0,0.0299516
143,435.149,91.1444,101,2,0.0722656,0,0.030535
144,435.076,91.3148,101,2,0.0849609,0,0.029884
145,994.777,90.0486,101,3,0.0771484,0,0.0292364
146,982.131,92.3564,101,3,0.0800781,0,0.029911
147,916.75,91.9758,101,3,0.0849609,0,0.0297052
148,435.149,91.062,101,2,0.0810547,0,0.0295773
149,1674.61,94.9183,101,4,0.0800781,0,0.0302701
150,1005.85,94.7598,101,3,0.0888672,0,0.0301621
151,435.117,90.7614,101,2,0.0800781,0,0.0292932
152,435.149,89.3911,101,2,0.0751953,0,0.0292776
153,435.151,90.6254,101,2,0.103516,0,0.0301458
154,434.818,88.447,101,2,0.0761719,0,0.0350323
155,434.818,90.869,101,2,0.0859375,0,0.0332837
156,435.053,89.4913,101,2,0.0761719,0,0.031725
157,992.422,90.3477,101,3,0.09375,0,0.0296616
158,434.902,89.4617,101,2,0.0820312,0,0.0296067
159,1009.59,93.7124,101,3,0.0849609,0,0.0300898
160,435.151,92.0763,101,2,0.078125,0,0.0305356
161,435,91.4061,101,2,0.0810547,0,0.0305491
162,1776.18,91.2975,101,4,0.0839844,0,0.0292977
163,435.117,90.5657,101,2,0.0673828,0,0.0301585
164,1001.24,92.4147,101,3,0.0830078,0,0.0299746
165,435.127,92.234,101,2,0.0771484,0,0.0296094
166,435.127,90.174,101,2,0.0673828,0,0.0295707
167,435.117,91.3384,101,2,0.0878906,0,0.0296027
168,1333.08,96.9509,101,4,0.0908203,0,0.0302507
169,1004.1,91.3859,101,3,0.0722656,0,0.0306813
170,1009.59,92.335,101,3,0.0800781,0,0.0305158
171,435.053,91.8752,101,2,0.0869141,0,0.0300146
172,789.982,92.4818,101,3,0.0986328,0,0.0293267
173,435.151,90.6675,101,2,0.078125,0,0.030407
174,1000.23,91.7762,101,3,0.0732422,0,0.0302461
175,999.194,92.3618,101,3,0.0927734,0,0.0296092
176,435.151,90.5501,101,2,0.0917969,0,0.029525
177,434.818,91.4621,101,2,0.0869141,0,0.0297244
178,997.036,95.3746,101,3,0.0917969,0,0.0303868
179,435.151,92.9549,101,2,0.0966797,0,0.0298671
180,1729.75,93.4908,101,4,0.106445,0,0.0293538
181,1004.99,94.0423,101,3,0.0917969,0,0.0298065
182,1004.1,96.7909,101,3,0.103516,0,0.0302482
183,435.127,90.6196,101,2,0.0820312,0,0.0300841
184,1008.92,94.3749,101,3,0.101562,0,0.0303382
185,435.117,90.8903,101,2,0.0830078,0,0.0302958
186,995.918,94.4206,101,3,0.0957031,0,0.0298947
187,435.149,93.0461,101,2,0.0888672,0,0.0302467
188,435.127,92.6371,101,2,0.0810547,0,0.0302867
189,1007.46,92.1365,101,3,0.0888672,0,0.029675
190,435.053,91.1317,101,2,0.0869141,0,0.0300207
191,975.061,92.8563,101,3,0.0849609,0,0.0303733
192,435.151,92.6682,101,2,0.0859375,0,0.0301767
193,1007.46,95.3098,101,3,0.101562,0,0.0297396
194,435.149,91.8235,101,2,0.0849609,0,0.0299152
195,997.036,97.2615,101,3,0.101562,0,0.0306409
196,435.151,90.8929,101,2,0.0947266,0,0.0295617
197,1003.18,96.4818,101,3,0.104492,0,0.0301029
198,1800.39,95.1846,101,4,0.101562,0,0.0299533
199,970.606,92.6701,101,3,0.102539,0,0.0295042
200,1825.63,94.4525,101,4,0.0966797,0,0.0298562
201,435.151,91.8774,101,2,0.110352,0,0.0294518
202,435.151,93.1585,101,2,0.0908203,0,0.0295877
203,993.611,92.6032,101,3,0.116211,0,0.0296754
204,979.358,93.9085,101,3,0.110352,0,0.0302503
205,1004.99,93.688,101,3,0.102539,0,0.0300203
206,435.151,93.5268,101,2,0.0908203,0,0.0302213
207,4274.26,99.4457,101,6,0.106445,0,0.0302667
208,1791.02,98.0089,101,4,0.112305,0,0.0299218
209,435.151,95.4013,101,2,0.104492,0,0.0303702
210,435.076,95.4321,101,2,0.107422,0,0.0304842
211,858.278,94.4585,101,3,0.113281,0,0.0297026
212,988.72,96.6783,101,3,0.111328,0,0.0303735
213,435.127,96.1183,101,2,0.0996094,0,0.0304579
214,849.293,95.7692,101,3,0.106445,0,0.0304585
215,435.076,96.6194,101,2,0.113281,0,0.0309763
216,435.149,94.7359,101,2,0.114258,0,0.0308061
217,435.127,95.6466,101,2,0.110352,0,0.0303329
218,435.149,96.318,101,2,0.109375,0,0.0308687
219,435.151,95.3252,101,2,0.108398,0,0.0304229
220,1008.21,93.5016,101,3,0.105469,0,0.0294023
221,1726.84,98.3243,101,4,0.123047,0,0.0300238
222,1827.51,97.2476,101,4,0.100586,0,0.0307061
223,998.128,96.7806,101,3,0.108398,0,0.0307037
224,1008.92,97.9003,101,3,0.118164,0,0.0305995
225,997.036,97.8532,101,3,0.142578,0,0.0295282
226,1008.92,103.196,101,3,0.139648,0,0.0304393
227,976.512,95.5917,101,3,0.126953,0,0.0299315
228,988.72,95.8605,101,3,0.125977,0,0.0303701
229,1786.17,101.029,101,4,0.146484,0,0.0300196
230,1819.76,98.7216,101,4,0.125977,0,0.0293014
231,935.531,95.3495,101,3,0.137695,0,0.0289724
232,1004.99,98.0153,101,3,0.149414,0,0.0294669
233,994.777,94.1497,101,3,0.12793,0,0.02902
234,1821.75,102.508,101,4,0.163086,0,0.0292352
235,1834.62,103.817,101,4,0.154297,0,0.0304014
236,1010.79,98.7653,101,3,0.145508,0,0.0297471
237,993.611,97.8335,101,3,0.151367,0,0.0297073
238,1004.99,103.722,101,3,0.186523,0,0.029701
239,2704.27,101.64,101,6,0.158203,0,0.0298008
240,1008.92,100.501,101,3,0.158203,0,0.0307302
241,992.422,98.0424,101,3,0.130859,0,0.0293048
242,1712,102.455,101,4,0.145508,0,0.0299681
243,1004.1,104.431,101,3,0.170898,0,0.0305434
244,1511.89,104.97,101,4,0.161133,0,0.0302728
245,1807.12,108.726,101,4,0.168945,0,0.0305496
246,1788.61,103.77,101,4,0.180664,0,0.0289509
247,1004.99,102.781,101,3,0.172852,0,0.0297168
248,1823.71,104.125,101,4,0.195312,0,0.0299817
249,2766.4,114.421,101,5,0.225586,0,0.0297834
250,1771.04,107.294,101,4,0.208984,0,0.0296129
251,1752.35,107.262,101,4,0.228516,0,0.0294143
252,1729.75,113.704,101,4,0.236328,0,0.0291874
253,2774.8,114.827,101,5,0.237305,0,0.0292203
254,4898.44,112.466,101,7,0.242188,0,0.0286707
255,2745.01,117.315,101,5,0.310547,0,0.0276901
256,1795.76,111.787,101,4,0.288086,0,0.0278616
257,2903.85,126.284,101,5,0.327148,0,0.0262311
258,3987.02,137.979,101,6,0.347656,0,0.0275458
259,1802.66,128.151,101,4,0.382812,0,0.0272307
260,1819.76,147.014,101,4,0.436523,0,0.0262721
261,7246.15,156.613,101,8,0.486328,0,0.0267629
262,3987.02,164.481,101,6,0.517578,0,0.0249894
263,3658.56,165.783,101,6,0.568359,0,0.0241026
264,7410.92,214.555,101,8,0.711914,0,0.0255964
265,12467.1,210.228,101,10,0.708008,0,0.0234015
266,8475.61,227.325,101,9,0.758789,0,0.0222735
267,9236.12,306.818,101,9,0.927734,0,0.0233799
268,20814.6,323.576,108.13,12,0.995117,1,0.02181
269,18268.2,408.8,113.419,12,1.13867,1,0.0231042
270,37506.5,486.897,116.17,14,1.24902,1,0.0234517
271,91173.7,549.514,116.17,16,1.30371,1,0.0236222
272,56972.6,684.454,122.741,15,1.56152,1,0.0245785
273,27827.7,776.851,134.568,13,1.7373,1,0.0256389
274,27423.4,837.545,136.482,13,1.76855,1,0.0257584
275,39147.6,957.615,137.914,14,1.91992,1,0.0264546
276,26679,914.698,137.17,13,1.92676,1,0.0270967
277,295555,1477.11,138.774,18,2.06641,1,0.0274847
278,93363,1457.67,403.121,16,2.40625,2,0.02848
279,565108,2459.3,372.972,19,2.30664,2,0.0281178
280,57821.4,1731.57,423.179,15,2.71387,2,0.0307889
281,1.09106e+06,3952.57,424.824,20,2.80566,2,0.0303544
282,559301,2962.79,424.824,19,2.85059,2,0.0325735
283,8.44884e+06,11118,429.6,23,3.13086,2,0.033778
284,2.14333e+06,10956.3,435.076,21,3.54492,2,0.0384223
285,8.44624e+06,25359.8,596.518,23,3.76074,3,0.0409714
286,1.09185e+06,8523.28,728.411,20,3.74414,3,0.040983
287,3.36189e+07,44404.2,833.221,25,3.89453,3,0.0424868
288,3.36242e+07,47966.9,830.89,25,4.00586,3,0.0419297
289,1.68331e+07,40510.5,809.528,24,3.74219,3,0.0404615
290,8.45059e+06,19676.9,432.828,23,3.4668,2,0.0404611
291,8.44555e+06,19321.2,762.291,23,3.75586,3,0.0407128
292,1.08923e+06,7682.55,916.75,20,4.19336,3,0.0428346
293,1.68359e+07,36745.9,816.724,24,4.08984,3,0.0432887
294,4.24407e+06,13575.9,894.752,22,4.29199,3,0.0455215
295,4.24776e+06,24863.5,908.906,22,4.33496,3,0.0459713
296,4.24677e+06,16627.2,937.341,22,4.2959,3,0.0448422
297,1.68412e+07,45563.5,928.165,24,4.52246,3,0.0476994
298,3.36188e+07,85592,922.511,25,4.49609,3,0.0464462
299,2.14558e+06,11735.2,928.165,21,4.47656,3,0.0465477
300,8.44688e+06,40102.8,1453.19,23,5.14551,4,0.0484124
301,4.24873e+06,20094.3,1387.95,22,4.89551,4,0.0481872
302,3.36166e+07,56664.7,1232.18,25,4.7041,4,0.0462754
303,1.68355e+07,69426.9,1196,24,4.97168,4,0.0495451
304,1.68357e+07,43727.3,1254.51,24,5.00781,4,0.0492
305,4.24632e+06,40253.3,935.531,22,4.93262,3,0.0502001
306,1.68455e+07,60757.6,969.087,24,5.06738,3,0.051556
307,6.71832e+07,172352,1457.18,26,5.4043,4,0.0532874
308,3.36171e+07,120102,1218.68,25,5.30371,4,0.0507995
309,3.36226e+07,158044,1578.88,25,5.51562,4,0.0549658
310,8.44414e+06,38849.2,1412.72,23,5.40039,4,0.0525969
311,3.36253e+07,105052,1227.69,25,5.13965,4,0.0517856
312,6.71826e+07,124290,1214.16,26,5.19043,4,0.0523502
313,8.44474e+06,48291.5,987.443,23,5.02441,3,0.0490017
314,4.24682e+06,32083.1,1441.16,22,5.29004,4,0.0507129
315,3.36247e+07,103145,1508.05,25,5.31836,4,0.0499595
316,1.68417e+07,49016.8,1593.22,24,5.07129,4,0.0486918
317,1.68346e+07,58067.1,1496.48,24,5.26465,4,0.0495398
318,3.36192e+07,98209,1383.79,25,5.27637,4,0.0507292
319,1.68432e+07,70248.5,1712,24,5.41504,4,0.0513145
320,6.71839e+07,221335,1476.97,26,5.51074,4,0.0517878
321,1.68372e+07,91810.2,1205.1,24,4.98535,4,0.0492019
322,3.36233e+07,123357,1424.97,25,5.30078,4,0.0499796
323,8.44436e+06,54308.7,1634.95,23,5.44531,4,0.0514385
324,3.36183e+07,74425.7,1556.99,25,5.32812,4,0.0501943
325,6.71717e+07,119358,1457.18,26,5.21875,4,0.0514508
326,6.7171e+07,163028,1159.3,26,5.21875,4,0.0509484
327,1.6839e+07,115804,1000.23,24,5.17676,3,0.0519711
328,1.68371e+07,67259.1,1571.63,24,5.4043,4,0.0510867
329,3.36225e+07,215357,1527.11,25,5.53613,4,0.0523266
330,1.68381e+07,80719.6,1433.09,24,5.27441,4,0.0498452
331,1.68402e+07,83716.3,1362.83,24,5.30762,4,0.0501708
332,6.71713e+07,137258,1362.83,26,5.33203,4,0.0516288
333,1.68424e+07,81504.9,1571.63,24,5.48145,4,0.0510327
334,3.36207e+07,123641,1480.89,25,5.31934,4,0.049303
335,1.68429e+07,118943,1708.97,24,5.67188,4,0.0537549
336,6.71805e+07,153477,1624.7,26,5.71777,4,0.0538367
337,1.6839e+07,101482,1726.84,24,5.84863,4,0.0548551
338,6.71806e+07,230235,1741.21,26,5.96289,4,0.0535939
339,1.34299e+08,221268,2108.97,27,6.20898,5,0.0546068
340,1.68454e+07,243752,2264.96,24,6.7168,5,0.0573143
341,1.34297e+08,378556,2065.64,27,6.54688,5,0.0568229
342,6.71759e+07,393350,2456.06,26,6.69434,5,0.0561262
343,6.71837e+07,358214,3150.06,26,7.17676,6,0.0601129
344,6.71819e+07,252968,2654.09,26,6.93945,5,0.0577962
345,6.71804e+07,364264,2585.91,26,6.69141,5,0.0572552
346,6.71847e+07,403128,2960.85,26,7.15137,6,0.0580036
347,2.68515e+08,741339,2718.6,28,6.7959,5,0.0568862
348,2.68521e+08,739159,2894.36,28,7.03027,5,0.058868
349,6.71875e+07,255718,2519.61,26,6.56348,5,0.054788
350,6.71791e+07,298897,2682.21,26,6.83301,5,0.0569651
351,2.68515e+08,448770,2736.29,28,6.74805,5,0.0570892
352,2.6852e+08,683421,2535.16,28,6.54004,5,0.0545515
353,5.36961e+08,913212,2373.67,29,6.80566,5,0.0577872
354,6.71841e+07,593446,3277.55,26,7.12012,6,0.0591796
355,6.71824e+07,381555,3117.65,26,6.97266,6,0.0572096
356,1.34302e+08,853936,2668.24,27,6.88574,5,0.0583495
357,1.34295e+08,686657,3491.81,27,7.28809,6,0.0639155
358,6.71828e+07,589596,2565.81,26,6.86133,5,0.0625459
359,6.71897e+07,646673,2853.13,26,7.06641,5,0.0578197
360,6.71814e+07,677949,3182.26,26,7.11816,6,0.0577986
361,2.6852e+08,950805,3285.4,28,7.05078,6,0.0567649
362,5.36965e+08,1.84891e+06,3424.22,29,7.36133,6,0.0593135
363,1.34292e+08,901067,3416.64,27,7.39941,6,0.0595345
364,1.07384e+09,1.96369e+06,3469.42,30,7.47656,6,0.0588514
365,2.68516e+08,897428,2757.91,28,7.05469,5,0.0568636
366,1.34293e+08,666642,2395.95,27,6.48145,5,0.0535578
367,2.68518e+08,976792,2668.24,28,6.88574,5,0.0549917
368,1.343e+08,632272,2488.11,27,6.61914,5,0.0528385
369,6.71841e+07,473762,2745.01,26,6.9834,5,0.0577519
370,1.34301e+08,1.49737e+06,3550.8,27,7.56641,6,0.0582106
371,5.36962e+08,1.27999e+06,3848.83,29,7.69238,6,0.0593875
372,2.68528e+08,1.28601e+06,3881.17,28,7.81055,6,0.061148
373,6.71863e+07,830507,3789.31,26,7.73633,6,0.0613903
374,5.36967e+08,1.44742e+06,2838.35,29,7.38281,5,0.0588094
375,2.68525e+08,1.01944e+06,3796.01,28,7.86426,6,0.0590294
376,1.34293e+08,910199,3253.92,27,7.39355,6,0.0581944
377,1.07383e+09,1.55438e+06,3728.22,30,7.62988,6,0.0615678
378,2.68516e+08,1.16848e+06,4972.57,28,8.19238,7,0.0606429
379,2.68525e+08,1.28698e+06,4022.75,28,7.82129,6,0.0604489
380,1.34292e+08,1.11337e+06,4022.75,27,7.88184,6,0.0612029
381,5.36972e+08,1.47403e+06,2877.78,29,7.19238,5,0.0583601
382,2.6852e+08,1.42896e+06,5000.06,28,8.12793,7,0.0619153
383,1.343e+08,1.21859e+06,3802.68,27,7.47852,6,0.0574692
384,2.68524e+08,1.47022e+06,3848.83,28,7.75684,6,0.0593003
385,1.07384e+09,1.87e+06,3919.27,30,7.57812,6,0.0588023
386,2.6852e+08,1.21019e+06,4046.07,28,7.69824,6,0.058156
387,5.36974e+08,2.36205e+06,4098.24,29,8.04492,7,0.0602822
388,5.36958e+08,1.78648e+06,4091.41,29,8.14746,6,0.0599335
389,5.36962e+08,2.89906e+06,5230.83,29,8.68652,7,0.0634796
390,5.36965e+08,3.86874e+06,4746.72,29,8.67578,7,0.0618851
391,2.68524e+08,2.57131e+06,5340.83,28,8.94238,7,0.0644655
392,1.07384e+09,4.45668e+06,5178.81,30,8.80762,7,0.0651664
393,2.68518e+08,2.6347e+06,4560.86,28,8.94727,7,0.0677168
394,5.36962e+08,4.15862e+06,5187.53,29,8.90039,7,0.0675361
395,1.07382e+09,5.06656e+06,4276.54,30,8.64355,7,0.0648336
396,5.3697e+08,4.34087e+06,5645.8,29,9.33105,7,0.0711488
397,1.07384e+09,6.57562e+06,4935.66,30,9.1709,7,0.0691664
398,5.36962e+08,4.09151e+06,5438.88,29,9.20117,7,0.0669733
399,1.07384e+09,6.26391e+06,6525.84,30,9.86523,8,0.0723113
400,2.14759e+09,8.76364e+06,7226.23,31,10.0088,8,0.0745951
401,2.14758e+09,8.20416e+06,5282.07,31,9.26074,7,0.0715342
402,4.29508e+09,1.23036e+07,6327.69,32,9.81348,8,0.0745082
403,1.07384e+09,6.49992e+06,5365.67,30,9.25293,7,0.0687335
404,5.36963e+08,4.29259e+06,5940.15,29,9.20508,8,0.0699532
405,1.07384e+09,6.94581e+06,7114.77,30,9.94727,8,0.0743511
406,4.29507e+09,1.20195e+07,6315.86,32,9.7041,8,0.0715135
407,1.07384e+09,1.35528e+07,6628.42,30,9.98145,8,0.0734036
408,4.29507e+09,1.3446e+07,6571.63,32,9.8877,8,0.0736654
409,4.29508e+09,1.04822e+07,6806.59,32,9.67969,8,0.071526
410,2.14759e+09,1.5643e+07,6491.28,31,9.70508,8,0.0740301
411,1.07384e+09,7.54852e+06,5579.09,30,9.73926,7,0.0710047
412,4.29507e+09,1.32968e+07,5601.59,32,9.5752,7,0.0718185
413,8.59005e+09,2.45266e+07,6268.36,33,10.0801,8,0.07414
414,8.59005e+09,1.97251e+07,6662.24,33,9.82422,8,0.0732537
415,8.59005e+09,2.06385e+07,6514.34,33,10.0498,8,0.0750979
416,4.29508e+09,2.7042e+07,7305.25,32,10.5381,8,0.0768023
417,2.14758e+09,2.25171e+07,8195.64,31,10.5449,9,0.0788639
418,4.29508e+09,2.14818e+07,8679.94,32,10.5166,9,0.0777577
419,8.59005e+09,3.88768e+07,9430.66,33,10.9658,9,0.0764435
420,2.14759e+09,2.23758e+07,12155.5,31,11.5967,10,0.0788381
421,1.718e+10,7.11276e+07,11108.9,34,10.9346,10,0.0753934
422,8.59005e+09,5.02362e+07,12819.8,33,11.6396,11,0.0795285
423,1.718e+10,4.95236e+07,11250.8,34,11.4912,10,0.0789072
424,1.718e+10,8.40092e+07,12427.5,34,11.4678,10,0.0814596
425,1.718e+10,8.74464e+07,11723.6,34,11.5996,10,0.0803054
426,3.43599e+10,8.94853e+07,14118.8,35,11.752,11,0.079645
427,1.718e+10,5.56708e+07,11797.5,34,11.1973,10,0.0767996
428,3.43599e+10,1.29384e+08,19004.7,35,12.5039,12,0.0835806
429,1.718e+10,8.28831e+07,14248.4,34,11.8379,11,0.0797504
430,1.718e+10,5.93094e+07,17388.2,34,12.0977,12,0.0829979
431,1.718e+10,1.17218e+08,15535.5,34,12.2451,11,0.0820595
432,8.59005e+09,6.58658e+07,18524.4,33,12.4512,12,0.0851837
433,1.718e+10,9.99658e+07,18545.6,34,12.3633,12,0.0832144
434,3.43599e+10,1.55823e+08,26960.7,35,13.2002,13,0.0881902
435,8.59005e+09,5.80419e+07,20674.5,33,12.7764,12,0.0856425
436,1.718e+10,1.15425e+08,27382.1,34,13.3574,13,0.0899882
437,1.718e+10,1.3863e+08,36662.3,34,13.5762,14,0.0903027
438,1.718e+10,1.25501e+08,37101.6,34,13.7705,14,0.0914297
439,3.43599e+10,1.69946e+08,20814.6,35,12.7695,12,0.0844346
440,3.43599e+10,1.64245e+08,26788,35,13.1396,13,0.0879215
441,3.43599e+10,2.95253e+08,24997.3,35,13.3545,13,0.0898726
442,3.43599e+10,3.44736e+08,26569.2,35,13.3994,13,0.0879234
443,3.43599e+10,3.22531e+08,37406.1,35,13.7803,14,0.0931845
444,6.87196e+10,3.35851e+08,28346.3,36,13.874,13,0.0930822
445,6.87196e+10,3.45379e+08,38313.9,36,14.3145,14,0.0939836
446,3.43599e+10,3.70806e+08,36053.8,35,13.9941,14,0.0925023
447,6.87196e+10,4.11708e+08,26436.2,36,13.5664,13,0.08958
448,6.87196e+10,5.53417e+08,27788,36,13.915,13,0.0897836
449,1.37439e+11,6.52741e+08,37705.8,37,14.3975,14,0.0943374
450,3.43599e+10,3.69478e+08,38989.6,35,14.333,14,0.0933636
451,1.37439e+11,4.84026e+08,28271.6,37,13.6523,13,0.0939772
452,6.87196e+10,5.00512e+08,36293.8,36,14.3477,14,0.0947067
453,6.87196e+10,5.31032e+08,28043,36,14.1299,13,0.0931809
454,6.87196e+10,5.99841e+08,38409.1,36,14.3291,14,0.0964319
455,6.87196e+10,6.12468e+08,34509.6,36,13.9941,14,0.0941317
456,3.43599e+10,4.30515e+08,27708.1,35,13.9727,13,0.0928783
457,6.87196e+10,8.04067e+08,39715.1,36,14.8281,14,0.0966226
458,6.87196e+10,6.28663e+08,38361.6,36,14.6562,14,0.0959514
459,1.37439e+11,6.36096e+08,36844.3,37,14.2852,14,0.0962029
460,6.87196e+10,6.53158e+08,55356.2,36,14.7148,15,0.0990549
461,6.87196e+10,7.32361e+08,56691.5,36,15.0537,15,0.099114
462,3.43599e+10,3.55494e+08,37951.7,35,14.2285,14,0.094582
463,6.87196e+10,6.00394e+08,57415.1,36,14.9873,15,0.0997451
464,1.37439e+11,6.28922e+08,93696.6,37,15.584,16,0.104311
465,6.87196e+10,8.10509e+08,38503.6,36,14.7969,14,0.102292
466,1.37439e+11,7.61927e+08,52692.3,37,14.8867,15,0.102033
467,1.37439e+11,8.4613e+08,38944.1,37,14.6787,14,0.101084
468,6.87196e+10,7.94394e+08,57084.1,36,15.1406,15,0.104211
469,1.37439e+11,8.94255e+08,38527.2,37,15.0234,14,0.106511
470,1.37439e+11,1.21028e+09,92145.3,37,15.7305,16,0.108998
471,6.87196e+10,1.0142e+09,94291.1,36,15.8633,16,0.11029
472,6.87196e+10,1.29293e+09,93484.8,36,16.2812,16,0.113067
473,6.87196e+10,1.45772e+09,95264,36,16.4443,16,0.115025
474,1.37439e+11,2.0366e+09,295632,37,16.9639,18,0.116876
475,5.49756e+11,2.2392e+09,95011.3,39,16.5,16,0.12054
476,5.49756e+11,2.40175e+09,298009,39,17.6152,18,0.120017
477,1.37439e+11,1.96621e+09,163731,37,16.999,17,0.118129
478,6.87196e+10,1.99142e+09,295861,36,17.1143,18,0.119143
479,5.49756e+11,2.83845e+09,163181,39,16.7676,17,0.122833
480,1.37439e+11,2.61437e+09,298366,37,17.5459,18,0.122789
481,1.37439e+11,2.06719e+09,295709,37,17.0576,18,0.117675
482,1.37439e+11,2.61624e+09,295747,37,17.2842,18,0.120033
483,1.37439e+11,2.62595e+09,93240.6,37,16.7061,16,0.116045
484,1.37439e+11,2.40273e+09,161219,37,16.7305,17,0.115107
485,2.74878e+11,2.93702e+09,92776.5,38,15.9375,16,0.113313
486,2.74878e+11,3.5072e+09,94055.2,38,16.6338,16,0.119741
487,2.19902e+12,6.14095e+09,92209,41,16.3955,16,0.113861
488,1.09951e+12,5.45044e+09,294819,40,17.5332,18,0.121546
489,1.37439e+11,3.10393e+09,93726.7,37,16.9131,16,0.119352
490,1.37439e+11,3.01151e+09,165066,37,16.8193,17,0.11816
491,1.37439e+11,3.20087e+09,56663.2,37,16.2207,15,0.118327
492,2.74878e+11,3.46978e+09,91985.4,38,16.2178,16,0.113854
493,1.09951e+12,3.57407e+09,94755.1,40,16.5059,16,0.114922
494,2.19902e+12,6.67731e+09,295092,41,17.8096,18,0.124136
495,2.74878e+11,3.35399e+09,90610.5,38,16.4229,16,0.115001
496,5.49756e+11,4.1296e+09,92620,39,16.4912,16,0.11547
497,1.37439e+11,3.37032e+09,58245.3,37,16.083,15,0.112367
498,2.74878e+11,3.17098e+09,90241.4,38,16.2129,16,0.114553
499,2.74878e+11,3.18687e+09,93484.8,38,16.4463,16,0.114446
500,5.49756e+11,2.92357e+09,59428.2,39,16.0068,15,0.115649
501,2.74878e+11,2.59074e+09,56032.3,38,15.6064,15,0.108134
502,1.09951e+12,3.76502e+09,56407.1,40,15.6895,15,0.116412
503,2.74878e+11,2.92545e+09,159030,38,16.6514,17,0.115798
504,5.49756e+11,4.39391e+09,93454.4,39,16.7461,16,0.115454
505,1.37439e+11,3.36063e+09,93393.5,37,16.4043,16,0.115121
506,2.74878e+11,3.41719e+09,57713.8,38,15.8457,15,0.112097
507,5.49756e+11,3.41435e+09,160230,39,16.375,17,0.115334
508,2.74878e+11,3.02833e+09,93332.5,38,16.3457,16,0.11739
509,2.74878e+11,3.01157e+09,91140.8,38,16.2754,16,0.116939
510,5.49756e+11,3.60263e+09,160158,39,16.6914,17,0.121818
511,2.74878e+11,4.66952e+09,162452,38,16.876,17,0.122093
512,2.74878e+11,4.21411e+09,163986,38,17.2109,17,0.12355
513,2.74878e+11,4.0744e+09,159725,38,16.6582,17,0.118196
514,2.74878e+11,3.54456e+09,298331,38,17.4863,18,0.122287
515,5.49756e+11,5.27353e+09,558115,39,17.7178,19,0.1247
516,5.49756e+11,4.58913e+09,296579,39,17.2979,18,0.123749
517,5.49756e+11,5.28359e+09,162216,39,17.0273,17,0.121643
518,2.19902e+12,6.06652e+09,160444,41,16.9727,17,0.121126
519,5.49756e+11,6.4751e+09,566156,39,18.2871,19,0.128426
520,1.37439e+11,4.06092e+09,562708,37,18.0947,19,0.128672
521,5.49756e+11,4.88433e+09,296951,39,17.4717,18,0.123901
522,2.74878e+11,5.15732e+09,296051,38,17.2168,18,0.123573
523,2.74878e+11,5.02034e+09,297757,38,17.6152,18,0.126015
524,5.49756e+11,6.21497e+09,559344,39,17.9072,19,0.127888
525,1.09951e+12,6.27067e+09,296766,40,17.5693,18,0.124661
526,2.19902e+12,8.23324e+09,163050,41,17.6777,17,0.128467
527,2.19902e+12,7.20499e+09,295092,41,17.542,18,0.125524
528,5.49756e+11,5.93164e+09,155987,39,16.875,17,0.123885
529,7.03687e+13,7.81858e+10,160657,46,17.3105,17,0.125676
530,8.79609e+12,3.42364e+10,1.68271e+07,43,21.0645,24,0.145377
531,8.79609e+12,2.29838e+10,4.24302e+06,43,20.2578,22,0.14136
532,8.79609e+12,2.35394e+10,4.24627e+06,43,19.79,22,0.139588
533,1.09951e+12,1.49973e+10,2.13727e+06,40,19.752,21,0.137967
534,4.39805e+12,2.59415e+10,8.43968e+06,42,20.6738,23,0.146965
535,2.19902e+12,2.26539e+10,1.68364e+07,41,21.3135,24,0.148956
536,8.79609e+12,3.01617e+10,4.24849e+06,43,20.4893,22,0.144039
537,3.51844e+13,8.15398e+10,1.68379e+07,45,21.0176,24,0.146985
538,1.09951e+12,2.27936e+10,3.36151e+07,40,22.0791,25,0.152434
539,4.39805e+12,2.66953e+10,1.68408e+07,42,21.4668,24,0.148702
540,2.19902e+12,2.15174e+10,2.14645e+06,41,20.4326,21,0.146425
541,1.09951e+12,2.01712e+10,2.1489e+06,40,20.2529,21,0.14164
542,2.19902e+12,2.84061e+10,4.24407e+06,41,20.6553,22,0.146506
543,4.39805e+12,2.66073e+10,4.24597e+06,42,20.8438,22,0.143425
544,8.79609e+12,2.47262e+10,2.14386e+06,43,20.2773,21,0.141727
545,8.79609e+12,3.23869e+10,1.68384e+07,43,21.4912,24,0.149195
546,4.39805e+12,3.31923e+10,2.14014e+06,42,20.4668,21,0.141197
547,3.51844e+13,5.32038e+10,4.2481e+06,45,21.0693,22,0.144794
548,8.79609e+12,3.94596e+10,8.44225e+06,43,21.1357,23,0.15
549,4.39805e+12,3.02434e+10,8.44298e+06,42,21.0254,23,0.147923
550,4.39805e+12,2.83468e+10,4.23551e+06,42,20.4219,22,0.144676
551,4.39805e+12,3.34285e+10,8.44403e+06,42,21.0859,23,0.153216
552,2.19902e+12,1.89161e+10,4.24551e+06,41,20.582,22,0.146301
553,3.51844e+13,5.71446e+10,4.2419e+06,45,20.4287,22,0.144392
554,1.75922e+13,4.93478e+10,4.24791e+06,44,20.8057,22,0.147496
555,8.79609e+12,4.78762e+10,8.44688e+06,43,21.3516,23,0.150272
556,2.19902e+12,3.00622e+10,2.14343e+06,41,20.1982,21,0.144211
557,2.19902e+12,3.30349e+10,8.43681e+06,41,20.9531,23,0.149148
558,8.79609e+12,4.08231e+10,1.68361e+07,43,21.5713,24,0.152238
559,1.75922e+13,4.35491e+10,4.24806e+06,44,20.3066,22,0.144809
560,1.75922e+13,5.82088e+10,565108,44,19.2363,19,0.140009
561,3.51844e+13,9.16466e+10,8.44112e+06,45,20.8779,23,0.146054
562,8.79609e+12,6.04006e+10,4.24546e+06,43,20.4658,22,0.143468
563,8.79609e+12,5.38025e+10,4.24747e+06,43,20.2959,22,0.147987
564,2.19902e+12,3.03851e+10,2.14906e+06,41,19.8428,21,0.142606
565,1.40737e+14,1.78402e+11,4.24423e+06,47,20.0107,22,0.145158
566,3.51844e+13,1.13126e+11,8.44544e+06,45,20.3906,23,0.148132
567,4.39805e+12,5.1022e+10,4.24801e+06,42,20.2783,22,0.150285
568,2.81475e+14,3.32106e+11,8.44528e+06,48,20.7393,23,0.148892
569,3.51844e+13,6.6634e+10,2.14508e+06,45,19.1631,21,0.144208
570,3.51844e+13,7.87613e+10,2.14376e+06,45,19.4463,21,0.143417
571,8.79609e+12,5.60515e+10,4.24381e+06,43,19.7617,22,0.146856
572,1.75922e+13,4.94887e+10,1.09067e+06,44,19.46,20,0.142004
573,8.79609e+12,4.30619e+10,2.13711e+06,43,19.5244,21,0.144494
574,4.39805e+12,3.59137e+10,1.0871e+06,42,19.0039,20,0.142101
575,8.79609e+12,5.18377e+10,1.08705e+06,43,19.3193,20,0.143318
576,2.19902e+12,3.36244e+10,2.14034e+06,41,19.2256,21,0.143622
577,2.19902e+12,3.63678e+10,1.08147e+06,41,18.6709,20,0.13958
578,1.75922e+13,5.14446e+10,564416,44,18.8789,19,0.14247
579,1.75922e+13,7.74432e+10,4.24239e+06,44,20.0078,22,0.14814
580,8.79609e+12,5.40961e+10,4.24006e+06,43,20.374,22,0.151825
581,2.19902e+12,3.8981e+10,4.24464e+06,41,20.4502,22,0.154274
582,8.79609e+12,6.01195e+10,8.44129e+06,43,20.5664,23,0.152423
583,4.39805e+12,4.51888e+10,1.68369e+07,42,21.1484,24,0.155041
584,4.39805e+12,5.91281e+10,1.68349e+07,42,21.0381,24,0.15674
585,8.79609e+12,6.48362e+10,3.36166e+07,43,21.4033,25,0.156639
586,4.39805e+12,4.70673e+10,4.24077e+06,42,20.4912,22,0.152669
587,1.75922e+13,8.80574e+10,4.2412e+06,44,20.3027,22,0.153826
588,4.39805e+12,5.10779e+10,3.36195e+07,42,21.6504,25,0.158449
589,3.51844e+13,1.00573e+11,3.36168e+07,45,21.6973,25,0.156677
590,8.79609e+12,5.09954e+10,8.44381e+06,43,20.6133,23,0.148809
591,7.03687e+13,1.4838e+11,1.68294e+07,46,20.748,24,0.148877
592,1.75922e+13,8.58854e+10,8.43974e+06,44,20.8926,23,0.151125
593,4.39805e+12,6.10545e+10,1.68389e+07,42,21.4746,24,0.155478
594,3.51844e+13,9.04641e+10,3.36169e+07,45,21.4395,25,0.1589
595,4.39805e+12,4.88385e+10,3.36145e+07,42,21.2236,25,0.156863
596,1.75922e+13,7.20214e+10,8.44118e+06,44,21.0059,23,0.154215
597,1.75922e+13,7.31396e+10,6.71716e+07,44,22.2578,26,0.162145
598,8.79609e+12,8.08325e+10,6.71765e+07,43,22.2676,26,0.160319
599,8.79609e+12,5.6683e+10,1.34291e+08,43,22.7119,27,0.167154
600,1.75922e+13,8.41239e+10,3.36122e+07,44,21.3574,25,0.152883
601,8.79609e+12,7.7533e+10,1.68345e+07,43,21.3115,24,0.153202
602,1.75922e+13,5.71366e+10,8.44651e+06,44,20.6523,23,0.149563
603,4.39805e+12,3.92047e+10,1.68351e+07,42,21.2324,24,0.154709
604,1.75922e+13,6.76186e+10,3.36141e+07,44,21.6016,25,0.157852
605,1.75922e+13,5.79838e+10,3.36155e+07,44,21.0391,25,0.151757
606,7.03687e+13,1.57474e+11,6.71843e+07,46,22.0029,26,0.161801
607,8.79609e+12,5.97009e+10,1.68385e+07,43,21.4287,24,0.156537
608,4.39805e+12,5.38692e+10,3.36131e+07,42,21.5791,25,0.161408
609,1.75922e+13,7.64513e+10,6.71765e+07,44,21.9268,26,0.161379
610,1.75922e+13,6.07066e+10,3.36185e+07,44,21.9355,25,0.159336
611,8.79609e+12,5.74751e+10,6.7178e+07,43,22.5029,26,0.161804
612,4.39805e+12,3.51203e+10,6.71834e+07,42,22.2891,26,0.164657
613,3.51844e+13,1.08605e+11,6.71822e+07,45,22.4229,26,0.164856
614,1.75922e+13,8.00411e+10,6.71629e+07,44,21.9678,26,0.160764
615,3.51844e+13,1.24146e+11,1.34296e+08,45,22.7617,27,0.169358
616,1.75922e+13,8.23333e+10,1.6837e+07,44,21.5273,24,0.158692
617,1.40737e+14,1.9888e+11,1.34288e+08,47,22.8818,27,0.168413
618,1.75922e+13,1.25288e+11,1.34292e+08,44,22.8613,27,0.170763
619,1.75922e+13,1.16267e+11,3.36158e+07,44,21.9189,25,0.166962
620,8.79609e+12,1.00728e+11,6.71806e+07,43,22.8213,26,0.170188
621,8.79609e+12,9.17821e+10,6.71731e+07,43,22.4326,26,0.16525
622,1.75922e+13,1.08066e+11,3.36107e+07,44,21.332,25,0.157473
623,7.03687e+13,1.3417e+11,6.71781e+07,46,22.7314,26,0.170448
624,1.40737e+14,2.93898e+11,1.34289e+08,47,22.7539,27,0.168088
625,8.79609e+12,9.30995e+10,8.43945e+06,43,20.6279,23,0.1531
626,8.79609e+12,1.11924e+11,8.44392e+06,43,21.251,23,0.15995
627,3.51844e+13,1.02431e+11,4.24207e+06,45,20.4824,22,0.154429
628,8.79609e+12,9.58081e+10,4.24801e+06,43,20.8125,22,0.154906
629,4.39805e+12,7.231e+10,2.13675e+06,42,19.6885,21,0.14791
630,7.03687e+13,2.0965e+11,1.68319e+07,46,21.2227,24,0.158213
631,7.03687e+13,2.36422e+11,1.68386e+07,46,21.8291,24,0.164087
632,7.03687e+13,1.65686e+11,3.36249e+07,46,22.2168,25,0.164525
633,7.03687e+13,1.96457e+11,3.36178e+07,46,21.7754,25,0.16332
634,8.79609e+12,9.7522e+10,8.44693e+06,43,21.1631,23,0.156801
635,3.51844e+13,1.20799e+11,4.24044e+06,45,20.4102,22,0.153189
636,7.03687e+13,1.69502e+11,1.68424e+07,46,21.4258,24,0.157544
637,1.75922e+13,7.69491e+10,1.68269e+07,44,21.2402,24,0.153901
638,1.75922e+13,1.16196e+11,1.68398e+07,44,21.4268,24,0.158758
639,1.75922e+13,1.04099e+11,1.68328e+07,44,21.1523,24,0.155711
640,1.75922e+13,1.04277e+11,3.36213e+07,44,22.2783,25,0.168107
641,1.75922e+13,1.02969e+11,1.68332e+07,44,21.3379,24,0.157448
642,1.75922e+13,1.25116e+11,4.24707e+06,44,20.667,22,0.152163
643,1.75922e+13,1.01781e+11,2.14114e+06,44,19.998,21,0.147605
644,1.75922e+13,7.53947e+10,1.68329e+07,44,21.0684,24,0.156598
645,8.79609e+12,8.62676e+10,1.68339e+07,43,21.3945,24,0.15912
646,8.79609e+12,6.50718e+10,1.68334e+07,43,21.2861,24,0.157738
647,8.79609e+12,6.04067e+10,8.44512e+06,43,20.79,23,0.155251
648,8.79609e+12,8.47245e+10,1.68406e+07,43,21.627,24,0.157331
649,8.79609e+12,7.00222e+10,8.4464e+06,43,20.6475,23,0.153076
650,1.75922e+13,1.02056e+11,1.68361e+07,44,21.0811,24,0.159482
651,2.19902e+12,4.32932e+10,4.24786e+06,41,20.5322,22,0.152239
652,8.79609e+12,9.22268e+10,8.4374e+06,43,20.2012,23,0.154935
653,8.79609e+12,7.14936e+10,8.44236e+06,43,20.6006,23,0.152823
654,1.75922e+13,8.21492e+10,1.68413e+07,44,21.376,24,0.158131
655,4.39805e+12,6.26343e+10,4.2427e+06,42,20.1787,22,0.147829
656,1.40737e+14,2.23329e+11,4.24386e+06,47,19.9365,22,0.147711
657,1.75922e+13,1.19564e+11,8.4371e+06,44,20.8174,23,0.155287
658,8.79609e+12,7.8654e+10,8.44123e+06,43,21.002,23,0.155388
659,3.51844e+13,1.47351e+11,8.43951e+06,45,20.9111,23,0.153577
660,1.75922e+13,8.40774e+10,2.14428e+06,44,20.2949,21,0.153679
661,8.79609e+12,8.45755e+10,4.24376e+06,43,20.502,22,0.154064
662,7.03687e+13,2.33401e+11,8.44298e+06,46,20.6533,23,0.155991
663,8.79609e+12,1.05734e+11,8.44512e+06,43,20.7852,23,0.156102
664,3.51844e+13,1.20025e+11,4.24844e+06,45,20.2285,22,0.149292
665,7.03687e+13,1.44842e+11,3.3616e+07,46,21.6494,25,0.160205
666,1.75922e+13,1.05889e+11,4.2451e+06,44,20.7646,22,0.156863
667,8.79609e+12,6.52524e+10,4.25089e+06,43,20.7002,22,0.154593
668,8.79609e+12,8.87753e+10,1.68298e+07,43,21.8066,24,0.166117
669,1.40737e+14,2.58783e+11,4.24302e+06,47,20.6035,22,0.152062
670,8.79609e+12,1.15285e+11,3.36192e+07,43,21.916,25,0.163182
671,1.75922e+13,1.26109e+11,6.71786e+07,44,22.4561,26,0.166747
672,1.75922e+13,1.4113e+11,6.71673e+07,44,21.9307,26,0.16081
673,1.75922e+13,1.47604e+11,4.24433e+06,44,20.8525,22,0.156748
674,1.75922e+13,1.08853e+11,4.24464e+06,44,20.96,22,0.158494
675,8.79609e+12,8.16572e+10,4.2451e+06,43,20.5889,22,0.158007
676,7.03687e+13,2.08226e+11,3.36164e+07,46,21.916,25,0.164425
677,1.40737e+14,3.04061e+11,1.68326e+07,47,21.5908,24,0.164692
678,8.79609e+12,1.18062e+11,1.34282e+08,43,22.5371,27,0.169355
679,7.03687e+13,1.87379e+11,1.68369e+07,46,21.583,24,0.166581
680,7.03687e+13,2.02005e+11,2.68513e+08,46,22.9658,28,0.17337
681,3.51844e+13,1.40826e+11,3.36205e+07,45,22.168,25,0.165126
682,3.51844e+13,1.74016e+11,6.71765e+07,45,22.3506,26,0.167541
683,1.75922e+13,1.05143e+11,2.6851e+08,44,22.7969,28,0.174393
684,1.75922e+13,1.24695e+11,3.36109e+07,44,21.8721,25,0.167237
685,1.75922e+13,1.17944e+11,1.6841e+07,44,21.5654,24,0.161844
686,3.51844e+13,1.49751e+11,6.71793e+07,45,22.5576,26,0.173651
687,3.51844e+13,1.84058e+11,1.68439e+07,45,21.584,24,0.161199
688,1.40737e+14,3.22793e+11,6.71748e+07,47,22.1094,26,0.16502
689,1.75922e+13,1.53426e+11,4.2494e+06,44,21.1865,22,0.158858
690,1.75922e+13,1.49951e+11,3.36159e+07,44,21.832,25,0.164472
691,7.03687e+13,1.89875e+11,4.24313e+06,46,20.7285,22,0.158923
692,3.51844e+13,1.71541e+11,3.36079e+07,45,21.9658,25,0.164222
693,7.03687e+13,2.03317e+11,6.71766e+07,46,22.0762,26,0.16354
694,7.03687e+13,1.83242e+11,4.23979e+06,46,20.5771,22,0.154247
695,1.75922e+13,1.48033e+11,4.2426e+06,44,20.6807,22,0.155175
696,1.75922e+13,1.19723e+11,4.24766e+06,44,20.4189,22,0.153502
697,3.51844e+13,2.01116e+11,4.24761e+06,45,21.0127,22,0.154188
698,1.75922e+13,1.67024e+11,4.25025e+06,44,20.6221,22,0.15201
699,7.03687e+13,2.70329e+11,2.13856e+06,46,20.0332,21,0.151152
700,1.75922e+13,1.2055e+11,8.44353e+06,44,21.1074,23,0.156774
701,1.75922e+13,1.07471e+11,2.13831e+06,44,19.957,21,0.149036
702,7.03687e+13,1.64382e+11,2.1428e+06,46,20.3838,21,0.15283
703,7.03687e+13,1.69992e+11,2.14271e+06,46,20.542,21,0.155366
704,1.75922e+13,8.99286e+10,562136,44,19.8232,19,0.151223
705,7.03687e+13,1.56467e+11,558381,46,18.9844,19,0.146207
706,1.40737e+14,2.20678e+11,1.08601e+06,47,19.832,20,0.149347
707,1.75922e+13,1.09272e+11,8.4387e+06,44,20.8516,23,0.158477
708,1.1259e+15,1.18152e+12,1.09058e+06,50,19.5732,20,0.149853
709,1.75922e+13,1.36331e+11,6.71736e+07,44,21.9854,26,0.165701
710,1.75922e+13,1.27837e+11,6.71693e+07,44,21.792,26,0.161007
711,4.39805e+12,7.51048e+10,4.2418e+06,42,20.4941,22,0.156272
712,7.03687e+13,1.99979e+11,8.43603e+06,46,20.707,23,0.157213
713,1.75922e+13,9.31481e+10,1.68367e+07,44,21.2246,24,0.157486
714,8.79609e+12,7.43391e+10,1.6837e+07,43,21.1475,24,0.158136
715,3.51844e+13,1.47942e+11,8.44248e+06,45,20.6172,23,0.157602
716,4.39805e+12,6.21314e+10,4.24185e+06,42,20.0625,22,0.151095
717,7.03687e+13,1.57423e+11,1.6826e+07,46,20.8037,24,0.15401
718,8.79609e+12,8.58471e+10,3.36176e+07,43,20.9805,25,0.157969
719,4.39805e+12,5.70272e+10,8.43997e+06,42,20.5908,23,0.156513
720,1.75922e+13,8.07362e+10,8.44381e+06,44,20.7979,23,0.15261
721,8.79609e+12,9.32157e+10,1.68388e+07,43,20.874,24,0.156529
722,8.79609e+12,1.03315e+11,1.68355e+07,43,21.2217,24,0.157782
723,4.39805e+12,5.19491e+10,4.24339e+06,42,20.2295,22,0.150873
724,8.79609e+12,8.14777e+10,565411,43,19.1104,19,0.143347
725,8.79609e+12,9.56613e+10,4.24592e+06,43,20.375,22,0.153042
726,1.75922e+13,7.93227e+10,4.24627e+06,44,20.2803,22,0.151495
727,7.03687e+13,1.5218e+11,1.09275e+06,46,19.7178,20,0.14958
728,4.39805e+12,4.93413e+10,293952,42,18.4316,18,0.136302
729,4.39805e+12,5.64239e+10,295785,42,18.6348,18,0.141394
730,3.51844e+13,1.51729e+11,564687,45,19.374,19,0.148693
731,3.51844e+13,1.0296e+11,4.24055e+06,45,20.5547,22,0.153168
732,1.75922e+13,1.30507e+11,1.68255e+07,44,20.8867,24,0.157582
733,1.75922e+13,1.28875e+11,8.44009e+06,44,20.7617,23,0.156374
734,4.39805e+12,6.96446e+10,8.44474e+06,42,20.5664,23,0.153469
735,7.03687e+13,1.45163e+11,4.24474e+06,46,20.2148,22,0.158397
736,1.40737e+14,2.23814e+11,1.68297e+07,47,21.2334,24,0.158394
737,1.75922e+13,1.04498e+11,4.24541e+06,44,20.1904,22,0.156333
738,1.75922e+13,1.03154e+11,4.24217e+06,44,20.3213,22,0.156639
739,7.03687e+13,1.54409e+11,1.08946e+06,46,19.8281,20,0.151752
740,4.39805e+12,7.25639e+10,3.36189e+07,42,21.6885,25,0.162699
741,2.81475e+14,3.52181e+11,8.43805e+06,48,20.5674,23,0.154235
742,1.40737e+14,3.14601e+11,2.68513e+08,47,23.4209,28,0.175536
743,7.03687e+13,2.10874e+11,1.34289e+08,46,22.9688,27,0.172746
744,3.51844e+13,1.7332e+11,1.07383e+09,45,24.3906,30,0.181046
745,1.40737e+14,2.51297e+11,5.36958e+08,47,23.7041,29,0.178408
746,3.51844e+13,1.60491e+11,1.68402e+07,45,21.5166,24,0.165324
747,3.51844e+13,2.00892e+11,5.36958e+08,45,23.4365,29,0.182547
748,1.75922e+13,1.35494e+11,1.3429e+08,44,22.3066,27,0.166613
749,3.51844e+13,1.68502e+11,6.71771e+07,45,22.2705,26,0.170801
750,3.51844e+13,1.97963e+11,2.68514e+08,45,23.0596,28,0.172242
751,7.03687e+13,2.32025e+11,2.68502e+08,46,22.9678,28,0.170676
752,1.40737e+14,2.1329e+11,6.71773e+07,47,22.0986,26,0.163019
753,7.03687e+13,3.14163e+11,2.68518e+08,46,22.9395,28,0.170876
754,1.75922e+13,1.89221e+11,2.6852e+08,44,23.1104,28,0.172784
755,1.75922e+13,1.42423e+11,2.68513e+08,44,22.4775,28,0.167498
756,1.75922e+13,1.28023e+11,6.71805e+07,44,22.1572,26,0.16691
757,1.40737e+14,2.506e+11,1.68367e+07,47,21.334,24,0.162677
758,8.79609e+12,1.52143e+11,5.36962e+08,43,23.1455,29,0.178012
759,1.75922e+13,1.8472e+11,5.36951e+08,44,23.5654,29,0.177572
760,1.75922e+13,1.77466e+11,6.71776e+07,44,22.6719,26,0.171689
761,3.51844e+13,2.20444e+11,2.68502e+08,45,23.001,28,0.174142
762,1.75922e+13,1.55906e+11,1.07383e+09,44,24.0566,30,0.183678
763,8.79609e+12,1.45629e+11,5.36959e+08,43,23.5176,29,0.178526
764,2.81475e+14,4.84118e+11,2.68518e+08,48,23.2373,28,0.173446
765,3.51844e+13,2.18997e+11,1.34298e+08,45,22.2627,27,0.168622
766,1.40737e+14,4.36493e+11,2.14757e+09,47,24.4277,31,0.181774
767,7.03687e+13,3.53046e+11,1.07383e+09,46,24.584,30,0.187901
768,1.75922e+13,1.9731e+11,2.14759e+09,44,24.1895,31,0.178541
769,3.51844e+13,2.9512e+11,4.29506e+09,45,25.1592,32,0.184201
770,9.0072e+15,9.26661e+12,4.29507e+09,53,25.8477,32,0.190489
771,3.51844e+13,3.08704e+11,8.59004e+09,45,26.2578,33,0.198303
772,7.03687e+13,3.31832e+11,8.59004e+09,46,26.1846,33,0.195759
773,1.40737e+14,5.13567e+11,4.29507e+09,47,25.5732,32,0.190513
774,2.81475e+14,9.01053e+11,8.59004e+09,48,26.6729,33,0.196759
775,3.51844e+13,2.30045e+11,4.29506e+09,45,24.2881,32,0.179925
776,7.03687e+13,3.50402e+11,2.14758e+09,46,24.541,31,0.180345
777,3.51844e+13,2.59842e+11,4.29507e+09,45,25.4736,32,0.191117
778,7.03687e+13,3.89743e+11,4.29507e+09,46,25.5459,32,0.188795
779,7.03687e+13,2.60248e+11,4.29507e+09,46,25.7139,32,0.188865
780,1.40737e+14,3.85643e+11,4.29507e+09,47,25.2959,32,0.184829
781,3.51844e+13,2.03705e+11,4.29507e+09,45,26.0781,32,0.190544
782,3.51844e+13,1.86036e+11,8.59003e+09,45,26.2178,33,0.193644
783,8.79609e+12,1.65375e+11,4.29507e+09,43,25.1104,32,0.193741
784,3.51844e+13,1.94844e+11,4.29506e+09,45,25.2148,32,0.191028
785,1.75922e+13,2.68047e+11,4.29507e+09,44,26.0107,32,0.191462
786,1.75922e+13,1.89074e+11,4.29507e+09,44,26.2598,32,0.194391
787,7.03687e+13,3.22943e+11,4.29507e+09,46,26.1318,32,0.193416
788,1.40737e+14,3.61839e+11,8.59004e+09,47,26.9814,33,0.19931
789,3.51844e+13,2.63876e+11,4.29506e+09,45,25.6855,32,0.193209
790,7.03687e+13,2.95334e+11,4.29506e+09,46,25.7861,32,0.188893
791,1.40737e+14,4.98426e+11,8.59004e+09,47,26.9912,33,0.200212
792,1.1259e+15,2.14844e+12,4.29507e+09,50,25.8369,32,0.193449
793,3.51844e+13,2.51188e+11,4.29506e+09,45,26.0352,32,0.199354
794,2.81475e+14,6.79891e+11,4.29506e+09,48,25.9404,32,0.191281
795,7.03687e+13,3.16022e+11,4.29506e+09,46,25.249,32,0.188492
796,7.03687e+13,2.57709e+11,4.29506e+09,46,25.9746,32,0.192649
797,1.75922e+13,2.29528e+11,2.14758e+09,44,25.585,31,0.190155
798,8.79609e+12,1.56e+11,2.14756e+09,43,24.918,31,0.190957
799,3.51844e+13,2.15958e+11,4.29507e+09,45,25.6162,32,0.192964
800,7.03687e+13,3.23982e+11,1.07384e+09,46,24.5762,30,0.182698
801,8.79609e+12,1.98388e+11,2.14757e+09,43,24.9463,31,0.185575
802,7.03687e+13,4.47551e+11,2.14756e+09,46,24.416,31,0.187991
803,3.51844e+13,2.94373e+11,4.29506e+09,45,25.7158,32,0.192269
804,7.03687e+13,3.93905e+11,1.07384e+09,46,24.752,30,0.183846
805,5.6295e+14,8.35146e+11,1.07383e+09,49,24.0654,30,0.178293
806,2.81475e+14,5.99585e+11,4.29506e+09,48,25.9482,32,0.194687
807,7.03687e+13,4.2406e+11,5.36951e+08,46,24.5176,29,0.177861
808,7.03687e+13,2.74293e+11,1.07383e+09,46,25.2207,30,0.18402
809,3.51844e+13,2.41652e+11,5.36954e+08,45,24.7197,29,0.184718
810,1.40737e+14,4.10933e+11,2.6852e+08,47,24.2588,28,0.182309
811,2.81475e+14,4.62898e+11,1.07384e+09,48,24.7588,30,0.182633
812,3.51844e+13,3.58628e+11,4.29507e+09,45,26.5391,32,0.195259
813,7.03687e+13,3.62747e+11,5.36956e+08,46,24.3789,29,0.179183
814,1.40737e+14,5.0855e+11,1.07383e+09,47,25.293,30,0.186921
815,7.03687e+13,3.3913e+11,1.07383e+09,46,24.7207,30,0.182601
816,1.75922e+13,1.74614e+11,1.07384e+09,44,24.9238,30,0.18453
817,1.40737e+14,6.60138e+11,5.36952e+08,47,24.2637,29,0.182639
818,1.75922e+13,1.48638e+11,1.07383e+09,44,24.4307,30,0.179975
819,1.75922e+13,1.62486e+11,1.07382e+09,44,24.4766,30,0.180429
820,7.03687e+13,2.48529e+11,5.36943e+08,46,23.1973,29,0.174087
821,3.51844e+13,1.87433e+11,2.68518e+08,45,23.9268,28,0.179793
822,1.40737e+14,3.46148e+11,1.34295e+08,47,23.7412,27,0.175155
823,1.75922e+13,2.1632e+11,6.71763e+07,44,22.9648,26,0.171849
824,1.75922e+13,2.02832e+11,2.68515e+08,44,23.6533,28,0.178125
825,3.51844e+13,2.39344e+11,5.36953e+08,45,24.1572,29,0.179661
826,7.03687e+13,1.87139e+11,1.34291e+08,46,22.5293,27,0.167686
827,7.03687e+13,4.26758e+11,1.34293e+08,46,22.9883,27,0.170428
828,7.03687e+13,2.45672e+11,3.36237e+07,46,22.0098,25,0.167897
829,3.51844e+13,2.39589e+11,2.68506e+08,45,23.3057,28,0.174416
830,1.40737e+14,3.35512e+11,6.71818e+07,47,22.4307,26,0.168309
831,3.51844e+13,2.52032e+11,5.36946e+08,45,23.9648,29,0.177271
832,1.75922e+13,1.84509e+11,2.68508e+08,44,23.3174,28,0.172943
833,3.60288e+16,3.53944e+13,1.34296e+08,55,23.5537,27,0.174659
834,1.40737e+14,5.67262e+11,4.29505e+09,47,26.3848,32,0.193421
835,3.60288e+16,3.56167e+13,2.68515e+08,55,24.5938,28,0.181674
836,3.51844e+13,4.68471e+11,8.59003e+09,45,26.0078,33,0.19398
837,7.03687e+13,2.74194e+11,5.36941e+08,46,23.7656,29,0.175037
838,1.40737e+14,5.14385e+11,5.36955e+08,47,24.4258,29,0.179533
839,1.40737e+14,5.42834e+11,5.3696e+08,47,24.4746,29,0.182821
840,2.81475e+14,7.30048e+11,5.36956e+08,48,24.3496,29,0.18236
841,7.03687e+13,6.26057e+11,5.36952e+08,46,24.2002,29,0.182006
842,1.40737e+14,5.13406e+11,4.29506e+09,47,24.666,32,0.185787
843,7.03687e+13,3.35162e+11,4.29507e+09,46,25.7197,32,0.19431
844,2.81475e+14,8.3144e+11,4.29506e+09,48,25.0166,32,0.189148
845,3.51844e+13,5.0156e+11,2.14757e+09,45,24.5225,31,0.182779
846,7.03687e+13,4.21062e+11,5.36962e+08,46,24.1152,29,0.181122
847,7.03687e+13,5.026e+11,2.14757e+09,46,24.5459,31,0.182973
848,1.75922e+13,2.19126e+11,2.68514e+08,44,23.5361,28,0.176024
849,7.03687e+13,3.41937e+11,2.14758e+09,46,24.3936,31,0.180061
850,7.03687e+13,3.52985e+11,4.29506e+09,46,25.2314,32,0.186841
851,3.51844e+13,3.25761e+11,4.29507e+09,45,24.8984,32,0.185626
852,7.03687e+13,4.01919e+11,2.14758e+09,46,24.2432,31,0.180182
853,7.03687e+13,6.25025e+11,8.59003e+09,46,26.0977,33,0.194497
854,7.03687e+13,3.49721e+11,2.14758e+09,46,25.1572,31,0.186168
855,5.6295e+14,9.04678e+11,4.29507e+09,49,25.835,32,0.193217
856,5.6295e+14,8.90379e+11,4.29507e+09,49,25.9307,32,0.192077
857,7.03687e+13,4.20675e+11,4.29507e+09,46,25.7412,32,0.191647
858,1.40737e+14,6.33406e+11,2.14757e+09,47,24.1797,31,0.180207
859,7.03687e+13,4.8762e+11,1.07384e+09,46,24.8721,30,0.18691
860,5.6295e+14,1.27152e+12,4.29506e+09,49,25.623,32,0.191155
861,1.40737e+14,6.10464e+11,4.29506e+09,47,25.8252,32,0.196263
862,1.75922e+13,2.37361e+11,1.07384e+09,44,24.834,30,0.186515
863,7.03687e+13,4.75831e+11,2.14758e+09,46,25.3945,31,0.189895
864,1.40737e+14,5.03108e+11,1.07382e+09,47,24.3291,30,0.189981
865,7.03687e+13,3.46795e+11,2.68508e+08,46,23.2998,28,0.178342
866,3.51844e+13,2.79898e+11,5.36948e+08,45,23.624,29,0.179596
867,7.03687e+13,2.78981e+11,1.07382e+09,46,24.4316,30,0.186719
868,3.51844e+13,2.92195e+11,2.68517e+08,45,23.9141,28,0.180274
869,1.40737e+14,5.80823e+11,1.07383e+09,47,24.4414,30,0.183894
870,1.40737e+14,4.00563e+11,2.14758e+09,47,25.6338,31,0.197971
871,7.03687e+13,4.19193e+11,5.36959e+08,46,24.5664,29,0.184643
872,2.81475e+14,6.10189e+11,1.07383e+09,48,24.5283,30,0.182186
873,5.6295e+14,9.84581e+11,4.29507e+09,49,26.5439,32,0.201944
874,7.03687e+13,5.16724e+11,8.59004e+09,46,26.752,33,0.201607
875,3.51844e+13,3.25862e+11,1.07383e+09,45,24.5,30,0.186226
876,5.6295e+14,1.12361e+12,2.14758e+09,49,25.292,31,0.192328
877,7.03687e+13,2.97477e+11,4.29505e+09,46,25.1855,32,0.189332
878,5.6295e+14,8.89944e+11,2.14758e+09,49,25.1191,31,0.190342
879,2.81475e+14,1.07633e+12,4.29505e+09,48,25.5908,32,0.19305
880,5.6295e+14,1.24413e+12,4.29507e+09,49,26.2666,32,0.19895
881,2.81475e+14,1.01514e+12,4.29507e+09,48,26.2197,32,0.19681
882,5.6295e+14,1.09752e+12,1.07384e+09,49,24.7148,30,0.187207
883,5.6295e+14,1.17754e+12,4.29507e+09,49,25.874,32,0.193881
884,5.6295e+14,9.39058e+11,1.718e+10,49,27.4385,34,0.201565
885,1.40737e+14,8.19548e+11,1.718e+10,47,27.0156,34,0.201424
886,1.1259e+15,2.07562e+12,4.29508e+09,50,26.1475,32,0.194617
887,2.81475e+14,1.14537e+12,1.718e+10,48,27.5596,34,0.208639
888,7.03687e+13,5.50314e+11,4.29507e+09,46,25.1768,32,0.192593
889,1.40737e+14,7.6029e+11,2.14757e+09,47,25.0527,31,0.18541
890,1.40737e+14,8.39973e+11,8.59004e+09,47,26.7266,33,0.197575
891,5.6295e+14,1.60523e+12,4.29508e+09,49,26.4424,32,0.201599
892,5.6295e+14,1.33557e+12,4.29506e+09,49,25.5605,32,0.193013
893,5.6295e+14,1.14564e+12,4.29507e+09,49,25.873,32,0.196506
894,1.1259e+15,3.13645e+12,8.59004e+09,50,26.7334,33,0.199525
895,1.1259e+15,1.91315e+12,4.29507e+09,50,25.707,32,0.196196
896,2.81475e+14,1.19689e+12,1.718e+10,48,27.3252,34,0.206135
897,7.03687e+13,6.96081e+11,8.59005e+09,46,26.5889,33,0.203069
898,4.5036e+15,5.23691e+12,8.59001e+09,52,26.0508,33,0.195526
899,2.81475e+14,1.02898e+12,1.718e+10,48,27.7275,34,0.211089
900,2.81475e+14,1.14755e+12,1.718e+10,48,27.6348,34,0.212505
901,5.6295e+14,1.53535e+12,8.59005e+09,49,26.8252,33,0.20444
902,1.40737e+14,1.11796e+12,1.718e+10,47,27.5703,34,0.210107
903,2.81475e+14,9.61701e+11,1.718e+10,48,26.9287,34,0.20438
904,5.6295e+14,1.43625e+12,1.718e+10,49,28.0977,34,0.210587
905,1.40737e+14,5.78909e+11,1.718e+10,47,27.7979,34,0.210505
906,2.81475e+14,9.73418e+11,1.718e+10,48,27.1172,34,0.20333
907,1.40737e+14,9.15489e+11,1.718e+10,47,27.6064,34,0.207902
908,2.81475e+14,1.57295e+12,1.718e+10,48,27.0615,34,0.200971
909,7.03687e+13,4.16009e+11,8.59005e+09,46,26.7588,33,0.20052
910,2.81475e+14,7.79709e+11,8.59004e+09,48,26.376,33,0.200491
911,2.2518e+15,2.81181e+12,8.59003e+09,51,25.9658,33,0.194018
912,1.40737e+14,8.60087e+11,1.718e+10,47,28.2148,34,0.210552
913,2.81475e+14,1.08815e+12,1.718e+10,48,28.0137,34,0.211445
914,7.03687e+13,6.73013e+11,1.718e+10,46,27.9736,34,0.211094
915,7.03687e+13,6.84019e+11,1.718e+10,46,27.2676,34,0.202668
916,1.1259e+15,2.28336e+12,1.718e+10,50,26.9609,34,0.201968
917,7.03687e+13,6.60822e+11,1.718e+10,46,26.7412,34,0.202055
918,1.40737e+14,7.80097e+11,1.718e+10,47,27.3467,34,0.205587
919,1.1259e+15,1.92573e+12,1.718e+10,50,26.6885,34,0.20097
920,2.81475e+14,1.57873e+12,1.718e+10,48,27.7432,34,0.205958
921,2.81475e+14,8.2936e+11,8.59005e+09,48,27.0986,33,0.200087
922,5.6295e+14,1.55513e+12,1.718e+10,49,27.374,34,0.202953
923,1.40737e+14,9.65686e+11,8.59004e+09,47,26.1914,33,0.194941
924,1.40737e+14,8.92196e+11,8.59004e+09,47,25.875,33,0.196007
925,2.81475e+14,7.13803e+11,8.59004e+09,48,25.9238,33,0.190913
926,3.51844e+13,3.76312e+11,8.59003e+09,45,25.9004,33,0.197162
927,7.03687e+13,5.63617e+11,8.59004e+09,46,26.4316,33,0.197047
928,7.03687e+13,5.16028e+11,8.59004e+09,46,25.9238,33,0.192204
929,5.6295e+14,1.23936e+12,8.59004e+09,49,26.5811,33,0.199992
930,1.40737e+14,5.67414e+11,2.14757e+09,47,23.6406,31,0.179075
931,9.0072e+15,9.46292e+12,4.29506e+09,53,24.8018,32,0.185059
932,7.03687e+13,6.22935e+11,1.718e+10,46,28.6416,34,0.216642
933,1.40737e+14,4.91036e+11,8.59003e+09,47,25.9268,33,0.195353
934,1.1259e+15,1.91495e+12,1.718e+10,50,27.5693,34,0.208827
935,5.6295e+14,1.21887e+12,4.29508e+09,49,25.9043,32,0.19533
936,1.40737e+14,5.12674e+11,2.68513e+08,47,23.5127,28,0.177474
937,2.81475e+14,8.49256e+11,1.07384e+09,48,24.5166,30,0.184998
938,2.2518e+15,2.87591e+12,4.29506e+09,51,25.4453,32,0.187512
939,2.81475e+14,1.1777e+12,1.07383e+09,48,24.2881,30,0.182531
940,2.81475e+14,8.2325e+11,1.07383e+09,48,24.9707,30,0.18908
941,1.40737e+14,6.72844e+11,1.07384e+09,47,25.0684,30,0.186092
942,5.6295e+14,1.20668e+12,2.14758e+09,49,24.3779,31,0.181405
943,2.2518e+15,2.92419e+12,8.59003e+09,51,26.4092,33,0.196607
944,7.03687e+13,4.38909e+11,1.07384e+09,46,24.6016,30,0.186449
945,2.81475e+14,7.9065e+11,2.14758e+09,48,24.6875,31,0.208978
946,7.03687e+13,5.66584e+11,2.14757e+09,46,25.1367,31,0.187371
947,5.6295e+14,1.04077e+12,4.29507e+09,49,25.9375,32,0.194265
948,1.40737e+14,6.25896e+11,8.59005e+09,47,26.7852,33,0.19972
949,7.03687e+13,6.17358e+11,4.29508e+09,46,26.0273,32,0.194061
950,1.40737e+14,5.59467e+11,4.29507e+09,47,25.5098,32,0.19308
951,2.81475e+14,1.27534e+12,4.29507e+09,48,25.7471,32,0.191881
952,1.1259e+15,2.82847e+12,4.29506e+09,50,25.2109,32,0.19121
953,2.81475e+14,6.90375e+11,8.59004e+09,48,26.6211,33,0.199911
954,7.03687e+13,3.78491e+11,2.14758e+09,46,26.0342,31,0.193333
955,2.81475e+14,9.8727e+11,4.29507e+09,48,26.5488,32,0.197385
956,1.1259e+15,1.54121e+12,4.29507e+09,50,25.6943,32,0.188096
957,7.03687e+13,4.09764e+11,1.07383e+09,46,24.666,30,0.181912
958,3.51844e+13,3.17102e+11,1.07384e+09,45,24.96,30,0.191726
959,2.2518e+15,3.01856e+12,1.07384e+09,51,25.3057,30,0.191873
960,1.1259e+15,2.23837e+12,8.59004e+09,50,25.1826,33,0.191207
961,5.6295e+14,1.40719e+12,4.29507e+09,49,25.7637,32,0.189994
962,7.03687e+13,4.73482e+11,2.14758e+09,46,25.4082,31,0.185925
963,7.03687e+13,4.74489e+11,2.14758e+09,46,24.5703,31,0.180703
964,1.40737e+14,8.96438e+11,8.59003e+09,47,26.1084,33,0.195892
965,7.03687e+13,5.01362e+11,4.29507e+09,46,25.0977,32,0.188937
966,2.81475e+14,7.53924e+11,4.29506e+09,48,24.9365,32,0.18832
967,2.81475e+14,8.52325e+11,2.14758e+09,48,24.6279,31,0.187205
968,1.40737e+14,7.97535e+11,8.59004e+09,47,25.0576,33,0.187805
969,5.6295e+14,1.01064e+12,4.29506e+09,49,24.3818,32,0.185791
970,1.40737e+14,6.0227e+11,2.14757e+09,47,23.9219,31,0.184
971,7.03687e+13,5.04999e+11,4.29507e+09,46,24.9941,32,0.189462
972,5.6295e+14,1.13785e+12,2.14759e+09,49,24.6953,31,0.181658
973,3.51844e+13,4.16974e+11,8.59003e+09,45,25.5254,33,0.189269
974,1.40737e+14,6.23227e+11,1.07383e+09,47,24.1045,30,0.179594
975,1.1259e+15,1.75273e+12,2.14758e+09,50,24.585,31,0.185175
976,7.03687e+13,5.72013e+11,8.59005e+09,46,26.8652,33,0.199676
977,7.03687e+13,4.35774e+11,8.59004e+09,46,25.9482,33,0.192733
978,1.40737e+14,6.83507e+11,8.59003e+09,47,25.4189,33,0.194052
979,2.81475e+14,1.01141e+12,4.29507e+09,48,25.2949,32,0.187439
980,1.40737e+14,6.15875e+11,8.59005e+09,47,26.5273,33,0.196549
981,7.03687e+13,3.42109e+11,1.718e+10,46,26.2666,34,0.197864
982,1.40737e+14,5.82162e+11,4.29507e+09,47,25.2461,32,0.191791
983,7.03687e+13,4.66169e+11,4.29506e+09,46,25.291,32,0.188752
984,1.75922e+13,3.12405e+11,4.29507e+09,44,25.543,32,0.190572
985,2.81475e+14,7.88674e+11,2.14757e+09,48,24.3301,31,0.182205
986,1.40737e+14,5.5657e+11,4.29507e+09,47,25.4033,32,0.191067
987,3.51844e+13,3.75063e+11,2.14758e+09,45,24.833,31,0.184969
988,1.40737e+14,6.94397e+11,4.29505e+09,47,25.2305,32,0.185062
989,1.40737e+14,5.04579e+11,8.59004e+09,47,25.7041,33,0.191683
990,9.0072e+15,9.29453e+12,2.14758e+09,53,24.4824,31,0.183701
991,5.6295e+14,1.30053e+12,1.718e+10,49,27.9932,34,0.211615
992,7.03687e+13,6.44559e+11,1.718e+10,46,26.5039,34,0.200106
993,2.81475e+14,9.8513e+11,1.718e+10,48,26.4668,34,0.195791
994,7.03687e+13,5.26625e+11,8.59003e+09,46,25.5684,33,0.191521
995,2.81475e+14,8.83292e+11,8.59003e+09,48,25.4951,33,0.190115
996,3.51844e+13,4.80601e+11,8.59005e+09,45,26.2598,33,0.19775
997,1.40737e+14,8.61339e+11,1.718e+10,47,26.4443,34,0.199019
998,1.40737e+14,5.33774e+11,1.718e+10,47,26.2422,34,0.20117
999,2.81475e+14,1.16008e+12,1.718e+10,48,26.7188,34,0.198983
1000,2.81475e+14,1.057e+12,1.718e+10,48,27.6387,34,0.207312
1001,5.6295e+14,1.39138e+12,8.59004e+09,49,26.5244,33,0.199057
1002,5.6295e+14,1.64041e+12,1.718e+10,49,27.2656,34,0.204345
1003,7.03687e+13,7.43514e+11,8.59004e+09,46,26.2627,33,0.198464
1004,1.40737e+14,6.82289e+11,4.29507e+09,47,25.1094,32,0.19149
1005,2.81475e+14,8.594e+11,4.29506e+09,48,24.7549,32,0.188254
1006,5.6295e+14,1.81892e+12,1.718e+10,49,26.1875,34,0.198815
1007,2.81475e+14,7.47086e+11,1.718e+10,48,26.125,34,0.198139
1008,2.81475e+14,7.69544e+11,8.59003e+09,48,25.1465,33,0.189363
1009,5.6295e+14,1.71995e+12,1.718e+10,49,26.6914,34,0.203468
1010,1.40737e+14,9.55293e+11,1.718e+10,47,26.1826,34,0.197351
1011,1.75922e+13,3.53691e+11,4.29506e+09,44,24.7285,32,0.186622
1012,7.03687e+13,6.51467e+11,4.29506e+09,46,24.793,32,0.188602
1013,7.03687e+13,5.04941e+11,2.14757e+09,46,24.5996,31,0.189609
1014,1.1259e+15,1.81255e+12,8.59004e+09,50,25.8916,33,0.197626
1015,1.40737e+14,9.20327e+11,4.29507e+09,47,24.6475,32,0.186973
1016,7.03687e+13,6.17174e+11,4.29507e+09,46,24.5537,32,0.187039
1017,1.75922e+13,3.21704e+11,1.07384e+09,44,23.8174,30,0.180075
1018,2.81475e+14,6.83922e+11,4.29506e+09,48,24.0781,32,0.183494
1019,5.6295e+14,8.53875e+11,2.14758e+09,49,23.7002,31,0.183905
1020,1.1259e+15,1.83053e+12,2.14756e+09,50,23.2021,31,0.175032
1021,7.03687e+13,9.11301e+11,2.14758e+09,46,24.1152,31,0.185097
1022,5.6295e+14,8.80153e+11,1.34289e+08,49,22.2256,27,0.172483
1023,5.6295e+14,1.13724e+12,4.29507e+09,49,25.2754,32,0.190163
1024,7.03687e+13,6.60044e+11,1.07383e+09,46,24.2842,30,0.185538
1025,2.81475e+14,8.50841e+11,5.36948e+08,48,23.2422,29,0.178053
1026,7.03687e+13,4.87081e+11,1.343e+08,46,23.1055,27,0.178142
1027,7.03687e+13,6.65119e+11,2.14758e+09,46,23.7881,31,0.183835
1028,2.81475e+14,5.88307e+11,5.36957e+08,48,23.4658,29,0.177443
1029,1.40737e+14,7.15615e+11,2.14758e+09,47,23.916,31,0.185607
1030,3.51844e+13,2.82731e+11,1.07384e+09,45,23.7744,30,0.183567
1031,7.03687e+13,3.6628e+11,1.07383e+09,46,23.3857,30,0.178445
1032,1.40737e+14,4.98101e+11,5.36943e+08,47,23.1533,29,0.178282
1033,2.81475e+14,1.22357e+12,1.07383e+09,48,23.5107,30,0.178825
1034,7.03687e+13,3.95001e+11,4.29506e+09,46,24.1357,32,0.181217
1035,7.03687e+13,5.3694e+11,1.07384e+09,46,23.9473,30,0.184155
1036,2.2518e+15,2.89027e+12,1.07382e+09,51,23.793,30,0.183636
1037,3.51844e+13,3.89396e+11,5.3696e+08,45,23.4033,29,0.179094
1038,1.40737e+14,7.8333e+11,2.14757e+09,47,23.6895,31,0.181995
1039,5.6295e+14,1.46018e+12,4.29505e+09,49,24.6904,32,0.187798
1040,3.51844e+13,4.46877e+11,5.3695e+08,45,22.8799,29,0.174593
1041,5.6295e+14,1.03036e+12,5.36945e+08,49,23.1582,29,0.179959
1042,2.81475e+14,1.16395e+12,1.07383e+09,48,23.3779,30,0.17771
1043,5.6295e+14,2.0972e+12,5.3695e+08,49,23.873,29,0.179347
1044,7.03687e+13,5.06045e+11,2.14758e+09,46,24.1016,31,0.183493
1045,1.80144e+16,1.79821e+13,1.07383e+09,54,23.3086,30,0.176971
1046,7.03687e+13,4.60724e+11,4.29507e+09,46,23.8867,32,0.178454
1047,1.40737e+14,5.34386e+11,2.68516e+08,47,22.3066,28,0.167936
1048,1.40737e+14,6.51639e+11,2.68512e+08,47,22.5947,28,0.169956
1049,5.6295e+14,1.37549e+12,2.68517e+08,49,22.709,28,0.171301
1050,7.03687e+13,3.55851e+11,2.68516e+08,46,21.7695,28,0.166575
1051,1.1259e+15,2.12195e+12,2.68516e+08,50,22.6025,28,0.172301
1052,1.40737e+14,6.34845e+11,2.14758e+09,47,24.5635,31,0.184602
1053,2.81475e+14,9.52658e+11,1.07383e+09,48,23.1836,30,0.180212
1054,1.40737e+14,5.56798e+11,2.14757e+09,47,23.9502,31,0.184295
1055,5.6295e+14,1.66137e+12,4.29507e+09,49,24.1963,32,0.183453
1056,5.6295e+14,1.07014e+12,2.14758e+09,49,24.5869,31,0.185363
1057,2.2518e+15,2.77345e+12,4.29507e+09,51,24.8662,32,0.192385
1058,7.03687e+13,4.74222e+11,2.13795e+06,46,21.2393,21,0.164641
1059,2.81475e+14,1.17843e+12,6.71791e+07,48,22.6045,26,0.176305
1060,2.2518e+15,3.07692e+12,5.36954e+08,51,23.5654,29,0.181042
1061,1.1259e+15,1.6703e+12,4.29508e+09,50,24.7764,32,0.189805
1062,1.1259e+15,2.70047e+12,1.718e+10,50,24.7461,34,0.192555
1063,2.81475e+14,1.05325e+12,1.718e+10,48,25.8057,34,0.202169
1064,1.40737e+14,8.26315e+11,1.718e+10,47,25.6016,34,0.199317
1065,5.6295e+14,2.15418e+12,8.59005e+09,49,25.4375,33,0.198696
1066,7.03687e+13,9.15186e+11,1.718e+10,46,26.5625,34,0.211438
1067,2.81475e+14,1.46225e+12,1.718e+10,48,26.5635,34,0.206913
1068,7.03687e+13,9.64202e+11,1.718e+10,46,25.8955,34,0.200832
1069,1.1259e+15,2.21304e+12,8.59004e+09,50,24.8076,33,0.19242
1070,1.40737e+14,1.03409e+12,3.43598e+10,47,27.8252,35,0.217348
1071,1.40737e+14,1.16369e+12,1.718e+10,47,27.5,34,0.217728
1072,4.5036e+15,6.21394e+12,1.718e+10,52,26.6885,34,0.211928
1073,2.81475e+14,9.76511e+11,3.43598e+10,48,28.0273,35,0.218091
1074,1.40737e+14,8.42426e+11,1.718e+10,47,27.0557,34,0.212788
1075,5.6295e+14,1.78591e+12,1.718e+10,49,26.8213,34,0.212468
1076,2.81475e+14,1.71494e+12,1.718e+10,48,26.748,34,0.209915
1077,5.6295e+14,1.75208e+12,1.718e+10,49,26.9727,34,0.211006
1078,2.81475e+14,1.7637e+12,1.718e+10,48,26.7061,34,0.208879
1079,1.40737e+14,1.47428e+12,1.718e+10,47,27.1885,34,0.214506
1080,1.40737e+14,8.298e+11,1.718e+10,47,27.0938,34,0.210317
1081,2.2518e+15,3.10684e+12,1.718e+10,51,27.0303,34,0.211044
1082,2.81475e+14,1.44227e+12,3.43598e+10,48,28.2119,35,0.218983
1083,2.81475e+14,1.44469e+12,3.43598e+10,48,28.2832,35,0.220167
1084,5.6295e+14,2.03461e+12,1.718e+10,49,27.5547,34,0.211684
1085,5.6295e+14,1.8368e+12,1.718e+10,49,25.8506,34,0.201347
1086,2.2518e+15,5.88341e+12,1.718e+10,51,27.8896,34,0.218298
1087,2.81475e+14,2.13037e+12,3.43598e+10,48,27.6436,35,0.216132
1088,4.5036e+15,6.74769e+12,8.59005e+09,52,26.1963,33,0.205833
1089,1.1259e+15,6.45103e+12,1.718e+10,50,27.4365,34,0.211973
1090,2.81475e+14,2.05313e+12,1.718e+10,48,26.9092,34,0.209368
1091,2.81475e+14,2.56643e+12,8.59004e+09,48,26.1748,33,0.206048
1092,5.6295e+14,3.30755e+12,8.59005e+09,49,26.501,33,0.208694
1093,2.81475e+14,1.54218e+12,1.718e+10,48,27.3164,34,0.216093
1094,2.81475e+14,2.87562e+12,1.718e+10,48,27.4297,34,0.21376
1095,4.5036e+15,1.01556e+13,8.59004e+09,52,26.3271,33,0.204356
1096,1.1259e+15,4.24391e+12,1.718e+10,50,26.9102,34,0.209905
1097,2.81475e+14,1.84508e+12,1.718e+10,48,26.5557,34,0.203818
1098,1.40737e+14,1.28523e+12,8.59004e+09,47,26.1338,33,0.201025
1099,4.5036e+15,7.57571e+12,1.718e+10,52,26.5791,34,0.204087
1100,2.2518e+15,4.69345e+12,1.718e+10,51,26.5576,34,0.204906
1101,5.6295e+14,3.18505e+12,1.718e+10,49,27.9229,34,0.214121
1102,5.6295e+14,2.73759e+12,1.718e+10,49,26.8418,34,0.207606
1103,2.2518e+15,5.12939e+12,8.59004e+09,51,26.3711,33,0.203328
1104,5.6295e+14,1.62236e+12,4.29506e+09,49,25.8848,32,0.200396
1105,4.5036e+15,5.83422e+12,4.29506e+09,52,25.0947,32,0.193812
1106,4.5036e+15,8.35298e+12,1.718e+10,52,27.8711,34,0.217861
1107,5.6295e+14,1.63673e+12,1.718e+10,49,26.5322,34,0.202936
1108,1.1259e+15,2.56844e+12,8.59004e+09,50,26.2119,33,0.204239
1109,2.81475e+14,1.17868e+12,8.59005e+09,48,26.0303,33,0.20605
1110,2.81475e+14,1.5663e+12,8.59005e+09,48,26.3506,33,0.206914
1111,5.6295e+14,2.11831e+12,8.59003e+09,49,26.0107,33,0.202089
1112,2.81475e+14,1.22111e+12,4.29506e+09,48,25.7588,32,0.196945
1113,5.6295e+14,2.82647e+12,4.29507e+09,49,25.7793,32,0.19769
1114,5.6295e+14,1.34583e+12,4.29507e+09,49,25.6973,32,0.198301
1115,1.40737e+14,1.34141e+12,4.29507e+09,47,25.3311,32,0.195825
1116,5.6295e+14,2.59414e+12,4.29506e+09,49,25.4014,32,0.196156
1117,5.6295e+14,2.81688e+12,4.29506e+09,49,25.4385,32,0.19754
1118,5.6295e+14,1.87685e+12,4.29506e+09,49,24.7559,32,0.191308
1119,5.6295e+14,2.10262e+12,5.36952e+08,49,24.1406,29,0.186561
1120,5.6295e+14,2.11149e+12,4.29505e+09,49,25.3682,32,0.197583
1121,2.2518e+15,3.47492e+12,2.68503e+08,51,23.6797,28,0.184322
1122,2.81475e+14,2.55247e+12,1.718e+10,48,27.1777,34,0.20769
1123,2.81475e+14,1.80648e+12,8.59004e+09,48,26.3818,33,0.202642
1124,1.44115e+17,1.41743e+14,4.29507e+09,57,25.6201,32,0.200988
1125,4.5036e+15,1.02202e+13,8.59003e+09,52,25.1084,33,0.201971
1126,2.2518e+15,4.45508e+12,8.59004e+09,51,25.6338,33,0.201506
1127,1.1259e+15,2.06674e+12,8.59004e+09,50,25.7793,33,0.206153
1128,9.0072e+15,1.30354e+13,1.718e+10,53,27.2598,34,0.212517
1129,2.2518e+15,3.97144e+12,1.718e+10,51,26.6689,34,0.207699
1130,2.81475e+14,1.5634e+12,4.29506e+09,48,23.9463,32,0.190752
1131,1.1259e+15,2.39717e+12,4.29507e+09,50,25.4971,32,0.201498
1132,2.2518e+15,4.36904e+12,2.14758e+09,51,25.2246,31,0.198009
1133,2.81475e+14,1.49112e+12,4.29507e+09,48,25.8252,32,0.200953
1134,4.5036e+15,6.44797e+12,8.59004e+09,52,25.8135,33,0.204293
1135,5.6295e+14,2.46923e+12,8.59004e+09,49,26.1416,33,0.208061
1136,5.6295e+14,1.81447e+12,4.29506e+09,49,25.4033,32,0.201705
1137,2.2518e+15,3.68653e+12,4.29506e+09,51,25.1016,32,0.196251
1138,2.81475e+14,1.62322e+12,1.718e+10,48,25.6133,34,0.203782
1139,4.5036e+15,5.90219e+12,4.29507e+09,52,25.3428,32,0.196546
1140,2.2518e+15,3.76445e+12,1.718e+10,51,27.8955,34,0.213618
1141,4.5036e+15,5.86631e+12,1.718e+10,52,27.5059,34,0.212768
1142,2.2518e+15,4.2893e+12,3.43598e+10,51,28.9863,35,0.220962
1143,2.81475e+14,2.00349e+12,1.718e+10,48,27.7588,34,0.213902
1144,5.6295e+14,2.75755e+12,1.718e+10,49,27.499,34,0.21255
1145,5.6295e+14,2.80706e+12,1.718e+10,49,28.0898,34,0.217933
1146,2.81475e+14,2.81969e+12,1.718e+10,48,27.6777,34,0.213065
1147,5.6295e+14,4.71913e+12,1.718e+10,49,28.499,34,0.216705
1148,2.81475e+14,2.22712e+12,1.718e+10,48,27.9404,34,0.218804
1149,5.6295e+14,3.16743e+12,1.718e+10,49,28.0547,34,0.213829
1150,1.1259e+15,3.22948e+12,1.718e+10,50,28.4453,34,0.216717
1151,4.5036e+15,7.29792e+12,1.718e+10,52,28.5986,34,0.220497
1152,5.6295e+14,3.57487e+12,3.43598e+10,49,29.0254,35,0.224275
1153,1.1259e+15,3.07065e+12,1.718e+10,50,28.7725,34,0.220307
1154,1.1259e+15,5.4068e+12,1.718e+10,50,28.6191,34,0.218146
1155,1.1259e+15,3.09223e+12,1.718e+10,50,27.6455,34,0.211801
1156,5.6295e+14,2.56227e+12,1.718e+10,49,29.3496,34,0.22171
1157,1.1259e+15,3.87984e+12,1.718e+10,50,29.2344,34,0.221458
1158,5.6295e+14,3.35303e+12,1.718e+10,49,29.3486,34,0.219863
1159,2.81475e+14,1.62328e+12,1.718e+10,48,28.3613,34,0.219426
1160,1.1259e+15,2.90814e+12,1.718e+10,50,27.0762,34,0.205831
1161,5.6295e+14,1.63527e+12,1.718e+10,49,28.2822,34,0.215102
1162,2.2518e+15,5.91082e+12,8.59003e+09,51,26.7109,33,0.202158
1163,1.40737e+14,1.45117e+12,8.59004e+09,47,26.8271,33,0.206906
1164,5.6295e+14,1.49311e+12,8.59004e+09,49,26.9141,33,0.20606
1165,5.6295e+14,2.12767e+12,8.59004e+09,49,26.8477,33,0.203921
1166,5.6295e+14,1.72329e+12,8.59004e+09,49,27.2998,33,0.210269
1167,9.0072e+15,1.08381e+13,1.718e+10,53,27.7178,34,0.215886
1168,9.0072e+15,1.43895e+13,3.43599e+10,53,30.2139,35,0.232065
1169,2.2518e+15,5.89335e+12,3.43599e+10,51,30.2471,35,0.23029
1170,4.5036e+15,1.08966e+13,3.43599e+10,52,30.3896,35,0.234258
1171,7.20576e+16,8.07078e+13,3.43598e+10,56,29.5752,35,0.232629
1172,1.1259e+15,4.7802e+12,6.87196e+10,50,30.5332,36,0.233362
1173,2.2518e+15,7.93888e+12,3.43599e+10,51,30.041,35,0.237911
1174,2.2518e+15,7.02373e+12,1.718e+10,51,28.5811,34,0.221843
1175,4.5036e+15,1.06893e+13,1.718e+10,52,28.5449,34,0.220878
1176,2.2518e+15,6.33611e+12,1.718e+10,51,28.8301,34,0.224349
1177,4.5036e+15,8.35688e+12,3.43598e+10,52,29.2607,35,0.227136
1178,1.1259e+15,6.90957e+12,3.43599e+10,50,29.3301,35,0.225222
1179,2.2518e+15,6.61394e+12,3.43598e+10,51,29.0371,35,0.221546
1180,2.81475e+14,2.75618e+12,3.43599e+10,48,29.9775,35,0.232187
1181,4.5036e+15,7.30617e+12,1.718e+10,52,28.2529,34,0.218839
1182,1.1259e+15,3.9496e+12,8.59003e+09,50,26.4785,33,0.210199
1183,4.5036e+15,1.24163e+13,8.59003e+09,52,26.6973,33,0.209694
1184,2.2518e+15,1.09394e+13,1.718e+10,51,28.5635,34,0.222063
1185,5.6295e+14,3.97515e+12,3.43598e+10,49,29.0469,35,0.225889
1186,4.5036e+15,8.77804e+12,1.718e+10,52,28.1934,34,0.217391
1187,5.6295e+14,4.34828e+12,1.718e+10,49,28.1475,34,0.217649
1188,2.8823e+17,2.86742e+14,3.43598e+10,58,28.5938,35,0.223636
1189,4.5036e+15,1.4165e+13,3.43599e+10,52,28.8232,35,0.230857
1190,1.1259e+15,4.22914e+12,3.43598e+10,50,28.582,35,0.224509
1191,5.6295e+14,3.86738e+12,1.718e+10,49,27.4785,34,0.219711
1192,1.1259e+15,4.46149e+12,1.718e+10,50,27.7852,34,0.222165
1193,2.81475e+14,2.57483e+12,8.59005e+09,48,26.6133,33,0.212125
1194,2.81475e+14,1.88964e+12,1.718e+10,48,27.4873,34,0.213363
1195,5.6295e+14,2.79637e+12,1.718e+10,49,28.0049,34,0.219152
1196,1.80144e+16,2.06427e+13,8.59004e+09,54,26.8047,33,0.20698
1197,2.81475e+14,2.38984e+12,5.36952e+08,48,24.4775,29,0.196749
1198,2.81475e+14,2.09046e+12,4.29506e+09,48,25.8867,32,0.20437
1199,4.5036e+15,7.98493e+12,8.59003e+09,52,26.5654,33,0.207116
1200,9.0072e+15,2.42006e+13,1.718e+10,53,27.0459,34,0.216774
1201,9.0072e+15,1.10952e+13,3.43598e+10,53,28.6504,35,0.227799
1202,1.1259e+15,4.93884e+12,3.43599e+10,50,29.5537,35,0.23116
1203,2.2518e+15,5.25909e+12,3.43598e+10,51,28.3457,35,0.224929
1204,2.2518e+15,7.14754e+12,3.43598e+10,51,28.5986,35,0.228773
1205,5.6295e+14,3.17271e+12,3.43598e+10,49,27.7588,35,0.217585
1206,2.81475e+14,3.20136e+12,8.59004e+09,48,25.916,33,0.209983
1207,2.2518e+15,5.1545e+12,1.718e+10,51,27.2002,34,0.216412
1208,4.5036e+15,8.38289e+12,1.718e+10,52,27.1025,34,0.216605
1209,2.2518e+15,4.29686e+12,1.718e+10,51,26.9102,34,0.215747
1210,1.80144e+16,2.26543e+13,1.718e+10,54,27.7217,34,0.221165
1211,1.1259e+15,6.23383e+12,3.43599e+10,50,29.4756,35,0.231754
1212,1.1259e+15,5.51986e+12,1.718e+10,50,26.9902,34,0.215717
1213,2.2518e+15,9.5597e+12,1.718e+10,51,28.3105,34,0.226797
1214,2.2518e+15,6.35966e+12,3.43598e+10,51,27.873,35,0.228747
1215,1.1259e+15,5.11079e+12,1.718e+10,50,26.9209,34,0.214993
1216,9.0072e+15,1.29439e+13,1.718e+10,53,27.4668,34,0.216984
1217,4.5036e+15,1.09242e+13,6.87196e+10,52,30.0059,36,0.23996
1218,4.5036e+15,1.58518e+13,3.43598e+10,52,28.917,35,0.231303
1219,2.2518e+15,6.53875e+12,3.43599e+10,51,29.1602,35,0.230922
1220,2.2518e+15,5.00097e+12,3.43598e+10,51,27.79,35,0.218134
1221,1.80144e+16,2.15524e+13,3.43599e+10,54,28.7227,35,0.225806
1222,4.5036e+15,1.34748e+13,3.43598e+10,52,28.668,35,0.221304
1223,1.1259e+15,5.44646e+12,6.87196e+10,50,29.7441,36,0.232685
1224,1.1259e+15,8.88351e+12,3.43599e+10,50,28.9551,35,0.226112
1225,1.1259e+15,5.04069e+12,3.43599e+10,50,28.9053,35,0.222317
1226,2.81475e+14,3.09281e+12,3.43599e+10,48,28.4209,35,0.219743
1227,1.80144e+16,3.42566e+13,1.718e+10,54,27.6836,34,0.213292
1228,2.2518e+15,1.21776e+13,1.718e+10,51,26.6123,34,0.203891
1229,2.2518e+15,7.27067e+12,3.43599e+10,51,28.0576,35,0.222261
1230,4.5036e+15,8.16323e+12,1.718e+10,52,28.4033,34,0.224547
1231,1.80144e+16,2.07902e+13,3.43598e+10,54,28.7236,35,0.219804
1232,1.1259e+15,4.83286e+12,1.718e+10,50,27.415,34,0.214938
1233,1.80144e+16,2.16661e+13,8.59005e+09,54,27.3057,33,0.212038
1234,5.6295e+14,3.05937e+12,3.43598e+10,49,28.7461,35,0.231221
1235,5.6295e+14,3.52336e+12,1.718e+10,49,28.2344,34,0.221447
1236,2.81475e+14,3.10472e+12,1.718e+10,48,27.8994,34,0.218671
1237,4.5036e+15,8.08232e+12,4.29507e+09,52,27.0381,32,0.213405
1238,1.1259e+15,4.49759e+12,2.14757e+09,50,25.9932,31,0.203418
1239,1.80144e+16,2.53197e+13,8.59004e+09,54,27.0312,33,0.219085
1240,1.80144e+16,2.71659e+13,1.718e+10,54,28.6133,34,0.228951
1241,3.60288e+16,4.15167e+13,2.14757e+09,55,26.457,31,0.212939
1242,2.2518e+15,6.2738e+12,3.43598e+10,51,29.2295,35,0.229508
1243,1.1259e+15,4.76601e+12,8.59004e+09,50,26.8984,33,0.213286
1244,1.1259e+15,4.79036e+12,8.59005e+09,50,27.2422,33,0.212137
1245,1.80144e+16,2.80223e+13,8.59005e+09,54,27.2139,33,0.211346
1246,2.2518e+15,6.93843e+12,3.43598e+10,51,28.6719,35,0.224849
1247,9.0072e+15,1.48944e+13,3.43598e+10,53,28.5049,35,0.221444
1248,1.1259e+15,5.89774e+12,1.718e+10,50,27.9727,34,0.220317
1249,4.5036e+15,1.09757e+13,3.43598e+10,52,28.5889,35,0.22439
1250,2.2518e+15,8.90768e+12,1.718e+10,51,28.2412,34,0.218425
1251,9.0072e+15,1.367e+13,1.718e+10,53,27.0625,34,0.212889
1252,2.2518e+15,5.2876e+12,1.718e+10,51,26.9746,34,0.214059
1253,1.40737e+14,2.49297e+12,8.59004e+09,47,26.5479,33,0.207606
1254,2.81475e+14,2.58337e+12,1.718e+10,48,27.1992,34,0.212139
1255,2.2518e+15,7.28227e+12,1.718e+10,51,28.6094,34,0.220427
1256,1.1259e+15,4.05195e+12,1.718e+10,50,27.6543,34,0.215917
1257,4.5036e+15,1.1392e+13,1.718e+10,52,26.8213,34,0.211445
1258,2.2518e+15,1.08209e+13,3.43598e+10,51,28.1992,35,0.219262
1259,2.2518e+15,1.05475e+13,1.718e+10,51,27.2598,34,0.215052
1260,1.1259e+15,5.59539e+12,1.718e+10,50,26.8604,34,0.211746
1261,5.6295e+14,5.21366e+12,1.718e+10,49,27.5957,34,0.217222
1262,1.1259e+15,4.56125e+12,1.718e+10,50,26.6045,34,0.208074
1263,2.2518e+15,6.83008e+12,1.718e+10,51,27.9961,34,0.22129
1264,1.1259e+15,7.61189e+12,1.718e+10,50,26.2383,34,0.207217
1265,4.5036e+15,6.3104e+12,1.718e+10,52,26.5215,34,0.21683
1266,5.6295e+14,5.14447e+12,3.43598e+10,49,28.5352,35,0.224286
1267,5.6295e+14,3.54617e+12,1.718e+10,49,27.9629,34,0.220362
1268,1.1259e+15,5.25395e+12,1.718e+10,50,28.0166,34,0.221541
1269,2.2518e+15,8.74622e+12,3.43598e+10,51,28.3008,35,0.224501
1270,4.5036e+15,9.72854e+12,3.43599e+10,52,27.8975,35,0.219827
1271,1.1259e+15,4.7618e+12,1.718e+10,50,27.9873,34,0.220945
1272,4.5036e+15,8.9818e+12,1.718e+10,52,26.9287,34,0.217173
1273,4.5036e+15,9.05009e+12,1.718e+10,52,28.457,34,0.221901
1274,5.6295e+14,2.81749e+12,1.718e+10,49,28.4941,34,0.222839
1275,5.6295e+14,3.68379e+12,3.43598e+10,49,28.7891,35,0.222413
1276,9.0072e+15,1.40819e+13,1.718e+10,53,27.6572,34,0.216476
1277,1.1259e+15,8.02836e+12,3.43598e+10,50,28.2139,35,0.225639
1278,3.60288e+16,5.94423e+13,1.718e+10,55,27.5918,34,0.215178
1279,4.5036e+15,1.13036e+13,3.43599e+10,52,28.4238,35,0.225037
1280,4.5036e+15,8.94187e+12,3.43599e+10,52,29.7988,35,0.23053
1281,4.5036e+15,1.06974e+13,6.87196e+10,52,30.4668,36,0.23523
1282,4.5036e+15,9.63622e+12,3.43599e+10,52,28.3154,35,0.225407
1283,9.0072e+15,1.18046e+13,1.718e+10,53,28.1475,34,0.223949
1284,2.2518e+15,6.96756e+12,3.43599e+10,51,28.291,35,0.223494
1285,5.6295e+14,4.34962e+12,1.718e+10,49,26.8838,34,0.215877
1286,2.2518e+15,7.8103e+12,1.718e+10,51,26.0801,34,0.209681
1287,2.2518e+15,1.12647e+13,1.718e+10,51,26.9736,34,0.215557
1288,1.1259e+15,6.65032e+12,1.718e+10,50,26.4287,34,0.209863
1289,1.1259e+15,6.75745e+12,1.718e+10,50,26.6826,34,0.214337
1290,2.2518e+15,6.20531e+12,1.718e+10,51,26.2168,34,0.209025
1291,1.1259e+15,6.68454e+12,1.718e+10,50,28.0303,34,0.220421
1292,1.1259e+15,7.58759e+12,1.718e+10,50,26.4375,34,0.209834
1293,4.5036e+15,1.48678e+13,1.718e+10,52,27.4629,34,0.214686
1294,1.1259e+15,6.94958e+12,6.87196e+10,50,28.542,36,0.227799
1295,1.44115e+17,1.51652e+14,6.87196e+10,57,28.9736,36,0.22808
1296,9.0072e+15,1.45551e+13,6.87196e+10,53,29.8457,36,0.232986
1297,5.6295e+14,2.74172e+12,6.87196e+10,49,28.9463,36,0.231787
1298,2.81475e+14,3.2861e+12,1.718e+10,48,26.2129,34,0.207828
1299,1.1259e+15,4.62214e+12,1.718e+10,50,26.6992,34,0.207987
1300,4.5036e+15,1.02834e+13,1.718e+10,52,26.8467,34,0.214508
1301,1.1259e+15,3.9927e+12,1.718e+10,50,27.0479,34,0.208965
1302,9.0072e+15,1.53379e+13,1.718e+10,53,28.3496,34,0.220929
1303,1.1259e+15,5.81642e+12,3.43599e+10,50,29.3037,35,0.230537
1304,5.6295e+14,4.73457e+12,3.43598e+10,49,27.9385,35,0.220225
1305,2.2518e+15,6.7113e+12,1.718e+10,51,27.2686,34,0.212535
1306,1.1259e+15,3.96824e+12,1.718e+10,50,27.8008,34,0.214883
1307,5.6295e+14,4.51917e+12,1.718e+10,49,27.7061,34,0.218691
1308,2.2518e+15,6.8365e+12,1.718e+10,51,27.8213,34,0.216078
1309,2.2518e+15,4.8629e+12,1.718e+10,51,27.499,34,0.214308
1310,1.1259e+15,5.9956e+12,8.59004e+09,50,27.2998,33,0.211671
1311,1.1259e+15,4.30721e+12,1.718e+10,50,27.249,34,0.21591
1312,1.1259e+15,5.99043e+12,8.59004e+09,50,26.4561,33,0.210663
1313,4.5036e+15,7.82642e+12,4.29507e+09,52,25.6934,32,0.203608
1314,1.1259e+15,4.762e+12,1.718e+10,50,27.54,34,0.221824
1315,4.5036e+15,1.18555e+13,1.718e+10,52,27.1182,34,0.215462
1316,2.2518e+15,6.12277e+12,8.59004e+09,51,26.0361,33,0.210184
1317,1.1259e+15,5.41189e+12,1.718e+10,50,27.3721,34,0.2183
1318,4.5036e+15,1.03639e+13,1.718e+10,52,26.5645,34,0.21522
1319,9.0072e+15,2.10583e+13,3.43598e+10,53,28.1797,35,0.230667
1320,4.5036e+15,1.17157e+13,1.718e+10,52,26.6426,34,0.216134
1321,4.5036e+15,1.20268e+13,3.43599e+10,52,28.3555,35,0.225048
1322,1.1259e+15,6.94747e+12,6.87196e+10,50,28.7168,36,0.227673
1323,9.0072e+15,2.14191e+13,6.87196e+10,53,29.25,36,0.233943
1324,4.5036e+15,1.37068e+13,6.87196e+10,52,28.0225,36,0.227656
1325,1.1259e+15,7.1112e+12,6.87196e+10,50,28.6279,36,0.228323
1326,2.2518e+15,7.57439e+12,3.43598e+10,51,27.249,35,0.217351
1327,1.1259e+15,9.19621e+12,6.87196e+10,50,29.543,36,0.23642
1328,9.0072e+15,2.21528e+13,6.87196e+10,53,28.1406,36,0.226881
1329,4.5036e+15,1.0832e+13,3.43598e+10,52,27.417,35,0.222046
1330,1.80144e+16,2.60695e+13,6.87196e+10,54,27.9258,36,0.221615
1331,2.2518e+15,6.54453e+12,6.87196e+10,51,29.167,36,0.232925
1332,2.2518e+15,9.28281e+12,1.718e+10,51,26.7217,34,0.212578
1333,1.1259e+15,5.55353e+12,3.43598e+10,50,27.7129,35,0.220487
1334,2.2518e+15,1.27738e+13,1.718e+10,51,26.123,34,0.211387
1335,9.0072e+15,1.43829e+13,1.718e+10,53,26.2305,34,0.213112
1336,2.81475e+14,3.99393e+12,3.43598e+10,48,28.2275,35,0.223275
1337,4.5036e+15,1.26909e+13,1.718e+10,52,27.2109,34,0.214404
1338,9.0072e+15,1.6994e+13,1.718e+10,53,27.3369,34,0.218798
1339,3.60288e+16,3.88619e+13,1.718e+10,55,27.8379,34,0.224142
1340,9.0072e+15,2.25934e+13,6.87196e+10,53,29.1729,36,0.22776
1341,1.80144e+16,3.53999e+13,3.43598e+10,54,27.1943,35,0.215788
1342,1.1259e+15,6.12511e+12,3.43598e+10,50,26.75,35,0.213323
1343,1.1259e+15,5.20031e+12,1.718e+10,50,26.0137,34,0.20957
1344,9.0072e+15,1.99163e+13,6.87196e+10,53,27.5635,36,0.219168
1345,1.1259e+15,5.88265e+12,6.87196e+10,50,28.5088,36,0.22718
1346,4.5036e+15,1.5048e+13,1.718e+10,52,27.4199,34,0.217591
1347,2.2518e+15,7.69112e+12,1.718e+10,51,26.9668,34,0.214384
1348,1.1259e+15,6.08669e+12,3.43598e+10,50,27.1436,35,0.216482
1349,4.5036e+15,8.85569e+12,1.718e+10,52,26.3818,34,0.214647
1350,1.1259e+15,6.32069e+12,3.43598e+10,50,27.1475,35,0.223591
1351,4.5036e+15,1.57657e+13,3.43599e+10,52,27.4688,35,0.224037
1352,1.1259e+15,1.0529e+13,6.87196e+10,50,28.6162,36,0.231972
1353,2.2518e+15,7.76436e+12,1.718e+10,51,26.5117,34,0.212157
1354,9.0072e+15,2.21756e+13,1.718e+10,53,27.085,34,0.218556
1355,9.0072e+15,2.47512e+13,6.87196e+10,53,29.6865,36,0.239223
1356,2.2518e+15,8.63823e+12,3.43598e+10,51,27.9316,35,0.22083
1357,2.2518e+15,9.14401e+12,3.43598e+10,51,28.1992,35,0.222822
1358,2.2518e+15,1.43632e+13,1.718e+10,51,28.0625,34,0.222366
1359,1.80144e+16,4.07384e+13,1.718e+10,54,27.8086,34,0.221739
1360,2.2518e+15,7.43259e+12,8.59002e+09,51,26.0244,33,0.209122
1361,2.2518e+15,8.34765e+12,4.29507e+09,51,25.3711,32,0.205969
1362,1.1259e+15,5.0108e+12,1.718e+10,50,27.7139,34,0.224575
1363,3.60288e+16,5.44259e+13,3.43598e+10,55,27.3926,35,0.219437
1364,5.6295e+14,6.11501e+12,1.718e+10,49,26.7461,34,0.213798
1365,1.1259e+15,8.1992e+12,1.718e+10,50,27.2031,34,0.217734
1366,3.60288e+16,3.98891e+13,1.718e+10,55,26.4834,34,0.213177
1367,1.1259e+15,8.11038e+12,1.718e+10,50,27.6924,34,0.225589
1368,5.6295e+14,5.44485e+12,1.718e+10,49,26.5303,34,0.210679
1369,2.2518e+15,7.50032e+12,1.718e+10,51,26.2441,34,0.207817
1370,1.1259e+15,6.46911e+12,1.718e+10,50,26.6895,34,0.211403
1371,5.6295e+14,4.00478e+12,1.718e+10,49,27.3447,34,0.220159
1372,9.0072e+15,1.38408e+13,8.59004e+09,53,26.2305,33,0.208382
1373,5.6295e+14,5.43546e+12,3.43598e+10,49,28.4746,35,0.229135
1374,5.6295e+14,5.35908e+12,1.718e+10,49,27.1592,34,0.217808
1375,4.5036e+15,1.35375e+13,3.43598e+10,52,27.5996,35,0.224293
1376,2.2518e+15,7.02778e+12,1.718e+10,51,26.8252,34,0.212721
1377,5.6295e+14,3.69503e+12,1.718e+10,49,26.0645,34,0.205042
1378,2.2518e+15,1.01518e+13,1.718e+10,51,26.5322,34,0.214522
1379,2.2518e+15,8.91444e+12,1.718e+10,51,26.79,34,0.214678
1380,1.1259e+15,4.43142e+12,3.43598e+10,50,27.168,35,0.217479
1381,5.6295e+14,3.79761e+12,1.718e+10,49,27.0967,34,0.216358
1382,1.1259e+15,5.4827e+12,1.718e+10,50,26.458,34,0.210857
1383,1.1259e+15,5.34056e+12,1.718e+10,50,25.9814,34,0.210608
1384,2.2518e+15,8.91159e+12,1.718e+10,51,25.6768,34,0.207692
1385,2.2518e+15,7.96913e+12,1.718e+10,51,25.0195,34,0.20449
1386,4.5036e+15,9.69861e+12,8.59002e+09,52,25.2949,33,0.205819
1387,7.20576e+16,8.03663e+13,3.43599e+10,56,27.623,35,0.218992
1388,2.2518e+15,1.18783e+13,6.87196e+10,51,30.0488,36,0.240225
1389,4.5036e+15,1.12155e+13,1.718e+10,52,27.3164,34,0.218197
1390,5.6295e+14,5.71864e+12,1.718e+10,49,27.0508,34,0.220333
1391,2.2518e+15,8.5475e+12,1.718e+10,51,26.5547,34,0.211785
1392,4.5036e+15,1.31079e+13,3.43599e+10,52,28.7861,35,0.234882
1393,2.2518e+15,1.13854e+13,3.43599e+10,51,29.5947,35,0.234173
1394,2.2518e+15,5.23185e+12,3.43598e+10,51,28.8662,35,0.229466
1395,4.5036e+15,1.12655e+13,1.718e+10,52,27.7031,34,0.222276
1396,2.2518e+15,8.0481e+12,1.718e+10,51,29.0703,34,0.229645
1397,5.6295e+14,4.65022e+12,3.43598e+10,49,28.4434,35,0.227622
1398,5.6295e+14,4.15127e+12,1.718e+10,49,27.1816,34,0.217483
1399,5.6295e+14,5.42003e+12,1.718e+10,49,27.0498,34,0.220594
1400,2.2518e+15,5.42588e+12,1.718e+10,51,27.3213,34,0.217352
1401,2.2518e+15,1.25119e+13,1.718e+10,51,27.876,34,0.221983
1402,1.1259e+15,5.81391e+12,1.718e+10,50,28.4072,34,0.225936
1403,4.5036e+15,1.0487e+13,1.718e+10,52,28.5039,34,0.223826
1404,2.2518e+15,8.28466e+12,3.43598e+10,51,28.4912,35,0.228732
1405,5.6295e+14,4.34356e+12,1.718e+10,49,28.123,34,0.223257
1406,5.6295e+14,4.60423e+12,1.718e+10,49,26.9316,34,0.219382
1407,9.0072e+15,1.55677e+13,1.718e+10,53,26.5283,34,0.21237
1408,5.6295e+14,2.51954e+12,1.718e+10,49,27.626,34,0.219412
1409,4.5036e+15,1.00453e+13,1.718e+10,52,27.8125,34,0.222938
1410,4.5036e+15,9.1178e+12,3.43598e+10,52,29.2412,35,0.230296
1411,2.2518e+15,7.2711e+12,8.59004e+09,51,27.4541,33,0.217614
1412,1.1259e+15,4.40638e+12,8.59003e+09,50,26.5049,33,0.208802
1413,2.81475e+14,3.81146e+12,1.718e+10,48,27.2549,34,0.22217
1414,2.2518e+15,1.24632e+13,1.718e+10,51,27.3057,34,0.219132
1415,9.0072e+15,1.82608e+13,8.59004e+09,53,26.8555,33,0.217226
1416,2.2518e+15,9.70419e+12,1.718e+10,51,27.5342,34,0.220259
1417,4.5036e+15,8.13737e+12,4.29507e+09,52,25.9854,32,0.214311
1418,7.20576e+16,7.69681e+13,8.59004e+09,56,26.8281,33,0.217716
1419,2.2518e+15,8.90392e+12,1.718e+10,51,29.1025,34,0.236617
1420,2.2518e+15,1.02882e+13,1.718e+10,51,27.8457,34,0.224351
1421,9.0072e+15,1.90392e+13,8.59004e+09,53,27.1152,33,0.224486
1422,1.80144e+16,2.83691e+13,1.718e+10,54,28.1387,34,0.222833
1423,5.6295e+14,5.35295e+12,1.718e+10,49,27.4375,34,0.219011
1424,9.0072e+15,2.06114e+13,1.718e+10,53,27.333,34,0.223572
1425,1.1259e+15,9.12484e+12,1.718e+10,50,28.5176,34,0.239778
1426,1.80144e+16,2.31892e+13,1.718e+10,54,28.3535,34,0.228781
1427,1.80144e+16,2.48193e+13,1.718e+10,54,28.6211,34,0.228465
1428,1.1259e+15,5.41163e+12,1.718e+10,50,28.0371,34,0.220023
1429,4.5036e+15,2.00935e+13,1.718e+10,52,27.6113,34,0.21724
1430,2.2518e+15,7.49364e+12,8.59003e+09,51,26.415,33,0.207516
1431,2.2518e+15,1.17108e+13,8.59002e+09,51,26.334,33,0.210675
1432,7.20576e+16,7.44963e+13,8.59003e+09,56,26.5488,33,0.215133
1433,1.80144e+16,2.29908e+13,1.718e+10,54,27.8643,34,0.220197
1434,1.1259e+15,7.64315e+12,1.718e+10,50,27.7529,34,0.225066
1435,9.0072e+15,1.23959e+13,1.718e+10,53,26.3018,34,0.213303
1436,2.2518e+15,1.01357e+13,8.59004e+09,51,26.9199,33,0.214919
1437,4.5036e+15,1.21174e+13,4.29507e+09,52,26.4375,32,0.215449
1438,4.5036e+15,9.35569e+12,1.718e+10,52,26.6016,34,0.214245
1439,3.60288e+16,5.66595e+13,1.718e+10,55,26.9287,34,0.217428
1440,1.1259e+15,4.49476e+12,2.14758e+09,50,25.6025,31,0.204755
1441,1.1259e+15,8.23745e+12,8.59003e+09,50,26.1543,33,0.21073
1442,4.5036e+15,1.31068e+13,4.29506e+09,52,25.5732,32,0.205803
1443,1.1259e+15,6.68031e+12,2.14757e+09,50,23.6025,31,0.194865
1444,9.0072e+15,2.30453e+13,1.07382e+09,53,23.2783,30,0.19406
1445,4.5036e+15,1.28442e+13,1.718e+10,52,27.6982,34,0.220781
1446,1.1259e+15,9.41846e+12,1.718e+10,50,27.0117,34,0.220838
1447,5.6295e+14,5.70483e+12,1.718e+10,49,27.084,34,0.217582
1448,1.80144e+16,2.73701e+13,1.718e+10,54,26.3574,34,0.220736
1449,3.60288e+16,4.18737e+13,3.43599e+10,55,29.084,35,0.237224
1450,1.80144e+16,3.44796e+13,1.718e+10,54,27.2393,34,0.220136
1451,9.0072e+15,2.23229e+13,3.43598e+10,53,28.5908,35,0.228571
1452,4.5036e+15,1.41383e+13,1.718e+10,52,27.0273,34,0.223598
1453,3.60288e+16,4.1708e+13,8.59002e+09,55,26.2607,33,0.211929
1454,1.1259e+15,4.58526e+12,4.29506e+09,50,24.5049,32,0.20671
1455,1.80144e+16,4.93659e+13,1.07383e+09,54,24.3818,30,0.200645
1456,4.5036e+15,9.1354e+12,2.68511e+08,52,23.5312,28,0.19745
1457,3.60288e+16,4.5087e+13,4.29507e+09,55,25.4834,32,0.214356
1458,3.60288e+16,4.14251e+13,4.29507e+09,55,24.9639,32,0.20522
1459,4.5036e+15,1.28682e+13,1.718e+10,52,27.0488,34,0.219459
1460,4.5036e+15,2.05202e+13,8.59005e+09,52,26.6914,33,0.219863
1461,9.0072e+15,1.91029e+13,4.29506e+09,53,26.1602,32,0.209773
1462,9.0072e+15,1.33664e+13,4.29506e+09,53,25.332,32,0.211677
1463,1.80144e+16,2.15679e+13,8.59003e+09,54,26.3623,33,0.214954
1464,1.1259e+15,5.13805e+12,1.718e+10,50,27.8066,34,0.225789
1465,9.0072e+15,2.18588e+13,1.718e+10,53,27.4678,34,0.224392
1466,9.0072e+15,2.35679e+13,1.718e+10,53,27.7627,34,0.227461
1467,9.0072e+15,3.22714e+13,1.718e+10,53,28.5488,34,0.231357
1468,4.5036e+15,1.9841e+13,4.29507e+09,52,25.4873,32,0.210032
1469,9.0072e+15,1.61358e+13,1.718e+10,53,27.8379,34,0.226211
1470,9.0072e+15,1.6928e+13,3.43598e+10,53,28.2939,35,0.230214
1471,9.0072e+15,1.66428e+13,3.43598e+10,53,28.6719,35,0.229578
1472,9.0072e+15,2.32136e+13,1.718e+10,53,26.791,34,0.218451
1473,2.2518e+15,8.31952e+12,1.718e+10,51,26.2979,34,0.212922
1474,4.5036e+15,9.62316e+12,4.29506e+09,52,25.6953,32,0.208076
1475,3.60288e+16,6.36459e+13,1.718e+10,55,27.9834,34,0.22483
1476,2.2518e+15,1.64025e+13,4.29506e+09,51,25.2949,32,0.206573
1477,1.80144e+16,2.72336e+13,8.59003e+09,54,25.5225,33,0.207852
1478,1.80144e+16,2.57849e+13,3.43599e+10,54,28.8447,35,0.233805
1479,7.20576e+16,1.5019e+14,1.718e+10,56,28.002,34,0.225582
1480,7.20576e+16,9.85595e+13,3.43598e+10,56,27.4717,35,0.218071
1481,2.2518e+15,1.09785e+13,1.718e+10,51,27.3906,34,0.218524
1482,4.5036e+15,1.15649e+13,1.718e+10,52,26.2471,34,0.222352
1483,1.80144e+16,3.44533e+13,1.718e+10,54,27.2021,34,0.221505
1484,9.0072e+15,1.88308e+13,1.718e+10,53,27.8867,34,0.226264
1485,1.1259e+15,8.37955e+12,1.718e+10,50,27.5303,34,0.223188
1486,2.2518e+15,8.53248e+12,1.718e+10,51,26.8828,34,0.219657
1487,1.80144e+16,2.91698e+13,1.718e+10,54,26.75,34,0.215965
1488,9.0072e+15,1.62462e+13,3.43598e+10,53,27.4551,35,0.225031
1489,1.1259e+15,5.97849e+12,3.43598e+10,50,29.084,35,0.236227
1490,4.5036e+15,9.67506e+12,1.718e+10,52,26.9404,34,0.22392
1491,2.2518e+15,7.91192e+12,1.718e+10,51,26.7422,34,0.216723
1492,4.5036e+15,1.68659e+13,1.718e+10,52,28.1855,34,0.23106
1493,2.2518e+15,8.87623e+12,1.718e+10,51,28.2031,34,0.230816
1494,9.0072e+15,2.1724e+13,1.718e+10,53,28.0225,34,0.226117
1495,9.0072e+15,1.21181e+13,1.718e+10,53,27.8643,34,0.223253
1496,1.80144e+16,2.74345e+13,6.87196e+10,54,29.5791,36,0.239442
1497,4.5036e+15,1.54467e+13,3.43598e+10,52,28.8604,35,0.239248
1498,2.2518e+15,1.15463e+13,1.718e+10,51,28.459,34,0.230829
1499,3.60288e+16,4.60504e+13,6.87196e+10,55,29.1904,36,0.23947
