129.893
0,435.127,7.76043,4,2,0.03125,0,0.00620982
1,110.371,8.54418,4,1,0.0390625,0,0.00625843
2,434.412,8.46101,4,2,0.0351562,0,0.0062608
3,110.903,8.38222,5,1,0.0380859,0,0.00614278
4,435.053,10.8709,5,2,0.0537109,0,0.00623764
5,110.371,8.56324,5,1,0.0361328,0,0.00634361
6,435.149,11.0605,5,2,0.0556641,0,0.0065369
7,435.149,10.8442,5,2,0.0478516,0,0.00638791
8,435.151,11.7711,5,2,0.0566406,0,0.00657286
9,1012.94,12.521,5,3,0.0605469,0,0.00656309
10,435.117,10.9936,6,2,0.0498047,0,0.00646699
11,112.934,11.2454,5,1,0.0615234,0,0.00633379
12,435.151,9.82784,6,2,0.0419922,0,0.00643962
13,435.149,10.316,5,2,0.0478516,0,0.00642697
14,434.954,11.1794,6,2,0.0546875,0,0.0063959
15,110.903,9.87228,6,1,0.0449219,0,0.00648724
16,435.053,9.82643,6,2,0.0400391,0,0.0065317
17,435.053,13.4261,6,2,0.0761719,0,0.00658848
18,435.053,11.013,6,2,0.0517578,0,0.00653495
19,1011.31,13.2195,6,3,0.0673828,0,0.00643074
20,434.954,10.8417,6,2,0.0517578,0,0.00646085
21,435.149,12.8341,6,2,0.0634766,0,0.00659377
22,434.129,11.7059,6,2,0.0576172,0,0.00664861
23,434.954,11.3674,6,2,0.0566406,0,0.00656797
24,435.149,11.2819,6,2,0.0478516,0,0.00665255
25,435.127,11.6948,6,2,0.0556641,0,0.00662029
26,435.151,11.1036,6,2,0.0517578,0,0.00658758
27,435.117,11.9553,6,2,0.0595703,0,0.00659579
28,435.151,11.0824,6,2,0.0498047,0,0.00663493
29,435.053,11.7325,6,2,0.0546875,0,0.0064749
30,115.729,11.6417,6,1,0.0585938,0,0.0065463
31,434.954,11.3494,6,2,0.0517578,0,0.00659847
32,110.903,12.282,6,1,0.0654297,0,0.00653785
33,435.053,12.5422,6,2,0.0634766,0,0.00665454
34,434.954,13.4381,6,2,0.0703125,0,0.00657048
35,435.149,13.0328,6,2,0.0625,0,0.00662983
36,435.149,12.7095,6,2,0.0605469,0,0.00668149
37,434.954,14.6504,6,2,0.0810547,0,0.00664712
38,114.828,11.3426,6,1,0.0527344,0,0.00675911
39,434.412,13.1251,6,2,0.0683594,0,0.00666575
40,435.053,13.2143,6,2,0.0673828,0,0.00664504
41,435.117,12.213,6,2,0.0556641,0,0.00681523
42,435.151,13.4737,6,2,0.0673828,0,0.00666494
43,435.151,13.5377,6,2,0.0644531,0,0.00682556
44,435.149,14.0717,7,2,0.0664062,0,0.00683452
45,435.127,13.2198,7,2,0.0644531,0,0.00677058
46,435.149,13.3614,7,2,0.0625,0,0.00669761
47,435.149,14.8146,6,2,0.0791016,0,0.006745
48,435.151,12.7704,7,2,0.0625,0,0.00671045
49,435.151,15.1452,7,2,0.078125,0,0.0068234
50,435.151,14.3857,7,2,0.0712891,0,0.00679052
51,435.151,13.9852,7,2,0.0664062,0,0.00674864
52,435.151,14.4271,7,2,0.0683594,0,0.00688947
53,434.954,11.9992,7,2,0.0517578,0,0.00681902
54,435.127,13.8119,7,2,0.0703125,0,0.00683071
55,111.937,12.7207,7,1,0.0615234,0,0.00691088
56,435.149,16.5392,7,2,0.0859375,0,0.00687795
57,435.127,14.5171,7,2,0.0693359,0,0.00680527
58,435.127,15.3348,7,2,0.0800781,0,0.00690651
59,435.053,14.6461,7,2,0.0712891,0,0.00691647
60,110.903,13.3997,7,1,0.0673828,0,0.00683771
61,435.151,14.4957,7,2,0.0693359,0,0.00681462
62,435.149,16.3425,7,2,0.0908203,0,0.00687383
63,435.151,15.6838,7,2,0.0849609,0,0.00681512
64,435.151,15.7892,7,2,0.0771484,0,0.00687127
65,435.053,12.6284,7,2,0.0566406,0,0.00676683
66,435.149,16.7575,7,2,0.0869141,0,0.00685502
67,435.117,14.7826,8,2,0.0693359,0,0.00690056
68,435.127,14.3739,7,2,0.0654297,0,0.00684323
69,435.053,14.6294,7,2,0.0722656,0,0.00683301
70,435.151,15.4272,8,2,0.0810547,0,0.00683405
71,109.829,14.1083,8,1,0.0732422,0,0.00692633
72,434.954,15.4978,8,2,0.0839844,0,0.00688376
73,1008.92,17.9027,8,3,0.09375,0,0.00711067
74,435.127,15.1942,8,2,0.0771484,0,0.00696596
75,435.149,15.6333,8,2,0.078125,0,0.00708596
76,435.127,14.3909,7,2,0.0703125,0,0.00699856
77,435.149,15.5645,8,2,0.0751953,0,0.00694828
78,435.127,13.4904,8,2,0.0615234,0,0.00690262
79,435.149,17.71,8,2,0.0996094,0,0.00689293
80,435.127,15.5176,8,2,0.0742188,0,0.00699332
81,435.149,16.1966,8,2,0.0839844,0,0.00690813
82,435.127,14.1238,8,2,0.0673828,0,0.00695008
83,435.149,16.0963,8,2,0.0820312,0,0.00713233
84,435.151,16.374,8,2,0.0927734,0,0.00711312
85,435.149,15.7056,7,2,0.0820312,0,0.0070944
86,435.149,16.0631,8,2,0.0820312,0,0.00692466
87,435.053,15.3506,8,2,0.0800781,0,0.00692577
88,435.151,17.2691,8,2,0.0908203,0,0.0070018
89,1009.59,17.3789,8,3,0.09375,0,0.00690149
90,435.149,15.9232,8,2,0.0830078,0,0.00693361
91,435.127,14.8808,8,2,0.0742188,0,0.00694281
92,1008.92,17.6894,8,3,0.0908203,0,0.00700177
93,435.151,17.3994,8,2,0.0908203,0,0.00709684
94,435.127,15.9163,8,2,0.078125,0,0.00704226
95,435.151,14.1538,8,2,0.0654297,0,0.00703138
96,435.151,17.4126,8,2,0.0839844,0,0.00721274
97,435.149,17.9942,8,2,0.0986328,0,0.00719953
98,1011.31,18.2823,8,3,0.0927734,0,0.00703255
99,435.149,18.1338,8,2,0.0996094,0,0.00702928
100,435.149,19.125,8,2,0.108398,0,0.00711414
101,435.151,17.5386,8,2,0.0888672,0,0.00726965
102,435.151,17.3586,8,2,0.0888672,0,0.00713582
103,435.151,18.7007,8,2,0.102539,0,0.00714694
104,435.151,18.7936,8,2,0.104492,0,0.00712709
105,435.151,18.6534,8,2,0.0986328,0,0.00709264
106,435.149,18.294,8,2,0.0976562,0,0.00704909
107,435.151,17.7071,8,2,0.0957031,0,0.00726335
108,435.151,20.2542,8,2,0.108398,0,0.00722356
109,1011.31,18.9911,8,3,0.0976562,0,0.00720844
110,435.149,19.4865,8,2,0.105469,0,0.00727238
111,1008.92,16.8533,8,3,0.0839844,0,0.0071781
112,435.149,18.3117,8,2,0.101562,0,0.00707934
113,435.149,17.3373,9,2,0.0927734,0,0.00720101
114,435.127,17.6817,9,2,0.0878906,0,0.00735366
115,435.151,19.3249,9,2,0.0996094,0,0.00735955
116,435.151,20.7634,9,2,0.110352,0,0.00729014
117,435.151,19.252,9,2,0.103516,0,0.00724417
118,435.151,19.9352,9,2,0.106445,0,0.00722653
119,1009.59,19.31,9,3,0.103516,0,0.00724244
120,435.151,21.1638,9,2,0.12207,0,0.00734233
121,1011.31,23.1946,9,3,0.126953,0,0.00750939
122,435.149,20.6021,9,2,0.113281,0,0.00730664
123,435.117,18.3767,9,2,0.0986328,0,0.00733111
124,435.127,19.0887,9,2,0.102539,0,0.00733798
125,435.151,21.7997,9,2,0.123047,0,0.00735365
126,435.151,22.9447,9,2,0.126953,0,0.00729382
127,435.151,19.5206,9,2,0.103516,0,0.0072759
128,1009.59,19.7461,9,3,0.105469,0,0.00733972
129,435.151,21.0082,9,2,0.117188,0,0.00741885
130,435.151,23.51,9,2,0.124023,0,0.00744072
131,1011.31,25.5792,9,3,0.145508,0,0.0074633
132,435.151,23.6491,9,2,0.136719,0,0.0073468
133,435.151,25.6108,9,2,0.146484,0,0.00751228
134,1008.92,25.9962,9,3,0.15625,0,0.00742196
135,1008.92,23.7977,9,3,0.130859,0,0.00740092
136,435.151,22.609,9,2,0.132812,0,0.00745559
137,435.151,24.7635,9,2,0.144531,0,0.00766024
138,435.151,24.1525,9,2,0.141602,0,0.00745417
139,435.151,25.7377,9,2,0.15332,0,0.00751631
140,435.151,25.9109,9,2,0.15918,0,0.00749434
141,435.151,26.0925,9,2,0.154297,0,0.00755522
142,1008.92,24.6314,9,3,0.145508,0,0.00744378
143,435.151,24.4973,9,2,0.154297,0,0.00753182
144,1010.21,26.9339,9,3,0.161133,0,0.00762242
145,435.151,26.4735,9,2,0.148438,0,0.00758677
146,435.151,28.257,9,2,0.167969,0,0.00760676
147,435.149,29.1764,9,2,0.166992,0,0.00765076
148,435.151,24.5666,9,2,0.142578,0,0.0075382
149,435.151,23.9971,9,2,0.145508,0,0.0075793
150,1011.31,30.0316,9,3,0.168945,0,0.00748852
151,1008.92,28.7419,9,3,0.173828,0,0.00763507
152,1008.92,28.1566,9,3,0.163086,0,0.00764792
153,435.151,31.5043,9,2,0.180664,0,0.00760576
154,435.151,29.3814,9,2,0.182617,0,0.00756568
155,435.127,26.3846,9,2,0.158203,0,0.00748402
156,1008.92,29.1993,9,3,0.180664,0,0.00761191
157,435.151,31.9937,9,2,0.1875,0,0.00760847
158,1008.92,29.3219,9,3,0.178711,0,0.00759795
159,1011.31,32.6991,9,3,0.189453,0,0.00766371
160,1010.79,31.1826,9,3,0.183594,0,0.00765909
161,1011.78,35.537,9,3,0.216797,0,0.007652
162,435.149,29.2345,9,2,0.180664,0,0.00755529
163,435.151,30.8414,9,2,0.185547,0,0.00761217
164,1008.92,32.5804,9,3,0.203125,0,0.00757547
165,1011.31,34.1921,9,3,0.210938,0,0.00757366
166,435.151,33.3812,9,2,0.212891,0,0.00768484
167,1008.92,34.3569,9,3,0.197266,0,0.00770164
168,435.151,30.5736,9,2,0.186523,0,0.007629
169,1843.9,32.3672,9,4,0.1875,0,0.00766403
170,435.151,32.4797,9,2,0.210938,0,0.00767328
171,435.151,34.6591,9,2,0.228516,0,0.00771798
172,1008.92,34.0689,9,3,0.216797,0,0.00763865
173,435.151,33.0097,9,2,0.207031,0,0.00766347
174,1010.21,38.9914,9,3,0.236328,0,0.00759962
175,1008.92,33.5499,9,3,0.203125,0,0.00775598
176,1008.92,36.5049,9,3,0.21875,0,0.00779621
177,435.149,34.3771,9,2,0.223633,0,0.00769726
178,435.151,33.0175,9,2,0.212891,0,0.00772693
179,1011.31,34.721,9,3,0.217773,0,0.00770756
180,1010.21,35.9281,9,3,0.230469,0,0.00768863
181,435.127,31.7596,9,2,0.200195,0,0.00766424
182,1008.92,35.2609,9,3,0.21875,0,0.00767112
183,1011.78,34.8154,9,3,0.224609,0,0.00781472
184,1008.92,39.1256,9,3,0.240234,0,0.00768338
185,435.151,38.9501,9,2,0.244141,0,0.00783821
186,435.151,34.7773,9,2,0.21875,0,0.00780936
187,1008.92,40.6646,9,3,0.251953,0,0.00785937
188,435.151,37.7091,9,2,0.251953,0,0.00782
189,435.151,39.8071,9,2,0.245117,0,0.00779097
190,1843.9,42.0822,10,4,0.257812,0,0.00773159
191,1011.31,40.0717,9,3,0.25,0,0.00775017
192,435.151,39.1596,9,2,0.25,0,0.0077801
193,435.151,37.9984,10,2,0.235352,0,0.00770391
194,1008.92,41.4736,10,3,0.268555,0,0.0077867
195,1011.78,39.3336,9,3,0.24707,0,0.00786165
196,1008.92,41.9515,9,3,0.260742,0,0.00782928
197,1008.92,39.0342,10,3,0.259766,0,0.00778609
198,435.151,36.8906,10,2,0.251953,0,0.00767079
199,1008.92,43.9162,10,3,0.274414,0,0.0078171
200,435.151,40.3659,10,2,0.272461,0,0.0078419
201,1008.92,41.3653,10,3,0.268555,0,0.0078216
202,435.151,38.6938,9,2,0.256836,0,0.00782005
203,1011.31,43.1852,10,3,0.280273,0,0.00773117
204,1012.18,42.2571,9,3,0.266602,0,0.00777508
205,1008.92,43.553,10,3,0.280273,0,0.00782788
206,1011.31,43.8143,9,3,0.286133,0,0.0077856
207,1009.59,41.5442,10,3,0.258789,0,0.00780778
208,1011.31,41.8711,10,3,0.268555,0,0.00791221
209,1843.9,43.4201,10,4,0.269531,0,0.00783305
210,435.151,37.3736,9,2,0.25,0,0.00789658
211,1008.92,42.3939,11,3,0.280273,0,0.00777503
212,1011.31,45.3971,11,3,0.279297,0,0.00779049
213,435.151,42.221,11,2,0.289062,0,0.00770753
214,1011.78,43.0693,11,3,0.283203,0,0.00783036
215,435.151,41.5271,9,2,0.266602,0,0.00775441
216,435.149,39.5019,11,2,0.275391,0,0.00784649
217,1011.31,45.2227,10,3,0.274414,0,0.00787482
218,1011.31,45.336,11,3,0.290039,0,0.00787627
219,1008.92,45.7616,11,3,0.291992,0,0.00796737
220,435.151,45.292,11,2,0.295898,0,0.00797261
221,1009.59,46.5316,11,3,0.290039,0,0.00786697
222,1008.92,47.3793,11,3,0.303711,0,0.00791548
223,435.149,41.2296,10,2,0.285156,0,0.00785826
224,1008.92,42.0905,9,3,0.269531,0,0.00778861
225,1008.92,46.1341,10,3,0.295898,0,0.00787167
226,1011.78,40.3867,10,3,0.266602,0,0.00782952
227,1008.92,43.93,11,3,0.294922,0,0.00788419
228,1008.92,46.6596,11,3,0.305664,0,0.00784022
229,1011.78,47.4291,12,3,0.308594,0,0.00785647
230,435.151,46.5667,12,2,0.311523,0,0.00794747
231,435.151,40.712,11,2,0.275391,0,0.00788801
232,1011.31,46.9272,12,3,0.31543,0,0.00790826
233,435.151,43.8438,11,2,0.295898,0,0.00793759
234,1011.31,47.4585,11,3,0.303711,0,0.0078844
235,1008.92,47.3167,11,3,0.298828,0,0.00790801
236,1008.92,48.3615,12,3,0.316406,0,0.00790465
237,435.151,46.1768,11,2,0.306641,0,0.00796004
238,1008.92,46.4628,12,3,0.30957,0,0.00798882
239,1008.92,47.7817,12,3,0.31543,0,0.00792494
240,1009.59,43.1432,12,3,0.276367,0,0.00790051
241,1009.59,45.4722,11,3,0.286133,0,0.0078795
242,1008.92,45.7159,11,3,0.303711,0,0.00785984
243,435.151,46.704,12,2,0.313477,0,0.00792035
244,1009.59,49.3116,12,3,0.324219,0,0.00796901
245,1008.92,48.9331,12,3,0.317383,0,0.00792658
246,1011.78,53.8051,12,3,0.34082,0,0.0080668
247,435.151,48.7689,12,2,0.320312,0,0.00806186
248,1011.31,48.8909,11,3,0.31543,0,0.00792929
249,435.151,45.7931,12,2,0.306641,0,0.00796038
250,1011.31,48.4294,12,3,0.322266,0,0.00799187
251,1006.68,47.6208,12,3,0.303711,0,0.00797829
252,1008.92,45.6997,12,3,0.305664,0,0.00798702
253,435.151,48.0215,12,2,0.3125,0,0.00793124
254,435.151,42.4504,12,2,0.293945,0,0.00793987
255,1011.31,47.4906,12,3,0.311523,0,0.00799386
256,1011.78,47.2473,12,3,0.305664,0,0.00802058
257,1843.9,49.6612,12,4,0.321289,0,0.00799179
258,1008.92,48.1068,12,3,0.320312,0,0.0080207
259,435.151,49.8544,12,2,0.318359,0,0.00797346
260,435.151,47.7784,12,2,0.317383,0,0.00801273
261,1010.21,51.8394,13,3,0.34668,0,0.00798465
262,1008.92,48.6634,12,3,0.316406,0,0.00809611
263,1008.92,49.6283,13,3,0.331055,0,0.00805831
264,1011.31,51.87,12,3,0.333984,0,0.00796194
265,1011.31,47.4298,12,3,0.304688,0,0.00788351
266,1008.92,46.8119,12,3,0.3125,0,0.00793479
267,1008.92,47.9332,12,3,0.304688,0,0.00799632
268,1843.9,53.4027,13,4,0.338867,0,0.00805293
269,435.151,44.9099,12,2,0.295898,0,0.0079424
270,1009.59,46.364,12,3,0.294922,0,0.00803865
271,1011.31,48.7619,12,3,0.310547,0,0.00800656
272,1011.31,47.8861,12,3,0.31543,0,0.00798044
273,1011.31,46.8426,12,3,0.305664,0,0.00802828
274,1008.92,51.7062,13,3,0.333984,0,0.0080127
275,1010.21,54.353,13,3,0.352539,0,0.00805079
276,1008.92,50.5427,13,3,0.333008,0,0.00802961
277,435.151,49.325,13,2,0.325195,0,0.00807349
278,1008.92,43.7637,12,3,0.276367,0,0.00800907
279,1843.9,49.9726,13,4,0.319336,0,0.00804322
280,1009.59,48.3971,12,3,0.314453,0,0.0080028
281,1009.59,48.9836,13,3,0.322266,0,0.00805047
282,435.151,49.0523,12,2,0.323242,0,0.00809716
283,1011.31,49.2486,12,3,0.327148,0,0.00797217
284,1009.59,55.5637,12,3,0.360352,0,0.00793191
285,1008.92,48.3299,12,3,0.311523,0,0.00803298
286,1011.78,46.4902,12,3,0.304688,0,0.00796015
287,1008.92,50.479,12,3,0.329102,0,0.00795067
288,1008.92,50.1563,13,3,0.327148,0,0.00797267
289,1008.92,48.7256,13,3,0.324219,0,0.00801495
290,1008.92,51.5327,13,3,0.34082,0,0.00804895
291,1008.92,51.6568,13,3,0.328125,0,0.00808379
292,1008.92,52.5007,13,3,0.34668,0,0.00804386
293,1008.92,49.6056,13,3,0.325195,0,0.00803211
294,435.151,49.3478,13,2,0.337891,0,0.00795031
295,1011.78,47.5651,12,3,0.300781,0,0.00805035
296,1845.26,51.4298,13,4,0.330078,0,0.00803281
297,1012.18,50.1311,13,3,0.321289,0,0.00803574
298,1012.18,41.4733,12,3,0.274414,0,0.00801538
299,1845.26,55.2475,13,4,0.349609,0,0.00814178
300,1011.78,49.9345,13,3,0.319336,0,0.00808507
301,1008.92,50.097,12,3,0.334961,0,0.00803479
302,435.149,46.8347,13,2,0.299805,0,0.00812475
303,435.151,47.9971,13,2,0.323242,0,0.00797573
304,1011.31,53.9597,13,3,0.350586,0,0.00807468
305,1008.92,51.2722,13,3,0.338867,0,0.00804325
306,1008.92,50.8046,13,3,0.322266,0,0.00809882
307,1010.21,52.3976,13,3,0.344727,0,0.00801087
308,435.151,47.0771,13,2,0.300781,0,0.00798472
309,1008.92,46.6135,13,3,0.304688,0,0.00801962
310,1011.31,52.4701,13,3,0.339844,0,0.00811682
311,1008.92,50.9539,13,3,0.338867,0,0.00806598
312,1843.9,50.2965,13,4,0.325195,0,0.00796553
313,435.151,48.4387,13,2,0.326172,0,0.00811918
314,1008.92,46.5241,13,3,0.302734,0,0.00806287
315,1009.59,52.937,13,3,0.350586,0,0.00824594
316,1008.92,47.1541,13,3,0.30957,0,0.00802556
317,1011.78,49.851,13,3,0.329102,0,0.00808725
318,1011.31,50.6871,13,3,0.332031,0,0.00803698
319,1011.31,47.8276,13,3,0.31543,0,0.00812291
320,1008.92,50.3801,13,3,0.333984,0,0.00811468
321,1008.92,49.0926,13,3,0.335938,0,0.00800544
322,1843.9,52.2868,13,4,0.342773,0,0.00805311
323,1011.31,49.3732,13,3,0.310547,0,0.00808532
324,1008.92,47.5884,13,3,0.314453,0,0.00811869
325,1008.92,49.7475,13,3,0.316406,0,0.00808561
326,1843.9,52.864,13,4,0.333008,0,0.00798205
327,1008.92,52.4147,13,3,0.336914,0,0.00806577
328,1011.78,50.9075,13,3,0.331055,0,0.00809488
329,1009.59,49.5039,13,3,0.326172,0,0.00810938
330,1011.31,48.8327,13,3,0.320312,0,0.00810211
331,1008.92,49.9454,13,3,0.326172,0,0.00802626
332,435.151,44.6999,12,2,0.293945,0,0.00804245
333,435.151,49.3169,13,2,0.331055,0,0.00813119
334,1008.92,52.0967,13,3,0.341797,0,0.0080474
335,435.151,49.1182,12,2,0.322266,0,0.00801499
336,1008.92,49.2543,13,3,0.335938,0,0.00809107
337,1008.92,49.6199,13,3,0.327148,0,0.00806612
338,1008.92,51.8365,13,3,0.344727,0,0.00809827
339,1011.31,48.9051,13,3,0.327148,0,0.00814337
340,1008.92,53.7079,13,3,0.351562,0,0.00812767
341,435.151,49.5317,13,2,0.329102,0,0.00806216
342,1011.31,51.121,13,3,0.326172,0,0.00802427
343,1011.31,54.2604,13,3,0.348633,0,0.00808914
344,1008.92,56.1223,13,3,0.360352,0,0.00811948
345,435.151,50.7369,13,2,0.339844,0,0.00809571
346,1008.92,51.2816,13,3,0.339844,0,0.00805536
347,435.151,51.8605,13,2,0.332031,0,0.00813895
348,1010.21,51.0851,13,3,0.329102,0,0.00814713
349,435.151,47.5215,13,2,0.331055,0,0.00807529
350,435.149,45.3959,13,2,0.303711,0,0.00804644
351,1008.92,53.3664,13,3,0.355469,0,0.00813061
352,1011.31,46.3481,13,3,0.307617,0,0.00804924
353,1011.31,53.7827,13,3,0.363281,0,0.00810336
354,1012.18,48.0933,13,3,0.311523,0,0.00806481
355,1011.31,50.7006,13,3,0.323242,0,0.00817454
356,1012.52,55.4427,13,3,0.368164,0,0.00816577
357,1009.59,46.1575,13,3,0.308594,0,0.00813705
358,1008.92,51.6448,13,3,0.342773,0,0.0080983
359,1008.92,53.6374,13,3,0.356445,0,0.00805354
360,1008.92,49.5073,13,3,0.334961,0,0.00811603
361,1008.92,47.3179,13,3,0.3125,0,0.00816822
362,435.151,52.324,13,2,0.354492,0,0.00816912
363,1008.92,52.4832,13,3,0.332031,0,0.00808061
364,1009.59,52.9902,13,3,0.342773,0,0.00810637
365,1845.26,54.0543,13,4,0.338867,0,0.00811336
366,1011.31,50.689,13,3,0.332031,0,0.00812522
367,1008.92,54.1756,13,3,0.333984,0,0.00815284
368,1011.31,48.5432,13,3,0.313477,0,0.0082068
369,1008.92,51.9434,13,3,0.331055,0,0.00814598
370,1011.31,50.5831,13,3,0.333008,0,0.00815772
371,1008.92,54.1764,13,3,0.353516,0,0.00818507
372,1008.92,49.8058,13,3,0.341797,0,0.00814842
373,1009.59,50.6218,13,3,0.311523,0,0.00816027
374,1011.31,48.9102,13,3,0.320312,0,0.00811582
375,1008.92,51.4015,13,3,0.336914,0,0.00826287
376,1843.9,52.7996,13,4,0.335938,0,0.00822632
377,1008.92,49.3209,13,3,0.327148,0,0.00816758
378,1843.9,53.6592,13,4,0.332031,0,0.00810198
379,1008.92,50.1295,13,3,0.313477,0,0.00820442
380,1011.31,49.5029,13,3,0.324219,0,0.00808401
381,1008.92,47.2333,13,3,0.313477,0,0.00816413
382,435.151,50.8488,13,2,0.34082,0,0.00811414
383,1009.59,53.9277,13,3,0.347656,0,0.00822752
384,1011.31,51.3085,13,3,0.329102,0,0.00817474
385,1843.9,50.5663,13,4,0.323242,0,0.00814064
386,1008.92,51.6829,13,3,0.348633,0,0.00803796
387,1008.92,52.0244,13,3,0.34082,0,0.00812074
388,1008.92,48.745,13,3,0.323242,0,0.00810149
389,435.151,50.6434,13,2,0.335938,0,0.00823896
390,435.151,50.0411,13,2,0.328125,0,0.00807473
391,1008.92,46.341,13,3,0.300781,0,0.00805584
392,435.151,47.2463,13,2,0.321289,0,0.00812727
393,1011.31,48.1561,13,3,0.323242,0,0.00819581
394,1011.31,50.7926,13,3,0.330078,0,0.00813465
395,435.151,47.1156,13,2,0.305664,0,0.0080771
396,1011.31,51.73,13,3,0.333008,0,0.00809479
397,1011.31,50.1772,13,3,0.338867,0,0.00803533
398,1011.31,49.4105,13,3,0.328125,0,0.00807007
399,1843.9,50.6905,13,4,0.325195,0,0.00810548
400,1011.78,55.5751,13,3,0.352539,0,0.00806556
401,435.151,48.451,13,2,0.31543,0,0.00811479
402,1007.46,51.3402,13,3,0.330078,0,0.00827458
403,1011.31,54.6925,13,3,0.358398,0,0.00817726
404,1011.78,51.106,13,3,0.330078,0,0.00814957
405,1011.78,52.2523,13,3,0.351562,0,0.00819414
406,1008.92,48.9411,13,3,0.318359,0,0.00826356
407,435.151,51.1448,13,2,0.333984,0,0.00806874
408,1008.92,51.3759,13,3,0.34668,0,0.00816356
409,1011.31,56.3035,13,3,0.357422,0,0.00814044
410,1008.92,50.5803,13,3,0.332031,0,0.00805124
411,1011.31,49.099,13,3,0.322266,0,0.00802217
412,1008.92,56.3981,13,3,0.374023,0,0.00816219
413,1008.92,52.2946,13,3,0.348633,0,0.0081225
414,1008.92,57.147,13,3,0.361328,0,0.0080747
415,1011.31,56.1842,13,3,0.368164,0,0.00820165
416,1009.59,51.5388,13,3,0.333984,0,0.008152
417,435.151,51.9037,13,2,0.333984,0,0.00823153
418,435.151,45.5567,13,2,0.304688,0,0.00826253
419,1008.92,51.6849,13,3,0.355469,0,0.00815206
420,1009.59,52.2163,13,3,0.344727,0,0.00802228
421,435.151,50.1061,13,2,0.336914,0,0.00813485
422,1011.31,54.1157,13,3,0.350586,0,0.0082225
423,1008.92,52.8723,13,3,0.349609,0,0.00828281
424,1008.92,54.1765,13,3,0.355469,0,0.0080481
425,1008.92,47.4079,13,3,0.321289,0,0.00809754
426,435.127,46.0959,13,2,0.31543,0,0.0080899
427,1011.31,53.2931,13,3,0.34375,0,0.00814973
428,1843.9,53.384,13,4,0.349609,0,0.00812069
429,435.127,48.6231,13,2,0.324219,0,0.00805624
430,1009.59,48.8633,13,3,0.321289,0,0.00811129
431,1011.31,54.0986,13,3,0.341797,0,0.0080884
432,1008.92,54.0099,13,3,0.349609,0,0.00811979
433,1008.92,53.7608,13,3,0.350586,0,0.00812949
434,1011.31,51.0256,13,3,0.333984,0,0.00807813
435,1008.92,49.5288,13,3,0.328125,0,0.00802712
436,1008.92,49.7439,13,3,0.328125,0,0.00807697
437,1011.31,50.8288,13,3,0.333984,0,0.00806355
438,1008.92,56.4655,13,3,0.342773,0,0.00807668
439,1008.92,50.3784,13,3,0.339844,0,0.00815927
440,1008.92,48.6811,13,3,0.329102,0,0.00799145
441,1008.92,51.8246,13,3,0.34375,0,0.00813983
442,1011.31,55.0392,13,3,0.344727,0,0.00805623
443,1005.85,52.3001,13,3,0.338867,0,0.0082654
444,1007.46,47.0901,13,3,0.310547,0,0.00814284
445,1008.92,56.1468,13,3,0.356445,0,0.00806127
446,1008.92,49.2776,13,3,0.316406,0,0.00812918
447,1008.92,48.2028,13,3,0.30957,0,0.00809421
448,435.127,46.1132,13,2,0.302734,0,0.00809701
449,1008.92,49.7686,13,3,0.320312,0,0.00817295
450,1011.31,48.809,13,3,0.321289,0,0.00808418
451,1011.31,52.0176,13,3,0.333008,0,0.00821314
452,1008.92,55.1978,13,3,0.347656,0,0.00813596
453,1843.9,54.728,13,4,0.361328,0,0.00813149
454,1008.92,52.3245,13,3,0.347656,0,0.00819966
455,1008.92,52.3954,13,3,0.328125,0,0.00815811
456,1009.59,49.3398,13,3,0.320312,0,0.00805159
457,1008.92,54.7634,13,3,0.356445,0,0.00813632
458,1008.92,52.9258,13,3,0.339844,0,0.0081706
459,1008.92,54.6805,13,3,0.356445,0,0.00811317
460,435.151,50.4987,13,2,0.337891,0,0.00820732
461,1011.31,54.9406,13,3,0.349609,0,0.00813871
462,1008.92,52.2259,13,3,0.341797,0,0.00818081
463,1008.92,51.7164,13,3,0.34082,0,0.00813865
464,1011.31,50.2414,13,3,0.330078,0,0.00814327
465,1008.92,48.167,13,3,0.321289,0,0.00811179
466,1008.92,52.7147,13,3,0.331055,0,0.00813068
467,1008.92,51.3849,13,3,0.324219,0,0.00812598
468,1008.92,50.4515,13,3,0.325195,0,0.00818547
469,1008.92,50.8834,13,3,0.335938,0,0.00808672
470,1008.92,49.7244,13,3,0.336914,0,0.00807262
471,1008.92,48.213,13,3,0.320312,0,0.00817985
472,435.151,49.438,13,2,0.322266,0,0.00814942
473,1008.92,48.3876,13,3,0.304688,0,0.00822457
474,1008.92,56.0008,13,3,0.347656,0,0.00828445
475,1011.31,56.7923,13,3,0.371094,0,0.00810113
476,435.151,48.1914,13,2,0.327148,0,0.00806044
477,1009.59,50.2073,13,3,0.313477,0,0.00805009
478,1011.31,53.3416,13,3,0.338867,0,0.00808414
479,1008.92,52.4076,13,3,0.34668,0,0.0081526
480,435.151,44.4261,13,2,0.302734,0,0.00812077
481,1008.92,52.6865,13,3,0.345703,0,0.00810522
482,435.151,46.5351,13,2,0.323242,0,0.00814844
483,1007.46,46.9797,13,3,0.306641,0,0.00811461
484,1008.92,50.1662,13,3,0.336914,0,0.00805192
485,435.151,48.7496,13,2,0.317383,0,0.00814006
486,1008.92,49.451,13,3,0.317383,0,0.00807292
487,435.151,48.1159,13,2,0.322266,0,0.00808603
488,1011.31,48.0937,13,3,0.331055,0,0.00813595
489,1843.9,53.3107,13,4,0.344727,0,0.00811766
490,1011.31,50.3502,13,3,0.324219,0,0.00807348
491,1008.92,52.6901,13,3,0.336914,0,0.00810434
492,1008.92,53.5796,13,3,0.339844,0,0.00819602
493,1011.31,48.8199,13,3,0.303711,0,0.00803768
494,435.149,51.2335,13,2,0.34375,0,0.00819433
495,1008.92,50.2226,13,3,0.34082,0,0.00816258
496,1009.59,53.9293,13,3,0.352539,0,0.0082087
497,1009.59,53.799,13,3,0.359375,0,0.00816232
498,1011.31,50.806,13,3,0.324219,0,0.00805397
499,1011.78,60.505,13,3,0.383789,0,0.00809253
500,1008.92,54.2712,13,3,0.344727,0,0.00813123
501,1008.92,48.0099,13,3,0.310547,0,0.00805264
502,1008.92,50.806,13,3,0.344727,0,0.00817246
503,1008.92,54.5314,13,3,0.34375,0,0.00814116
504,1008.92,55.6192,13,3,0.344727,0,0.00822071
505,1008.92,53.1394,13,3,0.349609,0,0.0081599
506,1010.21,48.8884,13,3,0.327148,0,0.00815285
507,435.151,51.7,13,2,0.349609,0,0.00824267
508,435.149,49.8403,13,2,0.324219,0,0.00824068
509,435.151,45.3587,13,2,0.305664,0,0.00815678
510,1008.92,53.8583,13,3,0.341797,0,0.00805884
511,1008.92,52.1488,13,3,0.341797,0,0.00814783
512,1008.92,51.8524,13,3,0.338867,0,0.0081347
513,1009.59,52.1988,13,3,0.331055,0,0.00821186
514,1011.31,50.8815,13,3,0.324219,0,0.00804618
515,1010.21,54.6117,13,3,0.363281,0,0.0082142
516,1009.59,54.0681,13,3,0.358398,0,0.00819562
517,1008.92,55.2452,13,3,0.358398,0,0.0081331
518,1008.92,49.9762,13,3,0.336914,0,0.00823409
519,435.151,50.4356,13,2,0.331055,0,0.00817211
520,1011.31,52.8687,13,3,0.347656,0,0.00828774
521,1008.92,53.4882,13,3,0.34668,0,0.00829146
522,1008.92,48.0255,13,3,0.322266,0,0.00818742
523,1008.92,50.0508,13,3,0.325195,0,0.00808156
524,1011.31,55.1124,13,3,0.347656,0,0.00823483
525,1008.92,50.788,13,3,0.331055,0,0.00837682
526,1008.92,53.0894,13,3,0.332031,0,0.00824
527,1009.59,58.1059,13,3,0.376953,0,0.00828697
528,1011.31,49.2231,13,3,0.319336,0,0.00827855
529,1008.92,49.5724,13,3,0.318359,0,0.00828178
530,1008.92,50.9507,13,3,0.331055,0,0.00822289
531,1011.31,51.2614,13,3,0.341797,0,0.0081021
532,1008.92,50.0799,13,3,0.339844,0,0.00819859
533,1011.31,52.0804,13,3,0.349609,0,0.00827284
534,1843.9,57.7477,13,4,0.364258,0,0.00813861
535,1008.92,54.0746,13,3,0.34375,0,0.0081192
536,1008.92,50.6391,13,3,0.325195,0,0.00816468
537,1008.92,56.5498,13,3,0.358398,0,0.00817704
538,1843.9,54.1575,13,4,0.358398,0,0.00818148
539,1008.92,51.7301,13,3,0.341797,0,0.00817546
540,435.151,48.1179,13,2,0.323242,0,0.00817593
541,435.151,49.7604,13,2,0.323242,0,0.00817316
542,1008.92,47.3184,13,3,0.313477,0,0.00820201
543,1831.15,54.3673,13,4,0.348633,0,0.00815348
544,1011.31,49.6496,13,3,0.328125,0,0.00820213
545,1010.79,49.5424,13,3,0.322266,0,0.00812041
546,435.151,50.8061,13,2,0.336914,0,0.00819656
547,1008.92,51.2792,13,3,0.337891,0,0.00813074
548,435.151,47.7542,13,2,0.326172,0,0.0082712
549,1000.23,52.378,13,3,0.341797,0,0.00821512
550,1008.92,58.7152,13,3,0.386719,0,0.00821711
551,435.151,51.0401,13,2,0.339844,0,0.00821339
552,1008.92,55.3825,13,3,0.364258,0,0.00832638
553,435.151,56.8433,13,2,0.387695,0,0.00819457
554,1008.92,51.6119,13,3,0.337891,0,0.00831216
555,1008.92,50.1989,13,3,0.326172,0,0.00825009
556,1008.92,54.1477,13,3,0.350586,0,0.00838356
557,435.151,51.9954,13,2,0.335938,0,0.00826641
558,1843.9,56.4885,13,4,0.363281,0,0.0082282
559,1011.31,50.5148,13,3,0.339844,0,0.00816347
560,1008.92,51.3706,13,3,0.336914,0,0.00827661
561,1008.92,49.1382,13,3,0.325195,0,0.00822238
562,1008.92,51.9618,13,3,0.333984,0,0.00827422
563,1008.92,52.0129,13,3,0.334961,0,0.00823418
564,1008.92,47.065,13,3,0.316406,0,0.00829866
565,1011.31,55.8337,13,3,0.373047,0,0.00833968
566,1008.92,57.677,13,3,0.356445,0,0.00834592
567,1008.92,49.7624,13,3,0.314453,0,0.00837041
568,1008.92,55.1225,13,3,0.34668,0,0.00840664
569,1843.9,54.6176,13,4,0.347656,0,0.00828488
570,435.151,50.8994,13,2,0.333984,0,0.00824996
571,1008.92,54.3788,13,3,0.353516,0,0.00843157
572,1011.31,49.4136,13,3,0.3125,0,0.00830496
573,1009.59,49.534,13,3,0.329102,0,0.00833574
574,1011.78,51.645,13,3,0.326172,0,0.00830677
575,435.151,49.5636,13,2,0.325195,0,0.00840469
576,1008.92,54.0171,13,3,0.335938,0,0.00851352
577,1841.02,54.335,13,4,0.356445,0,0.00843917
578,1008.92,52.1681,13,3,0.345703,0,0.008393
579,1009.59,49.6629,13,3,0.320312,0,0.00831013
580,1008.92,59.2287,13,3,0.380859,0,0.00852838
581,1008.92,56.2341,13,3,0.347656,0,0.00847363
582,1008.92,57.0567,13,3,0.369141,0,0.00853645
583,1827.51,55.4941,13,4,0.344727,0,0.00845777
584,1005.85,55.742,13,3,0.358398,0,0.00853892
585,1008.92,56.4726,13,3,0.369141,0,0.00877398
586,1004.1,53.6582,13,3,0.34668,0,0.00876475
587,1008.92,54.2886,13,3,0.339844,0,0.00864899
588,1011.31,58.653,15,3,0.364258,0,0.00882953
589,435.149,52.0295,15,2,0.337891,0,0.00871315
590,1000.23,59.6465,15,3,0.375,0,0.00887523
591,1005.85,56.9594,15,3,0.355469,0,0.00883372
592,1007.46,59.0789,15,3,0.379883,0,0.00886628
593,1008.92,56.0148,15,3,0.354492,0,0.00902647
594,1009.59,57.9649,15,3,0.364258,0,0.00890001
595,1002.23,58.4128,15,3,0.363281,0,0.00891206
596,1008.21,63.2508,16,3,0.390625,0,0.00900927
597,1002.23,60.8641,17,3,0.388672,0,0.00927439
598,1848.92,64.9796,15,4,0.388672,0,0.00928277
599,1007.46,58.4496,16,3,0.359375,0,0.00919249
600,1008.21,64.2561,15,3,0.37793,0,0.00927671
601,1010.21,70.8505,17,3,0.416992,0,0.00929298
602,1004.1,64.1892,17,3,0.382812,0,0.00956018
603,1007.46,64.7998,17,3,0.401367,0,0.00938372
604,1008.92,65.8904,17,3,0.40332,0,0.00927678
605,1010.21,68.4401,17,3,0.407227,0,0.00935055
606,1834.62,69.6964,17,4,0.401367,0,0.0093824
607,1005.85,62.324,17,3,0.391602,0,0.00946641
608,1827.51,70.5281,17,4,0.416016,0,0.0095401
609,1010.21,68.1692,17,3,0.415039,0,0.00959073
610,1843.9,68.1042,17,4,0.402344,0,0.00959704
611,1010.21,72.5444,17,3,0.432617,0,0.00959398
612,1802.66,74.9668,17,4,0.439453,0,0.00962492
613,1005.85,68.2175,17,3,0.410156,0,0.00965213
614,1009.59,70.2293,19,3,0.418945,0,0.0097263
615,1837.92,75.2758,19,4,0.443359,0,0.00973318
616,1807.12,72.9272,17,4,0.40332,0,0.0098723
617,1798.09,71.5046,19,4,0.422852,0,0.00967814
618,1837.92,75.7936,19,4,0.441406,0,0.0101493
619,1009.59,76.8744,21,3,0.456055,0,0.010116
620,1827.51,73.5603,21,4,0.429688,0,0.0101924
621,1817.74,80.1329,21,4,0.460938,0,0.0103713
622,1006.68,75.8299,23,3,0.462891,0,0.0104489
623,1004.1,79.3307,19,3,0.442383,0,0.0102911
624,1815.68,83.3272,22,4,0.475586,0,0.0106065
625,1827.51,83.3966,23,4,0.472656,0,0.0108
626,1819.76,85.9087,25,4,0.50293,0,0.010783
627,1827.51,86.2036,23,4,0.479492,0,0.0110627
628,1827.51,81.6148,23,4,0.439453,0,0.0109412
629,1831.15,82.7793,25,4,0.481445,0,0.0116444
630,2803.43,94.3768,25,5,0.514648,0,0.0113487
631,1831.15,89.7083,25,4,0.483398,0,0.0116801
632,1005.85,92.2238,29,3,0.500977,0,0.012048
633,1791.02,82.4947,27,4,0.460938,0,0.0115617
634,2903.85,94.308,27,5,0.463867,0,0.0123704
635,1000.23,89.9187,31,3,0.499023,0,0.012454
636,1802.66,103.141,33,4,0.532227,0,0.0127437
637,2823.1,94.0858,33,5,0.489258,0,0.012412
638,1788.61,95.8835,31,4,0.496094,0,0.0125636
639,1760.49,97.7643,35,4,0.519531,0,0.012879
640,1006.68,94.5477,37,3,0.504883,0,0.0132605
641,1802.66,102.841,37,4,0.530273,0,0.0133874
642,997.036,94.6235,36,3,0.501953,0,0.0132867
643,1746.82,91.7312,37,4,0.488281,0,0.013637
644,1001.24,99.927,40,3,0.509766,0,0.0142309
645,1825.63,105.913,49,4,0.539062,0,0.0144211
646,1008.92,102.38,45,3,0.519531,0,0.0144189
647,1791.02,109.929,67,4,0.555664,0,0.0151856
648,2799.41,97.5575,46,5,0.483398,0,0.0153023
649,2884.52,112.607,57,5,0.524414,0,0.0159012
650,2906.93,122.321,101,5,0.570312,0,0.0163281
651,1545.87,106.037,101,4,0.53125,0,0.0166251
652,1815.68,116.6,101,4,0.544922,0,0.0165739
653,2550.56,120.719,101,5,0.564453,0,0.0175064
654,2921.69,133.094,101,5,0.592773,0,0.0174957
655,2842.09,126.074,101,5,0.580078,0,0.0173275
656,1715,118.343,101,4,0.566406,0,0.0175105
657,1817.74,118.903,101,4,0.541016,0,0.0180547
658,1752.35,119.773,101,4,0.545898,0,0.0181943
659,1809.31,130.279,101,4,0.585938,0,0.0184237
660,2870.9,119.947,101,5,0.544922,0,0.017912
661,1804.91,125.068,101,4,0.553711,0,0.0185184
662,2482.81,140.585,101,5,0.604492,0,0.0189119
663,2867.41,138.432,101,5,0.591797,0,0.0194818
664,1811.47,134.85,101,4,0.598633,0,0.0196886
665,2799.41,141.176,101,5,0.597656,0,0.0202131
666,1834.62,136.559,101,4,0.615234,0,0.0188129
667,1802.66,142.729,101,4,0.634766,0,0.0189218
668,1815.68,132.393,101,4,0.59082,0,0.0198267
669,2795.37,144.371,101,5,0.632812,0,0.0190519
670,2795.37,140.228,101,5,0.613281,0,0.0198849
671,2842.09,140.538,101,5,0.624023,0,0.0194223
672,2884.52,150.168,101,5,0.645508,0,0.0200656
673,3693.62,143.528,101,6,0.625977,0,0.0199506
674,1791.02,152.3,101,4,0.670898,0,0.0194829
675,4074.61,156.803,101,6,0.6875,0,0.0202483
676,2929.99,145.721,101,5,0.661133,0,0.0192991
677,2897.56,152.449,101,5,0.665039,0,0.0191154
678,1809.31,156.078,101,4,0.683594,0,0.020263
679,2856.74,158.154,101,5,0.689453,0,0.019744
680,2803.43,156.471,101,5,0.682617,0,0.0199902
681,2545.44,150.803,101,5,0.680664,0,0.0191363
682,2860.33,152.05,101,5,0.645508,0,0.019967
683,2803.43,164.564,101,5,0.708984,0,0.0201276
684,3085.02,158.244,101,6,0.668945,0,0.0206617
685,2819.22,171.048,101,5,0.712891,0,0.0207629
686,2766.4,194.483,108.709,5,0.801758,1,0.0206502
687,4282.57,167.157,101,6,0.709961,0,0.0211426
688,2753.63,148.206,101,5,0.662109,0,0.0196993
689,4220.53,176.847,101,6,0.733398,0,0.0201991
690,2807.41,170.722,101,5,0.730469,0,0.0205056
691,2845.8,180.927,108.709,5,0.765625,1,0.0205467
692,4215.78,180.88,101,6,0.753906,0,0.020126
693,4134.93,169.51,109.275,6,0.750977,1,0.0202396
694,2918.83,177.115,108.13,5,0.759766,1,0.0208752
695,1788.61,165.76,101,4,0.719727,0,0.021408
696,2860.33,184.829,103.594,5,0.769531,1,0.0204449
697,5541.02,181.17,101,7,0.733398,0,0.0209058
698,5579.09,183.702,109.829,7,0.766602,1,0.0211144
699,2757.91,173.475,106.306,5,0.75,1,0.021078
700,1781.23,175.518,109.275,4,0.776367,1,0.0206399
701,4907.77,184.331,101,7,0.754883,0,0.0211005
702,2749.33,181.133,108.709,5,0.771484,1,0.020295
703,3874.74,188.545,106.93,6,0.783203,1,0.0205422
704,4239.12,200.906,105.663,6,0.789062,1,0.020627
705,1793.4,168.708,101,4,0.727539,0,0.0206591
706,4080.24,187.502,110.903,6,0.795898,1,0.020712
707,4201.3,197.602,110.371,6,0.820312,1,0.0208223
708,2915.92,194.502,105,5,0.78125,1,0.021438
709,2634.97,193.22,111.937,5,0.842773,1,0.0203222
710,2881.17,203.713,111.425,5,0.852539,1,0.0204734
711,2819.22,194.372,112.44,5,0.831055,1,0.0208477
712,4239.12,212.333,110.371,6,0.848633,1,0.0205612
713,2849.48,194.252,111.425,5,0.832031,1,0.020577
714,3980.98,229.793,114.366,6,0.931641,1,0.0214242
715,2718.6,187.198,108.709,5,0.78418,1,0.0212049
716,2881.17,215.659,110.903,5,0.848633,1,0.0213868
717,2757.91,209.019,112.44,5,0.893555,1,0.0210248
718,4113.41,214.695,111.937,6,0.883789,1,0.0207039
719,4113.41,213.954,111.425,6,0.874023,1,0.0208348
720,4243.67,204.823,110.903,6,0.835938,1,0.0219407
721,2884.52,198.273,111.425,5,0.826172,1,0.0214115
722,2826.95,209.817,109.829,5,0.844727,1,0.0219634
723,4040.28,206.468,112.934,6,0.849609,1,0.0220407
724,3822.58,195.248,111.425,6,0.81543,1,0.0220951
725,2897.56,186.402,112.934,5,0.832031,1,0.0213329
726,2714.12,216.38,113.419,5,0.902344,1,0.0214469
727,2830.78,204.917,110.903,5,0.847656,1,0.0215383
728,2906.93,216.786,111.937,5,0.87793,1,0.0220472
729,5430.85,210.725,111.937,7,0.851562,1,0.0222379
730,3672.64,228.561,113.897,6,0.926758,1,0.0218893
731,5710.03,232.442,111.425,7,0.90332,1,0.0221937
732,4302.44,239.336,113.897,6,0.942383,1,0.0225557
733,3796.01,233.268,114.366,6,0.923828,1,0.023078
734,3931.8,228.749,113.897,6,0.93457,1,0.0217298
735,3919.27,234.078,112.44,6,0.917969,1,0.0225987
736,2891.12,243.942,115.729,5,1.00488,1,0.0216921
737,4085.84,268.137,117.45,6,1.03906,1,0.0228124
738,4040.28,243.151,115.729,6,0.980469,1,0.0232998
739,4150.74,247.311,116.17,6,0.99707,1,0.0229478
740,5660.3,249.806,116.603,7,1.00684,1,0.0229976
741,3868.3,256.731,117.45,6,1.01562,1,0.0239525
742,4028.62,250.338,116.603,6,0.973633,1,0.0238501
743,5703.02,273.238,117.865,7,1.05566,1,0.0233601
744,4102.47,278.673,118.273,6,1.07715,1,0.0223867
745,2867.41,269.19,117.03,5,1.04199,1,0.0235213
746,2807.41,256.92,114.828,5,0.994141,1,0.0241546
747,5784.84,264.886,117.45,7,1.03027,1,0.0235489
748,4150.74,268.468,119.071,6,1.0498,1,0.0231889
749,7816.63,281.495,118.273,8,1.08203,1,0.0235364
750,4196.4,266.295,120.227,6,1.06152,1,0.024502
751,4129.59,285.477,118.675,6,1.08789,1,0.0237163
752,4145.5,283.829,119.847,6,1.08105,1,0.0248496
753,5737.72,303.882,120.601,7,1.12109,1,0.0235752
754,4028.62,293.69,120.601,6,1.09473,1,0.0247495
755,4191.47,299.844,120.97,6,1.10254,1,0.0247857
756,4068.96,280.785,120.227,6,1.06641,1,0.02449
757,2740.66,268.551,119.847,5,1.06055,1,0.0238655
758,7125.03,313.789,122.047,8,1.16797,1,0.0235602
759,4068.96,311.809,124.394,6,1.16016,1,0.0251576
760,3900.32,302.946,123.08,6,1.16992,1,0.0241165
761,5879.4,341.409,136.482,7,1.24707,1,0.0243687
762,4085.84,307.119,124.394,6,1.16797,1,0.0239771
763,5548.69,314.53,129.242,7,1.15918,1,0.025403
764,4010.94,310.091,121.693,6,1.14453,1,0.024278
765,4016.86,296.007,124.394,6,1.12109,1,0.0241903
766,5660.3,314.802,127.657,7,1.17188,1,0.0242105
767,5248,333.496,137.17,7,1.24707,1,0.0247746
768,7549.02,306.293,125.024,8,1.15723,1,0.0246886
769,7391.97,302.225,122.741,8,1.12988,1,0.0254609
770,5579.09,330.49,120.97,7,1.17578,1,0.0249954
771,5638.51,324.258,120.601,7,1.14746,1,0.0247235
772,7512.9,326.931,127.099,8,1.21191,1,0.0246244
773,4186.5,301.338,129.986,6,1.1543,1,0.0243872
774,2921.69,336.797,126.526,5,1.21094,1,0.0249186
775,5631.18,310.116,125.024,7,1.15918,1,0.0248276
776,4270.03,341.622,130.227,6,1.23633,1,0.0250812
777,5382.11,336.924,136.764,7,1.23145,1,0.0244861
778,5638.51,347.026,133.654,7,1.24512,1,0.0241053
779,5737.72,328.345,136.624,7,1.22656,1,0.0248582
780,7372.91,358.814,137.675,8,1.29492,1,0.0247668
781,9651.76,391.404,137.553,9,1.34082,1,0.0251712
782,5797.97,353.729,137.553,7,1.27832,1,0.0248038
783,9583.16,374.116,137.675,9,1.29004,1,0.0251747
784,5502.26,340.623,127.38,7,1.24707,1,0.0252089
785,4107.95,369.957,136.902,6,1.30664,1,0.0250174
786,9346.44,396.623,137.914,9,1.37109,1,0.0245379
787,7521.98,377.692,137.914,8,1.33691,1,0.0257979
788,7372.91,380.556,137.796,8,1.34668,1,0.0252982
789,5517.84,400.139,138.143,7,1.38672,1,0.0252253
790,7226.23,421.79,138.03,8,1.42773,1,0.0257918
791,5645.8,386.199,137.553,7,1.35254,1,0.0250457
792,7315,387.124,137.796,8,1.37598,1,0.0261701
793,5609.03,380.133,137.796,7,1.33105,1,0.0258648
794,5586.62,372.408,137.796,7,1.35254,1,0.0251778
795,4176.45,392.322,137.796,6,1.34277,1,0.0271772
796,5571.53,398.545,138.03,7,1.36328,1,0.025627
797,9817.93,429.313,138.469,9,1.43457,1,0.0245109
798,7521.98,434.623,138.469,8,1.44531,1,0.0259988
799,5848.92,412.022,138.774,7,1.42871,1,0.0250962
800,5751.36,388.766,138.143,7,1.35547,1,0.0252287
801,7662.54,413.242,138.03,8,1.38184,1,0.0250295
802,5674.67,434.128,139.238,7,1.48242,1,0.0258433
803,12622.1,422.912,138.774,10,1.42578,1,0.0248145
804,5674.67,427.72,138.03,7,1.41406,1,0.0252781
805,5784.84,412.065,138.03,7,1.39453,1,0.0249227
806,7145.48,444.62,138.872,8,1.45605,1,0.0254802
807,9442.57,456.476,138.774,9,1.49707,1,0.0253292
808,5797.97,423.904,137.914,7,1.4043,1,0.0254286
809,5688.91,455.854,138.469,7,1.49414,1,0.0253216
810,5908.75,467.347,139.059,7,1.52148,1,0.0255494
811,9606.16,449.26,138.573,9,1.48828,1,0.0251408
812,9110.94,452.364,138.469,9,1.47754,1,0.0247523
813,5836.42,514.242,350.539,7,1.62207,2,0.0248583
814,11856,442.48,138.03,10,1.44238,1,0.0248635
815,10134.1,477.566,341.411,9,1.55859,2,0.0248855
816,11782.8,514.381,140.362,10,1.58789,1,0.0258958
817,9629.02,472.41,358.27,9,1.58301,2,0.0245434
818,39500.5,553.4,385.652,14,1.62207,2,0.0249343
819,14431.3,495.505,138.363,11,1.5332,1,0.0255766
820,9828.73,517.312,138.967,9,1.56738,1,0.0255442
821,14647.4,564.111,139.57,11,1.63965,1,0.0255015
822,7457.75,526.959,373.981,8,1.63086,2,0.0245628
823,9060.14,574.606,140.251,9,1.67871,1,0.0243813
824,9322.12,561.703,387.514,9,1.67773,2,0.0248924
825,27215.3,564.019,347.152,13,1.65332,2,0.0246798
826,7216.23,576.641,406.288,8,1.71875,2,0.0250846
827,7687.85,525.616,334.367,8,1.61426,2,0.0243974
828,9370.65,557.181,361.507,9,1.6748,2,0.0253027
829,10704.6,571.371,360.433,10,1.68555,2,0.0250828
830,5764.86,529.564,140.131,7,1.63281,1,0.0243731
831,16157.4,640.325,410.814,11,1.79297,2,0.0246194
832,20969,615.134,413.675,12,1.76074,2,0.0250329
833,8866.02,611.026,411.542,9,1.77734,2,0.0252044
834,12224.8,659.424,407.827,10,1.80469,2,0.0251095
835,12596.7,618.603,415.735,10,1.75781,2,0.0243507
836,20071,674.065,407.061,12,1.8291,2,0.0253751
837,11543.6,638.926,407.061,10,1.78906,2,0.0249408
838,7420.35,626.463,392.952,8,1.7666,2,0.0248954
839,20350.3,696.974,417.719,12,1.86719,2,0.0250752
840,15648.5,684.504,403.121,11,1.81934,2,0.0256283
841,12622.1,730.791,406.288,10,1.89355,2,0.0259078
842,15535.5,741.673,413.675,11,1.91992,2,0.0251716
843,12265.9,723.313,396.449,10,1.87695,2,0.0265813
844,38432.8,765.991,415.735,14,1.92578,2,0.0252595
845,57767.7,815.176,406.288,15,1.88672,2,0.0255003
846,12622.1,815.136,415.735,10,2.00781,2,0.0259449
847,16485.7,785.912,405.507,11,1.95605,2,0.0261656
848,16288.7,778.935,409.336,11,1.97656,2,0.0265939
849,21002.8,923.635,409.336,12,2.07129,2,0.0259323
850,19309.8,850.566,414.37,12,2.03711,2,0.0257512
851,14062.9,886.238,418.997,11,2.09766,2,0.026456
852,12197.1,830.942,415.057,10,2.02051,2,0.0256512
853,19329.9,913.263,422.032,12,2.11328,2,0.0268408
854,12983.7,832.136,418.997,10,2.03418,2,0.0267279
855,54511.5,995.02,418.997,15,2.16309,2,0.0271388
856,28271.6,1151.15,424.286,13,2.31152,2,0.0268524
857,20052.1,1020.76,418.362,12,2.21094,2,0.0280123
858,57195,1118.8,422.61,15,2.29199,2,0.0272273
859,19745.2,1046.88,423.179,12,2.26758,2,0.0277774
860,37531.6,1128.21,427.827,14,2.37012,2,0.02754
861,15600.3,963.464,422.032,11,2.19727,2,0.026999
862,39147.6,1199.85,422.61,14,2.33203,2,0.0279668
863,38170,1424.77,425.869,14,2.53027,2,0.0287455
864,38783.5,1326.94,424.286,14,2.44043,2,0.0291037
865,26917.7,1207.97,427.354,13,2.45801,2,0.0291261
866,38690.9,1358.35,427.354,14,2.53906,2,0.0288157
867,163506,1478.76,427.354,17,2.52539,2,0.0301566
868,57415.1,1463.64,431.173,15,2.66992,2,0.030392
869,58087.5,1388.1,427.827,15,2.57617,2,0.0296055
870,163246,1857.44,430.013,17,2.78711,2,0.0301057
871,56464.2,1735.96,428.738,15,2.73828,2,0.0307073
872,37556.6,1770.4,427.827,14,2.83398,2,0.031561
873,37581.5,1696.18,429.175,14,2.7959,2,0.0310958
874,163083,2054.39,432.526,17,3.01758,2,0.0311645
875,162819,2190.1,429.175,17,2.9043,2,0.0318102
876,94668.9,1882.37,432.526,16,2.96387,2,0.0311267
877,1.08859e+06,3523.48,430.799,20,2.91797,2,0.0320516
878,2.14795e+06,6897.49,435.127,21,3.52051,2,0.0362845
879,563031,5007.09,799.819,19,3.75879,3,0.0380553
880,2.68527e+08,272678,910.884,28,3.88867,3,0.0382305
881,1.68419e+07,38303.1,972.108,24,4.3418,3,0.041988
882,2.14838e+06,14259.8,1263.38,21,4.56543,4,0.0420777
883,561640,7632.76,977.944,19,4.43066,3,0.0418987
884,2.1476e+06,15159.8,982.131,21,4.4502,3,0.0422264
885,1.68436e+07,46246.5,956.362,24,4.6416,3,0.0434931
886,1.07383e+09,1.20112e+06,1345.88,30,5.2207,4,0.0477854
887,2.6852e+08,730643,3789.31,28,7.06836,6,0.0578078
888,2.14759e+09,6.19601e+06,6871.97,31,8.85059,8,0.0677533
889,4.29508e+09,8.81066e+06,8420.29,32,9.79492,9,0.076662
890,4.29508e+09,9.38564e+06,5382.11,32,8.14648,7,0.0643838
891,1.34289e+08,1.05466e+06,8996.05,27,10.0098,9,0.0780719
892,1.07383e+09,3.1764e+06,8557.94,30,9.65332,9,0.074956
893,1.07383e+09,5.03794e+06,11156.4,30,10.7227,10,0.0805324
894,1.07384e+09,4.07493e+06,10981.1,30,10.5508,10,0.0794308
895,4.29508e+09,8.17184e+06,13178.7,32,11.0088,11,0.0835962
896,1.07384e+09,6.55954e+06,10438.4,30,10.5234,10,0.0803517
897,4.29508e+09,9.7541e+06,9752.4,32,10.6465,9,0.0815711
898,5.36961e+08,3.75259e+06,11558.8,29,10.9043,10,0.0815497
899,1.718e+10,3.41279e+07,11826.8,34,10.8555,10,0.0800631
900,5.36962e+08,5.36387e+06,14137.4,29,11.4268,11,0.0857722
901,5.3696e+08,3.17163e+06,12347.3,29,10.9893,10,0.0816993
902,5.36956e+08,3.82627e+06,14557.8,29,11.2734,11,0.0833929
903,1.07384e+09,5.31781e+06,12169.4,30,11.0566,10,0.0819902
904,5.3696e+08,3.36619e+06,12433.5,29,11.1924,11,0.0815682
905,4.29508e+09,1.20421e+07,13316.4,32,11.2012,11,0.081798
906,2.14758e+09,7.79391e+06,14946.6,31,11.6279,11,0.0840388
907,2.14759e+09,8.62074e+06,9583.16,31,10.6377,9,0.0762737
908,1.07384e+09,5.55779e+06,12576.7,30,11.4023,11,0.0842658
909,2.14759e+09,9.79274e+06,14431.3,31,11.5088,11,0.0889441
910,2.14759e+09,5.29256e+06,14629.5,31,11.5957,11,0.0843363
911,2.14758e+09,8.86703e+06,15271.1,31,11.7754,11,0.0835625
912,4.29508e+09,1.58991e+07,15337.9,32,11.7646,11,0.0823785
913,5.36965e+08,4.55283e+06,17920.9,29,11.9541,12,0.0842535
914,8.59005e+09,1.7877e+07,15420.8,33,11.9629,11,0.0854005
915,4.29508e+09,1.87053e+07,18984.1,32,12.3008,12,0.0868833
916,2.1476e+09,6.32021e+06,18797.6,31,12.2637,12,0.0850764
917,3.43599e+10,4.50477e+07,25045.5,35,12.9375,13,0.0909344
918,2.14759e+09,1.2554e+07,26302.1,31,12.9541,13,0.0925442
919,1.718e+10,3.51179e+07,27046.1,34,13.1523,13,0.092842
920,2.14759e+09,1.65931e+07,25777.5,31,12.8018,13,0.0908898
921,1.718e+10,3.40324e+07,25544.4,34,12.7734,13,0.0939076
922,1.37439e+11,1.60669e+08,27965.3,37,13.2207,13,0.0966866
923,1.718e+10,4.91673e+07,36844.3,34,13.875,14,0.0985471
924,1.718e+10,3.70758e+07,37829.2,34,13.8916,14,0.0987485
925,1.718e+10,3.67273e+07,35973.3,34,13.7637,14,0.0969924
926,8.59005e+09,3.46289e+07,32496.9,33,13.3428,14,0.0987269
927,8.59005e+09,4.38674e+07,35865.5,33,13.6895,14,0.0978559
928,8.59005e+09,3.159e+07,25684.6,33,13.124,13,0.0970914
929,4.29508e+09,3.05823e+07,35838.5,32,13.4707,14,0.0977554
930,1.718e+10,4.36252e+07,26458.5,34,13.5186,13,0.0973307
931,1.718e+10,4.13963e+07,54785.5,34,14.3105,15,0.104396
932,4.29508e+09,3.6963e+07,37976.1,32,14.2109,14,0.106059
933,4.29508e+09,3.51297e+07,53832.2,32,14.1562,15,0.103327
934,8.59005e+09,4.11427e+07,37606.4,33,13.8623,14,0.0994144
935,8.59005e+09,5.98122e+07,37406.1,33,13.8281,14,0.102575
936,1.718e+10,4.59127e+07,35973.3,34,13.46,14,0.0996455
937,4.29508e+09,4.1798e+07,88800,32,14.9463,16,0.106868
938,8.59005e+09,4.77986e+07,55504.6,33,14.3457,15,0.104765
939,1.718e+10,6.88483e+07,55177.1,34,14.4531,15,0.105762
940,3.43599e+10,1.41855e+08,56321.1,35,14.542,15,0.105006
941,3.43599e+10,9.23594e+07,88484.7,35,14.5391,16,0.105141
942,3.43599e+10,9.57715e+07,54572.6,35,14.2471,15,0.102133
943,1.718e+10,7.13302e+07,57415.1,34,14.8125,15,0.105944
944,3.43599e+10,9.99128e+07,36505.1,35,14.0264,14,0.100977
945,8.59005e+09,5.21601e+07,54876.3,33,14.2705,15,0.103593
946,3.43599e+10,9.85911e+07,37581.5,35,13.958,14,0.10129
947,8.59006e+09,4.64611e+07,87776.4,33,14.6309,16,0.107775
948,1.718e+10,6.76902e+07,55356.2,34,14.2344,15,0.103636
949,1.718e+10,6.5338e+07,56916.7,34,14.4531,15,0.106747
950,8.59006e+09,5.4876e+07,92049.5,33,14.7979,16,0.108731
951,3.43599e+10,1.34736e+08,90443.2,35,14.7393,16,0.108273
952,8.59005e+09,6.97977e+07,157303,33,15.5479,17,0.110866
953,6.87196e+10,2.03846e+08,92932.1,36,15.1787,16,0.110712
954,1.718e+10,1.51546e+08,156571,34,15.8291,17,0.115705
955,6.87196e+10,1.91e+08,159580,36,15.9844,17,0.113518
956,1.718e+10,1.88155e+08,92177.2,34,15.1543,16,0.105488
957,1.718e+10,1.02168e+08,91760.2,34,15.2637,16,0.108337
958,3.43599e+10,1.83943e+08,160763,35,16.0332,17,0.112088
959,1.37439e+11,2.60225e+08,93966,37,15.5771,16,0.109765
960,1.718e+10,1.04854e+08,91370.3,34,15.1943,16,0.10673
961,6.87196e+10,2.83254e+08,93240.6,36,15.5947,16,0.108901
962,6.87196e+10,1.60571e+08,94783.7,36,15.5664,16,0.112535
963,1.718e+10,9.90153e+07,92177.2,34,14.9736,16,0.108239
964,2.74878e+11,6.37808e+08,92901,38,15.1465,16,0.106164
965,3.43599e+10,1.39269e+08,163083,35,15.7881,17,0.108817
966,5.49756e+11,5.98245e+08,94869.4,39,15.6768,16,0.108117
967,6.87196e+10,2.93135e+08,295440,36,16.5615,18,0.11743
968,2.74878e+11,5.90211e+08,296988,38,16.8711,18,0.116495
969,1.37439e+11,3.6235e+08,295823,37,17.2969,18,0.122798
970,3.43599e+10,2.68439e+08,162418,35,16.0439,17,0.112225
971,1.09951e+12,1.84766e+09,297246,40,16.959,18,0.117783
972,3.43599e+10,2.74183e+08,296914,35,16.8125,18,0.117293
973,5.49756e+11,9.08009e+08,296013,39,16.6572,18,0.115916
974,1.37439e+11,6.32764e+08,296951,37,16.9785,18,0.118764
975,6.87196e+10,3.93411e+08,299205,36,17.1914,18,0.120215
976,2.74878e+11,5.39588e+08,289434,38,16.4102,18,0.11598
977,6.87196e+10,3.64499e+08,1.08382e+06,36,17.8486,20,0.119041
978,6.87196e+10,3.3424e+08,560547,36,17.1582,19,0.117268
979,2.74878e+11,9.83415e+08,296654,38,16.7783,18,0.116369
980,6.87196e+10,4.27336e+08,296766,36,16.6396,18,0.113361
981,1.09951e+12,1.68192e+09,298543,40,17.0977,18,0.11653
982,2.74878e+11,7.45334e+08,559083,38,16.9619,19,0.120201
983,2.19902e+12,2.59152e+09,558821,41,17.1895,19,0.123865
984,1.09951e+12,2.46693e+09,1.08543e+06,40,18.5518,20,0.129238
985,2.74878e+11,1.33345e+09,1.08891e+06,38,18.0303,20,0.12578
986,5.49756e+11,1.40525e+09,1.08672e+06,39,18.0195,20,0.125763
987,2.74878e+11,1.03392e+09,297648,38,16.9551,18,0.117736
988,6.87196e+10,5.03482e+08,560377,36,17.2783,19,0.120988
989,1.37439e+11,1.20492e+09,564065,37,17.9912,19,0.125808
990,1.37439e+11,8.78926e+08,561096,37,17.5527,19,0.124534
991,1.37439e+11,6.86986e+08,564725,37,17.8594,19,0.127916
992,2.74878e+11,1.33816e+09,561264,38,17.6973,19,0.124498
993,1.37439e+11,1.26041e+09,563512,37,18.2998,19,0.126996
994,2.74878e+11,1.04637e+09,564143,38,17.7637,19,0.123202
995,1.37439e+11,1.31154e+09,1.08729e+06,37,17.9941,20,0.125796
996,5.49756e+11,1.7569e+09,1.085e+06,39,17.959,20,0.123148
997,2.74878e+11,1.12596e+09,561222,38,17.4043,19,0.119079
998,6.87196e+10,9.25561e+08,1.08941e+06,36,18.5879,20,0.125701
999,5.49756e+11,1.59674e+09,564416,39,18.124,19,0.12572
1000,5.49756e+11,2.18231e+09,1.08905e+06,39,18.3076,20,0.126021
1001,2.74878e+11,1.65539e+09,564260,38,17.9053,19,0.121731
1002,5.49756e+11,1.40783e+09,1.09172e+06,39,17.959,20,0.12201
1003,1.09951e+12,2.49228e+09,1.09146e+06,40,18.7285,20,0.129348
1004,5.49756e+11,2.48478e+09,1.09317e+06,39,18.7422,20,0.128232
1005,5.49756e+11,2.1006e+09,563152,39,17.9971,19,0.125151
1006,5.49756e+11,1.73265e+09,1.08596e+06,39,18.0928,20,0.124766
1007,1.75922e+13,1.84116e+10,1.09067e+06,44,18.2988,20,0.128113
1008,1.37439e+11,2.04505e+09,8.44331e+06,37,20.792,23,0.141236
1009,2.19902e+12,4.14313e+09,4.24992e+06,41,20.1357,22,0.138823
1010,2.74878e+11,2.75106e+09,4.24371e+06,38,19.8076,22,0.135201
1011,1.09951e+12,3.41393e+09,4.23929e+06,40,19.4004,22,0.136681
1012,2.74878e+11,2.96501e+09,4.24602e+06,38,20.043,22,0.137108
1013,1.09951e+12,4.25986e+09,4.24286e+06,40,19.6807,22,0.134811
1014,2.74878e+11,2.36025e+09,4.24428e+06,38,19.8652,22,0.139222
1015,5.49756e+11,2.64982e+09,8.43858e+06,39,20.2529,23,0.142634
1016,1.09951e+12,3.71505e+09,4.24556e+06,40,19.9844,22,0.137748
1017,1.09951e+12,5.54109e+09,2.14599e+06,40,19.2461,21,0.1373
1018,1.09951e+12,4.23697e+09,4.24449e+06,40,19.9277,22,0.139771
1019,2.74878e+11,2.59203e+09,4.24582e+06,38,19.7588,22,0.140035
1020,2.19902e+12,4.95369e+09,4.23823e+06,41,19.4658,22,0.140316
1021,2.74878e+11,2.94439e+09,4.24662e+06,38,20.042,22,0.14216
1022,5.49756e+11,3.93117e+09,4.24712e+06,39,19.5781,22,0.138357
1023,5.49756e+11,4.17118e+09,4.24495e+06,39,19.2422,22,0.134587
1024,2.74878e+11,3.42419e+09,8.43716e+06,38,19.7949,23,0.143738
1025,1.75922e+13,2.03944e+10,4.24344e+06,44,18.8848,22,0.136749
1026,2.74878e+11,3.13497e+09,8.44419e+06,38,19.8428,23,0.140294
1027,2.74878e+11,3.60994e+09,8.44186e+06,38,19.7354,23,0.138668
1028,2.19902e+12,1.02815e+10,8.44101e+06,41,19.832,23,0.141212
1029,2.19902e+12,5.80748e+09,8.44009e+06,41,19.4199,23,0.138943
1030,5.49756e+11,4.17507e+09,4.24622e+06,39,19.5205,22,0.139383
1031,5.49756e+11,4.96514e+09,4.2394e+06,39,18.7773,22,0.136385
1032,8.79609e+12,1.30059e+10,4.24667e+06,43,19.1299,22,0.137364
1033,4.39805e+12,9.69143e+09,4.24249e+06,42,19.1738,22,0.138706
1034,2.19902e+12,1.03107e+10,4.24281e+06,41,19.2305,22,0.141322
1035,1.09951e+12,7.93996e+09,4.24207e+06,40,19.2607,22,0.137638
1036,2.19902e+12,9.66638e+09,4.24307e+06,41,19.2197,22,0.141611
1037,8.79609e+12,1.86359e+10,8.44083e+06,43,19.5615,23,0.138149
1038,2.81475e+14,2.84215e+11,4.24667e+06,48,19.2334,22,0.140142
1039,1.40737e+14,1.52483e+11,2.14212e+06,47,18.7578,21,0.13927
1040,3.51844e+13,4.38989e+10,564917,45,17.5869,19,0.131572
1041,8.79609e+12,2.92757e+10,293833,43,17.4238,18,0.131188
1042,2.19902e+12,1.1716e+10,559691,41,17.6631,19,0.130228
1043,8.79609e+12,3.24207e+10,1.0879e+06,43,17.9639,20,0.132677
1044,4.39805e+12,1.41776e+10,162984,42,17.5303,17,0.132706
1045,3.51844e+13,3.95593e+10,561764,45,17.5342,19,0.130241
1046,1.09951e+12,8.63078e+09,54997,40,16.0605,15,0.123868
1047,4.39805e+12,8.93302e+09,161324,42,16.5693,17,0.125601
1048,8.79609e+12,2.45218e+10,57139.6,43,16.1016,15,0.12509
1049,4.39805e+12,1.5996e+10,158024,42,16.8721,17,0.126724
1050,8.79609e+12,2.73461e+10,159397,43,16.8291,17,0.12719
1051,4.39805e+12,2.08965e+10,92145.3,42,16.5469,16,0.126743
1052,8.79609e+12,3.18369e+10,556408,43,17.6875,19,0.135503
1053,3.51844e+13,8.00424e+10,559474,45,17.5166,19,0.134328
1054,2.81475e+14,4.40797e+11,4.24201e+06,48,19.4512,22,0.148292
1055,2.81475e+14,4.15625e+11,4.24873e+06,48,19.6016,22,0.149722
1056,1.40737e+14,2.8061e+11,4.24582e+06,47,19.7998,22,0.150116
1057,1.75922e+13,5.42323e+10,2.14309e+06,44,18.6875,21,0.143169
1058,5.6295e+14,7.00742e+11,2.14348e+06,49,18.8311,21,0.145982
1059,1.75922e+13,7.35659e+10,292089,44,17.6143,18,0.143875
1060,1.40737e+14,1.78192e+11,560121,47,18.0098,19,0.143098
1061,2.81475e+14,4.39996e+11,8.44152e+06,48,19.9531,23,0.15829
1062,1.1259e+15,1.69334e+12,1.68393e+07,50,20.4043,24,0.16172
1063,9.0072e+15,9.6923e+12,1.08691e+06,53,18.8262,20,0.153887
1064,2.81475e+14,4.71951e+11,159761,48,18.1162,17,0.149902
1065,1.40737e+14,5.35022e+11,90476.7,47,18.4043,16,0.149951
1066,1.80144e+16,2.03449e+13,91206.6,54,18.4004,16,0.149441
1067,2.81475e+14,1.15435e+12,1.68299e+07,48,19.8984,24,0.16186
1068,5.6295e+14,1.68627e+12,1.68313e+07,49,20.4854,24,0.163233
1069,4.5036e+15,5.56734e+12,4.24617e+06,52,19.8848,22,0.160835
1070,5.76461e+17,5.6635e+14,297025,59,19.1543,18,0.153566
1071,9.0072e+15,2.8676e+13,56378.4,53,17.748,15,0.143843
1072,1.1259e+15,2.79636e+12,4.24066e+06,50,19.2217,22,0.153151
1073,2.8823e+17,3.06951e+14,4.24521e+06,58,19.458,22,0.156099
1074,1.1259e+15,3.64895e+12,11899.6,50,16.7588,10,0.140726
1075,3.60288e+16,4.05213e+13,21843.2,55,17.3428,13,0.141958
1076,7.20576e+16,8.30386e+13,90072.5,56,18.7393,16,0.155938
1077,1.80144e+16,2.45302e+13,54450.3,54,18.7822,15,0.156882
1078,7.20576e+16,9.72849e+13,93363,56,19.5068,16,0.162495
1079,4.5036e+15,1.4711e+13,287913,52,19.1865,18,0.161305
1080,9.0072e+15,1.4307e+13,2.14039e+06,53,20.252,21,0.168688
1081,1.80144e+16,4.20254e+13,158808,54,19.6709,17,0.163015
1082,1.80144e+16,2.56604e+13,54603.1,54,18.6162,15,0.153659
1083,1.44115e+17,1.4954e+14,1.08804e+06,57,19.8623,20,0.164992
1084,2.8823e+17,3.04018e+14,2.14271e+06,58,20.3633,21,0.167004
1085,9.0072e+15,3.21881e+13,37606.4,53,18.1729,14,0.152129
1086,1.80144e+16,3.09156e+13,25213.1,54,17.2256,13,0.147538
1087,1.80144e+16,4.74882e+13,559734,54,19.7256,19,0.167326
1088,1.80144e+16,2.74672e+13,1.68413e+07,54,21.6045,24,0.174059
1089,9.0072e+15,2.08286e+13,294506,53,19.6641,18,0.157561
1090,9.0072e+15,2.07899e+13,1.68338e+07,53,21.5791,24,0.169601
1091,7.20576e+16,1.08302e+14,1.68369e+07,56,21.0713,24,0.166838
1092,9.0072e+15,1.8466e+13,6.71731e+07,53,22.7549,26,0.17893
1093,3.60288e+16,8.30672e+13,6.7174e+07,55,22.3848,26,0.173349
1094,2.8823e+17,3.1165e+14,563192,58,19.3896,19,0.160941
1095,9.0072e+15,1.94223e+13,1.68325e+07,53,21.3975,24,0.169132
1096,1.80144e+16,3.46583e+13,8.44342e+06,54,21.2422,23,0.166943
1097,4.5036e+15,9.26406e+12,1.68387e+07,52,21.4395,24,0.167808
1098,9.0072e+15,1.53304e+13,1.09058e+06,53,19.1396,20,0.155182
1099,5.6295e+14,3.07468e+12,2.14304e+06,49,19.3926,21,0.156214
1100,2.8823e+17,2.8747e+14,1.68374e+07,58,20.9971,24,0.162929
1101,1.44115e+17,1.978e+14,6.71717e+07,57,22.9189,26,0.166702
1102,3.60288e+16,1.37545e+14,1.34281e+08,55,23.1094,27,0.179203
1103,2.8823e+17,6.96829e+14,6.71814e+07,58,23.1152,26,0.182902
1104,3.60288e+16,1.30638e+14,1.34292e+08,55,24.2402,27,0.192422
1105,4.61169e+18,5.34155e+15,1.34291e+08,62,24.1836,27,0.192396
1106,5.76461e+17,1.53671e+15,8.43561e+06,59,21.3525,23,0.174803
1107,2.8823e+17,3.81621e+14,1.68335e+07,58,21.7373,24,0.173301
1108,1.15292e+18,1.53333e+15,1.34288e+08,60,23.7178,27,0.184545
1109,7.3787e+19,7.23099e+16,1.34289e+08,66,23.916,27,0.188567
1110,5.76461e+17,6.88404e+14,2.68515e+08,59,25.2998,28,0.196998
1111,1.15292e+18,2.51042e+15,5.36949e+08,60,26.3955,29,0.200471
1112,5.76461e+17,1.14721e+15,1.34285e+08,59,24.791,27,0.190393
1113,1.44115e+17,6.55812e+14,2.68505e+08,57,24.7559,28,0.190358
1114,1.44115e+17,2.3805e+14,2.68516e+08,57,25.5459,28,0.194761
1115,2.8823e+17,9.81207e+14,5.36945e+08,58,26.2217,29,0.200887
1116,2.30584e+18,3.77238e+15,2.68511e+08,61,25.3828,28,0.193365
1117,7.3787e+19,7.23464e+16,1.07383e+09,66,26.9307,30,0.208806
1118,2.30584e+18,3.02678e+15,2.14758e+09,61,27.7334,31,0.221513
1119,1.15292e+18,1.79055e+15,2.14758e+09,60,27.4326,31,0.217209
1120,5.76461e+17,9.81918e+14,1.07383e+09,59,26.0859,30,0.204172
1121,7.20576e+16,4.29587e+14,1.34282e+08,56,24.0459,27,0.188596
1122,4.61169e+18,6.88981e+15,5.36947e+08,62,25.4512,29,0.20176
1123,1.15292e+18,2.55029e+15,6.7182e+07,60,23.6689,26,0.186906
1124,1.15292e+18,1.90309e+15,1.07383e+09,60,26.6709,30,0.208269
1125,2.8823e+17,1.08214e+15,5.36956e+08,58,26.2109,29,0.202864
1126,1.84467e+19,1.83525e+16,2.68508e+08,64,24.8008,28,0.198841
1127,7.3787e+19,7.27468e+16,2.68504e+08,66,24.9707,28,0.201348
1128,2.8823e+17,1.43203e+15,5.36944e+08,58,26.1484,29,0.204701
1129,5.76461e+17,9.9697e+14,6.71743e+07,59,23.3848,26,0.186213
1130,2.30584e+18,2.65993e+15,2.68517e+08,61,25.3848,28,0.200543
1131,1.15292e+18,3.00861e+15,1.34293e+08,60,24.8906,27,0.197379
1132,1.51116e+23,1.47575e+20,3.36164e+07,77,23.1455,25,0.182069
1133,2.95148e+20,3.11533e+17,3.36109e+07,68,22.8643,25,0.179841
1134,4.61169e+18,5.10019e+15,3.36046e+07,62,22.8711,25,0.176171
1135,3.68935e+19,3.81252e+16,6.71849e+07,65,23.8516,26,0.190662
1136,1.15292e+18,2.07457e+15,3.36181e+07,60,23.8457,25,0.184337
1137,4.61169e+18,5.0731e+15,3.36175e+07,62,23.4961,25,0.185841
1138,1.44115e+17,5.06113e+14,2.68523e+08,57,26.5791,28,0.211277
1139,2.30584e+18,2.97799e+15,2.68505e+08,61,24.999,28,0.200602
1140,2.30584e+18,2.75468e+15,1.34291e+08,61,25.1631,27,0.197053
1141,1.84467e+19,1.97979e+16,1.07383e+09,64,27.2891,30,0.217997
1142,9.22337e+18,1.34298e+16,1.07383e+09,63,27.625,30,0.213861
1143,1.15292e+18,3.08788e+15,2.14758e+09,60,28.5381,31,0.21697
1144,3.68935e+19,4.17704e+16,4.29506e+09,65,28.9512,32,0.229004
1145,9.22337e+18,1.54594e+16,4.29506e+09,63,29.2236,32,0.229656
1146,1.15292e+18,1.72184e+15,4.29506e+09,60,28.5029,32,0.225677
1147,3.68935e+19,3.83058e+16,2.14757e+09,65,27.2432,31,0.21851
1148,1.84467e+19,3.1048e+16,1.718e+10,64,30.3799,34,0.238641
1149,5.76461e+17,7.73877e+14,2.14758e+09,59,28.5312,31,0.220473
1150,1.15292e+18,1.465e+15,2.14758e+09,60,28.4014,31,0.22359
1151,4.61169e+18,8.6946e+15,4.29505e+09,62,28.96,32,0.223239
1152,4.61169e+18,5.1984e+15,2.14756e+09,62,28.1025,31,0.218006
1153,5.90296e+20,5.83169e+17,1.07382e+09,69,27.2266,30,0.211411
1154,9.22337e+18,1.48257e+16,1.07383e+09,63,27.6729,30,0.212676
1155,5.76461e+17,2.02027e+15,5.36951e+08,59,26.2617,29,0.204443
1156,5.76461e+17,9.67321e+14,1.07382e+09,59,27.082,30,0.208294
1157,7.3787e+19,7.99012e+16,1.07384e+09,66,27.8164,30,0.217325
1158,5.90296e+20,5.77668e+17,1.07382e+09,69,27.1748,30,0.207115
1159,2.8823e+17,1.18944e+15,1.07383e+09,58,27.9619,30,0.213325
1160,2.30584e+18,2.88646e+15,1.07383e+09,61,27.2021,30,0.211161
1161,4.61169e+18,1.62043e+16,2.14756e+09,62,27.6221,31,0.223635
1162,9.22337e+18,3.3429e+16,5.36933e+08,63,25.751,29,0.205288
1163,1.44115e+17,5.92574e+14,2.68508e+08,57,24.9844,28,0.199051
1164,9.22337e+18,1.13811e+16,2.68514e+08,63,26.1172,28,0.206968
1165,1.47574e+20,2.39502e+17,1.34298e+08,67,25.249,27,0.199795
1166,1.84467e+19,3.78115e+16,3.36134e+07,64,23.4766,25,0.187032
1167,5.76461e+17,1.66403e+15,6.71727e+07,59,24.5811,26,0.193341
1168,1.84467e+19,2.0094e+16,1.3429e+08,64,24.8789,27,0.201785
1169,4.61169e+18,1.07862e+16,1.07382e+09,62,27.46,30,0.214219
1170,4.61169e+18,5.49847e+15,1.34294e+08,62,25.6162,27,0.203848
1171,1.84467e+19,6.43085e+16,2.14759e+09,64,28.6328,31,0.227454
1172,7.3787e+19,1.37574e+17,1.07383e+09,66,27.5996,30,0.216739
1173,9.22337e+18,2.41392e+16,2.14758e+09,63,28.2021,31,0.223485
1174,1.84467e+19,3.3373e+16,1.07382e+09,64,27.457,30,0.221785
1175,4.61169e+18,2.44854e+16,2.14757e+09,62,28.4756,31,0.21657
1176,5.90296e+20,1.16287e+18,2.14757e+09,69,28.167,31,0.220189
1177,2.95148e+20,3.09267e+17,4.29506e+09,68,29.3525,32,0.229163
1178,5.76461e+17,1.97988e+15,2.14757e+09,59,28.583,31,0.226446
1179,3.68935e+19,5.35071e+16,1.07382e+09,65,26.9521,30,0.212301
1180,1.47574e+20,2.36788e+17,8.59004e+09,67,30.0117,33,0.23366
1181,1.84467e+19,3.05762e+16,4.29507e+09,64,28.9717,32,0.226986
1182,7.3787e+19,1.37352e+17,1.718e+10,66,30.6934,34,0.239723
1183,7.3787e+19,9.1018e+16,1.718e+10,66,30.6045,34,0.245337
1184,3.02231e+23,2.95488e+20,1.718e+10,78,30.875,34,0.240871
1185,1.18059e+21,2.65917e+18,2.14757e+09,70,28.6787,31,0.23295
1186,7.55579e+22,7.73608e+19,2.68498e+08,76,26.3779,28,0.217606
1187,2.95148e+20,3.66335e+17,17656.3,68,20.1504,12,0.179744
1188,5.90296e+20,6.04403e+17,1.07382e+09,69,26.8389,30,0.222202
1189,1.47574e+20,3.2237e+17,5.36954e+08,67,26.8359,29,0.216954
1190,5.90296e+20,6.60336e+17,1.07384e+09,69,28.5654,30,0.227852
1191,3.68935e+19,1.54594e+17,2.14758e+09,65,28.9258,31,0.236328
1192,1.18059e+21,2.66558e+18,1.07383e+09,70,27.8145,30,0.221869
1193,7.3787e+19,3.13649e+17,1.07384e+09,66,27.915,30,0.223922
1194,9.44473e+21,1.14458e+19,4.29507e+09,73,30.0322,32,0.242949
1195,1.88895e+22,2.18685e+19,3.43599e+10,74,32.2988,35,0.263648
1196,9.44473e+21,2.26582e+19,6.87196e+10,73,32.4531,36,0.261955
1197,3.77789e+22,4.52641e+19,2.74878e+11,75,34.123,38,0.272059
1198,1.51116e+23,1.55333e+20,6.87196e+10,77,32.7256,36,0.262101
1199,2.36118e+21,9.59111e+18,5.49756e+11,71,34.4189,39,0.274554
1200,4.72237e+21,1.30808e+19,2.74878e+11,72,33.4746,38,0.268717
1201,9.44473e+21,1.18947e+19,2.74878e+11,73,33.4541,38,0.270548
1202,3.02231e+23,3.77936e+20,8.59004e+09,78,30.9365,33,0.25652
1203,4.72237e+21,7.98263e+18,2.68513e+08,72,27.4609,28,0.239683
1204,3.86856e+25,3.90511e+22,2.68517e+08,85,27.6689,28,0.237112
1205,3.02231e+23,4.04811e+20,3.36155e+07,78,25.5635,25,0.223591
1206,4.72237e+21,1.21536e+19,6.71783e+07,72,26.3857,26,0.225518
1207,1.51116e+23,2.04762e+20,4.23946e+06,77,25.4629,22,0.22379
1208,6.04463e+23,6.57491e+20,6.71742e+07,79,27.0508,26,0.2356
1209,9.44473e+21,1.32109e+19,1.68256e+07,73,25.4287,24,0.21866
1210,7.55579e+22,8.1199e+19,3.36206e+07,76,26.2383,25,0.226649
1211,2.36118e+21,6.05788e+18,3.43598e+10,71,30.5215,35,0.246386
1212,4.72237e+21,7.13165e+18,6.87196e+10,72,31.9932,36,0.258657
1213,3.09485e+26,3.03502e+23,1.718e+10,88,30.7363,34,0.249741
1214,3.77789e+22,5.49091e+19,8.59002e+09,75,29.207,33,0.243008
1215,1.51116e+23,1.94786e+20,2.14757e+09,77,28.3213,31,0.245527
1216,1.20893e+24,1.27135e+21,1.07383e+09,80,28.333,30,0.237754
1217,7.55579e+22,1.19495e+20,5.36952e+08,76,27.6162,29,0.229894
1218,9.44473e+21,3.0685e+19,6.71732e+07,73,25.5928,26,0.214824
1219,1.51116e+23,1.86874e+20,6.71783e+07,77,26.1094,26,0.220086
1220,9.44473e+21,1.17836e+19,1.68307e+07,73,25.4893,24,0.20855
1221,7.92282e+28,7.73726e+25,8.59005e+09,96,31.5527,33,0.262914
1222,1.51116e+23,1.60548e+20,8.59004e+09,77,30.8799,33,0.247668
1223,1.51116e+23,1.51698e+20,5.36958e+08,77,28.0195,29,0.23099
1224,7.55579e+22,1.18684e+20,6.71734e+07,76,26.1016,26,0.222236
1225,1.51116e+23,1.52854e+20,5.36961e+08,77,27.2637,29,0.221602
1226,1.93428e+25,1.92864e+22,3.43598e+10,84,32.8857,35,0.267991
1227,1.20893e+24,1.39736e+21,1.37439e+11,80,33.6562,37,0.285764
1228,2.41785e+24,3.01925e+21,5.49756e+11,81,34.792,39,0.292275
1229,9.67141e+24,1.11286e+22,1.37439e+11,83,35.1396,37,0.290094
1230,1.51116e+23,1.73431e+20,1.37439e+11,77,35.1074,37,0.28751
1231,3.77789e+22,5.24198e+19,1.09951e+12,75,36.627,40,0.303749
1232,9.44473e+21,5.09314e+19,5.49756e+11,73,35.7969,39,0.296134
1233,3.77789e+22,1.32657e+20,2.74878e+11,75,35.0049,38,0.290444
1234,3.77789e+22,7.80896e+19,2.74878e+11,75,34.7285,38,0.29339
1235,1.88895e+22,5.65654e+19,1.718e+10,74,31.2012,34,0.25787
1236,4.95176e+27,4.83628e+24,6.87196e+10,92,34.3242,36,0.281151
1237,1.51116e+23,2.41826e+20,2.74878e+11,77,34.1377,38,0.281425
1238,3.02231e+23,6.61721e+20,6.87196e+10,78,33.417,36,0.278526
1239,1.51116e+23,2.6526e+20,2.74878e+11,77,34.7969,38,0.288294
1240,1.20893e+24,1.2957e+21,6.87196e+10,80,32.752,36,0.272368
1241,7.55579e+22,1.8546e+20,4.29507e+09,76,31.6768,32,0.255835
1242,4.8357e+24,8.48274e+21,6.87196e+10,82,33.9443,36,0.279353
1243,3.02231e+23,3.11653e+20,6.87196e+10,78,33.2314,36,0.269289
1244,1.51116e+23,2.06955e+20,1.37439e+11,77,34.5889,37,0.290359
1245,1.54743e+26,1.51721e+23,2.74878e+11,87,34.6357,38,0.289699
1246,7.55579e+22,1.14106e+20,3.43599e+10,76,31.2461,35,0.268787
1247,1.93428e+25,1.92467e+22,1.37439e+11,84,33.0312,37,0.283784
1248,3.86856e+25,3.93072e+22,2.19902e+12,85,36.3955,41,0.306416
1249,3.09485e+26,3.41455e+23,4.39805e+12,88,37.7266,42,0.314373
1250,1.20893e+24,1.61833e+21,1.09951e+12,80,36.5996,40,0.305849
1251,1.54743e+26,1.5951e+23,3.43599e+10,87,33.7324,35,0.284636
1252,1.88895e+22,1.15105e+20,3.43598e+10,74,33.7207,35,0.276654
1253,2.41785e+24,4.05349e+21,1.718e+10,81,32.8711,34,0.27503
1254,6.04463e+23,6.80192e+20,3.43599e+10,79,33.6357,35,0.282362
1255,2.41785e+24,3.19092e+21,4.29507e+09,81,32.6475,32,0.266444
1256,7.73713e+25,9.4844e+22,3.43598e+10,86,34.0137,35,0.285278
1257,1.93428e+25,2.43807e+22,6.87196e+10,84,34.1914,36,0.27859
1258,9.67141e+24,1.12094e+22,3.43599e+10,83,32.9512,35,0.272576
1259,1.93428e+25,2.02295e+22,1.07383e+09,84,28.9678,30,0.249261
1260,3.86856e+25,5.69405e+22,8.59003e+09,85,31.8525,33,0.264089
1261,1.20893e+24,1.27533e+21,1.07383e+09,80,30.208,30,0.249667
1262,1.9807e+28,2.19191e+25,4.29506e+09,94,31.418,32,0.268902
1263,3.02231e+23,7.97818e+20,6.71759e+07,78,28.5576,26,0.234554
1264,7.92282e+28,7.79776e+25,3.36168e+07,96,27.7861,25,0.23435
1265,3.86856e+25,3.93406e+22,5.36954e+08,85,30.1514,29,0.249644
1266,3.09485e+26,4.71029e+23,8.59004e+09,88,32.6748,33,0.275788
1267,7.92282e+28,7.73977e+25,2.14758e+09,96,31.4014,31,0.270111
1268,3.86856e+25,4.2032e+22,2.14759e+09,85,31.3428,31,0.257208
1269,7.92282e+28,1.54794e+26,2.14757e+09,96,31.2344,31,0.261364
1270,9.90352e+27,9.74742e+24,1.07382e+09,93,30.4521,30,0.255209
1271,2.41785e+24,4.57971e+21,6.71805e+07,81,29.2842,26,0.252695
1272,2.47588e+27,2.44939e+24,5.36949e+08,91,30.0518,29,0.255845
1273,6.04463e+23,1.01619e+21,293472,79,24.3965,18,0.210911
1274,1.54743e+26,1.53816e+23,2.1439e+06,87,25.625,21,0.215509
1275,4.8357e+24,5.40445e+21,8.4374e+06,82,26.334,23,0.221027
1276,1.54743e+26,1.54751e+23,3.3618e+07,87,27.1309,25,0.227353
1277,7.92282e+28,7.73824e+25,37229,96,22.7051,14,0.195536
1278,1.51116e+23,3.31048e+20,1.08117e+06,77,25.0498,20,0.210019
1279,3.96141e+28,3.88035e+25,4.24323e+06,95,25.8027,22,0.211638
1280,7.73713e+25,7.93463e+22,8.44501e+06,86,25.7334,23,0.215701
1281,7.73713e+25,7.74542e+22,556952,86,24.7236,19,0.207494
1282,1.93428e+25,1.96019e+22,560121,84,23.1504,19,0.188338
1283,9.67141e+24,1.12715e+22,53107.8,83,21.2227,15,0.182622
1284,2.41785e+24,6.67805e+21,31556.8,81,20.9551,14,0.178336
1285,1.93428e+25,2.03523e+22,24187.3,84,21.1855,13,0.182862
1286,7.55579e+22,3.45482e+20,19289.7,76,22.2822,12,0.189812
1287,9.90352e+27,9.67758e+24,13178.7,93,20.0703,11,0.176257
1288,4.8357e+24,1.0424e+22,14718.5,82,19.3496,11,0.170272
1289,1.23794e+27,1.24749e+24,10028.9,90,18.2578,10,0.165422
1290,7.92282e+28,7.73925e+25,10201,96,17.9941,10,0.161268
1291,3.09485e+26,3.0604e+23,7863.66,88,17.0479,9,0.151508
1292,9.67141e+24,1.65903e+22,7951.26,83,15.5684,9,0.137129
1293,7.55579e+22,1.28396e+20,7247.41,76,15.0068,9,0.135811
1294,7.55579e+22,1.05497e+20,7892.94,76,15.1016,9,0.141805
1295,3.02231e+23,3.63442e+20,11787.9,78,16.5098,11,0.148119
1296,3.02231e+23,5.10735e+20,52109.9,78,22.1064,15,0.195247
1297,1.51116e+23,3.75512e+20,559518,77,24.4658,19,0.202659
1298,2.41785e+24,2.48843e+21,4.23868e+06,81,25.8086,22,0.219786
1299,1.54743e+26,2.28005e+23,292703,87,25.1689,18,0.205332
1300,1.54743e+26,1.61715e+23,294230,87,24.9736,18,0.204594
1301,1.20893e+24,1.40107e+21,53769.7,80,23.7529,15,0.196124
1302,6.1897e+26,6.09665e+23,4.24207e+06,89,25.7061,22,0.206744
1303,1.20893e+24,2.74953e+21,3.36162e+07,80,28.1846,25,0.231012
1304,2.47588e+27,2.42179e+24,1.09013e+06,91,25.5381,20,0.206517
1305,1.20893e+24,1.59313e+21,2.68515e+08,80,28.5723,28,0.23106
1306,9.67141e+24,1.04494e+22,8.43893e+06,83,26.3799,23,0.219205
1307,4.8357e+24,7.29715e+21,1.09224e+06,82,25.5166,20,0.206133
1308,6.1897e+26,6.47885e+23,8.44479e+06,89,25.877,23,0.210555
1309,2.47588e+27,2.41874e+24,5.36954e+08,91,28.8135,29,0.230391
1310,1.20893e+24,3.70825e+21,6.71779e+07,80,28.4229,26,0.235605
1311,1.20893e+24,4.52072e+21,562341,80,25.873,19,0.218095
1312,2.41785e+24,3.34347e+21,92494.1,81,24.002,16,0.196318
1313,1.93428e+25,2.13024e+22,562095,84,25.8545,19,0.213038
1314,4.8357e+24,8.40088e+21,37076,82,22.9717,14,0.194867
1315,4.8357e+24,5.87154e+21,162485,82,25.3086,17,0.211042
1316,4.8357e+24,6.74809e+21,158660,82,24.5801,17,0.203805
1317,1.51116e+23,2.52239e+20,298009,77,25.9014,18,0.213899
1318,7.92282e+28,7.75228e+25,294624,96,25.8994,18,0.211396
1319,3.02231e+23,8.48654e+20,562545,78,26.0127,19,0.210773
1320,4.8357e+24,7.29505e+21,161150,82,24.8691,17,0.204481
1321,3.86856e+25,4.36654e+22,57605.7,85,24.3486,15,0.203508
1322,2.41785e+24,3.59633e+21,54266.1,81,22.7061,15,0.192038
1323,7.92282e+28,7.73765e+25,36505.1,96,20.7725,14,0.179902
1324,2.41785e+24,2.57275e+21,26458.5,81,20.5039,13,0.1696
1325,3.77789e+22,1.03387e+20,90106.3,75,22.1162,16,0.179763
1326,3.02231e+23,3.43871e+20,56435.7,78,21.6934,15,0.182349
1327,7.73713e+25,7.9832e+22,161670,86,24.1406,17,0.208742
1328,1.54743e+26,1.6365e+23,1.08873e+06,87,25.9619,20,0.223646
1329,1.93428e+25,2.20715e+22,91140.8,84,23.9365,16,0.201442
1330,9.90352e+27,1.49279e+25,8.44169e+06,93,27.0449,23,0.226994
1331,3.96141e+28,3.86919e+25,2.14376e+06,95,25.5859,21,0.222167
1332,4.95176e+27,7.29261e+24,1.68372e+07,92,26.5273,24,0.217064
1333,1.23794e+27,1.56023e+24,6.71814e+07,90,28.0645,26,0.238624
1334,7.92282e+28,7.73958e+25,2.68516e+08,96,29.125,28,0.237205
1335,1.54743e+26,3.55162e+23,1.34285e+08,87,28.5098,27,0.23987
1336,3.96141e+28,3.91825e+25,8.44303e+06,95,26.6807,23,0.215424
1337,6.1897e+26,6.55397e+23,1.07384e+09,89,30.3389,30,0.261676
1338,7.92282e+28,7.74106e+25,6.7176e+07,96,27.9258,26,0.234353
1339,6.1897e+26,6.10886e+23,8.44457e+06,89,24.8125,23,0.202789
1340,7.73713e+25,2.28339e+23,6.71698e+07,86,27.2031,26,0.223596
1341,7.92282e+28,9.67576e+25,1.68392e+07,96,26.2861,24,0.211133
1342,3.96141e+28,3.89021e+25,6.71684e+07,95,27.207,26,0.221204
1343,2.47588e+27,5.0533e+24,3.36167e+07,91,27.0088,25,0.219757
1344,1.23794e+27,1.22085e+24,1.68248e+07,90,25.625,24,0.207326
1345,9.90352e+27,9.67346e+24,294545,93,24.0537,18,0.199971
1346,2.47588e+27,2.4182e+24,36636.1,91,22.7852,14,0.197745
1347,7.92282e+28,7.7378e+25,161150,96,23.2822,17,0.195306
1348,3.86856e+25,4.38129e+22,91304.9,85,23.4248,16,0.196298
1349,3.02231e+23,7.71055e+20,160904,78,23.9941,17,0.201639
1350,1.20893e+24,1.93345e+21,564182,80,24.1514,19,0.199018
1351,3.09485e+26,3.78466e+23,37581.5,88,23.5439,14,0.198414
1352,9.67141e+24,1.42644e+22,160373,83,24.1504,17,0.2015
1353,9.67141e+24,2.10259e+22,1.34289e+08,83,27.5693,27,0.231463
1354,6.1897e+26,6.86116e+23,163181,89,24.6465,17,0.207077
1355,7.92282e+28,7.73838e+25,3.36195e+07,96,26.6953,25,0.220699
1356,3.86856e+25,6.33992e+22,2.68514e+08,85,28.4209,28,0.237356
1357,6.1897e+26,9.97819e+23,3.36132e+07,89,27.3066,25,0.233734
1358,7.92282e+28,8.82584e+25,1.68382e+07,96,26.4443,24,0.218535
1359,7.92282e+28,8.02052e+25,2.68512e+08,96,28.7119,28,0.234077
1360,7.92282e+28,1.55372e+26,3.362e+07,96,26.9385,25,0.228781
1361,9.90352e+27,9.97783e+24,4.24044e+06,93,24.4629,22,0.201541
1362,7.92282e+28,7.78483e+25,1.3429e+08,96,26.7158,27,0.215053
1363,7.92282e+28,7.74546e+25,91239.4,96,22.0195,16,0.176758
1364,1.54743e+26,1.55286e+23,293392,87,22.7822,18,0.19189
1365,1.54743e+26,1.5267e+23,6.71793e+07,87,26.7461,26,0.216919
1366,1.54743e+26,2.28221e+23,1.07382e+09,87,29.0078,30,0.237166
1367,7.92282e+28,1.74399e+26,8.44904e+06,96,25.999,23,0.212616
1368,9.90352e+27,9.80703e+24,6.71773e+07,93,26.9121,26,0.221791
1369,7.92282e+28,7.82199e+25,2.14759e+09,96,31.4639,31,0.261208
1370,6.1897e+26,6.80785e+23,2.68517e+08,89,28.3379,28,0.235634
1371,3.96141e+28,5.09324e+25,5.36958e+08,95,29.7754,29,0.247309
1372,7.92282e+28,1.16564e+26,1.34287e+08,96,27.6689,27,0.229673
1373,7.92282e+28,2.32546e+26,6.71784e+07,96,28.1348,26,0.233819
1374,1.23794e+27,2.87858e+24,4.24521e+06,90,25.8916,22,0.218711
1375,3.96141e+28,3.87116e+25,296728,95,24.2314,18,0.19603
1376,7.92282e+28,7.74114e+25,1.68359e+07,96,26.9287,24,0.21908
1377,1.23794e+27,1.75135e+24,1.09206e+06,90,26.1631,20,0.215468
1378,2.47588e+27,3.67125e+24,2.14604e+06,91,25.9307,21,0.209873
1379,7.92282e+28,1.55129e+26,1.68426e+07,96,27.8115,24,0.22043
1380,9.67141e+24,2.49377e+22,1.68355e+07,83,26.748,24,0.217965
1381,7.92282e+28,8.27323e+25,3.36182e+07,96,27.0264,25,0.220732
1382,7.92282e+28,1.55821e+26,3.36144e+07,96,26.2158,25,0.219181
1383,7.92282e+28,1.84239e+26,159214,96,23.8438,17,0.197976
1384,9.90352e+27,1.0977e+25,2.14813e+06,93,25.6133,21,0.214943
1385,7.92282e+28,9.3136e+25,1.68348e+07,96,26.5488,24,0.218909
1386,6.1897e+26,8.11681e+23,4.24449e+06,89,25.4131,22,0.210387
1387,1.9807e+28,2.90622e+25,1.093e+06,94,24.5449,20,0.20417
1388,1.54743e+26,2.34698e+23,6.71743e+07,87,27.1357,26,0.224893
1389,7.92282e+28,7.99509e+25,161704,96,23.8936,17,0.206789
1390,7.92282e+28,7.77503e+25,6.71865e+07,96,26.9395,26,0.221214
1391,4.8357e+24,1.43257e+22,4.24371e+06,82,24.5312,22,0.194553
1392,7.92282e+28,7.74615e+25,3.36155e+07,96,25.8789,25,0.215843
1393,7.92282e+28,7.73814e+25,2.68513e+08,96,28.4219,28,0.225847
1394,7.92282e+28,1.16092e+26,1.09106e+06,96,24.3867,20,0.206502
1395,7.92282e+28,8.25625e+25,1.68328e+07,96,25.9375,24,0.214495
1396,7.92282e+28,1.16698e+26,2.68517e+08,96,28.3838,28,0.233289
1397,7.92282e+28,1.93518e+26,2.68518e+08,96,28.3242,28,0.230934
1398,7.92282e+28,1.5484e+26,3.36139e+07,96,26.0303,25,0.212543
1399,7.92282e+28,7.86395e+25,3.36171e+07,96,26.4268,25,0.21427
1400,1.54743e+26,2.33123e+23,5.36954e+08,87,30.0791,29,0.251447
1401,7.92282e+28,7.87981e+25,2.6851e+08,96,28.751,28,0.240249
1402,7.92282e+28,2.52412e+26,1.34286e+08,96,28.7549,27,0.236211
1403,7.92282e+28,2.32304e+26,6.71737e+07,96,27.7061,26,0.229472
1404,7.92282e+28,3.09852e+26,6.71823e+07,96,27.834,26,0.231708
1405,7.92282e+28,7.73784e+25,1.68299e+07,96,25.3398,24,0.210019
1406,7.92282e+28,3.15315e+26,3.36161e+07,96,26.4746,25,0.224687
1407,7.92282e+28,2.42063e+26,2.14198e+06,96,24.4492,21,0.20657
1408,7.92282e+28,5.08122e+26,6.71736e+07,96,27.7324,26,0.234811
1409,7.92282e+28,6.20317e+26,1.08776e+06,96,24.8271,20,0.214044
1410,7.92282e+28,5.46485e+26,559474,96,25.0703,19,0.209047
1411,7.92282e+28,6.60027e+26,2.14188e+06,96,25.5967,21,0.220672
1412,7.92282e+28,4.94713e+26,1.09084e+06,96,25.3857,20,0.219193
1413,7.92282e+28,2.94193e+26,2.14134e+06,96,25.5723,21,0.216608
1414,7.92282e+28,5.96883e+26,2.14442e+06,96,26.334,21,0.222503
1415,7.92282e+28,5.67836e+26,3.36176e+07,96,27.9258,25,0.234236
1416,7.92282e+28,4.02418e+26,1.68384e+07,96,27.2871,24,0.236372
1417,7.92282e+28,3.07096e+26,1.34293e+08,96,28.3271,27,0.244117
1418,7.92282e+28,6.35339e+26,8.44381e+06,96,26.5859,23,0.223325
1419,7.92282e+28,3.20985e+26,6.71773e+07,96,27.377,26,0.230442
1420,7.92282e+28,9.38182e+26,2.68498e+08,96,29.8848,28,0.252824
1421,7.92282e+28,7.5687e+26,6.71619e+07,96,27.2422,26,0.238206
1422,7.92282e+28,4.75326e+26,3.36189e+07,96,28.1562,25,0.261809
1423,7.92282e+28,5.68474e+26,6.71737e+07,96,27.6885,26,0.240901
1424,7.92282e+28,9.01029e+26,3.36233e+07,96,27.8789,25,0.23958
1425,7.92282e+28,6.0532e+26,6.71751e+07,96,28.4902,26,0.254775
1426,7.92282e+28,1.02056e+27,1.34284e+08,96,28.2891,27,0.249213
1427,7.92282e+28,9.62582e+26,1.68379e+07,96,27.6182,24,0.239927
1428,7.92282e+28,7.21349e+26,1.34298e+08,96,28.9844,27,0.25263
1429,7.92282e+28,9.54629e+26,1.34292e+08,96,28.6943,27,0.245029
1430,7.92282e+28,8.7118e+26,1.34293e+08,96,28.624,27,0.250346
1431,7.92282e+28,1.12458e+27,1.34293e+08,96,28.4395,27,0.24723
1432,7.92282e+28,6.17323e+26,1.34295e+08,96,28.457,27,0.249553
1433,7.92282e+28,1.39708e+27,2.68507e+08,96,29.3877,28,0.251898
1434,7.92282e+28,1.49919e+27,2.68512e+08,96,29.623,28,0.255738
1435,7.92282e+28,1.05715e+27,5.36948e+08,96,30.7627,29,0.25943
1436,7.92282e+28,1.3301e+27,5.36953e+08,96,30.8584,29,0.264779
1437,7.92282e+28,1.99703e+27,1.07383e+09,96,32.0459,30,0.274689
1438,7.92282e+28,2.29585e+27,1.34295e+08,96,30.7148,27,0.269649
1439,7.92282e+28,1.24305e+27,2.68511e+08,96,30.6816,28,0.263563
1440,7.92282e+28,1.68871e+27,1.34291e+08,96,30.0771,27,0.266247
1441,7.92282e+28,1.84343e+27,3.36156e+07,96,29.1582,25,0.261845
1442,7.92282e+28,1.44915e+27,1.68377e+07,96,29.0732,24,0.259897
1443,7.92282e+28,1.11508e+27,6.7173e+07,96,29.3887,26,0.260063
1444,7.92282e+28,1.96056e+27,6.71821e+07,96,29.5859,26,0.254603
1445,7.92282e+28,1.09704e+27,6.718e+07,96,28.9893,26,0.260151
1446,7.92282e+28,1.38329e+27,2.68511e+08,96,30.2627,28,0.256981
1447,7.92282e+28,1.90721e+27,1.34289e+08,96,29.3506,27,0.255928
1448,7.92282e+28,9.6996e+26,1.34287e+08,96,29.9893,27,0.260454
1449,7.92282e+28,1.67842e+27,1.34296e+08,96,30.0293,27,0.265113
1450,7.92282e+28,1.36962e+27,2.68513e+08,96,30.5703,28,0.260185
1451,7.92282e+28,7.19502e+26,2.68511e+08,96,30.4365,28,0.268695
1452,7.92282e+28,1.41369e+27,2.68504e+08,96,30.5918,28,0.267555
1453,7.92282e+28,1.5513e+27,6.71783e+07,96,29.8623,26,0.263347
1454,7.92282e+28,1.34519e+27,2.6851e+08,96,30.5537,28,0.259632
1455,7.92282e+28,1.23435e+27,2.68521e+08,96,30.4502,28,0.269403
1456,7.92282e+28,1.42724e+27,5.36938e+08,96,30.6562,29,0.261069
1457,7.92282e+28,1.40395e+27,5.36954e+08,96,31.6064,29,0.273267
1458,7.92282e+28,1.7952e+27,5.36958e+08,96,31.0625,29,0.267102
1459,7.92282e+28,1.35829e+27,1.34296e+08,96,29.9199,27,0.26234
1460,7.92282e+28,1.55336e+27,5.36955e+08,96,31.2549,29,0.278405
1461,7.92282e+28,1.3616e+27,2.68512e+08,96,30.6172,28,0.265486
1462,7.92282e+28,1.89797e+27,4.29506e+09,96,34.0781,32,0.292256
1463,7.92282e+28,2.44771e+27,1.07383e+09,96,32.6904,30,0.283729
1464,7.92282e+28,1.74997e+27,1.07381e+09,96,32.4688,30,0.277354
1465,7.92282e+28,1.92087e+27,1.07383e+09,96,32.5957,30,0.283574
1466,7.92282e+28,1.56078e+27,4.29507e+09,96,33.4355,32,0.286467
1467,1.58456e+29,1.23607e+27,1.07383e+09,97,31.9912,30,0.273904
1468,7.92282e+28,2.10516e+27,1.07383e+09,96,32.252,30,0.277924
1469,7.92282e+28,1.47559e+27,1.07382e+09,96,31.8643,30,0.271155
1470,7.92282e+28,1.88424e+27,5.36948e+08,96,32.2676,29,0.29159
1471,7.92282e+28,2.24314e+27,4.29506e+09,96,33.9561,32,0.298715
1472,7.92282e+28,1.98315e+27,5.36958e+08,96,32.0723,29,0.274583
1473,7.92282e+28,2.14848e+27,1.07383e+09,96,32.1729,30,0.28507
1474,7.92282e+28,1.9754e+27,1.07382e+09,96,31.4385,30,0.279075
1475,7.92282e+28,1.97133e+27,1.07384e+09,96,32.9434,30,0.289002
1476,7.92282e+28,1.65187e+27,2.14758e+09,96,33.3584,31,0.289437
1477,7.92282e+28,2.13173e+27,4.29507e+09,96,34.1748,32,0.300133
1478,7.92282e+28,2.43222e+27,1.07382e+09,96,32.0566,30,0.273162
1479,7.92282e+28,2.77753e+27,2.14758e+09,96,33.2578,31,0.303069
1480,7.92282e+28,1.81197e+27,4.29507e+09,96,34.0908,32,0.30049
1481,7.92282e+28,1.68902e+27,1.07383e+09,96,32.1436,30,0.274453
1482,7.92282e+28,1.89914e+27,1.07383e+09,96,32.7744,30,0.281606
1483,7.92282e+28,2.53746e+27,4.29508e+09,96,34.666,32,0.299839
1484,7.92282e+28,2.06264e+27,1.07383e+09,96,32.707,30,0.283731
1485,7.92282e+28,2.91163e+27,5.36958e+08,96,32.9102,29,0.28686
1486,7.92282e+28,2.25556e+27,5.36962e+08,96,32.2402,29,0.282238
1487,7.92282e+28,1.42114e+27,1.07382e+09,96,31.4297,30,0.273091
1488,7.92282e+28,2.21185e+27,5.36958e+08,96,31.2939,29,0.26635
1489,7.92282e+28,1.74108e+27,2.68506e+08,96,30.6543,28,0.27118
1490,7.92282e+28,2.16095e+27,1.07382e+09,96,32.3027,30,0.273348
1491,7.92282e+28,1.88395e+27,2.14758e+09,96,33.4756,31,0.285629
1492,7.92282e+28,1.76828e+27,4.29506e+09,96,32.8213,32,0.286763
1493,7.92282e+28,2.1978e+27,8.59004e+09,96,34.4844,33,0.29858
1494,7.92282e+28,2.25838e+27,1.07383e+09,96,31.6377,30,0.275364
1495,7.92282e+28,2.4012e+27,2.14758e+09,96,32.9531,31,0.289178
1496,7.92282e+28,1.54749e+27,1.07381e+09,96,32.3818,30,0.292913
1497,7.92282e+28,1.73131e+27,2.14757e+09,96,32.3203,31,0.280019
1498,7.92282e+28,1.90088e+27,2.14758e+09,96,32.5381,31,0.2768
1499,7.92282e+28,2.69503e+27,4.29506e+09,96,33.6943,32,0.286173
