533.233
0,109.829,8.458,4,1,0.0410156,0,0.0100296
1,434.818,10.2192,4,2,0.0507812,0,0.00991183
2,435.053,10.3801,5,2,0.0517578,0,0.0101346
3,435.053,8.62805,5,2,0.0341797,0,0.0102297
4,435.151,9.83536,5,2,0.0400391,0,0.0102337
5,433.776,9.36889,5,2,0.0429688,0,0.0101295
6,434.954,10.3003,5,2,0.0507812,0,0.0101045
7,435.151,10.5757,5,2,0.0527344,0,0.0101112
8,435.053,10.6961,5,2,0.0488281,0,0.0104777
9,434.954,11.0449,5,2,0.0537109,0,0.0102967
10,435.151,10.7094,5,2,0.0517578,0,0.0102831
11,435.127,11.2163,5,2,0.0517578,0,0.0104434
12,434.954,10.0375,6,2,0.0410156,0,0.0105146
13,1010.21,11.498,5,3,0.0458984,0,0.0103902
14,434.954,10.8168,6,2,0.0507812,0,0.0104947
15,434.639,12.4992,6,2,0.0673828,0,0.0105983
16,434.639,11.5216,6,2,0.0576172,0,0.0105538
17,435.149,12.7853,6,2,0.0644531,0,0.0106692
18,435.117,12.0418,6,2,0.0556641,0,0.010669
19,435.151,13.1019,6,2,0.0615234,0,0.0110225
20,435.151,12.2771,6,2,0.0527344,0,0.0109701
21,434.954,12.5597,6,2,0.0527344,0,0.0115545
22,435.127,15.5918,6,2,0.0644531,0,0.0121057
23,435.149,17.9542,6,2,0.0664062,0,0.0132445
24,435.149,22.8157,7,2,0.0634766,0,0.0168373
25,435,32.2415,8,2,0.0615234,0,0.0228217
26,1008.92,48.7707,11,3,0.0800781,0,0.0304872
27,435.151,61.1577,101,2,0.0810547,0,0.0379837
28,435.151,72.5382,101,2,0.0761719,0,0.0445915
29,435.117,71.2824,101,2,0.0693359,0,0.0447223
30,1006.68,74.618,101,3,0.101562,0,0.0435258
31,435.053,70.5765,101,2,0.0761719,0,0.0439083
32,989.976,75.5387,101,3,0.0732422,0,0.0467744
33,1832.91,77.9627,101,4,0.0888672,0,0.0466586
34,435.151,75.7194,101,2,0.0771484,0,0.04678
35,1006.68,76.9773,101,3,0.0849609,0,0.0468023
36,435.149,75.8119,101,2,0.0742188,0,0.0464524
37,995.918,74.9601,101,3,0.0615234,0,0.0479373
38,1008.92,79.3787,101,3,0.0830078,0,0.0481932
39,435.076,79.7292,101,2,0.0712891,0,0.05019
40,1002.23,79.5634,101,3,0.0732422,0,0.0488613
41,992.422,78.7308,101,3,0.0839844,0,0.0481123
42,435.053,74.3841,101,2,0.0576172,0,0.0476369
43,435.053,78.3907,101,2,0.0703125,0,0.0483795
44,1011.31,80.7641,101,3,0.0751953,0,0.0493941
45,435.151,79.0774,101,2,0.0820312,0,0.0490425
46,435.149,79.0606,101,2,0.0761719,0,0.0497433
47,435.149,78.0544,101,2,0.0839844,0,0.0475881
48,435.151,80.0931,101,2,0.0830078,0,0.0493906
49,435.149,78.5745,101,2,0.0849609,0,0.0480368
50,435.151,78.8624,101,2,0.0703125,0,0.0493209
51,435.076,77.416,101,2,0.0625,0,0.049067
52,435.149,82.7426,101,2,0.078125,0,0.0504388
53,435.149,83.5256,101,2,0.0830078,0,0.0508873
54,435.149,83.1865,101,2,0.0888672,0,0.0506399
55,1690.48,82.8934,101,4,0.0839844,0,0.0508415
56,902.905,81.4206,101,3,0.0771484,0,0.0498848
57,1008.92,83.0488,101,3,0.0791016,0,0.0507214
58,435.149,81.3721,101,2,0.0810547,0,0.0499678
59,435.053,80.0499,101,2,0.0751953,0,0.0499013
60,435.127,81.8329,101,2,0.0693359,0,0.0510883
61,880.081,82.6794,101,3,0.0898438,0,0.0503111
62,435.151,82.0297,101,2,0.0771484,0,0.0507893
63,1009.59,84.7355,101,3,0.0869141,0,0.0512105
64,1012.18,83.6299,101,3,0.102539,0,0.0491016
65,435.053,87.3323,101,2,0.0800781,0,0.0529608
66,435.127,85.6873,101,2,0.0830078,0,0.0524682
67,1002.23,83.3787,101,3,0.0742188,0,0.051804
68,434.954,85.8679,101,2,0.0908203,0,0.0521927
69,999.194,85.0262,101,3,0.0712891,0,0.0518886
70,1752.35,85.5639,101,4,0.0800781,0,0.0513907
71,435.151,83.2381,101,2,0.0732422,0,0.0519026
72,435.151,84.2337,101,2,0.0712891,0,0.0522367
73,435.117,87.0366,101,2,0.0830078,0,0.0527663
74,434.902,83.5796,101,2,0.0693359,0,0.0524791
75,435.127,86.6749,101,2,0.0947266,0,0.052224
76,819.107,83.1895,101,3,0.0693359,0,0.0518511
77,435,82.6882,101,2,0.0693359,0,0.0519164
78,435.149,86.3911,101,2,0.0908203,0,0.052396
79,435.149,85.7046,101,2,0.0761719,0,0.052972
80,434.902,84.8245,101,2,0.0673828,0,0.0529141
81,1005.85,86.5479,101,3,0.0800781,0,0.052669
82,435,85.1798,101,2,0.0751953,0,0.052928
83,435.149,87.3006,101,2,0.078125,0,0.0534016
84,435.149,81.451,101,2,0.0488281,0,0.0525536
85,435.076,83.3571,101,2,0.0595703,0,0.0517881
86,1010.21,87.7477,101,3,0.0791016,0,0.0533807
87,434.781,83.7143,101,2,0.078125,0,0.0516517
88,1004.1,89.254,101,3,0.0849609,0,0.0542454
89,993.611,86.7626,101,3,0.0712891,0,0.0542896
90,435.151,89.2582,101,2,0.078125,0,0.0546426
91,435.151,87.5683,101,2,0.0957031,0,0.0527745
92,1004.1,88.985,101,3,0.0908203,0,0.0538367
93,435.151,89.9449,101,2,0.0947266,0,0.0537578
94,435.149,87.4598,101,2,0.0712891,0,0.0546679
95,435.076,86.4423,101,2,0.0585938,0,0.0546112
96,983.489,89.9944,101,3,0.0859375,0,0.0545742
97,435.127,87.5154,101,2,0.0761719,0,0.0541679
98,435.149,90.4385,101,2,0.0751953,0,0.0547815
99,435.127,89.072,101,2,0.0908203,0,0.0534927
100,435.117,88.1776,101,2,0.0732422,0,0.0541723
101,940.922,90.0514,101,3,0.0839844,0,0.0546125
102,435.127,86.3853,101,2,0.0664062,0,0.0546432
103,1011.78,88.379,101,3,0.0732422,0,0.0539649
104,435.151,87.0252,101,2,0.0732422,0,0.0542111
105,435.149,87.9268,101,2,0.0810547,0,0.0539043
106,1010.21,90.6085,101,3,0.0791016,0,0.0548437
107,435,87.1109,101,2,0.0800781,0,0.0536089
108,435.117,86.9241,101,2,0.0820312,0,0.0537774
109,1004.99,90.4589,101,3,0.0839844,0,0.0548137
110,949.639,90.5983,101,3,0.0898438,0,0.0550475
111,435.117,91.4928,101,2,0.0908203,0,0.0548773
112,994.777,90.551,101,3,0.0742188,0,0.0556157
113,435.151,88.7624,101,2,0.078125,0,0.054425
114,435.149,87.2862,101,2,0.0742188,0,0.0538336
115,1011.31,90.9937,101,3,0.0878906,0,0.0550477
116,1003.18,90.0527,101,3,0.0888672,0,0.0545132
117,1011.31,88.8925,101,3,0.0927734,0,0.0529732
118,435.053,88.3539,101,2,0.0810547,0,0.0542476
119,1002.23,92.226,101,3,0.0732422,0,0.0559513
120,435.127,87.9811,101,2,0.0712891,0,0.0551678
121,975.061,91.3648,101,3,0.078125,0,0.0562607
122,435.053,89.3436,101,2,0.0830078,0,0.0546532
123,435.149,89.3156,101,2,0.0791016,0,0.0551635
124,1005.85,91.6399,101,3,0.0869141,0,0.05567
125,999.194,92.2428,101,3,0.0888672,0,0.055296
126,2672.92,96.5962,101,5,0.0898438,0,0.0566535
127,1823.71,93.8471,101,4,0.0966797,0,0.0566595
128,435.076,91.9063,101,2,0.0742188,0,0.0565207
129,994.777,92.5442,101,3,0.0810547,0,0.0559073
130,435.151,89.0799,101,2,0.0742188,0,0.0554294
131,989.976,89.5813,101,3,0.078125,0,0.0542406
132,2884.52,96.8958,101,5,0.0830078,0,0.057601
133,1001.24,95.2095,101,3,0.0791016,0,0.0578703
134,435.076,91.5934,101,2,0.0712891,0,0.05678
135,435.151,90.4002,101,2,0.0751953,0,0.0558175
136,1708.97,92.6666,101,4,0.0761719,0,0.0567623
137,435.151,93.057,101,2,0.0947266,0,0.0556018
138,1011.31,90.8038,101,3,0.0810547,0,0.0557312
139,435.127,89.2186,101,2,0.0722656,0,0.0556564
140,435.127,90.0324,101,2,0.0683594,0,0.0564012
141,435.127,91.7189,101,2,0.0625,0,0.0567992
142,435.151,93.0219,101,2,0.0820312,0,0.056928
143,1004.99,93.1745,101,3,0.0869141,0,0.0566
144,435.149,95.0433,101,2,0.078125,0,0.057615
145,435.117,88.6319,101,2,0.0605469,0,0.0560466
146,435.149,87.3556,101,2,0.0537109,0,0.0561574
147,1009.59,91.7186,101,3,0.0703125,0,0.0564961
148,435.151,92.6663,101,2,0.0810547,0,0.0575061
149,1004.1,96.2298,101,3,0.0849609,0,0.0568029
150,435.117,92.3062,101,2,0.0605469,0,0.0583882
151,1717.99,93.5876,101,4,0.0888672,0,0.0565352
152,434.639,91.0641,101,2,0.0683594,0,0.0567334
153,435.149,94.3335,101,2,0.0830078,0,0.0571495
154,998.128,94.1691,101,3,0.0703125,0,0.0581151
155,435.053,92.1702,101,2,0.0683594,0,0.0578301
156,435.127,93.2241,101,2,0.0693359,0,0.057848
157,998.128,94.7387,101,3,0.0742188,0,0.0580306
158,992.422,93.9587,101,3,0.0810547,0,0.0577535
159,1527.11,94.0265,101,4,0.078125,0,0.0576909
160,951.342,93.871,101,3,0.0742188,0,0.057288
161,980.754,91.4256,101,3,0.0654297,0,0.0568342
162,435.151,92.6479,101,2,0.0742188,0,0.0568112
163,435.151,95.2771,101,2,0.0986328,0,0.0572237
164,435.151,91.8268,101,2,0.0722656,0,0.0563516
165,1009.59,94.0499,101,3,0.0654297,0,0.0567363
166,1004.1,91.7542,101,3,0.0830078,0,0.0561667
167,1010.79,91.5428,101,3,0.0849609,0,0.0556527
168,435.127,92.1809,101,2,0.0859375,0,0.0570674
169,1617.8,92.3096,101,4,0.0751953,0,0.0565574
170,1011.31,92.4274,101,3,0.0820312,0,0.0571518
171,998.128,91.9414,101,3,0.0830078,0,0.0557702
172,1008.21,93.2294,101,3,0.078125,0,0.0568191
173,435.149,97.534,101,2,0.0878906,0,0.0592949
174,435.127,95.5105,101,2,0.0957031,0,0.057614
175,1009.59,96.1433,101,3,0.0888672,0,0.0578324
176,435.149,92.7275,101,2,0.0771484,0,0.0574487
177,1726.84,96.7244,101,4,0.0761719,0,0.059392
178,979.358,96.9396,101,3,0.110352,0,0.0578064
179,1004.1,98.1523,101,3,0.0908203,0,0.0585819
180,435.151,96.4488,101,2,0.0820312,0,0.0586406
181,977.944,92.3749,101,3,0.0751953,0,0.0583276
182,435,94.9391,101,2,0.0751953,0,0.058566
183,434.902,95.4755,101,2,0.0742188,0,0.0591981
184,986.145,95.8444,101,3,0.0859375,0,0.0580801
185,1005.85,96.7961,101,3,0.0820312,0,0.0593539
186,435.076,95.0122,101,2,0.0771484,0,0.059025
187,1012.77,96.0301,101,3,0.0859375,0,0.0575187
188,989.976,98.3999,101,3,0.0986328,0,0.0587336
189,1005.85,96.3978,101,3,0.0810547,0,0.0585944
190,435.151,95.421,101,2,0.0927734,0,0.0571817
191,435.053,94.8325,101,2,0.0712891,0,0.0591218
192,1001.24,95.824,101,3,0.0839844,0,0.0580312
193,959.636,97.2618,101,3,0.0966797,0,0.057826
194,1003.18,100.47,101,3,0.103516,0,0.0589678
195,435.127,96.4885,101,2,0.106445,0,0.0574887
196,435.053,96.7764,101,2,0.101562,0,0.0579789
197,435.151,96.6024,101,2,0.0830078,0,0.0587495
198,1001.24,95.1312,101,3,0.100586,0,0.0577395
199,1002.23,97.5808,101,3,0.106445,0,0.0570154
200,435.149,94.72,101,2,0.0878906,0,0.0581809
201,1000.23,94.8615,101,3,0.117188,0,0.0557726
202,986.145,92.6837,101,3,0.0917969,0,0.0568142
203,977.944,95.8339,101,3,0.104492,0,0.0566237
204,435.151,98.2387,101,2,0.101562,0,0.0587533
205,1001.24,100.959,101,3,0.126953,0,0.0571347
206,821.48,97.6531,101,3,0.130859,0,0.0563736
207,434.902,92.9683,101,2,0.09375,0,0.0569427
208,1795.76,99.4986,101,4,0.112305,0,0.0573886
209,1008.21,96.8726,101,3,0.118164,0,0.0572907
210,975.061,95.9063,101,3,0.107422,0,0.0580279
211,1003.18,95.9504,101,3,0.119141,0,0.0561874
212,1000.23,97.3332,101,3,0.128906,0,0.0568274
213,984.827,100.272,101,3,0.135742,0,0.056121
214,1003.18,97.5983,101,3,0.125,0,0.0563654
215,979.358,94.3673,101,3,0.118164,0,0.0546173
216,1004.99,100.802,101,3,0.132812,0,0.0568136
217,1005.85,99.1812,101,3,0.143555,0,0.0556185
218,1004.1,99.179,101,3,0.143555,0,0.0560737
219,1008.92,95.1762,101,3,0.124023,0,0.0545754
220,2894.36,99.5874,101,5,0.124023,0,0.0557029
221,1800.39,96.5726,101,4,0.123047,0,0.0556341
222,2811.38,101.613,101,5,0.129883,0,0.0569579
223,1755.09,102.62,101,4,0.137695,0,0.0566963
224,1783.71,99.7906,101,4,0.154297,0,0.0554216
225,1001.24,101.716,101,3,0.164062,0,0.0557241
226,844.746,98.4219,101,3,0.147461,0,0.0560672
227,2903.85,107.334,101,5,0.152344,0,0.0558123
228,2770.61,104.699,101,5,0.166016,0,0.0561234
229,989.976,98.0801,101,3,0.157227,0,0.0545817
230,1819.76,99.4291,101,4,0.157227,0,0.0561414
231,751.996,98.6941,101,3,0.167969,0,0.0545431
232,1005.85,100.292,101,3,0.162109,0,0.0556089
233,956.362,98.5467,101,3,0.15918,0,0.0546978
234,992.422,103.252,101,3,0.186523,0,0.0550988
235,1007.46,103.648,101,3,0.195312,0,0.0543886
236,983.489,97.3501,101,3,0.18457,0,0.0526964
237,2949.62,103.013,101,5,0.179688,0,0.0543463
238,1793.4,103.409,101,4,0.18457,0,0.0555175
239,2745.01,108.162,101,5,0.219727,0,0.0534545
240,1723.91,101.431,101,4,0.217773,0,0.0518906
241,1755.09,105.106,101,4,0.227539,0,0.0533538
242,4590.6,111.034,101,7,0.24707,0,0.0514277
243,1696.71,112.241,101,4,0.276367,0,0.0515934
244,3968.82,116.035,101,6,0.265625,0,0.051826
245,2762.17,112.632,101,5,0.277344,0,0.0505835
246,2740.66,114.122,101,5,0.290039,0,0.0506248
247,1834.62,107.765,101,4,0.296875,0,0.0503818
248,2774.8,119.106,101,5,0.328125,0,0.0489937
249,5290.53,124.082,101,7,0.354492,0,0.0492496
250,4085.84,127.538,101,6,0.398438,0,0.0483692
251,1768.44,120.176,101,4,0.388672,0,0.0466936
252,2791.31,118.128,101,5,0.382812,0,0.0473992
253,7549.02,143.65,101,8,0.4375,0,0.0466195
254,5744.56,157.012,101,7,0.526367,0,0.0467708
255,4028.62,162.486,101,6,0.517578,0,0.04537
256,4140.23,152.568,101,6,0.543945,0,0.043691
257,7485.47,183.72,101,8,0.621094,0,0.0449712
258,5631.18,180.688,101,7,0.594727,0,0.0440089
259,37755.3,212.226,101,14,0.632812,0,0.0418361
260,13741.9,224.529,101,11,0.708008,0,0.0425487
261,12000.3,260.403,101,10,0.796875,0,0.0427474
262,7256.07,253.778,101,8,0.835938,0,0.0427213
263,11797.5,258.305,104.312,10,0.863281,1,0.0411899
264,163506,507.546,108.709,17,0.999023,1,0.0415068
265,20779.8,413.829,109.829,12,1.10156,1,0.0419413
266,562789,1278.72,111.937,19,1.3291,1,0.0424472
267,299717,4030.49,137.17,18,2.49316,1,0.0529984
268,8.44485e+06,29848.6,431.532,23,3.68359,2,0.0638199
269,1.68393e+07,32545.4,935.531,24,4.19531,3,0.0656098
270,2.14428e+06,16835.3,1476.97,21,4.88867,4,0.0756358
271,4.24992e+06,30145,1567.99,22,4.9082,4,0.074302
272,3.36115e+07,62550,991.21,25,4.90039,3,0.0759138
273,4.24647e+06,28777.1,973.593,22,4.71289,3,0.0786842
274,1.6839e+07,61020.8,1634.95,24,5.28125,4,0.0820738
275,1.34296e+08,184793,1795.76,27,5.63086,4,0.0844257
276,3.36171e+07,132868,1821.75,25,5.87891,4,0.0897923
277,3.36219e+07,121389,2229.67,25,6.04395,5,0.0920202
278,8.44719e+06,45460,1752.35,23,5.93457,4,0.0911277
279,6.71872e+07,232464,1778.72,26,5.99512,4,0.0917063
280,3.36174e+07,192434,2205.91,25,6.07129,5,0.0973989
281,6.71838e+07,236793,2145.67,26,6.12598,5,0.0965927
282,6.7179e+07,154829,1827.51,26,5.92383,4,0.0971316
283,6.71745e+07,173410,2445.26,26,6.21289,5,0.0963096
284,1.68406e+07,145247,2610.66,24,6.38574,5,0.10011
285,1.6843e+07,169410,2181.95,24,6.18652,5,0.097954
286,5.36961e+08,891260,2663.54,29,6.61523,5,0.105055
287,1.3429e+08,331587,2373.67,27,6.25391,5,0.100291
288,6.71834e+07,314353,2270.79,26,6.11328,5,0.0990436
289,3.36242e+07,282278,1773.62,25,6.19336,4,0.0983722
290,1.68369e+07,197686,2084.28,24,6.25293,5,0.1008
291,2.68524e+08,534161,2709.62,28,6.61035,5,0.106207
292,1.34297e+08,460209,2590.9,27,6.60938,5,0.10288
293,1.34287e+08,324988,2560.74,27,6.39258,5,0.102564
294,5.36965e+08,913984,2807.41,29,6.94238,5,0.109351
295,1.34292e+08,887783,4057.57,27,7.8457,6,0.122312
296,2.68516e+08,744376,3874.74,28,7.72266,6,0.122163
297,1.34297e+08,942562,3999.03,27,8.06445,6,0.124174
298,6.71872e+07,798860,5470.78,26,8.85547,7,0.128487
299,2.68518e+08,1.33373e+06,5556.33,28,8.91602,7,0.133617
300,1.34296e+08,1.07425e+06,5502.26,27,8.68945,7,0.127448
301,2.68523e+08,1.09932e+06,5382.11,28,8.87109,7,0.12822
302,5.36959e+08,1.89188e+06,5701.69,29,8.95508,8,0.132745
303,2.68514e+08,1.28657e+06,6989.67,28,9.37109,8,0.135931
304,2.6852e+08,1.6709e+06,7467.02,28,9.6084,8,0.139036
305,2.68508e+08,1.44965e+06,6363.06,28,8.90234,8,0.131886
306,2.14759e+09,2.92716e+06,6292.15,31,9.13672,8,0.137018
307,6.71839e+07,1.0494e+06,8364.63,26,9.85059,9,0.143265
308,2.68518e+08,1.71972e+06,7372.91,28,9.77148,8,0.142811
309,2.68515e+08,1.40941e+06,7324.72,28,9.53809,8,0.139774
310,6.71802e+07,524906,5462.84,26,8.74609,7,0.132548
311,2.68519e+08,1.22614e+06,7063.08,28,9.48438,8,0.140972
312,5.36959e+08,1.57944e+06,6444.93,29,9.1582,8,0.136902
313,1.34291e+08,1.39005e+06,8038.16,27,9.96973,9,0.146811
314,2.68522e+08,1.99798e+06,7745.81,28,9.86035,9,0.147367
315,6.7183e+07,1.02281e+06,7135.27,26,9.52441,8,0.143533
316,1.07384e+09,3.54156e+06,5637.95,30,8.77734,8,0.133486
317,1.07385e+09,2.65187e+06,5178.81,30,8.46973,7,0.131578
318,1.34297e+08,1.12793e+06,4286.89,27,8.21973,7,0.124435
319,1.34302e+08,1.03499e+06,5248,27,8.51855,7,0.13054
320,1.34302e+08,1.39462e+06,5462.84,27,8.70703,7,0.134052
321,2.68521e+08,1.39263e+06,5653.06,28,8.88281,7,0.1352
322,1.34293e+08,1.07499e+06,5390.29,27,8.73145,7,0.1303
323,2.68517e+08,1.741e+06,7042.23,28,9.15039,8,0.138257
324,1.34298e+08,1.48216e+06,5390.29,27,8.88672,7,0.135619
325,5.36963e+08,1.52506e+06,5730.85,29,9.10352,7,0.1356
326,2.1476e+09,3.08317e+06,5674.67,31,8.75488,7,0.131551
327,1.07384e+09,3.80105e+06,6850.26,30,9.4209,8,0.132748
328,1.343e+08,1.30011e+06,7246.15,27,9.31445,8,0.130734
329,5.36964e+08,1.46001e+06,5667.5,29,8.83105,7,0.129456
330,6.71894e+07,871743,5510.07,26,8.83594,7,0.12926
331,6.71863e+07,1.11876e+06,7186.07,26,9.46094,8,0.136699
332,1.34304e+08,1.03443e+06,6639.71,27,9.2168,8,0.138559
333,5.36959e+08,1.88227e+06,6111.95,29,9.04297,8,0.136181
334,1.07384e+09,4.12036e+06,7285.66,30,9.62305,8,0.144012
335,5.3696e+08,2.67614e+06,7878.31,29,9.66895,9,0.142562
336,5.36964e+08,3.19415e+06,7994.8,29,9.9082,9,0.151546
337,1.07384e+09,3.07216e+06,6468.14,30,9.28809,8,0.141287
338,2.68513e+08,1.50556e+06,7285.66,28,9.72168,8,0.146049
339,1.34294e+08,1.51146e+06,7353.72,27,9.58398,8,0.147093
340,2.68523e+08,1.81901e+06,6184.52,28,9.23926,8,0.140787
341,2.68514e+08,2.01068e+06,6639.71,28,9.5918,8,0.144464
342,6.71893e+07,1.31892e+06,5902.9,26,9.25684,8,0.143892
343,1.07384e+09,3.18458e+06,7400.46,30,9.6582,9,0.14724
344,2.68525e+08,2.53073e+06,7236.2,28,9.71289,8,0.14541
345,1.07384e+09,2.73436e+06,5616.45,30,9.20215,7,0.139667
346,1.07384e+09,3.07743e+06,4879.73,30,8.80566,7,0.133891
347,5.36964e+08,2.34436e+06,5462.84,29,8.94629,7,0.135981
348,2.68526e+08,2.39449e+06,6268.36,28,9.30762,8,0.137866
349,1.07384e+09,4.06126e+06,7339.45,30,9.68848,9,0.141087
350,5.36952e+08,2.78386e+06,6421.63,29,9.38379,8,0.143119
351,5.36959e+08,2.42382e+06,6628.42,29,9.41699,8,0.141702
352,2.68524e+08,2.73168e+06,6386.55,28,9.39844,8,0.140351
353,5.36949e+08,2.83666e+06,6063.21,29,9.16016,8,0.140489
354,5.36963e+08,2.2723e+06,7104.48,29,9.40332,8,0.141761
355,5.36961e+08,3.31787e+06,7907.55,29,9.80566,9,0.143846
356,5.36966e+08,2.63036e+06,9640.4,29,10.4863,9,0.153945
357,1.07384e+09,4.39707e+06,9478.13,30,10.5723,9,0.158488
358,5.36963e+08,3.38161e+06,10555.5,29,10.4053,10,0.157307
359,1.07383e+09,5.28831e+06,10201,30,10.7725,10,0.159021
360,2.14759e+09,7.24433e+06,8786.83,31,10.2607,9,0.152876
361,1.07384e+09,5.30147e+06,9072.88,30,10.2979,9,0.152038
362,1.07384e+09,3.64038e+06,9802.29,30,10.5791,10,0.156741
363,2.14759e+09,8.74795e+06,8826.79,31,10.3623,10,0.156299
364,2.14759e+09,5.7328e+06,10916.6,31,10.8232,10,0.156744
365,1.07384e+09,4.72144e+06,9211.3,30,10.4697,9,0.152769
366,1.07384e+09,6.60587e+06,11045.2,30,10.9199,10,0.155118
367,1.07384e+09,6.28571e+06,10404.7,30,10.6797,10,0.151067
368,2.14759e+09,1.03084e+07,13394.6,31,11.4512,11,0.162066
369,1.718e+10,2.19087e+07,15775.6,34,11.6885,11,0.165892
370,2.14759e+09,1.58411e+07,19706.2,31,12.2109,12,0.165533
371,1.07384e+09,1.25803e+07,20089.9,30,12.4766,12,0.16659
372,4.29508e+09,1.57329e+07,14683,32,11.6523,11,0.157354
373,1.07384e+09,8.77523e+06,20239.6,30,12.3721,12,0.163135
374,2.14759e+09,1.47948e+07,19706.2,31,12.1729,12,0.161802
375,2.14759e+09,1.17754e+07,15712.4,31,11.7373,11,0.156012
376,4.29508e+09,1.99003e+07,15186.7,32,11.626,11,0.156808
377,5.49756e+11,5.65973e+08,18984.1,39,12.0957,12,0.158244
378,1.718e+10,3.78717e+07,17899,34,12.1172,12,0.162354
379,2.14759e+09,1.83609e+07,8720.2,31,10.9189,9,0.152208
380,4.29509e+09,2.48207e+07,17477.9,32,12.123,12,0.160134
381,2.14759e+09,1.60634e+07,9892.72,31,11.0264,9,0.148375
382,1.07385e+09,1.53066e+07,13988,30,11.6475,11,0.156605
383,2.1476e+09,1.7158e+07,20202.3,31,12.2705,12,0.160487
384,2.14759e+09,1.9579e+07,13375.1,31,11.6787,11,0.157092
385,8.59006e+09,2.36352e+07,16142.6,33,12.0713,11,0.156151
386,4.29509e+09,3.0703e+07,25614.6,32,12.7939,13,0.164841
387,4.29508e+09,1.83853e+07,18776.8,32,12.3066,12,0.158194
388,4.29508e+09,1.63318e+07,21086.6,32,12.5557,12,0.159245
389,8.59005e+09,2.67786e+07,19289.7,33,12.1973,12,0.159161
390,1.718e+10,3.79827e+07,25544.4,34,12.7402,13,0.162821
391,1.07384e+09,1.31721e+07,20313.5,30,12.5,12,0.162652
392,8.59006e+09,2.96891e+07,24485.1,33,12.4561,13,0.160568
393,3.43599e+10,6.2783e+07,19549.2,35,12.4766,12,0.161398
394,4.29509e+09,2.27441e+07,20727.4,32,12.5869,12,0.155554
395,4.29508e+09,3.00116e+07,20762.4,32,12.8418,12,0.161046
396,3.43599e+10,7.9826e+07,23529.5,35,12.8242,13,0.160715
397,2.14759e+09,1.4361e+07,17986.5,31,12.1992,12,0.15181
398,8.59005e+09,2.29085e+07,15946.6,33,12.0215,11,0.151293
399,8.59005e+09,2.7068e+07,26007.6,33,12.6641,13,0.156785
400,8.59005e+09,3.4432e+07,19489.7,33,12.3291,12,0.155644
401,2.1476e+09,1.93793e+07,20549.9,31,12.8193,12,0.161294
402,3.43599e+10,5.85335e+07,25684.6,35,12.6836,13,0.159554
403,4.29508e+09,2.61857e+07,20814.6,32,12.6777,12,0.163574
404,1.718e+10,3.51356e+07,37853.8,34,13.8604,14,0.174154
405,4.29509e+09,4.1088e+07,35015.2,32,13.709,14,0.168113
406,1.718e+10,5.1454e+07,24852.2,34,13.3301,13,0.163609
407,8.59005e+09,3.42524e+07,20639.1,33,12.8379,12,0.159104
408,8.59006e+09,4.28358e+07,27109.8,33,13.042,13,0.162713
409,1.37439e+11,1.73978e+08,20797.2,37,12.6025,12,0.159052
410,4.29508e+09,3.4153e+07,89561.2,32,14.4736,16,0.180789
411,4.29509e+09,4.40466e+07,93148.4,32,14.7236,16,0.188598
412,1.718e+10,5.39475e+07,92367.8,34,14.7773,16,0.189622
413,1.07385e+09,3.42164e+07,93055.9,30,14.6445,16,0.187349
414,4.29508e+09,4.02475e+07,94755.1,32,14.8438,16,0.187304
415,4.29508e+09,4.04139e+07,159616,32,14.749,17,0.190117
416,8.59006e+09,5.31204e+07,92869.9,33,14.3496,16,0.185296
417,3.43599e+10,7.27081e+07,90743.8,35,14.373,16,0.188693
418,8.59006e+09,4.62914e+07,93025,33,14.7734,16,0.192519
419,8.59005e+09,3.82961e+07,93515.2,33,15.0498,16,0.193878
420,1.718e+10,7.69064e+07,163181,34,15.6094,17,0.202347
421,8.59005e+09,6.72451e+07,163699,33,15.5322,17,0.197983
422,8.59006e+09,5.17217e+07,163890,33,15.6943,17,0.202868
423,3.43599e+10,1.09722e+08,89902.8,35,14.5859,16,0.194167
424,3.43599e+10,8.73287e+07,159251,35,15.1279,17,0.198264
425,1.37439e+11,2.22496e+08,162351,37,15.3057,17,0.200804
426,6.87196e+10,1.55684e+08,163506,36,15.3896,17,0.203513
427,1.37439e+11,1.87585e+08,94291.1,37,14.7754,16,0.19318
428,1.718e+10,1.10637e+08,163474,34,15.4971,17,0.205213
429,3.43599e+10,1.17191e+08,163538,35,15.6338,17,0.203151
430,3.43599e+10,1.21944e+08,162984,35,15.542,17,0.200949
431,6.87196e+10,1.55444e+08,294819,36,15.8037,18,0.202488
432,5.49756e+11,6.60354e+08,95402.8,39,15.1885,16,0.198021
433,6.87196e+10,1.80147e+08,299784,36,16.2012,18,0.207024
434,1.718e+10,1.34516e+08,563432,34,16.5117,19,0.213721
435,6.87196e+10,1.75394e+08,295747,36,15.8535,18,0.206189
436,1.718e+10,1.18629e+08,164579,34,15.4219,17,0.202048
437,8.59005e+09,7.7494e+07,296951,33,15.5918,18,0.20381
438,1.37439e+11,2.22391e+08,296691,37,15.4111,18,0.201586
439,1.718e+10,1.10594e+08,89800.6,34,14.3828,16,0.187365
440,3.43599e+10,1.39014e+08,159507,35,15.1133,17,0.193261
441,3.43599e+10,1.89884e+08,162519,35,15.4697,17,0.201714
442,6.87196e+10,1.98465e+08,93786.7,36,14.96,16,0.197813
443,3.43599e+10,1.10099e+08,295014,35,15.8203,18,0.205615
444,4.29509e+09,8.02253e+07,292253,32,15.4473,18,0.204231
445,6.87196e+10,1.76402e+08,291384,36,15.71,18,0.205933
446,2.74878e+11,4.42659e+08,296728,38,16.1348,18,0.209658
447,6.87196e+10,2.37416e+08,295975,36,15.5664,18,0.206539
448,3.43599e+10,1.87615e+08,293713,35,15.583,18,0.206315
449,3.43599e+10,1.80222e+08,163890,35,15.2803,17,0.200369
450,6.87196e+10,2.35837e+08,160122,36,15.0439,17,0.200976
451,3.43599e+10,1.9875e+08,299445,35,15.9854,18,0.210595
452,3.43599e+10,2.5573e+08,163441,35,15.7324,17,0.204092
453,6.87196e+10,1.84462e+08,162852,36,15.624,17,0.205899
454,6.87196e+10,1.6644e+08,95704.1,36,14.7793,16,0.197897
455,6.87196e+10,3.14997e+08,164362,36,15.5625,17,0.204733
456,6.87196e+10,2.68537e+08,160728,36,15.1396,17,0.20244
457,1.37439e+11,2.44679e+08,159287,37,15.1104,17,0.200559
458,1.718e+10,1.74705e+08,563868,34,16.9561,19,0.220898
459,1.37439e+11,4.28945e+08,163474,37,15.8281,17,0.20777
460,6.87196e+10,2.44816e+08,296951,36,16.375,18,0.214319
461,1.718e+10,1.7807e+08,298963,34,16.793,18,0.217106
462,3.43599e+10,2.37651e+08,564879,35,17.0352,19,0.219276
463,5.49756e+11,6.86228e+08,559301,39,16.6582,19,0.21888
464,3.43599e+10,2.89282e+08,561222,35,16.5752,19,0.217794
465,1.37439e+11,3.8749e+08,300250,37,16.5205,18,0.215834
466,6.87196e+10,2.26986e+08,554659,36,16.4131,19,0.214417
467,1.718e+10,1.5735e+08,558160,34,16.6279,19,0.217576
468,6.87196e+10,2.83373e+08,562464,36,16.709,19,0.217113
469,3.43599e+10,2.37473e+08,1.0895e+06,35,17.3721,20,0.224336
470,6.87196e+10,1.63649e+08,299033,36,16.6621,18,0.218689
471,1.37439e+11,3.19242e+08,290416,37,15.9053,18,0.206222
472,6.87196e+10,1.88652e+08,557536,36,16.7305,19,0.214323
473,1.718e+10,1.079e+08,296203,34,16.0059,18,0.211343
474,6.87196e+10,1.90267e+08,163115,36,15.8467,17,0.207974
475,6.87196e+10,2.50566e+08,557715,36,16.8027,19,0.218495
476,5.49756e+11,9.79647e+08,557982,39,17.0479,19,0.222133
477,6.87196e+10,3.04482e+08,1.08973e+06,36,17.9453,20,0.230953
478,1.09951e+12,1.38398e+09,1.08905e+06,40,17.7539,20,0.227723
479,1.718e+10,2.4529e+08,161497,34,16.0938,17,0.204751
480,5.49756e+11,1.0684e+09,563986,39,17.4531,19,0.224394
481,3.43599e+10,2.93614e+08,1.0879e+06,35,17.8223,20,0.234194
482,1.37439e+11,7.28336e+08,1.09036e+06,37,17.9707,20,0.234562
483,6.87196e+10,3.66824e+08,1.08923e+06,36,17.9121,20,0.230301
484,6.87196e+10,3.76926e+08,1.08977e+06,36,17.7705,20,0.232385
485,2.74878e+11,7.86753e+08,559518,38,17.0986,19,0.225975
486,2.74878e+11,6.96911e+08,559992,38,16.999,19,0.221842
487,1.37439e+11,5.17406e+08,1.0904e+06,37,18.0674,20,0.232638
488,1.09951e+12,1.60958e+09,562177,40,17.3613,19,0.224904
489,4.39805e+12,4.58275e+09,566083,42,18.1777,19,0.235028
490,6.87196e+10,3.71309e+08,1.09084e+06,36,18.0723,20,0.232886
491,2.74878e+11,4.90884e+08,564648,38,17.3789,19,0.226688
492,1.37439e+11,3.8894e+08,563789,37,17.7168,19,0.228188
493,3.43599e+10,4.19021e+08,561681,35,17.3799,19,0.224002
494,6.87196e+10,3.99585e+08,560419,36,16.8369,19,0.218204
495,5.49756e+11,8.10405e+08,564182,39,16.7617,19,0.218515
496,1.37439e+11,3.69993e+08,560590,37,16.9355,19,0.220044
497,2.74878e+11,6.5266e+08,298188,38,16.8564,18,0.221288
498,1.37439e+11,6.03727e+08,297684,37,16.8477,18,0.214631
499,4.39805e+12,4.60775e+09,297901,42,16.4951,18,0.216034
500,1.37439e+11,6.99526e+08,1.09249e+06,37,18.2676,20,0.23416
501,6.87196e+10,4.71669e+08,559301,36,17.4414,19,0.224808
502,5.49756e+11,8.716e+08,298331,39,16.7129,18,0.217459
503,5.49756e+11,8.57633e+08,562177,39,17.2578,19,0.222359
504,3.43599e+10,2.97742e+08,564494,35,17.5352,19,0.224924
505,6.87196e+10,4.54539e+08,558027,36,17.1348,19,0.222357
506,2.74878e+11,6.39691e+08,563750,38,17.3662,19,0.222703
507,1.37439e+11,5.33637e+08,298224,37,17.0273,18,0.221028
508,6.87196e+10,2.83277e+08,299308,36,17.0352,18,0.219663
509,3.43599e+10,3.03487e+08,562626,35,17.2842,19,0.225125
510,1.37439e+11,5.21606e+08,297173,37,16.5703,18,0.216351
511,1.37439e+11,5.03136e+08,296988,37,16.71,18,0.217996
512,1.37439e+11,6.03037e+08,295555,37,16.5479,18,0.214776
513,1.37439e+11,4.45458e+08,560419,37,17.165,19,0.220094
514,3.43599e+10,3.42899e+08,1.0915e+06,35,18.0635,20,0.230282
515,5.49756e+11,9.16522e+08,562545,39,17.165,19,0.220891
516,2.74878e+11,7.44675e+08,1.08923e+06,38,17.7363,20,0.228517
517,2.74878e+11,8.44534e+08,1.08412e+06,38,17.9326,20,0.228282
518,3.43599e+10,5.01695e+08,2.14099e+06,35,18.6396,21,0.238476
519,6.87196e+10,3.84054e+08,1.09185e+06,36,17.9531,20,0.228709
520,1.37439e+11,5.94061e+08,1.09245e+06,37,17.8105,20,0.227246
521,6.87196e+10,4.95676e+08,1.09232e+06,36,17.8594,20,0.228121
522,2.74878e+11,6.81463e+08,1.09325e+06,38,18.0059,20,0.226118
523,5.49756e+11,1.1865e+09,2.13938e+06,39,18.2109,21,0.231352
524,6.87196e+10,5.93019e+08,1.09219e+06,36,17.916,20,0.231648
525,1.37439e+11,5.38536e+08,1.09224e+06,37,17.6689,20,0.22729
526,1.37439e+11,9.04036e+08,2.1428e+06,37,18.2051,21,0.235193
527,5.49756e+11,1.05609e+09,2.14178e+06,39,17.9727,21,0.227801
528,1.37439e+11,7.20732e+08,1.09371e+06,37,17.7158,20,0.223804
529,2.74878e+11,7.73382e+08,2.14604e+06,38,18.4219,21,0.234482
530,1.37439e+11,6.61968e+08,2.14168e+06,37,17.9863,21,0.23157
531,3.43599e+10,3.85271e+08,2.14549e+06,35,17.9512,21,0.231498
532,2.74878e+11,7.38054e+08,2.14452e+06,38,17.8291,21,0.229758
533,2.74878e+11,8.85357e+08,2.14222e+06,38,18.2354,21,0.23595
534,1.09951e+12,2.09622e+09,2.14864e+06,40,18.8252,21,0.239715
535,1.37439e+11,7.29695e+08,8.44038e+06,37,19.6309,23,0.246399
536,2.74878e+11,8.16992e+08,4.24371e+06,38,18.5713,22,0.234563
537,6.87196e+10,9.39286e+08,4.25043e+06,36,19.4863,22,0.246728
538,5.49756e+11,1.45592e+09,4.24365e+06,39,18.8604,22,0.241944
539,2.74878e+11,9.52195e+08,2.14461e+06,38,18.0488,21,0.233863
540,6.87196e+10,6.01239e+08,2.14447e+06,36,18.5723,21,0.237095
541,6.87196e+10,5.15337e+08,1.09437e+06,36,17.8203,20,0.228844
542,2.74878e+11,8.41697e+08,1.09533e+06,38,17.6279,20,0.223831
543,2.74878e+11,9.84291e+08,2.14352e+06,38,18.0586,21,0.233608
544,1.09951e+12,1.98721e+09,4.24286e+06,40,18.8926,22,0.241155
545,2.19902e+12,3.24578e+09,2.14563e+06,41,18.9141,21,0.243337
546,2.19902e+12,3.03603e+09,2.14309e+06,41,18.3174,21,0.239486
547,4.39805e+12,6.61345e+09,2.14599e+06,42,18.0098,21,0.233011
548,1.09951e+12,2.19725e+09,2.14198e+06,40,17.5371,21,0.227318
549,2.74878e+11,1.68353e+09,563232,38,16.4844,19,0.214554
550,4.39805e+12,6.76889e+09,564455,42,16.8154,19,0.217379
551,5.49756e+11,2.0471e+09,2.14787e+06,39,18.2832,21,0.233425
552,5.49756e+11,2.50413e+09,1.09342e+06,39,17.9639,20,0.225138
553,2.74878e+11,1.8473e+09,1.09181e+06,38,17.6064,20,0.221763
554,1.09951e+12,3.5417e+09,1.08841e+06,40,17.541,20,0.220123
555,1.09951e+12,2.84093e+09,1.08982e+06,40,17.6094,20,0.224017
556,4.39805e+12,7.925e+09,1.09071e+06,42,17.5029,20,0.224639
557,4.39805e+12,5.77457e+09,563071,42,16.7314,19,0.22097
558,1.09951e+12,4.12325e+09,2.14484e+06,40,18.4551,21,0.233079
559,5.49756e+11,3.34667e+09,565070,39,17.7275,19,0.226197
560,2.19902e+12,5.40797e+09,1.09296e+06,41,18.3223,20,0.233396
561,5.49756e+11,2.97423e+09,1.09219e+06,39,17.7891,20,0.226326
562,1.09951e+12,3.56695e+09,2.14333e+06,40,18.2725,21,0.232235
563,1.09951e+12,3.57045e+09,1.09133e+06,40,18.1455,20,0.230463
564,2.19902e+12,4.97662e+09,4.2436e+06,41,18.9717,22,0.242085
565,2.19902e+12,7.99789e+09,4.245e+06,41,18.6699,22,0.238505
566,4.39805e+12,1.24679e+10,4.24339e+06,42,19.0469,22,0.240897
567,7.03687e+13,7.04378e+10,2.14212e+06,46,18.5908,21,0.240217
568,2.19902e+12,7.67639e+09,8.44587e+06,41,20.2881,23,0.264111
569,1.09951e+12,6.08805e+09,4.24978e+06,40,19.4805,22,0.256071
570,4.39805e+12,9.08607e+09,4.24786e+06,42,19.3252,22,0.257572
571,2.19902e+12,8.29362e+09,4.24249e+06,41,19.334,22,0.253855
572,4.39805e+12,1.51945e+10,8.44501e+06,42,19.8311,23,0.260774
573,8.79609e+12,1.57157e+10,4.24217e+06,43,19.0312,22,0.250586
574,8.79609e+12,2.8472e+10,8.44919e+06,43,20.3643,23,0.269771
575,8.79609e+12,1.51224e+10,8.44381e+06,43,19.7285,23,0.263797
576,4.39805e+12,1.2343e+10,3.3619e+07,42,21.6299,25,0.279091
577,4.39805e+12,1.51793e+10,3.36169e+07,42,21.2891,25,0.277787
578,4.39805e+12,2.07864e+10,3.36157e+07,42,20.8516,25,0.273035
579,4.39805e+12,2.08088e+10,3.36184e+07,42,21.3135,25,0.282458
580,1.40737e+14,2.95058e+11,1.68385e+07,47,20.8242,24,0.275783
581,1.40737e+14,3.70569e+11,1.68261e+07,47,20.3799,24,0.281737
582,1.40737e+14,2.88267e+11,8.44635e+06,47,20.5518,23,0.287819
583,5.6295e+14,1.00559e+12,8.44397e+06,49,20.375,23,0.293449
584,1.1259e+15,1.53358e+12,8.43834e+06,50,20.3271,23,0.294004
585,2.81475e+14,1.07399e+12,1.68371e+07,48,21.4473,24,0.308066
586,1.40737e+14,3.61296e+11,2.14295e+06,47,19.626,21,0.281431
587,1.1259e+15,1.73199e+12,8.4463e+06,50,21.1445,23,0.308438
588,2.81475e+14,7.64765e+11,4.24158e+06,48,20.4375,22,0.290221
589,5.6295e+14,1.32089e+12,3.36203e+07,49,22.0049,25,0.315485
590,7.03687e+13,4.03084e+11,1.68328e+07,46,21.123,24,0.302546
591,1.1259e+15,1.6531e+12,2.14144e+06,50,20.0986,21,0.289271
592,4.5036e+15,5.70277e+12,4.24607e+06,52,21.4004,22,0.306616
593,7.03687e+13,4.48508e+11,4.24381e+06,46,21.0205,22,0.300049
594,4.5036e+15,4.81414e+12,4.24672e+06,52,20.7227,22,0.299035
595,4.5036e+15,5.79281e+12,1.34284e+08,52,23.1611,27,0.332944
596,2.2518e+15,3.13225e+12,2.68512e+08,51,24.1104,28,0.348403
597,1.80144e+16,2.03089e+13,2.68525e+08,54,25.4775,28,0.36851
598,1.80144e+16,1.88555e+13,1.68337e+07,54,22.0547,24,0.332876
599,2.2518e+15,3.20984e+12,6.7184e+07,51,23.2656,26,0.341154
600,9.0072e+15,9.62101e+12,1.68364e+07,53,21.3594,24,0.318989
601,1.1259e+15,2.94846e+12,3.36176e+07,50,21.5322,25,0.323375
602,1.1259e+15,1.62686e+12,3.36133e+07,50,21.3418,25,0.318357
603,1.1259e+15,3.27377e+12,1.68351e+07,50,21.7617,24,0.322048
604,7.03687e+13,4.40398e+11,6.71766e+07,46,22.8672,26,0.342196
605,2.2518e+15,6.31326e+12,6.71776e+07,51,22.7266,26,0.335256
606,1.80144e+16,1.88264e+13,2.68494e+08,54,23.4443,28,0.339608
607,4.5036e+15,8.45667e+12,1.68349e+07,52,21.4287,24,0.327028
608,1.1259e+15,3.28376e+12,163538,50,18.6533,17,0.289292
609,5.6295e+14,1.37382e+12,4.24854e+06,49,20.9912,22,0.321332
610,1.1259e+15,2.73989e+12,3.36222e+07,50,22.4512,25,0.3421
611,1.1259e+15,2.36992e+12,1.6838e+07,50,22.3145,24,0.338179
612,4.5036e+15,5.52665e+12,1.68298e+07,52,21.7344,24,0.326268
613,1.1259e+15,1.83949e+12,1.68321e+07,50,21.8027,24,0.333594
614,2.2518e+15,4.1136e+12,1.34288e+08,51,24.0312,27,0.36127
615,2.2518e+15,6.22956e+12,3.36174e+07,51,23.5762,25,0.36077
616,1.1259e+15,2.58356e+12,1.34275e+08,50,23.3262,27,0.352331
617,2.81475e+14,1.51297e+12,1.34289e+08,48,23.8828,27,0.359067
618,4.5036e+15,5.90104e+12,3.36175e+07,52,22.5039,25,0.34038
619,2.2518e+15,4.38172e+12,2.68508e+08,51,23.8877,28,0.364989
620,2.2518e+15,3.64546e+12,6.71815e+07,51,23.1826,26,0.350378
621,5.6295e+14,1.5158e+12,1.0879e+06,49,19.9932,20,0.305193
622,1.1259e+15,3.24232e+12,2.14526e+06,50,20.5361,21,0.314903
623,1.1259e+15,4.59312e+12,6.71758e+07,50,22.6982,26,0.34086
624,1.1259e+15,2.60503e+12,6.7171e+07,50,22.501,26,0.343158
625,4.5036e+15,6.41853e+12,1.68379e+07,52,22.3652,24,0.345498
626,7.03687e+13,6.69655e+11,1.34293e+08,46,24.2979,27,0.369963
627,4.5036e+15,5.27144e+12,1.34272e+08,52,23.7637,27,0.358186
628,5.6295e+14,1.70324e+12,1.3429e+08,49,24.4316,27,0.376872
629,4.5036e+15,7.16193e+12,3.3616e+07,52,23.0605,25,0.349815
630,5.6295e+14,2.24473e+12,6.71719e+07,49,23.7305,26,0.354029
631,7.20576e+16,7.25685e+13,1.34284e+08,56,23.5039,27,0.351877
632,1.1259e+15,2.15839e+12,5.36955e+08,50,26.166,29,0.386218
633,1.1259e+15,2.86765e+12,2.68501e+08,50,24.4209,28,0.365213
634,1.1259e+15,2.70724e+12,1.34288e+08,50,23.8936,27,0.362677
635,2.81475e+14,1.60769e+12,6.71644e+07,48,22.8477,26,0.346795
636,2.2518e+15,6.32885e+12,6.71761e+07,51,23.3799,26,0.349311
637,9.0072e+15,1.59606e+13,1.34271e+08,53,23.3896,27,0.356724
638,2.81475e+14,2.09774e+12,1.34293e+08,48,24.666,27,0.369894
639,2.81475e+14,2.83486e+12,6.71798e+07,48,23.6143,26,0.355314
640,1.1259e+15,2.80664e+12,1.34282e+08,50,23.3213,27,0.348891
641,1.1259e+15,2.56183e+12,1.3429e+08,50,24.6094,27,0.369104
642,4.5036e+15,6.81297e+12,5.3695e+08,52,25.5938,29,0.380036
643,1.1259e+15,5.12047e+12,2.68514e+08,50,25.2725,28,0.375886
644,1.80144e+16,3.85928e+13,2.68511e+08,54,25.2773,28,0.376285
645,4.61169e+18,4.51437e+15,2.68516e+08,62,26.1641,28,0.388592
646,2.81475e+14,2.89715e+12,1.34297e+08,48,24.7217,27,0.371784
647,7.20576e+16,7.54643e+13,2.68509e+08,56,24.8779,28,0.375809
648,2.2518e+15,1.41267e+13,2.14757e+09,51,28.1338,31,0.433817
649,9.0072e+15,3.87876e+13,5.3695e+08,53,26.1992,29,0.403802
650,7.20576e+16,9.34937e+13,5.36946e+08,56,26.1904,29,0.401493
651,1.1259e+15,8.91461e+12,1.07382e+09,50,26.085,30,0.401159
652,2.2518e+15,9.41613e+12,1.07382e+09,51,26.3789,30,0.408347
653,4.5036e+15,1.44538e+13,2.6852e+08,52,25.5547,28,0.398946
654,4.5036e+15,1.7828e+13,1.07382e+09,52,26.0107,30,0.411846
655,1.80144e+16,4.97403e+13,1.07381e+09,54,26.8438,30,0.417546
656,9.0072e+15,2.98019e+13,1.34287e+08,53,23.7539,27,0.3733
657,9.0072e+15,3.98681e+13,5.36948e+08,53,25.8135,29,0.402009
658,4.5036e+15,1.14927e+13,5.36948e+08,52,25.9502,29,0.401347
659,3.60288e+16,5.1661e+13,1.07382e+09,55,25.6689,30,0.396201
660,7.20576e+16,7.69353e+13,2.68508e+08,56,24.9551,28,0.390996
661,4.5036e+15,1.79287e+13,5.36959e+08,52,26.2451,29,0.410156
662,1.1259e+15,8.83164e+12,2.68507e+08,50,25.25,28,0.393801
663,2.2518e+15,1.39289e+13,2.68518e+08,51,25.0977,28,0.3899
664,1.80144e+16,4.23274e+13,2.68513e+08,54,25.2578,28,0.392862
665,1.80144e+16,2.31719e+13,5.36936e+08,54,24.5605,29,0.377407
666,2.2518e+15,1.12226e+13,2.68512e+08,51,24.9141,28,0.381258
667,9.0072e+15,3.31171e+13,5.36951e+08,53,25.4014,29,0.391999
668,4.5036e+15,1.54151e+13,5.36949e+08,52,25.5713,29,0.399356
669,4.5036e+15,1.96983e+13,1.34287e+08,52,24.6006,27,0.387236
670,2.2518e+15,1.03071e+13,2.68509e+08,51,25.3057,28,0.398538
671,1.80144e+16,2.78251e+13,2.68512e+08,54,24.9424,28,0.384212
672,1.80144e+16,2.79697e+13,2.68507e+08,54,25.3193,28,0.391307
673,1.80144e+16,2.92767e+13,3.36155e+07,54,22.9668,25,0.351856
674,9.0072e+15,3.98681e+13,5.36941e+08,53,25.9385,29,0.407871
675,7.20576e+16,1.20208e+14,5.36947e+08,56,25.6904,29,0.408231
676,2.8823e+17,3.35884e+14,1.68336e+07,58,23.2725,24,0.371325
677,3.60288e+16,9.85459e+13,3.36158e+07,55,24.1562,25,0.382387
678,1.80144e+16,4.08201e+13,1.3428e+08,54,24.5947,27,0.395369
679,2.30584e+18,2.30627e+15,2.68501e+08,61,25.5371,28,0.411876
680,2.8823e+17,6.21922e+14,5.3695e+08,58,25.6172,29,0.408699
681,1.15292e+18,1.46218e+15,1.07383e+09,60,26.7881,30,0.432032
682,5.76461e+17,8.6884e+14,2.68514e+08,59,25.1318,28,0.402186
683,5.76461e+17,1.10288e+15,2.68507e+08,59,25.9355,28,0.417646
684,7.20576e+16,2.53734e+14,5.36957e+08,56,26.5127,29,0.428433
685,2.30584e+18,3.3029e+15,5.36936e+08,61,25.9355,29,0.41859
686,7.20576e+16,3.78686e+14,5.36939e+08,56,26.5762,29,0.430277
687,1.44115e+17,5.2849e+14,1.07381e+09,57,26.7607,30,0.434864
688,1.47574e+20,1.45818e+17,1.34286e+08,67,25.0625,27,0.407548
689,1.47574e+20,1.44794e+17,5.36948e+08,67,27.2021,29,0.446682
690,2.8823e+17,5.84224e+14,1.0738e+09,58,26.8613,30,0.44033
691,1.15292e+18,1.77428e+15,6.71761e+07,60,25.0137,26,0.412545
692,4.61169e+18,4.91958e+15,2.68501e+08,62,25.6162,28,0.416796
693,9.22337e+18,1.10096e+16,2.14757e+09,63,27.873,31,0.452311
694,1.15292e+18,1.64803e+15,2.14759e+09,60,29.4541,31,0.476915
695,5.76461e+17,1.42105e+15,2.14756e+09,59,28.2842,31,0.465994
696,1.44115e+17,4.81037e+14,5.36948e+08,57,27.6328,29,0.454502
697,5.76461e+17,1.34556e+15,1.07383e+09,59,28.2471,30,0.465813
698,2.30584e+18,3.30779e+15,1.07382e+09,61,28.3945,30,0.462251
699,1.15292e+18,1.92387e+15,2.14756e+09,60,28.2256,31,0.461195
700,1.47574e+20,1.82019e+17,1.07382e+09,67,27.4561,30,0.455119
701,1.44115e+17,4.58836e+14,2.68516e+08,57,25.7363,28,0.420274
702,1.15292e+18,1.8609e+15,5.36948e+08,60,25.9932,29,0.423098
703,1.80144e+16,1.99171e+14,1.07382e+09,54,26.5039,30,0.430322
704,9.22337e+18,9.78202e+15,5.36942e+08,63,26.3867,29,0.423073
705,5.76461e+17,1.05008e+15,6.71697e+07,59,24.6699,26,0.406509
706,1.15292e+18,1.78441e+15,2.14757e+09,60,27.1553,31,0.432898
707,9.22337e+18,9.70007e+15,4.29504e+09,63,28.5215,32,0.45287
708,5.76461e+17,9.78265e+14,1.07383e+09,59,28.2041,30,0.452025
709,7.20576e+16,2.81646e+14,2.14758e+09,56,28.3135,31,0.452472
710,5.76461e+17,9.12543e+14,1.07382e+09,59,27.085,30,0.435296
711,5.76461e+17,1.18088e+15,5.36954e+08,59,26.3701,29,0.421538
712,1.15292e+18,1.86922e+15,5.36944e+08,60,26.6611,29,0.43081
713,2.30584e+18,3.7668e+15,1.07382e+09,61,27.625,30,0.446443
714,1.44115e+17,2.35896e+14,1.07383e+09,57,26.9141,30,0.433187
715,7.20576e+16,1.73798e+14,4.29507e+09,56,28.8115,32,0.45875
716,1.80144e+16,7.80175e+13,5.36952e+08,54,25.8516,29,0.407537
717,2.8823e+17,9.41513e+14,2.68508e+08,58,25.8115,28,0.40608
718,4.61169e+18,6.04558e+15,4.29507e+09,62,28.1152,32,0.44331
719,1.15292e+18,1.89832e+15,8.59005e+09,60,30.0225,33,0.48403
720,4.61169e+18,6.5756e+15,4.29507e+09,62,29.1436,32,0.476248
721,1.15292e+18,1.42154e+15,2.68517e+08,60,26.3242,28,0.432154
722,1.15292e+18,1.94692e+15,4.29507e+09,60,29.5752,32,0.487039
723,1.15292e+18,1.19745e+15,5.36951e+08,60,27.0654,29,0.44636
724,1.44115e+17,2.69245e+14,6.7164e+07,57,23.5811,26,0.388772
725,1.15292e+18,1.4332e+15,5.36944e+08,60,26.6064,29,0.439761
726,1.15292e+18,3.39206e+15,2.14758e+09,60,29.4199,31,0.478718
727,2.30584e+18,4.96728e+15,4.29506e+09,61,29.3867,32,0.483854
728,2.30584e+18,5.61528e+15,4.29506e+09,61,29.5742,32,0.481299
729,1.44115e+17,2.93638e+14,2.14758e+09,57,29.4766,31,0.485046
730,3.68935e+19,3.70149e+16,2.14756e+09,65,28.6826,31,0.478828
731,5.76461e+17,2.1381e+15,2.14756e+09,59,29.5576,31,0.495417
732,1.84467e+19,3.19244e+16,8.59003e+09,64,30.3125,33,0.505272
733,2.8823e+17,8.01319e+14,4.29507e+09,58,30.2637,32,0.50542
734,7.3787e+19,1.19942e+17,8.59002e+09,66,30.667,33,0.507475
735,3.68935e+19,5.27553e+16,4.29505e+09,65,28.7363,32,0.479775
736,9.22337e+18,2.11153e+16,4.29506e+09,63,29.7686,32,0.494919
737,2.30584e+18,4.57162e+15,8.59003e+09,61,30.9258,33,0.51824
738,2.8823e+17,2.33504e+15,4.29505e+09,58,29.8398,32,0.498166
739,9.22337e+18,1.43371e+16,1.07383e+09,63,28.7969,30,0.481267
740,4.61169e+18,9.85535e+15,2.14756e+09,62,29.5254,31,0.495517
741,9.22337e+18,1.56235e+16,1.07383e+09,63,28.5713,30,0.483453
742,1.84467e+19,2.73175e+16,5.36942e+08,64,27.3965,29,0.456746
743,1.15292e+18,2.96176e+15,2.14757e+09,60,29.6797,31,0.500427
744,5.76461e+17,3.20675e+15,2.14758e+09,59,29.9844,31,0.503184
745,9.22337e+18,1.54653e+16,5.36946e+08,63,28.0107,29,0.469998
746,2.30584e+18,3.95311e+15,4.29506e+09,61,30.626,32,0.515485
747,5.76461e+17,1.68868e+15,2.14756e+09,59,28.6396,31,0.478591
748,2.8823e+17,1.85621e+15,2.14756e+09,58,29.207,31,0.495824
749,4.61169e+18,8.69198e+15,2.14758e+09,62,29.3008,31,0.494404
750,1.15292e+18,2.65022e+15,4.29506e+09,60,29.0469,32,0.484395
751,1.84467e+19,1.9892e+16,4.29503e+09,64,27.8955,32,0.464116
752,1.15292e+18,4.5961e+15,1.718e+10,60,32.0996,34,0.536362
753,5.76461e+17,3.25499e+15,1.718e+10,59,31.7002,34,0.530009
754,1.84467e+19,2.12464e+16,1.718e+10,64,32.1172,34,0.532798
755,4.61169e+18,1.27255e+16,4.29506e+09,62,29.9697,32,0.501669
756,4.61169e+18,1.19825e+16,1.718e+10,62,30.291,34,0.500644
757,1.15292e+18,3.9202e+15,8.59001e+09,60,30.8398,33,0.514813
758,1.15292e+18,3.8217e+15,8.59003e+09,60,30.8369,33,0.513077
759,2.95148e+20,2.90217e+17,4.29505e+09,68,30.0156,32,0.507952
760,1.15292e+18,4.45858e+15,5.36947e+08,60,27.9941,29,0.484125
761,1.47574e+20,2.17105e+17,1.07382e+09,67,27.9912,30,0.486034
762,2.30584e+18,5.2527e+15,5.36947e+08,61,27.2676,29,0.475636
763,2.8823e+17,1.41184e+15,5.36937e+08,58,27.7305,29,0.480976
764,3.68935e+19,3.68282e+16,2.14755e+09,65,27.7363,31,0.476426
765,1.84467e+19,3.33417e+16,4.29505e+09,64,29.668,32,0.517745
766,2.30584e+18,1.09921e+16,8.59003e+09,61,30.2305,33,0.518663
767,2.30584e+18,5.51407e+15,3.43598e+10,61,31.9766,35,0.540789
768,1.84467e+19,2.01537e+16,8.59003e+09,64,30.0771,33,0.516286
769,1.84467e+19,1.97914e+16,8.59004e+09,64,30.6748,33,0.521533
770,1.15292e+18,4.17295e+15,8.59001e+09,60,29.7969,33,0.521617
771,9.22337e+18,1.86375e+16,1.07382e+09,63,27.5518,30,0.472675
772,1.84467e+19,1.97433e+16,2.14756e+09,64,28.4844,31,0.49457
773,4.61169e+18,1.39963e+16,8.59001e+09,62,29.9941,33,0.520889
774,4.61169e+18,5.39006e+15,1.718e+10,62,30.3477,34,0.530096
775,4.61169e+18,7.53596e+15,4.29507e+09,62,29.8691,32,0.512254
776,4.61169e+18,9.852e+15,8.59002e+09,62,30.1094,33,0.51451
777,4.61169e+18,9.72003e+15,8.59003e+09,62,30.6123,33,0.524867
778,4.61169e+18,5.79232e+15,8.59003e+09,62,30.6152,33,0.518834
779,4.61169e+18,8.77032e+15,1.07382e+09,62,27.8408,30,0.480907
780,2.36118e+21,3.49611e+18,5.3694e+08,71,26.4336,29,0.45521
781,4.61169e+18,6.68886e+15,6.71618e+07,62,24.4385,26,0.426074
782,1.84467e+19,2.58571e+16,1.07381e+09,64,27.1064,30,0.468499
783,1.18059e+21,1.2412e+18,1.07382e+09,70,27.4834,30,0.47455
784,1.15292e+18,3.22616e+15,1.07383e+09,60,26.8525,30,0.461479
785,9.22337e+18,1.3849e+16,5.3694e+08,63,26.752,29,0.450862
786,1.15292e+18,4.18453e+15,5.36953e+08,60,26.417,29,0.442874
787,1.84467e+19,2.42689e+16,6.71769e+07,64,24.5068,26,0.417244
788,4.61169e+18,8.6749e+15,2.68491e+08,62,25.9873,28,0.429888
789,3.68935e+19,5.23452e+16,2.68507e+08,65,26.168,28,0.451046
790,9.22337e+18,1.64539e+16,6.71731e+07,63,25.0771,26,0.42321
791,3.68935e+19,3.63387e+16,3.36176e+07,65,24.3818,25,0.417124
792,4.61169e+18,5.00454e+15,8.43823e+06,62,23.3936,23,0.399822
793,4.61169e+18,6.14764e+15,6.71756e+07,62,25.5762,26,0.432043
794,1.15292e+18,3.43858e+15,6.71674e+07,60,25.1475,26,0.423231
795,3.68935e+19,5.28912e+16,1.68346e+07,65,23.873,24,0.408137
796,1.18059e+21,1.17865e+18,6.71787e+07,70,25.875,26,0.440808
797,9.22337e+18,1.5327e+16,3.36049e+07,63,24.7197,25,0.428735
798,7.3787e+19,8.43888e+16,6.71692e+07,66,25.751,26,0.443006
799,2.95148e+20,3.43069e+17,5.36935e+08,68,27.0947,29,0.455166
800,1.47574e+20,1.68556e+17,5.36946e+08,67,27.792,29,0.473798
801,1.47574e+20,1.65046e+17,1.07382e+09,67,28.541,30,0.478449
802,2.36118e+21,2.9309e+18,4.29506e+09,71,29.5615,32,0.503548
803,9.22337e+18,2.17011e+16,5.36951e+08,63,27.9443,29,0.474688
804,9.22337e+18,2.37229e+16,2.68495e+08,63,26.582,28,0.455295
805,7.55579e+22,7.39799e+19,2.68501e+08,76,27.5391,28,0.464566
806,1.18059e+21,1.20337e+18,1.07383e+09,70,28.7217,30,0.498634
807,1.84467e+19,4.8816e+16,1.07382e+09,64,28.4492,30,0.481693
808,1.84467e+19,4.33665e+16,2.14758e+09,64,28.5303,31,0.480943
809,5.90296e+20,6.28502e+17,4.29505e+09,69,29.5156,32,0.49453
810,2.95148e+20,5.37835e+17,5.36933e+08,68,27.3516,29,0.460407
811,2.95148e+20,3.02618e+17,2.14757e+09,68,29.7344,31,0.503865
812,2.30584e+18,6.82694e+15,2.14757e+09,61,28.3203,31,0.475027
813,2.95148e+20,3.02427e+17,5.36943e+08,68,26.832,29,0.450308
814,1.88895e+22,1.87933e+19,1.07381e+09,74,28.0713,30,0.479867
815,1.47574e+20,1.61201e+17,2.68505e+08,67,28.1338,28,0.490526
816,9.44473e+21,9.55484e+18,5.3695e+08,73,27.5068,29,0.479412
817,2.36118e+21,2.63953e+18,2.14758e+09,71,29.3076,31,0.509277
818,9.22337e+18,3.75228e+16,4.29505e+09,63,29.6348,32,0.504154
819,1.18059e+21,2.18854e+18,2.14755e+09,70,28.1162,31,0.47982
820,1.47574e+20,1.88904e+17,4.29506e+09,67,29.8535,32,0.515333
821,5.90296e+20,6.76191e+17,1.34281e+08,69,26.9092,27,0.463128
822,3.02231e+23,2.95327e+20,3.43598e+10,78,31.8164,35,0.543491
823,9.44473e+21,1.38967e+19,3.43599e+10,73,32.8633,35,0.565792
824,7.3787e+19,1.55227e+17,1.718e+10,66,31.085,34,0.533728
825,7.3787e+19,1.62779e+17,8.59002e+09,66,30.957,33,0.535368
826,2.41785e+24,2.3987e+21,4.29506e+09,81,29.8994,32,0.511546
827,2.36118e+21,2.59008e+18,2.14756e+09,71,28.2646,31,0.488645
828,3.68935e+19,1.59642e+17,1.34283e+08,65,25.5,27,0.440609
829,2.36118e+21,2.33574e+18,1.07383e+09,71,27.9365,30,0.47878
830,7.3787e+19,1.74509e+17,2.14757e+09,66,27.9375,31,0.481093
831,2.36118e+21,2.38298e+18,2.14755e+09,71,27.8643,31,0.469749
832,2.36118e+21,3.50741e+18,2.14755e+09,71,27.3418,31,0.47029
833,7.3787e+19,3.0452e+17,1.07381e+09,66,26.876,30,0.466593
834,1.18059e+21,1.2454e+18,2.68488e+08,70,25.5713,28,0.43864
835,1.84467e+19,5.84651e+16,6.71592e+07,64,25.7617,26,0.45457
836,2.95148e+20,5.55124e+17,2.68502e+08,68,26.7744,28,0.468198
837,2.95148e+20,3.41889e+17,1.34251e+08,68,25.9355,27,0.463387
838,4.61169e+18,1.58944e+16,5.36942e+08,62,27.3936,29,0.472668
839,5.90296e+20,7.44829e+17,1.34279e+08,69,26.4961,27,0.461166
840,2.36118e+21,2.49134e+18,4.29504e+09,71,29.0645,32,0.508246
841,9.44473e+21,9.44109e+18,2.14756e+09,73,28.7812,31,0.503717
842,9.44473e+21,1.03155e+19,3.43598e+10,73,32.8838,35,0.560851
843,1.18059e+21,2.10978e+18,1.37439e+11,70,34.9404,37,0.595241
844,9.44473e+21,1.16534e+19,1.37439e+11,73,33.4443,37,0.569854
845,2.36118e+21,3.10843e+18,1.37439e+11,71,33.71,37,0.569838
846,9.44473e+21,1.39541e+19,6.87196e+10,73,33.0732,36,0.55288
847,3.86856e+25,3.78668e+22,3.43598e+10,85,32.791,35,0.556968
848,5.90296e+20,1.34329e+18,3.43598e+10,69,31.9434,35,0.541485
849,1.18059e+21,1.5469e+18,3.43598e+10,70,31.5928,35,0.521757
850,4.72237e+21,7.27596e+18,8.59004e+09,72,31.29,33,0.533004
851,9.44473e+21,9.45332e+18,8.59002e+09,73,29.7656,33,0.511288
852,3.77789e+22,4.06795e+19,8.59004e+09,75,30.5273,33,0.515546
853,7.3787e+19,2.93055e+17,2.14757e+09,66,28.3262,31,0.47676
854,1.18059e+21,1.64956e+18,1.07383e+09,70,28.8555,30,0.490312
855,3.02231e+23,4.47437e+20,1.34281e+08,78,26.9707,27,0.46235
856,2.36118e+21,2.75625e+18,1.718e+10,71,31.541,34,0.53707
857,5.90296e+20,1.41276e+18,6.7168e+07,69,26.5381,26,0.458291
858,1.47574e+20,2.68195e+17,4.29506e+09,67,30.4434,32,0.524684
859,9.44473e+21,1.00144e+19,3.43598e+10,73,31.209,35,0.524301
860,9.67141e+24,1.00352e+22,1.37439e+11,83,33.1084,37,0.559852
861,1.51116e+23,1.48105e+20,1.718e+10,77,29.5957,34,0.506306
862,1.18059e+21,1.85708e+18,1.718e+10,70,30.4365,34,0.517559
863,4.72237e+21,7.10805e+18,3.43598e+10,72,30.7393,35,0.518006
864,2.36118e+21,3.47788e+18,1.07383e+09,71,27.7236,30,0.472127
865,3.77789e+22,5.59267e+19,4.29506e+09,75,29.292,32,0.499709
866,3.77789e+22,3.88355e+19,4.29504e+09,75,28.582,32,0.486689
867,7.55579e+22,7.54518e+19,4.29505e+09,76,29.5811,32,0.508588
868,4.8357e+24,5.31609e+21,1.07383e+09,82,28.7939,30,0.495297
869,9.44473e+21,9.45346e+18,2.14758e+09,73,28.9609,31,0.50551
870,2.36118e+21,2.55624e+18,2.68492e+08,71,26.7959,28,0.469056
871,5.90296e+20,7.32177e+17,2.14756e+09,69,29.6113,31,0.513966
872,2.95148e+20,7.33342e+17,2.68505e+08,68,27.5088,28,0.4767
873,1.18059e+21,3.2205e+18,1.07381e+09,70,28.9727,30,0.502065
874,9.44473e+21,1.60189e+19,4.29505e+09,73,30.6709,32,0.529718
875,9.44473e+21,1.9892e+19,5.36936e+08,73,27.3447,29,0.473739
876,4.72237e+21,9.0532e+18,1.34288e+08,72,26.4648,27,0.47227
877,1.18059e+21,3.31854e+18,2.685e+08,70,26.7412,28,0.466455
878,1.84467e+19,7.89342e+16,2.68502e+08,64,26.7207,28,0.464075
879,1.47574e+20,5.36213e+17,5.36935e+08,67,27.0234,29,0.472629
880,9.44473e+21,9.64657e+18,2.14756e+09,73,28.8828,31,0.495185
881,2.95148e+20,5.07084e+17,5.36944e+08,68,27.3779,29,0.477925
882,3.77789e+22,3.98729e+19,2.68513e+08,75,27.0439,28,0.469956
883,4.72237e+21,5.28051e+18,1.718e+10,72,29.7451,34,0.518428
884,1.18059e+21,1.18529e+18,4.29504e+09,70,28.8936,32,0.500905
885,9.44473e+21,9.90717e+18,2.14756e+09,73,28.5273,31,0.487366
886,1.18059e+21,1.65665e+18,2.14757e+09,70,28.542,31,0.494039
887,9.44473e+21,9.63406e+18,2.14756e+09,73,28.4756,31,0.482949
888,1.47574e+20,8.82401e+17,1.07381e+09,67,29.0293,30,0.483353
889,2.95148e+20,8.76858e+17,1.07382e+09,68,28.7695,30,0.486424
890,9.44473e+21,1.16506e+19,4.29507e+09,73,30.3145,32,0.503859
891,1.18059e+21,1.85972e+18,1.718e+10,70,30.9551,34,0.525777
892,3.77789e+22,3.81936e+19,2.68513e+08,75,27.125,28,0.461945
893,4.72237e+21,6.73082e+18,1.718e+10,72,30.9023,34,0.522864
894,2.95148e+20,6.93678e+17,3.43598e+10,68,31.8643,35,0.540496
895,1.88895e+22,1.90444e+19,4.29505e+09,74,29.3105,32,0.496326
896,7.55579e+22,7.46425e+19,1.718e+10,76,31.8047,34,0.538556
897,9.44473e+21,1.06766e+19,1.71799e+10,73,32.458,34,0.56904
898,3.02231e+23,2.95859e+20,2.14757e+09,78,30.5918,31,0.534901
899,1.88895e+22,2.2067e+19,8.59003e+09,74,30.8408,33,0.534249
900,1.47574e+20,1.60921e+17,8.59002e+09,67,30.6396,33,0.520693
901,3.02231e+23,3.39508e+20,4.29507e+09,78,29.917,32,0.514276
902,5.90296e+20,1.31702e+18,1.07382e+09,69,28.8418,30,0.490283
903,2.36118e+21,3.54009e+18,5.3695e+08,71,27.8691,29,0.476254
904,1.18059e+21,1.28104e+18,2.68498e+08,70,26.7773,28,0.456369
905,1.47574e+20,4.8374e+17,1.07382e+09,67,27.5596,30,0.478065
906,5.90296e+20,9.21418e+17,1.07383e+09,69,28.543,30,0.491105
907,1.20893e+24,1.18069e+21,2.68516e+08,80,27.1934,28,0.467207
908,2.36118e+21,3.99719e+18,4.29508e+09,71,29.8174,32,0.510546
909,2.36118e+21,4.35017e+18,5.36932e+08,71,26.9062,29,0.467929
910,1.18059e+21,2.01061e+18,5.36943e+08,70,27.293,29,0.476464
911,1.88895e+22,2.78541e+19,3.36107e+07,74,24.917,25,0.435918
912,4.72237e+21,7.93861e+18,5.36937e+08,72,27.7578,29,0.486855
913,5.90296e+20,1.02101e+18,1.34283e+08,69,26.4912,27,0.463584
914,5.90296e+20,8.42079e+17,1.34284e+08,69,26.6797,27,0.46441
915,1.20893e+24,1.18082e+21,2.14755e+09,80,29.2568,31,0.508747
916,9.44473e+21,9.66924e+18,5.36939e+08,73,27.6924,29,0.494343
917,2.95148e+20,7.2148e+17,1.07382e+09,68,28.29,30,0.5046
918,5.90296e+20,9.70337e+17,2.68493e+08,69,26.5195,28,0.475123
919,1.47574e+20,4.19341e+17,2.68506e+08,67,27.0459,28,0.487658
920,3.68935e+19,1.04339e+17,1.34266e+08,65,25.793,27,0.462039
921,5.90296e+20,6.14652e+17,1.34276e+08,69,25.8174,27,0.463436
922,7.3787e+19,1.12163e+17,1.34286e+08,66,26.2539,27,0.471164
923,2.36118e+21,3.31253e+18,1.34278e+08,71,25.0176,27,0.450515
924,9.44473e+21,1.11905e+19,1.68342e+07,73,24.3232,24,0.437367
925,1.18059e+21,2.05692e+18,1.08663e+06,70,21.7041,20,0.395668
926,2.95148e+20,5.08291e+17,6.71758e+07,68,25.918,26,0.459516
927,9.44473e+21,1.45339e+19,1.34273e+08,73,26.4678,27,0.46442
928,2.36118e+21,2.51424e+18,2.68506e+08,71,27.5771,28,0.47633
929,1.88895e+22,2.70121e+19,4.29507e+09,74,30.876,32,0.539912
930,6.1897e+26,6.04543e+23,2.14757e+09,89,30.0605,31,0.520122
931,7.55579e+22,7.85673e+19,6.71743e+07,76,26.4922,26,0.47424
932,4.8357e+24,4.79786e+21,4.29506e+09,82,30.3203,32,0.536939
933,9.44473e+21,1.99116e+19,5.36944e+08,73,28.5205,29,0.501401
934,2.36118e+21,5.12478e+18,2.14757e+09,71,30.1045,31,0.526992
935,4.72237e+21,6.26041e+18,2.14757e+09,72,29.916,31,0.519874
936,7.55579e+22,7.4891e+19,4.29505e+09,76,30.3115,32,0.530652
937,1.18059e+21,4.52038e+18,1.34292e+08,70,27.7168,27,0.478385
938,1.88895e+22,2.21231e+19,1.07382e+09,74,29.2939,30,0.516503
939,5.90296e+20,1.19323e+18,2.68489e+08,69,27.1895,28,0.475734
940,4.72237e+21,7.02877e+18,1.34283e+08,72,27.1758,27,0.479309
941,2.36118e+21,3.53663e+18,4.29506e+09,71,30.3496,32,0.532566
942,1.93428e+25,1.8935e+22,6.87196e+10,84,33.7744,36,0.587932
943,3.02231e+23,3.05999e+20,6.87196e+10,78,34.2451,36,0.598203
944,3.77789e+22,4.60505e+19,5.49756e+11,75,35.5742,39,0.622496
945,2.36118e+21,3.30781e+18,1.37439e+11,71,33.75,37,0.584262
946,3.77789e+22,7.04894e+19,1.37439e+11,75,34.1074,37,0.587429
947,2.36118e+21,3.10405e+18,3.43598e+10,71,33.0898,35,0.569315
948,4.72237e+21,1.44344e+19,3.43598e+10,72,32.4219,35,0.558564
949,7.3787e+19,2.10535e+17,4.29505e+09,66,29.8672,32,0.521937
950,1.51116e+23,1.85119e+20,8.59003e+09,77,30.667,33,0.53776
951,1.20893e+24,1.18915e+21,3.43599e+10,80,32.9658,35,0.572822
952,5.90296e+20,1.12591e+18,3.43598e+10,69,33.9834,35,0.587767
953,3.02231e+23,3.00654e+20,6.87196e+10,78,34.1367,36,0.599776
954,1.88895e+22,3.9831e+19,6.87196e+10,74,34.4131,36,0.609539
955,9.44473e+21,1.10608e+19,6.87196e+10,73,34.168,36,0.617098
956,3.02231e+23,3.18697e+20,1.718e+10,78,32.9824,34,0.586713
957,1.51116e+23,1.68811e+20,3.43598e+10,77,33.7568,35,0.600214
958,2.95148e+20,1.08064e+18,3.43598e+10,68,33.3721,35,0.593288
959,2.36118e+21,4.89098e+18,1.718e+10,71,32.5127,34,0.57895
960,4.72237e+21,1.00995e+19,1.71799e+10,72,32.3643,34,0.583781
961,9.44473e+21,1.4045e+19,3.43598e+10,73,33.2393,35,0.598428
962,7.55579e+22,1.60468e+20,6.87196e+10,76,34.5371,36,0.622306
963,9.44473e+21,1.20497e+19,1.718e+10,73,32.8887,34,0.595233
964,2.36118e+21,5.91261e+18,1.718e+10,71,33.1611,34,0.599002
965,2.36118e+21,6.96659e+18,1.718e+10,71,33.0703,34,0.598339
966,1.88895e+22,2.38232e+19,8.59002e+09,74,32.3535,33,0.5831
967,7.55579e+22,8.08268e+19,8.59002e+09,76,32.1953,33,0.582157
968,1.88895e+22,2.43449e+19,2.74878e+11,74,35.75,38,0.648107
969,1.18059e+21,6.21432e+18,3.43598e+10,70,32.9219,35,0.5968
970,9.44473e+21,1.33138e+19,4.29506e+09,73,31.0215,32,0.570593
971,3.77789e+22,7.75478e+19,6.87196e+10,75,34.5352,36,0.62338
972,3.77789e+22,5.28908e+19,3.43598e+10,75,33.4023,35,0.603129
973,7.73713e+25,7.84499e+22,1.718e+10,86,32.4775,34,0.587958
974,2.41785e+24,2.36393e+21,1.0738e+09,81,28.8135,30,0.527685
975,1.88895e+22,3.16763e+19,2.14757e+09,74,28.8369,31,0.528603
976,7.92282e+28,7.73736e+25,1.07381e+09,96,28.7734,30,0.526907
977,7.55579e+22,8.85933e+19,6.87196e+10,76,33.5225,36,0.606967
978,2.47588e+27,2.41798e+24,1.718e+10,91,31.9961,34,0.575654
979,1.88895e+22,2.41875e+19,8.59003e+09,74,32.9492,33,0.592303
980,9.44473e+21,1.19995e+19,8.59003e+09,73,31.4541,33,0.570097
981,7.55579e+22,1.1425e+20,6.87196e+10,76,33.9014,36,0.609289
982,9.67141e+24,9.45024e+21,4.29506e+09,83,31.5059,32,0.567528
983,9.44473e+21,1.04652e+19,1.718e+10,73,32.6875,34,0.590736
984,6.04463e+23,8.29698e+20,1.718e+10,79,33.1162,34,0.598895
985,1.20893e+24,1.23754e+21,1.718e+10,80,32.5322,34,0.584225
986,6.04463e+23,6.17953e+20,3.43599e+10,79,34.1748,35,0.618109
987,3.02231e+23,3.19379e+20,2.74878e+11,78,35.665,38,0.638975
988,6.04463e+23,6.3876e+20,6.87196e+10,79,34.7568,36,0.625113
989,1.51116e+23,1.50334e+20,8.59003e+09,77,32.7119,33,0.583967
990,4.8357e+24,4.7327e+21,1.718e+10,82,33.1641,34,0.595934
991,7.55579e+22,7.99393e+19,4.29505e+09,76,32.085,32,0.582345
992,7.55579e+22,7.8177e+19,1.37439e+11,76,34.9619,37,0.625972
993,6.04463e+23,8.53932e+20,6.87196e+10,79,34.0703,36,0.608028
994,1.51116e+23,2.27092e+20,8.59002e+09,77,32.1289,33,0.58346
995,1.54743e+26,1.51196e+23,4.29506e+09,87,31.1689,32,0.55975
996,3.77789e+22,3.97541e+19,4.29506e+09,75,31.5381,32,0.575486
997,2.47588e+27,2.41788e+24,2.14756e+09,91,29.1611,31,0.53759
998,6.04463e+23,6.87087e+20,1.07382e+09,79,31.1699,30,0.569053
999,1.51116e+23,2.40214e+20,2.14757e+09,77,31.2695,31,0.571516
1000,1.88895e+22,6.89134e+19,1.718e+10,74,32.5205,34,0.596525
1001,7.55579e+22,7.63461e+19,2.14756e+09,76,30.71,31,0.561655
1002,3.77789e+22,7.24668e+19,1.71799e+10,75,32.2207,34,0.587983
1003,2.95148e+20,1.31492e+18,1.71799e+10,68,33.0361,34,0.601941
1004,7.55579e+22,8.28717e+19,1.718e+10,76,32.0273,34,0.585443
1005,7.55579e+22,1.04922e+20,1.71799e+10,76,32.5488,34,0.597126
1006,7.55579e+22,9.62038e+19,2.14758e+09,76,30.9941,31,0.576935
1007,9.44473e+21,2.50149e+19,1.718e+10,73,31.3008,34,0.578596
1008,2.41785e+24,2.95673e+21,4.29506e+09,81,30.627,32,0.565389
1009,1.88895e+22,2.51131e+19,8.59002e+09,74,31.4775,33,0.58642
1010,2.36118e+21,5.54914e+18,6.87196e+10,71,32.8555,36,0.6021
1011,6.04463e+23,5.96799e+20,1.71799e+10,79,31.8193,34,0.575249
1012,3.09485e+26,3.02317e+23,2.14757e+09,88,30.6436,31,0.553683
1013,1.18059e+21,4.23274e+18,2.14757e+09,70,30.5938,31,0.554232
1014,2.36118e+21,2.86731e+18,1.07382e+09,71,29.377,30,0.530811
1015,1.51116e+23,1.55929e+20,8.59003e+09,77,32.2607,33,0.575205
1016,1.20893e+24,1.18267e+21,8.59004e+09,80,32.4346,33,0.577628
1017,1.93428e+25,1.90434e+22,2.68505e+08,84,28.8594,28,0.517073
1018,1.88895e+22,2.84787e+19,1.34278e+08,74,27.8545,27,0.496166
1019,7.55579e+22,7.48258e+19,3.36161e+07,76,26.4561,25,0.468925
1020,7.55579e+22,1.12903e+20,8.59002e+09,76,31.7695,33,0.570819
1021,3.77789e+22,4.55217e+19,1.718e+10,75,33.0479,34,0.595633
1022,3.02231e+23,6.65584e+20,1.37439e+11,78,34.3193,37,0.616936
1023,3.02231e+23,3.1806e+20,4.29506e+09,78,31.084,32,0.561756
1024,3.77789e+22,4.43949e+19,3.43599e+10,75,33.3984,35,0.598759
1025,5.90296e+20,1.33217e+18,3.43598e+10,69,32.3809,35,0.583416
1026,3.02231e+23,2.99194e+20,8.59003e+09,78,31.0195,33,0.563793
1027,2.36118e+21,4.88918e+18,1.718e+10,71,32.0352,34,0.579794
1028,3.02231e+23,3.13875e+20,2.14757e+09,78,29.3965,31,0.529185
1029,4.8357e+24,4.72361e+21,1.718e+10,82,31.5996,34,0.571103
1030,4.72237e+21,7.20069e+18,8.59004e+09,72,30.793,33,0.557911
1031,1.51116e+23,1.495e+20,1.07381e+09,77,28.5391,30,0.51443
1032,2.36118e+21,9.37196e+18,3.43598e+10,71,32.0811,35,0.578653
1033,3.02231e+23,3.69841e+20,2.14756e+09,78,29.0381,31,0.523337
1034,3.77789e+22,4.04741e+19,4.29505e+09,75,30.3271,32,0.55173
1035,7.55579e+22,7.67815e+19,1.718e+10,76,31.2148,34,0.568702
1036,4.72237e+21,1.04138e+19,4.29505e+09,72,29.7197,32,0.537802
1037,2.95148e+20,1.00452e+18,5.36945e+08,68,27.0264,29,0.491865
1038,1.18059e+21,2.41669e+18,5.36943e+08,70,27.3916,29,0.495593
1039,4.72237e+21,9.5151e+18,2.14756e+09,72,29.0645,31,0.532614
1040,7.55579e+22,7.5741e+19,2.14756e+09,76,29.6797,31,0.540213
1041,7.55579e+22,8.32696e+19,2.68499e+08,76,28.3457,28,0.51224
1042,1.88895e+22,2.07462e+19,4.29505e+09,74,30.2939,32,0.543353
1043,2.36118e+21,4.61164e+18,1.718e+10,71,31.7324,34,0.567613
1044,2.36118e+21,4.90166e+18,2.14757e+09,71,30.3428,31,0.558473
1045,1.18059e+21,4.78982e+18,1.07382e+09,70,29.7578,30,0.538053
1046,9.67141e+24,9.44529e+21,1.0738e+09,83,28.9346,30,0.517833
1047,3.02231e+23,3.42516e+20,1.07381e+09,78,29.832,30,0.538171
1048,2.41785e+24,2.36249e+21,4.29506e+09,81,31.3711,32,0.554112
1049,1.88895e+22,2.11428e+19,1.07382e+09,74,29.1758,30,0.524097
1050,1.18059e+21,2.65402e+18,1.07381e+09,70,29.0898,30,0.530908
1051,3.77789e+22,5.4319e+19,1.07381e+09,75,28.7598,30,0.524413
1052,1.18059e+21,1.98335e+18,1.07381e+09,70,28.332,30,0.52154
1053,6.04463e+23,6.10332e+20,8.59e+09,79,30.2959,33,0.556583
1054,6.04463e+23,5.97297e+20,8.59002e+09,79,29.8086,33,0.553596
1055,7.55579e+22,1.2369e+20,6.87196e+10,76,32.7686,36,0.593804
1056,3.77789e+22,4.4931e+19,6.87196e+10,75,33.3643,36,0.606502
1057,4.72237e+21,6.76391e+18,6.87196e+10,72,33.6006,36,0.614121
1058,3.77789e+22,4.20049e+19,1.718e+10,75,31.1367,34,0.570123
1059,1.20893e+24,1.273e+21,1.37439e+11,80,35.2266,37,0.640231
1060,9.67141e+24,1.18389e+22,2.74878e+11,83,35.5137,38,0.646702
1061,1.20893e+24,1.20337e+21,1.37439e+11,80,35.0645,37,0.639187
1062,2.41785e+24,2.39795e+21,1.37439e+11,81,34.3926,37,0.629587
1063,6.04463e+23,5.92223e+20,1.07381e+09,79,26.4707,30,0.498256
1064,4.8357e+24,4.78035e+21,6.87196e+10,82,32.8701,36,0.604631
1065,3.77789e+22,7.84612e+19,3.43598e+10,75,31.4746,35,0.570431
1066,1.51116e+23,1.78701e+20,8.59002e+09,77,30.0498,33,0.543061
1067,3.09485e+26,3.02258e+23,6.87196e+10,88,33.0898,36,0.59425
1068,2.36118e+21,3.2354e+18,6.87196e+10,71,31.8096,36,0.576101
1069,3.02231e+23,3.30529e+20,5.36947e+08,78,27.5049,29,0.517323
1070,3.77789e+22,5.32264e+19,1.71799e+10,75,29.8682,34,0.545325
1071,3.77789e+22,8.2114e+19,2.14757e+09,75,29.0918,31,0.527986
1072,5.90296e+20,1.20562e+18,8.59002e+09,69,29.7998,33,0.536401
1073,1.93428e+25,2.37709e+22,3.43598e+10,84,31.833,35,0.572551
1074,3.02231e+23,3.42742e+20,6.87196e+10,78,32.9355,36,0.590128
1075,9.67141e+24,9.63432e+21,3.43598e+10,83,32.3779,35,0.575894
1076,5.90296e+20,2.40517e+18,8.59002e+09,69,28.8184,33,0.524137
1077,1.20893e+24,2.40306e+21,8.59002e+09,80,29.792,33,0.540323
1078,1.51116e+23,1.9199e+20,8.59e+09,77,30.4951,33,0.54399
1079,2.95148e+20,1.15605e+18,1.718e+10,68,31.4365,34,0.562933
1080,7.55579e+22,8.84566e+19,1.718e+10,76,31.3467,34,0.553732
1081,1.20893e+24,1.33376e+21,6.87196e+10,80,32.6318,36,0.587292
1082,4.72237e+21,9.8206e+18,3.43598e+10,72,32.6768,35,0.569951
1083,4.72237e+21,1.37562e+19,3.43598e+10,72,32.5703,35,0.574526
1084,3.02231e+23,2.99625e+20,2.14756e+09,78,29.1826,31,0.51597
1085,3.02231e+23,5.9403e+20,1.37439e+11,78,34.8779,37,0.622616
1086,3.77789e+22,5.973e+19,1.37439e+11,75,34.5137,37,0.60974
1087,2.36118e+21,5.92112e+18,4.29506e+09,71,29.2764,32,0.514749
1088,1.88895e+22,5.07545e+19,8.59002e+09,74,30.6328,33,0.539247
1089,9.67141e+24,9.44937e+21,8.59001e+09,83,31.0869,33,0.55131
1090,1.88895e+22,5.13484e+19,1.718e+10,74,32.624,34,0.57112
1091,5.90296e+20,2.44414e+18,3.43598e+10,69,32.4102,35,0.573586
1092,9.44473e+21,1.17727e+19,1.718e+10,73,31.6973,34,0.557821
1093,7.92282e+28,7.73713e+25,3.43599e+10,96,33.0811,35,0.576179
1094,4.8357e+24,4.88128e+21,1.37439e+11,82,35.0527,37,0.619072
1095,1.51116e+23,2.31869e+20,2.74878e+11,77,35.8516,38,0.636184
1096,7.55579e+22,7.80832e+19,1.37439e+11,76,35.1104,37,0.630814
1097,6.1897e+26,6.05069e+23,1.37439e+11,89,34.1875,37,0.621118
1098,4.8357e+24,4.89034e+21,5.49756e+11,82,35.5664,39,0.644068
1099,1.51116e+23,3.3238e+20,5.49756e+11,77,36.583,39,0.655651
1100,1.51116e+23,1.88761e+20,1.37439e+11,77,34.4785,37,0.621312
1101,3.02231e+23,3.15128e+20,3.43598e+10,78,33.1973,35,0.605824
1102,1.20893e+24,1.23516e+21,1.37439e+11,80,35.3164,37,0.628433
1103,4.8357e+24,4.74032e+21,8.59003e+09,82,32.2793,33,0.573164
1104,1.23794e+27,1.21901e+24,1.37439e+11,90,33.4473,37,0.599448
1105,6.04463e+23,9.5821e+20,4.29506e+09,79,31.0283,32,0.562144
1106,9.67141e+24,9.55798e+21,1.718e+10,83,31.9639,34,0.577134
1107,3.02231e+23,2.99131e+20,1.07382e+09,78,28.2773,30,0.514901
1108,1.20893e+24,1.26483e+21,4.29505e+09,80,29.3135,32,0.535238
1109,6.04463e+23,9.80322e+20,1.37439e+11,79,33.709,37,0.610408
1110,1.51116e+23,2.25134e+20,8.59001e+09,77,29.791,33,0.545339
1111,1.51116e+23,1.77136e+20,1.37439e+11,77,32.1797,37,0.594649
1112,1.51116e+23,2.37612e+20,6.87196e+10,77,32.8955,36,0.591224
1113,3.02231e+23,6.31798e+20,5.36928e+08,78,27.2129,29,0.501339
1114,3.02231e+23,3.78588e+20,3.43598e+10,78,33.0479,35,0.601954
1115,2.41785e+24,2.38286e+21,6.87195e+10,81,32.8711,36,0.596572
1116,1.51116e+23,2.24949e+20,5.49756e+11,77,35.0576,39,0.63387
1117,1.51116e+23,2.61173e+20,1.37439e+11,77,33.293,37,0.605551
1118,1.88895e+22,3.04837e+19,6.87196e+10,74,32.9092,36,0.599637
1119,7.55579e+22,1.22256e+20,6.87196e+10,76,32.2725,36,0.585053
1120,3.09485e+26,3.02238e+23,1.37439e+11,88,33.2324,37,0.603878
1121,7.55579e+22,1.05007e+20,1.37439e+11,76,34.4238,37,0.621888
1122,9.44473e+21,2.04738e+19,1.37439e+11,73,34.0098,37,0.601018
1123,9.44473e+21,1.30347e+19,6.87196e+10,73,33.501,36,0.591497
1124,3.77789e+22,4.31195e+19,6.87196e+10,75,32.8828,36,0.594492
1125,3.86856e+25,3.79721e+22,5.49756e+11,85,35.8193,39,0.642264
1126,3.77789e+22,5.06787e+19,2.74878e+11,75,34.9062,38,0.62024
1127,3.77789e+22,5.29629e+19,1.718e+10,75,32.6289,34,0.585308
1128,1.51116e+23,1.75783e+20,1.37439e+11,77,34.0537,37,0.608455
1129,1.18059e+21,2.91474e+18,5.36942e+08,70,28.1875,29,0.501984
1130,1.20893e+24,2.52841e+21,3.43598e+10,80,32.0869,35,0.568575
1131,3.02231e+23,3.07522e+20,1.37439e+11,78,33.6201,37,0.606342
1132,4.72237e+21,8.5065e+18,8.59004e+09,72,31.2275,33,0.560661
1133,2.47588e+27,2.41787e+24,3.43598e+10,91,32.1709,35,0.576708
1134,1.88895e+22,2.91768e+19,3.43598e+10,74,32.3408,35,0.582963
1135,4.72237e+21,7.53579e+18,2.14758e+09,72,30.2236,31,0.549266
1136,3.02231e+23,3.9383e+20,3.43599e+10,78,32.6797,35,0.584003
1137,3.86856e+25,3.77903e+22,1.718e+10,85,30.9863,34,0.556591
1138,1.20893e+24,1.21093e+21,1.718e+10,80,31.8418,34,0.567186
1139,4.72237e+21,6.31745e+18,3.43598e+10,72,32.2852,35,0.57396
1140,1.51116e+23,2.79342e+20,1.718e+10,77,31.9961,34,0.578123
1141,6.04463e+23,6.8599e+20,3.43598e+10,79,31.999,35,0.581032
1142,4.8357e+24,4.88998e+21,3.43598e+10,82,32.7061,35,0.59519
1143,9.44473e+21,1.28707e+19,8.59002e+09,73,30.5615,33,0.542365
1144,9.44473e+21,1.45873e+19,3.43598e+10,73,31.9248,35,0.565448
1145,1.88895e+22,4.41856e+19,8.59002e+09,74,31.0537,33,0.547871
1146,1.20893e+24,1.19332e+21,1.718e+10,80,31.2383,34,0.557854
1147,1.51116e+23,3.15378e+20,6.87196e+10,77,33.8975,36,0.602223
1148,9.67141e+24,9.76556e+21,1.718e+10,83,31.3047,34,0.555947
1149,2.36118e+21,4.57781e+18,6.87196e+10,71,32.7422,36,0.59065
1150,3.02231e+23,3.16824e+20,3.43598e+10,78,32.9932,35,0.605321
1151,6.04463e+23,6.05536e+20,3.43598e+10,79,33.2725,35,0.614255
1152,9.67141e+24,1.00593e+22,2.14756e+09,83,30.1377,31,0.577326
1153,9.44473e+21,1.7994e+19,6.87196e+10,73,32.9814,36,0.611396
1154,3.77789e+22,8.12065e+19,6.87196e+10,75,33.5977,36,0.621571
1155,3.77789e+22,4.15049e+19,1.37439e+11,75,33.7998,37,0.630056
1156,2.41785e+24,2.683e+21,1.37439e+11,81,35.4189,37,0.667731
1157,3.86856e+25,3.77872e+22,3.43598e+10,85,33.3564,35,0.62533
1158,3.77789e+22,4.3495e+19,1.718e+10,75,32.1045,34,0.607411
1159,9.44473e+21,1.16327e+19,8.59003e+09,73,31.8584,33,0.594339
1160,9.44473e+21,2.25295e+19,6.87195e+10,73,33.1523,36,0.623587
1161,7.55579e+22,9.99841e+19,3.43598e+10,76,32.7119,35,0.610916
1162,9.67141e+24,9.82782e+21,1.37439e+11,83,33.6777,37,0.627775
1163,7.55579e+22,8.87428e+19,1.07382e+09,76,26.8262,30,0.505708
1164,2.41785e+24,3.55654e+21,1.718e+10,81,31.1816,34,0.587859
1165,6.1897e+26,6.04556e+23,1.718e+10,89,31.3711,34,0.595515
1166,6.04463e+23,6.37687e+20,1.718e+10,79,30.7363,34,0.570073
1167,1.20893e+24,1.22162e+21,6.87196e+10,80,32.5059,36,0.612926
1168,4.8357e+24,5.93693e+21,1.37439e+11,82,33.9492,37,0.645992
1169,1.88895e+22,4.65083e+19,1.37439e+11,74,33.8779,37,0.642805
1170,4.72237e+21,1.31596e+19,2.74878e+11,72,34.2656,38,0.64956
1171,7.55579e+22,1.14589e+20,6.87196e+10,76,32.4014,36,0.61207
1172,1.88895e+22,3.13722e+19,3.43598e+10,74,31.4268,35,0.595098
1173,1.51116e+23,2.29866e+20,1.718e+10,77,30.2227,34,0.574838
1174,9.44473e+21,2.26847e+19,1.718e+10,73,31.5479,34,0.595758
1175,4.72237e+21,8.36577e+18,6.87195e+10,72,32.6465,36,0.609412
1176,3.77789e+22,1.06658e+20,2.14757e+09,75,30.6641,31,0.580199
1177,2.41785e+24,2.37628e+21,8.59001e+09,81,30.7334,33,0.57744
1178,7.92282e+28,7.73713e+25,6.87196e+10,96,33.2119,36,0.621917
1179,4.8357e+24,5.73747e+21,3.43598e+10,82,31.6924,35,0.586936
1180,9.44473e+21,1.02141e+19,3.43598e+10,73,32.1348,35,0.593852
1181,7.55579e+22,8.43199e+19,1.71799e+10,76,32.0859,34,0.589432
1182,4.72237e+21,5.46786e+18,2.68501e+08,72,28.1758,28,0.519416
1183,2.41785e+24,2.38291e+21,3.43598e+10,81,33.0107,35,0.594698
1184,6.04463e+23,5.9626e+20,2.74878e+11,79,35.1895,38,0.625098
1185,4.72237e+21,9.47955e+18,6.87196e+10,72,33.4912,36,0.588354
1186,7.55579e+22,7.94391e+19,6.87196e+10,76,33.7139,36,0.59324
1187,1.20893e+24,1.18214e+21,2.74878e+11,80,34.9932,38,0.617805
1188,1.18059e+21,2.32635e+18,6.87196e+10,70,32.3379,36,0.573883
1189,4.8357e+24,4.72273e+21,3.43598e+10,82,32.2695,35,0.577755
1190,5.90296e+20,1.77534e+18,1.37439e+11,69,33.4287,37,0.5993
1191,1.88895e+22,2.93953e+19,6.87196e+10,74,31.8682,36,0.575576
1192,5.90296e+20,2.08058e+18,1.718e+10,69,31.1846,34,0.561653
1193,4.72237e+21,7.40759e+18,3.43598e+10,72,31.8965,35,0.575377
1194,2.36118e+21,3.12551e+18,3.43598e+10,71,32.0869,35,0.57361
1195,1.88895e+22,2.52869e+19,3.43598e+10,74,30.4844,35,0.551618
1196,3.77789e+22,4.19125e+19,6.87196e+10,75,32.7354,36,0.59159
1197,9.44473e+21,2.37882e+19,8.59001e+09,73,29.8516,33,0.552026
1198,9.67141e+24,9.5393e+21,5.36951e+08,83,27.9121,29,0.521822
1199,1.20893e+24,1.18179e+21,1.07382e+09,80,28.3076,30,0.531486
1200,5.90296e+20,1.62213e+18,3.36191e+07,69,25.1006,25,0.4781
1201,4.8357e+24,4.72832e+21,1.68228e+07,82,25.3604,24,0.479141
1202,3.02231e+23,4.91715e+20,1.34287e+08,78,27.2109,27,0.508918
1203,3.77789e+22,5.16078e+19,5.36933e+08,75,27.6064,29,0.515333
1204,4.72237e+21,8.11738e+18,2.68492e+08,72,27.9365,28,0.521883
1205,9.44473e+21,1.51511e+19,1.34282e+08,73,27.3887,27,0.515074
1206,7.55579e+22,9.39156e+19,2.68507e+08,76,27.4658,28,0.511704
1207,1.93428e+25,1.88959e+22,2.68504e+08,84,26.8467,28,0.502314
1208,7.73713e+25,7.67494e+22,6.71659e+07,86,25.8887,26,0.482768
1209,3.77789e+22,4.85903e+19,8.44089e+06,75,24.9326,23,0.458409
1210,9.67141e+24,9.44514e+21,294975,83,22.5078,18,0.423817
1211,1.88895e+22,2.54244e+19,1.08157e+06,74,23.4785,20,0.438467
1212,9.44473e+21,1.52413e+19,1.08308e+06,73,23.5283,20,0.434136
1213,1.51116e+23,1.50175e+20,4.23272e+06,77,24.5908,22,0.448585
1214,9.44473e+21,1.52632e+19,8.43249e+06,73,26.2275,23,0.476838
1215,3.77789e+22,4.36361e+19,5.3695e+08,75,28.3867,29,0.50922
1216,2.95148e+20,4.74041e+17,6.71761e+07,68,27.0869,26,0.499846
1217,1.88895e+22,2.50993e+19,2.68508e+08,74,28.4307,28,0.51725
1218,1.88895e+22,2.43029e+19,4.29505e+09,74,30.5439,32,0.548886
1219,6.04463e+23,6.74552e+20,1.71799e+10,79,31.8818,34,0.566542
1220,4.8357e+24,4.72588e+21,8.59002e+09,82,31.0088,33,0.541147
1221,4.72237e+21,5.80526e+18,3.43598e+10,72,33.1992,35,0.587407
1222,1.51116e+23,1.48376e+20,1.718e+10,77,32.0547,34,0.580563
1223,9.44473e+21,1.66431e+19,4.29506e+09,73,30.2588,32,0.543125
1224,9.44473e+21,9.88416e+18,1.07381e+09,73,29.5703,30,0.52585
1225,4.8357e+24,4.73449e+21,1.718e+10,82,32.9297,34,0.585583
1226,3.68935e+19,1.49457e+17,4.29505e+09,65,31.6982,32,0.555713
1227,9.44473e+21,1.10515e+19,4.29506e+09,73,31.9053,32,0.560389
1228,1.88895e+22,2.4568e+19,4.29506e+09,74,31.2344,32,0.547351
1229,5.90296e+20,9.10294e+17,2.68486e+08,69,28.2432,28,0.499868
1230,1.20893e+24,1.18104e+21,4.29507e+09,80,30.9521,32,0.549343
1231,9.44473e+21,1.42133e+19,8.59003e+09,73,31.5947,33,0.557519
1232,9.44473e+21,1.19236e+19,2.14757e+09,73,29.9775,31,0.526562
1233,4.8357e+24,4.72528e+21,2.68509e+08,82,28.3535,28,0.51229
1234,5.90296e+20,8.38244e+17,1.07382e+09,69,28.8408,30,0.505809
1235,3.68935e+19,9.76325e+16,5.36951e+08,65,28.3633,29,0.511048
1236,6.04463e+23,6.46217e+20,1.07383e+09,79,29.5371,30,0.529132
1237,1.20893e+24,1.18198e+21,1.07382e+09,80,29.2539,30,0.517097
1238,5.90296e+20,8.87186e+17,1.07382e+09,69,28.8213,30,0.51142
1239,9.44473e+21,1.2307e+19,5.36945e+08,73,28.6084,29,0.502168
1240,5.90296e+20,9.95125e+17,2.14757e+09,69,29.9844,31,0.525993
1241,2.95148e+20,1.55775e+18,1.718e+10,68,32.499,34,0.567178
1242,1.88895e+22,2.44591e+19,2.14757e+09,74,29.8945,31,0.521067
1243,1.88895e+22,2.32158e+19,1.34285e+08,74,27.9395,27,0.48626
1244,1.47574e+20,1.98756e+17,1.07381e+09,67,29.1943,30,0.504301
1245,3.86856e+25,3.77803e+22,8.59002e+09,85,30.8281,33,0.53466
1246,3.77789e+22,6.28388e+19,6.87196e+10,75,34.3994,36,0.589355
1247,9.44473e+21,1.08255e+19,8.59003e+09,73,31.1924,33,0.54293
1248,2.36118e+21,5.07215e+18,6.87196e+10,71,34.1533,36,0.594334
1249,7.55579e+22,7.79935e+19,8.59002e+09,76,31.3633,33,0.544912
1250,3.68935e+19,2.07913e+17,8.59003e+09,65,32.5459,33,0.570889
1251,2.36118e+21,2.69816e+18,1.718e+10,71,31.8174,34,0.549665
1252,7.3787e+19,2.53125e+17,4.29506e+09,66,29.9316,32,0.538001
1253,1.51116e+23,1.49058e+20,4.29505e+09,77,29.5732,32,0.52799
1254,1.88895e+22,1.92111e+19,1.07382e+09,74,27.0146,30,0.497551
1255,1.18059e+21,1.59672e+18,4.29505e+09,70,28.8838,32,0.537824
1256,2.36118e+21,3.12862e+18,1.0738e+09,71,28.3115,30,0.528564
1257,3.77789e+22,3.73236e+19,2.68489e+08,75,27.6123,28,0.5229
1258,9.44473e+21,1.2035e+19,8.58999e+09,73,28.8945,33,0.535836
1259,4.72237e+21,6.62983e+18,4.29506e+09,72,29.3711,32,0.543743
1260,5.90296e+20,1.31936e+18,4.29505e+09,69,29.167,32,0.536862
1261,5.90296e+20,9.6916e+17,4.29505e+09,69,30.2783,32,0.54235
1262,1.51116e+23,1.50413e+20,1.07383e+09,77,29.4541,30,0.510771
1263,6.04463e+23,5.9281e+20,2.14756e+09,79,30.001,31,0.530086
1264,1.88895e+22,2.35892e+19,2.14756e+09,74,30.373,31,0.537068
1265,4.72237e+21,5.24102e+18,1.07382e+09,72,29.79,30,0.521856
1266,9.44473e+21,1.00491e+19,1.07381e+09,73,29.0205,30,0.505494
1267,1.88895e+22,2.03437e+19,2.14757e+09,74,30.6885,31,0.531455
1268,2.36118e+21,4.21726e+18,1.71799e+10,71,31.9922,34,0.557765
1269,2.95148e+20,9.45839e+17,5.36943e+08,68,29.1035,29,0.506139
1270,1.51116e+23,1.48261e+20,4.29505e+09,77,31.1836,32,0.540698
1271,2.36118e+21,2.98072e+18,3.43598e+10,71,33.8486,35,0.572027
1272,2.36118e+21,2.43384e+18,1.37439e+11,71,34.8174,37,0.593292
1273,4.72237e+21,4.76172e+18,1.37439e+11,72,35.2168,37,0.600429
1274,2.36118e+21,4.18662e+18,1.718e+10,71,31.252,34,0.53679
1275,4.72237e+21,5.55221e+18,4.29506e+09,72,30.0195,32,0.518606
1276,1.93428e+25,1.88971e+22,4.29506e+09,84,29.9248,32,0.517235
1277,3.77789e+22,5.74771e+19,2.68505e+08,75,28.9287,28,0.499171
1278,9.44473e+21,1.00439e+19,1.07383e+09,73,28.6982,30,0.503931
1279,2.36118e+21,3.44184e+18,5.36957e+08,71,28.0752,29,0.487231
1280,7.92282e+28,7.73724e+25,2.68506e+08,96,27.5859,28,0.478743
1281,2.36118e+21,8.57959e+18,2.14757e+09,71,28.8291,31,0.503438
1282,1.18059e+21,2.39491e+18,5.36956e+08,70,29.127,29,0.503013
1283,6.04463e+23,6.35723e+20,2.14757e+09,79,30.1875,31,0.524093
1284,3.02231e+23,3.02639e+20,1.07382e+09,78,29.957,30,0.519461
1285,3.77789e+22,4.45043e+19,6.71743e+07,75,26.8945,26,0.471402
1286,3.02231e+23,4.48648e+20,554519,78,23.3291,19,0.427558
1287,4.72237e+21,8.77923e+18,2.68514e+08,72,27.8047,28,0.49085
1288,1.51116e+23,1.91703e+20,2.14756e+09,77,29.2197,31,0.513705
1289,4.72237e+21,1.2457e+19,8.59004e+09,72,30.3066,33,0.532991
1290,3.09485e+26,4.53347e+23,2.14756e+09,88,28.7305,31,0.50747
1291,7.55579e+22,7.64299e+19,5.36944e+08,76,28.3936,29,0.494496
1292,7.92282e+28,7.7376e+25,1.718e+10,96,31.7109,34,0.5535
1293,1.88895e+22,2.2734e+19,2.68506e+08,74,27.3877,28,0.468747
1294,1.23794e+27,1.20894e+24,2.14757e+09,90,30.0576,31,0.525215
1295,3.02231e+23,3.16235e+20,2.14756e+09,78,29.2627,31,0.515881
1296,6.04463e+23,7.85503e+20,1.718e+10,79,32.1025,34,0.562208
1297,9.44473e+21,1.80435e+19,4.29506e+09,73,31.3369,32,0.542523
1298,6.1897e+26,6.05208e+23,2.14755e+09,89,28.998,31,0.506214
1299,9.67141e+24,9.4494e+21,5.3695e+08,83,28.625,29,0.494697
1300,1.88895e+22,3.72316e+19,4.29506e+09,74,31.4473,32,0.549135
1301,1.88895e+22,3.87823e+19,8.59003e+09,74,32.126,33,0.566058
1302,9.44473e+21,1.42233e+19,2.14757e+09,73,30.5938,31,0.530062
1303,1.20893e+24,1.25866e+21,1.718e+10,80,31.9258,34,0.557246
1304,3.77789e+22,8.19775e+19,6.87196e+10,75,34.0869,36,0.607601
1305,6.04463e+23,7.30286e+20,3.43598e+10,79,32.4922,35,0.572747
1306,7.55579e+22,7.84664e+19,1.718e+10,76,31.7725,34,0.566226
1307,3.09485e+26,3.03734e+23,6.87196e+10,88,32.958,36,0.589052
1308,3.02231e+23,5.01867e+20,6.71635e+07,78,29.0625,26,0.523867
1309,3.77789e+22,5.39494e+19,1.07381e+09,75,29.584,30,0.531939
1310,6.04463e+23,9.26159e+20,4.29506e+09,79,30.7197,32,0.546727
1311,1.88895e+22,3.9147e+19,8.59003e+09,74,31.2129,33,0.559598
1312,3.77789e+22,6.66155e+19,2.14758e+09,75,29.8408,31,0.529788
1313,7.73713e+25,8.51615e+22,4.29504e+09,86,29.7783,32,0.539937
1314,6.04463e+23,9.41295e+20,2.14757e+09,79,29.7246,31,0.537906
1315,7.55579e+22,1.05907e+20,3.36118e+07,76,27.8408,25,0.498302
1316,1.93428e+25,1.8941e+22,1.34281e+08,84,27.8916,27,0.499295
1317,3.09485e+26,3.03185e+23,2.14757e+09,88,29.6299,31,0.533825
1318,1.93428e+25,1.91521e+22,6.71622e+07,84,26.9951,26,0.490718
1319,1.54743e+26,1.55861e+23,4.23574e+06,87,25.75,22,0.467207
1320,1.51116e+23,2.27448e+20,88025.5,77,20.8291,16,0.385077
1321,9.44473e+21,1.91656e+19,557178,73,23.1924,19,0.420624
1322,1.20893e+24,1.34849e+21,1.0848e+06,80,24.1006,20,0.438364
1323,7.55579e+22,1.64322e+20,551814,76,23.0049,19,0.422066
1324,3.77789e+22,1.40086e+20,1.09004e+06,75,24.0078,20,0.437437
1325,3.02231e+23,3.48326e+20,8.43793e+06,78,25.4521,23,0.460112
1326,1.54743e+26,1.70802e+23,4.23868e+06,87,24.7637,22,0.445416
1327,9.90352e+27,9.68242e+24,6.71669e+07,93,26.8301,26,0.486205
1328,1.88895e+22,4.52338e+19,562095,74,23.3594,19,0.434431
1329,2.36118e+21,5.37427e+18,1.08504e+06,71,23.9717,20,0.432312
1330,3.77789e+22,9.78899e+19,4.23984e+06,75,24.9072,22,0.452041
1331,1.51116e+23,1.85681e+20,1.08738e+06,77,23.5508,20,0.424155
1332,1.88895e+22,2.82377e+19,557626,74,23.6533,19,0.424254
1333,2.41785e+24,2.73854e+21,1.08009e+06,81,23.5605,20,0.421133
1334,1.54743e+26,2.10672e+23,6.717e+07,87,27.1406,26,0.478301
1335,1.51116e+23,2.99377e+20,3.36085e+07,77,26.0137,25,0.468567
1336,2.41785e+24,3.16635e+21,1.34277e+08,81,26.6758,27,0.474884
1337,1.93428e+25,3.31431e+22,1.07382e+09,84,28.5869,30,0.503974
1338,4.8357e+24,5.97537e+21,5.36941e+08,82,27.8525,29,0.487645
1339,7.92282e+28,7.73739e+25,1.68349e+07,96,25.5566,24,0.460416
1340,2.47588e+27,2.45625e+24,1.08475e+06,91,23.8477,20,0.440515
1341,1.93428e+25,2.24748e+22,8866.02,84,18.2002,9,0.335993
1342,4.95176e+27,4.83573e+24,14174.5,92,19.3135,11,0.356678
1343,1.20893e+24,1.26321e+21,1.08648e+06,80,23.4678,20,0.416612
1344,7.92282e+28,7.73973e+25,1.09018e+06,96,23.4697,20,0.420503
1345,7.55579e+22,1.22077e+20,6.71752e+07,76,27.5225,26,0.490002
1346,3.86856e+25,3.7945e+22,6.71703e+07,85,27.1123,26,0.478389
1347,4.8357e+24,7.33406e+21,5.36941e+08,82,29.5801,29,0.52066
1348,1.51116e+23,2.40265e+20,2.68493e+08,77,28.7383,28,0.510467
1349,1.54743e+26,1.53838e+23,5.36939e+08,87,29.0605,29,0.519377
1350,3.09485e+26,3.61383e+23,2.14757e+09,88,29.6543,31,0.531859
1351,2.41785e+24,2.40402e+21,1.07381e+09,81,28.8027,30,0.520794
1352,9.44473e+21,1.71961e+19,2.68511e+08,73,28.3477,28,0.499368
1353,1.88895e+22,3.36271e+19,2.68511e+08,74,27.6797,28,0.490346
1354,1.51116e+23,2.41936e+20,1.34287e+08,77,27.624,27,0.496876
1355,9.67141e+24,9.8476e+21,5.36951e+08,83,29.1875,29,0.514292
1356,1.93428e+25,2.45205e+22,1.07381e+09,84,29.4961,30,0.516891
1357,9.67141e+24,1.00799e+22,2.14757e+09,83,29.9375,31,0.526304
1358,3.86856e+25,3.90052e+22,1.718e+10,85,31.9854,34,0.56614
1359,9.67141e+24,9.5438e+21,5.36945e+08,83,29.1465,29,0.510959
1360,1.54743e+26,1.79623e+23,2.68512e+08,87,28.3027,28,0.502835
1361,3.86856e+25,7.59692e+22,5.36946e+08,85,28.7842,29,0.506684
1362,2.47588e+27,2.42591e+24,6.71717e+07,91,27.3574,26,0.483032
1363,3.86856e+25,7.84405e+22,1.6837e+07,85,25.8496,24,0.46134
1364,7.55579e+22,1.0611e+20,8.43561e+06,76,25.2285,23,0.447204
1365,1.54743e+26,1.51577e+23,1.34281e+08,87,27.2217,27,0.4904
1366,7.73713e+25,7.8224e+22,1.34284e+08,86,27.2383,27,0.483148
1367,7.55579e+22,1.34063e+20,5.36942e+08,76,28.793,29,0.508191
1368,6.04463e+23,7.09118e+20,5.36939e+08,79,27.9307,29,0.484259
1369,1.54743e+26,1.51215e+23,1.07383e+09,87,29.4121,30,0.516341
1370,7.55579e+22,1.58546e+20,1.07382e+09,76,28.0664,30,0.504152
1371,3.77789e+22,7.91801e+19,2.68509e+08,75,27.3691,28,0.491003
1372,4.8357e+24,5.12049e+21,5.36928e+08,82,27.6074,29,0.491662
1373,3.09485e+26,3.02912e+23,2.14756e+09,88,28.9404,31,0.512144
1374,3.86856e+25,4.48793e+22,4.29502e+09,85,29.585,32,0.52616
1375,6.1897e+26,6.23828e+23,2.68505e+08,89,27.9473,28,0.504155
1376,6.04463e+23,9.76067e+20,1.34284e+08,79,27.1816,27,0.483612
1377,9.67141e+24,1.43999e+22,3.3611e+07,83,26.2314,25,0.462851
1378,6.1897e+26,6.04515e+23,4.24897e+06,89,24.7949,22,0.44721
1379,1.20893e+24,1.71463e+21,1.07381e+09,80,28.7725,30,0.51239
1380,9.67141e+24,9.5252e+21,1.34276e+08,83,27.2471,27,0.493663
1381,9.67141e+24,1.5479e+22,5.36927e+08,83,28.6104,29,0.510513
1382,7.92282e+28,7.73837e+25,2.68505e+08,96,28.3828,28,0.504598
1383,4.8357e+24,7.8631e+21,3.36131e+07,82,25.3242,25,0.470446
1384,4.8357e+24,1.18569e+22,8.43068e+06,82,23.7246,23,0.436558
1385,1.93428e+25,1.97439e+22,2.14173e+06,84,23.3447,21,0.437009
1386,3.09485e+26,3.02386e+23,4.23745e+06,88,23.6318,22,0.43007
1387,1.51116e+23,2.69896e+20,1.08941e+06,77,22.5088,20,0.408315
1388,1.20893e+24,1.20085e+21,559431,80,22.3838,19,0.408407
1389,4.95176e+27,8.7649e+24,2.13267e+06,92,23.3867,21,0.422887
1390,6.1897e+26,6.32991e+23,1.08686e+06,89,22.7295,20,0.415886
1391,9.67141e+24,9.7258e+21,8.43212e+06,83,25.0068,23,0.456213
1392,7.92282e+28,7.73778e+25,1.34292e+08,96,27.4287,27,0.49676
1393,9.90352e+27,9.67294e+24,2.14757e+09,93,29.4707,31,0.522387
1394,1.23794e+27,1.21137e+24,1.07381e+09,90,29.415,30,0.522341
1395,3.09485e+26,4.5754e+23,3.36073e+07,88,26.6621,25,0.47695
1396,1.93428e+25,2.49071e+22,4.23563e+06,84,24.9287,22,0.446306
1397,9.67141e+24,1.33935e+22,5.36936e+08,83,28.4697,29,0.502983
1398,6.04463e+23,6.37542e+20,1.68285e+07,79,25.5674,24,0.456524
1399,2.47588e+27,2.41804e+24,2.13643e+06,91,23.96,21,0.430147
1400,9.67141e+24,1.18591e+22,552343,83,21.9775,19,0.396026
1401,1.93428e+25,1.95217e+22,6.7174e+07,84,26.4697,26,0.464665
1402,7.92282e+28,7.74522e+25,2.14757e+09,96,30.1406,31,0.526112
1403,4.72237e+21,6.33691e+18,2.68503e+08,72,28.0674,28,0.485071
1404,1.23794e+27,1.20903e+24,1.07382e+09,90,29.8359,30,0.521453
1405,6.04463e+23,1.23239e+21,1.07382e+09,79,29.8867,30,0.532882
1406,4.95176e+27,4.88334e+24,1.34291e+08,92,28.4062,27,0.502546
1407,1.51116e+23,1.64099e+20,5.36948e+08,77,28.8418,29,0.514928
1408,7.92282e+28,7.79794e+25,2.14756e+09,96,31.0908,31,0.554945
1409,1.51116e+23,4.00064e+20,2.14756e+09,77,30.3809,31,0.543836
1410,1.20893e+24,1.68038e+21,2.6851e+08,80,28.6016,28,0.512532
1411,1.23794e+27,1.29397e+24,1.34285e+08,90,28.166,27,0.508448
1412,9.44473e+21,3.24728e+19,2.68503e+08,73,28.2295,28,0.507791
1413,1.88895e+22,3.75129e+19,3.3617e+07,74,25.8564,25,0.460534
1414,1.9807e+28,1.96599e+25,6.71633e+07,94,27.5664,26,0.488436
1415,2.41785e+24,2.41039e+21,1.34285e+08,81,27.9004,27,0.491795
1416,3.86856e+25,3.99043e+22,5.36943e+08,85,29.4629,29,0.522263
1417,1.9807e+28,1.9354e+25,1.718e+10,94,33.0986,34,0.57876
1418,2.41785e+24,3.11125e+21,6.71755e+07,81,27.6963,26,0.479828
1419,1.51116e+23,4.14475e+20,2.68507e+08,77,29,28,0.511859
1420,2.41785e+24,3.3905e+21,1.34289e+08,81,28.3027,27,0.499562
1421,1.54743e+26,1.51364e+23,1.718e+10,87,32.1025,34,0.569827
1422,1.93428e+25,1.90657e+22,8.59003e+09,84,33.1074,33,0.589448
1423,1.20893e+24,1.88976e+21,1.718e+10,80,33.4102,34,0.597174
1424,7.92282e+28,7.73785e+25,1.07383e+09,96,30.7627,30,0.556197
1425,7.92282e+28,7.73834e+25,2.14756e+09,96,30.5186,31,0.553828
1426,6.1897e+26,9.09692e+23,1.07381e+09,89,30.7051,30,0.562401
1427,6.04463e+23,9.81e+20,5.36932e+08,79,29.2041,29,0.525022
1428,1.9807e+28,1.93465e+25,2.14757e+09,94,30.7031,31,0.556771
1429,1.20893e+24,3.26734e+21,1.07382e+09,80,30.1465,30,0.551089
1430,2.47588e+27,4.836e+24,2.14756e+09,91,30.5361,31,0.546094
1431,7.73713e+25,7.73424e+22,6.7164e+07,86,27.1113,26,0.494905
1432,2.41785e+24,2.8315e+21,1.07381e+09,81,29.7617,30,0.549408
1433,3.86856e+25,3.90397e+22,8.59001e+09,85,31.7031,33,0.577501
1434,2.41785e+24,2.85884e+21,8.59003e+09,81,32.2812,33,0.589581
1435,1.23794e+27,1.22795e+24,2.68508e+08,90,28.1611,28,0.520211
1436,4.8357e+24,9.57497e+21,1.34276e+08,82,27.9414,27,0.513334
1437,1.20893e+24,1.50918e+21,5.36939e+08,80,28.6504,29,0.524515
1438,3.09485e+26,4.61988e+23,5.36926e+08,88,29.1113,29,0.535226
1439,3.09485e+26,6.47058e+23,5.36934e+08,88,29.1807,29,0.535629
1440,7.92282e+28,7.74115e+25,3.36082e+07,96,26.6338,25,0.4898
1441,6.04463e+23,8.80523e+20,5.36946e+08,79,28.8711,29,0.533515
1442,9.90352e+27,9.72827e+24,1.68247e+07,93,25.665,24,0.476862
1443,7.55579e+22,1.00996e+20,2.13722e+06,76,23.9648,21,0.449528
1444,7.92282e+28,7.76738e+25,6.7169e+07,96,26.6973,26,0.492631
1445,1.20893e+24,1.72427e+21,1.34279e+08,80,27.1436,27,0.498309
1446,1.93428e+25,3.02811e+22,8.43681e+06,84,25.3262,23,0.473134
1447,3.77789e+22,4.87911e+19,6.71741e+07,75,25.9238,26,0.480871
1448,7.92282e+28,7.73714e+25,1.68142e+07,96,24.6445,24,0.456332
1449,7.92282e+28,7.81271e+25,3.36032e+07,96,25.5908,25,0.478291
1450,7.92282e+28,9.67153e+25,1.68223e+07,96,24.8594,24,0.453276
1451,1.23794e+27,2.41846e+24,4.23767e+06,90,23.6924,22,0.442493
1452,6.1897e+26,6.09229e+23,8.43354e+06,89,24.4141,23,0.454116
1453,3.09485e+26,3.02405e+23,552773,88,21.5303,19,0.412284
1454,7.92282e+28,7.73906e+25,1.34274e+08,96,27.5615,27,0.516273
1455,7.92282e+28,7.73717e+25,2.68494e+08,96,28.2461,28,0.527033
1456,7.92282e+28,7.76831e+25,1.68266e+07,96,26.1514,24,0.490081
1457,7.92282e+28,7.73719e+25,554798,96,22.2969,19,0.41867
1458,7.92282e+28,7.74122e+25,1.68287e+07,96,26.1758,24,0.4916
1459,3.09485e+26,4.73766e+23,2.13343e+06,88,24.0781,21,0.453156
1460,6.1897e+26,6.9384e+23,8.43261e+06,89,25.1533,23,0.474136
1461,3.86856e+25,3.82017e+22,1.68297e+07,85,25.623,24,0.48236
1462,3.09485e+26,3.02542e+23,6.71613e+07,88,26.1436,26,0.490599
1463,9.67141e+24,9.60198e+21,6.71604e+07,83,26.7842,26,0.499658
1464,7.92282e+28,8.22321e+25,4.23289e+06,96,23.5781,22,0.444497
1465,6.1897e+26,7.55913e+23,1.68267e+07,89,25.0732,24,0.46453
1466,1.9807e+28,2.41787e+25,4.2358e+06,94,23.6816,22,0.437879
1467,7.92282e+28,7.74008e+25,4.23968e+06,96,24.8818,22,0.465946
1468,4.8357e+24,7.48222e+21,3.36139e+07,82,25.6836,25,0.477015
1469,2.47588e+27,2.42101e+24,2.13332e+06,91,22.8506,21,0.431253
1470,2.47588e+27,3.17345e+24,3.35984e+07,91,25.1904,25,0.467136
1471,7.92282e+28,7.73838e+25,8.44287e+06,96,25.0498,23,0.460173
1472,1.23794e+27,1.21484e+24,1.34271e+08,90,26.7305,27,0.486523
1473,7.92282e+28,7.73819e+25,3.36096e+07,96,25.957,25,0.473712
1474,1.23794e+27,2.45583e+24,1.07382e+09,90,30.1992,30,0.555622
1475,1.9807e+28,1.93449e+25,5.36952e+08,94,28.8008,29,0.540616
1476,9.90352e+27,1.93525e+25,4.29505e+09,93,31.0098,32,0.574897
1477,3.09485e+26,3.02404e+23,2.14755e+09,88,30.8594,31,0.57984
1478,1.9807e+28,1.98016e+25,5.3695e+08,94,29.8594,29,0.553888
1479,1.54743e+26,1.94382e+23,2.68497e+08,87,28.8203,28,0.537255
1480,3.09485e+26,3.51197e+23,2.14754e+09,88,31.1465,31,0.582416
1481,3.09485e+26,4.30892e+23,8.59001e+09,88,31.6006,33,0.582722
1482,3.96141e+28,4.23238e+25,1.718e+10,95,32.3271,34,0.590392
1483,7.92282e+28,8.76534e+25,2.14757e+09,96,30.8369,31,0.563262
1484,1.23794e+27,1.34624e+24,8.59001e+09,90,31.0635,33,0.572159
1485,7.92282e+28,7.77316e+25,2.14756e+09,96,30.7832,31,0.569346
1486,3.09485e+26,6.37633e+23,1.07382e+09,88,30.1123,30,0.55957
1487,6.1897e+26,1.02132e+24,5.36923e+08,89,29.1143,29,0.540717
1488,3.09485e+26,4.63201e+23,2.68498e+08,88,28.7588,28,0.529893
1489,4.95176e+27,4.98734e+24,8.43112e+06,92,25.8926,23,0.479222
1490,9.67141e+24,1.55261e+22,2.68503e+08,83,29.042,28,0.537047
1491,1.54743e+26,1.90844e+23,1.34281e+08,87,29.1514,27,0.535658
1492,1.54743e+26,1.51481e+23,6.7171e+07,87,26.7959,26,0.503475
1493,7.92282e+28,7.78466e+25,6.71745e+07,96,26.9824,26,0.510227
1494,6.1897e+26,7.8106e+23,1.68248e+07,89,26.2051,24,0.494558
1495,3.86856e+25,4.24712e+22,1.34292e+08,85,28.3311,27,0.542453
1496,7.92282e+28,1.56114e+26,6.7166e+07,96,27.0391,26,0.513536
1497,7.92282e+28,1.16238e+26,4.22668e+06,96,25.3994,22,0.478584
1498,1.23794e+27,1.59424e+24,2.68499e+08,90,28.5576,28,0.539787
1499,4.95176e+27,5.15007e+24,8.43403e+06,92,26.2734,23,0.499864
