150.183
0,434.412,7.38768,4,2,0.0292969,0,0.00985575
1,435.151,10.1586,4,2,0.0458984,0,0.00972171
2,435.127,8.86491,4,2,0.0400391,0,0.00981248
3,109.829,9.78735,5,1,0.0488281,0,0.0100736
4,435.053,9.25978,5,2,0.0419922,0,0.0100645
5,435.053,9.9332,5,2,0.0498047,0,0.0100575
6,111.425,9.02974,5,1,0.0429688,0,0.0100431
7,435.149,10.4393,5,2,0.0488281,0,0.0102762
8,435.151,11.5417,5,2,0.0634766,0,0.0102048
9,111.937,9.08732,5,1,0.0410156,0,0.010148
10,435.149,11.366,5,2,0.0527344,0,0.0103713
11,435.149,10.7403,5,2,0.0478516,0,0.0103629
12,435.117,10.2407,5,2,0.0458984,0,0.0103369
13,435.127,11.7698,6,2,0.0595703,0,0.010444
14,114.828,9.32598,5,1,0.0410156,0,0.0103079
15,435.117,11.9083,6,2,0.0615234,0,0.0104065
16,435,9.74677,5,2,0.0449219,0,0.0102561
17,111.425,10.9872,6,1,0.0546875,0,0.0105298
18,435.149,11.3595,6,2,0.0546875,0,0.0104387
19,435.117,11.8242,6,2,0.0556641,0,0.0105842
20,434.639,11.0295,6,2,0.0537109,0,0.0105494
21,435.151,12.1404,6,2,0.0644531,0,0.0105024
22,435.151,12.3845,6,2,0.0605469,0,0.0107807
23,435.151,11.2173,6,2,0.0556641,0,0.0104683
24,435.151,11.9279,6,2,0.0546875,0,0.0105559
25,435.127,12.2279,6,2,0.0595703,0,0.0106564
26,109.275,11.1204,6,1,0.0546875,0,0.0106467
27,111.937,10.3179,6,1,0.0488281,0,0.0105442
28,435.127,12.6352,6,2,0.0605469,0,0.0106092
29,435.117,11.5263,6,2,0.0546875,0,0.01041
30,1008.92,11.5741,6,3,0.0439453,0,0.0104292
31,434.954,10.9595,6,2,0.0517578,0,0.010555
32,110.903,10.7744,6,1,0.0507812,0,0.0106563
33,114.828,11.2843,6,1,0.0556641,0,0.0106601
34,435.117,13.4701,6,2,0.0683594,0,0.0106506
35,435.149,12.7169,6,2,0.0605469,0,0.0107423
36,434.818,10.6242,6,2,0.046875,0,0.0106449
37,435.149,12.3807,6,2,0.0585938,0,0.0107433
38,434.781,12.0784,6,2,0.0566406,0,0.0108999
39,435.151,11.8463,6,2,0.0527344,0,0.0107035
40,435.117,11.284,6,2,0.046875,0,0.01107
41,435.117,13.0555,6,2,0.0605469,0,0.0109938
42,435.151,12.4366,6,2,0.0537109,0,0.0109812
43,1008.21,15.2029,6,3,0.0771484,0,0.0108044
44,435.151,15.1808,6,2,0.0791016,0,0.0109651
45,435.127,14.5828,6,2,0.0751953,0,0.0110591
46,435.151,13.6317,6,2,0.0654297,0,0.0109876
47,1011.31,14.314,6,3,0.0722656,0,0.0109656
48,435.151,15.1281,6,2,0.0791016,0,0.0108804
49,435.149,13.6159,6,2,0.0722656,0,0.0109469
50,435.151,13.1116,7,2,0.0644531,0,0.0112023
51,435.117,14.8813,7,2,0.0732422,0,0.0111787
52,435.149,13.3229,7,2,0.0644531,0,0.011123
53,435.151,12.5775,6,2,0.0585938,0,0.0110988
54,434.954,13.1731,6,2,0.0654297,0,0.0111142
55,434.476,14.2697,7,2,0.0771484,0,0.0113237
56,435.127,14.7736,7,2,0.0820312,0,0.0111
57,1823.71,14.0106,7,4,0.0566406,0,0.0110241
58,435.149,15.9202,7,2,0.0888672,0,0.0113421
59,435.117,15.1646,7,2,0.0751953,0,0.0111866
60,435.053,14.6248,7,2,0.0751953,0,0.0111339
61,1008.92,15.4041,7,3,0.0732422,0,0.0111975
62,111.937,14.6969,7,1,0.0820312,0,0.0112069
63,435.127,15.1854,7,2,0.0761719,0,0.0112708
64,435.127,15.7189,7,2,0.0810547,0,0.0111812
65,435.053,14.5513,7,2,0.0722656,0,0.0112562
66,435.127,14.8908,7,2,0.0751953,0,0.0111552
67,435.127,16.2765,7,2,0.0869141,0,0.0113464
68,435.151,16.0845,7,2,0.0878906,0,0.0112624
69,435.151,14.9203,7,2,0.0683594,0,0.0113711
70,435.127,16.8458,8,2,0.0917969,0,0.0114261
71,435.127,17.7112,8,2,0.0957031,0,0.0113895
72,435.127,17.3426,8,2,0.0917969,0,0.0115642
73,435.149,17.9478,7,2,0.0927734,0,0.0113818
74,435.149,16.7842,8,2,0.0869141,0,0.0115242
75,435.117,16.879,8,2,0.0947266,0,0.0114865
76,1008.92,18.2664,8,3,0.0957031,0,0.011652
77,435.151,18.0455,8,2,0.100586,0,0.011465
78,1011.78,18.898,8,3,0.0996094,0,0.0114356
79,1009.59,20.1038,8,3,0.116211,0,0.0114726
80,435.151,19.1861,8,2,0.103516,0,0.0115694
81,435.151,17.1171,8,2,0.0908203,0,0.0115927
82,435.149,19.1266,8,2,0.106445,0,0.0116558
83,435.127,17.6038,8,2,0.0986328,0,0.0116431
84,435.053,17.2959,8,2,0.0957031,0,0.0116216
85,435.117,19.4288,8,2,0.108398,0,0.0117
86,435.151,16.5838,8,2,0.0820312,0,0.0117317
87,1011.31,16.4546,8,3,0.0800781,0,0.0115849
88,435.127,15.7891,8,2,0.0771484,0,0.0117864
89,435.149,19.4564,8,2,0.109375,0,0.0120216
90,435.151,17.0334,8,2,0.0888672,0,0.0116851
91,435.151,16.4747,8,2,0.078125,0,0.0115456
92,435.149,17.0419,8,2,0.0878906,0,0.0117532
93,435.151,18.8205,8,2,0.103516,0,0.011896
94,435.053,15.826,8,2,0.0751953,0,0.0119204
95,435.149,19.3385,8,2,0.113281,0,0.0119322
96,435.151,18.6416,8,2,0.103516,0,0.0119667
97,435.151,20.6685,8,2,0.108398,0,0.0119848
98,435.149,20.151,8,2,0.112305,0,0.0119111
99,1008.92,19.2504,8,3,0.101562,0,0.0120251
100,435.151,20.6631,9,2,0.113281,0,0.0120783
101,435.149,20.3996,9,2,0.114258,0,0.0121229
102,435.149,20.1592,9,2,0.117188,0,0.012117
103,435.151,21.7916,9,2,0.121094,0,0.0122156
104,435.149,19.0944,8,2,0.100586,0,0.0121701
105,435.151,21.8244,9,2,0.117188,0,0.0124223
106,1011.31,22.5543,9,3,0.121094,0,0.0122183
107,435.053,19.0041,9,2,0.104492,0,0.0121121
108,435.151,20.8633,9,2,0.112305,0,0.0121452
109,435.053,20.162,9,2,0.120117,0,0.0120038
110,1008.92,24.4591,9,3,0.139648,0,0.0120916
111,435.127,20.404,9,2,0.113281,0,0.0121861
112,435.151,24.0385,9,2,0.132812,0,0.0122708
113,1009.59,22.4803,9,3,0.123047,0,0.0121913
114,435.127,23.2511,9,2,0.141602,0,0.0122083
115,1009.59,23.6909,9,3,0.138672,0,0.0122718
116,435.151,24.0007,9,2,0.135742,0,0.0123959
117,435.151,23.5874,9,2,0.138672,0,0.0124106
118,435.151,24.364,9,2,0.140625,0,0.0121321
119,435.149,25.2027,9,2,0.150391,0,0.0123622
120,435.149,28.3529,9,2,0.163086,0,0.0124458
121,435.151,24.6136,9,2,0.146484,0,0.0125721
122,1008.21,28.1317,9,3,0.164062,0,0.0123976
123,435.151,25.1875,9,2,0.149414,0,0.0124799
124,435.151,23.7972,9,2,0.143555,0,0.012433
125,435.151,25.1863,9,2,0.148438,0,0.0124353
126,1008.92,27.1724,9,3,0.164062,0,0.0127853
127,1008.92,30.5893,9,3,0.186523,0,0.0125801
128,435.151,29.7786,9,2,0.178711,0,0.0125617
129,1011.31,25.6737,9,3,0.145508,0,0.0126303
130,1010.21,30.1833,9,3,0.179688,0,0.012595
131,1008.92,28.6522,9,3,0.171875,0,0.0125696
132,435.149,26.5628,9,2,0.158203,0,0.012709
133,1006.68,29.874,9,3,0.175781,0,0.0126593
134,435.151,33.5655,9,2,0.210938,0,0.0127075
135,435.151,27.8951,9,2,0.170898,0,0.0125667
136,435.151,29.4789,9,2,0.185547,0,0.0125305
137,1009.59,28.3864,9,3,0.171875,0,0.0126448
138,1008.92,30.7185,9,3,0.181641,0,0.0125419
139,435.151,29.4082,9,2,0.172852,0,0.0126793
140,435.149,31.621,9,2,0.200195,0,0.0127529
141,1009.59,33.0691,9,3,0.198242,0,0.0125831
142,1010.79,33.8415,9,3,0.199219,0,0.0128785
143,1010.21,31.2482,9,3,0.1875,0,0.0127621
144,1007.46,31.2446,9,3,0.196289,0,0.0128491
145,435.151,31.191,9,2,0.196289,0,0.012806
146,1009.59,36.2383,9,3,0.21875,0,0.0127
147,1011.31,34.2051,9,3,0.217773,0,0.0127728
148,1011.31,34.0463,9,3,0.206055,0,0.012744
149,1008.92,32.992,9,3,0.205078,0,0.0128076
150,1011.78,34.0017,9,3,0.216797,0,0.0129327
151,1008.92,32.78,10,3,0.206055,0,0.0129186
152,435.151,32.9884,9,2,0.21875,0,0.0128235
153,435.151,30.9195,9,2,0.192383,0,0.0128947
154,1008.92,36.8907,9,3,0.24707,0,0.0128631
155,1010.79,32.5278,9,3,0.209961,0,0.0127671
156,435.151,34.6833,9,2,0.226562,0,0.012817
157,435.151,33.7871,9,2,0.206055,0,0.0127493
158,1008.92,39.8403,9,3,0.239258,0,0.0129225
159,1843.9,38.1736,9,4,0.229492,0,0.0129074
160,1009.59,38.2678,9,3,0.238281,0,0.0128476
161,435.151,39.7485,9,2,0.256836,0,0.0129745
162,1010.79,33.6107,9,3,0.208984,0,0.0129606
163,1011.31,36.3342,10,3,0.224609,0,0.0127972
164,1011.31,38.2523,10,3,0.233398,0,0.0130178
165,435.151,38.5076,10,2,0.24707,0,0.01298
166,1008.92,37.0261,9,3,0.235352,0,0.0127483
167,1008.92,40.2227,9,3,0.249023,0,0.0130565
168,1008.92,36.6501,9,3,0.22168,0,0.0131022
169,435.151,37.4673,9,2,0.239258,0,0.0133222
170,1010.21,39.3613,10,3,0.250977,0,0.0130647
171,1008.92,40.5181,10,3,0.256836,0,0.0131894
172,1009.59,38.7447,9,3,0.246094,0,0.0130009
173,1004.1,39.0939,9,3,0.249023,0,0.0129937
174,1008.92,39.5727,9,3,0.24707,0,0.0128466
175,435.149,36.1277,9,2,0.242188,0,0.012998
176,435.151,39.1598,10,2,0.264648,0,0.0130727
177,1846.55,38.1303,9,4,0.242188,0,0.0129079
178,1011.31,36.5654,9,3,0.230469,0,0.0129565
179,435.151,37.5075,10,2,0.246094,0,0.0130601
180,435.149,34.1037,10,2,0.225586,0,0.0130243
181,435.151,38.5185,10,2,0.246094,0,0.0131848
182,1002.23,37.9316,10,3,0.233398,0,0.0130488
183,1009.59,37.655,9,3,0.233398,0,0.0129026
184,435.151,38.0843,10,2,0.255859,0,0.0131116
185,435.151,41.5394,10,2,0.257812,0,0.0131414
186,1008.92,39.6731,10,3,0.246094,0,0.0129281
187,435.151,38.0252,10,2,0.249023,0,0.0129339
188,1008.92,45.2824,11,3,0.28418,0,0.0132438
189,1843.9,45.0857,11,4,0.275391,0,0.0131079
190,1008.92,40.0775,9,3,0.25,0,0.01301
191,1011.78,47.7066,11,3,0.301758,0,0.0130961
192,1843.9,43.2762,10,4,0.257812,0,0.0130368
193,1008.92,40.2787,10,3,0.262695,0,0.0131137
194,1008.92,41.0462,11,3,0.258789,0,0.0131668
195,1008.92,42.0559,9,3,0.268555,0,0.0130632
196,435.151,41.5176,11,2,0.274414,0,0.0133227
197,1010.21,40.3283,10,3,0.254883,0,0.0131319
198,1008.92,44.1015,11,3,0.286133,0,0.0132277
199,1008.92,41.3222,10,3,0.276367,0,0.0131913
200,1011.78,43.3591,11,3,0.283203,0,0.0132682
201,435.151,41.6573,10,2,0.274414,0,0.0132584
202,1008.92,44.8214,10,3,0.282227,0,0.0130524
203,1847.77,45.1056,11,4,0.283203,0,0.0131664
204,1008.92,44.0669,10,3,0.267578,0,0.0131723
205,1008.92,41.3093,11,3,0.254883,0,0.0133028
206,1843.9,44.9002,11,4,0.277344,0,0.013266
207,1011.31,44.7264,11,3,0.286133,0,0.0133886
208,1009.59,48.073,11,3,0.307617,0,0.0132994
209,1008.92,43.4564,11,3,0.273438,0,0.0132809
210,1011.31,43.3327,10,3,0.271484,0,0.0132312
211,1008.92,45.0451,11,3,0.302734,0,0.0134101
212,1008.92,47.9139,11,3,0.308594,0,0.0132882
213,1008.92,46.4267,11,3,0.291992,0,0.013431
214,1011.78,46.1368,11,3,0.291016,0,0.0133459
215,1011.31,45.7936,11,3,0.301758,0,0.0131554
216,1011.31,44.7823,11,3,0.290039,0,0.0132574
217,435.151,41.8145,11,2,0.28418,0,0.0132898
218,1008.92,46.1282,11,3,0.304688,0,0.0131707
219,1011.31,45.6896,11,3,0.291016,0,0.0133222
220,1008.92,44.1939,11,3,0.290039,0,0.0133771
221,435.151,45.9244,11,2,0.291016,0,0.0133556
222,435.149,47.505,11,2,0.301758,0,0.0132863
223,1008.92,44.4892,11,3,0.28418,0,0.0132685
224,1004.1,41.7796,11,3,0.277344,0,0.0134226
225,1009.59,45.1927,11,3,0.280273,0,0.0134053
226,1010.21,45.8906,11,3,0.294922,0,0.0133868
227,1009.59,47.6229,11,3,0.301758,0,0.0133705
228,435.151,39.8118,11,2,0.267578,0,0.0133692
229,1010.21,45.7999,11,3,0.307617,0,0.0134274
230,435.151,45.0068,12,2,0.302734,0,0.013364
231,1008.92,44.4485,11,3,0.290039,0,0.0133258
232,1011.31,47.2742,11,3,0.304688,0,0.0133477
233,1008.92,44.7886,11,3,0.294922,0,0.0134005
234,1008.92,44.3505,11,3,0.288086,0,0.0133407
235,1011.31,45.4224,11,3,0.283203,0,0.0134877
236,1009.59,47.8481,11,3,0.318359,0,0.0134344
237,435.149,45.3823,11,2,0.302734,0,0.0134528
238,1008.92,47.1221,11,3,0.303711,0,0.0132811
239,1011.31,42.8745,11,3,0.271484,0,0.0135221
240,1008.92,45.9109,12,3,0.301758,0,0.0135585
241,435.151,46.7247,12,2,0.302734,0,0.0134808
242,435.151,46.2847,12,2,0.305664,0,0.0134421
243,1008.92,46.4361,12,3,0.302734,0,0.01352
244,1009.59,44.3158,12,3,0.293945,0,0.0134451
245,1008.92,49.9313,12,3,0.316406,0,0.0134791
246,1008.92,48.0977,12,3,0.306641,0,0.0134199
247,1011.78,48.1851,12,3,0.303711,0,0.0135639
248,1008.92,48.9973,13,3,0.326172,0,0.0136228
249,1008.92,47.5835,12,3,0.304688,0,0.0135835
250,1011.31,43.6616,11,3,0.273438,0,0.0133663
251,1008.92,50.4353,13,3,0.329102,0,0.0135251
252,1008.92,48.9842,12,3,0.31543,0,0.013516
253,1008.92,46.5172,12,3,0.303711,0,0.0135485
254,1843.9,54.0399,13,4,0.333984,0,0.0135867
255,1008.92,49.218,13,3,0.324219,0,0.0135198
256,1843.9,47.3008,13,4,0.308594,0,0.0135741
257,435.151,44.7678,12,2,0.291016,0,0.0134262
258,1008.92,48.932,13,3,0.303711,0,0.0137602
259,435.151,49.8229,13,2,0.338867,0,0.0136533
260,1010.79,46.7284,12,3,0.302734,0,0.013534
261,1842.49,51.3926,13,4,0.324219,0,0.0136084
262,1011.31,46.4338,13,3,0.314453,0,0.013566
263,1011.31,47.0376,13,3,0.308594,0,0.0135862
264,1008.92,50.892,13,3,0.334961,0,0.0135565
265,1008.92,49.2171,12,3,0.324219,0,0.0135822
266,435.151,47.3806,12,2,0.306641,0,0.0135413
267,1008.92,45.7829,13,3,0.305664,0,0.0137499
268,1847.77,54.81,13,4,0.348633,0,0.0136507
269,1009.59,49.1241,13,3,0.311523,0,0.0135974
270,1009.59,50.0285,12,3,0.321289,0,0.0134997
271,435.149,46.4415,12,2,0.302734,0,0.0134308
272,435.151,42.7575,12,2,0.290039,0,0.0135456
273,1008.92,52.1342,13,3,0.325195,0,0.0134612
274,1008.92,49.1648,12,3,0.311523,0,0.013414
275,435.151,48.3319,13,2,0.303711,0,0.0135414
276,1008.92,44.9671,12,3,0.296875,0,0.0135971
277,435.151,46.7571,13,2,0.303711,0,0.0135627
278,1009.59,51.7434,13,3,0.333984,0,0.0135767
279,1008.92,48.6029,12,3,0.339844,0,0.0134252
280,435.151,44.4382,13,2,0.292969,0,0.0135804
281,1009.59,47.6677,13,3,0.310547,0,0.0135185
282,1009.59,50.5848,12,3,0.333008,0,0.0134895
283,1008.92,48.6922,13,3,0.323242,0,0.0135563
284,1008.92,46.4523,12,3,0.305664,0,0.0133979
285,1009.59,50.2516,13,3,0.322266,0,0.0136053
286,1011.31,49.1159,13,3,0.311523,0,0.0135537
287,435.151,45.4068,13,2,0.302734,0,0.0136036
288,435.151,45.879,12,2,0.317383,0,0.0134695
289,435.151,46.3994,13,2,0.310547,0,0.0135458
290,1008.92,46.3073,13,3,0.306641,0,0.0137123
291,1011.31,55.0352,13,3,0.348633,0,0.0136028
292,1011.31,48.0679,13,3,0.314453,0,0.0135727
293,1009.59,49.9377,13,3,0.330078,0,0.0134889
294,1008.92,49.3997,13,3,0.333008,0,0.0135773
295,1008.92,48.4086,12,3,0.296875,0,0.0135696
296,1008.92,51.1953,13,3,0.34082,0,0.0136931
297,1008.92,52.5248,13,3,0.329102,0,0.0136471
298,1011.31,48.9067,13,3,0.321289,0,0.0137291
299,1843.9,58.4791,13,4,0.364258,0,0.0136468
300,1011.31,52.7053,13,3,0.332031,0,0.0136986
301,1008.92,46.8608,13,3,0.303711,0,0.0136529
302,1008.92,52.4961,13,3,0.348633,0,0.0137226
303,1011.31,49.6817,13,3,0.321289,0,0.0136435
304,1011.31,53.2922,13,3,0.334961,0,0.0136399
305,1011.31,48.4759,13,3,0.323242,0,0.0135677
306,1843.9,58.1806,13,4,0.349609,0,0.0137947
307,1011.31,45.8078,13,3,0.300781,0,0.0135945
308,1008.92,52.6624,13,3,0.34668,0,0.0137893
309,1008.92,50.5056,13,3,0.327148,0,0.0137006
310,1843.9,53.8537,13,4,0.333984,0,0.0134923
311,1008.92,51.7494,13,3,0.34082,0,0.0137753
312,1012.18,51.8378,13,3,0.333984,0,0.013641
313,1009.59,51.9086,13,3,0.336914,0,0.0136372
314,1011.31,51.9222,13,3,0.342773,0,0.0135713
315,435.151,47.2977,13,2,0.316406,0,0.0134892
316,1011.31,49.5462,13,3,0.323242,0,0.0134949
317,1008.92,42.8059,11,3,0.275391,0,0.0135155
318,1009.59,49.117,13,3,0.317383,0,0.013552
319,1011.31,50.5641,13,3,0.342773,0,0.0137037
320,1011.31,48.7473,13,3,0.329102,0,0.013644
321,1008.92,50.4522,13,3,0.325195,0,0.013594
322,1848.92,47.3315,13,4,0.311523,0,0.013493
323,1008.92,52.1398,13,3,0.335938,0,0.0137015
324,1008.92,48.0292,13,3,0.313477,0,0.0136334
325,1011.31,53.9031,13,3,0.352539,0,0.0136534
326,1011.31,49.206,13,3,0.319336,0,0.0135865
327,1009.59,50.3144,13,3,0.325195,0,0.0136059
328,1011.31,46.9843,13,3,0.30957,0,0.0136032
329,1011.31,56.8936,13,3,0.363281,0,0.0137029
330,435.151,49.1212,13,2,0.326172,0,0.0136511
331,1008.92,46.6575,13,3,0.305664,0,0.0137168
332,1011.31,49.9507,13,3,0.321289,0,0.0135884
333,1843.9,52.7633,13,4,0.338867,0,0.0135985
334,1843.9,56.8477,13,4,0.357422,0,0.0135826
335,1843.9,56.3268,13,4,0.361328,0,0.0136853
336,1008.92,50.4532,13,3,0.322266,0,0.0137416
337,1008.92,51.1307,13,3,0.333984,0,0.0135685
338,435.151,46.5907,13,2,0.314453,0,0.0136703
339,435.151,51.5895,13,2,0.342773,0,0.0134559
340,435.151,55.3106,13,2,0.364258,0,0.0135562
341,1008.92,48.5906,13,3,0.318359,0,0.0135678
342,1011.31,56.5305,13,3,0.375,0,0.0137943
343,1843.9,49.4071,13,4,0.317383,0,0.0137181
344,1841.02,55.6216,13,4,0.351562,0,0.0137731
345,1011.31,54.632,13,3,0.350586,0,0.0136312
346,1008.92,49.0507,13,3,0.329102,0,0.0137819
347,1007.46,50.2154,13,3,0.344727,0,0.0136414
348,1009.59,53.2396,13,3,0.335938,0,0.013675
349,435.151,48.5787,13,2,0.316406,0,0.0136566
350,435.151,48.6901,13,2,0.325195,0,0.0138244
351,1845.26,58.6769,13,4,0.373047,0,0.0136852
352,1009.59,44.2873,13,3,0.298828,0,0.0137213
353,1011.31,52.6053,13,3,0.342773,0,0.0138781
354,435.151,48.3455,13,2,0.322266,0,0.0138224
355,1008.92,52.3433,13,3,0.353516,0,0.0137407
356,1010.21,52.6173,13,3,0.334961,0,0.0136407
357,1011.31,53.3935,13,3,0.333984,0,0.0136451
358,1008.92,49.6393,13,3,0.330078,0,0.0136375
359,1008.92,50.9131,13,3,0.329102,0,0.0135625
360,435.151,47.096,13,2,0.331055,0,0.0136889
361,1848.92,55.943,13,4,0.351562,0,0.0137429
362,1008.92,49.7655,13,3,0.319336,0,0.0137083
363,1008.92,48.0788,12,3,0.313477,0,0.0136584
364,1008.92,52.9035,13,3,0.339844,0,0.0135762
365,1011.31,52.3965,13,3,0.331055,0,0.0136398
366,435.151,50.5383,13,2,0.333984,0,0.0137914
367,1009.59,51.2474,12,3,0.328125,0,0.0136225
368,1008.92,47.5043,13,3,0.308594,0,0.0136726
369,1008.92,47.552,13,3,0.30957,0,0.0137023
370,1010.21,49.7154,13,3,0.321289,0,0.0138372
371,1008.92,54.2364,13,3,0.361328,0,0.0138048
372,1009.59,52.6079,13,3,0.337891,0,0.0138135
373,1010.21,53.6887,13,3,0.34668,0,0.0137386
374,435.151,52.7476,13,2,0.334961,0,0.0137963
375,1008.92,49.5978,13,3,0.328125,0,0.0137144
376,1008.92,51.4555,13,3,0.330078,0,0.0136099
377,435.151,50.5928,13,2,0.330078,0,0.0136905
378,1011.31,49.7642,13,3,0.339844,0,0.0136675
379,1011.31,52.9199,13,3,0.348633,0,0.013849
380,1008.92,52.1981,13,3,0.345703,0,0.0138106
381,1008.92,49.3791,13,3,0.330078,0,0.013781
382,435.151,46.7989,13,2,0.313477,0,0.0137428
383,1011.31,51.157,13,3,0.336914,0,0.0138488
384,1008.92,48.7522,13,3,0.324219,0,0.0137034
385,1008.92,54.2118,13,3,0.364258,0,0.0137579
386,1011.31,47.4456,12,3,0.303711,0,0.0133688
387,1008.92,54.0618,13,3,0.349609,0,0.0136576
388,1843.9,52.0022,13,4,0.335938,0,0.0137055
389,435.151,48.0248,13,2,0.316406,0,0.01376
390,1011.31,51.2422,13,3,0.320312,0,0.0136696
391,1011.31,50.0402,13,3,0.337891,0,0.0136973
392,1008.92,49.5754,13,3,0.314453,0,0.0137639
393,435.151,52.4584,13,2,0.342773,0,0.0136353
394,1011.31,46.6839,13,3,0.307617,0,0.0137129
395,1008.92,49.3545,12,3,0.317383,0,0.0136362
396,1008.92,47.5216,13,3,0.321289,0,0.0138053
397,1011.31,52.639,13,3,0.341797,0,0.0136662
398,435.151,50.4173,13,2,0.328125,0,0.0138298
399,1011.31,54.0425,13,3,0.347656,0,0.0135756
400,1008.92,47.9099,13,3,0.311523,0,0.0136903
401,1011.31,50.6263,13,3,0.339844,0,0.0137914
402,1011.31,51.0708,13,3,0.337891,0,0.0136508
403,1843.9,49.5337,13,4,0.321289,0,0.0138374
404,1845.26,52.5475,13,4,0.34082,0,0.0136998
405,1008.92,46.2791,13,3,0.313477,0,0.0138366
406,1011.31,50.4901,13,3,0.325195,0,0.0137282
407,1008.92,57.0571,13,3,0.350586,0,0.0138069
408,435.151,45.1886,13,2,0.290039,0,0.0137828
409,435.151,49.8768,13,2,0.326172,0,0.013874
410,1008.92,50.8649,13,3,0.329102,0,0.0137927
411,1008.92,49.3144,13,3,0.327148,0,0.0135119
412,1008.92,50.3416,13,3,0.326172,0,0.0137696
413,1843.9,52.959,13,4,0.339844,0,0.0137307
414,1010.79,51.5729,13,3,0.333008,0,0.0138144
415,1008.92,49.9415,13,3,0.316406,0,0.0136474
416,435.151,46.4135,13,2,0.304688,0,0.0137504
417,1008.92,47.2364,13,3,0.316406,0,0.0137256
418,1011.31,49.6147,13,3,0.324219,0,0.0136582
419,1009.59,49.7908,13,3,0.331055,0,0.0139341
420,1009.59,52.6019,13,3,0.34375,0,0.0136755
421,1008.92,51.1127,13,3,0.328125,0,0.0136548
422,1848.92,50.6164,13,4,0.322266,0,0.0138955
423,1009.59,53.3496,13,3,0.354492,0,0.0137332
424,1011.31,52.1762,13,3,0.336914,0,0.0137265
425,1011.31,52.9207,13,3,0.335938,0,0.0137365
426,1008.92,50.6331,13,3,0.327148,0,0.0137834
427,435.127,46.3333,13,2,0.321289,0,0.0136208
428,1011.31,51.0915,13,3,0.334961,0,0.0136116
429,1843.9,52.9782,13,4,0.333984,0,0.0137774
430,1008.92,49.8259,13,3,0.339844,0,0.0137046
431,435.151,49.0021,13,2,0.331055,0,0.0138094
432,1008.92,50.3034,13,3,0.330078,0,0.0138351
433,435.151,49.709,13,2,0.329102,0,0.0138246
434,1843.9,50.8036,13,4,0.326172,0,0.0139739
435,1004.1,51.9066,13,3,0.335938,0,0.0138226
436,1008.92,49.2124,13,3,0.316406,0,0.0137876
437,1010.79,46.2091,13,3,0.299805,0,0.0137498
438,1011.31,49.8442,13,3,0.331055,0,0.013682
439,1008.92,47.5434,13,3,0.302734,0,0.0137396
440,1012.18,49.9356,13,3,0.319336,0,0.0137608
441,1010.21,50.1983,13,3,0.333984,0,0.0136888
442,435.151,47.1332,13,2,0.310547,0,0.0136665
443,1008.92,52.4245,13,3,0.34668,0,0.0135474
444,1009.59,51.8161,13,3,0.333984,0,0.0137047
445,1008.92,52.7785,13,3,0.341797,0,0.0137605
446,1009.59,54.1264,13,3,0.328125,0,0.0136904
447,1009.59,50.0959,13,3,0.333008,0,0.0137323
448,1009.59,50.8579,13,3,0.326172,0,0.0139201
449,1008.92,52.4913,13,3,0.345703,0,0.0140922
450,1843.9,50.3277,13,4,0.31543,0,0.0140071
451,1008.92,51.9814,13,3,0.34082,0,0.0139941
452,1011.31,50.746,13,3,0.335938,0,0.0141872
453,435.149,45.3944,13,2,0.296875,0,0.0141251
454,1008.92,50.9811,13,3,0.328125,0,0.0141727
455,1008.92,48.3959,13,3,0.314453,0,0.0140713
456,1009.59,48.1625,13,3,0.301758,0,0.0137241
457,435.151,49.2128,13,2,0.325195,0,0.0138946
458,1008.92,50.2111,13,3,0.334961,0,0.0137706
459,435.149,49.4215,13,2,0.325195,0,0.0138823
460,1008.92,49.9034,13,3,0.319336,0,0.0138933
461,1008.92,50.3189,13,3,0.327148,0,0.0137389
462,1009.59,49.0413,13,3,0.307617,0,0.0138456
463,1008.92,48.5434,13,3,0.31543,0,0.0139724
464,1008.92,50.641,13,3,0.335938,0,0.0138955
465,1011.31,52.3475,13,3,0.333008,0,0.0138747
466,435.151,52.3782,13,2,0.338867,0,0.0137224
467,1009.59,49.0005,13,3,0.314453,0,0.0136251
468,1008.92,50.3658,13,3,0.324219,0,0.0137845
469,1011.31,53.2646,13,3,0.337891,0,0.0140565
470,1010.21,51.2025,13,3,0.326172,0,0.0138545
471,1011.31,48.414,13,3,0.311523,0,0.0136961
472,1008.92,47.1721,13,3,0.304688,0,0.0138373
473,1843.9,51.3394,13,4,0.335938,0,0.0138749
474,1008.92,48.2538,13,3,0.307617,0,0.0138856
475,1008.92,46.5413,13,3,0.296875,0,0.0140624
476,1008.92,52.3106,13,3,0.34082,0,0.0139005
477,435.151,51.4109,13,2,0.335938,0,0.0138162
478,1843.9,50.0483,13,4,0.324219,0,0.0139904
479,1011.31,51.7757,13,3,0.322266,0,0.0139211
480,1008.92,46.8328,13,3,0.293945,0,0.0139371
481,1008.92,51.1923,13,3,0.311523,0,0.0140437
482,435.149,44.465,13,2,0.290039,0,0.01402
483,1008.92,51.5337,13,3,0.333008,0,0.0138759
484,1008.92,50.4463,13,3,0.320312,0,0.0137807
485,1008.92,44.1854,13,3,0.289062,0,0.0138204
486,1009.59,48.1347,13,3,0.303711,0,0.0138495
487,1011.31,50.9844,13,3,0.319336,0,0.013892
488,1008.92,52.075,13,3,0.338867,0,0.0139497
489,1009.59,46.5069,13,3,0.292969,0,0.013849
490,1832.91,48.1536,13,4,0.302734,0,0.0137642
491,1008.92,44.5093,13,3,0.293945,0,0.0139074
492,1008.92,49.2945,13,3,0.30957,0,0.0138768
493,1010.79,53.965,13,3,0.339844,0,0.0138641
494,1008.92,44.7457,12,3,0.287109,0,0.0137457
495,435.151,49.2974,13,2,0.324219,0,0.013811
496,1008.92,47.5606,13,3,0.320312,0,0.0140842
497,1008.92,44.4385,13,3,0.28125,0,0.0139856
498,1012.18,51.5318,13,3,0.325195,0,0.0139326
499,435.151,49.0564,13,2,0.332031,0,0.0137565
500,1008.92,50.858,13,3,0.332031,0,0.0138046
501,435.149,47.5994,12,2,0.307617,0,0.0137783
502,1001.24,42.2286,12,3,0.270508,0,0.0138562
503,1846.55,50.5428,13,4,0.3125,0,0.0137898
504,1008.92,44.2003,13,3,0.292969,0,0.0137494
505,1010.21,48.3982,13,3,0.303711,0,0.0138558
506,1008.92,50.3855,13,3,0.319336,0,0.013755
507,1843.9,48.211,13,4,0.304688,0,0.0138622
508,1011.31,47.2867,13,3,0.301758,0,0.0137465
509,1010.21,48.4789,13,3,0.313477,0,0.0138848
510,1843.9,56.5728,13,4,0.337891,0,0.0137446
511,1008.92,44.1567,13,3,0.280273,0,0.0138247
512,435.151,44.4303,13,2,0.302734,0,0.013746
513,1843.9,51.0586,13,4,0.305664,0,0.0138403
514,1009.59,45.6024,13,3,0.297852,0,0.0136502
515,1010.79,49.2924,13,3,0.3125,0,0.0139227
516,435.151,50.2136,13,2,0.339844,0,0.0140183
517,1011.31,48.8542,13,3,0.324219,0,0.0140086
518,435.151,47.6507,13,2,0.326172,0,0.0139609
519,1011.78,54.4355,13,3,0.335938,0,0.0138708
520,1011.31,51.4591,13,3,0.320312,0,0.0138421
521,1008.92,47.4208,13,3,0.304688,0,0.0139535
522,435.151,44.238,13,2,0.283203,0,0.0138638
523,1009.59,52.0753,13,3,0.332031,0,0.0138185
524,1008.92,49.2055,13,3,0.311523,0,0.0137673
525,1008.92,48.5854,13,3,0.319336,0,0.0137659
526,1011.78,52.0398,13,3,0.330078,0,0.0138944
527,1843.9,49.8457,13,4,0.301758,0,0.0137367
528,1011.31,52.7146,13,3,0.34668,0,0.0138347
529,1011.31,52.9801,13,3,0.327148,0,0.0139737
530,435.151,44.3986,13,2,0.293945,0,0.0140021
531,1010.21,49.4506,12,3,0.3125,0,0.0137652
532,1010.21,48.9362,13,3,0.314453,0,0.0137868
533,1010.21,48.7441,13,3,0.300781,0,0.0138919
534,435.151,48.5627,13,2,0.316406,0,0.0139423
535,1008.92,49.8485,13,3,0.317383,0,0.0138467
536,1010.21,55.4491,13,3,0.352539,0,0.013918
537,435.151,47.8779,13,2,0.324219,0,0.013746
538,1011.78,53.3945,13,3,0.328125,0,0.0142365
539,435.151,47.514,13,2,0.31543,0,0.0139521
540,1008.92,50.6267,13,3,0.313477,0,0.0139393
541,1006.68,49.4427,13,3,0.318359,0,0.013925
542,1843.9,53.2779,13,4,0.325195,0,0.0139645
543,1008.92,53.2145,13,3,0.329102,0,0.0140904
544,1010.21,54.343,13,3,0.347656,0,0.0141087
545,1008.92,49.316,13,3,0.311523,0,0.0139674
546,1008.92,52.0604,13,3,0.322266,0,0.0139754
547,1008.92,47.8377,13,3,0.307617,0,0.0139759
548,1009.59,54.7315,13,3,0.337891,0,0.0140228
549,1011.78,49.421,13,3,0.319336,0,0.013918
550,1011.31,50.5879,13,3,0.325195,0,0.013932
551,435.151,49.4547,13,2,0.319336,0,0.0139615
552,1005.85,47.4408,13,3,0.307617,0,0.0141626
553,1011.31,53.3357,13,3,0.334961,0,0.0142409
554,1011.78,52.4606,13,3,0.342773,0,0.0143883
555,1010.21,49.3752,13,3,0.318359,0,0.014035
556,1008.92,45.5309,13,3,0.295898,0,0.0142798
557,435.127,44.5601,13,2,0.302734,0,0.0142221
558,1010.79,50.0648,13,3,0.319336,0,0.0143331
559,1843.9,49.8034,13,4,0.307617,0,0.0145776
560,1008.92,56.5969,13,3,0.355469,0,0.014405
561,1009.59,50.533,13,3,0.303711,0,0.0145062
562,1012.18,57.1582,13,3,0.342773,0,0.0148471
563,435.151,55.4161,13,2,0.375,0,0.0147917
564,1011.31,51.5527,13,3,0.316406,0,0.0147067
565,1011.31,59.3326,14,3,0.356445,0,0.0147794
566,1007.46,57.2843,14,3,0.352539,0,0.015143
567,1004.1,54.3328,14,3,0.320312,0,0.0155127
568,1845.26,59.9647,15,4,0.359375,0,0.0156741
569,1011.31,60.9781,15,3,0.362305,0,0.015551
570,1831.15,57.558,15,4,0.357422,0,0.0155042
571,1831.15,54.7673,15,4,0.337891,0,0.0156829
572,1010.21,62.2994,15,3,0.375977,0,0.0157686
573,1011.78,62.4136,16,3,0.388672,0,0.0157431
574,1008.92,53.7766,15,3,0.326172,0,0.0160571
575,1002.23,58.7223,16,3,0.365234,0,0.0162249
576,1004.1,61.0566,16,3,0.361328,0,0.0165155
577,1005.85,61.1316,17,3,0.366211,0,0.0164937
578,1008.92,59.2151,17,3,0.359375,0,0.0166737
579,1823.71,63.5826,17,4,0.361328,0,0.0163097
580,1002.23,61.6332,17,3,0.380859,0,0.0166365
581,1841.02,59.1499,17,4,0.336914,0,0.0170013
582,1008.92,65.1276,17,3,0.390625,0,0.0170096
583,1005.85,62.4859,17,3,0.371094,0,0.0172109
584,1004.99,63.4006,17,3,0.373047,0,0.0171035
585,1007.46,61.854,17,3,0.358398,0,0.0169544
586,1011.78,61.9934,17,3,0.37793,0,0.0173607
587,1011.31,67.9287,17,3,0.399414,0,0.0174496
588,435.151,61.7819,17,2,0.380859,0,0.0176594
589,1823.71,66.3938,17,4,0.387695,0,0.017932
590,1005.85,71.4657,17,3,0.40918,0,0.0177719
591,1819.76,64.4969,17,4,0.366211,0,0.0177307
592,2884.52,70.3904,17,5,0.392578,0,0.0179053
593,1008.92,67.5487,17,3,0.387695,0,0.0176451
594,1823.71,75.9038,18,4,0.438477,0,0.0178223
595,1010.79,69.9102,17,3,0.389648,0,0.0178537
596,1006.68,64.4533,17,3,0.374023,0,0.0179434
597,1821.75,70.4955,19,4,0.387695,0,0.0187068
598,1807.12,70.5448,18,4,0.397461,0,0.0182491
599,1783.71,70.384,18,4,0.395508,0,0.0186902
600,1811.47,72.0866,19,4,0.391602,0,0.0193437
601,1827.51,70.2896,19,4,0.374023,0,0.0198505
602,1837.92,69.7562,17,4,0.356445,0,0.0205113
603,2718.6,74.1992,20,5,0.392578,0,0.0206505
604,1009.59,71.7105,19,3,0.364258,0,0.0222273
605,1004.1,66.5014,19,3,0.342773,0,0.0233284
606,1837.92,71.1792,21,4,0.326172,0,0.0241223
607,1836.29,75.6344,20,4,0.344727,0,0.023848
608,1773.62,72.0365,22,4,0.331055,0,0.0260706
609,1006.68,74.6289,25,3,0.333008,0,0.0272145
610,1823.71,76.9375,35,4,0.331055,0,0.0279891
611,1815.68,80.3758,101,4,0.325195,0,0.0305549
612,1003.18,77.8033,101,3,0.311523,0,0.0306825
613,1009.59,82.0335,101,3,0.320312,0,0.032068
614,1000.23,77.7403,101,3,0.291992,0,0.0324538
615,1006.68,81.2989,101,3,0.289062,0,0.034596
616,1008.92,79.3291,101,3,0.262695,0,0.0350314
617,2915.92,84.5672,101,5,0.27832,0,0.0356377
618,1009.59,83.0987,101,3,0.289062,0,0.0365673
619,1829.35,80.7903,101,4,0.255859,0,0.0362327
620,1791.02,85.2262,101,4,0.27832,0,0.037733
621,1001.24,84.5981,101,3,0.28125,0,0.036632
622,1009.59,87.2129,101,3,0.301758,0,0.0369926
623,1788.61,89.4932,101,4,0.292969,0,0.0384315
624,1001.24,82.022,101,3,0.249023,0,0.0387465
625,999.194,84.4861,101,3,0.25,0,0.0395088
626,1831.15,82.553,101,4,0.235352,0,0.0390865
627,1005.85,87.3801,101,3,0.256836,0,0.0403114
628,997.036,89.7458,101,3,0.266602,0,0.0406779
629,1011.31,85.4109,101,3,0.248047,0,0.0402443
630,1009.59,85.2861,101,3,0.265625,0,0.0394734
631,1793.4,92.333,101,4,0.270508,0,0.0405968
632,1000.23,86.316,101,3,0.248047,0,0.0408534
633,993.611,90.3666,101,3,0.287109,0,0.0395204
634,1005.85,87.8953,101,3,0.272461,0,0.0388015
635,1837.92,86.2179,101,4,0.257812,0,0.040276
636,1007.46,87.1568,101,3,0.250977,0,0.040923
637,1004.99,89.4977,101,3,0.240234,0,0.0428747
638,1005.85,88.1827,101,3,0.24707,0,0.0421966
639,993.611,91.6689,101,3,0.258789,0,0.0430071
640,1723.91,93.8336,101,4,0.258789,0,0.0427168
641,1729.75,95.7207,101,4,0.254883,0,0.0444573
642,1827.51,98.8372,101,4,0.279297,0,0.04387
643,1788.61,93.9465,101,4,0.256836,0,0.0433119
644,1449.19,96.2444,101,4,0.272461,0,0.0434585
645,2745.01,91.6619,101,5,0.259766,0,0.0422223
646,2815.31,104.088,101,5,0.316406,0,0.0427542
647,1735.52,94.7585,101,4,0.279297,0,0.0423409
648,2065.64,97.9926,101,5,0.267578,0,0.0433597
649,1778.72,100.03,101,4,0.319336,0,0.0416651
650,1823.71,96.382,101,4,0.291016,0,0.0421162
651,998.128,99.8632,101,3,0.294922,0,0.0432672
652,998.128,96.739,101,3,0.302734,0,0.0420949
653,2845.8,99.8336,101,5,0.326172,0,0.0415892
654,1813.59,102.006,101,4,0.323242,0,0.0420788
655,2766.4,98.9723,101,5,0.316406,0,0.0400498
656,2826.95,110.071,101,5,0.335938,0,0.0418156
657,2826.95,101.53,101,5,0.30957,0,0.0423768
658,1760.49,99.124,101,4,0.337891,0,0.0407525
659,2867.41,103.33,101,5,0.321289,0,0.0412903
660,2770.61,111.641,101,5,0.359375,0,0.0422529
661,1817.74,112.607,101,4,0.382812,0,0.0407463
662,3735.08,115.265,101,6,0.396484,0,0.0405978
663,2909.97,121.687,101,5,0.428711,0,0.040385
664,2826.95,112.199,101,5,0.424805,0,0.0387496
665,2762.17,120.373,101,5,0.450195,0,0.0394239
666,2241.48,125.347,101,5,0.474609,0,0.0384632
667,4274.26,127.376,101,6,0.46582,0,0.0379895
668,2877.78,141.098,101,5,0.536133,0,0.0383901
669,2803.43,137.175,101,5,0.529297,0,0.0377286
670,2783.1,137.992,101,5,0.544922,0,0.0371639
671,5525.6,134.036,101,7,0.493164,0,0.0350214
672,4155.95,142.637,101,6,0.556641,0,0.0373562
673,4206.17,143.443,101,6,0.560547,0,0.0376095
674,6491.28,169.704,101,8,0.632812,0,0.0350232
675,4500.95,155.125,101,7,0.604492,0,0.0363581
676,4150.74,180.26,101,6,0.688477,0,0.035385
677,5556.33,194.118,101,7,0.720703,0,0.0368948
678,4500.95,180.15,101,7,0.71582,0,0.035694
679,4206.17,195.942,101,6,0.740234,0,0.0357569
680,5790.24,221.297,106.306,8,0.829102,1,0.0364393
681,7816.63,214.212,105,8,0.807617,1,0.0355902
682,9696.83,234.788,106.93,9,0.845703,1,0.034937
683,13969.2,248.48,107.538,11,0.883789,1,0.0363062
684,5688.91,267.434,108.709,7,0.943359,1,0.0372115
685,5848.92,296.216,109.829,7,1.00879,1,0.0370042
686,38337.8,327.139,110.371,14,0.996094,1,0.03659
687,9085.59,271.243,109.829,9,0.958984,1,0.0361245
688,7401.46,295.77,111.425,8,1.03223,1,0.03677
689,12113.5,331.197,111.425,10,1.05957,1,0.0374846
690,9850.21,331.206,109.829,9,1.0293,1,0.03597
691,9211.3,325.805,112.44,9,1.09668,1,0.0358088
692,11885.1,379.069,111.937,10,1.15137,1,0.0367564
693,15535.5,394.24,113.897,11,1.21484,1,0.0368825
694,9060.14,404.683,113.897,9,1.20898,1,0.0389921
695,11928.5,449.563,112.934,10,1.28223,1,0.0374894
696,11436.8,435.029,113.419,10,1.27637,1,0.0375302
697,12028.8,455.448,114.828,10,1.30371,1,0.0384198
698,20221,552.521,115.282,12,1.42676,1,0.0401103
699,20674.5,604.351,117.03,12,1.49219,1,0.0405546
700,34707.2,592.439,116.17,14,1.46484,1,0.0410314
701,24559,618.835,118.273,13,1.51953,1,0.0396442
702,12519.4,526.414,116.17,10,1.42871,1,0.0410196
703,12440.7,584.404,117.45,10,1.51172,1,0.0404461
704,18182,584.868,117.45,12,1.49023,1,0.0404998
705,12028.8,564.761,119.071,10,1.55176,1,0.040756
706,11604.1,609.996,118.273,10,1.57031,1,0.0432877
707,27319.8,680.388,117.45,13,1.56445,1,0.042174
708,16112.9,641.255,123.746,11,1.66602,1,0.0434775
709,19127.5,738.207,120.601,12,1.66504,1,0.0434493
710,12252.2,674.08,118.675,10,1.65332,1,0.0426484
711,10555.5,673.44,123.415,10,1.67871,1,0.0440909
712,14503.8,830.606,137.427,11,1.8916,1,0.0448059
713,20762.4,730.811,137.037,12,1.78516,1,0.0429324
714,56464.2,830.093,136.902,15,1.86035,1,0.0445973
715,15387.8,815.706,137.037,11,1.86328,1,0.0449347
716,37355.7,941.298,137.3,14,1.92676,1,0.0440302
717,24900.7,864.542,139.796,13,1.99414,1,0.046103
718,26302.1,910.954,137.037,13,1.98438,1,0.0447036
719,19568.9,847.819,137.796,12,1.93652,1,0.0441518
720,56464.2,1009.71,138.254,15,2.02832,1,0.04431
721,27236.3,1037.04,397.307,13,2.16797,2,0.0457815
722,39924.8,1131.35,364.698,14,2.15918,2,0.0475496
723,26547.1,1051.8,410.814,13,2.19043,2,0.0454496
724,31953.6,1077,339.082,14,2.15723,2,0.0467856
725,16037.9,1062.07,404.719,11,2.19922,2,0.0459493
726,19045.7,1084.32,411.542,12,2.2334,2,0.0468922
727,26788,1028.97,365.751,13,2.14941,2,0.0458171
728,36505.1,1156.56,418.997,14,2.28516,2,0.0476556
729,58349.6,1208.92,412.261,15,2.26465,2,0.0458081
730,37581.5,1210.58,422.032,14,2.33789,2,0.048149
731,95649.7,1261.23,423.179,16,2.35059,2,0.0463197
732,56634.9,1262.83,425.352,15,2.36328,2,0.0461444
733,38783.5,1230.84,425.352,14,2.3916,2,0.0480507
734,20495.9,1210.91,425.869,12,2.39551,2,0.0469184
735,92462.6,1277.2,418.362,16,2.2998,2,0.047302
736,26939.2,1298.32,424.824,13,2.4541,2,0.049342
737,55504.6,1365.33,423.737,15,2.45312,2,0.0477302
738,37279.8,1425.41,428.288,14,2.58008,2,0.0492305
739,56090.3,1239.03,427.827,15,2.41699,2,0.0461753
740,37531.6,1547.73,430.413,14,2.71582,2,0.0507266
741,27748.2,1689.04,432.209,13,2.83594,2,0.0517946
742,35154.1,1605.17,428.288,14,2.67285,2,0.0503998
743,163795,1740.7,427.354,17,2.73828,2,0.0516286
744,27423.4,1621.27,431.532,13,2.7832,2,0.0521419
745,56972.6,1578.19,430.413,15,2.73145,2,0.0520443
746,39478.8,1551.76,431.532,14,2.75879,2,0.0517546
747,95180.2,1776.44,428.288,16,2.76074,2,0.0533364
748,38966.9,1638.94,431.532,14,2.77051,2,0.0524759
749,38170,1596.72,432.526,14,2.81152,2,0.0523996
750,95676.9,1787.93,431.173,16,2.80176,2,0.0529184
751,93876.6,1727.2,430.013,16,2.80469,2,0.0512444
752,38409.1,1695.24,433.114,14,2.88867,2,0.0524576
753,38875.5,1757.65,433.637,14,2.95605,2,0.0519531
754,19086.7,1733.05,434.476,12,2.99805,2,0.0544461
755,162918,1964.46,433.637,17,2.89453,2,0.0539345
756,91468.2,1764.78,429.6,16,2.77148,2,0.0519046
757,57250.2,1995.25,433.637,15,3.09961,2,0.0568162
758,54204.4,1939.64,434.294,15,3.05273,2,0.0553257
759,58811.1,2030.07,435.127,15,3.13672,2,0.0562078
760,162918,2289.07,764.846,17,3.29883,3,0.0580256
761,90677.2,2237.66,888.526,16,3.32227,3,0.0587927
762,94668.9,2197.38,875.798,16,3.26562,3,0.058013
763,38690.9,1943.19,435.053,14,3.12988,2,0.0549687
764,291300,2335.38,802.259,18,3.25684,3,0.058944
765,92431,2212.2,738.964,16,3.22656,3,0.0575844
766,91304.9,2169.15,869.3,16,3.29199,3,0.0582278
767,163214,2554.91,434.954,17,3.31934,2,0.059717
768,89251.4,2359.58,937.341,16,3.4668,3,0.0588277
769,38574.1,2297.26,774.992,14,3.36719,3,0.0578383
770,56972.6,2409.26,912.851,15,3.46094,3,0.060109
771,94926.3,2367.15,833.221,16,3.36914,3,0.0593614
772,297865,2648.21,799.819,18,3.40039,3,0.0589215
773,57277.8,2515.78,935.531,15,3.55859,3,0.0623054
774,57442.4,2328.76,935.531,15,3.44531,3,0.0595498
775,37506.5,2362.96,940.922,14,3.48633,3,0.0615271
776,163731,2495.3,951.342,17,3.56641,3,0.062364
777,295324,2750.56,964.432,18,3.57227,3,0.0612765
778,91272.2,2750.18,969.087,16,3.66895,3,0.0630948
779,57111.9,2524.08,944.449,15,3.58984,3,0.0609784
780,37431.3,2706.24,966,14,3.78906,3,0.0643933
781,163922,2757.71,967.552,17,3.68555,3,0.0624513
782,160622,2717,954.703,17,3.66406,3,0.063308
783,163148,3334.31,982.131,17,3.97363,3,0.0674184
784,164456,3004.89,969.087,17,3.86523,3,0.0648469
785,37829.2,2911.56,979.358,14,3.94629,3,0.0657642
786,91727.9,3071.44,983.489,16,3.91309,3,0.0652583
787,94553.4,3056.05,986.145,16,4.04492,3,0.0674412
788,158919,3459.66,1000.23,17,4.14062,3,0.0682172
789,57605.7,3359.99,989.976,15,4.17969,3,0.069062
790,58140.2,3341.61,1007.46,15,4.12207,3,0.0686785
791,162819,3512.89,1328.79,17,4.25293,4,0.0691819
792,91727.9,3542.09,987.443,16,4.19238,3,0.0700835
793,93545.5,3535.02,1582.48,16,4.26953,4,0.0712018
794,299445,3680.39,1002.23,18,4.23633,3,0.0709011
795,294858,3710.27,1000.23,18,4.22363,3,0.0708315
796,58556.4,3525.6,1696.71,15,4.33789,4,0.0691034
797,93606.1,3550.47,1367.04,16,4.23926,4,0.0706142
798,56263.6,3131.38,979.358,15,4.02246,3,0.0661374
799,94143.9,3541.49,1307.21,16,4.20508,4,0.0707154
800,164579,3724.11,1003.18,17,4.22559,3,0.0705913
801,160014,3994.83,1586.07,17,4.44922,4,0.0726596
802,94726.4,3819.08,1484.8,16,4.31152,4,0.0721802
803,93301.9,3970.39,1465.13,16,4.30469,4,0.0722203
804,163148,3593.22,997.036,17,4.2373,3,0.0722123
805,161428,3971.12,1508.05,17,4.34668,4,0.0745196
806,161185,4020.54,1542.14,17,4.31641,4,0.0734384
807,295286,4693.39,1641.71,18,4.58691,4,0.0752683
808,91107.9,3930.82,1614.33,16,4.44531,4,0.0738499
809,297721,4997.47,1763.17,18,4.87402,4,0.0797971
810,165364,4977.33,1744.03,17,4.80859,4,0.0774754
811,162686,4821.82,1708.97,17,4.76855,4,0.0774768
812,298894,5250.92,1717.99,18,4.76562,4,0.0758803
813,563551,5429.17,1771.04,19,4.95996,4,0.0802035
814,93515.2,4796.57,1749.6,16,4.83594,4,0.0766764
815,161324,4783.85,1671.39,17,4.66504,4,0.077869
816,164175,4847.53,1781.23,17,4.94434,4,0.0792712
817,299750,5716.7,1867.48,18,5.08301,5,0.0811159
818,164855,5515.44,1827.51,17,5.07812,4,0.0809613
819,95124.1,5482.06,1744.03,16,4.95996,4,0.0798448
820,562177,5847.6,1783.71,19,5.06543,4,0.0796938
821,95785.3,5302.83,1776.18,16,5.03516,4,0.0807086
822,293432,5796.13,1778.72,18,4.99805,4,0.0819918
823,1.68458e+07,21961.1,1791.02,24,5.09863,4,0.0815995
824,8.44582e+06,36929.8,2894.36,23,6.09863,5,0.0912408
825,3.36213e+07,101197,4034.46,25,7.09863,6,0.102811
826,1.68429e+07,132392,4832.62,24,7.59668,7,0.108388
827,1.68421e+07,142012,5099.37,24,7.65137,7,0.108858
828,6.71763e+07,224341,5623.83,26,8.28418,7,0.11563
829,3.36199e+07,305247,5586.62,25,8.39453,7,0.122757
830,3.36231e+07,280090,5579.09,25,8.34082,7,0.120266
831,6.71818e+07,363255,5556.33,26,8.26758,7,0.120661
832,6.71763e+07,344192,7063.08,26,8.72656,8,0.126439
833,3.36173e+07,290530,5502.26,25,8.40918,7,0.124273
834,6.71843e+07,339150,5422.79,26,8.4209,7,0.124031
835,2.68525e+08,586537,5623.83,28,8.38867,7,0.123951
836,3.36122e+07,216467,5594.12,25,8.58008,7,0.126494
837,2.68516e+08,628204,6839.38,28,8.58301,8,0.126938
838,3.362e+07,222529,7000.23,25,8.67578,8,0.125311
839,6.719e+07,285502,6628.42,26,8.70215,8,0.12843
840,1.07383e+09,1.45597e+06,6861.13,30,8.83691,8,0.127718
841,6.71822e+07,469650,8866.02,26,9.40137,9,0.13773
842,6.71797e+07,577481,9248.49,26,9.68555,9,0.143327
843,1.34294e+08,426853,9021.76,27,9.48535,9,0.139251
844,2.68524e+08,686208,6947.2,28,8.99023,8,0.131078
845,3.36253e+07,382756,8266.41,25,9.63379,9,0.140935
846,2.68515e+08,998327,9198.85,28,9.60156,9,0.139137
847,2.68513e+08,699822,8639.48,28,9.62012,9,0.141352
848,6.71706e+07,601019,9663.07,26,10.0664,9,0.14374
849,1.343e+08,738172,9260.83,27,9.96582,9,0.145419
850,3.36189e+07,332709,7265.96,25,9.25,8,0.134298
851,6.71709e+07,346908,9110.94,26,9.66602,9,0.141127
852,1.34299e+08,702401,9236.12,27,9.70605,9,0.143595
853,3.36214e+07,325855,9518.84,25,9.8877,10,0.145457
854,1.34286e+08,503623,8905.29,27,9.53027,9,0.138143
855,5.36965e+08,1.66064e+06,10063.5,29,9.96191,10,0.142819
856,1.07385e+09,1.62321e+06,9828.73,30,10.1943,9,0.146331
857,2.68514e+08,892740,11738.5,28,10.4395,10,0.149222
858,2.68513e+08,1.0226e+06,9719.16,28,10.2598,9,0.147924
859,1.34292e+08,490090,9442.57,27,9.99707,9,0.144338
860,2.68512e+08,768001,9248.49,28,9.77148,9,0.143294
861,6.71837e+07,456805,9176.05,26,9.91602,10,0.142349
862,6.71781e+07,442037,9173.87,26,9.78418,9,0.141551
863,3.36188e+07,348574,9651.76,25,9.72949,9,0.139432
864,3.3623e+07,375265,9411.3,25,9.8291,10,0.142313
865,2.68524e+08,616629,9085.59,28,9.80566,9,0.141987
866,2.68515e+08,730073,9651.76,28,9.95898,9,0.144804
867,6.71779e+07,508999,10149.6,26,9.89355,10,0.143377
868,3.36092e+07,297159,9629.02,25,9.84766,9,0.142192
869,5.3696e+08,1.33458e+06,9583.16,29,9.89844,9,0.145332
870,2.68517e+08,1.08115e+06,9871.54,28,10.0029,9,0.146667
871,2.6851e+08,888254,9536.79,28,9.7373,9,0.141804
872,6.71829e+07,387662,7566.87,26,9.26074,8,0.139553
873,1.34294e+08,581716,9784.72,27,9.77344,10,0.144707
874,1.34291e+08,680407,8612.39,27,9.64453,9,0.14303
875,5.36959e+08,1.2507e+06,9370.65,29,9.7041,9,0.142572
876,6.71801e+07,567981,10916.6,26,10.0234,10,0.147648
877,1.34301e+08,441455,10965,27,10.0264,10,0.150926
878,6.71772e+07,679292,11156.4,26,10.1113,10,0.151012
879,2.68512e+08,774810,11826.8,28,10.1113,10,0.148949
880,1.34291e+08,616094,10851.8,27,9.8623,10,0.142855
881,1.34291e+08,677992,11013.2,27,10.0342,10,0.144219
882,6.71823e+07,646228,10965,26,10.1025,10,0.14846
883,1.07384e+09,1.56813e+06,9594.67,30,9.73242,9,0.142152
884,2.68521e+08,1.52211e+06,11708.8,28,10.4961,10,0.148725
885,8.59005e+09,1.15141e+07,13588.4,33,10.7949,11,0.151402
886,2.68519e+08,1.57635e+06,12440.7,28,10.7012,10,0.151728
887,6.7179e+07,722164,12374.2,26,10.6729,10,0.149607
888,1.07383e+09,2.07853e+06,12169.4,30,10.4824,10,0.147019
889,4.29508e+09,8.68103e+06,15067.4,32,11.0244,11,0.154818
890,2.14758e+09,5.33667e+06,12558.2,31,10.9932,10,0.153183
891,4.29507e+09,7.08908e+06,15033,32,11.2559,11,0.155639
892,1.07382e+09,4.70122e+06,14575.8,30,11.1758,11,0.158251
893,4.29508e+09,6.44346e+06,15169.8,32,11.2412,11,0.156681
894,1.07383e+09,3.58659e+06,12697.5,30,10.752,10,0.149889
895,1.07384e+09,3.64359e+06,12113.5,30,10.6758,10,0.152335
896,2.14759e+09,6.21942e+06,13296.8,31,10.9863,11,0.155346
897,1.07382e+09,3.19733e+06,13988,30,10.8984,11,0.154597
898,8.59004e+09,1.54894e+07,11543.6,33,10.5352,10,0.149756
899,5.36956e+08,3.91323e+06,15502.9,29,11.3408,11,0.161856
900,1.07382e+09,5.11079e+06,15728.2,30,11.5703,11,0.166279
901,2.68519e+08,2.72783e+06,14248.4,28,10.8486,11,0.156959
902,2.14758e+09,7.64735e+06,13799,31,10.7295,11,0.153139
903,1.07383e+09,3.51803e+06,16259.7,30,11.4053,12,0.167583
904,5.36945e+08,2.79595e+06,15931.2,29,11.4062,11,0.166794
905,4.29507e+09,7.75817e+06,14683,32,11.0625,11,0.162774
906,5.36961e+08,4.69482e+06,14575.8,29,10.9551,11,0.158999
907,5.36965e+08,6.35314e+06,12493.3,29,11.0244,10,0.160594
908,4.29506e+09,1.25089e+07,14876.9,32,11.2363,11,0.163821
909,2.14757e+09,5.77502e+06,12596.7,31,10.8145,10,0.159264
910,1.07384e+09,3.78457e+06,14340.2,30,10.9883,11,0.162165
911,4.29506e+09,1.1147e+07,16083,32,11.625,11,0.168087
912,1.07383e+09,4.69977e+06,14629.5,30,11.0547,11,0.163577
913,2.14759e+09,9.71973e+06,14998.5,31,11.2822,11,0.166096
914,2.14758e+09,7.97348e+06,14006.7,31,11.2051,11,0.16446
915,4.29506e+09,8.37204e+06,10868,32,10.4658,10,0.154726
916,2.14758e+09,7.81123e+06,16007.6,31,11.7119,11,0.167524
917,4.29506e+09,9.97958e+06,14946.6,32,11.3916,11,0.162837
918,2.14758e+09,1.27912e+07,16772.9,31,11.9883,12,0.1675
919,4.29507e+09,1.42305e+07,14981.3,32,11.7012,11,0.166023
920,2.14758e+09,1.17105e+07,16331.7,31,11.7529,11,0.164777
921,1.07384e+09,8.22504e+06,14753.9,30,11.5859,11,0.165586
922,1.718e+10,2.34946e+07,12183.3,34,10.7998,10,0.151988
923,4.29508e+09,9.35551e+06,19168.2,32,11.6299,12,0.166117
924,8.59005e+09,1.29757e+07,19899.7,33,12.0811,12,0.17106
925,4.29508e+09,1.75036e+07,16499.4,32,11.6133,11,0.163919
926,4.29508e+09,1.08163e+07,16142.6,32,11.6826,11,0.163911
927,2.14759e+09,1.23192e+07,15999.3,31,11.4561,12,0.162077
928,8.59006e+09,2.32351e+07,14321.9,33,11.0684,11,0.157131
929,1.718e+10,2.30055e+07,17500.3,34,11.7109,12,0.166666
930,4.29508e+09,2.55163e+07,15387.8,32,11.8164,11,0.164477
931,2.74878e+11,3.1237e+08,15568,38,11.8906,11,0.166239
932,3.43599e+10,9.28241e+07,19450,35,12.4141,12,0.170047
933,1.37439e+11,1.73525e+08,15744.1,37,12.0947,11,0.163658
934,4.29508e+09,2.69847e+07,11885.1,32,11.2383,10,0.154163
935,6.87196e+10,1.54214e+08,15420.8,36,12.0332,11,0.164839
936,2.14759e+09,1.50844e+07,14467.6,31,11.7246,11,0.161191
937,4.29507e+09,2.80768e+07,14911.8,32,11.5615,11,0.160592
938,4.29508e+09,1.58596e+07,15135.8,32,11.8252,11,0.165468
939,6.87196e+10,9.15632e+07,13119.4,36,11.6699,11,0.164408
940,2.14759e+09,2.04984e+07,18818.5,31,12.3164,12,0.168775
941,2.74878e+11,3.40118e+08,17388.2,38,12.2354,12,0.168378
942,3.43599e+10,8.52216e+07,19450,35,12.8291,12,0.179717
943,1.718e+10,4.3979e+07,19938,34,12.7725,12,0.182264
944,1.718e+10,6.53226e+07,19469.9,34,12.6045,12,0.181297
945,1.37439e+11,2.09967e+08,16749.8,37,12.3105,12,0.17484
946,1.37439e+11,2.32707e+08,18942.9,37,12.5352,12,0.177891
947,1.718e+10,7.97851e+07,18818.5,34,12.7002,12,0.181075
948,1.718e+10,8.3208e+07,14981.3,34,12.0117,11,0.170435
949,2.74878e+11,3.98525e+08,15838.3,38,12.5674,11,0.181954
950,8.59005e+09,4.5293e+07,15640.2,33,12.2666,12,0.180425
951,6.87196e+10,1.84845e+08,14629.5,36,11.9375,11,0.176065
952,3.43599e+10,9.78494e+07,15992.4,35,12.29,11,0.180946
953,2.74878e+11,3.21198e+08,17678.5,38,12.6699,12,0.180946
954,1.718e+10,8.15174e+07,24924.9,34,13.3809,13,0.192243
955,1.37439e+11,2.43245e+08,19107.1,37,12.7715,12,0.180747
956,1.09951e+12,1.12063e+09,19370.1,40,12.8701,12,0.180341
957,6.87196e+10,1.98743e+08,38385.3,36,14.1973,14,0.196117
958,8.59005e+09,6.17253e+07,37279.8,33,13.6865,14,0.191454
959,8.59005e+09,5.64779e+07,22829.4,33,13.1777,13,0.181003
960,1.09951e+12,1.12525e+09,22803.1,40,13.2002,13,0.185187
961,2.74878e+11,3.4993e+08,35621.4,38,13.8125,14,0.191401
962,1.718e+10,1.27016e+08,20146.3,34,13.3594,12,0.187413
963,2.74878e+11,3.23584e+08,20709.8,38,12.9541,12,0.179079
964,2.74878e+11,3.58133e+08,19588.6,38,12.9893,12,0.185628
965,3.43599e+10,1.06763e+08,19647.6,35,12.8008,12,0.181352
966,8.59003e+09,5.40217e+07,15304.6,33,12.4082,11,0.17569
967,1.718e+10,5.94729e+07,14911.8,34,12.1465,11,0.172534
968,5.49756e+11,5.95623e+08,17388.2,39,12.2578,12,0.172454
969,3.43599e+10,9.30659e+07,20127.5,35,13.1084,12,0.181179
970,3.43599e+10,1.29149e+08,18117.1,35,12.7432,12,0.174103
971,3.43599e+10,1.49284e+08,18587.9,35,12.6484,12,0.176811
972,6.87196e+10,1.77947e+08,15568,36,12.2305,11,0.170704
973,3.43599e+10,1.00426e+08,18901.5,35,12.6416,12,0.174313
974,1.718e+10,9.01855e+07,18901.5,34,12.6777,12,0.173469
975,1.718e+10,6.62085e+07,16772.9,34,12.4678,12,0.171581
976,1.718e+10,6.74058e+07,15584.2,34,12.1309,11,0.169552
977,8.59003e+09,3.40367e+07,18182,33,12.2832,12,0.172448
978,2.74878e+11,3.3023e+08,12320.3,38,11.8281,10,0.168004
979,2.74878e+11,4.41585e+08,26569.2,38,13.5703,13,0.186774
980,1.37439e+11,1.92972e+08,15759.9,37,12.2539,11,0.170779
981,2.74878e+11,3.45488e+08,16236.2,38,12.498,12,0.169514
982,3.43599e+10,1.26318e+08,19489.7,35,12.873,12,0.182121
983,5.49756e+11,6.06612e+08,19350,39,12.8613,12,0.183761
984,1.718e+10,1.09593e+08,17767,34,12.5039,12,0.178555
985,6.87196e+10,1.66298e+08,15535.5,36,12.208,11,0.173455
986,1.718e+10,1.03883e+08,12819.8,34,11.9727,11,0.173667
987,6.87196e+10,1.32736e+08,15420.8,36,11.957,11,0.171955
988,2.74878e+11,3.03761e+08,11942.9,38,11.3984,10,0.166347
989,8.59004e+09,5.43256e+07,15015.8,33,12.0059,11,0.172506
990,1.37439e+11,1.77958e+08,11753.3,37,11.1934,10,0.159694
991,6.87196e+10,1.22328e+08,15067.4,36,11.9961,11,0.169809
992,1.37439e+11,2.55612e+08,14718.5,37,11.8516,11,0.167111
993,6.87196e+10,1.21596e+08,12071.3,36,11.3965,10,0.15976
994,3.43599e+10,1.42308e+08,12440.7,35,11.4922,10,0.160663
995,1.37439e+11,1.9046e+08,11664.1,37,11.251,10,0.162128
996,1.718e+10,7.81482e+07,18818.5,34,12.5234,12,0.175659
997,6.87196e+10,1.13021e+08,14394.9,36,11.9834,11,0.169257
998,6.87196e+10,1.4112e+08,18138.8,36,12.3115,12,0.17168
999,8.59004e+09,6.19354e+07,18984.1,33,12.6172,12,0.176139
1000,1.37439e+11,2.84269e+08,15486.6,37,12.3105,11,0.173631
1001,6.87196e+10,1.22404e+08,15337.9,36,12.0713,11,0.173583
1002,5.49756e+11,6.04817e+08,19410.1,39,12.832,12,0.177521
1003,6.87196e+10,1.77251e+08,25800.6,36,13.1914,13,0.17851
1004,1.718e+10,7.29938e+07,25213.1,34,13.0889,13,0.175924
1005,8.59005e+09,5.71149e+07,18396.8,33,12.79,12,0.17081
1006,5.49756e+11,5.74937e+08,20313.5,39,12.6631,12,0.171932
1007,3.43599e+10,9.17078e+07,36346.8,35,13.542,14,0.184199
1008,6.87196e+10,1.35749e+08,26436.2,36,13.3838,13,0.182398
1009,3.43599e+10,8.92602e+07,25260.8,35,13.1123,13,0.179471
1010,1.718e+10,1.00178e+08,26369.3,34,13.5391,13,0.183846
1011,5.49756e+11,6.30435e+08,20779.8,39,13.0801,12,0.179089
1012,6.87196e+10,1.16375e+08,27003.5,36,13.249,13,0.178293
1013,1.718e+10,7.55282e+07,26547.1,34,12.9053,13,0.174023
1014,4.29508e+09,4.28653e+07,25189.3,32,12.9453,13,0.176584
1015,4.29508e+09,3.18948e+07,20071,32,12.498,12,0.169994
1016,1.09951e+12,1.15879e+09,16934,40,12.2949,12,0.167014
1017,3.43599e+10,6.35349e+07,18651.1,35,12.1865,12,0.166772
1018,3.43599e+10,9.78706e+07,23349.6,35,12.4785,13,0.169697
1019,8.59005e+09,3.45125e+07,25473.9,33,12.6572,13,0.173502
1020,6.87196e+10,1.15701e+08,20692.2,36,12.7295,12,0.171716
1021,1.718e+10,4.07982e+07,24036.9,34,12.8184,13,0.173733
1022,3.43599e+10,5.51488e+07,20674.5,35,12.7891,12,0.169122
1023,8.59005e+09,2.45362e+07,20405.2,33,12.6904,12,0.169359
1024,8.59005e+09,4.0819e+07,19745.2,33,12.3242,12,0.164846
1025,8.59006e+09,5.41666e+07,20350.3,33,12.7881,12,0.169002
1026,4.29506e+09,1.78504e+07,19899.7,32,12.4365,12,0.163789
1027,1.718e+10,3.76123e+07,15931.2,34,11.9023,11,0.158756
1028,1.718e+10,2.45503e+07,18735,34,11.8174,12,0.158912
1029,1.718e+10,2.96941e+07,19725.7,34,12.3174,12,0.164318
1030,4.29508e+09,3.34695e+07,20183.7,32,12.4219,12,0.165123
1031,8.59005e+09,3.67076e+07,18839.3,33,12.3535,12,0.165187
1032,4.29508e+09,3.20469e+07,18051.9,32,12.1318,12,0.164289
1033,4.29507e+09,2.9556e+07,18693.1,32,12.4121,12,0.168352
1034,2.14759e+09,1.1749e+07,17455.6,31,12.0791,12,0.162556
1035,4.29508e+09,2.32807e+07,21019.6,32,12.3564,12,0.164132
1036,1.718e+10,3.95721e+07,14789.2,34,11.7324,11,0.160094
1037,4.29508e+09,1.80671e+07,13218.1,32,11.2275,11,0.1472
1038,1.718e+10,4.75112e+07,14358.5,34,11.3682,11,0.149742
1039,2.14759e+09,1.65273e+07,12085.4,31,11.0078,10,0.148982
1040,3.43599e+10,4.62042e+07,12400.9,35,11.2744,10,0.15416
1041,4.29507e+09,2.08729e+07,13139.2,32,11.4805,11,0.156604
1042,3.43599e+10,4.80441e+07,15744.1,35,11.9932,11,0.160114
1043,8.59005e+09,3.5231e+07,12057.2,33,11.3271,10,0.151165
1044,1.718e+10,5.26477e+07,14413.1,34,11.667,11,0.153761
1045,1.718e+10,5.09961e+07,10868,34,11.1787,10,0.149522
1046,6.87196e+10,8.83699e+07,12902.9,36,11.7158,10,0.159718
1047,8.59005e+09,4.44004e+07,15600.3,33,12.1289,11,0.161963
1048,6.87196e+10,1.87899e+08,17920.9,36,12.3125,12,0.161166
1049,1.718e+10,6.61701e+07,19249.3,34,12.5166,12,0.170961
1050,1.718e+10,4.59473e+07,19588.6,34,12.3877,12,0.166667
1051,8.59004e+09,4.2571e+07,19628,33,12.2139,12,0.162634
1052,1.718e+10,6.46567e+07,19745.2,34,12.707,12,0.170058
1053,6.87196e+10,1.15292e+08,15337.9,36,11.7305,11,0.157716
1054,1.37439e+11,1.76545e+08,12427.5,37,11.5225,10,0.15856
1055,3.43599e+10,1.57221e+08,15220.6,35,11.8711,11,0.165663
1056,1.718e+10,9.26511e+07,15568,34,12.0498,11,0.165177
1057,2.74878e+11,4.38713e+08,14539.8,38,11.8701,11,0.160884
1058,1.09951e+12,1.29163e+09,14859.4,40,12.0068,11,0.158149
1059,6.87196e+10,1.65838e+08,12658.1,36,11.5225,11,0.153667
1060,6.87196e+10,2.96425e+08,15304.6,36,11.8115,11,0.157884
1061,1.718e+10,9.34235e+07,14575.8,34,11.8682,11,0.163974
1062,3.43599e+10,9.85734e+07,14789.2,35,11.707,11,0.161242
1063,3.43599e+10,1.14357e+08,9889.85,35,11.1162,10,0.153809
1064,3.43599e+10,9.78257e+07,15584.2,35,12.0557,11,0.162096
1065,6.87196e+10,2.79721e+08,18375.4,36,12.1826,12,0.167832
1066,2.74878e+11,4.06228e+08,15616.4,38,12.1416,11,0.164602
1067,3.43599e+10,1.24713e+08,13198.4,35,11.7275,11,0.158308
1068,5.49756e+11,6.4627e+08,14137.4,39,11.9512,11,0.166403
1069,6.87196e+10,2.23298e+08,17567.3,36,12.6465,12,0.174696
1070,5.49756e+11,1.02656e+09,18095.4,39,12.6943,12,0.171687
1071,2.74878e+11,6.01684e+08,17002.7,38,12.8301,12,0.179175
1072,3.43599e+10,1.86927e+08,25591.2,35,13.1592,13,0.178557
1073,6.87196e+10,1.53766e+08,25520.9,36,13.2939,13,0.185263
1074,2.74878e+11,4.25238e+08,20127.5,38,13.0898,12,0.178414
1075,3.43599e+10,9.7196e+07,25093.5,35,13.4111,13,0.185412
1076,3.43599e+10,1.69427e+08,20071,35,13.1055,12,0.180946
1077,3.43599e+10,1.033e+08,15992.4,35,12.5029,11,0.173748
1078,2.74878e+11,5.039e+08,19822.7,38,13.1758,12,0.181808
1079,1.718e+10,8.3298e+07,17477.9,34,12.665,12,0.173775
1080,3.43599e+10,1.21154e+08,15791.4,35,12.5186,11,0.17076
1081,3.43598e+10,1.10848e+08,19469.9,35,12.834,12,0.178359
1082,6.87196e+10,2.29494e+08,11942.9,36,11.96,10,0.167861
1083,2.74878e+11,3.56212e+08,19628,38,12.9854,12,0.175369
1084,1.37439e+11,2.40991e+08,36505.1,37,13.9092,14,0.186543
1085,1.718e+10,9.87306e+07,27587.1,34,13.6807,13,0.181521
1086,3.43599e+10,1.47428e+08,24900.7,35,13.0566,13,0.17277
1087,6.87196e+10,1.39245e+08,25915.9,36,13.1553,13,0.174887
1088,2.74878e+11,4.14342e+08,25567.8,38,13.3398,13,0.179754
1089,5.49756e+11,6.34806e+08,20692.2,39,13.0127,12,0.17906
1090,3.43599e+10,1.42426e+08,19803.4,35,12.8486,12,0.167283
1091,3.43599e+10,1.06351e+08,16424.1,35,12.4932,12,0.170088
1092,1.718e+10,1.18774e+08,17589.6,34,12.4912,12,0.173905
1093,5.49756e+11,1.00731e+09,18901.5,39,12.7451,12,0.178278
1094,3.43599e+10,1.14607e+08,20089.9,35,12.6357,12,0.176666
1095,3.43599e+10,1.40453e+08,20127.5,35,13.0176,12,0.178938
1096,6.87196e+10,2.49599e+08,19208.8,36,12.8916,12,0.174516
1097,6.87196e+10,1.53217e+08,18289.7,36,12.8604,12,0.176185
1098,5.49756e+11,8.00947e+08,23194.5,39,12.9736,13,0.176583
1099,2.74878e+11,7.43241e+08,26502.8,38,13.5469,13,0.186216
1100,6.87196e+10,3.47085e+08,25069.5,36,13.2285,13,0.181814
1101,1.718e+10,1.32431e+08,25165.4,34,13.5225,13,0.182419
1102,6.87196e+10,2.28488e+08,24608.1,36,13.2666,13,0.18434
1103,2.19902e+12,2.85635e+09,26788,41,13.7373,13,0.193074
1104,1.718e+10,1.31607e+08,20331.9,34,12.877,12,0.187285
1105,3.43599e+10,2.50453e+08,18332.6,35,12.9443,12,0.186443
1106,2.19902e+12,2.42142e+09,27319.8,41,13.4727,13,0.189625
1107,8.79609e+12,9.12056e+09,27505.5,43,13.9365,13,0.191421
1108,1.37439e+11,6.5467e+08,57821.4,37,14.9902,15,0.206998
1109,2.74878e+11,9.72136e+08,37076,38,13.957,14,0.196167
1110,5.49756e+11,2.01465e+09,56549.7,39,14.832,15,0.206862
1111,8.79609e+12,9.06503e+09,38385.3,43,14.3467,14,0.198955
1112,1.09951e+12,1.9469e+09,39147.6,40,14.5127,14,0.20217
1113,5.49756e+11,1.16855e+09,59184.8,39,14.9688,15,0.210609
1114,1.37439e+11,4.72739e+08,55622.7,37,14.6826,15,0.20956
1115,6.87196e+10,5.71247e+08,57821.4,36,15.1777,15,0.209759
1116,1.75922e+13,1.80457e+10,36818.4,44,14.248,14,0.198914
1117,1.37439e+11,3.48898e+08,38829.6,37,14.2363,14,0.198851
1118,1.37439e+11,6.46728e+08,39236.9,37,14.6777,14,0.206662
1119,5.49756e+11,1.02434e+09,38550.7,39,14.3047,14,0.20037
1120,1.09951e+12,1.78181e+09,27173.2,40,14.2256,13,0.199868
1121,5.49756e+11,1.11733e+09,19957.1,39,13.0605,12,0.186271
1122,2.19902e+12,3.24456e+09,15946.6,41,12.6738,11,0.179556
1123,1.37439e+11,3.62363e+08,20441.6,37,13.2188,12,0.186604
1124,1.37439e+11,5.14107e+08,15337.9,37,12.5635,11,0.177466
1125,6.87196e+10,2.92184e+08,19229.1,36,12.5898,12,0.179333
1126,2.74878e+11,1.27394e+09,15437.3,38,12.3799,11,0.177672
1127,2.74878e+11,8.19048e+08,18566.8,38,12.4922,12,0.179541
1128,1.09951e+12,2.23292e+09,17986.5,40,12.6143,12,0.18207
1129,3.43599e+10,2.29216e+08,19764.6,35,12.7344,12,0.182633
1130,1.09951e+12,1.82306e+09,14894.4,40,11.9951,11,0.172015
1131,8.59005e+09,8.33867e+07,19168.2,33,12.4463,12,0.173082
1132,6.87196e+10,2.56089e+08,15152.8,36,11.708,11,0.165425
1133,4.39805e+12,4.43985e+09,17500.3,42,11.9844,12,0.167124
1134,2.74878e+11,3.93994e+08,27340.6,38,13.0801,13,0.175676
1135,1.09951e+12,2.45751e+09,35811.5,40,13.4785,14,0.180789
1136,1.09951e+12,1.29672e+09,34566.2,40,13.2969,14,0.177174
1137,3.43599e+10,2.15417e+08,26369.3,35,13.0811,13,0.170542
1138,1.37439e+11,3.03363e+08,27109.8,37,13.3398,13,0.171845
1139,6.87196e+10,2.25756e+08,20014.2,36,12.6367,12,0.167379
1140,2.74878e+11,5.8323e+08,26591.2,38,12.8564,13,0.172061
1141,1.37439e+11,4.92844e+08,24460.4,37,12.876,13,0.171814
1142,6.87196e+10,2.47801e+08,19127.5,36,12.1436,12,0.161388
1143,2.19902e+12,2.69704e+09,26502.8,41,12.9141,13,0.174151
1144,2.74878e+11,7.14491e+08,38024.8,38,14.1855,14,0.195485
1145,1.37439e+11,8.73718e+08,55593.2,37,14.7461,15,0.211017
1146,1.75922e+13,1.86025e+10,55563.7,44,14.7334,15,0.207074
1147,1.09951e+12,5.34556e+09,92838.8,40,15.8779,16,0.228104
1148,5.49756e+11,2.83522e+09,93696.6,39,15.7119,16,0.223273
1149,2.19902e+12,4.19948e+09,93575.8,41,15.6895,16,0.224365
1150,1.37439e+11,1.07477e+09,58556.4,37,15.2715,15,0.221171
1151,1.09951e+12,4.85988e+09,93055.9,40,15.8838,16,0.226198
1152,3.51844e+13,3.77978e+10,57056.3,45,15.0449,15,0.218284
1153,2.74878e+11,2.19632e+09,293231,38,16.9453,18,0.235676
1154,1.75922e+13,2.63089e+10,94025.5,44,15.8457,16,0.224437
1155,1.09951e+12,4.42801e+09,91304.9,40,15.4131,16,0.220673
1156,1.09951e+12,3.51336e+09,160480,40,16.1758,17,0.227749
1157,5.49756e+11,1.52392e+09,57954.9,39,15.0049,15,0.214255
1158,1.09951e+12,2.97748e+09,56263.6,40,14.8926,15,0.210988
1159,2.74878e+11,1.8501e+09,56719.8,38,14.9102,15,0.213789
1160,1.09951e+12,3.43598e+09,94232.3,40,15.5176,16,0.218065
1161,2.74878e+11,1.9084e+09,57954.9,38,15.1426,15,0.213084
1162,2.74878e+11,1.89052e+09,55740.4,38,15.0928,15,0.215021
1163,3.51844e+13,3.74153e+10,56691.5,45,15.5166,15,0.217864
1164,2.19902e+12,1.07812e+10,161739,41,16.4189,17,0.23052
1165,2.19902e+12,1.0173e+10,295014,41,17.2285,18,0.241209
1166,8.79609e+12,1.81117e+10,295975,43,17.0225,18,0.238373
1167,1.09951e+12,4.4835e+09,159141,40,15.9414,17,0.223708
1168,2.19902e+12,5.68413e+09,160480,41,16.1846,17,0.2247
1169,2.19902e+12,6.26983e+09,57028.4,41,14.9316,15,0.206667
1170,5.49756e+11,3.14681e+09,155000,39,15.8604,17,0.220085
1171,4.39805e+12,9.34673e+09,94983,42,15.9941,16,0.225044
1172,1.09951e+12,3.4963e+09,163795,40,16.3838,17,0.222235
1173,4.39805e+12,5.89669e+09,89320.5,42,15.4932,16,0.218246
1174,5.49756e+11,3.48551e+09,161841,39,16.1865,17,0.227934
1175,2.19902e+12,7.88428e+09,161010,41,16.2832,17,0.228375
1176,2.19902e+12,7.83487e+09,161393,41,16.376,17,0.230916
1177,1.37439e+11,1.21743e+09,159652,37,15.6094,17,0.221906
1178,1.09951e+12,4.54247e+09,93606.1,40,16.0664,16,0.224581
1179,8.79609e+12,1.01372e+10,92869.9,43,15.3262,16,0.219939
1180,2.19902e+12,5.3195e+09,57578.6,41,15.4199,15,0.21283
1181,1.09951e+12,7.18373e+09,92807.7,40,15.7539,16,0.212622
1182,4.39805e+12,7.15536e+09,91630.7,42,15.542,16,0.213951
1183,4.39805e+12,1.03143e+10,92431,42,15.7031,16,0.213618
1184,8.79609e+12,1.29608e+10,90777.1,43,15.7012,16,0.215098
1185,1.09951e+12,4.49496e+09,56148.2,40,15.0996,15,0.207467
1186,4.39805e+12,7.87268e+09,58427.5,42,15.2725,15,0.208387
1187,1.09951e+12,3.26683e+09,37804.6,40,14.5469,14,0.200237
1188,5.49756e+11,4.41263e+09,36187.4,39,14.4102,14,0.199538
1189,2.74878e+11,1.95714e+09,56177.1,38,15.1045,15,0.207976
1190,1.75922e+13,1.86616e+10,38432.8,44,14.5703,14,0.200746
1191,2.19902e+12,7.02413e+09,294584,41,16.9512,18,0.230748
1192,2.19902e+12,5.52245e+09,155752,41,15.9688,17,0.214797
1193,2.19902e+12,6.15069e+09,297973,41,17.125,18,0.233059
1194,4.39805e+12,8.89005e+09,164269,42,16.8154,17,0.23085
1195,8.79609e+12,1.82376e+10,296051,43,17.0146,18,0.233985
1196,2.19902e+12,8.2915e+09,162114,41,16.3574,17,0.227637
1197,8.79609e+12,1.66022e+10,59643.1,43,15.6836,15,0.218793
1198,2.19902e+12,5.82459e+09,94697.7,41,16.0186,16,0.221239
1199,5.49756e+11,2.61061e+09,94114.4,39,15.6152,16,0.219944
1200,2.19902e+12,1.05038e+10,94143.9,41,15.7002,16,0.218548
1201,2.19902e+12,4.28543e+09,39347.5,41,14.6885,14,0.207784
1202,1.09951e+12,3.23777e+09,94114.4,40,15.5674,16,0.218991
1203,2.19902e+12,5.68541e+09,93995.8,41,15.7939,16,0.223647
1204,4.39805e+12,7.48848e+09,96314.8,42,16.0381,16,0.223591
1205,1.75922e+13,2.38278e+10,163827,44,16.8506,17,0.233156
1206,1.75922e+13,2.51499e+10,163474,44,16.8574,17,0.226623
1207,2.19902e+12,4.13103e+09,160622,41,16.3916,17,0.219957
1208,1.09951e+12,2.84826e+09,57000.5,40,15.4502,15,0.216272
1209,8.79609e+12,1.23393e+10,93726.7,43,16.2871,16,0.221805
1210,4.39805e+12,9.44708e+09,93086.8,42,16.2227,16,0.219788
1211,5.49756e+11,3.17413e+09,92651.3,39,15.7275,16,0.220088
1212,1.09951e+12,3.60661e+09,88414.3,40,15.4707,16,0.217708
1213,8.79609e+12,1.55401e+10,157645,43,15.9766,17,0.223
1214,5.49756e+11,2.76803e+09,94640.1,39,16.0869,16,0.220824
1215,2.19902e+12,5.91292e+09,91075,41,15.9053,16,0.222262
1216,2.19902e+12,7.65343e+09,58785.8,41,15.5674,15,0.214789
1217,2.19902e+12,5.98594e+09,59061.4,41,15.3867,15,0.212804
1218,4.39805e+12,1.08922e+10,87057.6,42,15.5273,16,0.214417
1219,4.39805e+12,1.19081e+10,39651.2,42,14.9727,14,0.209739
1220,5.49756e+11,4.23058e+09,161566,39,16.3867,17,0.222362
1221,2.19902e+12,7.19761e+09,159251,41,16.4678,17,0.220696
1222,1.75922e+13,2.42209e+10,92272.6,44,15.8818,16,0.212408
1223,1.40737e+14,1.81253e+11,89355,47,15.6816,16,0.21416
1224,3.51844e+13,4.32338e+10,88939.4,45,15.8027,16,0.221749
1225,2.19902e+12,6.02853e+09,94408.1,41,15.8662,16,0.216055
1226,1.09951e+12,4.38903e+09,96184.4,40,16.0488,16,0.220287
1227,1.09951e+12,3.34402e+09,89078.3,40,15.502,16,0.20818
1228,2.19902e+12,6.5132e+09,54785.5,41,15.0342,15,0.207303
1229,1.09951e+12,5.23656e+09,57874.9,40,15.4678,15,0.214275
1230,2.19902e+12,3.79247e+09,57605.7,41,15.5059,15,0.213295
1231,2.19902e+12,4.35543e+09,92209,41,15.3721,16,0.203717
1232,1.09951e+12,4.2117e+09,58735.1,40,15.2227,15,0.208887
1233,4.39805e+12,8.50421e+09,89492.6,42,15.543,16,0.216999
1234,4.39805e+12,7.63558e+09,57901.6,42,15.2598,15,0.210352
1235,1.09951e+12,5.82515e+09,92494.1,40,15.7227,16,0.208696
1236,5.49756e+11,3.54629e+09,160728,39,16.2949,17,0.217348
1237,1.09951e+12,4.83845e+09,93575.8,40,15.4834,16,0.207297
1238,1.09951e+12,2.49595e+09,56804.4,40,15.1582,15,0.199463
1239,4.39805e+12,8.26679e+09,90376,42,15.2832,16,0.202797
1240,2.19902e+12,6.37465e+09,55681.6,41,14.8418,15,0.196199
1241,5.49756e+11,3.30065e+09,57000.5,39,14.6436,15,0.193364
1242,1.75922e+13,2.66636e+10,58936.8,44,15.4316,15,0.204048
1243,8.79609e+12,1.78895e+10,57632.8,43,14.668,15,0.195581
1244,4.39805e+12,6.4097e+09,57387.7,42,14.8975,15,0.198976
1245,8.79609e+12,1.76764e+10,53361.4,43,15.0098,15,0.20671
1246,1.75922e+13,2.21981e+10,37951.7,44,14.3242,14,0.200046
1247,2.74878e+11,2.93201e+09,56549.7,38,15.3828,15,0.21079
1248,2.19902e+12,9.04488e+09,38000.5,41,14.4414,14,0.201909
1249,1.75922e+13,3.00143e+10,38620.9,44,14.6074,14,0.209451
1250,2.19902e+12,4.89383e+09,56944.7,41,14.9414,15,0.208568
1251,8.79609e+12,1.05842e+10,35594.1,43,14.4248,14,0.198443
1252,4.39805e+12,1.37688e+10,160692,42,16.3906,17,0.216131
1253,8.79609e+12,2.27923e+10,160728,43,16.5537,17,0.222425
1254,4.39805e+12,9.66379e+09,93117.6,42,16.0176,16,0.217107
1255,4.39805e+12,1.39798e+10,162418,42,16.6855,17,0.221901
1256,2.19902e+12,1.12034e+10,162752,41,16.8115,17,0.22666
1257,2.19902e+12,1.05254e+10,161910,41,16.6631,17,0.22057
1258,2.81475e+14,2.88433e+11,94025.5,48,16.3213,16,0.218408
1259,2.19902e+12,6.65512e+09,296241,41,17.1201,18,0.220013
1260,2.19902e+12,1.34081e+10,163890,41,16.7324,17,0.21425
1261,8.79609e+12,1.3766e+10,165036,43,16.9814,17,0.216444
1262,1.75922e+13,4.42081e+10,93936.3,44,16.1924,16,0.21019
1263,1.75922e+13,3.5363e+10,161841,44,16.7881,17,0.21991
1264,7.03687e+13,8.99432e+10,162719,46,16.5068,17,0.218246
1265,8.79609e+12,1.8391e+10,95180.2,43,16.1992,16,0.211261
1266,4.39805e+12,1.44456e+10,93575.8,42,16.1631,16,0.21102
1267,1.75922e+13,2.86864e+10,93846.7,44,16.3721,16,0.218014
1268,4.39805e+12,1.32547e+10,57578.6,42,15.6982,15,0.211285
1269,4.39805e+12,1.91235e+10,94524.4,42,16.4062,16,0.220925
1270,4.39805e+12,1.18328e+10,88202.6,42,15.9883,16,0.218261
1271,1.09951e+12,5.96722e+09,92807.7,40,16.0479,16,0.219569
1272,2.19902e+12,6.43774e+09,91533.3,41,16.2734,16,0.217383
1273,8.79609e+12,1.43545e+10,38550.7,43,15.4131,14,0.208125
1274,7.03687e+13,1.11664e+11,95067.8,46,16.3564,16,0.217668
1275,1.40737e+14,1.71205e+11,93995.8,47,16.6768,16,0.2165
1276,3.51844e+13,5.56079e+10,93846.7,45,16.6016,16,0.214874
1277,8.79609e+12,4.75907e+10,296988,43,17.5771,18,0.226286
1278,7.03687e+13,1.5727e+11,163083,46,16.9775,17,0.219155
1279,1.75922e+13,3.26606e+10,93756.7,44,16.3857,16,0.214365
1280,3.51844e+13,1.03454e+11,163506,45,17.0225,17,0.223897
1281,2.19902e+12,1.25102e+10,165126,41,17.3066,17,0.221977
1282,4.39805e+12,1.9605e+10,163083,42,17.0088,17,0.225417
1283,1.75922e+13,3.57879e+10,92651.3,44,15.9072,16,0.210936
1284,7.03687e+13,8.58754e+10,163344,46,16.998,17,0.226784
1285,8.79609e+12,3.8755e+10,559777,43,17.8359,19,0.240175
1286,3.51844e+13,5.52016e+10,162216,45,16.9814,17,0.230531
1287,1.75922e+13,5.42352e+10,298472,44,17.6777,18,0.234311
1288,8.79609e+12,2.47544e+10,163148,43,16.8076,17,0.22858
1289,4.39805e+12,1.98395e+10,164456,42,16.9512,17,0.227948
1290,5.6295e+14,5.68648e+11,162148,49,16.5439,17,0.223794
1291,1.40737e+14,2.38569e+11,301404,47,17.5117,18,0.234997
1292,8.79609e+12,2.81024e+10,296013,43,17.0186,18,0.227569
1293,8.79609e+12,3.21666e+10,293633,43,16.9395,18,0.225784
1294,8.79609e+12,2.74683e+10,161978,43,16.3633,17,0.217718
1295,1.75922e+13,5.20881e+10,163181,44,16.7344,17,0.223756
1296,8.79609e+12,2.59541e+10,94084.8,43,16.2998,16,0.219322
1297,1.75922e+13,3.11417e+10,94983,44,16.5508,16,0.224594
1298,1.75922e+13,2.99399e+10,159652,44,16.5869,17,0.223296
1299,8.79609e+12,1.69654e+10,92932.1,43,15.7441,16,0.213852
1300,8.79609e+12,2.03606e+10,157569,43,16.249,17,0.216467
1301,4.39805e+12,2.23163e+10,158845,42,16.5029,17,0.216587
1302,8.79609e+12,3.40772e+10,95319.7,43,15.9902,16,0.211437
1303,3.51844e+13,6.88961e+10,92807.7,45,16.1025,16,0.217037
1304,1.75922e+13,2.82601e+10,91304.9,44,15.5859,16,0.209811
1305,2.19902e+12,6.25583e+09,93666.4,41,15.8564,16,0.214933
1306,3.51844e+13,3.93849e+10,161324,45,16.6592,17,0.220646
1307,2.81475e+14,2.8448e+11,291592,48,16.8506,18,0.218093
1308,4.39805e+12,1.68256e+10,164017,42,16.8662,17,0.210613
1309,8.79609e+12,1.80429e+10,163922,43,16.6416,17,0.205921
1310,4.39805e+12,1.93876e+10,161324,42,16.6924,17,0.207038
1311,3.51844e+13,8.06176e+10,297356,45,17.0977,18,0.210103
1312,8.79609e+12,2.80498e+10,95067.8,43,16.0938,16,0.198188
1313,5.6295e+14,5.7388e+11,94466.3,49,15.9482,16,0.197247
1314,2.19902e+12,8.92322e+09,58008.1,41,14.957,15,0.187982
1315,4.39805e+12,1.1013e+10,57928.3,42,15.3994,15,0.193863
1316,3.51844e+13,5.57466e+10,56349.8,45,15.0928,15,0.189547
1317,2.19902e+12,5.1089e+09,93148.4,41,15.4902,16,0.19437
1318,4.39805e+12,1.39627e+10,92399.4,42,15.6045,16,0.196647
1319,2.81475e+14,6.77476e+11,94582.3,48,16.3711,16,0.20396
1320,2.19902e+12,8.34432e+09,38480,41,14.9746,14,0.188422
1321,4.39805e+12,1.23693e+10,58271.4,42,15.4873,15,0.196906
1322,2.81475e+14,4.87635e+11,93271.3,48,16.1553,16,0.204879
1323,1.40737e+14,1.79155e+11,157493,47,16.3916,17,0.207003
1324,1.40737e+14,1.53825e+11,161150,47,16.918,17,0.216339
1325,8.79609e+12,2.83484e+10,165246,43,16.9668,17,0.212517
1326,4.39805e+12,1.54038e+10,93271.3,42,16.0723,16,0.204624
1327,4.39805e+12,1.75853e+10,94378.9,42,15.9053,16,0.202941
1328,3.51844e+13,5.89004e+10,58633.3,45,15.5703,15,0.204849
1329,1.75922e+13,2.43219e+10,27046.1,44,14.1582,13,0.184769
1330,4.39805e+12,2.43061e+10,91598.3,42,16.2285,16,0.216538
1331,2.19902e+12,7.81755e+09,58530.7,41,15.1631,15,0.207076
1332,4.39805e+12,9.98762e+09,92367.8,42,15.7002,16,0.214281
1333,2.19902e+12,8.91217e+09,160515,41,16.4434,17,0.221984
1334,1.75922e+13,2.78186e+10,93966,44,15.8145,16,0.208928
1335,1.75922e+13,4.39674e+10,155357,44,16.3496,17,0.21719
1336,2.19902e+12,1.02336e+10,91533.3,41,15.9648,16,0.214282
1337,4.39805e+12,1.67115e+10,94084.8,42,15.8945,16,0.215022
1338,4.39805e+12,1.28483e+10,56748,42,15.3457,15,0.204553
1339,2.19902e+12,7.91197e+09,91565.8,41,16.0566,16,0.21261
1340,2.19902e+12,7.27731e+09,58582.1,41,15.7803,15,0.208583
1341,8.79609e+12,3.38682e+10,94437.2,43,16.4932,16,0.215991
1342,8.79609e+12,2.71061e+10,60060.5,43,16.0518,15,0.209867
1343,8.79609e+12,2.40371e+10,38852.6,43,15.1631,14,0.198202
1344,2.19902e+12,6.86887e+09,92557.1,41,16.0986,16,0.211859
1345,4.39805e+12,1.4024e+10,37976.1,42,14.918,14,0.199843
1346,1.09951e+12,4.87721e+09,52948.5,40,14.8896,15,0.196788
1347,3.51844e+13,3.62718e+10,39500.5,45,15.0752,14,0.2003
1348,1.75922e+13,4.81741e+10,93636.3,44,16.1709,16,0.214656
1349,2.19902e+12,4.98083e+09,93756.7,41,15.8828,16,0.209628
1350,4.39805e+12,8.42832e+09,95096,42,15.8662,16,0.206393
1351,7.03687e+13,7.40017e+10,92049.5,46,15.4941,16,0.205589
1352,1.75922e+13,2.92575e+10,59548.1,44,15.7266,15,0.203735
1353,8.79609e+12,2.11676e+10,57821.4,43,15.5361,15,0.204271
1354,2.19902e+12,7.97343e+09,56349.8,41,14.9258,15,0.196481
1355,1.09951e+12,5.75424e+09,39147.6,40,14.9307,14,0.194624
1356,1.40737e+14,1.46682e+11,37951.7,47,14.7373,14,0.191626
1357,3.51844e+13,4.78999e+10,94611.2,45,15.9102,16,0.205547
1358,8.79609e+12,2.74244e+10,39651.2,43,15.1299,14,0.197564
1359,7.03687e+13,8.8729e+10,95540.5,46,16.0166,16,0.209064
1360,8.79609e+12,2.72016e+10,37755.3,43,15.0752,14,0.194992
1361,4.39805e+12,1.75706e+10,56719.8,42,15.3145,15,0.196104
1362,2.19902e+12,5.92879e+09,56719.8,41,15.0918,15,0.195218
1363,3.51844e+13,3.66035e+10,17811.1,45,13.5938,12,0.183006
1364,2.81475e+14,2.89852e+11,35919.4,48,14.623,14,0.199582
1365,3.51844e+13,4.81608e+10,37606.4,45,14.832,14,0.19396
1366,1.09951e+12,5.89219e+09,54755.2,40,15.3232,15,0.203831
1367,3.51844e+13,4.3918e+10,38218.1,45,15.1514,14,0.199997
1368,4.39805e+12,8.11041e+09,32884.7,42,14.6172,14,0.188637
1369,8.79609e+12,1.81486e+10,57139.6,43,14.9238,15,0.19047
1370,1.75922e+13,3.35301e+10,38218.1,44,15.2129,14,0.196875
1371,2.19902e+12,9.77066e+09,39012.3,41,14.8867,14,0.191834
1372,8.79609e+12,2.14525e+10,56263.6,43,15.1299,15,0.19472
1373,2.19902e+12,5.64746e+09,57740.8,41,15.3242,15,0.19753
1374,4.39805e+12,8.9123e+09,14946.6,42,13.1523,11,0.174447
1375,1.09951e+12,5.04958e+09,35594.1,40,14.5547,14,0.1836
1376,8.79609e+12,1.37304e+10,35973.3,43,14.7715,14,0.190683
1377,1.40737e+14,1.52761e+11,15712.4,47,13.2637,11,0.172916
1378,1.75922e+13,2.30647e+10,58219.1,44,15.6279,15,0.198556
1379,7.03687e+13,1.59419e+11,57821.4,46,15.2236,15,0.191911
1380,4.39805e+12,8.87024e+09,57901.6,42,15.7471,15,0.200445
1381,1.40737e+14,1.76238e+11,58008.1,47,15.5566,15,0.197213
1382,4.39805e+12,1.3865e+10,88834.9,42,15.9795,16,0.207282
1383,2.19902e+12,9.36583e+09,28846.1,41,15.0605,13,0.197165
1384,5.6295e+14,5.54769e+11,27319.8,49,14.4795,13,0.188662
1385,1.75922e+13,5.52509e+10,57713.8,44,16.0225,15,0.211978
1386,3.51844e+13,5.25672e+10,50518.4,45,15.4746,15,0.206092
1387,1.75922e+13,3.26802e+10,91468.2,44,16.2266,16,0.213868
1388,1.75922e+13,3.52826e+10,57928.3,44,16.0205,15,0.218772
1389,1.75922e+13,2.87946e+10,58986.8,44,16.0205,15,0.212742
1390,3.51844e+13,7.22065e+10,92431,45,16.6729,16,0.222454
1391,4.39805e+12,1.55042e+10,93240.6,42,16.2949,16,0.216582
1392,4.39805e+12,2.26007e+10,56972.6,42,15.623,15,0.208334
1393,1.75922e+13,2.7195e+10,54876.3,44,15.6836,15,0.208916
1394,8.79609e+12,4.14931e+10,90909.8,43,16.3184,16,0.214254
1395,8.79609e+12,1.56052e+10,37254.4,43,15.2969,14,0.202324
1396,3.51844e+13,8.03456e+10,91824.7,45,16.457,16,0.217804
1397,3.51844e+13,7.42325e+10,94291.1,45,16.4033,16,0.217124
1398,3.51844e+13,5.56498e+10,88096.4,45,15.9893,16,0.211037
1399,1.75922e+13,3.76255e+10,162819,44,17.2559,17,0.223993
1400,7.03687e+13,1.04584e+11,57387.7,46,16.2588,15,0.211841
1401,3.51844e+13,5.95937e+10,55326.4,45,16.1621,15,0.21097
1402,4.39805e+12,1.36448e+10,161876,42,17.1211,17,0.222271
1403,4.39805e+12,2.26715e+10,163181,42,17.3291,17,0.222678
1404,4.39805e+12,1.96796e+10,298437,42,17.3457,18,0.221606
1405,4.39805e+12,1.43874e+10,89355,42,16.0283,16,0.208088
1406,1.75922e+13,2.57855e+10,91500.8,44,16.2031,16,0.209631
1407,3.51844e+13,1.08298e+11,161670,45,17.0107,17,0.224999
1408,8.79609e+12,3.12445e+10,39413.4,43,15.8643,14,0.20894
1409,5.6295e+14,5.76115e+11,94320.4,49,16.8076,16,0.222968
1410,4.5036e+15,4.68579e+12,299033,52,18.3662,18,0.234702
1411,5.6295e+14,5.74692e+11,160551,49,17.1768,17,0.232152
1412,3.51844e+13,7.0286e+10,88308.6,45,16.1738,16,0.227965
1413,2.81475e+14,3.47476e+11,294190,48,17.3545,18,0.233948
1414,7.03687e+13,2.09021e+11,158808,46,17.127,17,0.240914
1415,4.39805e+12,1.71967e+10,51914,42,15.6338,15,0.217418
1416,3.51844e+13,9.48113e+10,56776.2,45,16.0967,15,0.22311
1417,3.51844e+13,6.75828e+10,59307.1,45,16.0547,15,0.216556
1418,8.79609e+12,3.12038e+10,35512.1,43,15.2246,14,0.204619
1419,9.0072e+15,8.84133e+12,56177.1,53,16.0244,15,0.217876
1420,7.03687e+13,1.81335e+11,561681,46,18.1504,19,0.251828
1421,2.81475e+14,3.94106e+11,558689,48,17.9844,19,0.250279
1422,1.40737e+14,2.23253e+11,557715,47,18.4619,19,0.257128
1423,1.40737e+14,4.55496e+11,91856.9,47,16.3311,16,0.232757
1424,1.75922e+13,8.45495e+10,94055.2,44,17.0146,16,0.242057
1425,3.51844e+13,8.62923e+10,293593,45,17.3281,18,0.243088
1426,3.51844e+13,1.41645e+11,94084.8,45,16.6914,16,0.226038
1427,1.75922e+13,9.08798e+10,293593,44,17.4473,18,0.241103
1428,7.03687e+13,1.35851e+11,56944.7,46,16.4014,15,0.224632
1429,1.80144e+16,1.7833e+13,54876.3,54,16.3652,15,0.23065
1430,2.81475e+14,5.28867e+11,1.09176e+06,48,19.3359,20,0.259687
1431,2.81475e+14,3.94355e+11,1.08977e+06,48,18.3906,20,0.245288
1432,3.51844e+13,1.1376e+11,1.09296e+06,45,19.0547,20,0.252837
1433,3.51844e+13,1.28913e+11,1.0871e+06,45,18.4727,20,0.248389
1434,3.51844e+13,8.47206e+10,563908,45,18.4463,19,0.248356
1435,3.51844e+13,1.1344e+11,1.09022e+06,45,18.5586,20,0.250244
1436,7.03687e+13,1.41825e+11,1.09181e+06,46,18.7832,20,0.250253
1437,1.75922e+13,1.10274e+11,1.08968e+06,44,18.416,20,0.247532
1438,3.51844e+13,1.31171e+11,563591,45,18.2588,19,0.244653
1439,7.03687e+13,1.54876e+11,58861.5,46,16.3809,15,0.222481
1440,1.40737e+14,1.88468e+11,298152,47,18.0352,18,0.24347
1441,1.75922e+13,4.79055e+10,56349.8,44,15.9297,15,0.222641
1442,1.40737e+14,2.25637e+11,92304.4,47,16.2939,16,0.223516
1443,2.2518e+15,2.49936e+12,57551.4,51,15.7998,15,0.213006
1444,2.2518e+15,2.47013e+12,558337,51,17.7441,19,0.238964
1445,1.75922e+13,7.88585e+10,20331.9,44,14.7812,12,0.200309
1446,7.03687e+13,2.00139e+11,37976.1,46,15.5342,14,0.210255
1447,7.03687e+13,1.81799e+11,555631,46,17.8643,19,0.239078
1448,8.79609e+12,4.62002e+10,163570,43,16.8047,17,0.22625
1449,2.81475e+14,3.81587e+11,564455,48,18.041,19,0.241587
1450,2.81475e+14,5.5686e+11,560163,48,17.9072,19,0.244818
1451,2.2518e+15,2.45987e+12,563986,51,17.9541,19,0.241395
1452,7.03687e+13,2.06965e+11,2.14034e+06,46,19.2549,21,0.260986
1453,1.40737e+14,2.07432e+11,299683,47,17.5654,18,0.241019
1454,1.40737e+14,1.90796e+11,163603,47,17.2207,17,0.234438
1455,3.51844e+13,1.05831e+11,2.14237e+06,45,19.0312,21,0.25243
1456,1.40737e+14,2.72063e+11,1.09215e+06,47,19,20,0.25952
1457,7.03687e+13,1.45321e+11,2.13706e+06,46,18.7539,21,0.255041
1458,8.79609e+12,7.26429e+10,297430,43,17.6309,18,0.24083
1459,7.03687e+13,1.64808e+11,558689,46,18.248,19,0.249392
1460,1.40737e+14,2.60015e+11,93179.2,47,16.6504,16,0.229167
1461,1.1259e+15,1.31834e+12,1.09338e+06,50,19.0635,20,0.258521
1462,5.6295e+14,7.12945e+11,4.23823e+06,49,19.6211,22,0.26336
1463,3.51844e+13,1.64452e+11,4.24577e+06,45,20.4512,22,0.271632
1464,3.51844e+13,1.07996e+11,4.23857e+06,45,19.7061,22,0.265084
1465,1.40737e+14,2.59619e+11,1.09031e+06,47,18.4443,20,0.250695
1466,2.81475e+14,4.53734e+11,4.23254e+06,48,19.54,22,0.264358
1467,7.03687e+13,3.15304e+11,2.14144e+06,46,19.4453,21,0.263243
1468,3.51844e+13,2.09199e+11,4.24469e+06,45,20.1865,22,0.269439
1469,3.51844e+13,1.37756e+11,2.143e+06,45,19.084,21,0.257363
1470,1.1259e+15,1.14016e+12,563152,50,18.3506,19,0.248771
1471,1.75922e+13,6.31412e+10,162046,44,17.3994,17,0.245871
1472,1.1259e+15,1.25764e+12,561431,50,18.3633,19,0.250681
1473,3.51844e+13,1.49293e+11,92588.6,45,16.9062,16,0.236384
1474,5.6295e+14,6.49733e+11,298009,49,17.8086,18,0.242792
1475,7.03687e+13,1.71552e+11,2.14716e+06,46,19.5352,21,0.267519
1476,1.75922e+13,9.73629e+10,1.09045e+06,44,18.5654,20,0.253223
1477,7.03687e+13,2.18802e+11,563272,46,18.5381,19,0.250091
1478,2.81475e+14,4.04643e+11,1.08794e+06,48,18.8398,20,0.260454
1479,7.03687e+13,2.80092e+11,1.09481e+06,46,19.4775,20,0.265551
1480,3.51844e+13,1.3756e+11,165066,45,18.0254,17,0.249871
1481,1.40737e+14,4.46832e+11,1.09089e+06,47,19.0928,20,0.26353
1482,1.1259e+15,1.33752e+12,1.08859e+06,50,18.5273,20,0.257554
1483,3.51844e+13,1.56394e+11,1.0861e+06,45,18.5762,20,0.253608
1484,1.75922e+13,5.09975e+10,554752,44,18.001,19,0.246933
1485,1.40737e+14,4.12855e+11,157455,47,17.1943,17,0.236096
1486,1.75922e+13,1.00837e+11,289863,44,17.6924,18,0.242218
1487,1.40737e+14,3.68491e+11,563472,47,18.6367,19,0.252162
1488,3.51844e+13,8.68802e+10,295401,45,18.0039,18,0.24917
1489,7.03687e+13,1.52763e+11,555677,46,18.1211,19,0.246886
1490,3.51844e+13,9.86414e+10,298472,45,17.9717,18,0.245156
1491,7.03687e+13,1.32747e+11,91533.3,46,16.9971,16,0.234453
1492,3.51844e+13,1.23935e+11,293311,45,17.7207,18,0.23871
1493,3.51844e+13,1.75241e+11,562991,45,18.2939,19,0.251045
1494,7.03687e+13,2.21245e+11,297503,46,17.876,18,0.244584
1495,1.1259e+15,1.4405e+12,298719,50,18.501,18,0.254801
1496,2.81475e+14,4.39517e+11,1.09258e+06,48,18.6963,20,0.25344
1497,1.75922e+13,1.04348e+11,1.09392e+06,44,19.0996,20,0.260514
1498,3.51844e+13,1.27042e+11,1.08817e+06,45,18.7451,20,0.254637
1499,1.40737e+14,2.41421e+11,565070,47,18.2793,19,0.24269
