389.547
0,434.954,8.12919,4,2,0.0351562,0,0.010066
1,435.151,9.83501,4,2,0.0419922,0,0.00979372
2,435,9.09517,4,2,0.0429688,0,0.00986404
3,1011.31,9.85127,4,3,0.0410156,0,0.00996998
4,435.151,8.51733,4,2,0.0371094,0,0.00992459
5,1008.92,10.4578,5,3,0.0419922,0,0.0101709
6,435.053,10.5584,5,2,0.0517578,0,0.0102153
7,434.902,10.2315,5,2,0.0498047,0,0.0101461
8,435.149,10.9223,5,2,0.0537109,0,0.0103761
9,434.954,10.6152,5,2,0.0507812,0,0.010322
10,435.149,9.83485,5,2,0.0419922,0,0.0101705
11,112.44,9.55727,5,1,0.0449219,0,0.010285
12,434.639,11.4009,5,2,0.0566406,0,0.0102899
13,435.053,10.7992,5,2,0.0546875,0,0.0103725
14,434.954,10.1699,5,2,0.046875,0,0.0104547
15,435,11.5168,5,2,0.0585938,0,0.0103857
16,435.149,10.5372,5,2,0.0507812,0,0.0102794
17,435.076,11.4078,6,2,0.0556641,0,0.0105686
18,434.818,12.2069,6,2,0.0654297,0,0.0105611
19,435.127,11.9878,6,2,0.0654297,0,0.0104256
20,435.149,10.6384,6,2,0.046875,0,0.0104102
21,434.954,11.828,6,2,0.0634766,0,0.0103987
22,434.818,10.7821,6,2,0.0527344,0,0.0104745
23,110.371,11.2771,6,1,0.0595703,0,0.0104431
24,435.076,10.9936,6,2,0.0537109,0,0.0105535
25,1010.21,11.0985,6,3,0.046875,0,0.0103706
26,435.151,11.2169,6,2,0.0556641,0,0.0105623
27,435.151,13.0331,6,2,0.0654297,0,0.0105692
28,111.425,10.9505,6,1,0.0527344,0,0.010639
29,434.129,11.4302,6,2,0.0556641,0,0.0106499
30,435.149,13.039,6,2,0.0654297,0,0.0106026
31,435.053,12.4793,6,2,0.0634766,0,0.0106286
32,435.076,14.1248,6,2,0.0712891,0,0.0106858
33,435.149,12.6936,6,2,0.0576172,0,0.0107789
34,1010.79,12.0592,6,3,0.0566406,0,0.0105732
35,435.127,12.9875,6,2,0.0664062,0,0.0104841
36,435.149,12.5474,6,2,0.0585938,0,0.0105672
37,435.151,11.6969,6,2,0.0566406,0,0.0106049
38,435.151,12.2435,6,2,0.0576172,0,0.0105825
39,1009.59,14.038,6,3,0.0712891,0,0.0107438
40,435.127,13.1763,6,2,0.0644531,0,0.010789
41,434.954,12.8928,6,2,0.0654297,0,0.0107932
42,435.076,11.8989,6,2,0.0537109,0,0.010925
43,109.829,11.587,6,1,0.0566406,0,0.0108584
44,1009.59,14.8473,6,3,0.0683594,0,0.0108748
45,435.127,13.5172,6,2,0.0732422,0,0.0108779
46,435.151,13.7576,6,2,0.0712891,0,0.0108931
47,435.151,14.7271,6,2,0.0693359,0,0.0108258
48,435,12.2819,6,2,0.0556641,0,0.0109164
49,435.149,13.1936,6,2,0.0673828,0,0.0108633
50,435.151,13.0554,6,2,0.0595703,0,0.0109088
51,435.149,14.9279,6,2,0.0791016,0,0.0109577
52,435.127,14.833,6,2,0.078125,0,0.0110186
53,435.149,14.2974,6,2,0.0703125,0,0.0109713
54,435.149,13.0504,6,2,0.0673828,0,0.0110051
55,435.151,12.6202,6,2,0.0644531,0,0.0109106
56,1010.79,13.6489,6,3,0.0634766,0,0.010907
57,435.053,12.3981,6,2,0.0595703,0,0.0110249
58,435.076,12.7344,6,2,0.0615234,0,0.0109463
59,435.127,12.2362,6,2,0.0566406,0,0.0109786
60,435.151,12.6942,7,2,0.0595703,0,0.0110582
61,435.127,15.3331,7,2,0.0820312,0,0.0110391
62,435.127,14.4983,7,2,0.0732422,0,0.011268
63,435.151,13.5553,7,2,0.0654297,0,0.0110918
64,434.954,12.1355,7,2,0.0556641,0,0.0111396
65,435.151,13.9922,7,2,0.0625,0,0.0112548
66,435.127,14.8741,7,2,0.078125,0,0.0111411
67,435.149,14.3934,7,2,0.0703125,0,0.0112098
68,435.151,15.325,7,2,0.0800781,0,0.0111352
69,435.149,15.0945,7,2,0.0703125,0,0.0111964
70,435.127,13.9384,7,2,0.0683594,0,0.0111321
71,435.053,15.4895,7,2,0.0791016,0,0.0112637
72,434.638,14.3108,7,2,0.0742188,0,0.0113222
73,435.117,14.0189,7,2,0.0703125,0,0.0113436
74,435.151,15.8775,7,2,0.0830078,0,0.0113111
75,434.639,14.6298,7,2,0.0761719,0,0.0113553
76,435.151,15.3215,7,2,0.0830078,0,0.0112793
77,435.149,15.3153,7,2,0.0830078,0,0.0112078
78,435.151,16.1,7,2,0.0839844,0,0.0112475
79,435.151,15.9762,8,2,0.0820312,0,0.0112894
80,435.076,13.6683,7,2,0.0595703,0,0.0113864
81,112.44,14.2189,8,1,0.0732422,0,0.0114582
82,435.149,14.4533,7,2,0.0732422,0,0.0113267
83,435.127,16.333,8,2,0.0869141,0,0.0113633
84,109.829,12.85,8,1,0.0605469,0,0.011372
85,435.117,15.4579,7,2,0.078125,0,0.0114204
86,435.127,15.9861,8,2,0.0859375,0,0.011477
87,435.149,16.7669,8,2,0.0849609,0,0.011614
88,434.639,14.2725,8,2,0.0693359,0,0.0117019
89,435.151,17.8461,8,2,0.0888672,0,0.0114875
90,435.149,17.0294,8,2,0.0869141,0,0.0116691
91,435.151,15.4384,8,2,0.0791016,0,0.0114367
92,435.127,17.2728,8,2,0.0957031,0,0.0115694
93,434.818,15.9036,8,2,0.0869141,0,0.0115391
94,435.151,16.2629,8,2,0.0859375,0,0.0113859
95,435.151,19.0867,8,2,0.108398,0,0.0116881
96,435.117,15.7488,8,2,0.0791016,0,0.0116555
97,435.149,16.6016,8,2,0.0820312,0,0.0116198
98,435.127,16.7018,8,2,0.0888672,0,0.011887
99,435.151,16.6455,8,2,0.0869141,0,0.0116409
100,1011.31,19.0741,8,3,0.105469,0,0.011873
101,435.151,19.9879,8,2,0.110352,0,0.0118837
102,435.127,18.5942,8,2,0.102539,0,0.0117157
103,435.127,16.1238,8,2,0.0800781,0,0.0116869
104,435.149,19.9693,8,2,0.110352,0,0.0118442
105,435.151,19.438,8,2,0.103516,0,0.0119326
106,435.053,19.8428,8,2,0.110352,0,0.0121444
107,435.151,17.9809,8,2,0.0898438,0,0.0119816
108,1008.92,20.4361,8,3,0.104492,0,0.0118862
109,435.151,19.612,8,2,0.102539,0,0.0119942
110,435.151,20.2144,9,2,0.112305,0,0.0123046
111,435.151,21,9,2,0.112305,0,0.0121142
112,435.151,21.3577,9,2,0.124023,0,0.0121833
113,435.127,21.3654,9,2,0.123047,0,0.0123747
114,1008.92,20.6049,9,3,0.110352,0,0.0121329
115,435.149,22.7482,9,2,0.120117,0,0.0122857
116,435.151,22.0826,9,2,0.12207,0,0.01232
117,435.151,25.1748,9,2,0.145508,0,0.0122534
118,435.127,21.7758,9,2,0.121094,0,0.0123679
119,435.127,19.7459,9,2,0.104492,0,0.0122391
120,435.151,23.4253,9,2,0.135742,0,0.0121326
121,1007.46,24.4039,9,3,0.135742,0,0.0123354
122,435.149,21.9474,9,2,0.12207,0,0.0123483
123,435.149,24.081,9,2,0.130859,0,0.012308
124,1010.79,22.6046,9,3,0.125,0,0.0123226
125,435.151,21.4078,9,2,0.117188,0,0.0123198
126,1011.31,22.7231,9,3,0.123047,0,0.0123769
127,1011.31,24.494,9,3,0.141602,0,0.0123685
128,1011.31,25.916,9,3,0.139648,0,0.0124817
129,435.149,24.4661,9,2,0.140625,0,0.0124177
130,1008.92,24.7388,9,3,0.142578,0,0.0124031
131,435.151,23.0797,9,2,0.125977,0,0.0124131
132,435.151,26.8252,9,2,0.155273,0,0.0125121
133,435.151,26.0569,9,2,0.150391,0,0.0125251
134,435.151,25.0485,9,2,0.140625,0,0.0125324
135,435.151,27.7524,9,2,0.169922,0,0.0124587
136,1011.31,25.2718,9,3,0.143555,0,0.0125375
137,435.151,25.1686,9,2,0.144531,0,0.012617
138,1009.59,27.1387,9,3,0.154297,0,0.0124914
139,1010.21,27.7717,9,3,0.163086,0,0.0125257
140,435.151,28.3859,9,2,0.168945,0,0.0127611
141,435.151,26.9221,9,2,0.166992,0,0.012589
142,435.151,25.7963,9,2,0.148438,0,0.0125756
143,1011.31,30.4559,9,3,0.165039,0,0.0127079
144,435.127,28.991,9,2,0.186523,0,0.0127305
145,1011.78,25.1146,9,3,0.142578,0,0.0125216
146,1009.59,32.8629,9,3,0.194336,0,0.0127493
147,1009.59,29.8014,9,3,0.18457,0,0.0126084
148,435.151,28.822,9,2,0.171875,0,0.0128402
149,435.149,30.7448,9,2,0.202148,0,0.0127593
150,435.151,33.0316,9,2,0.206055,0,0.0128117
151,435.151,28.812,9,2,0.181641,0,0.0127279
152,435.149,35.1081,9,2,0.214844,0,0.0126963
153,435.151,33.7318,9,2,0.208984,0,0.0128384
154,1009.59,32.8334,9,3,0.199219,0,0.0127785
155,435.151,32.4842,9,2,0.200195,0,0.0128869
156,435.151,33.3984,9,2,0.214844,0,0.0128401
157,435.151,33.1834,9,2,0.206055,0,0.0128155
158,1009.59,36.8139,9,3,0.224609,0,0.013032
159,1008.92,34.0757,9,3,0.211914,0,0.012927
160,435.151,36.5616,9,2,0.238281,0,0.0129901
161,1008.92,34.5703,9,3,0.213867,0,0.0128969
162,435.151,33.4555,9,2,0.220703,0,0.0129078
163,435.151,32.1799,9,2,0.202148,0,0.0128754
164,1008.92,38.5812,9,3,0.24707,0,0.0128118
165,1008.92,34.0815,9,3,0.219727,0,0.0129196
166,435.151,34.4909,9,2,0.22168,0,0.012991
167,435.151,35.2875,9,2,0.227539,0,0.0129714
168,1012.18,40.4323,9,3,0.25,0,0.0129959
169,1008.92,38.7624,9,3,0.240234,0,0.0129603
170,1843.9,43.6811,10,4,0.276367,0,0.0131318
171,1843.9,40.6116,9,4,0.235352,0,0.0130916
172,435.151,36.4607,9,2,0.229492,0,0.0130252
173,1011.78,34.9797,9,3,0.225586,0,0.0130005
174,435.151,35.506,9,2,0.225586,0,0.0129715
175,435.151,34.9065,9,2,0.22168,0,0.0128632
176,1008.92,43.4343,10,3,0.266602,0,0.0130687
177,435.151,40.466,9,2,0.256836,0,0.0129483
178,1008.92,38.0726,10,3,0.242188,0,0.0131435
179,1010.79,45.1208,10,3,0.276367,0,0.0130964
180,435.151,41.6747,9,2,0.259766,0,0.0130057
181,1850.98,41.2904,9,4,0.263672,0,0.0129877
182,435.151,44.5865,10,2,0.291992,0,0.0130513
183,1011.31,42.7434,11,3,0.270508,0,0.0131852
184,1011.31,38.9461,10,3,0.250977,0,0.0131482
185,1009.59,42.2033,9,3,0.263672,0,0.013155
186,1009.59,40.2185,9,3,0.266602,0,0.0130493
187,1012.77,41.4177,10,3,0.274414,0,0.0130916
188,435.151,38.5045,9,2,0.256836,0,0.0130594
189,1008.92,40.6188,10,3,0.260742,0,0.0131201
190,435.151,41.6866,11,2,0.268555,0,0.013293
191,1010.21,44.8778,11,3,0.294922,0,0.0131642
192,1009.59,42.1829,11,3,0.277344,0,0.0132961
193,435.151,37.1402,10,2,0.241211,0,0.0131171
194,1010.21,41.2999,10,3,0.255859,0,0.0131628
195,1843.9,43.1901,11,4,0.270508,0,0.0132916
196,435.151,45.2313,11,2,0.294922,0,0.0133777
197,1011.31,44.7769,11,3,0.291016,0,0.0134625
198,1008.92,43.6563,10,3,0.269531,0,0.0132891
199,1005.85,43.851,11,3,0.286133,0,0.0134121
200,1008.92,42.0091,10,3,0.265625,0,0.0133443
201,435.151,41.1837,11,2,0.270508,0,0.0134177
202,1009.59,45.9936,11,3,0.289062,0,0.0134611
203,1845.26,48.2444,11,4,0.287109,0,0.0133393
204,1008.92,43.2848,11,3,0.285156,0,0.0134007
205,435.151,40.2848,9,2,0.251953,0,0.0132877
206,1009.59,41.2464,11,3,0.264648,0,0.0133749
207,1009.59,44.1829,10,3,0.270508,0,0.0132922
208,1008.92,43.9004,11,3,0.290039,0,0.0134994
209,435.151,39.2964,11,2,0.253906,0,0.0134467
210,1009.59,45.6534,11,3,0.293945,0,0.0135083
211,1008.92,46.7499,12,3,0.299805,0,0.0135186
212,1010.79,45.4278,12,3,0.292969,0,0.0135636
213,1011.31,42.8564,11,3,0.276367,0,0.0135109
214,435.151,43.0831,11,2,0.286133,0,0.0133763
215,1010.21,41.9849,10,3,0.264648,0,0.0133782
216,435.151,47.4155,12,2,0.3125,0,0.0134924
217,1011.31,41.7704,11,3,0.275391,0,0.0134643
218,1008.92,43.9386,12,3,0.294922,0,0.0134385
219,1843.9,50.2833,12,4,0.318359,0,0.0133778
220,1011.31,47.5514,12,3,0.306641,0,0.0134719
221,1011.31,50.4387,12,3,0.320312,0,0.0134757
222,1009.59,46.1968,10,3,0.291992,0,0.0134261
223,1009.59,47.3282,12,3,0.31543,0,0.0134722
224,1008.92,44.5034,11,3,0.285156,0,0.0134716
225,1011.31,45.3072,11,3,0.293945,0,0.013388
226,1008.92,44.3656,12,3,0.290039,0,0.0134601
227,1008.92,44.6178,12,3,0.288086,0,0.0135132
228,1010.21,45.5544,12,3,0.296875,0,0.0134521
229,1008.92,39.7037,11,3,0.254883,0,0.0135467
230,1009.59,44.3906,12,3,0.287109,0,0.0135125
231,1009.59,47.8539,12,3,0.308594,0,0.0135469
232,1011.31,43.8664,12,3,0.291016,0,0.0135077
233,1009.59,48.2685,12,3,0.304688,0,0.0136151
234,1009.59,48.371,11,3,0.299805,0,0.0134281
235,1010.21,54.0341,12,3,0.34375,0,0.0135098
236,1008.92,45.4547,12,3,0.295898,0,0.0134955
237,1843.9,48.3934,12,4,0.313477,0,0.0135388
238,435.127,41.327,12,2,0.273438,0,0.0133782
239,1009.59,51.0496,12,3,0.329102,0,0.0134997
240,1010.79,48.5848,12,3,0.310547,0,0.0137226
241,1009.59,46.9244,11,3,0.282227,0,0.0136064
242,1011.31,47.1629,12,3,0.305664,0,0.0136971
243,1011.31,45.6816,12,3,0.308594,0,0.0136686
244,435.151,44.4643,12,2,0.300781,0,0.0137215
245,435.151,45.3961,12,2,0.295898,0,0.0137236
246,435.151,44.8081,13,2,0.300781,0,0.0137191
247,1008.92,39.4888,11,3,0.265625,0,0.0136625
248,1848.92,53.9173,12,4,0.328125,0,0.0138082
249,1008.92,49.3796,12,3,0.316406,0,0.0136312
250,1011.31,44.7742,12,3,0.286133,0,0.0135113
251,1008.92,46.4302,12,3,0.30957,0,0.0135348
252,1008.92,54.1304,12,3,0.338867,0,0.0138252
253,435.151,47.0753,13,2,0.311523,0,0.0136544
254,1011.31,49.5201,12,3,0.303711,0,0.0136621
255,1008.92,48.4829,12,3,0.313477,0,0.013653
256,1008.92,44.9159,12,3,0.294922,0,0.0137231
257,435.151,46.3309,12,2,0.301758,0,0.0136019
258,435.151,42.1326,11,2,0.274414,0,0.0135954
259,1011.31,49.5724,12,3,0.31543,0,0.013662
260,1008.92,48.3131,12,3,0.314453,0,0.0136172
261,1008.92,47.6985,12,3,0.302734,0,0.0136293
262,1011.31,52.9294,12,3,0.327148,0,0.0136354
263,435.151,46.4222,12,2,0.299805,0,0.0136925
264,1011.31,47.2652,12,3,0.302734,0,0.0137303
265,1008.92,44.2086,12,3,0.27832,0,0.013708
266,1007.46,49.1022,13,3,0.319336,0,0.0137737
267,1009.59,50.0773,13,3,0.323242,0,0.0137905
268,1008.92,46.1187,12,3,0.297852,0,0.0137178
269,1009.59,45.5373,12,3,0.297852,0,0.0137841
270,1010.21,51.4464,12,3,0.316406,0,0.0138571
271,435.151,46.5068,12,2,0.301758,0,0.0138356
272,1011.31,48.706,13,3,0.3125,0,0.0137819
273,1008.92,50.2604,13,3,0.304688,0,0.0137112
274,1011.31,53.8967,13,3,0.34082,0,0.013916
275,1008.92,49.5294,13,3,0.324219,0,0.0139927
276,1011.78,44.4253,12,3,0.291992,0,0.0136973
277,1008.92,52.6797,13,3,0.332031,0,0.0137839
278,1008.92,51.7008,13,3,0.338867,0,0.013908
279,1009.59,50.8398,13,3,0.325195,0,0.0138285
280,1843.9,51.8922,13,4,0.317383,0,0.0139342
281,1008.92,46.1115,12,3,0.306641,0,0.0139254
282,1011.31,52.8149,13,3,0.333984,0,0.0140224
283,1007.46,52.091,13,3,0.330078,0,0.0141459
284,1009.59,54.9168,13,3,0.34375,0,0.0141563
285,1008.92,47.1435,13,3,0.30957,0,0.0141281
286,1011.31,47.2881,13,3,0.298828,0,0.0140863
287,1008.92,48.9924,13,3,0.318359,0,0.014321
288,435.151,41.6083,13,2,0.271484,0,0.0141748
289,1011.31,48.8407,13,3,0.295898,0,0.0140669
290,1008.21,51.5,13,3,0.327148,0,0.0143148
291,1008.92,49.1295,13,3,0.3125,0,0.0143888
292,1007.46,50.8128,13,3,0.324219,0,0.0145825
293,1008.92,51.9471,13,3,0.322266,0,0.0145502
294,1011.31,51.3969,13,3,0.329102,0,0.0145389
295,1008.92,52.625,13,3,0.334961,0,0.0145043
296,435.151,49.5858,13,2,0.320312,0,0.0145008
297,1007.46,56.6008,13,3,0.364258,0,0.0148413
298,1843.9,52.3721,13,4,0.321289,0,0.0148176
299,1825.63,55.5063,13,4,0.34082,0,0.014795
300,1011.31,50.5185,13,3,0.305664,0,0.0148745
301,1009.59,55.2789,13,3,0.353516,0,0.0153356
302,1008.92,52.632,14,3,0.330078,0,0.0153807
303,1008.92,56.8584,14,3,0.345703,0,0.015749
304,1010.79,47.5239,13,3,0.301758,0,0.015265
305,1010.79,52.9288,14,3,0.317383,0,0.0158862
306,1006.68,56.6596,15,3,0.349609,0,0.0159383
307,1008.92,61.2258,15,3,0.362305,0,0.0161647
308,1010.21,58.0907,15,3,0.347656,0,0.0164629
309,1004.99,65.159,15,3,0.391602,0,0.0166479
310,1848.92,60.8253,15,4,0.34375,0,0.0168844
311,1007.46,62.4122,15,3,0.357422,0,0.0174638
312,1011.31,59.2584,16,3,0.338867,0,0.0170828
313,1012.18,63.6645,16,3,0.357422,0,0.0173054
314,1010.21,59.9755,17,3,0.345703,0,0.0183003
315,1008.21,58.5651,17,3,0.318359,0,0.0185613
316,1001.24,62.8747,18,3,0.34668,0,0.0194057
317,1007.46,69.1628,19,3,0.391602,0,0.0199457
318,2921.69,72.7673,17,5,0.357422,0,0.0205574
319,1008.92,65.5593,20,3,0.348633,0,0.0212625
320,1834.62,69.1201,21,4,0.358398,0,0.0220858
321,1002.23,69.5498,21,3,0.347656,0,0.0230313
322,1006.68,69.1842,22,3,0.359375,0,0.0237501
323,1007.46,78.9611,25,3,0.384766,0,0.0242727
324,1011.31,74.2988,24,3,0.345703,0,0.025056
325,1837.92,75.9856,30,4,0.329102,0,0.0284028
326,1837.92,74.0521,29,4,0.326172,0,0.0278951
327,1839.49,86.477,40,4,0.375,0,0.0287046
328,1802.66,80.3221,56,4,0.34375,0,0.0300517
329,1010.79,82.803,101,3,0.332031,0,0.0310263
330,1006.68,81.8572,101,3,0.334961,0,0.0324121
331,1011.78,86.9279,101,3,0.34668,0,0.0311539
332,1834.62,76.2935,101,4,0.28418,0,0.0333147
333,1807.12,82.2757,101,4,0.313477,0,0.0341571
334,997.036,81.0016,101,3,0.301758,0,0.0344008
335,1005.85,87.542,101,3,0.333984,0,0.0357227
336,1009.59,81.0931,101,3,0.317383,0,0.0335758
337,1010.21,84.0765,101,3,0.318359,0,0.0340285
338,1004.99,89.5543,101,3,0.353516,0,0.034188
339,1009.59,86.6667,101,3,0.332031,0,0.0347047
340,1847.77,91.2479,101,4,0.34668,0,0.0335909
341,1788.61,86.9265,101,4,0.316406,0,0.0344345
342,1003.18,90.1358,101,3,0.34375,0,0.0347585
343,2856.74,88.1357,101,5,0.327148,0,0.0332685
344,1813.59,82.1684,101,4,0.301758,0,0.0340957
345,1823.71,89.132,101,4,0.316406,0,0.0359396
346,1009.59,93.4245,101,3,0.345703,0,0.0355969
347,2863.89,95.508,101,5,0.337891,0,0.0362886
348,1798.09,87.2519,101,4,0.308594,0,0.0373039
349,1802.66,96.7539,101,4,0.360352,0,0.0373569
350,1807.12,93.0376,101,4,0.341797,0,0.0367659
351,1009.59,87.9446,101,3,0.303711,0,0.036998
352,999.194,91.0329,101,3,0.333984,0,0.0365789
353,1005.85,94.2137,101,3,0.325195,0,0.037287
354,1007.46,90.5159,101,3,0.317383,0,0.0381409
355,1012.52,90.913,101,3,0.303711,0,0.0393534
356,1012.18,93.5574,101,3,0.327148,0,0.038611
357,1815.68,98.914,101,4,0.327148,0,0.0399978
358,2915.92,95.9691,101,5,0.31543,0,0.0394784
359,1735.52,98.2716,101,4,0.344727,0,0.0381392
360,1008.21,94.0023,101,3,0.34668,0,0.0384722
361,1819.76,93.1953,101,4,0.303711,0,0.039246
362,1006.68,97.6633,101,3,0.335938,0,0.0380579
363,1008.92,97.6295,101,3,0.344727,0,0.0392967
364,1005.85,99.9207,101,3,0.378906,0,0.0383148
365,1813.59,98.0923,101,4,0.360352,0,0.038322
366,1004.99,96.2961,101,3,0.359375,0,0.0374017
367,1011.31,98.3065,101,3,0.349609,0,0.0401952
368,1005.85,102.635,101,3,0.376953,0,0.0396749
369,1791.02,103.452,101,4,0.374023,0,0.0394163
370,2853.13,107.221,101,5,0.367188,0,0.0415624
371,2867.41,99.4954,101,5,0.355469,0,0.0396184
372,1008.21,96.0824,101,3,0.308594,0,0.0412767
373,1744.03,103.725,101,4,0.359375,0,0.041375
374,1842.49,104.97,101,4,0.335938,0,0.0423329
375,1007.46,106.753,101,3,0.391602,0,0.0395072
376,1829.35,109.882,101,4,0.392578,0,0.0396855
377,1005.85,99.9467,101,3,0.380859,0,0.0394459
378,1010.79,102.447,101,3,0.361328,0,0.0407385
379,1004.1,99.407,101,3,0.362305,0,0.0408732
380,1008.92,105.39,101,3,0.351562,0,0.0414309
381,1807.12,110.281,101,4,0.360352,0,0.041468
382,2860.33,106.916,101,5,0.364258,0,0.0412516
383,1011.31,108.31,101,3,0.385742,0,0.0418438
384,1009.59,110.733,101,3,0.414062,0,0.0406369
385,2649.34,107.185,101,5,0.379883,0,0.0407165
386,4229.91,103.739,101,6,0.359375,0,0.0407395
387,1813.59,110.052,101,4,0.379883,0,0.0406052
388,1831.15,110.178,101,4,0.419922,0,0.039415
389,5723.94,122.185,101,7,0.450195,0,0.0400391
390,995.918,108.141,101,3,0.408203,0,0.0404115
391,1004.1,119.307,101,3,0.459961,0,0.0396636
392,2849.48,113.488,101,5,0.398438,0,0.0407124
393,1011.31,116.312,101,3,0.446289,0,0.0398842
394,2787.22,116.155,101,5,0.4375,0,0.039837
395,1690.48,116.41,101,4,0.462891,0,0.0395848
396,1791.02,116.15,101,4,0.436523,0,0.0397651
397,2795.37,122.214,101,5,0.461914,0,0.040865
398,1771.04,114.449,101,4,0.418945,0,0.0404604
399,2823.1,119.13,101,5,0.462891,0,0.0397821
400,1831.15,113.946,101,4,0.454102,0,0.0377709
401,2807.41,122.079,101,5,0.444336,0,0.0392484
402,4176.45,123.536,101,6,0.457031,0,0.0381637
403,2834.58,126.179,101,5,0.462891,0,0.0382085
404,4186.5,127.99,101,6,0.483398,0,0.0374902
405,2834.58,127.525,101,5,0.486328,0,0.0382175
406,1821.75,121.162,101,4,0.481445,0,0.0367819
407,4181.49,135.564,101,6,0.523438,0,0.0385401
408,2909.97,133.955,101,5,0.545898,0,0.0374676
409,7531.03,150.826,101,8,0.572266,0,0.0371052
410,2856.74,143.143,101,5,0.55957,0,0.0377157
411,2881.17,148.631,101,5,0.59668,0,0.036563
412,4140.23,147.834,101,6,0.573242,0,0.0380286
413,5804.47,140.505,101,7,0.591797,0,0.0358226
414,2709.62,140.605,101,5,0.566406,0,0.0361784
415,4176.45,151.118,101,6,0.610352,0,0.0367045
416,2842.09,141.895,101,5,0.586914,0,0.0367852
417,2672.92,159.019,101,5,0.645508,0,0.0361582
418,4201.3,154.066,101,6,0.626953,0,0.0351165
419,7847.05,173.499,101,8,0.658203,0,0.0357342
420,7439.11,161.539,101,8,0.669922,0,0.0352867
421,5848.92,173.479,101,7,0.678711,0,0.0347913
422,5470.78,185.441,101,7,0.723633,0,0.034503
423,7540.04,193.487,101,8,0.754883,0,0.0344855
424,5797.97,206.652,105.663,7,0.808594,1,0.0337286
425,4161.13,188.099,105.663,6,0.777344,1,0.0330239
426,9708.01,203.219,105,9,0.791992,1,0.0328028
427,28420.2,227.198,106.306,13,0.807617,1,0.0333562
428,2834.58,193.11,104.312,5,0.783203,1,0.032005
429,7854.53,234.066,107.538,8,0.878906,1,0.0321379
430,5817.37,237.454,106.93,7,0.885742,1,0.0322129
431,9696.83,276.361,108.709,9,0.941406,1,0.033785
432,7628.26,287.341,109.829,8,0.987305,1,0.0328856
433,4220.53,267.539,110.903,6,0.982422,1,0.0352941
434,9882.15,309.411,109.829,9,1.03223,1,0.0358636
435,9871.54,290.921,110.903,9,1.04199,1,0.0335046
436,15900.4,355.637,111.425,11,1.125,1,0.0348041
437,9640.4,377.516,113.897,9,1.22559,1,0.0359535
438,9651.76,410.176,114.366,9,1.27441,1,0.0355508
439,7295.47,370.545,112.44,8,1.19141,1,0.0366248
440,8931.34,367.917,112.44,9,1.18066,1,0.0364455
441,9975.87,416.847,111.425,9,1.20801,1,0.0357357
442,15568,377.64,112.934,11,1.17383,1,0.0361454
443,9223.72,499.237,115.729,9,1.3916,1,0.0384669
444,12759.3,492.35,115.282,10,1.39453,1,0.0365744
445,15067.4,494.8,114.366,11,1.35547,1,0.0381591
446,19208.8,530.057,117.03,12,1.42871,1,0.0392215
447,20127.5,565.936,119.071,12,1.46973,1,0.0385027
448,19745.2,603.168,121.334,12,1.57715,1,0.0403152
449,20866.4,773.861,133.071,12,1.7627,1,0.0411219
450,21410.2,755.391,136.764,12,1.72656,1,0.0428083
451,12493.3,792.655,137.037,10,1.82129,1,0.042335
452,26635.2,781.826,127.93,13,1.78906,1,0.0427379
453,26788,827.967,137.037,13,1.82324,1,0.0444005
454,27587.1,949.397,137.3,13,1.89941,1,0.0437741
455,27402.7,994.71,138.469,13,2.02051,1,0.0439906
456,25093.5,1112.66,335.553,13,2.13086,2,0.0454488
457,50820.9,1237.53,138.872,15,2.16016,1,0.0460406
458,38361.6,1191.27,421.443,14,2.23926,2,0.0460191
459,163311,1378.52,339.082,17,2.19238,2,0.04561
460,164733,1498.64,358.27,17,2.25781,2,0.0473942
461,55622.7,1488.67,422.61,15,2.44824,2,0.0489409
462,93363,1399.86,414.37,16,2.33398,2,0.0473339
463,92932.1,1694.1,427.354,16,2.60742,2,0.0485167
464,37481.5,1499.35,428.288,14,2.53516,2,0.048958
465,40502.4,1702.57,430.413,14,2.74512,2,0.051332
466,58245.3,1760.14,430.013,15,2.73145,2,0.051782
467,59355.7,1676.64,427.354,15,2.62402,2,0.0512201
468,164548,2223.54,427.354,17,2.77734,2,0.0516116
469,165186,2101.66,429.6,17,2.83008,2,0.0526716
470,91468.2,1816.88,431.173,16,2.77051,2,0.0498341
471,58349.6,2277.78,433.874,15,3.14258,2,0.0533688
472,1.09163e+06,3931.44,433.874,20,3.24902,2,0.0559796
473,93816.7,3019.51,435.149,16,3.44727,2,0.0574978
474,4.25311e+06,7928.2,435.127,22,3.42676,2,0.0604272
475,301090,4754.76,816.724,18,3.80078,3,0.0663515
476,164763,4251.15,920.602,17,3.78223,3,0.067604
477,6.71766e+07,78876.2,962.849,26,3.96875,3,0.0689405
478,6.71825e+07,296590,1800.39,26,5.71973,4,0.0985911
479,8.44745e+06,64405.4,3919.27,23,6.86719,6,0.117494
480,2.14757e+09,3.36554e+06,5332.51,31,7.72266,7,0.133767
481,6.71801e+07,255378,5340.83,26,7.79102,7,0.13766
482,1.07384e+09,1.47395e+06,5290.53,30,7.98535,7,0.140272
483,3.36234e+07,141886,6594.41,25,8.07617,8,0.139264
484,5.36952e+08,919873,4981.75,29,7.52539,7,0.133268
485,8.59005e+09,8.98357e+06,5730.85,33,8.19824,7,0.142083
486,3.36198e+07,309309,7415.68,25,8.84961,9,0.147671
487,6.71805e+07,318335,7804.88,26,8.78809,9,0.14792
488,1.34291e+08,292302,8038.16,27,8.71094,9,0.147094
489,1.718e+10,1.87405e+07,8516.87,34,9.10547,9,0.152256
490,5.36947e+08,1.87604e+06,9248.76,29,9.4209,10,0.157281
491,5.36958e+08,1.68716e+06,7819.61,29,8.875,9,0.148808
492,6.87196e+10,6.99251e+07,7400.46,36,8.95898,9,0.151235
493,8.59005e+09,9.32769e+06,7324.72,33,8.68555,8,0.150078
494,1.07383e+09,1.87349e+06,7581.83,30,8.7793,9,0.144102
495,1.07383e+09,1.65692e+06,6491.28,30,8.32324,8,0.139492
496,2.68519e+08,1.00882e+06,6957.85,28,8.50781,8,0.140763
497,4.29507e+09,7.43457e+06,7077.08,32,8.5459,9,0.145223
498,5.36956e+08,1.40803e+06,7031.77,29,8.6543,8,0.144159
499,1.07384e+09,2.78796e+06,7031.77,30,8.52734,8,0.142488
500,4.29507e+09,6.55969e+06,8557.94,32,8.91016,9,0.146426
501,5.36945e+08,1.33699e+06,6957.85,29,8.77734,8,0.150621
502,5.36959e+08,2.06143e+06,8800.09,29,9.42969,9,0.15673
503,5.36962e+08,2.0443e+06,8392.5,29,9.19238,9,0.150261
504,5.36954e+08,1.40516e+06,9176.05,29,9.34473,10,0.151658
505,2.14758e+09,4.52036e+06,7042.23,31,8.70605,8,0.143894
506,2.68516e+08,1.08793e+06,7196.15,28,8.75781,8,0.144362
507,5.36943e+08,1.57879e+06,7226.23,29,8.74121,8,0.143288
508,1.34298e+08,978748,7052.67,27,8.74316,8,0.145719
509,1.718e+10,2.45419e+07,8585.21,34,9.28027,9,0.148519
510,1.07383e+09,3.4885e+06,8489.39,30,9.24219,9,0.152066
511,2.14757e+09,4.66632e+06,7201.15,31,8.76465,9,0.145392
512,2.14759e+09,5.82008e+06,9123.58,31,9.51367,9,0.152444
513,3.43599e+10,3.71388e+07,7863.66,35,9.49023,9,0.152339
514,4.29507e+09,6.70369e+06,9110.94,32,9.70215,9,0.155658
515,2.6852e+08,2.26815e+06,7010.77,28,9.02637,8,0.147597
516,8.59005e+09,1.28758e+07,7878.31,33,9.15527,9,0.151665
517,5.36963e+08,2.27246e+06,7315,29,8.94336,8,0.145902
518,2.74878e+11,2.91222e+08,7073.47,38,8.95312,8,0.146249
519,2.14759e+09,1.33716e+07,6989.67,31,8.87207,8,0.140862
520,1.718e+10,4.00647e+07,8475.61,34,9.15625,9,0.147492
521,8.59005e+09,2.66304e+07,6244.5,33,8.74902,8,0.1442
522,2.14758e+09,1.02558e+07,5324.16,31,8.41309,7,0.146449
523,1.718e+10,1.93872e+07,6351.29,34,8.49902,8,0.142625
524,4.29508e+09,1.50137e+07,4804.14,32,8.05664,7,0.146716
525,1.718e+10,3.01624e+07,4172.16,34,7.81738,7,0.142445
526,3.43599e+10,4.86942e+07,4191.47,35,7.79688,6,0.146704
527,8.59004e+09,1.74747e+07,5457.4,33,8.24414,8,0.148254
528,1.07383e+09,4.60354e+06,5260.61,30,8.25098,8,0.146552
529,4.29507e+09,1.39862e+07,5446.9,32,8.10449,7,0.145802
530,3.43598e+10,4.42995e+07,5563.94,35,8.19336,7,0.142719
531,1.718e+10,4.23948e+07,6662.24,34,8.58105,8,0.147199
532,3.43599e+10,4.27702e+07,6038.74,35,8.00293,8,0.139274
533,4.29507e+09,1.01797e+07,5609.03,32,8.3623,7,0.14519
534,8.59005e+09,1.5922e+07,4659.43,33,7.86719,7,0.135624
535,2.14757e+09,8.48748e+06,5099.37,31,8.35547,7,0.150527
536,3.43599e+10,7.01859e+07,5340.83,35,8.51562,7,0.150851
537,1.07384e+09,5.84425e+06,3912.98,30,7.88379,6,0.141406
538,2.14758e+09,1.06737e+07,6268.36,31,8.62793,8,0.150467
539,1.09951e+12,1.12342e+09,6038.74,40,8.89453,8,0.151917
540,3.43599e+10,4.34508e+07,7256.07,35,9.32031,8,0.160316
541,8.59003e+09,1.94334e+07,8009.27,33,9.61621,9,0.168075
542,8.59004e+09,1.38984e+07,8038.16,33,9.53613,9,0.162161
543,8.59003e+09,2.16189e+07,7584.59,33,9.37109,8,0.162249
544,8.59004e+09,1.899e+07,7052.67,33,9.16602,8,0.159668
545,2.14758e+09,7.27232e+06,8746.92,31,9.72949,9,0.167884
546,1.718e+10,2.81135e+07,7275.83,34,9.15723,8,0.157567
547,8.59005e+09,3.53104e+07,7701.31,33,9.52344,9,0.159733
548,2.74878e+11,3.10821e+08,7344.08,38,9.28906,8,0.15913
549,4.29507e+09,1.19166e+07,7077.08,32,8.98633,9,0.157207
550,1.718e+10,2.38569e+07,6662.24,34,8.83691,8,0.153423
551,8.59004e+09,1.38823e+07,7042.23,33,9.15625,8,0.15807
552,4.29505e+09,7.95254e+06,7265.96,32,9.17285,8,0.159554
553,3.43599e+10,4.12189e+07,7790.14,35,9.16309,9,0.153204
554,1.07385e+09,4.76197e+06,7863.66,30,9.0293,9,0.158126
555,8.59004e+09,1.70213e+07,7000.23,33,9.03027,8,0.15694
556,1.718e+10,3.27102e+07,6871.97,34,9.03516,8,0.155431
557,8.59004e+09,2.27769e+07,7010.77,33,9.07129,8,0.158021
558,4.29505e+09,7.34735e+06,6871.97,32,8.97656,8,0.151427
559,2.14757e+09,8.32558e+06,7104.48,31,9.07129,8,0.154009
560,1.07382e+09,4.57005e+06,6339.5,30,8.85547,8,0.1528
561,3.43599e+10,4.46296e+07,6707.04,35,8.7041,8,0.151984
562,1.07382e+09,3.69571e+06,6479.72,30,8.63477,8,0.145976
563,8.59004e+09,1.35512e+07,5478.69,33,8.45703,7,0.144383
564,4.29506e+09,9.32249e+06,5548.69,32,8.36719,7,0.146295
565,8.59004e+09,1.04616e+07,7410.92,33,8.9541,8,0.149944
566,3.43599e+10,5.08835e+07,9297.69,35,9.85645,9,0.158919
567,4.29505e+09,9.64541e+06,7596.83,32,9.34473,9,0.165494
568,1.718e+10,3.50912e+07,7476.34,34,9.33789,9,0.164437
569,1.07381e+09,3.44006e+06,8826.53,30,9.70801,9,0.167639
570,2.14759e+09,7.65751e+06,6537.32,31,9.09863,8,0.163625
571,4.29506e+09,6.89565e+06,7216.23,32,9.01465,8,0.158633
572,8.59002e+09,1.98779e+07,8280.5,33,9.30176,9,0.159909
573,1.718e+10,3.76509e+07,7467.02,34,9.29492,8,0.160287
574,4.29507e+09,1.77008e+07,7139.25,32,9.05762,9,0.161212
575,6.87196e+10,1.07497e+08,6957.85,36,9.18457,8,0.160918
576,3.43599e+10,6.22202e+07,9489.92,35,9.9082,9,0.167821
577,6.87196e+10,8.0869e+07,8571.59,36,9.49414,9,0.159647
578,6.87196e+10,1.15677e+08,11235.1,36,10.4082,10,0.176319
579,8.59005e+09,3.23162e+07,13569.2,33,11.1094,11,0.18412
580,6.87196e+10,1.16776e+08,13355.5,36,11.1133,11,0.184525
581,6.87196e+10,9.92874e+07,13178.7,36,11.0898,11,0.181149
582,2.74878e+11,3.12882e+08,12347.3,38,10.9854,10,0.188258
583,3.43599e+10,8.02537e+07,12252.2,35,11.2227,10,0.178621
584,2.19902e+12,2.26979e+09,14963.9,41,11.5498,11,0.176421
585,2.74878e+11,3.25441e+08,16540.9,38,11.9863,12,0.182016
586,5.49756e+11,7.92884e+08,15220.6,39,11.6357,11,0.176532
587,5.49756e+11,6.55324e+08,13856,39,11.4326,11,0.174642
588,2.74878e+11,5.44987e+08,15271.1,38,12.0244,11,0.178653
589,8.59005e+09,7.85043e+07,14718.5,33,11.6807,11,0.172864
590,2.74878e+11,6.32961e+08,12759.3,38,11.3818,11,0.171198
591,1.37439e+11,3.69308e+08,14358.5,37,11.4629,11,0.17597
592,2.74878e+11,8.1621e+08,9098.28,38,10.127,9,0.162123
593,1.75922e+13,1.73824e+10,10588.8,44,10.6025,10,0.172906
594,1.09951e+12,1.41505e+09,13530.5,40,11.1865,11,0.17286
595,3.51844e+13,3.89686e+10,11768,45,10.7607,10,0.170968
596,3.43599e+10,1.46912e+08,13257.5,35,11.5195,11,0.176325
597,1.09951e+12,1.92437e+09,12279.6,40,11.0781,10,0.171043
598,6.87196e+10,1.38895e+08,15371.2,36,11.5977,11,0.171973
599,1.37439e+11,4.01289e+08,15696.5,37,11.8311,11,0.176646
600,2.74878e+11,3.97842e+08,15387.8,38,11.6514,11,0.171352
601,4.39805e+12,4.66309e+09,18755.9,42,12.209,12,0.18028
602,1.718e+10,9.85129e+07,15152.8,34,12.1084,11,0.183619
603,2.19902e+12,2.86915e+09,13950.4,41,11.7363,11,0.177872
604,8.79609e+12,9.28631e+09,19976.2,43,12.5518,12,0.1852
605,2.74878e+11,7.88992e+08,24706.1,38,13.3301,13,0.199567
606,3.51844e+13,4.70293e+10,23860.5,45,13.1025,13,0.199448
607,2.2518e+15,2.206e+12,36214,51,14.3779,14,0.217918
608,2.81475e+14,3.12835e+11,26874.6,48,13.7236,13,0.212114
609,4.39805e+12,1.02858e+10,26917.7,42,14.0635,13,0.22076
610,8.79609e+12,9.07078e+09,26007.6,43,13.7988,13,0.21393
611,8.79609e+12,1.11002e+10,36160.7,43,14.2295,14,0.216112
612,2.74878e+11,1.33448e+09,26896.2,38,13.751,13,0.213309
613,7.03687e+13,7.2509e+10,35319.9,46,14.0791,14,0.214953
614,5.49756e+11,3.79044e+09,27131,39,14.0117,13,0.204119
615,2.81475e+14,2.77097e+11,27024.8,48,13.9033,13,0.201931
616,1.75922e+13,2.56916e+10,27319.8,44,14.3564,13,0.206812
617,1.75922e+13,2.89657e+10,26458.5,44,13.9326,13,0.20291
618,1.40737e+14,1.44871e+11,23885.7,47,13.4736,13,0.199725
619,8.79609e+12,2.11892e+10,38313.9,43,14.2598,14,0.20492
620,8.79609e+12,1.57606e+10,38194.1,43,14.5,14,0.205848
621,2.81475e+14,2.92849e+11,20459.8,48,13.3955,12,0.194692
622,1.75922e+13,3.74074e+10,36844.3,44,14.2861,14,0.200059
623,1.75922e+13,2.78645e+10,19529.4,44,13.2461,12,0.19163
624,8.79609e+12,2.66112e+10,25591.2,43,13.5723,13,0.192625
625,4.39805e+12,1.21054e+10,36662.3,42,14.1787,14,0.199075
626,4.39805e+12,6.97606e+09,37804.6,42,14.6777,14,0.204303
627,3.51844e+13,7.86207e+10,26502.8,45,13.71,13,0.192731
628,4.39805e+12,6.94203e+09,26279.7,42,13.4346,13,0.18973
629,3.51844e+13,3.96101e+10,20900.8,45,13.5322,12,0.192619
630,4.39805e+12,1.13319e+10,24583.6,42,13.4551,13,0.198179
631,1.40737e+14,1.53128e+11,27382.1,47,13.8936,13,0.199649
632,1.75922e+13,2.63789e+10,37581.5,44,14.4033,14,0.202376
633,8.79609e+12,2.41132e+10,16098,43,12.8662,11,0.187506
634,7.03687e+13,9.21674e+10,25379.5,46,13.6611,13,0.193946
635,8.79609e+12,2.1101e+10,27067.4,43,13.9531,13,0.194484
636,3.51844e+13,4.93252e+10,34763.4,45,14.3311,14,0.197965
637,7.03687e+13,7.42435e+10,54327.6,46,15.0518,15,0.2099
638,1.40737e+14,2.4141e+11,35648.6,47,14.5283,14,0.210914
639,2.81475e+14,3.34516e+11,34819.6,48,14.8643,14,0.221103
640,1.40737e+14,2.22892e+11,25141.5,47,14.3047,13,0.211727
641,5.6295e+14,6.24131e+11,23809.8,49,13.7803,13,0.209472
642,7.03687e+13,1.13757e+11,19588.6,46,14.0059,12,0.204627
643,1.40737e+14,4.32729e+11,19370.1,47,13.3643,12,0.196736
644,7.03687e+13,2.17861e+11,24583.6,46,14.042,13,0.210112
645,5.6295e+14,1.07923e+12,27278.1,49,14.417,13,0.217563
646,2.81475e+14,3.09101e+11,20495.9,48,13.4092,12,0.205152
647,1.75922e+13,5.39987e+10,19667.2,44,13.5635,12,0.219862
648,1.40737e+14,2.76595e+11,23885.7,47,13.875,13,0.220115
649,2.81475e+14,4.37261e+11,18418.1,48,13.1289,12,0.20923
650,2.81475e+14,2.98488e+11,15203.7,48,13.0137,11,0.206975
651,1.40737e+14,2.61411e+11,15337.9,47,13.3818,11,0.213154
652,3.51844e+13,1.65739e+11,18332.6,45,13.4248,12,0.217393
653,1.1259e+15,1.23387e+12,14248.4,50,12.7764,11,0.208655
654,5.6295e+14,1.21433e+12,15807,49,13.4346,11,0.204346
655,1.40737e+14,2.06322e+11,13893.8,47,12.7256,11,0.199724
656,1.40737e+14,1.58876e+11,15880.1,47,12.8047,12,0.20524
657,7.03687e+13,1.83309e+11,14647.4,46,12.9248,11,0.208257
658,1.40737e+14,3.49282e+11,13119.4,47,12.1504,11,0.197663
659,3.51844e+13,6.95765e+10,14266.8,45,12.5166,11,0.205453
660,3.51844e+13,1.05429e+11,14155.9,45,12.7393,11,0.205164
661,3.51844e+13,8.07766e+10,14647.4,45,12.4326,11,0.198551
662,1.40737e+14,2.59024e+11,19208.8,47,13.1807,12,0.208381
663,1.40737e+14,3.48177e+11,18246.7,47,13.5537,12,0.212174
664,1.1259e+15,1.35256e+12,17656.3,50,13.1934,12,0.209994
665,4.5036e+15,4.82591e+12,17343.2,52,13.7812,12,0.215224
666,9.0072e+15,1.73351e+13,27003.5,53,14.7607,13,0.230452
667,2.81475e+14,8.30543e+11,36844.3,48,15.5469,14,0.245258
668,5.6295e+14,7.9153e+11,24287,49,14.5869,13,0.230732
669,1.1259e+15,2.0992e+12,35043,50,14.7695,14,0.239284
670,1.80144e+16,2.07008e+13,20071,54,14.1396,12,0.226605
671,1.40737e+14,3.07737e+11,53581.8,47,15.4443,15,0.234649
672,9.0072e+15,1.105e+13,26982.1,53,14.2236,13,0.227872
673,1.1259e+15,1.55836e+12,20441.6,50,14.4043,12,0.231956
674,2.2518e+15,3.20054e+12,20405.2,51,13.9658,12,0.226362
675,4.5036e+15,6.12351e+12,14229.9,52,13.2969,11,0.216485
676,2.2518e+15,4.20155e+12,18203.6,51,13.832,12,0.220841
677,2.2518e+15,5.39618e+12,14859.4,51,13.4229,11,0.217062
678,1.80144e+16,1.81608e+13,9854.89,54,12.6133,10,0.208109
679,5.6295e+14,2.05207e+12,15519.2,49,13.7627,11,0.234313
680,1.40737e+14,4.47215e+11,10965,47,12.4648,10,0.214421
681,2.81475e+14,7.01576e+11,10655.1,48,11.9639,10,0.208466
682,3.51844e+13,1.45179e+11,11841.4,45,12.4785,10,0.204722
683,7.20576e+16,7.33437e+13,12440.7,56,12.7676,10,0.209241
684,5.6295e+14,1.76451e+12,13296.8,49,12.8379,11,0.209519
685,2.81475e+14,7.51871e+11,9617.6,48,11.6475,9,0.195536
686,5.6295e+14,1.4399e+12,11977.3,49,11.96,11,0.19781
687,1.40737e+14,4.24082e+11,10721,47,12.0879,10,0.198067
688,2.2518e+15,3.41788e+12,10997.1,51,11.8721,10,0.198323
689,3.51844e+13,2.011e+11,10932.8,45,11.7803,10,0.200436
690,5.6295e+14,6.19885e+11,11554.4,49,11.7012,11,0.196024
691,2.2518e+15,2.76801e+12,8110.04,51,11.2637,9,0.193234
692,4.5036e+15,1.08547e+13,11511.7,52,12.8291,11,0.218826
693,3.51844e+13,1.87997e+11,11703.2,45,12.5488,11,0.210244
694,4.5036e+15,4.81406e+12,11077.1,52,12.1846,10,0.203206
695,1.40737e+14,4.59836e+11,15961.9,47,13.1484,11,0.208403
696,1.80144e+16,1.79506e+13,11482.8,54,12.082,10,0.199458
697,1.40737e+14,5.11463e+11,14303.5,47,12.7021,11,0.207452
698,9.0072e+15,8.91061e+12,13874.9,53,12.7432,11,0.206132
699,4.5036e+15,5.98939e+12,12014.6,52,12.2178,10,0.206231
700,2.81475e+14,8.64143e+11,14062.9,48,12.7129,11,0.213249
701,7.03687e+13,2.12218e+11,13703.7,46,12.4795,11,0.208561
702,1.80144e+16,2.20633e+13,13198.4,54,12.6641,11,0.211022
703,5.6295e+14,9.64861e+11,13257.5,49,12.5205,11,0.213128
704,1.44115e+17,1.42785e+14,11986,57,12.6768,10,0.213661
705,1.1259e+15,2.51928e+12,14467.6,50,13.3662,11,0.224083
706,2.2518e+15,3.66811e+12,12637.7,51,12.7188,11,0.217199
707,9.0072e+15,1.67856e+13,16470.9,53,13.1602,12,0.2186
708,9.0072e+15,1.10461e+13,19489.7,53,13.2139,12,0.22078
709,2.81475e+14,6.78763e+11,15169.8,48,12.9355,11,0.223018
710,5.6295e+14,1.25389e+12,14753.9,49,12.9766,11,0.220687
711,4.5036e+15,5.64243e+12,16796,52,12.8623,12,0.22371
712,7.20576e+16,7.26637e+13,20165,56,14.1699,12,0.244348
713,2.2518e+15,4.23574e+12,17611.9,51,13.3711,12,0.234086
714,9.0072e+15,1.48156e+13,16703.6,53,13.3984,12,0.238389
715,2.2518e+15,3.94402e+12,23885.7,51,14.1191,13,0.237681
716,5.6295e+14,1.07496e+12,17986.5,49,13.7393,12,0.238966
717,4.5036e+15,6.22151e+12,25823.7,52,14.8184,13,0.245275
718,4.5036e+15,8.22351e+12,22539.3,52,14.6484,13,0.245138
719,4.5036e+15,5.76902e+12,24876.4,52,14.5928,13,0.242893
720,4.5036e+15,7.72616e+12,22032.1,52,14.5938,13,0.243991
721,3.60288e+16,5.58686e+13,25093.5,55,15.0215,13,0.253887
722,3.60288e+16,8.66073e+13,17877.1,55,13.8916,12,0.245805
723,9.0072e+15,1.17741e+13,14575.8,53,13.75,11,0.241104
724,7.20576e+16,8.56643e+13,14193,56,13.6592,11,0.247479
725,1.44115e+17,1.50914e+14,18984.1,57,13.9668,12,0.237094
726,5.76461e+17,7.23886e+14,13799,59,13.4863,11,0.240816
727,2.8823e+17,3.15802e+14,10337.1,58,13.2783,10,0.250487
728,9.0072e+15,1.87232e+13,16447.5,53,14.0342,12,0.246613
729,3.60288e+16,5.59597e+13,12698.6,55,13.4297,11,0.237254
730,1.1259e+15,3.66074e+12,10802.9,50,12.5156,10,0.231461
731,3.60288e+16,6.04378e+13,10455.2,55,12.8184,10,0.234238
732,1.80144e+16,6.73279e+13,10201,54,13.3984,10,0.249166
733,5.76461e+17,6.18223e+14,9994.29,59,13.0508,10,0.246891
734,2.8823e+17,4.38354e+14,49771.1,58,15.9658,15,0.27805
735,9.0072e+15,1.75313e+13,17964.7,53,15.0977,12,0.268862
736,2.8823e+17,5.90554e+14,13607.7,58,14.6006,11,0.265563
737,2.8823e+17,9.20101e+14,23784.4,58,15.3105,13,0.27595
738,4.61169e+18,5.80152e+15,14685.8,62,15.0625,12,0.277068
739,1.15292e+18,1.49551e+15,11344.3,60,14.0781,10,0.26291
740,2.30584e+18,3.19624e+15,7503.79,61,12.7158,8,0.245169
741,1.15292e+18,2.28967e+15,4889.09,60,11.3535,7,0.229576
742,1.84467e+19,1.82148e+16,10620.5,64,14.0537,11,0.267723
743,7.3787e+19,7.27295e+16,11359.7,66,13.8486,10,0.258388
744,1.15292e+18,1.28186e+15,19728.7,60,16.0439,13,0.293292
745,1.15292e+18,1.44901e+15,13912.7,60,15.1055,11,0.283494
746,1.15292e+18,2.85162e+15,14683,60,15.71,11,0.291515
747,9.22337e+18,9.9554e+15,15760.4,63,15.4238,12,0.285906
748,9.22337e+18,9.17193e+15,22908,63,15.4336,13,0.287997
749,7.20576e+16,2.17533e+14,21843.2,56,15.9023,13,0.288702
750,1.44115e+17,3.92626e+14,14536.4,57,15.3262,12,0.286276
751,1.15292e+18,1.9883e+15,18880.8,60,15.0107,12,0.273625
752,2.30584e+18,2.2917e+15,19025.2,61,15.085,12,0.275407
753,5.76461e+17,1.33192e+15,20772.5,59,15.6729,13,0.286007
754,2.8823e+17,3.28801e+14,19861.3,58,14.9785,12,0.277027
755,5.76461e+17,1.02245e+15,14718.5,59,14.7588,11,0.276514
756,3.68935e+19,4.28711e+16,13059.8,65,14.4004,11,0.26888
757,2.95148e+20,2.88536e+17,9186.37,68,13.7119,9,0.261933
758,1.15292e+18,2.73763e+15,9590.16,60,13.5996,10,0.269014
759,4.61169e+18,4.66291e+15,6947.2,62,12.9756,8,0.256845
760,1.15292e+18,1.21272e+15,7114.77,60,13.377,8,0.260412
761,1.15292e+18,3.46751e+15,6031.21,60,12.9844,9,0.250931
762,1.15292e+18,2.46819e+15,6548.77,60,12.9395,8,0.246343
763,2.30584e+18,3.57193e+15,6280.26,61,12.9795,8,0.250295
764,1.44115e+17,3.89686e+14,10708.8,57,13.2139,11,0.252696
765,4.61169e+18,4.85818e+15,8066.97,62,12.2031,9,0.234261
766,1.44115e+17,2.01207e+14,10404.7,57,13.7432,10,0.26103
767,1.44115e+17,3.63525e+14,6817.54,57,12.6748,8,0.246689
768,2.8823e+17,7.35023e+14,5207.57,58,11.8994,8,0.238798
769,1.15292e+18,1.4969e+15,4620.2,60,12.0391,7,0.238157
770,1.44115e+17,1.69335e+14,8612.39,57,11.6221,9,0.224903
771,2.30584e+18,2.76781e+15,9607.94,61,12.3047,10,0.237901
772,9.0072e+15,2.92954e+13,5260.61,53,11.252,8,0.225871
773,9.22337e+18,1.29249e+16,4130,63,10.3301,7,0.214045
774,1.44115e+17,3.73924e+14,4775.51,57,10.8555,7,0.222128
775,7.3787e+19,7.67651e+16,3944.23,66,10.6201,6,0.217007
776,1.44115e+17,3.43037e+14,2299.79,57,9.20312,5,0.197373
777,1.15292e+18,1.48416e+15,3651.5,60,10.7305,6,0.223249
778,7.3787e+19,1.4421e+17,2482.59,66,9.31055,6,0.200403
779,7.3787e+19,7.72493e+16,1828,66,9.15039,5,0.195495
780,3.68935e+19,3.668e+16,4077,65,9.92383,7,0.204945
781,9.22337e+18,9.03189e+15,5161.3,63,10.3848,7,0.210127
782,5.76461e+17,8.2575e+14,5100.78,59,10.9746,8,0.21754
783,1.80144e+16,4.51755e+13,8882.35,54,11.6826,10,0.220983
784,7.20576e+16,9.31441e+13,10438.4,56,12.0244,10,0.229815
785,4.61169e+18,4.54263e+15,7420.35,62,11.5596,8,0.225786
786,9.22337e+18,9.0811e+15,10638.5,63,11.8838,10,0.226841
787,4.61169e+18,5.07773e+15,6148.31,62,10.9971,8,0.216131
788,1.15292e+18,1.41427e+15,7400.46,60,11.5742,9,0.227019
789,7.55579e+22,7.38257e+19,12141.5,76,13.0225,10,0.244019
790,9.44473e+21,9.62206e+18,8461.81,73,12.8682,9,0.250279
791,3.68935e+19,9.5377e+16,6729.32,65,12.3994,8,0.236786
792,4.61169e+18,8.37238e+15,10505.5,62,12.8203,10,0.24381
793,7.3787e+19,7.98208e+16,7703.68,66,12.2012,10,0.232538
794,1.18059e+21,1.52291e+18,6951.94,70,12.752,9,0.237317
795,9.44473e+21,9.39283e+18,5625.16,73,12.8623,8,0.246304
796,3.68935e+19,9.95686e+16,3784.9,65,11.6416,7,0.22693
797,1.88895e+22,1.8499e+19,4297.24,74,12.0166,7,0.236388
798,1.88895e+22,1.87172e+19,3150.06,74,11.4043,6,0.228117
799,1.18059e+21,1.19899e+18,1600.31,70,10.2256,4,0.214418
800,7.3787e+19,2.15106e+17,2842.44,66,11.2295,6,0.229532
801,1.18059e+21,1.84416e+18,2842.44,70,11.2129,6,0.228425
802,5.90296e+20,6.12182e+17,2187.96,69,10.8135,5,0.222691
803,4.72237e+21,5.22228e+18,2910.4,72,10.6426,6,0.213945
804,7.3787e+19,7.616e+16,2351.18,66,10.5449,5,0.214128
805,4.72237e+21,4.90452e+18,4348.73,72,10.7588,7,0.214635
806,2.95148e+20,7.83382e+17,3254.33,68,11.0811,7,0.227032
807,3.68935e+19,4.17238e+16,3817.83,65,11.209,7,0.224373
808,2.95148e+20,3.22911e+17,2927.26,68,10.835,6,0.227466
809,3.77789e+22,3.70456e+19,3019.15,75,11.3291,6,0.232028
810,9.44473e+21,1.39627e+19,3285.4,73,11.8604,6,0.241947
811,5.90296e+20,6.44343e+17,3133.88,69,11.2588,6,0.232319
812,1.84467e+19,2.82016e+16,3378.48,64,11.8115,6,0.241112
813,9.22337e+18,2.44075e+16,3685.41,63,12.2188,7,0.24972
814,4.72237e+21,5.2068e+18,4034.34,72,12.3584,7,0.247697
815,2.95148e+20,3.41958e+17,3285.4,68,11.7793,6,0.242384
816,1.47574e+20,2.47674e+17,3855.34,67,13.082,6,0.258307
817,4.72237e+21,4.86009e+18,5790.24,72,13.9893,8,0.269843
818,3.68935e+19,4.73654e+16,4108.84,65,12.8086,7,0.248365
819,2.95148e+20,2.90419e+17,3900.32,68,13.0186,6,0.249153
820,1.18059e+21,1.22715e+18,5483.38,70,14.0557,8,0.269159
821,1.51116e+23,1.84814e+20,3959.17,77,13.7715,7,0.271019
822,7.55579e+22,7.38962e+19,3293.24,76,12.5977,6,0.250665
823,1.47574e+20,1.78832e+17,3773.89,67,13.1436,7,0.26473
824,1.47574e+20,3.41843e+17,5599.52,67,15.04,8,0.290284
825,1.84467e+19,2.57869e+16,2994.24,64,12.7061,6,0.254353
826,1.47574e+20,2.04503e+17,3222.21,67,12.8633,6,0.257391
827,4.72237e+21,6.21217e+18,2322.76,72,11.9453,5,0.234702
828,9.44473e+21,1.7375e+19,3002.56,73,12.8887,6,0.257501
829,9.44473e+21,1.05439e+19,5852.99,73,15.1416,8,0.29635
830,1.51116e+23,1.4913e+20,3052.19,77,12.9287,6,0.259299
831,2.36118e+21,4.79548e+18,3806.87,71,14.2266,7,0.289038
832,4.72237e+21,5.86062e+18,2952.47,72,12.46,6,0.255975
833,5.90296e+20,1.17761e+18,2084.28,69,11.6152,5,0.240816
834,9.44473e+21,9.52795e+18,2654.09,73,11.5029,5,0.238196
835,4.8357e+24,4.74285e+21,3618.51,82,13.0107,7,0.260637
836,6.04463e+23,6.1875e+20,4130,79,13.1455,7,0.262209
837,1.84467e+19,8.55298e+16,2808.18,64,11.6104,6,0.23927
838,4.72237e+21,4.96369e+18,2065.64,72,11.5674,5,0.235166
839,1.47574e+20,2.03985e+17,2096.64,67,11.5898,5,0.240403
840,2.36118e+21,2.45196e+18,2127.37,71,11.0322,5,0.23164
841,2.36118e+21,4.35062e+18,2133.48,71,10.752,5,0.228679
842,9.22337e+18,2.25299e+16,2217.82,63,10.7637,5,0.226207
843,5.90296e+20,6.24995e+17,2096.64,69,10.5342,5,0.225528
844,3.68935e+19,5.11626e+16,2695.53,65,10.8105,6,0.226238
845,1.20893e+24,1.18308e+21,2739.09,80,11.4219,6,0.238679
846,1.51116e+23,1.59193e+20,6505.87,77,14.4248,9,0.283353
847,1.88895e+22,1.96301e+19,7907.55,74,14.6045,9,0.288015
848,4.72237e+21,5.08705e+18,4600.48,72,14.2998,7,0.289035
849,5.90296e+20,8.9233e+17,9746.17,69,14.6396,11,0.290208
850,5.90296e+20,1.19693e+18,3861.56,69,12.9424,7,0.261088
851,1.88895e+22,1.90247e+19,5405.25,74,14.1641,8,0.282789
852,2.36118e+21,3.19135e+18,7010.77,71,15.5645,8,0.305546
853,3.77789e+22,5.59959e+19,7521.66,75,15.6543,9,0.305516
854,7.3787e+19,1.63004e+17,8679.94,66,15.1299,9,0.297282
855,3.77789e+22,3.71723e+19,7801.02,75,14.9365,10,0.295013
856,2.95148e+20,1.38003e+18,7536.73,68,15.1602,9,0.301194
857,1.20893e+24,1.18522e+21,5764.08,80,14.1289,9,0.284399
858,5.90296e+20,1.05733e+18,5054.52,69,13.4805,7,0.272142
859,1.20893e+24,1.22705e+21,4530.98,80,13.6895,7,0.272814
860,2.47588e+27,2.41785e+24,7723.18,91,15.1416,10,0.302228
861,1.93428e+25,1.9122e+22,17678.5,84,17.0293,12,0.334891
862,2.41785e+24,2.36293e+21,21105.2,81,16.7686,13,0.329328
863,7.55579e+22,8.38154e+19,5586.68,76,14.418,8,0.290351
864,9.67141e+24,9.48174e+21,11232.3,83,15.7607,11,0.311679
865,1.88895e+22,3.00831e+19,16726.7,74,17.0469,12,0.329719
866,1.88895e+22,2.31949e+19,9731.88,74,15.1201,10,0.300498
867,3.77789e+22,4.47276e+19,14260.8,75,16.3994,12,0.318677
868,7.55579e+22,1.20539e+20,24162.3,76,16.4805,13,0.319347
869,7.3787e+19,1.26091e+17,23298,66,15.7861,13,0.304326
870,2.36118e+21,3.94886e+18,17678.5,71,15.7334,12,0.304496
871,1.18059e+21,1.3924e+18,12637.7,70,14.748,11,0.290332
872,2.36118e+21,3.75263e+18,32044.7,71,16.8174,14,0.320795
873,1.51116e+23,2.24197e+20,35973.3,77,17.6553,14,0.337092
874,3.77789e+22,5.40197e+19,53644.6,75,18.0996,15,0.342374
875,4.72237e+21,8.48184e+18,26657.1,72,16.7891,13,0.317677
876,9.44473e+21,2.82448e+19,32044.7,73,17.4443,14,0.327125
877,9.44473e+21,2.5691e+19,24187.3,73,17.1465,13,0.331082
878,3.02231e+23,3.26691e+20,14340.2,78,16.5254,11,0.314417
879,3.02231e+23,3.10301e+20,12819.8,78,14.9766,11,0.281903
880,3.02231e+23,3.69791e+20,17545,78,16.4082,12,0.305199
881,3.77789e+22,4.28203e+19,52692.3,75,18.7773,15,0.335786
882,4.72237e+21,5.65012e+18,23784.4,72,17.2969,13,0.31424
883,7.55579e+22,7.89821e+19,17184.9,76,16.5723,12,0.303219
884,4.72237e+21,8.29845e+18,20605,72,16.7695,13,0.312526
885,4.72237e+21,4.92408e+18,51782.8,72,18.0547,15,0.327927
886,4.72237e+21,9.46199e+18,50954.8,72,18.2129,15,0.346371
887,4.72237e+21,6.56897e+18,54204.4,72,18.6572,15,0.351234
888,2.36118e+21,2.6615e+18,33150.9,71,17.4424,14,0.327596
889,1.51116e+23,1.48611e+20,84992.7,77,19.0674,16,0.352885
890,2.36118e+21,8.4548e+18,156065,71,21.0518,17,0.382849
891,2.95148e+20,8.51513e+17,161497,68,21.2246,17,0.386626
892,2.36118e+21,5.08326e+18,87310.4,71,19.6719,16,0.360549
893,1.88895e+22,2.11236e+19,161185,74,21.4912,17,0.392883
894,3.77789e+22,4.7857e+19,293553,75,22.1182,18,0.396621
895,6.04463e+23,6.73491e+20,555769,79,22.9854,19,0.41779
896,5.90296e+20,2.05816e+18,1.08091e+06,69,22.6592,20,0.4107
897,6.04463e+23,6.01563e+20,554565,79,22.5566,19,0.414403
898,1.20893e+24,1.82745e+21,555860,80,22.8809,19,0.423099
899,1.88895e+22,4.66291e+19,155357,74,21.2285,17,0.397932
900,3.02231e+23,6.73576e+20,157073,78,21.1895,17,0.400634
901,3.77789e+22,5.03555e+19,156026,75,21.3408,17,0.394847
902,7.92282e+28,7.73713e+25,159616,96,21.6982,17,0.405981
903,3.02231e+23,4.57433e+20,53738.5,78,19.3008,15,0.38039
904,7.92282e+28,7.73855e+25,19803.4,96,17.9131,12,0.361733
905,6.04463e+23,1.50297e+21,32466.9,79,19.3955,14,0.388826
906,3.86856e+25,3.79003e+22,19350,85,17.7373,12,0.361149
907,9.67141e+24,1.02662e+22,24973.2,83,18.7207,13,0.376257
908,9.67141e+24,1.25029e+22,34225.1,83,18.9141,14,0.378695
909,2.41785e+24,3.29131e+21,32135.5,81,18.7617,14,0.376246
910,9.67141e+24,1.09602e+22,16118,83,17.3027,12,0.353841
911,7.55579e+22,1.41453e+20,50887.9,76,18.499,15,0.36873
912,7.92282e+28,7.73714e+25,36320.3,96,17.6143,14,0.342802
913,6.04463e+23,7.02808e+20,23116.6,79,17.7266,13,0.354482
914,3.02231e+23,3.16084e+20,16540.9,78,16.8936,12,0.34154
915,4.8357e+24,5.73248e+21,49290,82,17.7051,15,0.35714
916,7.55579e+22,1.30909e+20,17589.6,76,16.8213,12,0.349278
917,7.73713e+25,7.6953e+22,14137.4,86,16.5107,11,0.34511
918,3.09485e+26,3.02982e+23,53487.5,88,19.7754,15,0.395151
919,7.92282e+28,7.73921e+25,88939.4,96,20.7539,16,0.406632
920,7.92282e+28,7.76794e+25,163922,96,22.9863,17,0.44079
921,6.04463e+23,1.37794e+21,84313.3,79,21.0977,16,0.408054
922,2.41785e+24,5.3988e+21,152566,81,20.5498,17,0.397279
923,1.20893e+24,1.96133e+21,82816.4,80,19.7402,16,0.385265
924,3.86856e+25,4.5207e+22,155594,85,21.4072,17,0.409164
925,1.23794e+27,1.28484e+24,150089,90,21.2373,17,0.404606
926,6.04463e+23,7.70343e+20,159141,79,22.4287,17,0.420156
927,1.93428e+25,2.1572e+22,159104,84,22.1396,17,0.421273
928,7.92282e+28,7.85932e+25,288873,96,23.5049,18,0.4535
929,2.41785e+24,3.34304e+21,1.08268e+06,81,26.3301,20,0.487778
930,2.41785e+24,3.0154e+21,2.13743e+06,81,27.4189,21,0.507629
931,1.20893e+24,2.66064e+21,1.08268e+06,80,25.9395,20,0.480718
932,1.20893e+24,1.64188e+21,550503,80,23.832,19,0.442616
933,7.73713e+25,7.70643e+22,161876,86,22.835,17,0.421675
934,1.93428e+25,3.26271e+22,1.08586e+06,84,25.2695,20,0.463931
935,1.9807e+28,1.93538e+25,2.13101e+06,94,24.5645,21,0.447062
936,2.47588e+27,2.4179e+24,4.23069e+06,91,24.8945,22,0.457737
937,2.41785e+24,2.40226e+21,2.14014e+06,81,24.9033,21,0.453399
938,3.09485e+26,3.2628e+23,554798,88,22.1875,19,0.397663
939,7.92282e+28,7.73717e+25,558557,96,23.373,19,0.422951
940,4.8357e+24,9.49825e+21,2.13245e+06,82,24.5244,21,0.448401
941,1.51116e+23,3.07892e+20,1.08392e+06,77,24.4502,20,0.440482
942,7.92282e+28,7.73738e+25,559604,96,24.6377,19,0.447286
943,3.86856e+25,5.91191e+22,8.42967e+06,85,25.2432,23,0.462825
944,1.88895e+22,2.37716e+19,2.13953e+06,74,24.5928,21,0.454646
945,6.1897e+26,6.80762e+23,1.08243e+06,89,24.3975,20,0.445303
946,7.92282e+28,7.73718e+25,1.6828e+07,96,27.3936,24,0.491333
947,1.93428e+25,1.9058e+22,1.68294e+07,84,26.8203,24,0.479148
948,4.95176e+27,4.83634e+24,4.2399e+06,92,25.4795,22,0.461899
949,1.20893e+24,1.24684e+21,1.6825e+07,80,26.7148,24,0.493367
950,4.8357e+24,8.50405e+21,3.36089e+07,82,27.668,25,0.501277
951,7.92282e+28,7.73715e+25,3.36058e+07,96,27.4141,25,0.493354
952,1.20893e+24,1.50211e+21,8.43397e+06,80,26.1309,23,0.474188
953,4.95176e+27,4.83672e+24,1.09198e+06,92,24.6738,20,0.447641
954,7.55579e+22,1.13099e+20,4.23728e+06,76,25.0469,22,0.443371
955,7.92282e+28,7.73813e+25,2.14188e+06,96,24.9346,21,0.440802
956,7.92282e+28,7.75237e+25,8.43555e+06,96,25.5137,23,0.447184
957,1.51116e+23,2.84519e+20,8.43524e+06,77,25.3779,23,0.450486
958,2.36118e+21,5.65466e+18,4.24044e+06,71,24.3691,22,0.429143
959,9.67141e+24,9.45279e+21,4.23476e+06,83,24.6006,22,0.43583
960,1.93428e+25,1.96965e+22,8.44651e+06,84,25.9004,23,0.459775
961,3.77789e+22,4.9187e+19,1.68304e+07,75,26.2881,24,0.473547
962,3.09485e+26,3.78134e+23,3.36075e+07,88,27.2656,25,0.48415
963,3.77789e+22,6.412e+19,8.44043e+06,75,26.3047,23,0.462829
964,7.92282e+28,7.73713e+25,4.23643e+06,96,25.0234,22,0.434458
965,1.51116e+23,1.71761e+20,2.14423e+06,77,24.7793,21,0.426837
966,1.18059e+21,3.55025e+18,1.08015e+06,70,22.7793,20,0.400105
967,3.86856e+25,3.77846e+22,1.08167e+06,85,23.2998,20,0.40715
968,4.72237e+21,1.07352e+19,8.44135e+06,72,26.5498,23,0.464825
969,2.36118e+21,6.20482e+18,553296,71,23.2432,19,0.404216
970,7.92282e+28,7.73716e+25,1.08357e+06,96,24.335,20,0.426204
971,7.73713e+25,7.56064e+22,2.13669e+06,86,24.1689,21,0.419763
972,2.41785e+24,2.36467e+21,1.08738e+06,81,23.3711,20,0.405192
973,1.51116e+23,3.9817e+20,2.13659e+06,77,23.9326,21,0.414155
974,1.51116e+23,1.49364e+20,556636,77,22.8252,19,0.403232
975,7.55579e+22,1.24391e+20,559604,76,23.1689,19,0.405002
976,3.02231e+23,2.98425e+20,554519,78,21.3145,19,0.372273
977,3.02231e+23,3.1626e+20,160265,78,21.1357,17,0.371359
978,3.77789e+22,4.4662e+19,554938,75,22.1152,19,0.382125
979,3.02231e+23,6.33346e+20,292540,78,22.1152,18,0.389943
980,9.44473e+21,1.99751e+19,287117,73,21.4971,18,0.377386
981,6.04463e+23,6.18416e+20,1.0804e+06,79,23.293,20,0.405045
982,9.44473e+21,9.27713e+18,290332,73,21.1328,18,0.372149
983,6.04463e+23,7.41245e+20,554938,79,21.4834,19,0.379117
984,9.90352e+27,9.67151e+24,292703,93,21.0957,18,0.377608
985,9.67141e+24,9.46979e+21,2.13856e+06,83,24.3506,21,0.425734
986,3.77789e+22,3.71128e+19,1.08387e+06,75,22.7988,20,0.401795
987,2.36118e+21,3.04304e+18,1.089e+06,71,23.6387,20,0.415977
988,2.36118e+21,2.95172e+18,1.07958e+06,71,22.791,20,0.40116
989,3.77789e+22,5.23212e+19,558115,75,22.0283,19,0.384856
990,6.1897e+26,6.04472e+23,287162,89,21.0459,18,0.383232
991,3.77789e+22,4.14685e+19,159470,75,20.6221,17,0.377071
992,2.36118e+21,3.7215e+18,288176,71,21.082,18,0.381091
993,1.51116e+23,1.57061e+20,549322,77,21.4619,19,0.388971
994,1.18059e+21,1.29405e+18,557088,70,21.6641,19,0.383903
995,4.72237e+21,7.41844e+18,294388,72,21.4766,18,0.379188
996,2.41785e+24,2.36158e+21,292622,81,19.9824,18,0.358753
997,5.90296e+20,1.01189e+18,155040,69,17.8535,17,0.320957
998,6.04463e+23,5.9079e+20,547625,79,20.1992,19,0.357632
999,7.55579e+22,7.41806e+19,160728,76,19.1699,17,0.348521
1000,9.44473e+21,1.1142e+19,87382.3,73,17.708,16,0.322924
1001,7.92282e+28,7.73913e+25,156377,96,18.9668,17,0.343332
1002,9.90352e+27,9.67148e+24,88484.7,93,18.876,16,0.346987
1003,1.47574e+20,4.30919e+17,156143,67,19.3984,17,0.359658
1004,3.77789e+22,4.18346e+19,90975.9,75,18.9053,16,0.351162
1005,1.88895e+22,2.31844e+19,90510.2,74,19.7764,16,0.359912
1006,2.41785e+24,2.4128e+21,286538,81,21.0176,18,0.38294
1007,6.04463e+23,1.78686e+21,556226,79,22.4521,19,0.401976
1008,6.04463e+23,6.32938e+20,1.08586e+06,79,23.2686,20,0.411912
1009,1.54743e+26,1.51842e+23,1.08283e+06,87,23.5869,20,0.4176
1010,6.04463e+23,6.48497e+20,1.0878e+06,79,23.4346,20,0.415629
1011,1.51116e+23,1.72698e+20,549173,77,22.5156,19,0.397508
1012,1.88895e+22,2.94796e+19,2.1381e+06,74,24.4014,21,0.431883
1013,3.77789e+22,4.71474e+19,1.08577e+06,75,23.2939,20,0.409373
1014,1.20893e+24,1.22849e+21,558777,80,22.7441,19,0.401219
1015,2.36118e+21,4.92291e+18,4.22815e+06,71,24.582,22,0.429954
1016,3.77789e+22,4.84659e+19,1.08377e+06,75,23.874,20,0.416827
1017,7.92282e+28,7.76736e+25,4.2336e+06,96,24.7275,22,0.430371
1018,4.95176e+27,4.91128e+24,2.13654e+06,92,24.4512,21,0.429007
1019,9.67141e+24,1.02049e+22,152648,83,19.875,17,0.355747
1020,2.41785e+24,3.08746e+21,4.23574e+06,81,23.9775,22,0.422034
1021,9.44473e+21,1.24943e+19,553580,73,21.5195,19,0.379205
1022,7.55579e+22,1.12048e+20,290459,76,20.3301,18,0.361504
1023,1.23794e+27,1.20893e+24,156842,90,19.7861,17,0.363703
1024,3.02231e+23,6.16135e+20,4.24286e+06,78,24.8291,22,0.432237
1025,1.51116e+23,4.18656e+20,289991,77,21.0625,18,0.378592
1026,1.54743e+26,1.51181e+23,1.0885e+06,87,23.5586,20,0.414753
1027,1.51116e+23,4.78486e+20,1.08762e+06,77,23.8389,20,0.41665
1028,7.73713e+25,7.57297e+22,2.14029e+06,86,24.2285,21,0.422347
1029,7.73713e+25,7.56192e+22,1.68301e+07,86,25.9951,24,0.454479
1030,9.44473e+21,2.02362e+19,2.13989e+06,73,24.2354,21,0.433147
1031,1.54743e+26,1.5116e+23,557626,87,22.3818,19,0.402205
1032,2.47588e+27,8.46273e+24,2.13118e+06,91,23.4072,21,0.415258
1033,2.41785e+24,2.59485e+21,552821,81,22.3604,19,0.401958
1034,9.90352e+27,9.70982e+24,288132,93,20.1357,18,0.373911
1035,6.1897e+26,6.04561e+23,289219,89,20.3535,18,0.366769
1036,2.41785e+24,2.83184e+21,559039,81,22.5576,19,0.39893
1037,7.92282e+28,9.70164e+25,292866,96,20.7549,18,0.371725
1038,7.92282e+28,7.73951e+25,91403,96,20.4756,16,0.360452
1039,1.23794e+27,1.24676e+24,288916,90,21.1914,18,0.372218
1040,2.47588e+27,2.49944e+24,161601,91,20.8662,17,0.37125
1041,9.90352e+27,9.67147e+24,37481.5,93,17.71,14,0.311367
1042,2.41785e+24,2.38734e+21,53171.4,81,19.4258,15,0.342071
1043,1.20893e+24,2.75303e+21,161739,80,20.208,17,0.353405
1044,2.36118e+21,5.19726e+18,93696.6,71,19.835,16,0.347083
1045,9.44473e+21,1.1386e+19,154720,73,19.54,17,0.345181
1046,3.02231e+23,3.71722e+20,288044,78,20.207,18,0.355687
1047,9.90352e+27,9.75641e+24,2.1368e+06,93,23.4727,21,0.412475
1048,6.1897e+26,6.42251e+23,560078,89,21.5469,19,0.374646
1049,1.20893e+24,2.38307e+21,161150,80,20.4932,17,0.356447
1050,7.92282e+28,7.74092e+25,293352,96,21.6709,18,0.382243
1051,4.95176e+27,4.83579e+24,1.08367e+06,92,22.7188,20,0.39767
1052,1.51116e+23,2.07552e+20,2.13706e+06,77,23.5371,21,0.409866
1053,3.09485e+26,3.41253e+23,2.13664e+06,88,23.3018,21,0.404709
1054,1.93428e+25,2.08495e+22,4.23935e+06,84,24.7334,22,0.425718
1055,7.92282e+28,7.87369e+25,8.43728e+06,96,25.2803,23,0.430831
1056,4.95176e+27,6.08515e+24,1.68318e+07,92,26.54,24,0.458426
1057,7.92282e+28,7.7506e+25,1.08873e+06,96,23.7266,20,0.412496
1058,3.09485e+26,3.12408e+23,90942.9,88,20.3105,16,0.361169
1059,7.92282e+28,7.75228e+25,291467,96,22.0605,18,0.389929
1060,6.1897e+26,6.04846e+23,36373.2,89,18.7656,14,0.339288
1061,3.86856e+25,3.81117e+22,288786,85,21.2266,18,0.377584
1062,7.92282e+28,7.73831e+25,1.085e+06,96,23.0312,20,0.404555
1063,1.93428e+25,1.94952e+22,558996,84,21.3281,19,0.372305
1064,3.96141e+28,3.98948e+25,161428,95,20.791,17,0.362837
1065,7.92282e+28,7.75797e+25,2.13841e+06,96,23.3311,21,0.399971
1066,3.86856e+25,4.25328e+22,293992,85,21.376,18,0.366198
1067,1.93428e+25,1.90701e+22,26591.2,84,18.6875,13,0.316135
1068,2.47588e+27,2.41786e+24,152027,91,19.2881,17,0.325537
1069,1.9807e+28,1.96451e+25,1.08303e+06,94,21.7783,20,0.36662
1070,3.96141e+28,3.89902e+25,89936.8,95,19.2822,16,0.327048
1071,1.93428e+25,1.88899e+22,35892.5,84,17.8223,14,0.29375
1072,1.51116e+23,2.43195e+20,91533.3,77,19.5391,16,0.328966
1073,1.23794e+27,1.81345e+24,36999,90,18.2656,14,0.308557
1074,1.93428e+25,2.60337e+22,52434.5,84,19.0811,15,0.317943
1075,6.04463e+23,1.05951e+21,89389.4,79,19.5117,16,0.325203
1076,1.88895e+22,2.74594e+19,34650.9,74,17.6943,14,0.29927
1077,3.77789e+22,7.1031e+19,163890,75,20.0049,17,0.342417
1078,1.54743e+26,1.54025e+23,1.08147e+06,87,21.6494,20,0.369082
1079,4.8357e+24,9.77793e+21,295440,82,21.1699,18,0.357244
1080,1.93428e+25,2.0119e+22,561348,84,21.8242,19,0.373426
1081,3.77789e+22,6.80905e+19,2.13338e+06,75,22.0771,21,0.382791
1082,1.20893e+24,1.18432e+21,1.08648e+06,80,21.6719,20,0.373891
1083,7.92282e+28,1.59582e+26,293753,96,21.5107,18,0.38009
1084,9.90352e+27,9.701e+24,557849,93,20.9971,19,0.372729
1085,1.51116e+23,2.66925e+20,1.08729e+06,77,23.123,20,0.408249
1086,9.90352e+27,9.76618e+24,292703,93,22.2646,18,0.382594
1087,7.92282e+28,7.73792e+25,2.13278e+06,96,23.625,21,0.417388
1088,9.67141e+24,1.30649e+22,2.13999e+06,83,24.1738,21,0.419859
1089,7.92282e+28,7.73766e+25,4.23868e+06,96,25.0449,22,0.441006
1090,7.92282e+28,7.7453e+25,1.08845e+06,96,23.1279,20,0.40019
1091,7.92282e+28,7.73763e+25,4.23493e+06,96,23.7529,22,0.408766
1092,7.92282e+28,9.81844e+25,4.23823e+06,96,24.6123,22,0.429139
1093,7.92282e+28,1.54824e+26,1.09359e+06,96,23.4863,20,0.405343
1094,7.92282e+28,8.99186e+25,2.14256e+06,96,24.0283,21,0.411287
1095,7.92282e+28,2.42768e+26,560632,96,21.6924,19,0.374717
1096,7.92282e+28,7.76742e+25,550209,96,20.7344,19,0.360711
1097,7.92282e+28,7.92633e+25,559604,96,22.1006,19,0.380761
1098,7.92282e+28,8.01757e+25,4.23885e+06,96,24.2939,22,0.430635
1099,7.92282e+28,1.59947e+26,8.43567e+06,96,24.4268,23,0.438339
1100,7.92282e+28,7.82072e+25,8.44501e+06,96,24.6885,23,0.439536
1101,7.92282e+28,7.98328e+25,8.43899e+06,96,24.8105,23,0.442048
1102,1.54743e+26,1.83559e+23,1.68246e+07,87,25.8271,24,0.458861
1103,7.92282e+28,8.25755e+25,8.43799e+06,96,25.3076,23,0.451226
1104,2.47588e+27,2.42087e+24,4.23688e+06,91,23.4033,22,0.421167
1105,3.86856e+25,6.62308e+22,2.14149e+06,85,22.5176,21,0.404342
1106,7.92282e+28,1.55092e+26,4.23534e+06,96,22.5928,22,0.402209
1107,4.8357e+24,4.91511e+21,8.42942e+06,82,23.0615,23,0.404513
1108,3.86856e+25,3.78684e+22,1.08524e+06,85,20.7793,20,0.36759
1109,3.96141e+28,3.91783e+25,8.42431e+06,95,24.4512,23,0.434119
1110,7.92282e+28,7.74012e+25,2.13596e+06,96,23.5273,21,0.422637
1111,7.92282e+28,8.76863e+25,2.13877e+06,96,22.9102,21,0.406846
1112,3.96141e+28,5.92508e+25,1.0862e+06,95,22.9863,20,0.426886
1113,7.92282e+28,1.64738e+26,289520,96,21.54,18,0.412297
1114,7.92282e+28,9.91535e+25,293513,96,22.7627,18,0.433072
1115,4.95176e+27,7.29562e+24,554565,92,21.8721,19,0.422456
1116,7.92282e+28,7.83079e+25,84804.7,96,20.2393,16,0.393067
1117,7.92282e+28,7.7721e+25,53613.2,96,19.0029,15,0.375924
1118,7.92282e+28,7.73847e+25,157188,96,20.7178,17,0.390949
1119,7.92282e+28,9.80808e+25,157645,96,21.1895,17,0.398759
1120,9.67141e+24,1.85355e+22,158362,83,20.874,17,0.396339
1121,4.95176e+27,4.86447e+24,285458,92,20.4346,18,0.389625
1122,7.92282e+28,7.74477e+25,557849,96,20.6611,19,0.388524
1123,7.73713e+25,1.32303e+23,1.08591e+06,86,22.252,20,0.401114
1124,4.95176e+27,6.0454e+24,1.08338e+06,92,21.7354,20,0.39128
1125,3.86856e+25,3.82518e+22,1.07754e+06,85,21.6436,20,0.388534
1126,7.92282e+28,1.5497e+26,2.13648e+06,96,22.9355,21,0.406727
1127,1.9807e+28,2.48684e+25,563312,94,22.4785,19,0.394731
1128,7.73713e+25,7.63747e+22,2.13664e+06,86,22.3252,21,0.392529
1129,7.92282e+28,2.37403e+26,2.13758e+06,96,22.6357,21,0.393317
1130,7.92282e+28,7.80542e+25,4.23505e+06,96,23.1494,22,0.40259
1131,9.90352e+27,9.82331e+24,4.24196e+06,93,23.1064,22,0.406274
1132,7.92282e+28,8.35695e+25,1.08854e+06,96,22.1719,20,0.392487
1133,9.90352e+27,9.68278e+24,2.13419e+06,93,21.543,21,0.385513
1134,4.95176e+27,1.02822e+25,4.22803e+06,92,22.2842,22,0.402228
1135,1.93428e+25,3.21336e+22,1.07791e+06,84,20.79,20,0.373703
1136,7.92282e+28,7.79791e+25,2.13795e+06,96,22.6484,21,0.406149
1137,7.92282e+28,7.75609e+25,4.24039e+06,96,23.6523,22,0.425542
1138,1.54743e+26,1.70329e+23,2.13984e+06,87,23.2461,21,0.415849
1139,2.47588e+27,2.76104e+24,4.23189e+06,91,22.6387,22,0.40333
1140,7.92282e+28,7.97143e+25,1.08298e+06,96,20.9277,20,0.373259
1141,1.93428e+25,2.21527e+22,557178,84,20.6299,19,0.368865
1142,7.92282e+28,8.99911e+25,290670,96,20.1436,18,0.364688
1143,7.92282e+28,7.74471e+25,294190,96,19.8662,18,0.359912
1144,7.92282e+28,8.46396e+25,159397,96,19.3838,17,0.355119
1145,9.67141e+24,1.98244e+22,292988,83,20.0459,18,0.365726
1146,1.23794e+27,1.6839e+24,1.08543e+06,90,20.9316,20,0.383156
1147,7.92282e+28,1.17503e+26,293150,96,19.8223,18,0.361879
1148,9.90352e+27,1.08804e+25,1.08504e+06,93,19.9141,20,0.353086
1149,3.02231e+23,5.96519e+20,554379,78,19.4238,19,0.356157
1150,7.92282e+28,1.01701e+26,558381,96,20.1094,19,0.366625
1151,7.55579e+22,1.23927e+20,155555,76,18.5488,17,0.336468
1152,4.95176e+27,5.75214e+24,285276,92,18.7939,18,0.345639
1153,2.41785e+24,4.74669e+21,52402.1,81,17.791,15,0.332846
1154,9.90352e+27,1.28452e+25,89629.8,93,17.9082,16,0.336092
1155,1.93428e+25,2.3948e+22,1.07395e+06,84,19.9199,20,0.372021
1156,3.96141e+28,3.87049e+25,288612,95,18.8291,18,0.350236
1157,7.92282e+28,7.76738e+25,1.07368e+06,96,19.5986,20,0.361492
1158,3.96141e+28,4.05452e+25,4.23395e+06,95,24.2178,22,0.434508
1159,7.92282e+28,1.69864e+26,8.43212e+06,96,24.6582,23,0.44731
1160,4.95176e+27,4.98876e+24,4.23591e+06,92,23.5527,22,0.423203
1161,1.93428e+25,1.95738e+22,8.44095e+06,84,25.2109,23,0.447633
1162,1.54743e+26,1.70298e+23,8.43846e+06,87,24.4756,23,0.429576
1163,3.09485e+26,3.06298e+23,8.43372e+06,88,24.5283,23,0.433418
1164,9.67141e+24,2.41763e+22,1.68229e+07,83,24.4521,24,0.431878
1165,1.51116e+23,3.64923e+20,8.44038e+06,77,25.0449,23,0.442997
1166,7.73713e+25,7.58122e+22,1.68228e+07,86,24.7002,24,0.436144
1167,7.92282e+28,7.74534e+25,1.68318e+07,96,26.5283,24,0.465707
1168,7.92282e+28,8.81566e+25,5.36945e+08,96,31.0195,29,0.538661
1169,9.90352e+27,1.52185e+25,6.71633e+07,93,27.8975,26,0.490545
1170,7.92282e+28,1.64797e+26,6.71706e+07,96,28.4258,26,0.502454
1171,1.23794e+27,2.72551e+24,2.68511e+08,90,29.5459,28,0.514939
1172,7.92282e+28,1.55684e+26,2.68501e+08,96,29.9619,28,0.525945
1173,7.92282e+28,1.25744e+26,3.36096e+07,96,27.8662,25,0.49228
1174,7.92282e+28,8.51489e+25,3.36118e+07,96,27.002,25,0.468809
1175,7.92282e+28,1.56001e+26,1.34283e+08,96,28.8516,27,0.508915
1176,6.1897e+26,1.21382e+24,6.71718e+07,89,28.9727,26,0.515365
1177,3.96141e+28,3.87925e+25,1.34275e+08,95,29.0029,27,0.513481
1178,7.92282e+28,7.76738e+25,6.71757e+07,96,27.6182,26,0.488881
1179,7.92282e+28,1.60986e+26,5.36947e+08,96,31.248,29,0.552298
1180,7.92282e+28,1.28204e+26,2.68513e+08,96,31.209,28,0.556711
1181,7.92282e+28,1.54954e+26,2.14756e+09,96,32.3906,31,0.574079
1182,7.92282e+28,7.83887e+25,2.68507e+08,96,30.7158,28,0.536951
1183,7.92282e+28,3.9902e+26,5.36938e+08,96,31.3789,29,0.552557
1184,3.96141e+28,1.09212e+26,2.68503e+08,95,30.7051,28,0.541573
1185,7.92282e+28,1.55391e+26,2.68501e+08,96,30.084,28,0.530403
1186,2.47588e+27,3.17518e+24,1.34276e+08,91,29.9814,27,0.529354
1187,7.92282e+28,8.04458e+25,3.36218e+07,96,27.6045,25,0.487766
1188,7.92282e+28,1.5599e+26,5.3694e+08,96,31.8086,29,0.55324
1189,7.92282e+28,2.60925e+26,5.3695e+08,96,31.8926,29,0.556955
1190,1.9807e+28,1.93975e+25,3.36136e+07,94,29.1162,25,0.514142
1191,7.92282e+28,3.11311e+26,1.34287e+08,96,30.4941,27,0.539868
1192,7.92282e+28,8.04045e+25,1.68239e+07,96,26.4023,24,0.472873
1193,7.92282e+28,1.96699e+26,8.43311e+06,96,26.2744,23,0.46717
1194,7.92282e+28,2.34584e+26,8.43384e+06,96,25.6484,23,0.451007
1195,2.47588e+27,8.0363e+24,4.24292e+06,91,25.3916,22,0.452944
1196,3.96141e+28,4.93722e+25,8.42743e+06,95,26.3232,23,0.473483
1197,7.92282e+28,2.44061e+26,1.68305e+07,96,27.5156,24,0.487458
1198,7.92282e+28,1.95144e+26,1.68267e+07,96,27.168,24,0.47914
1199,3.86856e+25,1.3039e+23,4.2384e+06,85,24.5674,22,0.434817
1200,7.92282e+28,1.54759e+26,4.24158e+06,96,24.8506,22,0.442497
1201,7.92282e+28,2.34592e+26,8.4398e+06,96,25.0225,23,0.444814
1202,7.92282e+28,2.61281e+26,3.36034e+07,96,27.082,25,0.476304
1203,9.90352e+27,1.252e+25,4.24039e+06,93,24.749,22,0.436588
1204,9.90352e+27,1.12745e+25,4.23778e+06,93,25.8018,22,0.463628
1205,7.92282e+28,2.3245e+26,3.36088e+07,96,28.1934,25,0.512011
1206,7.92282e+28,4.01317e+26,1.6824e+07,96,27.2441,24,0.493953
1207,4.95176e+27,5.86452e+24,1.68285e+07,92,28.2012,24,0.514784
1208,7.92282e+28,8.41685e+25,6.71525e+07,96,28.5312,26,0.510937
1209,1.9807e+28,2.54753e+25,1.68168e+07,94,27.626,24,0.49702
1210,7.92282e+28,2.36547e+26,8.44066e+06,96,27.9668,23,0.504387
1211,7.92282e+28,1.07049e+26,8.43156e+06,96,27.1006,23,0.494486
1212,9.90352e+27,1.18645e+25,298366,93,24.6143,18,0.448648
1213,7.92282e+28,7.85864e+25,558557,96,24.3643,19,0.438751
1214,7.92282e+28,2.33498e+26,2.1239e+06,96,25.1084,21,0.454898
1215,7.92282e+28,2.62995e+26,4.23117e+06,96,25.4424,22,0.454091
1216,7.92282e+28,7.78464e+25,560547,96,23.5967,19,0.430412
1217,7.92282e+28,2.81202e+26,1.085e+06,96,23.2178,20,0.42378
1218,7.92282e+28,8.0746e+25,292622,96,22.8711,18,0.415582
1219,7.92282e+28,7.91102e+25,4.23528e+06,96,25.6006,22,0.463206
1220,3.96141e+28,3.97871e+25,3.36058e+07,95,28.0537,25,0.500636
1221,7.92282e+28,9.47618e+25,8.43573e+06,96,26.8203,23,0.493414
1222,2.47588e+27,3.40549e+24,3.36099e+07,91,27.8066,25,0.500569
1223,7.92282e+28,8.98812e+25,8.42634e+06,96,25.6113,23,0.461419
1224,6.1897e+26,1.50876e+24,2.13706e+06,89,24.8262,21,0.453063
1225,9.90352e+27,1.5421e+25,2.13748e+06,93,24.627,21,0.451356
1226,7.92282e+28,8.67823e+25,290755,96,22.0303,18,0.413784
1227,7.92282e+28,2.18594e+26,291342,96,22.9707,18,0.424079
1228,7.92282e+28,4.34473e+26,554144,96,23.4941,19,0.442432
1229,7.92282e+28,4.0238e+26,155357,96,21.9756,17,0.410605
1230,3.96141e+28,7.38173e+25,284775,95,22.8242,18,0.432224
1231,7.92282e+28,3.74498e+26,157188,96,21.7588,17,0.419944
1232,7.92282e+28,1.66144e+26,36027,96,20.3652,14,0.399829
1233,3.96141e+28,1.05358e+26,157303,95,22.2217,17,0.434972
1234,7.92282e+28,3.13375e+26,88273.3,96,20.7646,16,0.407476
1235,7.92282e+28,2.66123e+26,55087.2,96,20.1543,15,0.399352
1236,7.92282e+28,3.15242e+26,82075.2,96,20.6172,16,0.402973
1237,7.92282e+28,2.43016e+26,87669.2,96,20.0645,16,0.398387
1238,7.92282e+28,5.5234e+26,284363,96,21.9697,18,0.428474
1239,7.92282e+28,3.27749e+26,148017,96,21.4072,17,0.424929
1240,7.92282e+28,2.37594e+26,550747,96,22.2705,19,0.433911
1241,7.92282e+28,5.23309e+26,545440,96,22.5713,19,0.440744
1242,7.92282e+28,1.67073e+26,158956,96,21.3662,17,0.428352
1243,7.92282e+28,1.79021e+26,284409,96,21.6025,18,0.423664
1244,7.92282e+28,1.07035e+26,554051,96,22.4238,19,0.431976
1245,7.92282e+28,4.31984e+26,293352,96,23.0303,18,0.44547
1246,7.92282e+28,2.46871e+26,286135,96,22.2871,18,0.433074
1247,7.92282e+28,4.04586e+26,293513,96,22.2979,18,0.426948
1248,7.92282e+28,2.41454e+26,287781,96,21.8594,18,0.420307
1249,7.92282e+28,8.95122e+25,550698,96,22.5098,19,0.439673
1250,3.96141e+28,8.23091e+25,4.23081e+06,95,24.1406,22,0.462588
1251,7.92282e+28,2.97593e+26,1.07627e+06,96,24.0332,20,0.464859
1252,7.92282e+28,2.96066e+26,294190,96,22.4736,18,0.439181
1253,7.92282e+28,5.15326e+26,554705,96,22.8301,19,0.451275
1254,7.92282e+28,2.96722e+26,555216,96,22.5176,19,0.442881
1255,7.92282e+28,2.82342e+26,2.13872e+06,96,24.9502,21,0.481504
1256,7.92282e+28,3.92551e+26,2.13717e+06,96,24.3037,21,0.467571
1257,7.92282e+28,1.22178e+26,550649,96,22.3535,19,0.437189
1258,7.92282e+28,1.76497e+26,4.23585e+06,96,25.2578,22,0.482993
1259,7.92282e+28,1.81706e+26,4.23505e+06,96,25.2725,22,0.479097
1260,7.92282e+28,1.03997e+26,554519,96,22.5732,19,0.438912
1261,7.92282e+28,5.89821e+26,2.13489e+06,96,24.3105,21,0.470685
1262,7.92282e+28,2.86932e+26,2.13969e+06,96,24.6074,21,0.471841
1263,7.92282e+28,7.31e+26,8.42878e+06,96,27.0322,23,0.510997
1264,7.92282e+28,3.80872e+26,2.13212e+06,96,25.3027,21,0.492742
1265,7.92282e+28,3.30081e+26,8.43728e+06,96,26.541,23,0.507851
1266,7.92282e+28,3.85876e+26,8.43621e+06,96,25.6602,23,0.489336
1267,7.92282e+28,3.40999e+26,2.13846e+06,96,24.9492,21,0.480264
1268,7.92282e+28,4.20976e+26,8.42954e+06,96,25.4922,23,0.487111
1269,7.92282e+28,3.46973e+26,556817,96,23.2627,19,0.44273
1270,3.96141e+28,8.05103e+25,8.43112e+06,95,25.8262,23,0.497668
1271,7.92282e+28,9.44939e+26,2.13289e+06,96,24.4707,21,0.477135
1272,7.92282e+28,3.43728e+26,1.08056e+06,96,23.9863,20,0.466379
1273,7.92282e+28,2.55799e+26,2.12437e+06,96,23.7979,21,0.457887
1274,7.92282e+28,2.83829e+26,556952,96,22.4424,19,0.433106
1275,9.90352e+27,1.34231e+25,1.07958e+06,93,23.5332,20,0.456171
1276,7.92282e+28,4.47395e+26,4.23307e+06,96,25.1338,22,0.476253
1277,7.92282e+28,1.27604e+26,2.1304e+06,96,23.8486,21,0.45894
1278,7.92282e+28,9.52246e+25,1.08283e+06,96,22.5957,20,0.43224
1279,7.92282e+28,3.60285e+26,8.43017e+06,96,25.2842,23,0.4765
1280,7.92282e+28,3.98779e+26,4.2347e+06,96,24.6553,22,0.463929
1281,7.92282e+28,1.49848e+26,2.13283e+06,96,23.3369,21,0.442002
1282,7.92282e+28,1.11815e+26,559344,96,22.0771,19,0.4287
1283,7.92282e+28,2.84198e+26,559039,96,22.4316,19,0.436263
1284,7.92282e+28,6.32526e+26,1.085e+06,96,23.1436,20,0.447801
1285,7.92282e+28,2.63077e+26,561640,96,21.8486,19,0.420563
1286,7.92282e+28,1.82338e+26,561557,96,22.5088,19,0.42779
1287,7.92282e+28,2.6612e+26,284363,96,21.2061,18,0.408179
1288,7.92282e+28,1.04358e+26,1.09018e+06,96,21.833,20,0.413738
1289,7.92282e+28,4.15578e+26,555308,96,22.4219,19,0.42978
1290,7.92282e+28,2.0803e+26,555447,96,22.5371,19,0.436979
1291,7.92282e+28,8.81566e+25,284501,96,21.6201,18,0.429585
1292,7.92282e+28,2.71036e+26,2.13795e+06,96,22.9355,21,0.434832
1293,7.92282e+28,1.27361e+26,557312,96,21.7852,19,0.411951
1294,7.92282e+28,2.72835e+26,292253,96,21.6104,18,0.409819
1295,7.92282e+28,1.69527e+26,553296,96,21.4531,19,0.404699
1296,7.92282e+28,5.24473e+26,555906,96,22.9141,19,0.428941
1297,7.92282e+28,2.68617e+26,90140.1,96,21.1602,16,0.402013
1298,7.92282e+28,1.60327e+26,94114.4,96,20.7812,16,0.394784
1299,7.92282e+28,2.18853e+26,89595.5,96,20.3584,16,0.394669
1300,7.92282e+28,3.2101e+26,33995.6,96,20.0596,14,0.384125
1301,7.92282e+28,1.77342e+26,25260.8,96,19.9404,13,0.383303
1302,7.92282e+28,3.91584e+26,150726,96,21.5889,17,0.414039
1303,7.92282e+28,2.60455e+26,289046,96,22.1973,18,0.420878
1304,7.92282e+28,1.28699e+26,553201,96,22.665,19,0.435541
1305,7.92282e+28,3.60039e+26,18375.4,96,19.7969,12,0.383147
1306,7.92282e+28,1.81086e+26,26391.7,96,19.3379,13,0.375308
1307,7.92282e+28,1.62518e+26,53581.8,96,20.9736,15,0.404174
1308,7.92282e+28,4.25518e+26,1.08243e+06,96,24.4229,20,0.468642
1309,7.92282e+28,4.28587e+26,153509,96,21.5781,17,0.406913
1310,7.92282e+28,9.36677e+25,1.08313e+06,96,23.5488,20,0.444935
1311,7.92282e+28,1.60122e+26,4.23389e+06,96,24.7236,22,0.457165
1312,7.92282e+28,1.60112e+26,145897,96,21.6475,17,0.406837
1313,7.92282e+28,2.45128e+26,556636,96,23.0381,19,0.43092
1314,9.90352e+27,1.59399e+25,558996,93,23.3057,19,0.43679
1315,7.92282e+28,1.88529e+26,4.24233e+06,96,25.4941,22,0.470834
1316,7.92282e+28,1.67797e+26,93936.3,96,22.1338,16,0.415083
1317,1.9807e+28,3.97193e+25,56003.3,94,20.9717,15,0.392167
1318,7.92282e+28,2.5351e+26,554612,96,22.9121,19,0.428428
1319,7.92282e+28,8.5426e+25,157493,96,21.3711,17,0.408663
1320,7.92282e+28,1.8026e+26,1.07948e+06,96,22.7178,20,0.44024
1321,7.92282e+28,1.09078e+26,1.07728e+06,96,22.6729,20,0.435033
1322,9.90352e+27,1.46838e+25,4.23099e+06,93,24.4512,22,0.459562
1323,7.92282e+28,9.96343e+25,1.6822e+07,96,25.9707,24,0.487541
1324,7.92282e+28,2.92681e+26,1.68319e+07,96,27.6436,24,0.52672
1325,7.92282e+28,3.70718e+26,3.36082e+07,96,28.6201,25,0.557039
1326,7.92282e+28,4.08233e+26,4.23614e+06,96,27.2637,22,0.522044
1327,7.92282e+28,4.85623e+26,8.43864e+06,96,27.5771,23,0.535431
1328,7.92282e+28,4.50657e+26,290797,96,23.4688,18,0.453744
1329,7.92282e+28,4.63093e+26,2.13601e+06,96,25.2334,21,0.484125
1330,7.92282e+28,2.74383e+26,1.68226e+07,96,26.5479,24,0.515471
1331,7.92282e+28,1.1933e+26,155830,96,23.0391,17,0.446933
1332,7.92282e+28,8.98603e+25,4.22943e+06,96,25.1514,22,0.478903
1333,7.92282e+28,4.78502e+26,3.36068e+07,96,28.0615,25,0.540121
1334,7.92282e+28,4.04496e+26,4.22318e+06,96,25.3994,22,0.495377
1335,7.92282e+28,2.1004e+26,2.13435e+06,96,24.6807,21,0.473056
1336,7.92282e+28,3.43717e+26,556499,96,24.0127,19,0.460652
1337,7.92282e+28,2.10223e+26,559949,96,24.3311,19,0.468121
1338,7.92282e+28,2.23372e+26,550649,96,23.0166,19,0.444447
1339,7.92282e+28,1.75942e+26,159543,96,21.6865,17,0.420403
1340,7.92282e+28,4.91279e+26,558292,96,23.4346,19,0.445109
1341,7.92282e+28,1.62954e+26,552391,96,23.0205,19,0.443515
1342,7.92282e+28,8.71238e+25,555723,96,22.5391,19,0.428594
1343,7.92282e+28,3.37419e+26,8.44414e+06,96,27.1826,23,0.516905
1344,7.92282e+28,2.82764e+26,2.13877e+06,96,25.3574,21,0.483819
1345,7.92282e+28,2.63581e+26,4.22618e+06,96,24.8232,22,0.46805
1346,7.92282e+28,3.61937e+26,550209,96,24.4121,19,0.457262
1347,7.92282e+28,5.57684e+26,1.0788e+06,96,24.582,20,0.466344
1348,7.92282e+28,8.93979e+25,152152,96,21.5928,17,0.415075
1349,7.92282e+28,2.47633e+26,4.24201e+06,96,25.5195,22,0.477915
1350,7.92282e+28,7.211e+26,1.08572e+06,96,24.9619,20,0.462351
1351,7.92282e+28,4.49746e+26,4.24104e+06,96,25.7656,22,0.476394
1352,7.92282e+28,6.26413e+26,4.23637e+06,96,25.959,22,0.481543
1353,7.92282e+28,3.67913e+26,1.08719e+06,96,24.291,20,0.450449
1354,7.92282e+28,5.7578e+26,557357,96,24.8232,19,0.472696
1355,7.92282e+28,6.74703e+26,1.08748e+06,96,25.3389,20,0.474535
1356,7.92282e+28,5.93394e+26,1.08955e+06,96,25.2227,20,0.475971
1357,7.92282e+28,2.34421e+26,1.08959e+06,96,24.8086,20,0.465763
1358,7.92282e+28,5.27263e+26,4.2287e+06,96,25.6172,22,0.477866
1359,7.92282e+28,3.58446e+26,288699,96,23.2227,18,0.443912
1360,7.92282e+28,4.34649e+26,87238.3,96,21.0967,16,0.403276
1361,7.92282e+28,4.05801e+26,1.08203e+06,96,23.9082,20,0.447626
1362,7.92282e+28,4.49488e+26,1.08562e+06,96,24.6377,20,0.461243
1363,7.92282e+28,5.4609e+26,2.13129e+06,96,25.1729,21,0.473693
1364,7.92282e+28,4.30971e+26,292171,96,23.1309,18,0.433677
1365,7.92282e+28,4.56917e+26,2.12887e+06,96,25.0693,21,0.473511
1366,7.92282e+28,2.59215e+26,2.13017e+06,96,24.3232,21,0.462101
1367,7.92282e+28,5.53311e+26,1.08173e+06,96,24.6035,20,0.469689
1368,7.92282e+28,2.10582e+26,293633,96,23.8662,18,0.453625
1369,7.92282e+28,2.00994e+26,1.08504e+06,96,23.9307,20,0.450609
1370,7.92282e+28,3.70897e+26,2.12876e+06,96,25.3926,21,0.476219
1371,7.92282e+28,3.96015e+26,4.23301e+06,96,26.0732,22,0.487135
1372,7.92282e+28,6.48503e+26,2.12865e+06,96,25.0586,21,0.470684
1373,7.92282e+28,6.15872e+26,1.06513e+06,96,24.3154,20,0.453736
1374,7.92282e+28,2.4384e+26,2.13622e+06,96,24.7383,21,0.460271
1375,7.92282e+28,7.91267e+26,3.3607e+07,96,29.0645,25,0.551481
1376,7.92282e+28,3.62071e+26,8.42392e+06,96,26.7803,23,0.508339
1377,7.92282e+28,6.49741e+26,1.68199e+07,96,27.6943,24,0.520314
1378,7.92282e+28,6.71584e+26,1.6836e+07,96,28.1631,24,0.528348
1379,7.92282e+28,1.26479e+27,8.43681e+06,96,27.2656,23,0.512366
1380,7.92282e+28,6.2473e+26,4.23063e+06,96,26.0654,22,0.496494
1381,7.92282e+28,7.9505e+26,8.4187e+06,96,26.7578,23,0.50804
1382,7.92282e+28,7.0814e+26,1.68128e+07,96,27.041,24,0.516859
1383,7.92282e+28,8.25994e+26,1.68196e+07,96,27.6777,24,0.530676
1384,7.92282e+28,6.08635e+26,1.68323e+07,96,28.7686,24,0.545403
1385,7.92282e+28,8.10994e+26,3.36022e+07,96,29.8496,25,0.573476
1386,7.92282e+28,7.73114e+26,3.36058e+07,96,29.3203,25,0.564609
1387,7.92282e+28,5.86985e+26,6.71597e+07,96,29.6514,26,0.57328
1388,7.92282e+28,9.20951e+26,6.71664e+07,96,29.9561,26,0.570535
1389,7.92282e+28,4.59185e+26,8.44095e+06,96,26.5967,23,0.515342
1390,7.92282e+28,3.26009e+26,3.36076e+07,96,27.8467,25,0.52729
1391,7.92282e+28,6.67945e+26,1.34279e+08,96,30.208,27,0.568846
1392,7.92282e+28,8.3888e+26,3.36071e+07,96,29.2988,25,0.560912
1393,7.92282e+28,8.66925e+26,6.71671e+07,96,30.3828,26,0.581361
1394,7.92282e+28,1.36376e+27,6.71651e+07,96,30.9795,26,0.584684
1395,7.92282e+28,9.02579e+26,6.71668e+07,96,30.5146,26,0.578904
1396,7.92282e+28,6.92831e+26,6.71622e+07,96,29.8281,26,0.566149
1397,7.92282e+28,3.82315e+26,1.34263e+08,96,30.7412,27,0.58409
1398,7.92282e+28,1.1188e+27,6.71793e+07,96,30.7461,26,0.586209
1399,7.92282e+28,1.15362e+27,1.68312e+07,96,28.7002,24,0.553946
1400,7.92282e+28,1.20061e+27,6.71682e+07,96,30.21,26,0.576929
1401,7.92282e+28,7.3157e+26,1.68254e+07,96,28.3076,24,0.544569
1402,7.92282e+28,7.35373e+26,1.68254e+07,96,27.4512,24,0.529503
1403,7.92282e+28,8.17361e+26,3.35869e+07,96,28.0469,25,0.545566
1404,7.92282e+28,1.19288e+27,3.36109e+07,96,29.1953,25,0.563471
1405,7.92282e+28,1.31569e+27,6.71489e+07,96,30.04,26,0.581687
1406,7.92282e+28,1.36919e+27,3.36111e+07,96,30.9072,25,0.593217
1407,7.92282e+28,1.04009e+27,2.68504e+08,96,32.6875,28,0.627531
1408,7.92282e+28,1.62721e+27,2.68477e+08,96,31.4609,28,0.605951
1409,7.92282e+28,8.72524e+26,3.36006e+07,96,30.1748,25,0.576155
1410,7.92282e+28,9.12751e+26,6.716e+07,96,29.8418,26,0.570911
1411,7.92282e+28,1.38629e+27,1.34276e+08,96,31.0518,27,0.589186
1412,7.92282e+28,9.26117e+26,1.34273e+08,96,30.8994,27,0.586736
1413,7.92282e+28,6.06851e+26,2.68492e+08,96,32.2432,28,0.614178
1414,7.92282e+28,1.07009e+27,6.71738e+07,96,31.6924,26,0.607043
1415,7.92282e+28,1.00779e+27,6.71628e+07,96,31.6309,26,0.610447
1416,7.92282e+28,1.42053e+27,6.71657e+07,96,32.1875,26,0.614958
1417,7.92282e+28,1.00419e+27,2.68503e+08,96,33.3691,28,0.640908
1418,7.92282e+28,1.47007e+27,6.71631e+07,96,32.0078,26,0.616186
1419,7.92282e+28,1.54139e+27,1.34272e+08,96,32.3945,27,0.61968
1420,7.92282e+28,1.79062e+27,1.34282e+08,96,33.5615,27,0.648002
1421,7.92282e+28,2.28425e+27,1.34275e+08,96,33.0137,27,0.633894
1422,7.92282e+28,1.3203e+27,6.71646e+07,96,32.5957,26,0.640428
1423,7.92282e+28,1.80436e+27,5.36926e+08,96,34.0049,29,0.667728
1424,7.92282e+28,1.28983e+27,2.68487e+08,96,33.3369,28,0.645133
1425,7.92282e+28,1.62704e+27,2.14755e+09,96,35.8594,31,0.691661
1426,7.92282e+28,2.08275e+27,4.29503e+09,96,36.4658,32,0.701219
1427,7.92282e+28,1.40637e+27,1.07381e+09,96,35.5361,30,0.692119
1428,7.92282e+28,1.76581e+27,2.14756e+09,96,36.168,31,0.703409
1429,7.92282e+28,2.11911e+27,5.3692e+08,96,34.25,29,0.667833
1430,7.92282e+28,1.60304e+27,1.34271e+08,96,33.1504,27,0.646836
1431,7.92282e+28,1.62139e+27,2.68498e+08,96,34.9229,28,0.683847
1432,7.92282e+28,1.5609e+27,2.68522e+08,96,34.0762,28,0.671932
1433,7.92282e+28,2.31669e+27,2.68487e+08,96,33.8086,28,0.665071
1434,7.92282e+28,1.95216e+27,5.36927e+08,96,35.3232,29,0.69267
1435,7.92282e+28,2.48886e+27,2.68477e+08,96,34.5898,28,0.673808
1436,7.92282e+28,1.73755e+27,6.71667e+07,96,33.5371,26,0.649484
1437,7.92282e+28,1.40338e+27,1.34279e+08,96,33.3115,27,0.655166
1438,7.92282e+28,2.1314e+27,5.36929e+08,96,34.7334,29,0.677951
1439,7.92282e+28,2.00166e+27,1.07379e+09,96,35.7217,30,0.697983
1440,7.92282e+28,2.26105e+27,1.34261e+08,96,32.9941,27,0.657391
1441,7.92282e+28,3.06783e+27,5.36926e+08,96,35.2598,29,0.685883
1442,7.92282e+28,2.77419e+27,4.29504e+09,96,37.8379,32,0.732721
1443,7.92282e+28,2.50216e+27,1.0738e+09,96,36.1113,30,0.707743
1444,7.92282e+28,2.53041e+27,2.14756e+09,96,37.0186,31,0.720028
1445,7.92282e+28,2.24421e+27,1.0738e+09,96,35.6523,30,0.70694
1446,7.92282e+28,1.83431e+27,4.29505e+09,96,37.0859,32,0.735262
1447,7.92282e+28,3.61455e+27,5.36925e+08,96,35.9395,29,0.707068
1448,7.92282e+28,2.87139e+27,1.71799e+10,96,38.0039,34,0.747821
1449,7.92282e+28,2.86991e+27,1.718e+10,96,38.6064,34,0.76007
1450,7.92282e+28,2.57503e+27,8.59e+09,96,37.4033,33,0.734642
1451,7.92282e+28,2.01632e+27,2.14756e+09,96,36.4648,31,0.721253
1452,7.92282e+28,3.03933e+27,1.07382e+09,96,36.8682,30,0.720991
1453,7.92282e+28,2.47336e+27,3.43598e+10,96,38.333,35,0.75165
1454,7.92282e+28,3.4066e+27,8.59003e+09,96,37.6299,33,0.74503
1455,7.92282e+28,3.10223e+27,2.14756e+09,96,37.1973,31,0.732676
1456,7.92282e+28,3.52941e+27,4.29503e+09,96,36.6748,32,0.72669
1457,7.92282e+28,3.14037e+27,2.14755e+09,96,36.5635,31,0.730987
1458,1.58456e+29,3.37601e+27,8.58999e+09,97,37.7812,33,0.750565
1459,7.92282e+28,3.56371e+27,6.87196e+10,96,39.1895,36,0.774449
1460,7.92282e+28,3.9829e+27,6.87195e+10,96,39.9053,36,0.787835
1461,7.92282e+28,4.06554e+27,1.71799e+10,96,38.7803,34,0.761918
1462,7.92282e+28,3.50311e+27,1.71799e+10,96,38.2588,34,0.757041
1463,7.92282e+28,3.16485e+27,5.36936e+08,96,36.04,29,0.714857
1464,7.92282e+28,2.84537e+27,8.59001e+09,96,37.4736,33,0.741923
1465,7.92282e+28,3.01945e+27,1.0738e+09,96,36.2852,30,0.714996
1466,7.92282e+28,3.8927e+27,1.71799e+10,96,38.1494,34,0.748418
1467,7.92282e+28,3.81635e+27,8.59001e+09,96,37.916,33,0.741656
1468,7.92282e+28,3.61822e+27,1.71799e+10,96,38.5889,34,0.758724
1469,7.92282e+28,3.74371e+27,3.43598e+10,96,38.8848,35,0.763914
1470,7.92282e+28,4.08869e+27,8.59e+09,96,38.4316,33,0.75383
1471,7.92282e+28,3.2404e+27,3.43598e+10,96,39.3779,35,0.773372
1472,7.92282e+28,3.05367e+27,3.43599e+10,96,40.1836,35,0.789145
1473,7.92282e+28,3.62986e+27,6.87195e+10,96,40.0156,36,0.775238
1474,7.92282e+28,3.87558e+27,3.43598e+10,96,40.8828,35,0.791883
1475,7.92282e+28,3.82728e+27,6.87196e+10,96,40.4678,36,0.787737
1476,7.92282e+28,4.71549e+27,3.43598e+10,96,40.1494,35,0.776876
1477,7.92282e+28,4.0364e+27,2.74878e+11,96,40.7871,38,0.792556
1478,7.92282e+28,4.66927e+27,2.74878e+11,96,41.6533,38,0.817087
1479,7.92282e+28,4.80573e+27,2.74878e+11,96,42.707,38,0.824896
1480,7.92282e+28,4.73904e+27,5.49756e+11,96,42.5811,39,0.822563
1481,7.92282e+28,4.01718e+27,8.59001e+09,96,39.4219,33,0.768681
1482,7.92282e+28,5.2266e+27,3.43598e+10,96,39.4639,35,0.765891
1483,7.92282e+28,5.03432e+27,6.87196e+10,96,40.6777,36,0.783764
1484,7.92282e+28,4.81395e+27,2.74878e+11,96,41.624,38,0.806325
1485,7.92282e+28,4.93437e+27,3.43598e+10,96,39.2666,35,0.766994
1486,7.92282e+28,3.68942e+27,1.718e+10,96,39,34,0.765896
1487,7.92282e+28,4.55454e+27,3.43598e+10,96,39.2305,35,0.775484
1488,7.92282e+28,3.60064e+27,6.87196e+10,96,39.8936,36,0.779437
1489,7.92282e+28,4.991e+27,1.37439e+11,96,41.2061,37,0.794335
1490,7.92282e+28,4.35291e+27,3.43598e+10,96,38.498,35,0.743996
1491,7.92282e+28,4.72874e+27,6.87196e+10,96,40.7539,36,0.793166
1492,7.92282e+28,4.96331e+27,1.718e+10,96,39.1025,34,0.761239
1493,1.58456e+29,5.19497e+27,1.37439e+11,97,41.0938,37,0.798054
1494,7.92282e+28,5.31783e+27,6.87195e+10,96,39.4482,36,0.766772
1495,7.92282e+28,3.48023e+27,3.43598e+10,96,40.2676,35,0.785321
1496,7.92282e+28,4.19973e+27,1.37439e+11,96,41.457,37,0.808776
1497,7.92282e+28,4.04028e+27,1.37439e+11,96,40.2119,37,0.78296
1498,7.92282e+28,4.48315e+27,1.37439e+11,96,41.4033,37,0.806392
1499,7.92282e+28,4.68654e+27,1.37439e+11,96,40.7295,37,0.796189
