274.917
0,109.275,8.58284,4,1,0.0439453,0,0.0101316
1,435.053,7.5358,4,2,0.0283203,0,0.00984399
2,1012.52,9.62698,5,3,0.0429688,0,0.00999952
3,435.151,9.46437,5,2,0.0419922,0,0.00998945
4,434.818,9.24259,5,2,0.0419922,0,0.010034
5,434.954,10.0034,5,2,0.0478516,0,0.0101904
6,109.829,8.97863,5,1,0.0410156,0,0.0101681
7,109.275,9.70681,5,1,0.046875,0,0.0103458
8,434.954,10.1447,5,2,0.0498047,0,0.0100737
9,435.053,10.1458,5,2,0.0498047,0,0.0101584
10,435.149,10.507,5,2,0.0488281,0,0.010324
11,110.371,9.16873,5,1,0.0390625,0,0.0104074
12,115.729,9.00803,5,1,0.0400391,0,0.0103083
13,434.639,9.59394,5,2,0.0400391,0,0.0103289
14,435.053,11.0808,5,2,0.0546875,0,0.0103048
15,435.127,11.5454,6,2,0.0605469,0,0.0104319
16,109.829,10.6676,6,1,0.0517578,0,0.0104995
17,1850.98,12.314,5,4,0.0576172,0,0.0103037
18,434.093,10.9488,5,2,0.0556641,0,0.0103328
19,435.149,10.7901,6,2,0.0488281,0,0.0106041
20,435.151,11.6577,6,2,0.0576172,0,0.01051
21,435.149,11.5395,6,2,0.0576172,0,0.0104876
22,435.151,12.9799,6,2,0.0654297,0,0.0106967
23,434.902,9.51151,6,2,0.0380859,0,0.010631
24,435.151,11.3629,6,2,0.0546875,0,0.0106481
25,435,11.0346,6,2,0.0517578,0,0.0105225
26,434.954,11.1822,6,2,0.0527344,0,0.0104392
27,435.053,11.1685,6,2,0.0498047,0,0.0106981
28,435.149,11.8542,6,2,0.0546875,0,0.0106824
29,435.151,14.3955,6,2,0.0722656,0,0.0105853
30,1011.31,12.9266,6,3,0.0595703,0,0.010507
31,435.127,11.6217,6,2,0.0537109,0,0.0105832
32,435.151,11.7052,6,2,0.0527344,0,0.010737
33,435.053,12.3654,6,2,0.0634766,0,0.0107571
34,435.127,10.8377,6,2,0.046875,0,0.0106949
35,434.818,10.7935,6,2,0.046875,0,0.0106422
36,125.024,10.889,6,1,0.0507812,0,0.010744
37,434.954,11.4316,6,2,0.0546875,0,0.010648
38,435.053,11.0004,6,2,0.0478516,0,0.0106863
39,435.127,12.4625,6,2,0.0634766,0,0.0108363
40,435.149,13.2702,6,2,0.0644531,0,0.0108967
41,112.934,11.3289,6,1,0.0546875,0,0.0107495
42,435.127,12.3619,6,2,0.0556641,0,0.0107696
43,434.954,11.764,6,2,0.0556641,0,0.0106874
44,435.127,13.2898,6,2,0.0654297,0,0.0108394
45,435.151,12.423,6,2,0.0546875,0,0.0106967
46,435.127,12.1353,6,2,0.0595703,0,0.0108803
47,435.053,12.2166,6,2,0.0605469,0,0.0108529
48,435.053,14.4302,6,2,0.0751953,0,0.0108651
49,435.149,12.7391,6,2,0.0605469,0,0.0109891
50,435.149,13.6431,6,2,0.0693359,0,0.0109311
51,435.149,11.1059,6,2,0.0488281,0,0.0108661
52,435.149,13.6652,6,2,0.0693359,0,0.010866
53,435.127,12.6437,6,2,0.0625,0,0.0108008
54,435.151,13.205,6,2,0.0654297,0,0.0108907
55,435.151,13.3755,6,2,0.0644531,0,0.0110089
56,434.818,13.4979,6,2,0.0673828,0,0.0110909
57,435.127,13.5109,6,2,0.0664062,0,0.0111493
58,435.127,13.5988,6,2,0.0683594,0,0.0108857
59,434.639,12.4278,7,2,0.0595703,0,0.0110843
60,435.127,13.8044,6,2,0.0664062,0,0.0111254
61,435.151,14.0871,7,2,0.0673828,0,0.0110314
62,435.151,15.4517,7,2,0.0810547,0,0.0110345
63,435.151,13.9598,7,2,0.0722656,0,0.0111471
64,435.151,13.8366,7,2,0.0693359,0,0.0111071
65,435.053,13.3847,7,2,0.0644531,0,0.0110411
66,435.149,14.9001,6,2,0.0791016,0,0.0111142
67,435.053,13.2212,7,2,0.0664062,0,0.0110695
68,435.076,15.0131,7,2,0.0791016,0,0.0111542
69,435.151,16.0091,7,2,0.0830078,0,0.0112078
70,435.127,15.7499,7,2,0.0810547,0,0.0112113
71,435.149,14.1894,7,2,0.0703125,0,0.0111882
72,435.151,16.3405,7,2,0.0839844,0,0.0111625
73,1008.92,16.013,7,3,0.0839844,0,0.0113028
74,435.151,18.2025,7,2,0.103516,0,0.0112599
75,435.149,16.6114,7,2,0.0800781,0,0.0112987
76,435.127,15.324,7,2,0.0810547,0,0.0112834
77,435.149,17.6659,7,2,0.0908203,0,0.011331
78,435.149,18.2587,8,2,0.104492,0,0.0114869
79,1008.92,16.7143,8,3,0.0839844,0,0.0113639
80,435.117,14.0772,7,2,0.0722656,0,0.0113058
81,435.151,14.6456,7,2,0.0732422,0,0.0112108
82,435.127,14.8887,7,2,0.0732422,0,0.0112135
83,435.053,13.9943,8,2,0.0703125,0,0.0115007
84,435.053,16.1652,7,2,0.0908203,0,0.0113552
85,435.151,18.3992,8,2,0.0996094,0,0.0115092
86,435.127,16.7656,8,2,0.0898438,0,0.0113218
87,1008.92,18.9208,8,3,0.0986328,0,0.011538
88,435.127,14.1834,7,2,0.0742188,0,0.0111922
89,435.053,15.9508,8,2,0.0869141,0,0.0112156
90,435.149,15.4415,7,2,0.078125,0,0.0112845
91,435.127,16.4388,8,2,0.0859375,0,0.0115873
92,435.151,18.5074,8,2,0.0966797,0,0.0117523
93,435.149,16.8951,8,2,0.0888672,0,0.0115006
94,1009.59,16.955,8,3,0.0820312,0,0.0115409
95,435.151,18.2001,8,2,0.0976562,0,0.0114731
96,435.151,16.9111,8,2,0.0830078,0,0.0115983
97,435.149,18.5094,8,2,0.0986328,0,0.0116375
98,435.149,17.7687,8,2,0.0966797,0,0.0116261
99,435.151,18.5563,8,2,0.0986328,0,0.0114724
100,435.127,17.8436,8,2,0.0996094,0,0.0117151
101,435.151,19.4987,8,2,0.107422,0,0.0118472
102,435.151,19.3565,8,2,0.113281,0,0.0117788
103,435.151,21.5173,8,2,0.12207,0,0.0119865
104,435.151,21.1342,8,2,0.116211,0,0.0116878
105,435.151,24.7514,8,2,0.147461,0,0.0118576
106,435.151,19.7638,8,2,0.105469,0,0.0118708
107,435.149,19.3383,8,2,0.106445,0,0.0117534
108,1008.92,23.8914,8,3,0.124023,0,0.0118169
109,435.151,24.5357,9,2,0.148438,0,0.0119196
110,435.151,20.6385,9,2,0.116211,0,0.0119229
111,435.149,24.0082,9,2,0.139648,0,0.0120108
112,1008.92,23.1848,9,3,0.124023,0,0.0121393
113,435.151,22.4123,9,2,0.133789,0,0.012147
114,435.151,21.059,9,2,0.121094,0,0.012139
115,435.151,24.4499,9,2,0.150391,0,0.0122398
116,1011.31,26.8027,9,3,0.15918,0,0.0120358
117,435.151,26.7579,9,2,0.150391,0,0.0122327
118,435.127,24.474,9,2,0.152344,0,0.0122302
119,435.151,26.483,9,2,0.162109,0,0.0123189
120,435.151,28.394,9,2,0.170898,0,0.0122602
121,435.151,26.9327,9,2,0.15918,0,0.0122082
122,435.151,24.7764,9,2,0.154297,0,0.0121268
123,1011.31,24.9669,9,3,0.148438,0,0.0122516
124,1009.59,29.6716,9,3,0.170898,0,0.0124939
125,1009.59,28.3512,9,3,0.168945,0,0.0124209
126,1010.21,31.0047,9,3,0.185547,0,0.0125197
127,435.151,27.6342,9,2,0.165039,0,0.0122742
128,1009.59,28.4909,9,3,0.170898,0,0.0124015
129,435.151,28.1172,9,2,0.171875,0,0.0123831
130,435.151,29.6506,9,2,0.185547,0,0.0124022
131,435.151,33.161,9,2,0.198242,0,0.0124889
132,1011.31,33.3409,9,3,0.201172,0,0.0127152
133,1010.21,32.726,9,3,0.209961,0,0.0125514
134,435.151,34.1679,9,2,0.210938,0,0.0125258
135,1010.21,37.7974,9,3,0.231445,0,0.0124959
136,435.151,35.7177,9,2,0.216797,0,0.0127467
137,1008.92,36.5369,9,3,0.22168,0,0.0127021
138,435.151,33.5472,9,2,0.212891,0,0.0125806
139,435.151,34.2032,9,2,0.216797,0,0.0128458
140,1011.78,37.0899,9,3,0.237305,0,0.0125841
141,435.151,35.1888,9,2,0.226562,0,0.0128184
142,435.151,33.251,9,2,0.216797,0,0.0129007
143,1008.92,37.5915,9,3,0.244141,0,0.0127355
144,1008.92,37.1908,9,3,0.241211,0,0.0129418
145,435.149,38.4048,9,2,0.246094,0,0.012869
146,435.151,38.1061,9,2,0.240234,0,0.0128112
147,1008.92,36.8888,9,3,0.239258,0,0.0128969
148,1011.78,41.9244,9,3,0.267578,0,0.0129622
149,1008.92,35.2664,9,3,0.21875,0,0.0126623
150,1008.92,36.7233,9,3,0.228516,0,0.0129709
151,1008.92,41.8069,9,3,0.265625,0,0.0127639
152,1009.59,41.5231,9,3,0.261719,0,0.0128996
153,1008.92,38.7678,9,3,0.251953,0,0.0128338
154,1008.92,42.6295,9,3,0.268555,0,0.0129669
155,1011.31,41.4884,9,3,0.275391,0,0.0127629
156,1008.92,42.3436,9,3,0.276367,0,0.0127843
157,435.151,39.5661,9,2,0.259766,0,0.0127681
158,1010.21,40.0949,9,3,0.266602,0,0.012877
159,1010.21,42.6332,9,3,0.269531,0,0.0127715
160,435.151,38.1666,9,2,0.256836,0,0.0128176
161,1011.78,42.3659,9,3,0.269531,0,0.0127927
162,1009.59,46.3692,9,3,0.292969,0,0.0128545
163,1008.92,35.346,9,3,0.235352,0,0.0128501
164,1009.59,42.5491,9,3,0.272461,0,0.0128625
165,1011.78,39.639,9,3,0.249023,0,0.0128769
166,1011.31,39.3527,9,3,0.259766,0,0.0127968
167,1011.31,42.0978,9,3,0.268555,0,0.0127835
168,1011.31,46.9439,9,3,0.279297,0,0.0127611
169,1009.59,44.2513,9,3,0.285156,0,0.0129987
170,1008.92,41.6928,9,3,0.270508,0,0.0128676
171,435.151,39.5058,9,2,0.263672,0,0.0129482
172,1008.92,41.0801,9,3,0.270508,0,0.0129441
173,435.151,39.5464,9,2,0.265625,0,0.0129567
174,1009.59,45.1667,11,3,0.299805,0,0.0131089
175,1009.59,42.9109,10,3,0.280273,0,0.0130777
176,435.151,44.4375,9,2,0.300781,0,0.0130812
177,1009.59,43.8381,10,3,0.282227,0,0.0130939
178,435.151,44.9668,10,2,0.299805,0,0.0129376
179,1010.79,48.9738,11,3,0.311523,0,0.0130856
180,435.151,41.2723,10,2,0.274414,0,0.0130966
181,435.151,42.3723,10,2,0.283203,0,0.0131532
182,1012.18,46.9592,9,3,0.293945,0,0.0130282
183,1009.59,43.7415,9,3,0.28418,0,0.0129915
184,1010.79,43.4997,10,3,0.274414,0,0.0130348
185,1008.92,43.021,10,3,0.273438,0,0.0131365
186,1011.31,42.7884,10,3,0.273438,0,0.013078
187,1008.92,41.9906,10,3,0.276367,0,0.0130705
188,1008.92,45.2982,11,3,0.305664,0,0.0131557
189,1011.78,48.1534,11,3,0.307617,0,0.0131033
190,1008.92,41.5615,10,3,0.264648,0,0.0131085
191,1008.92,47.1424,10,3,0.306641,0,0.0130928
192,1009.59,43.0329,10,3,0.276367,0,0.0131089
193,435.151,43.4039,11,2,0.273438,0,0.0132727
194,1009.59,49.478,12,3,0.314453,0,0.0132137
195,435.151,46.3197,11,2,0.305664,0,0.0132383
196,435.151,40.5543,10,2,0.267578,0,0.0132533
197,1843.9,46.2168,11,4,0.300781,0,0.0132338
198,1009.59,50.8438,11,3,0.324219,0,0.0132784
199,1011.31,45.374,11,3,0.296875,0,0.0132657
200,1009.59,43.7212,11,3,0.288086,0,0.0133172
201,1009.59,45.0948,11,3,0.304688,0,0.0132381
202,1010.21,46.2288,11,3,0.299805,0,0.0133034
203,435.151,44.9898,11,2,0.291992,0,0.0132204
204,1008.92,46.4967,11,3,0.293945,0,0.0131662
205,1008.92,45.0172,10,3,0.287109,0,0.0132344
206,435.151,45.5266,11,2,0.298828,0,0.0131702
207,1008.92,42.5967,10,3,0.27832,0,0.0131561
208,1010.21,45.9727,11,3,0.296875,0,0.0133315
209,1011.31,45.2857,12,3,0.301758,0,0.0132435
210,435.151,45.5667,11,2,0.307617,0,0.0132776
211,1008.92,43.1822,11,3,0.282227,0,0.0132596
212,1008.92,49.0945,12,3,0.314453,0,0.0133351
213,1008.92,44.8504,11,3,0.291992,0,0.0132869
214,435.151,43.2421,12,2,0.288086,0,0.0133542
215,1011.31,49.6237,12,3,0.322266,0,0.0133248
216,1010.21,46.9889,12,3,0.301758,0,0.0132927
217,435.151,45.7609,11,2,0.296875,0,0.0133009
218,435.151,44.044,11,2,0.283203,0,0.013366
219,1008.92,42.2383,12,3,0.288086,0,0.0134627
220,1843.9,48.2886,12,4,0.300781,0,0.0133174
221,1009.59,42.1759,11,3,0.269531,0,0.0134792
222,435.151,41.3284,12,2,0.266602,0,0.0133071
223,1010.21,52.4004,12,3,0.331055,0,0.0134406
224,1008.92,46.0096,12,3,0.301758,0,0.0134743
225,1011.31,50.2642,12,3,0.314453,0,0.0133873
226,1011.31,47.0002,12,3,0.305664,0,0.0133268
227,1011.31,42.0719,10,3,0.261719,0,0.0132732
228,1008.92,45.1964,11,3,0.287109,0,0.0133581
229,1009.59,47.2826,12,3,0.303711,0,0.0134312
230,1009.59,46.6385,12,3,0.311523,0,0.0133799
231,1010.79,50.9834,12,3,0.321289,0,0.0133543
232,1011.31,51.7975,12,3,0.332031,0,0.01357
233,1012.18,48.9111,12,3,0.30957,0,0.0135052
234,1012.18,49.0117,12,3,0.314453,0,0.0134327
235,1010.21,52.2066,12,3,0.332031,0,0.0135757
236,1008.92,48.7868,12,3,0.328125,0,0.0135041
237,1008.92,47.5689,13,3,0.314453,0,0.013544
238,1011.31,48.1971,12,3,0.321289,0,0.0134519
239,1008.92,46.5847,13,3,0.303711,0,0.0135737
240,1008.92,50.8257,12,3,0.328125,0,0.0134911
241,1845.26,49.902,12,4,0.3125,0,0.0135822
242,1011.31,46.4218,13,3,0.3125,0,0.0135228
243,435.151,51.4192,13,2,0.342773,0,0.0135104
244,1008.92,40.6641,12,3,0.257812,0,0.0135169
245,1011.31,48.1448,12,3,0.319336,0,0.0134244
246,1008.92,54.4504,13,3,0.333984,0,0.0136215
247,1009.59,49.9862,12,3,0.321289,0,0.0134936
248,1008.92,46.5572,12,3,0.3125,0,0.0136811
249,1011.31,48.5856,13,3,0.316406,0,0.0136197
250,1008.92,49.3049,13,3,0.319336,0,0.0135266
251,435.151,47.4516,13,2,0.316406,0,0.0135546
252,1008.92,40.0166,11,3,0.260742,0,0.0135067
253,435.151,52.2016,13,2,0.336914,0,0.0137347
254,435.151,44.478,12,2,0.293945,0,0.0136155
255,1008.92,50.0458,13,3,0.333008,0,0.0135297
256,1011.31,50.5886,13,3,0.316406,0,0.0136897
257,1008.92,44.6963,12,3,0.295898,0,0.0136538
258,1009.59,50.6724,13,3,0.325195,0,0.0134942
259,1008.92,50.2839,13,3,0.336914,0,0.0136171
260,1008.92,50.1859,13,3,0.335938,0,0.0136304
261,1008.92,51.4342,13,3,0.327148,0,0.0136835
262,1843.9,52.5648,13,4,0.350586,0,0.0136286
263,1843.9,54.8111,13,4,0.349609,0,0.0135513
264,435.151,48.7459,13,2,0.316406,0,0.013642
265,1008.92,50.7688,13,3,0.337891,0,0.0135303
266,435.149,46.4498,12,2,0.308594,0,0.0135774
267,1008.92,47.6507,13,3,0.3125,0,0.0135763
268,435.151,47.4306,12,2,0.316406,0,0.0135648
269,1008.92,50.8888,12,3,0.321289,0,0.0135477
270,1008.92,50.6597,13,3,0.332031,0,0.0135926
271,1008.92,49.9809,13,3,0.333984,0,0.0136343
272,435.151,45.7552,12,2,0.295898,0,0.0136574
273,435.151,47.4053,13,2,0.316406,0,0.0135924
274,435.151,45.4418,12,2,0.296875,0,0.0135388
275,1010.21,48.3435,12,3,0.314453,0,0.0135336
276,1008.92,50.8563,13,3,0.328125,0,0.0136491
277,1011.31,51.4874,13,3,0.329102,0,0.0135026
278,1008.92,51.4313,13,3,0.34375,0,0.0136503
279,1843.9,47.1606,13,4,0.301758,0,0.0135424
280,1011.31,46.169,13,3,0.306641,0,0.0137628
281,1008.92,49.2881,13,3,0.317383,0,0.013603
282,435.151,44.5737,13,2,0.302734,0,0.0136544
283,1008.92,47.1838,13,3,0.30957,0,0.0136724
284,1012.18,51.2824,13,3,0.34082,0,0.0136743
285,1011.31,45.9197,13,3,0.30957,0,0.0135958
286,1011.78,53.6002,13,3,0.355469,0,0.0136216
287,1011.78,55.2881,13,3,0.366211,0,0.0136176
288,1009.59,50.1391,13,3,0.325195,0,0.0137076
289,435.151,47.6345,13,2,0.314453,0,0.0135827
290,1009.59,52.8661,13,3,0.333984,0,0.0137282
291,1843.9,55.759,12,4,0.34375,0,0.0136431
292,435.151,48.2535,13,2,0.320312,0,0.0135363
293,435.151,54.2764,13,2,0.362305,0,0.0135267
294,1008.92,50.4261,13,3,0.326172,0,0.0136145
295,1009.59,49.0395,13,3,0.319336,0,0.0137578
296,1011.31,56.1404,13,3,0.361328,0,0.0134481
297,1009.59,54.434,13,3,0.345703,0,0.0137052
298,1011.31,46.5041,13,3,0.304688,0,0.0135939
299,435.151,49.2097,13,2,0.336914,0,0.0138096
300,1009.59,51.4339,13,3,0.333008,0,0.0135857
301,1008.92,49.5536,13,3,0.323242,0,0.0136585
302,1011.31,50.8531,13,3,0.335938,0,0.0137156
303,1009.59,54.7858,13,3,0.351562,0,0.0137241
304,1011.31,45.1811,13,3,0.294922,0,0.0136024
305,1008.92,47.722,13,3,0.316406,0,0.0136316
306,1008.92,51.4137,13,3,0.332031,0,0.0136624
307,435.151,47.4666,13,2,0.311523,0,0.0136861
308,435.151,48.7607,13,2,0.327148,0,0.0136938
309,1008.92,49.6008,13,3,0.339844,0,0.013656
310,435.151,48.3312,13,2,0.320312,0,0.0136985
311,1011.31,45.6723,13,3,0.291992,0,0.0136199
312,435.151,54.3479,13,2,0.367188,0,0.0137499
313,1012.18,52.2725,13,3,0.339844,0,0.0136857
314,1008.92,48.4162,13,3,0.322266,0,0.0137737
315,1011.31,48.7174,13,3,0.331055,0,0.0136217
316,1011.31,52.6241,13,3,0.333008,0,0.0136795
317,1008.92,53.2199,13,3,0.350586,0,0.0135468
318,435.149,50.1858,13,2,0.339844,0,0.013403
319,1008.92,51.008,13,3,0.329102,0,0.013693
320,435.151,47.5179,13,2,0.31543,0,0.0135421
321,435.151,51.0923,13,2,0.34668,0,0.0137049
322,1843.9,50.7366,13,4,0.330078,0,0.0137037
323,1008.92,44.3575,13,3,0.289062,0,0.0136181
324,1009.59,53.5298,13,3,0.336914,0,0.0135566
325,1008.92,53.2531,13,3,0.359375,0,0.0136261
326,435.151,52.3596,13,2,0.339844,0,0.0137734
327,435.151,52.3197,13,2,0.348633,0,0.0137712
328,435.151,51.87,13,2,0.344727,0,0.0137777
329,1011.31,48.9201,13,3,0.319336,0,0.0137311
330,1011.31,53.8677,13,3,0.348633,0,0.01364
331,1008.92,52.636,13,3,0.338867,0,0.0136444
332,1011.78,50.4142,13,3,0.344727,0,0.0135856
333,1008.92,52.2295,13,3,0.338867,0,0.0138134
334,435.151,48.9131,13,2,0.326172,0,0.0138867
335,1008.92,52.7469,13,3,0.360352,0,0.0138252
336,1011.31,54.2697,13,3,0.361328,0,0.0136682
337,1011.31,49.0344,13,3,0.31543,0,0.0136983
338,1008.92,49.817,13,3,0.322266,0,0.0136052
339,1011.31,50.0532,13,3,0.325195,0,0.0137006
340,1011.31,56.4476,13,3,0.361328,0,0.0137041
341,435.151,50.3761,13,2,0.333984,0,0.0137198
342,1009.59,49.3833,13,3,0.310547,0,0.0138318
343,435.127,45.8095,13,2,0.300781,0,0.0137761
344,1011.31,53.3206,13,3,0.339844,0,0.0137421
345,1008.92,44.6351,13,3,0.286133,0,0.0136764
346,1843.9,50.3114,13,4,0.319336,0,0.0136506
347,1843.9,49.6899,13,4,0.314453,0,0.0136669
348,1843.9,49.6612,13,4,0.326172,0,0.0136867
349,435.151,50.2232,13,2,0.324219,0,0.0136045
350,1008.92,47.4225,12,3,0.292969,0,0.0136128
351,1011.31,49.4852,13,3,0.31543,0,0.0137391
352,1009.59,54.6514,13,3,0.353516,0,0.0136703
353,1011.31,50.272,13,3,0.327148,0,0.0136523
354,1010.21,51.2206,13,3,0.324219,0,0.0137104
355,1008.92,49.0472,13,3,0.326172,0,0.0136253
356,1011.31,53.7167,13,3,0.349609,0,0.0137995
357,1008.92,51.9658,13,3,0.337891,0,0.0135899
358,1008.92,48.861,13,3,0.336914,0,0.0137308
359,435.127,52.5762,13,2,0.342773,0,0.0137006
360,1012.18,53.3495,13,3,0.355469,0,0.0137047
361,1845.26,47.4209,12,4,0.306641,0,0.0136104
362,435.151,44.7792,13,2,0.303711,0,0.0135731
363,1008.92,51.0779,13,3,0.325195,0,0.0136634
364,1008.92,47.7731,13,3,0.318359,0,0.0136368
365,1008.92,53.6547,13,3,0.354492,0,0.0137987
366,1008.92,49.9524,13,3,0.325195,0,0.0137088
367,1008.92,51.9943,13,3,0.332031,0,0.0137204
368,1008.92,56.004,13,3,0.370117,0,0.013797
369,1008.92,50.0068,13,3,0.318359,0,0.013789
370,1008.92,51.5114,13,3,0.331055,0,0.0137623
371,1008.92,50.9226,13,3,0.323242,0,0.0135987
372,1011.31,47.2044,13,3,0.299805,0,0.0138228
373,1010.21,52.5824,13,3,0.341797,0,0.0138265
374,1011.31,54.004,13,3,0.353516,0,0.0136068
375,1011.31,56.8117,13,3,0.357422,0,0.0137301
376,1008.92,50.2838,13,3,0.334961,0,0.0137849
377,1008.92,52.792,13,3,0.337891,0,0.0137753
378,435.151,46.6301,13,2,0.306641,0,0.0137661
379,1843.9,54.3649,13,4,0.339844,0,0.0139381
380,1008.92,52.8823,13,3,0.351562,0,0.013799
381,1011.31,49.3316,13,3,0.324219,0,0.0137839
382,1009.59,50.9524,13,3,0.331055,0,0.0138512
383,1011.31,51.7204,13,3,0.326172,0,0.0137308
384,1848.92,51.2473,13,4,0.324219,0,0.0138584
385,1008.92,49.7284,13,3,0.323242,0,0.0138139
386,1011.31,51.9653,13,3,0.326172,0,0.0137809
387,1010.21,49.0422,13,3,0.321289,0,0.0138329
388,1008.92,53.9824,13,3,0.352539,0,0.0137635
389,435.151,45.5242,13,2,0.299805,0,0.0137392
390,1008.92,50.965,13,3,0.320312,0,0.0137632
391,1009.59,53.2287,13,3,0.345703,0,0.0138144
392,1008.92,48.4801,13,3,0.320312,0,0.0138878
393,1011.31,50.4701,13,3,0.317383,0,0.0137952
394,1011.31,53.9901,13,3,0.348633,0,0.0137535
395,1009.59,51.2615,13,3,0.345703,0,0.0138475
396,1011.78,55.2483,13,3,0.34082,0,0.0137802
397,435.151,53.0956,13,2,0.347656,0,0.0137485
398,1009.59,47.3656,13,3,0.30957,0,0.0137012
399,1008.92,49.2465,13,3,0.320312,0,0.0137055
400,435.151,48.9347,13,2,0.320312,0,0.0138216
401,1008.92,47.365,13,3,0.31543,0,0.0137795
402,435.151,49.3528,13,2,0.333984,0,0.01385
403,1008.92,53.1127,13,3,0.34082,0,0.0138179
404,1843.9,52.7714,13,4,0.336914,0,0.0137608
405,1008.92,46.6473,13,3,0.314453,0,0.0137863
406,1011.31,55.3365,13,3,0.367188,0,0.0138695
407,1008.92,52.3884,13,3,0.341797,0,0.0138056
408,1008.92,48.8608,13,3,0.31543,0,0.0137213
409,1843.9,55.3919,13,4,0.351562,0,0.0137708
410,1008.92,51.1333,13,3,0.34082,0,0.0137811
411,1008.92,57.4465,13,3,0.373047,0,0.013852
412,1008.92,53.3195,13,3,0.341797,0,0.0138181
413,1008.92,53.0829,13,3,0.34375,0,0.0137717
414,435.151,53.2083,13,2,0.354492,0,0.013879
415,1008.92,49.9312,13,3,0.337891,0,0.0136805
416,1011.31,49.3313,13,3,0.329102,0,0.0138054
417,435.151,47.0588,13,2,0.31543,0,0.0136845
418,1011.78,48.191,13,3,0.308594,0,0.0137699
419,435.151,51.2269,13,2,0.344727,0,0.0137661
420,1011.31,53.3758,13,3,0.34375,0,0.0138106
421,1008.92,45.5532,13,3,0.308594,0,0.0136947
422,1008.92,49.3549,13,3,0.320312,0,0.0137422
423,1011.31,53.5055,13,3,0.351562,0,0.0138691
424,1010.21,51.2073,13,3,0.333008,0,0.013874
425,1011.31,51.8064,13,3,0.333008,0,0.013886
426,1008.92,50.4628,13,3,0.323242,0,0.0138011
427,1008.92,51.9717,13,3,0.345703,0,0.013881
428,1008.92,53.8104,13,3,0.34375,0,0.0138354
429,435.151,55.1395,13,2,0.356445,0,0.0137826
430,1011.31,54.1382,13,3,0.34668,0,0.0138556
431,1008.92,49.9785,13,3,0.318359,0,0.0138988
432,1011.31,54.0219,13,3,0.330078,0,0.0138008
433,1008.92,47.1703,13,3,0.313477,0,0.0137523
434,1848.92,61.5125,13,4,0.387695,0,0.0137979
435,435.151,51.1244,13,2,0.339844,0,0.0138016
436,1008.92,54.2106,13,3,0.356445,0,0.0138032
437,1008.92,50.8863,13,3,0.322266,0,0.0137307
438,1011.31,52.86,13,3,0.338867,0,0.0138592
439,1843.9,50.0427,13,4,0.333008,0,0.0137826
440,435.151,46.0382,13,2,0.303711,0,0.0138364
441,1011.31,51.0236,13,3,0.323242,0,0.0137194
442,1011.31,51.592,13,3,0.342773,0,0.0137879
443,1009.59,52.5414,13,3,0.335938,0,0.0137828
444,1011.31,54.6067,13,3,0.354492,0,0.0137807
445,435.151,52.521,13,2,0.342773,0,0.0138118
446,1008.92,50.0972,13,3,0.318359,0,0.0137041
447,1011.31,48.4173,13,3,0.318359,0,0.0137578
448,1009.59,51.0389,13,3,0.339844,0,0.0138704
449,2951.77,60.7542,13,5,0.383789,0,0.0138806
450,1011.78,52.0825,13,3,0.323242,0,0.0138187
451,1009.59,49.0643,13,3,0.324219,0,0.0139419
452,1011.31,54.5642,13,3,0.357422,0,0.0139724
453,1008.92,51.3967,13,3,0.338867,0,0.0137196
454,1008.92,50.1778,13,3,0.314453,0,0.013825
455,1011.31,52.3124,13,3,0.345703,0,0.013767
456,1008.92,55.4838,13,3,0.349609,0,0.0138496
457,1008.92,50.9528,13,3,0.332031,0,0.0138093
458,1010.21,51.0625,13,3,0.331055,0,0.0138695
459,1011.31,49.6784,13,3,0.328125,0,0.0137986
460,1008.92,54.2359,13,3,0.34668,0,0.0138467
461,1008.92,51.579,13,3,0.332031,0,0.0137214
462,1845.26,59.2593,13,4,0.369141,0,0.0138593
463,1008.92,53.6491,13,3,0.332031,0,0.0137122
464,435.151,51.2184,13,2,0.34082,0,0.0137681
465,1008.92,49.7103,13,3,0.323242,0,0.0138013
466,435.151,49.3349,13,2,0.320312,0,0.0137482
467,1008.92,51.8509,13,3,0.334961,0,0.0137866
468,1008.92,50.5848,13,3,0.341797,0,0.0137747
469,1008.92,55.9022,13,3,0.362305,0,0.0137812
470,1009.59,53.7174,13,3,0.347656,0,0.0137734
471,1008.92,56.1028,13,3,0.371094,0,0.0137856
472,435.151,50.6019,13,2,0.337891,0,0.0137894
473,435.151,43.4511,13,2,0.286133,0,0.0139009
474,1011.31,50.4685,13,3,0.319336,0,0.0138208
475,1008.92,57.5747,13,3,0.375977,0,0.0138137
476,1011.31,54.0967,13,3,0.352539,0,0.0137596
477,1008.92,52.4582,13,3,0.320312,0,0.0136809
478,1008.92,53.3695,13,3,0.348633,0,0.0138521
479,1008.92,52.9181,13,3,0.350586,0,0.013751
480,1011.31,49.4384,13,3,0.322266,0,0.013686
481,1008.92,51.4592,13,3,0.333984,0,0.0138375
482,1008.92,51.1927,13,3,0.330078,0,0.013748
483,1008.92,53.9278,13,3,0.342773,0,0.0138558
484,435.151,46.0348,13,2,0.30957,0,0.0137378
485,1008.92,50.5247,13,3,0.338867,0,0.0137364
486,1008.92,50.8013,13,3,0.327148,0,0.013822
487,1008.92,56.5438,13,3,0.367188,0,0.0138648
488,1008.92,53.0917,13,3,0.348633,0,0.013831
489,1011.31,52.4164,13,3,0.34082,0,0.0138581
490,1008.92,48.2688,13,3,0.305664,0,0.0137967
491,1008.92,54.7359,13,3,0.351562,0,0.0138719
492,1008.92,53.6138,13,3,0.345703,0,0.0138708
493,1008.92,51.472,13,3,0.339844,0,0.0138876
494,1008.92,51.128,13,3,0.333984,0,0.0140099
495,1010.79,53.2951,13,3,0.341797,0,0.0138927
496,1008.92,49.5428,13,3,0.322266,0,0.0137802
497,1011.31,59.0594,13,3,0.374023,0,0.0138875
498,1008.92,56.3935,13,3,0.369141,0,0.0137736
499,1008.92,54.2174,13,3,0.352539,0,0.0138088
500,1843.9,51.3743,13,4,0.328125,0,0.0137511
501,1011.31,55.7067,13,3,0.368164,0,0.0138706
502,1843.9,52.2631,13,4,0.329102,0,0.0139253
503,1008.92,50.7136,13,3,0.337891,0,0.0137983
504,1008.92,47.9002,13,3,0.321289,0,0.0137682
505,1843.9,57.4114,13,4,0.361328,0,0.0139285
506,1008.92,54.0188,13,3,0.353516,0,0.0138682
507,1008.92,50.2663,13,3,0.333984,0,0.0138838
508,1008.92,49.0455,13,3,0.325195,0,0.013844
509,1008.92,56.4174,13,3,0.353516,0,0.0138834
510,1843.9,51.6116,13,4,0.338867,0,0.0139671
511,1011.31,52.6503,13,3,0.347656,0,0.013927
512,435.151,46.204,13,2,0.311523,0,0.0136931
513,1008.92,60.1665,13,3,0.385742,0,0.0138235
514,1008.92,51.898,13,3,0.336914,0,0.0139572
515,1008.92,50.7833,13,3,0.333008,0,0.0139357
516,1011.31,56.1041,13,3,0.363281,0,0.0139752
517,1011.31,56.9317,13,3,0.366211,0,0.013881
518,435.151,52.8474,13,2,0.34375,0,0.0139117
519,1004.1,53.4236,13,3,0.344727,0,0.013812
520,1008.92,47.943,13,3,0.322266,0,0.0139013
521,1008.92,54.7958,13,3,0.354492,0,0.0137864
522,1010.21,50.0612,13,3,0.322266,0,0.0138306
523,1008.92,51.2153,13,3,0.338867,0,0.0138648
524,1011.31,50.4994,13,3,0.326172,0,0.0138861
525,1008.92,50.4865,13,3,0.333008,0,0.0138791
526,1011.31,51.8557,13,3,0.341797,0,0.0138689
527,435.151,48.0361,13,2,0.322266,0,0.0138509
528,1008.92,50.307,13,3,0.331055,0,0.0138745
529,1008.92,53.452,13,3,0.348633,0,0.0137568
530,1008.92,48.4632,13,3,0.323242,0,0.0138685
531,435.127,49.6011,13,2,0.325195,0,0.0137693
532,1008.92,51.8449,13,3,0.348633,0,0.0139109
533,1008.92,51.8762,13,3,0.34082,0,0.0137934
534,1008.92,46.5318,13,3,0.300781,0,0.0137056
535,1011.31,56.3878,13,3,0.354492,0,0.0139644
536,435.151,48.757,13,2,0.335938,0,0.0138389
537,1843.9,53.4335,13,4,0.337891,0,0.0139824
538,1008.92,52.9408,13,3,0.34668,0,0.0138693
539,1843.9,53.7222,13,4,0.34668,0,0.0139123
540,1008.92,50.6808,13,3,0.341797,0,0.0138676
541,1011.31,52.1147,13,3,0.345703,0,0.0138441
542,1009.59,50.6679,13,3,0.324219,0,0.0137663
543,1008.92,51.2574,13,3,0.347656,0,0.0139199
544,1008.92,55.6412,13,3,0.355469,0,0.0138936
545,1008.92,51.1245,13,3,0.331055,0,0.0138135
546,1011.31,52.9231,13,3,0.335938,0,0.0140695
547,1008.92,55.6955,13,3,0.355469,0,0.014016
548,1008.92,54.1965,13,3,0.355469,0,0.013984
549,1008.92,58.2621,13,3,0.387695,0,0.0139058
550,1008.92,55.0473,13,3,0.356445,0,0.0139201
551,1008.92,53.8863,13,3,0.356445,0,0.0139944
552,1008.92,50.7426,13,3,0.336914,0,0.0138676
553,1008.92,52.6745,13,3,0.345703,0,0.0139025
554,1848.92,49.3348,13,4,0.318359,0,0.0139156
555,1011.31,54.9362,13,3,0.358398,0,0.0138019
556,1008.92,52.0884,13,3,0.339844,0,0.0139787
557,1011.78,47.1454,13,3,0.301758,0,0.0139879
558,1008.92,55.1936,13,3,0.361328,0,0.0140117
559,1011.31,52.6358,13,3,0.337891,0,0.0139569
560,1009.59,49.9105,13,3,0.316406,0,0.0140135
561,435.151,50.7618,13,2,0.331055,0,0.0139786
562,1011.78,58.635,13,3,0.363281,0,0.0140316
563,1011.31,53.4249,13,3,0.336914,0,0.0139514
564,1009.59,53.8687,13,3,0.349609,0,0.0140591
565,435.151,48.4158,13,2,0.321289,0,0.0138272
566,1008.92,49.6791,13,3,0.330078,0,0.0140102
567,435.151,51.4278,13,2,0.34375,0,0.0139309
568,1008.92,58.0298,13,3,0.373047,0,0.0140963
569,1007.46,51.8208,13,3,0.334961,0,0.0139652
570,1008.92,54.0254,13,3,0.357422,0,0.0139146
571,1010.21,52.6897,13,3,0.350586,0,0.0141774
572,435.151,52.5746,13,2,0.341797,0,0.0140484
573,1843.9,54.7015,13,4,0.352539,0,0.0140103
574,1008.92,56.8527,13,3,0.354492,0,0.014102
575,1008.92,54.1049,13,3,0.348633,0,0.0140063
576,1008.92,53.0513,13,3,0.344727,0,0.0139975
577,1011.31,52.2135,13,3,0.334961,0,0.0138806
578,1009.59,55.3251,13,3,0.360352,0,0.0140958
579,1010.21,54.487,13,3,0.348633,0,0.0139303
580,1008.92,51.6723,13,3,0.324219,0,0.0139893
581,1008.92,55.0678,13,3,0.356445,0,0.0141643
582,435.151,51.8282,13,2,0.333984,0,0.0140335
583,1011.31,50.5527,13,3,0.336914,0,0.0140938
584,1007.46,52.0177,13,3,0.334961,0,0.0140697
585,1008.92,54.563,13,3,0.356445,0,0.0140764
586,1008.92,54.5069,13,3,0.345703,0,0.0141085
587,1011.31,54.9151,13,3,0.34082,0,0.0141597
588,435.151,51.4417,13,2,0.342773,0,0.0140777
589,1008.92,51.4614,13,3,0.335938,0,0.0141503
590,1008.92,54.2523,13,3,0.344727,0,0.014242
591,1002.23,53.4119,13,3,0.358398,0,0.0143935
592,1008.92,53.7556,13,3,0.337891,0,0.0143068
593,1843.9,55.8591,13,4,0.34082,0,0.0143478
594,1011.31,59.678,13,3,0.364258,0,0.0146662
595,1009.59,59.613,13,3,0.361328,0,0.0146313
596,1007.46,56.782,13,3,0.354492,0,0.0145985
597,1006.68,54.5541,13,3,0.342773,0,0.0146377
598,1008.21,50.9325,13,3,0.324219,0,0.0147631
599,1008.21,57.1602,13,3,0.337891,0,0.0149151
600,1005.85,54.4032,14,3,0.344727,0,0.0150223
601,2921.69,55.2073,15,5,0.332031,0,0.0149999
602,1011.31,56.621,15,3,0.347656,0,0.0150994
603,994.777,58.8252,15,3,0.367188,0,0.0156552
604,1836.29,67.8672,15,4,0.385742,0,0.0155176
605,1011.31,56.9482,15,3,0.338867,0,0.015364
606,1008.21,56.2684,15,3,0.34668,0,0.0154873
607,1834.62,66.65,15,4,0.393555,0,0.0154643
608,1008.92,65.2711,16,3,0.396484,0,0.0158964
609,1010.21,64.5448,15,3,0.369141,0,0.0158552
610,1011.31,68.9919,16,3,0.410156,0,0.0159344
611,1827.51,65.6188,15,4,0.378906,0,0.0156771
612,1008.21,69.2455,17,3,0.425781,0,0.0162445
613,1011.31,72.8234,17,3,0.432617,0,0.0160072
614,1010.21,59.2508,17,3,0.359375,0,0.0163498
615,1783.71,69.0615,17,4,0.408203,0,0.0164016
616,1819.76,71.5087,17,4,0.407227,0,0.0163444
617,1007.46,67.5024,17,3,0.404297,0,0.0166618
618,1843.9,78.1108,18,4,0.438477,0,0.0169792
619,1010.21,67.929,17,3,0.401367,0,0.0168342
620,1005.85,72.996,18,3,0.436523,0,0.0168034
621,1827.51,83.9668,19,4,0.466797,0,0.0174503
622,1834.62,83.3313,19,4,0.455078,0,0.0172584
623,1008.92,78.0828,19,3,0.455078,0,0.0173936
624,1836.29,79.5306,19,4,0.454102,0,0.0171254
625,1827.51,77.8714,17,4,0.432617,0,0.0170207
626,1771.04,78.3676,18,4,0.442383,0,0.0174476
627,2903.85,84.363,19,5,0.449219,0,0.0173985
628,1807.12,76.6408,19,4,0.43457,0,0.0174624
629,1786.17,76.682,19,4,0.4375,0,0.0175716
630,1831.15,82.1978,19,4,0.448242,0,0.0178016
631,1823.71,83.7819,20,4,0.454102,0,0.0179181
632,1823.71,91.0484,23,4,0.501953,0,0.0182948
633,1831.15,87.2239,21,4,0.484375,0,0.0180381
634,1834.62,83.1711,21,4,0.451172,0,0.018315
635,1005.85,91.419,22,3,0.499023,0,0.0184112
636,1798.09,101.926,24,4,0.551758,0,0.0189012
637,1007.46,85.9385,23,3,0.483398,0,0.0189942
638,2815.31,101.918,25,5,0.532227,0,0.0192066
639,2915.92,98.7485,24,5,0.517578,0,0.01909
640,1837.92,100.641,26,4,0.549805,0,0.019248
641,1723.91,95.2107,27,4,0.53125,0,0.0193817
642,4265.75,108.518,26,6,0.550781,0,0.0196911
643,1804.91,98.7944,25,4,0.519531,0,0.0197512
644,1800.39,88.4598,28,4,0.501953,0,0.0198975
645,2842.09,104.443,28,5,0.545898,0,0.0199448
646,2856.74,101.401,27,5,0.522461,0,0.0201832
647,1817.74,95.3345,26,4,0.500977,0,0.0200036
648,1010.21,93.7818,31,3,0.516602,0,0.0203727
649,2909.97,97.353,31,5,0.53418,0,0.0201778
650,1741.21,99.2783,31,4,0.532227,0,0.0203845
651,1827.51,109.802,33,4,0.577148,0,0.0206319
652,1831.15,101.262,34,4,0.537109,0,0.0209274
653,1827.51,108.134,34,4,0.555664,0,0.0213866
654,2815.31,123.359,41,5,0.605469,0,0.021674
655,1832.91,116.662,43,4,0.602539,0,0.0220861
656,2942.72,105.432,34,5,0.535156,0,0.021799
657,1831.15,111.251,34,4,0.550781,0,0.0218102
658,1807.12,111.853,39,4,0.572266,0,0.0227056
659,1832.91,126.025,53,4,0.634766,0,0.0225831
660,4220.53,120.088,48,6,0.613281,0,0.0223781
661,1837.92,112.426,41,4,0.573242,0,0.0232267
662,2877.78,122.654,42,5,0.597656,0,0.0238196
663,2918.83,124.435,45,5,0.610352,0,0.0237071
664,1827.51,117.055,49,4,0.603516,0,0.0240179
665,1819.76,112.049,46,4,0.579102,0,0.0236462
666,1809.31,126.615,61,4,0.642578,0,0.023961
667,1841.02,115.055,50,4,0.601562,0,0.0241023
668,2921.69,120.045,50,5,0.612305,0,0.0239308
669,4274.26,144.227,72,6,0.667969,0,0.0249286
670,4166.27,127.716,49,6,0.613281,0,0.024008
671,2860.33,125.744,54,5,0.616211,0,0.0250971
672,1802.66,127.052,101,4,0.639648,0,0.0256204
673,2877.78,136.338,101,5,0.664062,0,0.0248071
674,1802.66,137.652,101,4,0.669922,0,0.0249254
675,2915.92,145.086,58,5,0.672852,0,0.0247002
676,1768.44,115.15,48,4,0.587891,0,0.0252078
677,1837.92,138.081,101,4,0.672852,0,0.025883
678,1815.68,133.508,101,4,0.670898,0,0.0259383
679,2903.85,135.44,54,5,0.654297,0,0.0249791
680,2894.36,133.823,106.93,5,0.682617,1,0.0251769
681,1831.15,132.656,101,4,0.65918,0,0.0253383
682,2842.09,144.794,101,5,0.682617,0,0.0256741
683,2856.74,127.146,101,5,0.646484,0,0.0255431
684,1837.92,122.972,62,4,0.617188,0,0.0254541
685,2894.36,126.049,101,5,0.621094,0,0.0260053
686,1827.51,122.68,101,4,0.621094,0,0.0263316
687,2891.12,133.099,101,5,0.65918,0,0.0259929
688,2918.83,134.01,76,5,0.636719,0,0.025703
689,1811.47,133.389,101,4,0.65332,0,0.026564
690,2918.83,141.411,101,5,0.677734,0,0.0263762
691,2799.41,145.985,106.306,5,0.706055,1,0.0253843
692,4220.53,140.429,101,6,0.668945,0,0.0257171
693,1809.31,133.629,101,4,0.664062,0,0.0247695
694,1843.9,133.572,101,4,0.643555,0,0.0261644
695,1815.68,123.433,101,4,0.615234,0,0.0268845
696,2927.27,146.443,108.13,5,0.712891,1,0.0265341
697,1807.12,137.459,101,4,0.669922,0,0.0254072
698,1827.51,145.085,101,4,0.688477,0,0.0259219
699,2849.48,140.185,108.13,5,0.699219,1,0.0262748
700,1811.47,134.603,101,4,0.664062,0,0.02613
701,1819.76,126.358,76,4,0.618164,0,0.0253066
702,1836.29,139.073,101,4,0.669922,0,0.0269977
703,2903.85,131.992,101,5,0.631836,0,0.0267029
704,1831.15,140.948,101,4,0.671875,0,0.0285435
705,1821.75,144.682,101,4,0.68457,0,0.0295747
706,1804.91,133.356,101,4,0.637695,0,0.0274344
707,2903.85,151.736,105.663,5,0.708984,1,0.0287347
708,1837.92,142.049,101,4,0.671875,0,0.0285995
709,4265.75,138.624,101,6,0.638672,0,0.0291508
710,2884.52,143.631,101,5,0.685547,0,0.0298359
711,4278.44,137.784,101,6,0.650391,0,0.029432
712,9752.4,149.926,101,9,0.675781,0,0.0296247
713,2884.52,137.14,101,5,0.666016,0,0.0293065
714,2927.27,145.73,101,5,0.683594,0,0.0307872
715,3855.34,171.56,107.538,6,0.749023,1,0.0304083
716,5349.14,167.471,101,7,0.726562,0,0.0306801
717,2682.21,161.743,109.275,5,0.755859,1,0.0309723
718,5357.41,183.452,108.709,7,0.796875,1,0.0313389
719,3993.04,176.327,107.538,6,0.764648,1,0.0324213
720,9382.71,191.115,101,9,0.776367,0,0.0324768
721,7324.72,217.297,107.538,8,0.830078,1,0.0344113
722,5638.51,232.075,108.709,7,0.870117,1,0.0340596
723,7401.46,227.54,108.709,8,0.855469,1,0.03457
724,21549.2,271.886,109.829,12,0.919922,1,0.0361832
725,7753.6,285.786,109.829,8,0.986328,1,0.03507
726,7704.53,321.287,110.903,8,1.05078,1,0.0367814
727,9617.6,303.96,108.709,9,0.991211,1,0.0348827
728,11841.4,370.955,110.903,10,1.14746,1,0.0385396
729,15728.2,395.859,114.366,11,1.23242,1,0.0389381
730,58684.3,514.345,114.828,15,1.31055,1,0.0420292
731,9322.12,468.283,114.366,9,1.31348,1,0.0428284
732,94524.4,717.834,115.282,16,1.39746,1,0.0424502
733,297612,990.423,125.938,18,1.6416,1,0.0464666
734,162652,1283.18,136.764,17,1.91602,1,0.0497234
735,563670,2013.59,314.793,19,2.31152,2,0.0511016
736,93906.4,1741.24,367.841,16,2.46387,2,0.0528748
737,1.09537e+06,3340.98,426.87,20,2.8457,2,0.0548806
738,94495.4,2563.02,431.878,16,3.17773,2,0.0556284
739,95866,2857.69,434.294,16,3.34668,2,0.0579619
740,568269,4232.72,935.531,19,3.58008,3,0.0594619
741,163506,4098.59,956.362,17,3.89551,3,0.0608969
742,300804,4418.62,975.061,18,3.96094,3,0.0607442
743,1.09262e+06,7031.87,1655.05,20,4.47559,4,0.0668217
744,6.71858e+07,70810,1705.93,26,4.61133,4,0.0687083
745,8.45024e+06,16683.1,1768.44,23,4.85059,4,0.0744131
746,3.36278e+07,79517.6,1726.84,25,4.84766,4,0.0733028
747,6.71825e+07,78246.7,1768.44,26,5.05273,4,0.0751264
748,8.44348e+06,26857.1,1788.61,23,5.25586,4,0.082609
749,1.07384e+09,1.08884e+06,2620.44,30,5.5625,5,0.0837393
750,2.15055e+06,24419.3,2709.62,21,5.89941,5,0.090175
751,8.44945e+06,44803,2867.41,23,6.08105,5,0.0900716
752,1.68438e+07,85792,2807.41,24,6.21582,5,0.0902062
753,6.71862e+07,228443,4118.83,26,6.91211,6,0.0941869
754,3.36265e+07,126174,3861.83,25,6.80957,6,0.0960815
755,2.1476e+09,2.19835e+06,3962.71,31,6.81348,6,0.095907
756,8.44771e+06,46244.6,5586.62,23,7.21973,7,0.0959442
757,1.68404e+07,63592.3,5349.14,24,6.95508,7,0.0942233
758,2.68513e+08,382667,4150.74,28,6.88184,6,0.0945612
759,1.68377e+07,67037.8,5222.21,24,7.16895,7,0.100015
760,3.36228e+07,131080,4046.07,25,6.7627,6,0.0976308
761,6.71821e+07,234808,4129.59,26,6.95996,6,0.0999088
762,1.68449e+07,76425.1,4981.75,24,7.12207,7,0.100708
763,2.14759e+09,3.32681e+06,3950.42,31,6.84277,6,0.100553
764,5.36973e+08,690361,5204.92,29,7.41602,7,0.101057
765,8.4497e+06,97449.1,5563.94,23,7.72754,7,0.0991884
766,6.71842e+07,178626,5340.83,26,7.47949,7,0.0996016
767,4.29508e+09,4.9148e+06,5438.88,32,7.41211,7,0.10014
768,1.68447e+07,113097,5533.32,24,7.55957,7,0.0974977
769,6.71905e+07,199256,5340.83,26,7.50195,7,0.0955309
770,1.34301e+08,266599,4201.3,27,7.26855,6,0.0989016
771,1.07385e+09,1.34252e+06,5470.78,30,7.57227,7,0.098548
772,4.29509e+09,5.40013e+06,4181.49,32,7.23438,6,0.0945219
773,2.68529e+08,613425,3900.32,28,6.70801,6,0.0903018
774,5.36975e+08,1.04019e+06,3987.02,29,6.93652,6,0.0947958
775,1.07384e+09,2.14021e+06,4620.2,30,7.33301,7,0.0958444
776,2.68525e+08,660773,5265.08,28,7.39453,7,0.0970029
777,1.07384e+09,1.92153e+06,5510.07,30,7.8457,7,0.100575
778,6.87196e+10,6.76999e+07,6560.21,36,8.25586,8,0.107481
779,6.71798e+07,330164,6989.67,26,8.12012,8,0.100572
780,2.68522e+08,689697,7246.15,28,8.34375,8,0.103696
781,5.36968e+08,1.13306e+06,5510.07,29,7.80664,7,0.10472
782,5.36962e+08,1.4231e+06,5541.02,29,7.82227,7,0.10586
783,2.6852e+08,448349,4134.93,28,7.25684,6,0.0997062
784,2.68516e+08,512897,4210.99,28,7.41797,6,0.0990323
785,2.68523e+08,724840,5398.45,28,7.6084,7,0.0988182
786,2.68525e+08,798860,5609.03,28,7.99219,7,0.104844
787,5.36965e+08,1.24184e+06,6444.93,29,8.02832,8,0.105866
788,1.07385e+09,2.03202e+06,5695.98,30,8.14062,7,0.107079
789,2.14759e+09,3.65145e+06,6915.1,31,8.30469,8,0.109283
790,1.07384e+09,2.2474e+06,7494.65,30,8.69238,8,0.111496
791,2.68528e+08,822387,6673.47,28,8.35352,8,0.108709
792,1.07384e+09,2.72841e+06,5616.45,30,8.15234,7,0.106284
793,5.36971e+08,1.61549e+06,5703.02,29,8.08105,7,0.105364
794,8.59006e+09,1.42749e+07,7186.07,33,8.55078,8,0.109617
795,4.2951e+09,6.90724e+06,7226.23,32,8.73828,8,0.111237
796,1.34302e+08,685505,6673.47,27,8.37402,8,0.105972
797,5.36959e+08,1.46466e+06,7315,29,8.64941,8,0.108289
798,6.87196e+10,6.96274e+07,7476.26,36,8.73438,8,0.108231
799,5.36967e+08,1.19563e+06,7363.33,29,8.66699,8,0.107656
800,1.07384e+09,2.04259e+06,7094.17,30,8.58594,8,0.105704
801,5.36959e+08,1.36561e+06,7410.92,29,8.67285,8,0.109084
802,5.36969e+08,1.69867e+06,5879.4,29,8.07227,7,0.105825
803,5.36966e+08,1.52495e+06,5791.42,29,8.2793,7,0.109256
804,5.36969e+08,1.53079e+06,7236.2,29,8.40234,8,0.107401
805,1.07384e+09,1.66449e+06,7186.07,30,8.41309,8,0.109129
806,6.87196e+10,7.06342e+07,7031.77,36,8.51758,8,0.107069
807,1.718e+10,2.47247e+07,5667.5,34,8.33203,7,0.108445
808,8.59006e+09,1.0378e+07,4639.85,33,7.625,7,0.102677
809,4.29508e+09,9.60165e+06,7256.07,32,8.95117,8,0.114885
810,3.43599e+10,4.95372e+07,9406.74,35,9.71191,9,0.12168
811,4.29508e+09,1.35813e+07,8957.3,32,9.45703,9,0.124057
812,4.29508e+09,7.9985e+06,7654.03,32,9.14062,8,0.12211
813,1.07385e+09,6.40919e+06,8983.16,30,9.52344,9,0.123739
814,8.59005e+09,9.96088e+06,7662.54,33,9.06836,8,0.118887
815,1.718e+10,2.03624e+07,7155.67,34,8.58105,8,0.119294
816,1.37439e+11,1.45006e+08,8720.2,37,9.37402,9,0.124753
817,8.59004e+09,2.07636e+07,9478.13,33,9.7793,9,0.130102
818,1.37439e+11,1.77288e+08,9248.49,37,9.45605,9,0.123731
819,6.87196e+10,9.92008e+07,7701.31,36,9.43359,9,0.125116
820,2.14759e+09,4.80117e+06,9513.42,31,9.8125,9,0.126635
821,4.29508e+09,1.39442e+07,8308.63,32,9.4375,9,0.125954
822,4.29508e+09,1.57853e+07,9236.12,32,9.61035,9,0.12801
823,2.14759e+09,1.15113e+07,9536.79,31,9.93555,9,0.130956
824,2.14759e+09,9.34422e+06,9309.92,31,9.96973,9,0.131246
825,2.14759e+09,7.27354e+06,9334.3,31,9.71973,9,0.128286
826,6.87196e+10,1.5461e+08,9817.93,36,9.90625,9,0.132327
827,4.29508e+09,1.49393e+07,9501.69,32,10.0391,9,0.129761
828,1.718e+10,5.44676e+07,12043,34,10.9014,10,0.138683
829,1.718e+10,2.74616e+07,10572.2,34,10.3496,10,0.130399
830,3.43599e+10,6.16886e+07,12113.5,35,10.9268,10,0.133702
831,1.718e+10,2.33933e+07,11573.9,34,10.416,10,0.126322
832,6.87196e+10,9.28826e+07,9839.49,36,10.2441,9,0.131228
833,4.29508e+09,1.93585e+07,9334.3,32,9.85254,9,0.125621
834,1.718e+10,5.32282e+07,9774.39,34,10.3154,9,0.128704
835,1.09951e+12,1.09089e+09,9674.36,40,10.2031,9,0.127113
836,1.718e+10,3.56085e+07,11328.7,34,10.1982,10,0.125998
837,6.87196e+10,7.92259e+07,9583.16,36,9.91016,9,0.125083
838,3.43599e+10,5.50257e+07,10056.4,35,10.1855,9,0.127567
839,1.718e+10,2.13225e+07,9548.43,34,9.96777,9,0.123576
840,5.49756e+11,5.56965e+08,12169.4,39,10.7705,10,0.131751
841,2.74878e+11,3.07487e+08,11812.1,38,10.8047,10,0.132189
842,1.37439e+11,2.37747e+08,12155.5,37,10.9238,10,0.133768
843,1.37439e+11,1.92847e+08,11693.9,37,10.7979,10,0.134362
844,6.87196e+10,1.51324e+08,10190.3,36,10.4512,9,0.128515
845,1.09951e+12,1.64452e+09,11187.9,40,10.418,10,0.128423
846,2.74878e+11,4.04769e+08,11723.6,38,10.6123,10,0.13064
847,1.37439e+11,4.16133e+08,12374.2,37,11.2705,10,0.139585
848,2.74878e+11,6.52436e+08,11589,38,11.0391,10,0.137349
849,6.87196e+10,2.37369e+08,11708.8,36,11.002,10,0.136984
850,2.74878e+11,3.57528e+08,9730.28,38,10.6445,9,0.133678
851,2.74878e+11,6.52511e+08,12414.2,38,11.2158,10,0.139214
852,1.37439e+11,3.58049e+08,12014.6,37,10.958,10,0.136397
853,3.43599e+10,1.4816e+08,12807.9,35,11.4082,10,0.14183
854,1.37439e+11,3.01761e+08,12113.5,37,11.1699,10,0.141456
855,6.87196e+10,1.81778e+08,12617.4,36,11.4629,11,0.140985
856,5.49756e+11,1.01886e+09,13453,39,11.6221,11,0.14728
857,1.37439e+11,1.8753e+08,15050.2,37,11.6885,11,0.144949
858,2.74878e+11,5.49537e+08,16083,38,12.167,11,0.151201
859,6.87196e+10,1.43392e+08,13530.5,36,11.5918,11,0.147552
860,6.87196e+10,1.97951e+08,11543.6,36,10.9551,10,0.137873
861,1.37439e+11,2.31021e+08,12197.1,37,11.25,10,0.144606
862,2.74878e+11,4.25283e+08,15600.3,38,11.8477,11,0.149665
863,5.49756e+11,1.00624e+09,17252.9,39,12.3584,12,0.156722
864,5.49756e+11,6.87641e+08,18776.8,39,12.5352,12,0.156265
865,3.43599e+10,8.83746e+07,14629.5,35,11.7432,11,0.151118
866,2.19902e+12,2.60195e+09,14929.2,41,11.9648,11,0.152076
867,3.43599e+10,1.24512e+08,15067.4,35,12.0723,11,0.153894
868,1.37439e+11,5.4521e+08,16083,37,12.3672,11,0.156551
869,1.37439e+11,3.35322e+08,15664.6,37,12.2666,11,0.156111
870,1.718e+10,5.41952e+07,14981.3,34,11.5811,11,0.146786
871,6.87196e+10,2.67719e+08,12197.1,36,11.4541,10,0.145868
872,5.49756e+11,6.08331e+08,14521.8,39,11.7607,11,0.152464
873,5.49756e+11,1.33128e+09,17833.1,39,12.4941,12,0.160031
874,2.74878e+11,4.61409e+08,15759.9,38,12.3154,11,0.15465
875,6.87196e+10,2.77567e+08,14539.8,36,11.8545,11,0.150408
876,2.74878e+11,6.48752e+08,12183.3,38,11.6006,10,0.150367
877,2.74878e+11,5.73982e+08,12571.1,38,11.6416,10,0.148933
878,1.37439e+11,3.54654e+08,12617.4,37,11.6602,11,0.151743
879,1.75922e+13,1.89795e+10,13665.4,44,12.1816,11,0.157653
880,1.75922e+13,2.26469e+10,16083,44,12.6396,11,0.163079
881,4.39805e+12,5.65498e+09,15203.7,42,12.2959,11,0.1575
882,5.49756e+11,7.88207e+08,9708.01,39,10.6562,9,0.139666
883,2.74878e+11,7.21431e+08,14575.8,38,12.1914,11,0.158773
884,4.39805e+12,4.87627e+09,12360.8,42,11.7148,10,0.149131
885,2.74878e+11,7.58631e+08,7324.72,38,10.5098,8,0.140367
886,2.19902e+12,4.24056e+09,11885.1,41,11.376,10,0.152035
887,2.74878e+11,1.02126e+09,15759.9,38,12.7764,11,0.164584
888,8.79609e+12,9.16597e+09,15321.3,43,12.3232,11,0.161309
889,2.19902e+12,3.35761e+09,20014.2,41,13.5,12,0.174143
890,1.37439e+11,4.87485e+08,12506.4,37,11.5908,10,0.152127
891,1.75922e+13,1.82904e+10,13198.4,44,11.752,11,0.156167
892,2.74878e+11,8.92362e+08,14771.6,38,12.2549,11,0.164275
893,1.09951e+12,1.67394e+09,14647.4,40,12.1631,11,0.168463
894,8.79609e+12,1.05925e+10,12000.3,43,11.7432,10,0.165227
895,2.74878e+11,7.15556e+08,12400.9,38,11.749,10,0.159199
896,1.37439e+11,4.97342e+08,11708.8,37,11.2266,10,0.153253
897,6.87196e+10,2.39987e+08,12995,36,11.6328,10,0.156173
898,5.49756e+11,6.37475e+08,12071.3,39,11.2275,10,0.151356
899,1.37439e+11,4.80053e+08,10134.1,37,10.8604,9,0.14635
900,5.49756e+11,8.24451e+08,10438.4,39,11.0098,10,0.151707
901,2.74878e+11,1.37066e+09,10320.2,38,10.7998,10,0.149419
902,1.09951e+12,1.99851e+09,13874.9,40,11.834,11,0.160384
903,2.19902e+12,3.83017e+09,11797.5,41,11.4961,10,0.158332
904,4.39805e+12,8.22432e+09,17811.1,42,12.6787,12,0.174912
905,2.19902e+12,5.6073e+09,14413.1,41,12.1035,11,0.168101
906,5.49756e+11,1.9038e+09,12252.2,39,11.8809,10,0.16324
907,2.19902e+12,4.32703e+09,18942.9,41,12.8789,12,0.176234
908,2.19902e+12,5.01009e+09,23323.8,41,13.7988,13,0.186002
909,8.79609e+12,1.41585e+10,18008.4,43,13.2344,12,0.180774
910,4.39805e+12,6.57014e+09,20183.7,42,13.6836,12,0.188727
911,4.39805e+12,5.69972e+09,20146.3,42,13.7842,12,0.191375
912,2.19902e+12,8.2148e+09,15519.2,41,13.4443,11,0.185621
913,1.40737e+14,1.51577e+11,24608.1,47,14.1846,13,0.194491
914,1.09951e+12,5.63718e+09,19568.9,40,13.6377,12,0.188106
915,1.40737e+14,1.57271e+11,18714.1,47,13.5781,12,0.184816
916,8.79609e+12,2.71226e+10,21734.9,43,14.1846,13,0.195188
917,3.51844e+13,3.76317e+10,19004.7,45,13.6025,12,0.189026
918,1.09951e+12,3.47559e+09,17455.6,40,13.1924,12,0.183604
919,1.09951e+12,2.42116e+09,14911.8,40,12.666,11,0.178711
920,7.03687e+13,8.3377e+10,14736.2,46,12.5146,11,0.17885
921,2.19902e+12,4.80953e+09,7654.03,41,10.7354,8,0.164228
922,1.09951e+12,4.36732e+09,8866.02,40,10.9248,9,0.164175
923,1.75922e+13,2.60809e+10,10063.5,44,11.6025,10,0.16841
924,2.19902e+12,3.53432e+09,10080.8,41,11.5889,10,0.171294
925,3.51844e+13,5.82417e+10,9098.28,45,11.4521,9,0.168997
926,1.09951e+12,5.22954e+09,12265.9,40,12.4082,10,0.177236
927,7.03687e+13,9.24274e+10,12043,46,12.3213,10,0.177372
928,1.09951e+12,5.46226e+09,15321.3,40,12.8984,11,0.182978
929,2.81475e+14,4.28661e+11,15632.5,48,12.9473,11,0.182968
930,8.79609e+12,1.69352e+10,12427.5,43,12.3574,10,0.174861
931,3.51844e+13,4.02972e+10,14229.9,45,12.8066,11,0.178567
932,8.79609e+12,1.18467e+10,21019.6,43,13.5078,12,0.191916
933,2.19902e+12,6.13389e+09,14118.8,41,12.2822,11,0.175631
934,2.19902e+12,8.28177e+09,12596.7,41,12.292,10,0.175559
935,5.6295e+14,5.53573e+11,14736.2,49,12.6973,11,0.179042
936,4.39805e+12,1.71251e+10,35209.5,42,14.8447,14,0.21196
937,1.40737e+14,1.50886e+11,26679,47,14.5225,13,0.206343
938,8.79609e+12,1.32706e+10,35154.1,43,14.5137,14,0.211079
939,8.79609e+12,1.6275e+10,36531.3,43,14.8174,14,0.216133
940,1.75922e+13,4.92867e+10,23708.2,44,14.4434,13,0.211723
941,8.79609e+12,3.3449e+10,27152.1,43,14.8223,13,0.216927
942,7.03687e+13,8.093e+10,26679,46,14.4531,13,0.211595
943,1.75922e+13,3.58532e+10,18587.9,44,13.6523,12,0.206463
944,4.39805e+12,1.58356e+10,33966.9,42,14.7539,14,0.215799
945,2.2518e+15,2.23223e+12,25846.8,51,14.4902,13,0.210494
946,7.03687e+13,9.74944e+10,15616.4,46,13.2949,11,0.202993
947,1.75922e+13,4.68561e+10,23246.3,44,13.7998,13,0.206412
948,1.40737e+14,1.84845e+11,23936.2,47,14.3818,13,0.213482
949,3.51844e+13,5.21128e+10,37152.7,45,15.1006,14,0.227078
950,1.40737e+14,1.96912e+11,89182.3,47,16.0713,16,0.227793
951,4.39805e+12,1.99839e+10,37076,42,14.8164,14,0.221635
952,4.39805e+12,1.22376e+10,35375,42,14.4473,14,0.216651
953,2.2518e+15,2.29113e+12,34594.4,51,14.7451,14,0.214398
954,2.81475e+14,3.73519e+11,37380.9,48,15.5381,14,0.21698
955,3.51844e+13,7.33769e+10,37581.5,45,15.0361,14,0.212712
956,1.1259e+15,1.15165e+12,54142.6,50,15.5088,15,0.221563
957,2.81475e+14,4.85116e+11,88519.8,48,16.1777,16,0.232173
958,7.03687e+13,1.7129e+11,94084.8,46,16.5654,16,0.236714
959,3.51844e+13,1.1404e+11,160265,45,17.334,17,0.248055
960,1.75922e+13,5.57345e+10,161359,44,17.0557,17,0.243758
961,7.03687e+13,1.55471e+11,89492.6,46,16.1738,16,0.234141
962,7.03687e+13,1.69373e+11,160586,46,17.1621,17,0.247644
963,1.75922e+13,5.19898e+10,89936.8,44,16.4365,16,0.232896
964,7.03687e+13,2.71256e+11,92745.2,46,16.5635,16,0.241352
965,1.1259e+15,1.18022e+12,57442.4,50,16.0859,15,0.235504
966,2.81475e+14,5.12579e+11,93240.6,48,16.3506,16,0.241816
967,5.6295e+14,5.85612e+11,88800,49,15.9219,16,0.235011
968,1.1259e+15,1.25167e+12,54111.7,50,15.6885,15,0.233884
969,7.03687e+13,1.51377e+11,92304.4,46,16.6494,16,0.252387
970,9.0072e+15,9.62798e+12,93393.5,53,16.709,16,0.252108
971,1.40737e+14,2.3374e+11,24706.1,47,14.1895,13,0.220609
972,3.51844e+13,1.24787e+11,53487.5,45,15.2979,15,0.230734
973,1.40737e+14,1.97339e+11,56206,47,15.7852,15,0.234074
974,2.81475e+14,5.09238e+11,56832.5,48,15.6846,15,0.236805
975,1.75922e+13,9.3684e+10,56944.7,44,15.1445,15,0.227961
976,2.81475e+14,3.72374e+11,51320.9,48,15.3193,15,0.231888
977,7.03687e+13,1.91085e+11,163344,46,17.2383,17,0.257346
978,1.40737e+14,2.21678e+11,57111.9,47,16.2031,15,0.240438
979,1.40737e+14,2.43823e+11,157417,47,16.9541,17,0.247142
980,5.6295e+14,7.5165e+11,290374,49,17.6445,18,0.256991
981,3.51844e+13,2.05815e+11,54694.5,45,16.417,15,0.23869
982,1.40737e+14,3.99662e+11,89800.6,47,17.1016,16,0.251493
983,1.40737e+14,4.30721e+11,55236.9,47,16.6045,15,0.241088
984,1.1259e+15,1.50005e+12,56464.2,50,16.2383,15,0.235011
985,1.1259e+15,1.40994e+12,93726.7,50,17.1621,16,0.246749
986,1.40737e+14,4.10354e+11,297648,47,18.4785,18,0.263325
987,1.1259e+15,2.92572e+12,58087.5,50,17.1768,15,0.243263
988,1.40737e+14,5.06389e+11,162918,47,17.9365,17,0.257504
989,1.75922e+13,1.85746e+11,160939,44,17.3672,17,0.24235
990,2.81475e+14,4.96209e+11,94408.1,48,17.5176,16,0.246808
991,7.03687e+13,2.10779e+11,296914,46,18.3564,18,0.260431
992,2.2518e+15,2.44175e+12,87918.9,51,17.1406,16,0.24672
993,1.40737e+14,3.61027e+11,25021.4,47,15.3086,13,0.221045
994,2.2518e+15,2.48069e+12,39347.5,51,16.4785,14,0.237986
995,1.1259e+15,2.26663e+12,298117,50,19.2656,18,0.27662
996,5.6295e+14,1.28644e+12,292703,49,18.627,18,0.266728
997,2.81475e+14,6.91547e+11,52402.1,48,16.9873,15,0.242392
998,9.0072e+15,9.67627e+12,93696.6,53,17.3516,16,0.245629
999,1.40737e+14,5.73355e+11,93148.4,47,17.6689,16,0.247734
1000,1.40737e+14,6.26389e+11,92869.9,47,17.7559,16,0.254158
1001,2.2518e+15,2.51182e+12,52948.5,51,16.7031,15,0.235819
1002,1.40737e+14,5.48887e+11,156803,47,18.1387,17,0.256865
1003,2.81475e+14,7.06165e+11,94378.9,48,17.6699,16,0.249889
1004,3.51844e+13,3.50681e+11,55474.9,45,17.5361,15,0.250743
1005,1.1259e+15,2.49834e+12,56119.3,50,17.1895,15,0.247653
1006,1.1259e+15,2.32007e+12,159324,50,18.1514,17,0.258103
1007,5.6295e+14,1.12344e+12,93301.9,49,17.2148,16,0.247308
1008,5.6295e+14,2.63514e+12,36921.8,49,16.2988,14,0.233901
1009,2.81475e+14,6.37953e+11,23529.5,48,15.8232,13,0.227241
1010,2.81475e+14,9.61272e+11,27046.1,48,16.0166,13,0.227409
1011,5.6295e+14,1.26407e+12,37229,49,16.5303,14,0.238171
1012,5.6295e+14,1.40658e+12,92177.2,49,18.2305,16,0.26529
1013,1.1259e+15,2.25726e+12,162852,50,18.6318,17,0.269105
1014,4.5036e+15,6.34987e+12,36740.4,52,17.9736,14,0.259282
1015,2.81475e+14,1.1554e+12,160515,48,18.6504,17,0.268921
1016,5.6295e+14,1.80612e+12,54542.1,49,17.3682,15,0.251991
1017,4.5036e+15,9.48203e+12,93876.6,52,18.4033,16,0.262516
1018,2.2518e+15,3.39319e+12,92017.5,51,18.9766,16,0.271062
1019,2.2518e+15,4.45075e+12,159978,51,18.6436,17,0.270739
1020,1.40737e+14,7.7815e+11,294858,47,18.624,18,0.268808
1021,9.0072e+15,1.18603e+13,93876.6,53,18.0049,16,0.260282
1022,1.1259e+15,1.8524e+12,54906.6,50,17.4053,15,0.251579
1023,2.2518e+15,3.97829e+12,157797,51,18.1328,17,0.263304
1024,5.6295e+14,1.67405e+12,36160.7,49,17.0225,14,0.247479
1025,5.6295e+14,1.4096e+12,58323.6,49,17.9893,15,0.2612
1026,5.6295e+14,2.16132e+12,94408.1,49,18.7285,16,0.273046
1027,2.2518e+15,7.11491e+12,560717,51,19.5664,19,0.2791
1028,1.40737e+14,5.31362e+11,153956,47,18.7158,17,0.269622
1029,9.0072e+15,9.91149e+12,293992,53,19.0928,18,0.273511
1030,2.81475e+14,9.89705e+11,295785,48,18.9141,18,0.275952
1031,1.1259e+15,2.28602e+12,293912,50,19.3398,18,0.281473
1032,4.5036e+15,8.87292e+12,91985.4,52,18.9434,16,0.279251
1033,4.5036e+15,1.02009e+13,292499,52,20.3311,18,0.296895
1034,2.2518e+15,4.77846e+12,161254,51,19.625,17,0.289966
1035,5.6295e+14,2.19988e+12,37902.8,49,18.7773,14,0.275917
1036,1.1259e+15,3.40383e+12,291841,50,20.1367,18,0.293561
1037,5.6295e+14,3.22333e+12,160444,49,19.7617,17,0.285648
1038,2.81475e+14,1.85976e+12,560505,48,20.3701,19,0.291602
1039,5.6295e+14,3.35625e+12,296914,49,20.1748,18,0.29505
1040,2.2518e+15,6.03675e+12,293912,51,19.9707,18,0.289837
1041,2.81475e+14,1.8825e+12,298754,48,20.2598,18,0.296474
1042,1.1259e+15,5.24171e+12,561473,50,20.5449,19,0.297119
1043,4.5036e+15,9.20504e+12,4.2389e+06,52,22.0469,22,0.320613
1044,4.5036e+15,9.64644e+12,2.14276e+06,52,21.75,21,0.317765
1045,2.81475e+14,1.62512e+12,2.13494e+06,48,21.2607,21,0.312342
1046,2.2518e+15,4.8598e+12,4.23984e+06,51,21.2744,22,0.309061
1047,9.0072e+15,1.58112e+13,4.24012e+06,53,21.9658,22,0.32108
1048,9.0072e+15,1.91243e+13,296691,53,20.5732,18,0.308595
1049,1.44115e+17,1.4403e+14,8.44038e+06,57,22.0605,23,0.329421
1050,4.5036e+15,1.63044e+13,1.34281e+08,52,23.4639,27,0.345544
1051,2.2518e+15,3.97297e+12,8.44287e+06,51,21.8252,23,0.321422
1052,2.2518e+15,7.27569e+12,8.44101e+06,51,21.418,23,0.313456
1053,1.80144e+16,2.11659e+13,8.44603e+06,54,21.9082,23,0.318478
1054,2.2518e+15,5.36883e+12,3.36193e+07,51,23.0244,25,0.337433
1055,4.5036e+15,6.25413e+12,2.14168e+06,52,20.6973,21,0.306086
1056,5.6295e+14,1.54056e+12,296766,49,19.8857,18,0.29026
1057,5.6295e+14,2.40959e+12,564182,49,20.3584,19,0.301274
1058,5.6295e+14,2.05813e+12,2.14314e+06,49,20.9893,21,0.307603
1059,3.60288e+16,4.15222e+13,4.23946e+06,55,21.1289,22,0.311259
1060,2.81475e+14,1.93763e+12,2.14324e+06,48,21.2393,21,0.315161
1061,1.1259e+15,2.72164e+12,2.1469e+06,50,21.3965,21,0.308879
1062,5.6295e+14,2.60731e+12,560419,49,19.9912,19,0.288798
1063,2.2518e+15,5.53614e+12,4.24012e+06,51,21.3232,22,0.307834
1064,3.60288e+16,5.71569e+13,4.24371e+06,55,21.7646,22,0.312081
1065,4.5036e+15,1.20838e+13,1.34289e+08,52,24.3301,27,0.348844
1066,1.1259e+15,6.41409e+12,6.71793e+07,50,23.6572,26,0.338901
1067,9.0072e+15,1.90983e+13,1.34285e+08,53,23.9395,27,0.343829
1068,2.2518e+15,1.06125e+13,6.71799e+07,51,23.585,26,0.34053
1069,9.0072e+15,1.60091e+13,1.3429e+08,53,24.0723,27,0.345164
1070,1.80144e+16,2.42179e+13,3.36185e+07,54,23.4727,25,0.336328
1071,1.1259e+15,5.31784e+12,3.3619e+07,50,23.1533,25,0.333512
1072,3.60288e+16,4.90889e+13,1.34292e+08,55,24.3809,27,0.34985
1073,5.6295e+14,4.18196e+12,1.34297e+08,49,25.5918,27,0.371878
1074,1.1259e+15,7.05493e+12,1.34282e+08,50,25.1309,27,0.364723
1075,1.80144e+16,2.6346e+13,2.68508e+08,54,25.9463,28,0.376084
1076,1.1259e+15,6.98787e+12,6.71878e+07,50,25.1738,26,0.366991
1077,1.1259e+15,6.25e+12,3.36211e+07,50,24.1416,25,0.357104
1078,1.1259e+15,5.67552e+12,3.36192e+07,50,24.0762,25,0.355533
1079,2.2518e+15,1.04462e+13,3.36269e+07,51,24.2139,25,0.353829
1080,1.1259e+15,5.46606e+12,6.7172e+07,50,23.4893,26,0.342811
1081,1.80144e+16,3.22972e+13,1.34284e+08,54,24.6035,27,0.361492
1082,1.80144e+16,3.75018e+13,1.34295e+08,54,24.8076,27,0.361868
1083,4.5036e+15,1.91609e+13,1.34289e+08,52,24.5146,27,0.353926
1084,9.0072e+15,1.61183e+13,1.34287e+08,53,24.3789,27,0.354998
1085,9.0072e+15,2.11659e+13,2.68497e+08,53,24.9082,28,0.369584
1086,1.44115e+17,1.54502e+14,2.68511e+08,57,24.8906,28,0.363392
1087,4.5036e+15,1.09491e+13,2.68515e+08,52,25.1816,28,0.369818
1088,1.44115e+17,1.57792e+14,6.71779e+07,57,24.1328,26,0.35401
1089,4.5036e+15,1.15841e+13,1.34293e+08,52,25.334,27,0.373856
1090,5.6295e+14,4.57849e+12,6.71746e+07,49,24.6006,26,0.362507
1091,9.0072e+15,2.0561e+13,1.3428e+08,53,24.6582,27,0.360361
1092,9.0072e+15,3.45553e+13,2.68515e+08,53,25.5234,28,0.373349
1093,2.8823e+17,4.3967e+14,2.68522e+08,58,25.1826,28,0.368795
1094,9.0072e+15,1.49491e+13,1.34287e+08,53,24.6855,27,0.362817
1095,3.60288e+16,6.34397e+13,1.07382e+09,55,26.4619,30,0.391389
1096,1.80144e+16,4.0455e+13,1.07384e+09,54,27.3428,30,0.401425
1097,1.80144e+16,4.63125e+13,2.14756e+09,54,27.8809,31,0.41084
1098,9.0072e+15,1.9785e+13,2.14757e+09,53,27.4678,31,0.407011
1099,7.20576e+16,8.42406e+13,1.07383e+09,56,26.2031,30,0.386501
1100,2.30584e+18,2.27433e+15,1.07383e+09,61,27.4521,30,0.409074
1101,9.0072e+15,2.55928e+13,1.718e+10,53,29.8203,34,0.437724
1102,1.80144e+16,2.93176e+13,4.29506e+09,54,27.3662,32,0.406748
1103,7.20576e+16,8.64351e+13,1.07383e+09,56,25.6953,30,0.379709
1104,4.5036e+15,1.83569e+13,3.43598e+10,52,29.7822,35,0.430361
1105,4.5036e+15,1.6554e+13,8.59002e+09,52,27.6475,33,0.406299
1106,4.5036e+15,1.55086e+13,4.29507e+09,52,27.5215,32,0.404524
1107,9.0072e+15,2.96026e+13,4.29507e+09,53,26.9844,32,0.395832
1108,4.5036e+15,1.62469e+13,4.29506e+09,52,27.7676,32,0.409902
1109,2.2518e+15,1.35507e+13,1.07384e+09,51,26.5068,30,0.390274
1110,1.1259e+15,8.66871e+12,1.07383e+09,50,26.2686,30,0.385395
1111,4.5036e+15,1.80517e+13,2.14758e+09,52,27.0977,31,0.396256
1112,2.2518e+15,9.78184e+12,5.36961e+08,51,25.7314,29,0.37887
1113,4.5036e+15,1.78423e+13,1.07383e+09,52,26.0283,30,0.38609
1114,9.0072e+15,2.32764e+13,2.14758e+09,53,27.0488,31,0.396655
1115,2.2518e+15,8.17035e+12,2.14757e+09,51,26.5811,31,0.390978
1116,1.80144e+16,3.48323e+13,2.68518e+08,54,25.6006,28,0.376819
1117,7.20576e+16,8.3279e+13,2.14758e+09,56,26.791,31,0.395162
1118,4.5036e+15,2.2505e+13,2.68518e+08,52,24.8408,28,0.367025
1119,9.0072e+15,2.54036e+13,1.34286e+08,53,24.2295,27,0.354722
1120,4.5036e+15,1.90776e+13,2.68519e+08,52,24.9863,28,0.372004
1121,9.0072e+15,2.48528e+13,1.34293e+08,53,24.7705,27,0.358853
1122,3.60288e+16,4.74823e+13,2.68515e+08,55,26.0293,28,0.381449
1123,2.2518e+15,1.57409e+13,1.34287e+08,51,24.2109,27,0.359557
1124,2.2518e+15,9.47162e+12,1.34294e+08,51,24.4053,27,0.357847
1125,3.60288e+16,5.11887e+13,2.68505e+08,55,24.6318,28,0.36285
1126,7.20576e+16,1.3406e+14,1.34292e+08,56,25.3027,27,0.370191
1127,1.15292e+18,1.53879e+15,8.44197e+06,60,23.3701,23,0.346031
1128,1.80144e+16,7.86568e+13,1.09102e+06,54,21.8809,20,0.321681
1129,7.20576e+16,2.27381e+14,1.68337e+07,56,23.208,24,0.341579
1130,7.20576e+16,1.24749e+14,4.2483e+06,56,22.2559,22,0.327931
1131,1.44115e+17,2.08129e+14,1.68281e+07,57,23.1279,24,0.341569
1132,2.30584e+18,2.35389e+15,2.14563e+06,61,22.2266,21,0.330835
1133,1.80144e+16,3.87409e+13,1.08606e+06,54,20.5,20,0.305794
1134,9.0072e+15,4.98052e+13,3.362e+07,53,23.6777,25,0.349433
1135,9.0072e+15,3.72254e+13,1.34286e+08,53,24.3242,27,0.358523
1136,9.0072e+15,2.83124e+13,3.36208e+07,53,23.6426,25,0.347259
1137,3.60288e+16,1.35706e+14,6.71738e+07,55,24.3262,26,0.357932
1138,2.8823e+17,8.22084e+14,1.68356e+07,58,23.2783,24,0.342487
1139,7.20576e+16,1.98478e+14,3.36162e+07,56,23.7871,25,0.349652
1140,1.80144e+16,7.00246e+13,3.36152e+07,54,23.623,25,0.351896
1141,1.44115e+17,2.94047e+14,8.44975e+06,57,22.5068,23,0.331396
1142,1.44115e+17,2.08671e+14,2.14295e+06,57,21.3994,21,0.320409
1143,7.20576e+16,2.12466e+14,3.36167e+07,56,23.6475,25,0.350256
1144,1.44115e+17,2.42757e+14,8.44364e+06,57,22.9385,23,0.334293
1145,7.20576e+16,1.79463e+14,3.36169e+07,56,23.6602,25,0.352634
1146,2.30584e+18,2.89447e+15,6.71671e+07,61,23.9375,26,0.354831
1147,5.76461e+17,8.4363e+14,3.36245e+07,59,23.9688,25,0.356878
1148,9.22337e+18,9.14621e+15,3.36166e+07,63,24.2646,25,0.358648
1149,3.60288e+16,1.41813e+14,1.34286e+08,55,24.5547,27,0.360101
1150,1.44115e+17,2.84557e+14,4.24017e+06,57,22.3564,22,0.327708
1151,1.80144e+16,9.93852e+13,1.68368e+07,54,23.7285,24,0.34512
1152,3.68935e+19,3.63184e+16,4.24849e+06,65,22.4414,22,0.329302
1153,2.8823e+17,7.92214e+14,3.36128e+07,58,23.6797,25,0.349797
1154,5.76461e+17,6.43994e+14,8.44468e+06,59,23.2832,23,0.343841
1155,4.61169e+18,5.41231e+15,6.71758e+07,62,24.3926,26,0.360282
1156,2.8823e+17,7.42181e+14,1.68383e+07,58,23.4551,24,0.345952
1157,4.61169e+18,5.92643e+15,1.68396e+07,62,23.5107,24,0.351191
1158,1.15292e+18,3.78616e+15,8.44598e+06,60,24.2812,23,0.36101
1159,1.15292e+18,4.17583e+15,557938,60,21.3711,19,0.321497
1160,1.84467e+19,1.93477e+16,1.08973e+06,64,21.7783,20,0.327329
1161,9.22337e+18,1.18389e+16,3.36197e+07,63,23.7793,25,0.359336
1162,1.15292e+18,5.20781e+15,8.43899e+06,60,22.9395,23,0.353589
1163,1.47574e+20,1.63176e+17,8.43205e+06,67,22.6621,23,0.345429
1164,5.76461e+17,2.2511e+15,3.36237e+07,59,24.0527,25,0.36592
1165,5.76461e+17,1.98233e+15,2.68507e+08,59,25.2129,28,0.38169
1166,1.15292e+18,2.71804e+15,6.7183e+07,60,24.7617,26,0.379752
1167,7.55579e+22,7.38204e+19,1.68331e+07,76,23.4756,24,0.356704
1168,9.22337e+18,1.02993e+16,4.2419e+06,63,22.9785,22,0.354344
1169,3.68935e+19,4.55205e+16,1.68337e+07,65,23.9932,24,0.367426
1170,2.30584e+18,7.81068e+15,37656.2,61,20.7031,14,0.317825
1171,2.30584e+18,3.24437e+15,2.14237e+06,61,22.4688,21,0.346417
1172,7.3787e+19,7.70634e+16,563829,66,21.9893,19,0.337007
1173,9.22337e+18,1.31547e+16,3.36187e+07,63,23.4922,25,0.363249
1174,7.3787e+19,7.88389e+16,4.24217e+06,66,22.9756,22,0.355278
1175,4.61169e+18,7.50833e+15,1.08658e+06,62,21.9326,20,0.33793
1176,2.95148e+20,2.91286e+17,296391,68,21.1455,18,0.325756
1177,3.68935e+19,4.78515e+16,1.08715e+06,65,21.6387,20,0.329392
1178,4.61169e+18,1.81528e+16,89043.6,62,20.8252,16,0.317706
1179,3.68935e+19,5.74187e+16,38361.6,65,19.5312,14,0.303557
1180,1.15292e+18,2.8942e+15,25869.9,60,18.8281,13,0.291665
1181,2.30584e+18,7.17898e+15,24287,61,18.6074,13,0.289822
1182,1.84467e+19,4.70293e+16,19127.5,64,18.1914,12,0.281379
1183,2.8823e+17,1.31367e+15,27131,58,18.7373,13,0.292474
1184,1.47574e+20,2.21295e+17,20779.8,67,18.3066,12,0.28634
1185,2.95148e+20,5.34925e+17,556726,68,21.9775,19,0.343178
1186,1.47574e+20,1.8779e+17,1.08407e+06,67,22.5156,20,0.352505
1187,1.88895e+22,2.04801e+19,1.09219e+06,74,23.5762,20,0.373192
1188,2.36118e+21,4.6451e+18,8.43567e+06,71,24.5078,23,0.391424
1189,1.88895e+22,2.97491e+19,2.68501e+08,74,26.5273,28,0.422294
1190,1.88895e+22,4.96981e+19,2.68509e+08,74,27.2432,28,0.435497
1191,3.77789e+22,4.27088e+19,2.68513e+08,75,27.3477,28,0.438491
1192,1.51116e+23,1.50123e+20,2.68513e+08,77,26.7949,28,0.42742
1193,7.55579e+22,8.17261e+19,1.07382e+09,76,28.0176,30,0.445048
1194,1.88895e+22,2.20244e+19,1.07383e+09,74,28.7959,30,0.458826
1195,2.41785e+24,2.39243e+21,1.07382e+09,81,28.9053,30,0.462811
1196,2.36118e+21,7.10598e+18,6.7176e+07,71,26.3848,26,0.431135
1197,3.77789e+22,1.2758e+20,3.36084e+07,75,25.5166,25,0.418486
1198,4.72237e+21,9.719e+18,3.36233e+07,72,25.9492,25,0.424953
1199,1.88895e+22,2.91622e+19,6.71721e+07,74,26.1426,26,0.418103
1200,1.88895e+22,2.3743e+19,6.71775e+07,74,26.0234,26,0.425365
1201,9.67141e+24,9.45884e+21,3.36115e+07,83,25.3018,25,0.406151
1202,9.44473e+21,3.15544e+19,1.34288e+08,73,27.1367,27,0.433921
1203,1.88895e+22,3.5258e+19,1.34286e+08,74,26.4014,27,0.424966
1204,6.04463e+23,7.58126e+20,6.71738e+07,79,26.3066,26,0.420457
1205,2.41785e+24,3.99166e+21,6.71736e+07,81,25.6836,26,0.411728
1206,3.02231e+23,4.30749e+20,1.68299e+07,78,24.8516,24,0.402971
1207,1.51116e+23,1.78376e+20,6.71696e+07,77,26.1973,26,0.416785
1208,1.20893e+24,1.229e+21,1.3429e+08,80,26.8818,27,0.428853
1209,4.72237e+21,9.66278e+18,5.36958e+08,72,28.5332,29,0.461401
1210,9.44473e+21,1.99262e+19,6.71757e+07,73,26.3369,26,0.421175
1211,4.8357e+24,4.73627e+21,1.6833e+07,82,25.1182,24,0.398529
1212,2.36118e+21,9.11006e+18,2.68508e+08,71,27.3652,28,0.438181
1213,4.72237e+21,1.6081e+19,1.34287e+08,72,27.0605,27,0.434549
1214,1.47574e+20,3.19957e+17,3.36199e+07,67,24.9258,25,0.395417
1215,1.88895e+22,2.38111e+19,1.68238e+07,74,24.5166,24,0.389776
1216,1.18059e+21,4.27594e+18,3.36213e+07,70,25.5391,25,0.402622
1217,1.47574e+20,2.11367e+17,8.44225e+06,67,24.1172,23,0.382461
1218,4.72237e+21,5.55048e+18,6.71739e+07,72,26.0117,26,0.411214
1219,2.95148e+20,8.3904e+17,2.68502e+08,68,27.1895,28,0.423368
1220,9.44473e+21,1.92059e+19,2.68521e+08,73,27.6367,28,0.437419
1221,1.51116e+23,2.39437e+20,6.7182e+07,77,26.1436,26,0.409887
1222,9.44473e+21,1.27376e+19,295363,73,23.0254,18,0.368372
1223,1.20893e+24,1.32829e+21,3.36171e+07,80,25.5674,25,0.408184
1224,4.72237e+21,5.60576e+18,1.68383e+07,72,24.8115,24,0.379095
1225,1.88895e+22,2.32332e+19,1.34291e+08,74,27.0654,27,0.422825
1226,4.72237e+21,1.38615e+19,5.36948e+08,72,28.3076,29,0.446056
1227,1.20893e+24,2.50652e+21,1.07382e+09,80,28.542,30,0.448233
1228,1.51116e+23,1.80469e+20,2.6851e+08,77,27.9805,28,0.44399
1229,6.04463e+23,6.17727e+20,1.34293e+08,79,26.7051,27,0.423369
1230,1.93428e+25,1.9178e+22,1.07383e+09,84,29.3828,30,0.469759
1231,1.93428e+25,1.906e+22,5.36948e+08,84,28.4551,29,0.446573
1232,7.55579e+22,1.02271e+20,8.44191e+06,76,24.4961,23,0.388
1233,1.20893e+24,2.59027e+21,8.44506e+06,80,23.7363,23,0.375268
1234,1.54743e+26,1.56441e+23,1.34284e+08,87,26.1445,27,0.407287
1235,7.92282e+28,7.73713e+25,1.68296e+07,96,23.9219,24,0.384029
1236,1.51116e+23,3.07253e+20,8.43928e+06,77,23.5156,23,0.373842
1237,1.93428e+25,1.94928e+22,559992,84,22.1553,19,0.36325
1238,6.04463e+23,7.46452e+20,1.08932e+06,79,21.9199,20,0.349134
1239,1.20893e+24,1.34354e+21,1.34283e+08,80,26.5166,27,0.416595
1240,7.55579e+22,7.77323e+19,5.36942e+08,76,27.1279,29,0.433956
1241,1.93428e+25,1.91629e+22,2.68516e+08,84,27.5342,28,0.434342
1242,3.77789e+22,1.23047e+20,2.68513e+08,75,27.7607,28,0.444534
1243,9.67141e+24,1.04539e+22,6.71711e+07,83,26.1445,26,0.424348
1244,7.55579e+22,1.32956e+20,4.2436e+06,76,24.7617,22,0.398934
1245,7.55579e+22,1.09819e+20,1.68358e+07,76,25.5283,24,0.411972
1246,7.55579e+22,1.47282e+20,1.68313e+07,76,25.4062,24,0.415048
1247,2.41785e+24,2.55005e+21,3.36137e+07,81,25.46,25,0.414503
1248,2.47588e+27,2.42226e+24,3.36169e+07,91,25.876,25,0.419703
1249,6.04463e+23,7.67994e+20,2.68517e+08,79,28.5039,28,0.462653
1250,2.41785e+24,2.56959e+21,2.14756e+09,81,30.1816,31,0.498331
1251,6.04463e+23,1.38401e+21,1.07382e+09,79,30.4561,30,0.504578
1252,3.96141e+28,3.98968e+25,5.36958e+08,95,28.8594,29,0.483473
1253,1.51116e+23,3.77606e+20,2.68507e+08,77,28.0781,28,0.458492
1254,9.67141e+24,9.47693e+21,1.34291e+08,83,27.7119,27,0.455742
1255,3.02231e+23,4.17832e+20,2.68501e+08,78,28.2012,28,0.476962
1256,2.41785e+24,2.51608e+21,2.68501e+08,81,27.8652,28,0.474584
1257,1.93428e+25,1.90528e+22,6.71713e+07,84,27.0264,26,0.442473
1258,1.20893e+24,1.70889e+21,2.68505e+08,80,29.1055,28,0.483881
1259,7.55579e+22,1.3143e+20,3.36106e+07,76,26.5049,25,0.439853
1260,4.8357e+24,5.40474e+21,6.71724e+07,82,27.4014,26,0.46225
1261,4.8357e+24,7.04141e+21,2.68514e+08,82,28.6924,28,0.473284
1262,7.92282e+28,1.54763e+26,3.36195e+07,96,27.46,25,0.450227
1263,1.93428e+25,4.72923e+22,3.36081e+07,84,26.1445,25,0.423558
1264,3.09485e+26,3.04722e+23,1.68309e+07,88,26.1611,24,0.42599
1265,3.86856e+25,4.45871e+22,1.34292e+08,85,28.1445,27,0.467496
1266,1.93428e+25,2.0419e+22,6.71695e+07,84,26.9893,26,0.453309
1267,1.93428e+25,3.00179e+22,1.34283e+08,84,28.043,27,0.473018
1268,2.47588e+27,2.41922e+24,2.68506e+08,91,28.248,28,0.470516
1269,1.51116e+23,3.16285e+20,5.36937e+08,77,29.5869,29,0.48246
1270,1.20893e+24,1.58709e+21,1.3428e+08,80,27.3486,27,0.44074
1271,1.20893e+24,2.80705e+21,1.34287e+08,80,27.9502,27,0.458277
1272,3.09485e+26,3.02712e+23,3.36166e+07,88,25.7139,25,0.424574
1273,4.8357e+24,5.60074e+21,3.36121e+07,82,26.3975,25,0.44196
1274,7.92282e+28,7.80146e+25,6.71672e+07,96,27.1123,26,0.441894
1275,3.86856e+25,5.69274e+22,1.34277e+08,85,27.8428,27,0.456037
1276,1.23794e+27,1.20939e+24,6.71767e+07,90,27.0771,26,0.432807
1277,7.73713e+25,7.95461e+22,4.24318e+06,86,26.2051,22,0.416603
1278,6.04463e+23,9.53913e+20,5.36956e+08,79,29.8857,29,0.475539
1279,3.02231e+23,4.54422e+20,6.71719e+07,78,27.376,26,0.442926
1280,7.73713e+25,7.57273e+22,1.34301e+08,86,27.9102,27,0.444016
1281,7.73713e+25,7.64891e+22,3.36144e+07,86,26.7246,25,0.43834
1282,4.8357e+24,5.40335e+21,8.44298e+06,82,25.96,23,0.422225
1283,1.51116e+23,2.85298e+20,3.36099e+07,77,25.7188,25,0.415881
1284,3.02231e+23,4.54619e+20,4.2449e+06,78,24.5254,22,0.399535
1285,3.09485e+26,3.10041e+23,1.34284e+08,88,28.0225,27,0.448235
1286,1.23794e+27,1.82312e+24,2.13836e+06,90,23.8848,21,0.392039
1287,6.1897e+26,6.14873e+23,1.3429e+08,89,27.3408,27,0.444711
1288,3.09485e+26,3.05033e+23,1.68316e+07,88,25.8945,24,0.423178
1289,9.67141e+24,1.88724e+22,5.36944e+08,83,29.8906,29,0.497442
1290,7.92282e+28,7.7762e+25,5.36947e+08,96,28.8711,29,0.475372
1291,1.20893e+24,1.79732e+21,2.68515e+08,80,29.4951,28,0.479505
1292,3.09485e+26,4.21352e+23,1.68371e+07,88,26.8115,24,0.431345
1293,7.92282e+28,7.92037e+25,1.68367e+07,96,26.8594,24,0.435304
1294,1.54743e+26,3.13054e+23,3.36141e+07,87,26.5879,25,0.427387
1295,4.95176e+27,6.37007e+24,2.68516e+08,92,28.7852,28,0.465376
1296,1.93428e+25,4.06403e+22,5.36951e+08,84,29.4619,29,0.48034
1297,1.20893e+24,1.81173e+21,1.68344e+07,80,26.3916,24,0.426572
1298,9.67141e+24,1.3553e+22,6.71638e+07,83,26.8047,26,0.437505
1299,2.41785e+24,9.98042e+21,5.36942e+08,81,28.7334,29,0.472079
1300,7.92282e+28,7.73805e+25,1.34289e+08,96,27.0566,27,0.442033
1301,7.73713e+25,1.24721e+23,3.36193e+07,86,26.2031,25,0.441726
1302,6.1897e+26,7.6009e+23,3.36067e+07,89,26.0195,25,0.432316
1303,1.54743e+26,3.51359e+23,1.68358e+07,87,24.9717,24,0.417472
1304,7.92282e+28,7.76975e+25,4.24207e+06,96,24.6416,22,0.402294
1305,1.93428e+25,2.51271e+22,1.34288e+08,84,27.8369,27,0.452001
1306,4.8357e+24,5.6825e+21,8.43986e+06,82,24.292,23,0.394297
1307,4.8357e+24,6.86554e+21,6.71731e+07,82,27.6074,26,0.444788
1308,3.86856e+25,3.81209e+22,1.34299e+08,85,28.1943,27,0.44915
1309,4.8357e+24,5.41293e+21,5.36946e+08,82,28.4785,29,0.447165
1310,1.9807e+28,1.93431e+25,5.36943e+08,94,29.0918,29,0.459895
1311,2.47588e+27,2.42594e+24,2.68517e+08,91,29.5557,28,0.45996
1312,7.92282e+28,7.7537e+25,5.36952e+08,96,30.1104,29,0.472276
1313,7.92282e+28,7.7416e+25,2.68505e+08,96,29.5596,28,0.457542
1314,7.92282e+28,7.73738e+25,1.3429e+08,96,29.0527,27,0.45547
1315,7.92282e+28,1.55367e+26,1.34294e+08,96,29.4922,27,0.464681
1316,7.92282e+28,1.18486e+26,5.36955e+08,96,29.6982,29,0.469369
1317,7.92282e+28,1.57468e+26,1.34293e+08,96,28.7041,27,0.453233
1318,7.92282e+28,7.74521e+25,6.7174e+07,96,26.9834,26,0.43234
1319,1.9807e+28,1.93567e+25,3.36148e+07,94,27.5645,25,0.445194
1320,7.92282e+28,7.75267e+25,6.71705e+07,96,27.7539,26,0.451527
1321,7.92282e+28,7.75302e+25,1.34288e+08,96,29.335,27,0.47506
1322,2.47588e+27,2.42463e+24,3.36183e+07,91,28.4541,25,0.468451
1323,7.92282e+28,7.98146e+25,1.34286e+08,96,29.3682,27,0.48524
1324,3.96141e+28,3.87681e+25,2.68508e+08,95,29.8682,28,0.496939
1325,7.73713e+25,9.28893e+22,1.07382e+09,86,30.9648,30,0.518335
1326,7.92282e+28,8.46636e+25,5.3695e+08,96,30.2246,29,0.510183
1327,7.92282e+28,1.57292e+26,5.36942e+08,96,30.1377,29,0.50673
1328,7.92282e+28,1.5672e+26,1.34294e+08,96,29.2793,27,0.499881
1329,7.92282e+28,7.92505e+25,6.71815e+07,96,29.6045,26,0.504674
1330,9.90352e+27,9.73734e+24,2.68513e+08,93,29.457,28,0.501387
1331,7.92282e+28,8.72308e+25,1.07382e+09,96,31.4355,30,0.53099
1332,4.95176e+27,8.19426e+24,5.36949e+08,92,30.8965,29,0.525225
1333,7.92282e+28,9.08693e+25,2.68525e+08,96,30.1865,28,0.505311
1334,1.93428e+25,6.08281e+22,3.36156e+07,84,25.8701,25,0.432655
1335,7.92282e+28,8.35438e+25,3.36171e+07,96,26.7207,25,0.443447
1336,4.8357e+24,2.86383e+22,3.36083e+07,82,25.5742,25,0.425745
1337,9.90352e+27,9.87846e+24,1.68245e+07,93,25.4727,24,0.427964
1338,7.92282e+28,3.14786e+26,1.07383e+09,96,32.5986,30,0.555997
1339,7.92282e+28,2.54481e+26,1.07383e+09,96,33.8779,30,0.585427
1340,7.92282e+28,3.1959e+26,8.59001e+09,96,34.6357,33,0.599434
1341,7.92282e+28,1.70842e+26,2.14757e+09,96,33.0156,31,0.568898
1342,7.92282e+28,2.5455e+26,2.6851e+08,96,31.8193,28,0.546669
1343,7.92282e+28,1.20482e+26,2.68508e+08,96,31.6445,28,0.545217
1344,7.92282e+28,1.90307e+26,1.07381e+09,96,32.7969,30,0.566133
1345,7.92282e+28,2.33803e+26,1.07383e+09,96,32.2842,30,0.55755
1346,7.92282e+28,9.31429e+25,1.34285e+08,96,30.1377,27,0.519727
1347,1.9807e+28,2.07372e+25,1.34286e+08,94,30.4453,27,0.519048
1348,7.92282e+28,7.76978e+25,3.36148e+07,96,28.666,25,0.488672
1349,7.92282e+28,1.69567e+26,2.68507e+08,96,28.9404,28,0.49209
1350,7.92282e+28,2.32815e+26,1.34288e+08,96,28.6182,27,0.492805
1351,7.92282e+28,1.5658e+26,3.36187e+07,96,27.2979,25,0.457118
1352,7.92282e+28,8.0373e+25,2.68502e+08,96,29.584,28,0.50402
1353,7.92282e+28,3.31314e+26,3.36197e+07,96,27.8145,25,0.47488
1354,7.92282e+28,3.13192e+26,8.44544e+06,96,27.3398,23,0.471572
1355,7.92282e+28,3.87298e+26,6.7171e+07,96,28.1602,26,0.480527
1356,7.92282e+28,4.09458e+26,3.36107e+07,96,28.29,25,0.487189
1357,7.92282e+28,4.06748e+26,3.36188e+07,96,27.7949,25,0.481568
1358,7.92282e+28,2.36125e+26,8.43787e+06,96,26.7451,23,0.461998
1359,7.92282e+28,8.0279e+25,6.71712e+07,96,28.3936,26,0.486575
1360,7.92282e+28,1.73648e+26,2.68492e+08,96,30.5938,28,0.525332
1361,7.92282e+28,1.55489e+26,1.34288e+08,96,30.2266,27,0.513465
1362,7.92282e+28,3.19708e+26,1.34279e+08,96,29.1113,27,0.497765
1363,7.92282e+28,2.42375e+26,2.68503e+08,96,30,28,0.51481
1364,7.92282e+28,2.45238e+26,5.36946e+08,96,31.8086,29,0.551036
1365,7.92282e+28,3.91802e+26,1.34289e+08,96,30.0068,27,0.514325
1366,7.92282e+28,1.76684e+26,5.36953e+08,96,31.0312,29,0.540333
1367,7.92282e+28,3.74304e+26,5.36948e+08,96,31.8613,29,0.545796
1368,7.92282e+28,9.61597e+26,1.07381e+09,96,31.3838,30,0.537113
1369,7.92282e+28,4.7019e+26,2.68506e+08,96,30.0254,28,0.513184
1370,7.92282e+28,3.88592e+26,2.68511e+08,96,30.7891,28,0.529842
1371,7.92282e+28,7.40565e+26,5.36946e+08,96,30.5156,29,0.521596
1372,7.92282e+28,2.33873e+26,2.68508e+08,96,29.8311,28,0.503447
1373,7.92282e+28,6.30387e+26,1.34285e+08,96,29.1787,27,0.491548
1374,7.92282e+28,4.71106e+26,6.71729e+07,96,29.9775,26,0.507282
1375,7.92282e+28,3.99305e+26,2.68509e+08,96,28.9932,28,0.488276
1376,7.92282e+28,5.58289e+26,2.68513e+08,96,30.7764,28,0.521708
1377,7.92282e+28,4.76558e+26,1.34284e+08,96,29.5117,27,0.492749
1378,7.92282e+28,2.38374e+26,1.34286e+08,96,28.9941,27,0.491161
1379,7.92282e+28,8.40403e+26,1.07383e+09,96,31.9688,30,0.534219
1380,7.92282e+28,7.08986e+26,2.68497e+08,96,30.1123,28,0.506814
1381,7.92282e+28,7.20291e+26,2.68513e+08,96,30.4258,28,0.520268
1382,7.92282e+28,5.27627e+26,2.14757e+09,96,32.2207,31,0.558584
1383,7.92282e+28,5.14573e+26,2.6851e+08,96,30.9512,28,0.534942
1384,7.92282e+28,4.31684e+26,1.34286e+08,96,30.0752,27,0.520474
1385,7.92282e+28,8.14083e+26,2.685e+08,96,30.4316,28,0.525284
1386,7.92282e+28,9.43213e+26,2.68512e+08,96,31.0293,28,0.54548
1387,7.92282e+28,9.3612e+26,1.07382e+09,96,32.249,30,0.560796
1388,7.92282e+28,1.53736e+27,1.0738e+09,96,31.9053,30,0.545455
1389,7.92282e+28,1.04871e+27,2.14757e+09,96,33.29,31,0.574733
1390,7.92282e+28,1.09756e+27,2.14756e+09,96,32.5596,31,0.560796
1391,7.92282e+28,1.09511e+27,1.07382e+09,96,32.043,30,0.550535
1392,7.92282e+28,9.73178e+26,2.68511e+08,96,31.0293,28,0.52829
1393,7.92282e+28,7.31514e+26,1.34285e+08,96,28.7295,27,0.494316
1394,7.92282e+28,4.7432e+26,5.36944e+08,96,30.5342,29,0.538191
1395,7.92282e+28,1.34683e+27,1.07383e+09,96,32.3096,30,0.564013
1396,7.92282e+28,1.25277e+27,1.07383e+09,96,32.6055,30,0.562787
1397,7.92282e+28,7.90992e+26,5.36935e+08,96,30.9854,29,0.532834
1398,7.92282e+28,1.02553e+27,5.36948e+08,96,31.2676,29,0.541767
1399,7.92282e+28,1.01755e+27,2.14758e+09,96,34.0576,31,0.58998
1400,7.92282e+28,1.04143e+27,2.68513e+08,96,31.5371,28,0.544917
1401,7.92282e+28,1.57254e+27,5.36948e+08,96,31.6436,29,0.546598
1402,7.92282e+28,1.24408e+27,5.36942e+08,96,31.5918,29,0.550676
1403,7.92282e+28,7.93751e+26,5.36946e+08,96,30.8418,29,0.531419
1404,7.92282e+28,1.18856e+27,2.685e+08,96,30.3193,28,0.523107
1405,7.92282e+28,1.14168e+27,5.36951e+08,96,31.7217,29,0.542327
1406,7.92282e+28,1.28161e+27,2.14756e+09,96,33.376,31,0.576538
1407,7.92282e+28,1.40456e+27,8.59003e+09,96,34.2051,33,0.590206
1408,7.92282e+28,1.53996e+27,4.29506e+09,96,33.4219,32,0.574546
1409,7.92282e+28,1.48377e+27,1.07382e+09,96,32.5293,30,0.567694
1410,7.92282e+28,2.05144e+27,2.14757e+09,96,33.3213,31,0.575977
1411,7.92282e+28,1.32825e+27,2.14757e+09,96,34.1152,31,0.591185
1412,7.92282e+28,2.07828e+27,4.29506e+09,96,34.2656,32,0.584407
1413,7.92282e+28,1.11817e+27,2.14755e+09,96,32.8105,31,0.564741
1414,7.92282e+28,1.03296e+27,2.14756e+09,96,33.2656,31,0.575898
1415,7.92282e+28,9.47293e+26,2.14755e+09,96,33.1875,31,0.571564
1416,7.92282e+28,1.02666e+27,1.07382e+09,96,32.583,30,0.563793
1417,7.92282e+28,1.44646e+27,4.29504e+09,96,33.8428,32,0.58491
1418,7.92282e+28,1.65853e+27,5.36947e+08,96,31.9658,29,0.552067
1419,7.92282e+28,1.44336e+27,2.14758e+09,96,33.1914,31,0.57436
1420,7.92282e+28,1.78278e+27,2.14758e+09,96,33.9756,31,0.582158
1421,7.92282e+28,1.9166e+27,1.07383e+09,96,33.7402,30,0.583194
1422,7.92282e+28,1.37506e+27,2.68502e+08,96,31.6924,28,0.545952
1423,7.92282e+28,1.72922e+27,1.07384e+09,96,32.8818,30,0.567666
1424,7.92282e+28,2.20593e+27,4.29506e+09,96,35.1562,32,0.606531
1425,7.92282e+28,1.93239e+27,1.07384e+09,96,34.1387,30,0.590432
1426,7.92282e+28,2.10482e+27,2.14758e+09,96,34.0186,31,0.591868
1427,7.92282e+28,2.08392e+27,2.14757e+09,96,34.2041,31,0.592715
1428,7.92282e+28,2.52969e+27,4.29505e+09,96,34.1621,32,0.585156
1429,7.92282e+28,1.81847e+27,8.59003e+09,96,36.0039,33,0.623815
1430,7.92282e+28,2.06618e+27,4.29505e+09,96,34.8828,32,0.605313
1431,7.92282e+28,1.82113e+27,2.14756e+09,96,34.1982,31,0.590098
1432,7.92282e+28,2.17794e+27,4.29506e+09,96,35.4209,32,0.618491
1433,7.92282e+28,1.57147e+27,2.14758e+09,96,33.8584,31,0.589127
1434,7.92282e+28,1.99445e+27,1.718e+10,96,35.4561,34,0.615503
1435,7.92282e+28,1.98995e+27,4.29506e+09,96,34.1631,32,0.586002
1436,7.92282e+28,2.10977e+27,1.07383e+09,96,33.4219,30,0.573053
1437,7.92282e+28,2.07753e+27,2.14756e+09,96,33.6494,31,0.575848
1438,7.92282e+28,1.50702e+27,4.29506e+09,96,34.1406,32,0.58351
1439,7.92282e+28,1.95164e+27,4.29505e+09,96,34.2363,32,0.588475
1440,7.92282e+28,2.29597e+27,2.14757e+09,96,34.542,31,0.591783
1441,7.92282e+28,1.91616e+27,1.07382e+09,96,32.9668,30,0.566549
1442,7.92282e+28,1.8908e+27,2.14756e+09,96,33.6504,31,0.593804
1443,7.92282e+28,2.27954e+27,4.29507e+09,96,35.2637,32,0.605606
1444,7.92282e+28,2.08363e+27,2.14757e+09,96,34.5889,31,0.603201
1445,7.92282e+28,1.6939e+27,2.14757e+09,96,33.9609,31,0.589418
1446,7.92282e+28,2.85571e+27,8.59004e+09,96,35.9756,33,0.627537
1447,7.92282e+28,2.29196e+27,4.29505e+09,96,34.5957,32,0.603977
1448,7.92282e+28,2.22828e+27,2.14757e+09,96,34.168,31,0.59403
1449,7.92282e+28,2.27818e+27,4.29506e+09,96,34.7422,32,0.597109
1450,7.92282e+28,1.79779e+27,2.14758e+09,96,34.1016,31,0.595844
1451,7.92282e+28,2.61166e+27,4.29506e+09,96,33.9258,32,0.584118
1452,7.92282e+28,2.31887e+27,2.14757e+09,96,34.0586,31,0.583492
1453,7.92282e+28,1.94317e+27,4.29507e+09,96,34.0439,32,0.590012
1454,7.92282e+28,2.28313e+27,4.29506e+09,96,34.7568,32,0.60407
1455,7.92282e+28,2.10411e+27,8.59003e+09,96,35.5664,33,0.610438
1456,7.92282e+28,1.67432e+27,4.29505e+09,96,34.5566,32,0.604642
1457,7.92282e+28,2.46775e+27,4.29506e+09,96,35.6592,32,0.61952
1458,7.92282e+28,2.79224e+27,4.29505e+09,96,34.6387,32,0.605855
1459,7.92282e+28,1.87406e+27,8.59003e+09,96,34.8311,33,0.609668
1460,7.92282e+28,2.49243e+27,1.07383e+09,96,34.3027,30,0.598883
1461,7.92282e+28,2.34832e+27,8.59003e+09,96,36.1445,33,0.632846
1462,7.92282e+28,2.84031e+27,6.87196e+10,96,38.0557,36,0.667996
1463,7.92282e+28,2.90619e+27,8.59002e+09,96,36.3945,33,0.634915
1464,7.92282e+28,3.1583e+27,1.718e+10,96,37.3281,34,0.655635
1465,7.92282e+28,3.39266e+27,1.718e+10,96,38.5225,34,0.673435
1466,7.92282e+28,2.90761e+27,8.59002e+09,96,35.9297,33,0.629891
1467,7.92282e+28,3.44645e+27,2.14757e+09,96,35.5361,31,0.615062
1468,7.92282e+28,2.43584e+27,4.29507e+09,96,35.3262,32,0.613436
1469,7.92282e+28,2.96843e+27,1.718e+10,96,37.1836,34,0.648712
1470,7.92282e+28,2.52407e+27,4.29505e+09,96,35.7012,32,0.628122
1471,7.92282e+28,3.63395e+27,1.718e+10,96,37.3506,34,0.656042
1472,7.92282e+28,3.31114e+27,1.71799e+10,96,36.4238,34,0.644325
1473,7.92282e+28,3.22758e+27,4.29505e+09,96,36.6543,32,0.637994
1474,1.58456e+29,2.13993e+27,1.718e+10,97,36.0625,34,0.628494
1475,7.92282e+28,3.70009e+27,6.87196e+10,96,39.0293,36,0.680279
1476,7.92282e+28,3.26422e+27,1.718e+10,96,38.1895,34,0.668774
1477,7.92282e+28,3.56708e+27,1.718e+10,96,37.8564,34,0.665904
1478,7.92282e+28,3.31466e+27,4.29507e+09,96,36.7324,32,0.642625
1479,7.92282e+28,3.42824e+27,1.718e+10,96,38.2725,34,0.665338
1480,7.92282e+28,3.23515e+27,3.43598e+10,96,38.5586,35,0.675249
1481,7.92282e+28,3.12913e+27,1.718e+10,96,37.1416,34,0.649841
1482,7.92282e+28,4.09382e+27,8.59004e+09,96,37.875,33,0.663333
1483,7.92282e+28,4.13286e+27,3.43599e+10,96,39.7744,35,0.70314
1484,7.92282e+28,4.30599e+27,1.718e+10,96,38.2627,34,0.674892
1485,7.92282e+28,4.74381e+27,1.718e+10,96,39.0752,34,0.683017
1486,7.92282e+28,4.18247e+27,3.43598e+10,96,38.6426,35,0.683597
1487,7.92282e+28,3.48011e+27,1.718e+10,96,38.2617,34,0.666913
1488,7.92282e+28,4.52449e+27,6.87196e+10,96,40.4512,36,0.71998
1489,7.92282e+28,3.37661e+27,3.43598e+10,96,39.3672,35,0.691341
1490,7.92282e+28,4.16477e+27,3.43598e+10,96,39.4756,35,0.694643
1491,7.92282e+28,4.15843e+27,3.43598e+10,96,38.7598,35,0.680546
1492,7.92282e+28,3.77869e+27,1.718e+10,96,38.4727,34,0.671135
1493,7.92282e+28,3.30073e+27,1.718e+10,96,38.3613,34,0.6764
1494,7.92282e+28,4.73879e+27,3.43598e+10,96,39.3516,35,0.69263
1495,7.92282e+28,4.81943e+27,1.718e+10,96,38.9375,34,0.688883
1496,7.92282e+28,4.43704e+27,6.87195e+10,96,39.2188,36,0.691822
1497,7.92282e+28,4.56009e+27,1.37439e+11,96,40.8232,37,0.719987
1498,7.92282e+28,3.94545e+27,6.87196e+10,96,40.7158,36,0.72996
1499,7.92282e+28,5.178e+27,3.43599e+10,96,40.2607,35,0.70508
