586.725
0,109.275,7.57075,4,1,0.0351562,0,0.00968423
1,435.149,10.9967,4,2,0.0576172,0,0.0098285
2,435.151,8.99421,4,2,0.0371094,0,0.00991017
3,435.151,10.9305,5,2,0.0517578,0,0.0101238
4,435.053,10.471,5,2,0.0517578,0,0.0101472
5,434.954,10.1459,5,2,0.0498047,0,0.0101996
6,435.149,10.8003,5,2,0.0546875,0,0.010164
7,116.17,11.307,5,1,0.0625,0,0.0102931
8,434.818,11.0101,5,2,0.0566406,0,0.0103028
9,435.117,12.1087,5,2,0.0585938,0,0.0102445
10,435.053,12.719,5,2,0.0703125,0,0.0102978
11,435.053,11.4214,5,2,0.0537109,0,0.0105075
12,1008.92,10.3293,6,3,0.0439453,0,0.0103117
13,434.902,10.5113,5,2,0.0507812,0,0.0103099
14,435.151,11.0742,6,2,0.0527344,0,0.010617
15,435.127,12.9563,6,2,0.0644531,0,0.0106363
16,435.053,12.5384,6,2,0.0576172,0,0.0105082
17,110.371,11.0883,6,1,0.0537109,0,0.0106627
18,435.117,13.0645,6,2,0.0634766,0,0.0108408
19,112.934,12.018,6,1,0.0585938,0,0.0109713
20,435.117,11.9316,6,2,0.0546875,0,0.0107058
21,435.151,15.2972,6,2,0.0810547,0,0.0108779
22,435.151,10.311,6,2,0.0419922,0,0.0107809
23,435.127,12.4244,6,2,0.0576172,0,0.0109561
24,435.151,12.942,6,2,0.0605469,0,0.0112099
25,435.151,14.4824,6,2,0.0771484,0,0.0110347
26,435.053,12.0906,6,2,0.0537109,0,0.0110311
27,435.053,14.288,6,2,0.0693359,0,0.0113403
28,435.149,13.7364,6,2,0.0634766,0,0.0114559
29,435.117,13.2947,6,2,0.0634766,0,0.01134
30,435.127,16.6804,7,2,0.0791016,0,0.0118973
31,435.149,14.7127,7,2,0.0683594,0,0.0118437
32,435.151,14.8596,7,2,0.0595703,0,0.0121869
33,435.151,17.6393,7,2,0.0751953,0,0.0128301
34,435.127,20.4408,8,2,0.0947266,0,0.013258
35,435.053,18.1281,8,2,0.0712891,0,0.0138729
36,435.127,21.3683,8,2,0.0869141,0,0.0141624
37,435.151,23.293,8,2,0.0966797,0,0.015369
38,1010.21,25.4118,8,3,0.0830078,0,0.0167701
39,435.127,29.3003,8,2,0.103516,0,0.0178033
40,435.076,32.6745,9,2,0.101562,0,0.0200186
41,435.127,37.7078,9,2,0.100586,0,0.0228657
42,435.151,43.4442,11,2,0.0957031,0,0.026423
43,435.151,51.3465,13,2,0.0976562,0,0.0307149
44,435.149,54.4901,17,2,0.0869141,0,0.0336281
45,435.127,58.4561,101,2,0.0888672,0,0.0362377
46,998.128,63.1503,101,3,0.0849609,0,0.0387023
47,435.149,66.5092,101,2,0.0820312,0,0.0409329
48,1011.78,69.315,101,3,0.0927734,0,0.0413392
49,435.117,66.2733,101,2,0.0712891,0,0.0420602
50,986.145,70.8209,101,3,0.0810547,0,0.0433777
51,1009.59,69.1666,101,3,0.0791016,0,0.042896
52,435.127,69.222,101,2,0.0742188,0,0.0427424
53,435.053,70.3404,101,2,0.0742188,0,0.0440848
54,1008.92,73.0093,101,3,0.0791016,0,0.0448998
55,435.151,70.5752,101,2,0.0751953,0,0.0441691
56,1007.46,74.5289,101,3,0.0878906,0,0.0458852
57,982.131,75.2918,101,3,0.0742188,0,0.0462368
58,434.954,75.2959,101,2,0.0634766,0,0.0479391
59,435.151,76.5041,101,2,0.0625,0,0.0485042
60,435.117,75.689,101,2,0.0927734,0,0.0461035
61,435.076,77.3663,101,2,0.0722656,0,0.0483729
62,435.076,77.6358,101,2,0.0722656,0,0.0482744
63,997.036,78.0296,101,3,0.0683594,0,0.0482189
64,435.151,79.9772,101,2,0.0976562,0,0.0481343
65,435.149,77.4392,101,2,0.0625,0,0.0491887
66,434.412,78.8954,101,2,0.0693359,0,0.0493958
67,1010.21,82.2794,101,3,0.0791016,0,0.0494806
68,1006.68,83.0583,101,3,0.0917969,0,0.0498426
69,435.117,78.5277,101,2,0.0849609,0,0.0488384
70,435.149,80.9458,101,2,0.0830078,0,0.0492234
71,435.149,82.2027,101,2,0.0888672,0,0.0507556
72,1005.85,82.9987,101,3,0.0898438,0,0.0505631
73,967.552,84.2986,101,3,0.0927734,0,0.0505029
74,435.149,82.4236,101,2,0.0664062,0,0.0510972
75,435.053,82.1189,101,2,0.0595703,0,0.0522174
76,435,85.9587,101,2,0.0683594,0,0.0534827
77,1010.21,86.0161,101,3,0.100586,0,0.0515047
78,1010.79,84.2303,101,3,0.0791016,0,0.0513376
79,435.149,85.5433,101,2,0.0810547,0,0.0522892
80,435.151,84.7165,101,2,0.0927734,0,0.051716
81,435.117,83.5325,101,2,0.0888672,0,0.0513268
82,435.149,83.426,101,2,0.09375,0,0.0504578
83,434.818,82.787,101,2,0.0664062,0,0.0524404
84,1009.59,83.9044,101,3,0.0644531,0,0.0530923
85,435.127,86.1474,101,2,0.0654297,0,0.0543505
86,435.151,86.7067,101,2,0.0742188,0,0.0539927
87,1004.1,89.2008,101,3,0.0810547,0,0.0552314
88,434.639,88.1889,101,2,0.0761719,0,0.0548584
89,962.849,88.1701,101,3,0.0751953,0,0.0538258
90,435.117,87.0872,101,2,0.0742188,0,0.0539019
91,435.053,88.1672,101,2,0.0859375,0,0.054244
92,1006.68,88.1819,101,3,0.0732422,0,0.0538509
93,816.724,89.981,101,3,0.0751953,0,0.0554
94,435.127,88.4994,101,2,0.0761719,0,0.0554191
95,1009.59,88.9164,101,3,0.078125,0,0.0547129
96,434.954,88.0245,101,2,0.0732422,0,0.0551669
97,435.053,87.4431,101,2,0.0742188,0,0.0547181
98,435.149,92.2405,101,2,0.101562,0,0.0557189
99,435.149,90.4765,101,2,0.0751953,0,0.0559893
100,1002.23,90.462,101,3,0.0683594,0,0.0553754
101,1008.21,92.3558,101,3,0.0927734,0,0.055707
102,1010.21,90.9946,101,3,0.0839844,0,0.0554739
103,1804.91,95.4323,101,4,0.0976562,0,0.0555879
104,435.127,88.0421,101,2,0.0878906,0,0.0537885
105,1010.21,90.678,101,3,0.0683594,0,0.0556255
106,1012.77,92.1616,101,3,0.0742188,0,0.0559817
107,435.151,89.7214,101,2,0.0791016,0,0.055011
108,435.053,93.3187,101,2,0.105469,0,0.0553704
109,435.127,90.1404,101,2,0.0830078,0,0.0554733
110,435.149,90.9413,101,2,0.0849609,0,0.0547884
111,435.076,89.5541,101,2,0.0712891,0,0.0562373
112,435.151,89.7385,101,2,0.0917969,0,0.0548249
113,986.145,90.393,101,3,0.0839844,0,0.0556679
114,1004.1,89.7113,101,3,0.0869141,0,0.0546323
115,1829.35,90.1487,101,4,0.0966797,0,0.0543323
116,1011.31,90.323,101,3,0.105469,0,0.0531272
117,435.076,90.2875,101,2,0.0878906,0,0.0552435
118,1007.46,91.5534,101,3,0.0917969,0,0.0557578
119,435.151,93.137,101,2,0.110352,0,0.0551111
120,435.053,90.8636,101,2,0.0869141,0,0.0552392
121,967.552,90.0178,101,3,0.0791016,0,0.0552267
122,435.117,87.2849,101,2,0.09375,0,0.0533451
123,435.151,92.082,101,2,0.0917969,0,0.0553905
124,434.902,90.372,101,2,0.0898438,0,0.0549407
125,1008.92,90.4632,101,3,0.0898438,0,0.0547094
126,435.151,91.7828,101,2,0.102539,0,0.0549183
127,435.117,88.5115,101,2,0.0771484,0,0.0559243
128,435.151,92.1567,101,2,0.0966797,0,0.0556482
129,964.432,93.0218,101,3,0.107422,0,0.0550442
130,435.151,91.0807,101,2,0.0947266,0,0.0549218
131,435.151,93.7694,101,2,0.106445,0,0.0549131
132,435.149,89.1815,101,2,0.0986328,0,0.0534167
133,435.151,87.7523,101,2,0.0791016,0,0.0546652
134,435.151,88.8279,101,2,0.0722656,0,0.0549416
135,435.149,90.8663,101,2,0.0986328,0,0.0550219
136,1003.18,91.3163,101,3,0.0859375,0,0.0553577
137,991.21,90.7696,101,3,0.109375,0,0.0544885
138,1008.92,92.6916,101,3,0.0957031,0,0.0556927
139,435.127,87.7151,101,2,0.0996094,0,0.0528166
140,435.151,92.668,101,2,0.0888672,0,0.0559192
141,1004.1,92.0842,101,3,0.0966797,0,0.0549698
142,1011.31,95.3746,101,3,0.113281,0,0.0553747
143,435.127,93.3158,101,2,0.0986328,0,0.0556818
144,435.151,90.3909,101,2,0.0966797,0,0.0543187
145,435.151,95.2984,101,2,0.12207,0,0.0553973
146,435.149,89.0377,101,2,0.107422,0,0.0527642
147,1010.21,93.0162,101,3,0.0996094,0,0.0549883
148,435.076,90.2569,101,2,0.0859375,0,0.0545773
149,1841.02,92.126,101,4,0.0908203,0,0.0544853
150,435.151,93.2258,101,2,0.114258,0,0.054815
151,967.552,91.5056,101,3,0.108398,0,0.0541145
152,986.145,92.0338,101,3,0.106445,0,0.0544145
153,956.362,93.7633,101,3,0.12207,0,0.0552564
154,1007.46,94.9551,101,3,0.103516,0,0.0561739
155,988.72,91.8679,101,3,0.103516,0,0.0548563
156,991.21,94.8071,101,3,0.109375,0,0.0555865
157,1004.1,91.4478,101,3,0.0947266,0,0.0549035
158,961.25,94.9457,101,3,0.0859375,0,0.0569579
159,1005.85,94.5544,101,3,0.117188,0,0.0551445
160,435.149,95.0576,101,2,0.0996094,0,0.0574832
161,1729.75,93.5356,101,4,0.103516,0,0.0557068
162,1008.21,97.5918,101,3,0.132812,0,0.0553972
163,1006.68,98.9866,101,3,0.12793,0,0.0554866
164,966,88.6369,101,3,0.09375,0,0.0541273
165,1763.17,94.913,101,4,0.105469,0,0.0554784
166,434.818,93.7518,101,2,0.109375,0,0.0562159
167,1819.76,96.8331,101,4,0.115234,0,0.0558547
168,1829.35,93.8157,101,4,0.115234,0,0.0556554
169,1009.59,95.5849,101,3,0.125977,0,0.0548529
170,435.151,93.5331,101,2,0.104492,0,0.056389
171,993.611,93.266,101,3,0.120117,0,0.055952
172,1333.08,93.396,101,4,0.106445,0,0.0555139
173,1005.85,96.8823,101,3,0.140625,0,0.0541037
174,983.489,93.2816,101,3,0.12793,0,0.0540842
175,1000.23,98.0578,101,3,0.151367,0,0.053823
176,1011.78,94.7932,101,3,0.123047,0,0.0542149
177,1010.21,97.3112,101,3,0.123047,0,0.0551324
178,435.149,93.5215,101,2,0.117188,0,0.0552831
179,1002.23,93.6246,101,3,0.132812,0,0.0540604
180,1004.99,94.0739,101,3,0.134766,0,0.0525305
181,1010.21,92.6853,101,3,0.119141,0,0.0542049
182,1002.23,94.6942,101,3,0.134766,0,0.0534053
183,835.544,96.6952,101,3,0.151367,0,0.0544538
184,2672.92,96.2037,101,5,0.144531,0,0.0539305
185,1008.92,98.4298,101,3,0.142578,0,0.0539648
186,1008.92,96.0378,101,3,0.134766,0,0.0550884
187,995.918,95.9637,101,3,0.15332,0,0.0528081
188,994.777,98.3783,101,3,0.160156,0,0.0535688
189,983.489,94.993,101,3,0.145508,0,0.0531698
190,1819.76,94.9721,101,4,0.165039,0,0.0512218
191,3543.49,97.4805,101,6,0.151367,0,0.0535287
192,1007.46,95.3331,101,3,0.154297,0,0.0530971
193,1852.64,98.21,101,4,0.162109,0,0.052677
194,435.151,95.7296,101,2,0.181641,0,0.0516756
195,1011.78,90.4287,101,3,0.133789,0,0.0513913
196,1802.66,97.7306,101,4,0.168945,0,0.0528373
197,989.976,96.5949,101,3,0.164062,0,0.0537553
198,1800.39,95.2244,101,4,0.130859,0,0.0544409
199,987.443,98.3277,101,3,0.164062,0,0.0536142
200,1817.74,95.8285,101,4,0.138672,0,0.0537393
201,1829.35,97.2552,101,4,0.175781,0,0.0520676
202,1006.68,97.4688,101,3,0.166992,0,0.0528133
203,1705.93,98.6174,101,4,0.149414,0,0.0544764
204,1800.39,100.849,101,4,0.161133,0,0.0537093
205,998.128,97.9259,101,3,0.167969,0,0.0531218
206,1002.23,101.715,101,3,0.177734,0,0.0537105
207,967.552,100.274,101,3,0.173828,0,0.0538884
208,1392.11,101.765,101,4,0.18457,0,0.0539788
209,1607.34,103.831,101,4,0.189453,0,0.053159
210,1781.23,102.17,101,4,0.207031,0,0.052292
211,1010.21,102.321,101,3,0.194336,0,0.0519762
212,1804.91,101.555,101,4,0.18457,0,0.0526619
213,1817.74,102.721,101,4,0.194336,0,0.0535344
214,2696.01,110.891,101,5,0.24707,0,0.051447
215,1783.71,105.283,101,4,0.231445,0,0.0503643
216,992.422,95.5224,101,3,0.211914,0,0.0480016
217,1002.23,98.0177,101,3,0.220703,0,0.0488902
218,9513.42,119.258,101,9,0.27832,0,0.0497176
219,1832.91,106.485,101,4,0.262695,0,0.0484625
220,1817.74,103.038,101,4,0.25,0,0.0474517
221,2912.97,105.241,101,5,0.270508,0,0.0475927
222,3968.82,120.65,101,6,0.304688,0,0.0479023
223,4005,121.965,101,6,0.34375,0,0.0467434
224,4220.53,112.589,101,6,0.336914,0,0.0450263
225,2428.95,120.397,101,5,0.383789,0,0.0434967
226,5674.67,127.34,101,7,0.394531,0,0.0443507
227,2921.69,129.207,101,5,0.40332,0,0.0450991
228,5152.51,143.328,101,7,0.463867,0,0.0450918
229,4785.07,147.17,101,7,0.482422,0,0.0437302
230,11723.6,170.114,101,10,0.544922,0,0.0425851
231,6327.69,166.747,101,8,0.571289,0,0.0430909
232,19045.7,253.509,101,12,0.724609,0,0.0445611
233,9382.71,248.719,101,9,0.800781,0,0.0434295
234,9123.58,278.561,101,9,0.905273,0,0.0435156
235,9334.3,354.942,110.371,9,1.08496,1,0.0424925
236,8957.3,385.996,115.729,9,1.19727,1,0.0452044
237,10688.1,479.522,119.847,10,1.33984,1,0.0461722
238,12678.3,492.029,119.071,11,1.37891,1,0.0460747
239,12807.9,622.326,125.332,10,1.57227,1,0.0483483
240,18117.1,664.899,125.637,12,1.6123,1,0.0486054
241,26635.2,615.037,131.16,13,1.58496,1,0.050401
242,15470.2,731.242,137.3,11,1.77832,1,0.0489636
243,9924.2,678.234,136.902,9,1.74902,1,0.0486068
244,21036.5,680.641,136.624,12,1.68262,1,0.048205
245,26053.3,799.976,137.17,13,1.78418,1,0.0501503
246,16172.2,802.686,137.3,11,1.8252,1,0.0502154
247,10252.2,734.538,137.675,10,1.80859,1,0.0507764
248,14929.2,803.372,139.059,11,1.92383,1,0.0517729
249,12265.9,813.208,138.675,10,1.94238,1,0.0508404
250,25915.9,952.527,139.059,13,2.01855,1,0.0530984
251,36766.4,1024.13,139.15,14,2.07031,1,0.0536132
252,95011.3,1061.57,138.573,16,2.00781,1,0.054722
253,57360.3,1092.9,376.977,15,2.22754,2,0.0553644
254,16360.1,1049.31,363.639,11,2.20508,2,0.0536447
255,15992.4,1127.03,365.751,11,2.2666,2,0.0540504
256,165831,1337.32,379.921,17,2.33301,2,0.0534606
257,55087.2,1274.58,404.719,15,2.34375,2,0.0522372
258,27278.1,1179.56,399.84,13,2.34473,2,0.0527998
259,92557.1,1364.93,413.675,16,2.41309,2,0.0550285
260,94553.4,1437.96,418.997,16,2.47949,2,0.0521349
261,57442.4,1600.02,421.443,15,2.63184,2,0.0545313
262,298224,2024.97,422.032,18,2.62305,2,0.054835
263,165453,2043.26,422.61,17,2.75879,2,0.0564436
264,1.09304e+06,3007.94,428.288,20,2.87598,2,0.0564404
265,4.24647e+06,9579.81,432.828,22,3.34863,2,0.0618011
266,2.14094e+06,9797.64,926.292,21,3.97559,3,0.0669646
267,1.68407e+07,32286.6,946.193,24,4.10156,3,0.0700228
268,2.68523e+08,389132,979.358,28,4.73926,3,0.0773474
269,5.3696e+08,1.01798e+06,1408.62,29,5.11426,4,0.0854271
270,5.36962e+08,1.32125e+06,1621.26,29,5.5625,4,0.0876797
271,1.34303e+08,661274,1684.18,27,6.04883,4,0.0928261
272,2.68528e+08,756131,1648.41,28,5.75293,4,0.0867218
273,5.36963e+08,853944,1341.62,29,5.48535,4,0.0840463
274,5.36968e+08,1.83005e+06,1549.59,29,5.94531,4,0.0874605
275,5.36963e+08,1.30752e+06,1461.16,29,5.9541,4,0.0892882
276,1.07384e+09,1.85843e+06,1684.18,30,5.94141,4,0.0897453
277,1.718e+10,2.08247e+07,1500.35,34,6.04297,4,0.0902784
278,1.07384e+09,2.41583e+06,973.593,30,5.54688,3,0.0794936
279,2.1476e+09,4.39936e+06,1702.88,31,6.03027,4,0.0864213
280,5.36962e+08,1.17486e+06,1715,29,5.93262,4,0.0851871
281,2.1476e+09,5.4463e+06,1702.88,31,6.29102,4,0.0913386
282,8.59006e+09,1.28599e+07,1813.59,33,6.84277,4,0.0957624
283,1.718e+10,2.19131e+07,1773.62,34,6.75781,4,0.0952536
284,8.59006e+09,1.20586e+07,1729.75,33,6.41016,4,0.0923725
285,8.59005e+09,1.66034e+07,2157.81,33,7.09863,5,0.0995476
286,1.718e+10,2.11702e+07,2644.57,34,7.02539,5,0.0972702
287,4.29508e+09,1.34146e+07,2379.26,32,7.22656,5,0.105761
288,1.718e+10,3.41787e+07,1726.84,34,6.88379,4,0.105774
289,4.29508e+09,2.33208e+07,1763.17,32,7.28027,4,0.109244
290,2.14759e+09,7.44723e+06,1778.72,31,6.83984,4,0.106708
291,2.14759e+09,1.07095e+07,2181.95,31,6.82227,5,0.10657
292,1.07384e+09,4.55197e+06,1776.18,30,6.84277,4,0.106055
293,4.29509e+09,1.28016e+07,2217.82,32,7.38086,5,0.109469
294,1.07384e+09,5.00138e+06,1515.71,30,6.62988,4,0.104731
295,2.14759e+09,9.04401e+06,1603.83,31,6.74414,4,0.105256
296,8.59007e+09,1.38649e+07,1542.14,33,6.72949,4,0.104102
297,6.87196e+10,7.8965e+07,1757.8,36,7.26758,4,0.10901
298,4.29508e+09,1.42973e+07,2059.41,32,7.31543,5,0.106509
299,4.29509e+09,1.18991e+07,1983.76,32,7.05566,5,0.105795
300,8.59006e+09,2.07063e+07,1938.94,33,6.98438,5,0.102746
301,4.29508e+09,1.26575e+07,1809.31,32,6.88184,4,0.101616
302,4.29509e+09,9.18385e+06,1773.62,32,6.64746,4,0.0997567
303,4.29509e+09,7.05074e+06,1717.99,32,6.5,4,0.0953078
304,2.14759e+09,5.87275e+06,1906.61,31,7.10547,5,0.0994837
305,1.07385e+09,4.73644e+06,2139.58,30,7.14844,5,0.099962
306,2.14759e+09,8.05771e+06,2270.79,31,6.77539,5,0.098796
307,2.14759e+09,5.16524e+06,2668.24,31,6.94434,5,0.09968
308,1.718e+10,2.09114e+07,2115.11,34,6.71777,5,0.094465
309,2.1476e+09,4.56367e+06,2727.49,31,7.03711,5,0.0972835
310,2.14758e+09,4.90451e+06,2745.01,31,7.00781,5,0.0952182
311,4.2951e+09,1.45067e+07,2322.76,32,6.85742,5,0.0949392
312,5.36965e+08,3.25499e+06,2723.05,29,7.24219,5,0.0991624
313,1.718e+10,1.99681e+07,2783.1,34,7.13086,5,0.0948874
314,1.718e+10,3.19829e+07,2723.05,34,7.12793,5,0.0932045
315,4.29509e+09,9.74391e+06,1802.66,32,6.85059,4,0.0901518
316,8.59006e+09,2.24075e+07,2845.8,33,7.6543,5,0.0999701
317,4.29507e+09,1.78198e+07,2770.61,32,7.60449,5,0.102023
318,1.718e+10,3.3254e+07,2334.17,34,7.26367,5,0.0979139
319,8.59005e+09,1.84044e+07,2630.15,33,7.27637,5,0.0975164
320,4.29509e+09,1.63981e+07,2199.94,32,7.10352,5,0.0974306
321,2.14759e+09,8.69355e+06,2294.02,31,7.13672,5,0.0973955
322,1.718e+10,6.28612e+07,2133.48,34,7.10352,5,0.0963299
323,4.29508e+09,1.06733e+07,2356.82,32,7.46875,5,0.10286
324,8.59006e+09,1.54052e+07,2749.33,33,7.40039,5,0.0993168
325,8.59006e+09,1.95622e+07,3987.02,33,8.4707,6,0.110275
326,2.1476e+09,1.07909e+07,3637.32,31,8.07812,6,0.106622
327,1.718e+10,2.6504e+07,3906.66,34,7.97754,6,0.107062
328,8.59004e+09,1.55301e+07,3587.15,33,7.97363,6,0.104902
329,2.14759e+09,1.01189e+07,4145.5,31,8.37891,6,0.108472
330,4.29508e+09,1.50933e+07,4907.77,32,8.39355,7,0.106979
331,2.14759e+09,1.02244e+07,4134.93,31,8.2666,6,0.10807
332,4.29508e+09,1.67293e+07,4005,32,8.08887,6,0.103989
333,8.59005e+09,2.6098e+07,4016.86,33,8.3584,6,0.106964
334,4.29508e+09,2.26594e+07,2819.22,32,7.55762,5,0.102998
335,1.718e+10,3.68832e+07,2791.31,34,7.74219,5,0.102371
336,2.14757e+09,1.25988e+07,4010.94,31,8.41797,6,0.110423
337,4.29508e+09,1.29088e+07,4016.86,32,8.37109,6,0.10843
338,4.29509e+09,1.72811e+07,5349.14,32,8.76758,7,0.114777
339,4.29508e+09,1.93299e+07,4410.03,32,8.78906,7,0.113063
340,1.718e+10,6.44775e+07,4201.3,34,8.80664,6,0.113164
341,8.59006e+09,3.55024e+07,4046.07,33,8.39844,6,0.110095
342,2.14759e+09,1.75697e+07,5340.83,31,8.83203,7,0.113958
343,1.718e+10,4.43417e+07,5204.92,34,8.78027,7,0.116396
344,4.29509e+09,3.09179e+07,4823.15,32,9.36523,7,0.120823
345,2.14759e+09,2.1293e+07,5045.49,31,8.89844,7,0.11954
346,3.43599e+10,5.12613e+07,5324.16,35,8.87207,7,0.117355
347,8.59006e+09,3.92499e+07,4040.28,33,8.62695,6,0.120005
348,8.59006e+09,4.62572e+07,4091.41,33,8.4668,6,0.114998
349,8.59006e+09,4.30767e+07,6292.15,33,9.59473,8,0.124987
350,3.43599e+10,1.18155e+08,7216.23,35,9.85352,8,0.124341
351,4.29509e+09,3.49031e+07,6684.68,32,9.69336,8,0.125316
352,1.718e+10,6.68825e+07,5239.43,34,9.22656,7,0.121245
353,1.37439e+11,2.33835e+08,7094.17,37,9.88477,8,0.125446
354,2.74878e+11,4.57276e+08,9285.43,38,10.8623,9,0.135338
355,5.49756e+11,1.01989e+09,7696.21,39,10.6074,8,0.127851
356,6.87196e+10,2.255e+08,5510.07,36,9.61035,7,0.116189
357,3.43599e+10,2.36396e+08,7645.47,35,10.5586,8,0.128122
358,2.74878e+11,4.83544e+08,9752.4,38,10.8867,9,0.131085
359,6.87196e+10,2.83141e+08,14718.5,36,12.1807,11,0.144965
360,3.43599e+10,2.49889e+08,14485.7,35,12.1162,11,0.141695
361,3.43599e+10,2.41138e+08,14647.4,35,12.1279,11,0.140115
362,1.37439e+11,4.87747e+08,15135.8,37,12.1504,11,0.1441
363,5.49756e+11,7.53794e+08,12843.9,39,12.0586,10,0.144785
364,3.43599e+10,1.73517e+08,12807.9,35,11.9414,10,0.143409
365,2.74878e+11,5.17273e+08,15186.7,38,12.2715,11,0.150471
366,3.43599e+10,1.66895e+08,15050.2,35,12.123,11,0.151067
367,1.37439e+11,5.10475e+08,12224.8,37,11.8906,10,0.146959
368,6.87196e+10,4.12832e+08,12113.5,36,11.7852,10,0.145396
369,6.87196e+10,3.21766e+08,12071.3,36,11.5625,10,0.141275
370,2.74878e+11,6.36099e+08,11768,38,11.8857,10,0.143959
371,2.19902e+12,2.86572e+09,14394.9,41,12.3408,11,0.146618
372,1.37439e+11,5.90564e+08,12028.8,37,12.0859,10,0.152156
373,6.87196e+10,5.40016e+08,7994.8,36,10.8252,9,0.137614
374,5.49756e+11,8.47608e+08,9418.71,39,10.9883,9,0.139732
375,1.37439e+11,4.90298e+08,9322.12,37,11.1514,9,0.146707
376,6.87196e+10,4.20176e+08,10638.5,36,11.4248,10,0.148584
377,2.74878e+11,6.45112e+08,7073.47,38,9.94727,8,0.13298
378,2.74878e+11,7.72111e+08,7315,38,10.5869,8,0.141914
379,3.43599e+10,1.53245e+08,9442.57,35,11.0254,9,0.140773
380,3.43599e+10,2.95275e+08,9606.16,35,11.4297,9,0.140146
381,6.87196e+10,5.06816e+08,10472,36,12.1709,10,0.147348
382,5.49756e+11,7.43386e+08,10076.1,39,11.4648,9,0.139978
383,2.74878e+11,1.27074e+09,12347.3,38,12.208,10,0.15154
384,5.49756e+11,1.49895e+09,12238.5,39,11.9512,10,0.148239
385,1.37439e+11,6.79164e+08,9489.92,37,11.6396,9,0.147907
386,1.09951e+12,2.52375e+09,9730.28,40,11.7334,9,0.148326
387,5.49756e+11,1.74663e+09,9975.87,39,12.2158,9,0.155567
388,5.49756e+11,1.87481e+09,15420.8,39,13.0127,11,0.157168
389,2.74878e+11,1.17163e+09,14647.4,38,13.1445,11,0.159928
390,1.09951e+12,1.75894e+09,15712.4,40,13.1211,11,0.159838
391,5.49756e+11,1.89238e+09,15404.3,39,13.2246,11,0.154596
392,1.37439e+11,7.90002e+08,12169.4,37,12.7227,10,0.152592
393,1.09951e+12,2.3093e+09,12306.8,40,12.7529,10,0.150858
394,6.87196e+10,6.92973e+08,12759.3,36,12.5801,10,0.148284
395,5.49756e+11,1.04038e+09,12333.8,39,12.29,10,0.14483
396,6.87196e+10,5.23363e+08,9817.93,36,11.6641,9,0.137616
397,5.49756e+11,1.47136e+09,12347.3,39,12.2598,10,0.141285
398,3.43599e+10,5.14828e+08,12057.2,35,11.8945,10,0.13801
399,2.74878e+11,1.32049e+09,10770.2,38,12.1338,10,0.140553
400,1.37439e+11,8.36928e+08,15502.9,37,12.5605,11,0.145788
401,2.74878e+11,9.97613e+08,12197.1,38,12.5156,10,0.148344
402,6.87196e+10,6.67762e+08,12387.6,36,12.3291,10,0.143195
403,5.49756e+11,1.54419e+09,12493.3,39,12.5459,10,0.146484
404,2.74878e+11,1.09882e+09,11708.8,38,12.2168,10,0.143745
405,2.74878e+11,1.33381e+09,13874.9,38,12.6641,11,0.14824
406,6.87196e+10,6.72838e+08,15220.6,36,12.8389,11,0.152939
407,5.49756e+11,1.47903e+09,12197.1,39,12.2402,10,0.144602
408,2.74878e+11,1.79533e+09,15453.8,38,13.0928,11,0.158275
409,1.37439e+11,1.14857e+09,15869.4,37,13.0146,11,0.156786
410,2.74878e+11,1.22926e+09,18566.8,38,13.4258,12,0.158652
411,1.37439e+11,1.2444e+09,15616.4,37,12.7295,11,0.150278
412,1.09951e+12,2.42884e+09,19588.6,40,13.0957,12,0.153591
413,5.49756e+11,1.30253e+09,20866.4,39,13.5322,12,0.166576
414,2.74878e+11,1.77492e+09,20183.7,38,13.7734,12,0.168408
415,2.74878e+11,1.33174e+09,15853.9,38,13.4932,11,0.165531
416,4.39805e+12,6.13534e+09,20089.9,42,14.082,12,0.173897
417,5.49756e+11,2.81898e+09,53171.4,39,15.4307,15,0.190823
418,5.49756e+11,2.67555e+09,57056.3,39,15.4512,15,0.191556
419,2.19902e+12,4.5546e+09,58219.1,41,15.7139,15,0.198381
420,2.74878e+11,2.62779e+09,54542.1,38,15.624,15,0.198102
421,2.19902e+12,4.48136e+09,55266.8,41,15.4756,15,0.195585
422,1.09951e+12,3.65129e+09,56119.3,40,15.2842,15,0.194499
423,1.37439e+11,1.9376e+09,23038.6,37,14.5127,13,0.188885
424,5.49756e+11,2.19904e+09,27152.1,39,14.5215,13,0.188781
425,1.09951e+12,3.85235e+09,27215.3,40,14.4785,13,0.187565
426,1.09951e+12,4.9245e+09,16470.9,40,13.8018,12,0.181012
427,5.49756e+11,2.33503e+09,26635.2,39,14.4736,13,0.184503
428,2.74878e+11,2.33107e+09,27003.5,38,14.3682,13,0.186656
429,1.37439e+11,9.76081e+08,26458.5,37,14.3867,13,0.184432
430,5.49756e+11,3.33937e+09,35811.5,39,14.7275,14,0.187962
431,5.49756e+11,2.34809e+09,19803.4,39,14.0361,12,0.184438
432,4.39805e+12,6.51126e+09,20567.8,42,14.0557,12,0.182298
433,4.39805e+12,7.75167e+09,20814.6,42,14.1416,12,0.185754
434,1.09951e+12,3.85489e+09,20514,40,13.8486,12,0.178621
435,5.49756e+11,1.87738e+09,18630.1,39,13.374,12,0.174016
436,1.09951e+12,2.73179e+09,26257.2,40,14.6162,13,0.188173
437,6.87196e+10,9.19438e+08,26414,36,14.1377,13,0.183791
438,1.09951e+12,2.92604e+09,18117.1,40,13.584,12,0.174933
439,2.19902e+12,4.03147e+09,36766.4,41,14.791,14,0.187599
440,4.39805e+12,7.73883e+09,38806.6,42,15.625,14,0.199483
441,1.09951e+12,5.98866e+09,26960.7,40,15.3867,13,0.201882
442,1.09951e+12,4.79572e+09,26502.8,40,15.04,13,0.195358
443,5.49756e+11,4.89697e+09,53769.7,39,15.667,15,0.202432
444,5.49756e+11,3.80196e+09,35919.4,39,15.4023,14,0.199391
445,1.09951e+12,4.92664e+09,26347,40,14.9824,13,0.19656
446,5.49756e+11,3.94834e+09,37556.6,39,15.2344,14,0.201247
447,2.19902e+12,5.90546e+09,38690.9,41,15.5928,14,0.201302
448,2.74878e+11,2.69567e+09,23631.8,38,14.6025,13,0.189712
449,2.74878e+11,2.57983e+09,37050.4,38,15.3301,14,0.195628
450,1.09951e+12,3.39577e+09,26831.4,40,14.7871,13,0.194278
451,1.09951e+12,3.81807e+09,24949,40,14.5068,13,0.193433
452,1.09951e+12,6.57143e+09,53925.6,40,15.6221,15,0.205057
453,5.49756e+11,3.44841e+09,36293.8,39,15.3232,14,0.202007
454,1.09951e+12,4.58717e+09,20127.5,40,14.6221,12,0.194841
455,4.39805e+12,1.42597e+10,37681,42,15.6504,14,0.205007
456,4.39805e+12,1.11622e+10,36267.2,42,15.0967,14,0.200655
457,8.79609e+12,1.58677e+10,162984,43,17.0654,17,0.219025
458,8.79609e+12,1.8687e+10,300415,43,18.0967,18,0.2282
459,4.39805e+12,1.49738e+10,296691,42,17.9805,18,0.22781
460,2.19902e+12,1.04414e+10,58530.7,41,16.3584,15,0.206318
461,2.19902e+12,1.1022e+10,163635,41,17.751,17,0.226245
462,1.09951e+12,7.7097e+09,56832.5,40,16.4521,15,0.208415
463,2.19902e+12,1.05904e+10,295208,41,18.0068,18,0.222601
464,2.19902e+12,1.15025e+10,94466.3,41,17.4434,16,0.221083
465,2.19902e+12,1.47095e+10,160834,41,17.5352,17,0.223459
466,1.09951e+12,6.9387e+09,92145.3,40,16.8701,16,0.214483
467,4.39805e+12,2.38083e+10,161704,42,17.0625,17,0.217022
468,4.39805e+12,1.7885e+10,161670,42,17.333,17,0.220795
469,8.79609e+12,2.78334e+10,160444,43,17.2637,17,0.217778
470,2.19902e+12,1.28809e+10,92209,41,17.0605,16,0.215449
471,3.51844e+13,5.60375e+10,94349.7,45,16.7725,16,0.214612
472,8.79609e+12,1.64524e+10,565449,43,18.958,19,0.234479
473,8.79609e+12,2.11495e+10,295014,43,17.6123,18,0.218372
474,3.51844e+13,6.42179e+10,163763,45,18.0195,17,0.220905
475,4.39805e+12,2.82814e+10,290881,42,18.1992,18,0.222331
476,2.19902e+12,1.56338e+10,294936,41,17.8672,18,0.220136
477,3.51844e+13,5.90678e+10,294269,45,17.7822,18,0.217604
478,1.75922e+13,3.42289e+10,156803,44,17.5996,17,0.218368
479,3.51844e+13,6.04883e+10,300018,45,18.4277,18,0.228264
480,8.79609e+12,3.83101e+10,295053,43,17.9775,18,0.223366
481,8.79609e+12,3.36661e+10,295670,43,18.2852,18,0.226135
482,2.81475e+14,3.07818e+11,160657,48,17.8232,17,0.222684
483,1.75922e+13,6.4994e+10,38194.1,44,17.0762,14,0.218451
484,7.03687e+13,8.75425e+10,92017.5,46,17.2822,16,0.219361
485,8.79609e+12,3.4514e+10,37506.5,43,16.1201,14,0.205237
486,8.79609e+12,1.94818e+10,91337.6,43,16.7256,16,0.212923
487,1.75922e+13,6.45821e+10,89629.8,44,17.2422,16,0.218088
488,7.03687e+13,9.96313e+10,296691,46,17.9346,18,0.228203
489,8.79609e+12,4.20504e+10,159834,43,17.7021,17,0.227714
490,1.1259e+15,1.22032e+12,158362,50,17.6934,17,0.231352
491,2.2518e+15,2.3058e+12,295594,51,18.1387,18,0.23752
492,3.51844e+13,7.30775e+10,92963.1,45,17.6553,16,0.237047
493,1.75922e+13,6.09329e+10,92557.1,44,17.4531,16,0.229959
494,1.75922e+13,5.36529e+10,160444,44,17.5117,17,0.231856
495,1.75922e+13,6.56762e+10,34481.2,44,15.5674,14,0.205668
496,4.39805e+12,2.41899e+10,37330.4,42,16.0107,14,0.2123
497,1.75922e+13,5.55343e+10,57497,44,16.8613,15,0.224039
498,3.51844e+13,9.47862e+10,93393.5,45,17.4082,16,0.229701
499,1.75922e+13,5.89803e+10,93148.4,44,17.0283,16,0.224997
500,7.03687e+13,1.56908e+11,91695.5,46,16.8887,16,0.224582
501,2.19902e+12,3.27971e+10,87597.6,41,16.9189,16,0.224769
502,7.03687e+13,1.13465e+11,57139.6,46,16.8779,15,0.22795
503,8.79609e+12,5.98852e+10,93936.3,43,17.2822,16,0.227994
504,3.51844e+13,1.34108e+11,88449.5,45,17.1992,16,0.228422
505,7.03687e+13,1.25942e+11,33590.4,46,15.6621,14,0.211809
506,3.51844e+13,7.09329e+10,57874.9,45,16.7451,15,0.223054
507,7.03687e+13,1.44723e+11,57901.6,46,17.0557,15,0.22687
508,5.6295e+14,7.03486e+11,93575.8,49,17.8379,16,0.241156
509,7.03687e+13,1.58196e+11,161876,46,17.8662,17,0.244288
510,8.79609e+12,5.27454e+10,56003.3,43,16.334,15,0.224195
511,3.51844e+13,1.03962e+11,53424.5,45,16.291,15,0.222061
512,3.51844e+13,8.46998e+10,56003.3,45,16.3203,15,0.219274
513,3.51844e+13,1.36981e+11,90275.1,45,17.1631,16,0.22884
514,7.03687e+13,1.8726e+11,51387.2,46,16.2178,15,0.216361
515,1.40737e+14,2.20013e+11,54997,47,16.127,15,0.217128
516,3.51844e+13,9.55211e+10,55740.4,45,15.6807,15,0.211184
517,8.79609e+12,4.7825e+10,38361.6,43,15.5449,14,0.207311
518,8.79609e+12,2.66901e+10,32855,43,15.0488,14,0.203075
519,1.75922e+13,6.21367e+10,38073.4,44,15.7617,14,0.209463
520,1.40737e+14,1.95271e+11,36766.4,47,15.4395,14,0.204688
521,7.03687e+13,1.62535e+11,27667.9,46,15.334,13,0.199232
522,4.5036e+15,4.52912e+12,93545.5,52,17.1006,16,0.226902
523,1.40737e+14,2.60112e+11,556408,47,18.8379,19,0.246868
524,1.40737e+14,3.81056e+11,93393.5,47,17.1836,16,0.224262
525,3.51844e+13,2.54441e+11,291882,45,18.1123,18,0.239876
526,2.81475e+14,6.38125e+11,160515,48,17.9268,17,0.236486
527,1.40737e+14,2.87633e+11,565070,47,19.1572,19,0.249616
528,7.03687e+13,2.34294e+11,2.13659e+06,46,19.332,21,0.251564
529,1.40737e+14,3.78502e+11,2.13989e+06,47,19.9033,21,0.255962
530,2.81475e+14,7.05378e+11,554472,48,18.3281,19,0.238037
531,5.6295e+14,1.1829e+12,95180.2,49,17.1318,16,0.224459
532,1.1259e+15,1.31499e+12,2.14433e+06,50,19.2949,21,0.247238
533,2.81475e+14,3.63699e+11,27299,48,16.1504,13,0.203033
534,1.40737e+14,3.65285e+11,2.14433e+06,47,20.2549,21,0.252335
535,1.40737e+14,3.78656e+11,165186,47,18.4678,17,0.23558
536,3.51844e+13,1.21517e+11,95067.8,45,17.3887,16,0.221783
537,3.51844e+13,1.38234e+11,563631,45,18.9521,19,0.242101
538,1.75922e+13,1.24656e+11,1.09505e+06,44,19.3682,20,0.242658
539,1.40737e+14,2.96339e+11,2.14618e+06,47,19.9346,21,0.246479
540,7.03687e+13,4.05766e+11,564143,46,19.0195,19,0.238037
541,2.81475e+14,1.11334e+12,563591,48,18.5908,19,0.230278
542,7.03687e+13,3.59703e+11,1.09176e+06,46,19.207,20,0.23953
543,9.0072e+15,9.31163e+12,295975,53,18.7275,18,0.235848
544,2.81475e+14,1.2958e+12,9525.12,48,13.4658,9,0.16994
545,1.1259e+15,1.92821e+12,294858,50,18.7334,18,0.232742
546,2.81475e+14,1.13728e+12,2.14512e+06,48,19.7734,21,0.243208
547,1.1259e+15,2.37962e+12,561971,50,19.0098,19,0.237488
548,7.03687e+13,3.3677e+11,2.14595e+06,46,19.9893,21,0.245452
549,2.81475e+14,7.98595e+11,1.08724e+06,48,19.6035,20,0.245067
550,2.81475e+14,1.22332e+12,2.1369e+06,48,19.9688,21,0.250323
551,2.81475e+14,6.64241e+11,299067,48,18.9199,18,0.238062
552,2.81475e+14,1.10797e+12,160194,48,18.0166,17,0.224646
553,2.2518e+15,2.67293e+12,90677.2,51,18.1123,16,0.227961
554,4.5036e+15,6.10321e+12,560970,52,19.0479,19,0.245414
555,7.03687e+13,6.279e+11,163246,46,18.2236,17,0.237106
556,7.03687e+13,3.64306e+11,162984,46,18.6826,17,0.245486
557,4.5036e+15,5.28821e+12,162250,52,18.3936,17,0.238689
558,1.1259e+15,2.72161e+12,561473,50,19.2754,19,0.252774
559,1.40737e+14,8.27921e+11,3.36157e+07,47,21.9727,25,0.292674
560,1.1259e+15,2.87715e+12,2.14256e+06,50,20.2705,21,0.273253
561,5.6295e+14,2.24564e+12,1.68392e+07,49,21.1221,24,0.286887
562,2.2518e+15,3.07825e+12,8.44792e+06,51,21.3975,23,0.291343
563,2.2518e+15,3.25108e+12,1.68332e+07,51,21.5547,24,0.292184
564,2.2518e+15,3.10752e+12,4.24459e+06,51,20.5645,22,0.283633
565,9.0072e+15,9.96801e+12,1.68277e+07,53,21.4316,24,0.287441
566,2.81475e+14,1.05628e+12,294975,48,18.6875,18,0.253896
567,4.5036e+15,5.12738e+12,1.09045e+06,52,19.7412,20,0.26789
568,1.1259e+15,2.14755e+12,1.08667e+06,50,19.5869,20,0.265012
569,2.2518e+15,4.41825e+12,8.44955e+06,51,21.1807,23,0.283463
570,2.2518e+15,3.3548e+12,1.09309e+06,51,20.1787,20,0.274296
571,4.5036e+15,8.88345e+12,4.24546e+06,52,20.4805,22,0.280341
572,2.81475e+14,1.27837e+12,162586,48,18.5049,17,0.253352
573,1.1259e+15,1.92512e+12,297575,50,19.1221,18,0.264049
574,1.1259e+15,1.90344e+12,164331,50,18.5439,17,0.260479
575,7.20576e+16,7.18935e+13,292622,56,18.8486,18,0.261794
576,2.2518e+15,5.01416e+12,558864,51,19.0879,19,0.268261
577,5.6295e+14,3.38055e+12,1.08905e+06,49,19.5566,20,0.277139
578,1.1259e+15,3.46155e+12,564221,50,18.9268,19,0.267052
579,1.1259e+15,2.45579e+12,292622,50,18.6045,18,0.263254
580,4.5036e+15,7.66387e+12,4.24323e+06,52,20.8467,22,0.291323
581,4.5036e+15,6.79818e+12,8.44414e+06,52,21.3223,23,0.29218
582,2.81475e+14,9.92956e+11,1.08208e+06,48,19.1641,20,0.269059
583,2.81475e+14,1.13105e+12,562667,48,18.8809,19,0.260101
584,4.5036e+15,7.33416e+12,1.08752e+06,52,19.6621,20,0.267732
585,5.6295e+14,1.40039e+12,2.14069e+06,49,19.7529,21,0.271186
586,2.2518e+15,3.2111e+12,4.24682e+06,51,20.7354,22,0.282857
587,1.80144e+16,2.11212e+13,8.4427e+06,54,21.4453,23,0.292424
588,4.5036e+15,8.32239e+12,2.14261e+06,52,20.3955,21,0.27913
589,2.2518e+15,2.91442e+12,296013,51,19.0615,18,0.26643
590,2.2518e+15,8.06321e+12,2.13332e+06,51,20.2754,21,0.275185
591,2.2518e+15,5.97755e+12,557536,51,20.0605,19,0.273318
592,7.03687e+13,6.87968e+11,4.24239e+06,46,20.8506,22,0.278472
593,2.2518e+15,4.40769e+12,2.14099e+06,51,20.7402,21,0.278764
594,1.1259e+15,3.38532e+12,1.68359e+07,50,21.4561,24,0.290585
595,2.2518e+15,2.82945e+12,4.24505e+06,51,20.7881,22,0.281618
596,1.1259e+15,2.88153e+12,162351,50,19.1113,17,0.257072
597,2.2518e+15,3.08893e+12,293952,51,19.3047,18,0.263686
598,2.81475e+14,1.08144e+12,292006,48,18.7012,18,0.25838
599,7.20576e+16,7.26806e+13,557626,56,19.7422,19,0.27025
600,2.8823e+17,2.94657e+14,562136,58,19.7939,19,0.278073
601,5.6295e+14,2.63316e+12,57277.8,49,18.3281,15,0.257628
602,5.6295e+14,1.57628e+12,19066.2,49,16.9736,12,0.237926
603,1.80144e+16,1.87948e+13,17275.5,54,16.6221,12,0.233287
604,1.1259e+15,4.62355e+12,37254.4,50,17.3086,14,0.23893
605,2.2518e+15,7.05643e+12,15404.3,51,16.3047,11,0.228659
606,2.2518e+15,5.36056e+12,35594.1,51,17.3828,14,0.245573
607,4.5036e+15,9.19982e+12,20071,52,16.4404,12,0.229246
608,5.6295e+14,1.9283e+12,9375.31,49,14.6484,10,0.209895
609,7.03687e+13,5.8286e+11,25915.9,46,16.5352,13,0.228532
610,2.81475e+14,1.48412e+12,14841.9,48,15.4131,11,0.21528
611,1.40737e+14,5.62725e+11,19107.1,47,15.7236,12,0.214556
612,9.0072e+15,1.06715e+13,34537.9,53,16.666,14,0.227314
613,4.5036e+15,7.18764e+12,56860.6,52,18.1455,15,0.251702
614,5.6295e+14,1.23243e+12,57305.3,49,17.8535,15,0.245316
615,3.60288e+16,4.00301e+13,55236.9,55,17.5947,15,0.242757
616,9.0072e+15,1.14788e+13,161289,53,19.1445,17,0.273542
617,2.2518e+15,4.32097e+12,26525,51,16.5801,13,0.242292
618,1.44115e+17,1.43318e+14,19706.2,57,16.6709,12,0.243185
619,5.6295e+14,3.30377e+12,15453.8,49,15.9209,11,0.229658
620,2.8823e+17,2.87342e+14,20108.7,58,16.8516,12,0.240384
621,4.5036e+15,8.75887e+12,559301,52,19.8096,19,0.274782
622,4.5036e+15,7.41949e+12,36844.3,52,17.6055,14,0.247839
623,4.5036e+15,6.5103e+12,56634.9,52,17.6094,15,0.250087
624,3.60288e+16,4.00421e+13,37804.6,55,16.9658,14,0.243154
625,1.80144e+16,1.8621e+13,89320.5,54,17.752,16,0.247739
626,2.2518e+15,7.34303e+12,1.09098e+06,51,20.251,20,0.279832
627,2.2518e+15,5.80204e+12,58633.3,51,17.8643,15,0.25009
628,1.44115e+17,1.45293e+14,157721,57,18.5537,17,0.254122
629,1.1259e+15,2.79834e+12,295823,50,18.7822,18,0.251547
630,4.5036e+15,9.68372e+12,93545.5,52,17.5195,16,0.233148
631,4.5036e+15,7.2355e+12,163859,52,18.5615,17,0.25002
632,4.5036e+15,6.97649e+12,58530.7,52,18.0391,15,0.248189
633,9.0072e+15,1.24723e+13,164049,53,18.6826,17,0.253135
634,1.80144e+16,3.67461e+13,295823,54,18.9473,18,0.258678
635,5.6295e+14,2.83905e+12,160480,49,18.416,17,0.255029
636,1.80144e+16,2.52439e+13,55117.2,54,17.3496,15,0.241981
637,5.6295e+14,3.45422e+12,161566,49,18.4424,17,0.259602
638,3.60288e+16,5.93336e+13,55799,55,17.9248,15,0.254796
639,2.8823e+17,2.96216e+14,293633,58,19.71,18,0.280705
640,4.5036e+15,1.43035e+13,8.44709e+06,52,22.1992,23,0.313592
641,3.60288e+16,9.44008e+13,8.44359e+06,55,22.4316,23,0.312832
642,9.0072e+15,2.2781e+13,2.14237e+06,53,20.5977,21,0.290153
643,3.60288e+16,7.47449e+13,8.44661e+06,55,22.2139,23,0.308134
644,9.0072e+15,2.9532e+13,2.14743e+06,53,21.5547,21,0.303702
645,5.76461e+17,5.72935e+14,1.09098e+06,59,20.5625,20,0.292967
646,2.30584e+18,2.28338e+15,161807,61,19.1865,17,0.268695
647,9.0072e+15,3.14553e+13,56972.6,53,18.0146,15,0.260991
648,1.44115e+17,1.75635e+14,293952,57,19.543,18,0.276481
649,1.80144e+16,5.45307e+13,554425,54,19.9336,19,0.286146
650,1.80144e+16,7.37934e+13,8.4432e+06,54,22.1709,23,0.313637
651,7.20576e+16,1.31168e+14,4.24255e+06,56,21.4971,22,0.308054
652,1.44115e+17,1.99217e+14,1.68307e+07,57,22.5459,24,0.321372
653,3.60288e+16,7.10146e+13,8.43427e+06,55,22.7568,23,0.326923
654,1.44115e+17,2.86331e+14,6.71727e+07,57,23.502,26,0.33562
655,1.80144e+16,5.73107e+13,4.24044e+06,54,21.8281,22,0.308168
656,1.44115e+17,2.67615e+14,4.24438e+06,57,21.9248,22,0.311055
657,2.8823e+17,3.06026e+14,8.44724e+06,58,22.4219,23,0.310612
658,1.15292e+18,1.17762e+15,3.36247e+07,60,23.7627,25,0.326433
659,1.44115e+17,2.16961e+14,4.24012e+06,57,21.7529,22,0.31161
660,3.60288e+16,7.66711e+13,2.143e+06,55,20.8447,21,0.304967
661,1.44115e+17,3.4205e+14,4.24912e+06,57,22.0801,22,0.318202
662,7.20576e+16,1.78958e+14,1.68386e+07,56,22.8574,24,0.319305
663,2.8823e+17,3.34676e+14,6.7183e+07,58,24.0791,26,0.333819
664,9.0072e+15,2.81121e+13,8.44248e+06,53,21.9355,23,0.303764
665,7.20576e+16,1.09852e+14,4.24602e+06,56,21.6045,22,0.296142
666,9.0072e+15,2.34491e+13,2.14586e+06,53,21.2959,21,0.28588
667,1.80144e+16,2.72235e+13,2.14498e+06,54,21,21,0.286776
668,1.80144e+16,4.11609e+13,8.43787e+06,54,22.0947,23,0.298858
669,9.0072e+15,2.82044e+13,1.6833e+07,53,21.8467,24,0.29906
670,1.80144e+16,2.76551e+13,4.2435e+06,54,21.5732,22,0.294109
671,7.20576e+16,9.34747e+13,1.68349e+07,56,22.5322,24,0.302622
672,2.30584e+18,2.29961e+15,1.68392e+07,61,22.8408,24,0.309456
673,2.2518e+15,7.37952e+12,6.7181e+07,51,23.9014,26,0.321406
674,3.60288e+16,6.11818e+13,3.36231e+07,55,23.2832,25,0.317149
675,1.15292e+18,1.39205e+15,3.36203e+07,60,23.7637,25,0.323542
676,5.76461e+17,5.90838e+14,3.36249e+07,59,23.9629,25,0.325862
677,2.8823e+17,6.3997e+14,6.71806e+07,58,23.5801,26,0.323351
678,2.8823e+17,6.55282e+14,8.44661e+06,58,22.083,23,0.306353
679,7.20576e+16,1.14057e+14,3.36148e+07,56,22.8203,25,0.312459
680,2.30584e+18,2.35552e+15,8.44403e+06,61,22.3037,23,0.311119
681,9.0072e+15,2.43343e+13,6.71806e+07,53,23.4824,26,0.323506
682,1.44115e+17,2.74494e+14,1.68426e+07,57,22.6406,24,0.313988
683,3.60288e+16,6.25434e+13,1.68378e+07,55,22.7197,24,0.310502
684,2.8823e+17,3.58248e+14,2.14124e+06,58,21.0332,21,0.288909
685,3.60288e+16,1.22926e+14,4.24469e+06,55,21.3662,22,0.301803
686,1.44115e+17,1.94666e+14,2.14089e+06,57,20.4609,21,0.297387
687,1.15292e+18,1.83139e+15,8.43633e+06,60,22.0186,23,0.31119
688,3.60288e+16,1.5153e+14,2.14773e+06,55,21.4639,21,0.306577
689,2.8823e+17,3.70038e+14,562545,58,19.9326,19,0.288156
690,2.8823e+17,3.58302e+14,1.08752e+06,58,19.7998,20,0.283237
691,2.8823e+17,3.62896e+14,295899,58,19.2588,18,0.282939
692,1.15292e+18,1.43474e+15,8.43692e+06,60,21.9375,23,0.313683
693,1.1259e+15,4.07491e+12,8.44566e+06,50,22.085,23,0.314161
694,7.20576e+16,1.21508e+14,3.36219e+07,56,23.1133,25,0.325185
695,1.80144e+16,4.84582e+13,3.36119e+07,54,22.6973,25,0.324089
696,7.20576e+16,9.2527e+13,8.43875e+06,56,21.9424,23,0.314416
697,1.44115e+17,3.96678e+14,1.68283e+07,57,22.9795,24,0.326447
698,9.0072e+15,4.39524e+13,6.7178e+07,53,23.7432,26,0.332273
699,9.22337e+18,9.38133e+15,6.71737e+07,63,24.207,26,0.343711
700,7.3787e+19,7.22197e+16,1.6841e+07,66,22.8848,24,0.331491
701,7.20576e+16,2.08465e+14,3.36178e+07,56,23.6211,25,0.340374
702,1.15292e+18,1.75038e+15,3.36215e+07,60,23.9756,25,0.347134
703,1.84467e+19,1.99797e+16,4.24732e+06,64,21.9492,22,0.321595
704,7.20576e+16,1.63564e+14,8.43549e+06,56,22.1143,23,0.317486
705,2.30584e+18,2.31607e+15,1.08955e+06,61,20.5098,20,0.299782
706,2.8823e+17,3.68541e+14,6.71833e+07,58,23.6504,26,0.337089
707,7.20576e+16,1.87924e+14,3.36165e+07,56,23.0322,25,0.321248
708,2.8823e+17,5.3189e+14,6.71777e+07,58,24.1182,26,0.330116
709,2.30584e+18,2.48578e+15,1.34294e+08,61,24.5645,27,0.337622
710,4.61169e+18,5.02379e+15,2.68524e+08,62,26.0723,28,0.361641
711,1.15292e+18,2.54979e+15,1.07383e+09,60,27.3135,30,0.378224
712,4.61169e+18,6.28642e+15,5.3695e+08,62,26.3018,29,0.36633
713,1.15292e+18,1.82562e+15,2.68514e+08,60,25.6982,28,0.361427
714,2.30584e+18,3.74462e+15,3.36226e+07,61,23.4248,25,0.32839
715,1.44115e+17,4.25712e+14,1.34295e+08,57,24.7246,27,0.345491
716,1.44115e+17,5.47877e+14,1.34296e+08,57,24.8545,27,0.350425
717,9.22337e+18,9.23308e+15,6.71795e+07,63,23.7686,26,0.332065
718,7.20576e+16,3.81279e+14,5.36953e+08,56,26.1631,29,0.369475
719,1.15292e+18,1.30491e+15,5.36952e+08,60,26.1162,29,0.371211
720,3.60288e+16,1.69164e+14,2.68519e+08,55,25.9385,28,0.371389
721,5.76461e+17,6.91541e+14,6.71862e+07,59,24.2559,26,0.349333
722,2.8823e+17,4.18246e+14,3.36146e+07,58,23.3945,25,0.349779
723,5.76461e+17,1.80318e+15,6.71746e+07,59,24.1064,26,0.349505
724,1.47574e+20,1.4697e+17,3.36187e+07,67,23.5459,25,0.337769
725,9.44473e+21,1.03777e+19,8.44298e+06,73,23.25,23,0.342022
726,2.30584e+18,2.5997e+15,2.14183e+06,61,21.9697,21,0.32393
727,3.60288e+16,1.70394e+14,159725,55,20.3545,17,0.305241
728,7.20576e+16,1.7266e+14,294190,56,20.4336,18,0.305196
729,2.8823e+17,5.1308e+14,1.08127e+06,58,20.5527,20,0.301812
730,7.20576e+16,2.6093e+14,2.13338e+06,56,21.6611,21,0.312205
731,1.44115e+17,2.76943e+14,4.24077e+06,57,22.0254,22,0.313512
732,1.15292e+18,1.29764e+15,2.14636e+06,60,22.0586,21,0.318032
733,2.8823e+17,8.80462e+14,293553,58,20.7549,18,0.306385
734,2.95148e+20,2.90318e+17,559647,68,20.7061,19,0.305888
735,2.8823e+17,6.39124e+14,294427,58,20.2588,18,0.302709
736,1.15292e+18,1.57375e+15,161704,60,20.0049,17,0.300106
737,2.30584e+18,3.04092e+15,1.08891e+06,61,21.29,20,0.316846
738,9.22337e+18,2.65192e+16,2.14054e+06,63,22.1182,21,0.333156
739,1.84467e+19,2.17329e+16,161289,64,20.3691,17,0.30863
740,1.18059e+21,1.15797e+18,2.14014e+06,70,21.9385,21,0.328506
741,9.22337e+18,9.74503e+15,15220.6,63,16.1885,11,0.245853
742,1.47574e+20,1.45128e+17,11013.2,67,15.3496,10,0.237045
743,1.47574e+20,2.44635e+17,53832.2,67,19.1611,15,0.300846
744,9.22337e+18,1.31758e+16,159652,63,20.0254,17,0.315126
745,4.61169e+18,8.38505e+15,52820.6,62,19.2988,15,0.303994
746,9.22337e+18,2.30801e+16,162351,63,20.4854,17,0.320099
747,2.95148e+20,3.07007e+17,159906,68,20.6826,17,0.317805
748,9.22337e+18,1.04954e+16,4.23459e+06,63,21.6162,22,0.314922
749,4.72237e+21,4.63061e+18,4.24556e+06,72,23.1875,22,0.335658
750,5.76461e+17,1.3795e+15,8.44231e+06,59,22.8154,23,0.318209
751,1.84467e+19,2.07829e+16,2.14314e+06,64,22.2471,21,0.31571
752,2.30584e+18,2.92075e+15,8.44501e+06,61,22.8018,23,0.320105
753,5.76461e+17,8.10324e+14,2.13882e+06,59,21.543,21,0.312573
754,2.8823e+17,6.50577e+14,1.07989e+06,58,21.2324,20,0.304264
755,1.15292e+18,1.71502e+15,564299,60,21.4697,19,0.310903
756,1.44115e+17,6.32221e+14,2.14367e+06,57,22.4219,21,0.323483
757,4.61169e+18,1.23897e+16,2.14343e+06,62,22.4062,21,0.325461
758,1.47574e+20,1.80838e+17,4.24066e+06,67,22.6201,22,0.333577
759,2.8823e+17,7.7712e+14,1.08804e+06,58,21.7998,20,0.316723
760,1.84467e+19,3.08563e+16,4.24292e+06,64,22.542,22,0.325225
761,9.44473e+21,9.23206e+18,1.08928e+06,73,21.9092,20,0.322764
762,1.84467e+19,2.16813e+16,4.24622e+06,64,23.2529,22,0.341606
763,2.30584e+18,5.62813e+15,4.24339e+06,61,22.2715,22,0.324841
764,4.61169e+18,6.22086e+15,8.43992e+06,62,22.7207,23,0.331843
765,3.68935e+19,4.73182e+16,8.44208e+06,65,23.9639,23,0.353413
766,4.72237e+21,4.61928e+18,4.24418e+06,72,22.9551,22,0.332992
767,2.95148e+20,2.93961e+17,8.44061e+06,68,23.0254,23,0.341379
768,2.41785e+24,2.36119e+21,34650.9,81,18.9355,14,0.285563
769,4.61169e+18,1.17131e+16,2.144e+06,62,22.6152,21,0.345157
770,7.3787e+19,9.01322e+16,4.23818e+06,66,22.8477,22,0.345993
771,1.15292e+18,3.71288e+15,1.68283e+07,60,23.5039,24,0.355545
772,5.90296e+20,6.61839e+17,1.68365e+07,69,23.8574,24,0.364767
773,2.95148e+20,2.94474e+17,1.34285e+08,68,24.5781,27,0.365194
774,4.61169e+18,1.17744e+16,6.7169e+07,62,24.3086,26,0.367671
775,3.68935e+19,3.76162e+16,2.13643e+06,65,22.2363,21,0.335782
776,2.30584e+18,4.35734e+15,4.24147e+06,61,22.7305,22,0.348582
777,4.61169e+18,8.12183e+15,8.43875e+06,62,23,23,0.349934
778,1.15292e+18,4.81853e+15,2.13867e+06,60,22.252,21,0.337383
779,3.68935e+19,4.69181e+16,1.08808e+06,65,21.9629,20,0.334736
780,3.68935e+19,5.03649e+16,296654,65,20.958,18,0.322195
781,1.15292e+18,2.62485e+15,2.1429e+06,60,22.6836,21,0.343664
782,9.22337e+18,1.3298e+16,562829,63,21.1562,19,0.326943
783,1.84467e+19,2.82401e+16,6.71604e+07,64,24.4883,26,0.375138
784,1.84467e+19,2.32832e+16,3.36143e+07,64,23.8213,25,0.372519
785,7.3787e+19,7.58468e+16,6.71781e+07,66,24.4375,26,0.383399
786,7.3787e+19,1.19518e+17,158585,66,20.2871,17,0.318377
787,3.68935e+19,6.70942e+16,4.24551e+06,65,22.8711,22,0.358481
788,4.61169e+18,8.06662e+15,2.13846e+06,62,22.2393,21,0.347069
789,2.95148e+20,2.92975e+17,1.68333e+07,68,23.6006,24,0.361303
790,1.51116e+23,1.47625e+20,3.36214e+07,77,24.3857,25,0.387555
791,3.68935e+19,4.85779e+16,2.13234e+06,65,22.3174,21,0.373687
792,7.3787e+19,1.69387e+17,1.08102e+06,66,21.4434,20,0.363408
793,3.68935e+19,4.62341e+16,294190,65,21.3975,18,0.360525
794,1.84467e+19,4.00495e+16,89868.8,64,19.7656,16,0.339757
795,2.95148e+20,3.15258e+17,35621.4,68,18.7588,14,0.320438
796,4.61169e+18,1.35216e+16,554472,62,20.625,19,0.334559
797,2.30584e+18,9.98637e+15,1.09176e+06,61,21.9717,20,0.354729
798,3.68935e+19,5.60703e+16,560674,65,21.5664,19,0.347809
799,1.47574e+20,1.57215e+17,1.09062e+06,67,22.1885,20,0.360952
800,2.36118e+21,2.31486e+18,4.24239e+06,71,23.3203,22,0.37413
801,2.95148e+20,3.54609e+17,8.44169e+06,68,23.6855,23,0.372809
802,2.95148e+20,4.5314e+17,8.43997e+06,68,23.9697,23,0.380699
803,9.22337e+18,2.2251e+16,8.44555e+06,63,24.1074,23,0.377129
804,2.36118e+21,2.38428e+18,4.2426e+06,71,23.667,22,0.376032
805,9.44473e+21,1.00364e+19,8.44353e+06,73,24.2861,23,0.381985
806,3.02231e+23,2.96041e+20,283162,78,20.6289,18,0.329355
807,5.90296e+20,8.95376e+17,4.24281e+06,69,23.5684,22,0.379559
808,1.20893e+24,1.1807e+21,1.0879e+06,80,22.1318,20,0.351764
809,2.36118e+21,2.41144e+18,1.68352e+07,71,24.1387,24,0.373859
810,9.44473e+21,1.1697e+19,8.44555e+06,73,24.0029,23,0.363639
811,1.47574e+20,2.4206e+17,3.36143e+07,67,24.6221,25,0.371636
812,2.95148e+20,7.68962e+17,1.68392e+07,68,24.168,24,0.363989
813,1.47574e+20,1.95361e+17,2.1429e+06,67,21.958,21,0.330401
814,1.47574e+20,2.23312e+17,1.34293e+08,67,25.6611,27,0.385081
815,1.18059e+21,1.17555e+18,564802,70,21.3477,19,0.33122
816,1.84467e+19,3.09551e+16,2.68512e+08,64,26.333,28,0.401689
817,7.3787e+19,2.00901e+17,2.6852e+08,66,26.4697,28,0.406959
818,1.84467e+19,2.17015e+16,5.3693e+08,64,26.0205,29,0.401008
819,3.68935e+19,6.57002e+16,3.36205e+07,65,24.4941,25,0.381853
820,4.61169e+18,8.62187e+15,5.36946e+08,62,25.8174,29,0.397768
821,7.3787e+19,9.22861e+16,2.68518e+08,66,25.8789,28,0.406105
822,1.84467e+19,2.26837e+16,3.36214e+07,64,24.4922,25,0.382144
823,4.61169e+18,2.08129e+16,2.68502e+08,62,25.7998,28,0.403373
824,1.47574e+20,1.76164e+17,1.34274e+08,67,25.9697,27,0.408964
825,1.47574e+20,1.58468e+17,4.29505e+09,67,28.4404,32,0.448571
826,5.90296e+20,5.91328e+17,4.29506e+09,69,28.2588,32,0.443138
827,1.84467e+19,2.30584e+16,2.14758e+09,64,28.0117,31,0.435694
828,2.36118e+21,2.42536e+18,5.36956e+08,71,27.0029,29,0.414699
829,1.47574e+20,1.54571e+17,5.36952e+08,67,26.5625,29,0.402129
830,1.54743e+26,1.51117e+23,1.07383e+09,87,27.9004,30,0.42109
831,1.18059e+21,1.15856e+18,1.07383e+09,70,27.3232,30,0.411082
832,9.22337e+18,1.80152e+16,1.07383e+09,63,26.332,30,0.401996
833,3.68935e+19,5.18756e+16,5.36945e+08,65,25.667,29,0.389727
834,2.95148e+20,3.1089e+17,1.34284e+08,68,24.5928,27,0.378527
835,9.44473e+21,9.39424e+18,1.07383e+09,73,26.6592,30,0.413949
836,2.95148e+20,4.56795e+17,5.36943e+08,68,26.1465,29,0.402814
837,2.36118e+21,2.66885e+18,6.71825e+07,71,25.0908,26,0.388172
838,2.36118e+21,3.89712e+18,6.7183e+07,71,24.6455,26,0.379497
839,3.68935e+19,4.33289e+16,6.717e+07,65,24.3291,26,0.378779
840,7.3787e+19,9.64312e+16,6.71754e+07,66,23.6982,26,0.361074
841,7.3787e+19,7.34022e+16,4.24371e+06,66,21.5332,22,0.331252
842,7.3787e+19,1.47504e+17,6.71721e+07,66,24.3223,26,0.359051
843,2.30584e+18,1.14778e+16,6.71737e+07,61,24.1973,26,0.357881
844,7.3787e+19,1.94442e+17,3.36149e+07,66,23.7285,25,0.35893
845,2.30584e+18,9.65164e+15,2.68506e+08,61,25.2617,28,0.377359
846,1.84467e+19,2.93911e+16,1.34287e+08,64,24.835,27,0.377585
847,3.77789e+22,3.77736e+19,6.71797e+07,75,24.5811,26,0.379145
848,9.44473e+21,9.24028e+18,3.36109e+07,73,23.7227,25,0.37783
849,1.47574e+20,3.69547e+17,2.68497e+08,67,25.7979,28,0.394784
850,2.36118e+21,2.92602e+18,1.34304e+08,71,25.2451,27,0.382828
851,2.8823e+17,1.49443e+15,1.34292e+08,58,24.7959,27,0.382434
852,4.72237e+21,4.66107e+18,3.36155e+07,72,23.7754,25,0.364212
853,1.18059e+21,1.69386e+18,2.68506e+08,70,25.3594,28,0.389214
854,1.84467e+19,2.91972e+16,1.3429e+08,64,24.4121,27,0.371974
855,3.68935e+19,4.16116e+16,3.36211e+07,65,23.4941,25,0.354008
856,7.92282e+28,7.73713e+25,1.34279e+08,96,24.1172,27,0.370269
857,3.68935e+19,6.29998e+16,1.34298e+08,65,24.751,27,0.377982
858,1.18059e+21,1.37125e+18,3.36178e+07,70,23.6641,25,0.365109
859,9.22337e+18,1.18583e+16,1.34283e+08,63,24.1641,27,0.372339
860,4.72237e+21,4.6473e+18,3.36173e+07,72,24.1523,25,0.36928
861,3.86856e+25,3.77805e+22,2.68506e+08,85,26.4639,28,0.419852
862,3.86856e+25,3.78118e+22,5.36944e+08,85,27.2334,29,0.448045
863,1.20893e+24,1.47752e+21,1.34279e+08,80,25.6895,27,0.428566
864,7.55579e+22,8.09565e+19,3.36157e+07,76,25.1602,25,0.417174
865,7.92282e+28,7.73716e+25,1.34288e+08,96,27.2783,27,0.459268
866,2.47588e+27,3.02235e+24,4.23307e+06,91,23.4287,22,0.396522
867,7.92282e+28,7.73716e+25,8.44392e+06,96,24.6748,23,0.422196
868,6.04463e+23,6.10408e+20,8.44275e+06,79,23.6865,23,0.401773
869,2.36118e+21,4.54354e+18,3.36017e+07,71,24.6494,25,0.426081
870,9.44473e+21,2.17973e+19,2.13622e+06,73,23.3281,21,0.40209
871,7.55579e+22,8.39281e+19,1.08682e+06,76,21.8428,20,0.37449
872,1.51116e+23,1.52696e+20,6.71731e+07,77,25.9492,26,0.440516
873,1.88895e+22,3.10006e+19,3.36062e+07,74,25.0029,25,0.435484
874,1.18059e+21,5.76916e+18,1.34278e+08,70,25.9697,27,0.45008
875,5.90296e+20,1.00363e+18,6.71757e+07,69,25.3711,26,0.432806
876,9.90352e+27,9.67141e+24,1.68346e+07,93,24.5469,24,0.421631
877,4.72237e+21,1.01977e+19,2.68505e+08,72,26.5996,28,0.450587
878,5.90296e+20,1.16302e+18,1.3428e+08,69,26.1455,27,0.436814
879,6.04463e+23,7.44427e+20,1.34286e+08,79,26.2432,27,0.431497
880,4.72237e+21,5.03389e+18,2.14134e+06,72,22.3174,21,0.373235
881,4.72237e+21,5.39457e+18,2.68507e+08,72,26.8887,28,0.437338
882,7.55579e+22,7.98701e+19,5.36956e+08,76,27.5381,29,0.440976
883,7.92282e+28,7.73713e+25,2.68503e+08,96,26.3994,28,0.425729
884,7.55579e+22,7.44806e+19,1.07383e+09,76,28.3369,30,0.464408
885,6.1897e+26,6.04547e+23,1.07383e+09,89,28.4717,30,0.466022
886,4.8357e+24,5.03772e+21,2.68512e+08,82,27.5156,28,0.452294
887,1.51116e+23,1.85058e+20,2.68506e+08,77,27.0771,28,0.444297
888,3.86856e+25,3.7793e+22,5.36939e+08,85,26.832,29,0.445512
889,7.92282e+28,9.67359e+25,1.34282e+08,96,26.207,27,0.430255
890,3.77789e+22,6.67195e+19,8.43645e+06,75,23.0234,23,0.384797
891,7.55579e+22,9.59653e+19,4.24066e+06,76,22.3604,22,0.372174
892,3.02231e+23,3.04345e+20,6.71718e+07,78,24.6436,26,0.40573
893,1.88895e+22,3.59006e+19,6.71801e+07,74,25.5264,26,0.422555
894,3.77789e+22,3.8813e+19,8.4371e+06,75,22.8623,23,0.377202
895,9.44473e+21,1.08752e+19,2.13758e+06,73,20.7207,21,0.343182
896,7.92282e+28,7.73714e+25,6.71747e+07,96,25.3086,26,0.411184
897,1.20893e+24,1.28458e+21,1.07381e+09,80,28.0801,30,0.439908
898,1.51116e+23,1.54946e+20,2.68507e+08,77,26.6934,28,0.431318
899,1.51116e+23,1.99915e+20,2.14757e+09,77,28.9355,31,0.465463
900,7.92282e+28,7.73713e+25,1.07383e+09,96,28.9619,30,0.457429
901,4.8357e+24,5.03646e+21,5.36964e+08,82,28.0889,29,0.446411
902,7.55579e+22,1.40879e+20,2.68511e+08,76,27.3438,28,0.433447
903,7.55579e+22,1.2113e+20,2.68512e+08,76,27.0645,28,0.433985
904,9.44473e+21,2.27299e+19,1.07383e+09,73,28.7197,30,0.459901
905,3.02231e+23,2.96744e+20,1.07381e+09,78,27.8936,30,0.442495
906,1.51116e+23,1.55244e+20,1.07383e+09,77,28.8955,30,0.46714
907,2.36118e+21,3.09492e+18,5.36936e+08,71,27.8848,29,0.459831
908,2.41785e+24,3.77758e+21,1.07383e+09,81,29.0498,30,0.469352
909,1.51116e+23,1.71866e+20,5.36939e+08,77,27.9707,29,0.461151
910,7.55579e+22,1.81523e+20,2.14755e+09,76,29.0127,31,0.48871
911,1.20893e+24,1.21126e+21,2.14756e+09,80,29.9492,31,0.507963
912,1.51116e+23,1.5377e+20,1.07383e+09,77,28.9131,30,0.48484
913,7.55579e+22,1.09533e+20,5.36956e+08,76,28.2393,29,0.45456
914,1.51116e+23,2.4133e+20,2.68508e+08,77,27.2012,28,0.438721
915,9.44473e+21,1.58539e+19,1.07382e+09,73,28.5625,30,0.473931
916,2.41785e+24,2.54909e+21,1.07383e+09,81,29.126,30,0.485512
917,7.55579e+22,1.52201e+20,2.68513e+08,76,27.2529,28,0.456015
918,6.04463e+23,6.36233e+20,1.07382e+09,79,28.585,30,0.479726
919,6.04463e+23,9.39818e+20,1.07381e+09,79,28.6201,30,0.488184
920,1.54743e+26,1.72398e+23,1.34295e+08,87,27.3428,27,0.464771
921,7.73713e+25,7.5561e+22,4.24088e+06,86,24.3994,22,0.419809
922,1.23794e+27,1.2095e+24,1.0738e+09,90,28.7559,30,0.49289
923,9.67141e+24,1.0397e+22,1.34284e+08,83,27.5186,27,0.474457
924,1.23794e+27,1.22911e+24,3.36168e+07,90,26.5469,25,0.455061
925,9.67141e+24,1.0316e+22,1.07384e+09,83,29.7969,30,0.513663
926,7.92282e+28,8.70483e+25,2.68497e+08,96,27.5664,28,0.486908
927,6.1897e+26,7.74527e+23,8.44672e+06,89,24.3545,23,0.423622
928,3.09485e+26,3.03796e+23,2.68503e+08,88,27.6133,28,0.48085
929,3.86856e+25,6.22463e+22,2.14756e+09,85,29.8643,31,0.534874
930,3.09485e+26,3.80355e+23,5.36938e+08,88,29.1436,29,0.515583
931,1.54743e+26,1.89294e+23,2.68523e+08,87,28.5566,28,0.501874
932,7.92282e+28,7.73714e+25,6.71637e+07,96,25.4307,26,0.446929
933,6.1897e+26,9.40114e+23,5.3693e+08,89,29.0781,29,0.510146
934,2.41785e+24,3.8548e+21,2.68508e+08,81,27.7344,28,0.479531
935,7.92282e+28,1.55047e+26,1.07384e+09,96,29.8672,30,0.5136
936,7.92282e+28,7.75225e+25,2.14757e+09,96,29.457,31,0.508113
937,1.23794e+27,1.21847e+24,1.07382e+09,90,29.5752,30,0.511088
938,7.92282e+28,7.7375e+25,1.34288e+08,96,28.3242,27,0.492247
939,7.92282e+28,2.44213e+26,4.29505e+09,96,31.5596,32,0.547736
940,3.09485e+26,3.8047e+23,5.36943e+08,88,29.3242,29,0.520403
941,3.96141e+28,3.86883e+25,1.34286e+08,95,27.3926,27,0.479735
942,7.92282e+28,8.47011e+25,1.718e+10,96,32.7021,34,0.576078
943,7.92282e+28,2.35684e+26,5.36947e+08,96,30.5088,29,0.543878
944,7.92282e+28,2.36669e+26,8.59004e+09,96,32.2969,33,0.572564
945,7.92282e+28,2.3682e+26,1.718e+10,96,32.6924,34,0.588214
946,7.92282e+28,1.55582e+26,1.718e+10,96,32.748,34,0.577882
947,7.92282e+28,1.11228e+26,5.36945e+08,96,29.3203,29,0.520698
948,1.9807e+28,2.34111e+25,8.59003e+09,94,33.2412,33,0.595711
949,7.92282e+28,3.56849e+26,1.07383e+09,96,31.4316,30,0.564757
950,1.9807e+28,4.04282e+25,4.29507e+09,94,31.3994,32,0.57056
951,7.92282e+28,1.55485e+26,2.14757e+09,96,31.543,31,0.571681
952,7.92282e+28,7.98165e+25,8.59003e+09,96,32.752,33,0.575472
953,9.90352e+27,1.91004e+25,8.59003e+09,93,32.6758,33,0.574043
954,7.92282e+28,9.40231e+25,1.07382e+09,96,30.5996,30,0.536901
955,7.92282e+28,7.77135e+25,4.29506e+09,96,31.6807,32,0.552846
956,7.92282e+28,3.9207e+26,5.36932e+08,96,29.6758,29,0.518287
957,7.92282e+28,7.98771e+25,1.34266e+08,96,27.5498,27,0.485007
958,7.92282e+28,2.33631e+26,5.36941e+08,96,29.2852,29,0.514251
959,7.92282e+28,3.17728e+26,5.3694e+08,96,30.5762,29,0.534468
960,7.92282e+28,4.69141e+26,1.3428e+08,96,28.0586,27,0.498301
961,7.92282e+28,3.43739e+26,2.68506e+08,96,29.4434,28,0.52012
962,7.92282e+28,2.47265e+26,6.7171e+07,96,27.0498,26,0.478245
963,7.92282e+28,3.14467e+26,2.68503e+08,96,29.6416,28,0.516166
964,7.92282e+28,1.17739e+26,2.68513e+08,96,30.2148,28,0.533935
965,7.92282e+28,3.91281e+26,5.36954e+08,96,31.2119,29,0.544739
966,7.92282e+28,3.10862e+26,2.6851e+08,96,29.5352,28,0.513962
967,7.92282e+28,3.64047e+26,2.68502e+08,96,29.3291,28,0.507286
968,7.92282e+28,2.43014e+26,2.68516e+08,96,29.96,28,0.514103
969,3.96141e+28,3.99969e+25,1.34284e+08,95,28.6592,27,0.498525
970,7.92282e+28,5.71186e+26,2.14755e+09,96,33.251,31,0.576926
971,7.92282e+28,3.12474e+26,5.36956e+08,96,31.8701,29,0.550614
972,7.92282e+28,8.7543e+26,1.07381e+09,96,31.249,30,0.534864
973,7.92282e+28,5.14402e+26,1.07383e+09,96,32.374,30,0.559283
974,7.92282e+28,3.38511e+26,5.36951e+08,96,31.3594,29,0.539654
975,7.92282e+28,6.19783e+26,2.14756e+09,96,31.8906,31,0.544205
976,7.92282e+28,9.57569e+26,1.07383e+09,96,32.8301,30,0.569536
977,7.92282e+28,2.72349e+26,1.07382e+09,96,32.0732,30,0.551723
978,7.92282e+28,5.97724e+26,8.59003e+09,96,34.9277,33,0.603907
979,7.92282e+28,7.49836e+26,4.29506e+09,96,34.0166,32,0.597244
980,7.92282e+28,5.46518e+26,2.14759e+09,96,33.1846,31,0.581218
981,7.92282e+28,7.04966e+26,4.29506e+09,96,34.1035,32,0.587386
982,7.92282e+28,8.20532e+26,4.29505e+09,96,33.627,32,0.585924
983,7.92282e+28,8.72951e+26,4.29504e+09,96,34.5586,32,0.597335
984,7.92282e+28,1.01449e+27,4.29505e+09,96,34.5439,32,0.59663
985,7.92282e+28,8.9525e+26,2.14757e+09,96,33.9717,31,0.583184
986,7.92282e+28,5.28422e+26,4.29504e+09,96,34.1748,32,0.594203
987,7.92282e+28,6.09754e+26,1.07383e+09,96,31.9492,30,0.551846
988,7.92282e+28,6.18412e+26,1.0738e+09,96,31.3916,30,0.540836
989,7.92282e+28,9.29894e+26,1.07383e+09,96,32.5752,30,0.561839
990,7.92282e+28,5.07049e+26,5.36943e+08,96,31.5752,29,0.540014
991,7.92282e+28,2.65409e+26,2.68516e+08,96,30.7676,28,0.527619
992,7.92282e+28,6.34538e+26,5.36945e+08,96,30.7734,29,0.522655
993,7.92282e+28,6.02462e+26,2.68505e+08,96,30.1504,28,0.520554
994,7.92282e+28,3.39732e+26,2.68502e+08,96,30.4297,28,0.526419
995,7.92282e+28,1.29867e+27,1.07381e+09,96,32.1094,30,0.545938
996,7.92282e+28,7.09235e+26,2.68502e+08,96,30.085,28,0.520912
997,7.92282e+28,7.99492e+26,5.36928e+08,96,30.499,29,0.52878
998,7.92282e+28,9.30625e+26,1.07382e+09,96,31.5244,30,0.544426
999,7.92282e+28,8.30024e+26,5.36948e+08,96,31.7324,29,0.554614
1000,7.92282e+28,6.80504e+26,2.68504e+08,96,30.4814,28,0.528914
1001,7.92282e+28,7.87417e+26,2.68508e+08,96,31.1553,28,0.539055
1002,7.92282e+28,9.35241e+26,5.36913e+08,96,30.7988,29,0.536282
1003,7.92282e+28,6.72683e+26,5.36945e+08,96,31.2656,29,0.544547
1004,7.92282e+28,3.99208e+26,1.34278e+08,96,29.2129,27,0.511235
1005,7.92282e+28,7.81549e+26,2.68509e+08,96,30.582,28,0.530992
1006,7.92282e+28,6.30881e+26,5.36945e+08,96,31.8779,29,0.55807
1007,7.92282e+28,8.11677e+26,5.36945e+08,96,31.541,29,0.542693
1008,7.92282e+28,8.34315e+26,1.07382e+09,96,32.5498,30,0.562902
1009,7.92282e+28,7.17794e+26,2.68502e+08,96,31.207,28,0.537011
1010,7.92282e+28,6.30709e+26,2.68508e+08,96,30.6309,28,0.532049
1011,7.92282e+28,7.40588e+26,1.07381e+09,96,31.8936,30,0.551714
1012,7.92282e+28,8.35018e+26,5.36949e+08,96,32.3818,29,0.556158
1013,7.92282e+28,6.39626e+26,1.34295e+08,96,30.4453,27,0.531693
1014,7.92282e+28,3.58438e+26,5.3694e+08,96,31.5479,29,0.548911
1015,7.92282e+28,4.59557e+26,5.36932e+08,96,31.0693,29,0.539125
1016,7.92282e+28,9.15933e+26,5.36945e+08,96,31.1025,29,0.539567
1017,7.92282e+28,1.02869e+26,5.36942e+08,96,30.7959,29,0.532762
1018,7.92282e+28,5.47785e+26,4.29505e+09,96,33.2334,32,0.578344
1019,7.92282e+28,3.71889e+26,2.68502e+08,96,30.7842,28,0.541753
1020,7.92282e+28,3.93748e+26,5.36954e+08,96,32.1387,29,0.552557
1021,7.92282e+28,5.56296e+26,1.34291e+08,96,29.6191,27,0.512874
1022,7.92282e+28,7.84516e+26,6.71759e+07,96,29.5615,26,0.513991
1023,7.92282e+28,7.12546e+26,6.71733e+07,96,29.1865,26,0.512286
1024,7.92282e+28,7.51431e+26,1.34281e+08,96,29.5781,27,0.517611
1025,7.92282e+28,7.76552e+26,1.34279e+08,96,29.2744,27,0.512007
1026,7.92282e+28,6.26969e+26,6.71727e+07,96,29.1562,26,0.513677
1027,7.92282e+28,8.91031e+26,1.34281e+08,96,29.5303,27,0.516841
1028,7.92282e+28,1.10317e+27,6.71774e+07,96,29.5059,26,0.517228
1029,7.92282e+28,1.17243e+27,1.34286e+08,96,28.7295,27,0.500118
1030,7.92282e+28,8.74523e+26,1.34282e+08,96,29.6514,27,0.520922
1031,7.92282e+28,8.82917e+26,1.34279e+08,96,29.3018,27,0.510602
1032,7.92282e+28,5.17928e+26,2.6851e+08,96,30.3809,28,0.530028
1033,7.92282e+28,1.29043e+27,2.68502e+08,96,30.6465,28,0.532856
1034,7.92282e+28,9.95895e+26,5.36949e+08,96,31.1807,29,0.546087
1035,7.92282e+28,7.77178e+26,2.68507e+08,96,30.1738,28,0.524331
1036,7.92282e+28,6.38327e+26,1.34277e+08,96,29.2861,27,0.51164
1037,7.92282e+28,8.22917e+26,1.34291e+08,96,29.4443,27,0.516578
1038,7.92282e+28,1.02122e+27,1.34275e+08,96,29.6221,27,0.527755
1039,7.92282e+28,9.84373e+26,3.36036e+07,96,27.4834,25,0.481989
1040,7.92282e+28,1.48058e+27,3.36164e+07,96,27.8623,25,0.490234
1041,7.92282e+28,8.48656e+26,1.3428e+08,96,29.5566,27,0.520987
1042,7.92282e+28,1.40493e+27,2.685e+08,96,29.7266,28,0.524323
1043,7.92282e+28,1.55355e+27,1.34274e+08,96,29.54,27,0.520191
1044,7.92282e+28,1.40013e+27,6.71762e+07,96,28.749,26,0.50357
1045,7.92282e+28,1.06044e+27,1.34284e+08,96,29.3223,27,0.511597
1046,7.92282e+28,1.16341e+27,6.71756e+07,96,28.2285,26,0.489923
1047,7.92282e+28,1.24829e+27,6.71684e+07,96,28.1943,26,0.493844
1048,7.92282e+28,9.69603e+26,6.71733e+07,96,29.0859,26,0.511258
1049,7.92282e+28,1.17408e+27,1.34282e+08,96,28.4531,27,0.49692
1050,7.92282e+28,1.17305e+27,6.71738e+07,96,28.6533,26,0.501149
1051,7.92282e+28,7.75843e+26,1.34266e+08,96,27.9775,27,0.487795
1052,7.92282e+28,1.79324e+27,1.34272e+08,96,28.6914,27,0.498079
1053,7.92282e+28,1.26066e+27,1.34286e+08,96,28.7783,27,0.505051
1054,7.92282e+28,1.59123e+27,6.71671e+07,96,28.6943,26,0.497856
1055,7.92282e+28,1.68322e+27,2.68508e+08,96,30.3008,28,0.521618
1056,7.92282e+28,1.69077e+27,1.34292e+08,96,29.5186,27,0.510713
1057,7.92282e+28,1.3477e+27,1.34286e+08,96,29.4258,27,0.512323
1058,7.92282e+28,1.53845e+27,5.36955e+08,96,30.1406,29,0.520484
1059,7.92282e+28,1.8343e+27,1.34273e+08,96,29.2676,27,0.504097
1060,7.92282e+28,1.57656e+27,2.68517e+08,96,29.9746,28,0.515174
1061,7.92282e+28,1.33623e+27,1.34276e+08,96,28.8838,27,0.499292
1062,7.92282e+28,1.07281e+27,3.36171e+07,96,28.002,25,0.484411
1063,7.92282e+28,1.58097e+27,5.3695e+08,96,31.2725,29,0.544238
1064,7.92282e+28,1.84033e+27,2.14756e+09,96,32.165,31,0.557272
1065,7.92282e+28,2.67275e+27,1.07383e+09,96,32.8418,30,0.564521
1066,7.92282e+28,2.21545e+27,1.34291e+08,96,30.9209,27,0.537655
1067,7.92282e+28,2.20097e+27,1.34294e+08,96,30.3916,27,0.526704
1068,7.92282e+28,1.66637e+27,1.34299e+08,96,30.6797,27,0.535106
1069,7.92282e+28,2.04647e+27,2.68512e+08,96,31.0635,28,0.534327
1070,7.92282e+28,2.5757e+27,4.29505e+09,96,33.4961,32,0.574264
1071,7.92282e+28,2.39509e+27,2.14757e+09,96,32.8965,31,0.568695
1072,7.92282e+28,2.65468e+27,4.29506e+09,96,34.127,32,0.587543
1073,7.92282e+28,2.14615e+27,2.14756e+09,96,32.6123,31,0.564295
1074,7.92282e+28,2.99402e+27,5.3694e+08,96,32.4902,29,0.555708
1075,7.92282e+28,3.02633e+27,2.14756e+09,96,33.915,31,0.585501
1076,7.92282e+28,2.67132e+27,8.59004e+09,96,35.1191,33,0.607519
1077,7.92282e+28,2.76405e+27,1.07381e+09,96,33.4307,30,0.575364
1078,7.92282e+28,2.30453e+27,8.59003e+09,96,35.1611,33,0.610784
1079,7.92282e+28,2.14365e+27,2.14756e+09,96,33.9873,31,0.587232
1080,7.92282e+28,2.20751e+27,2.14758e+09,96,34.0176,31,0.585129
1081,7.92282e+28,2.55352e+27,8.59004e+09,96,34.8545,33,0.603696
1082,7.92282e+28,1.79342e+27,2.14757e+09,96,33.0771,31,0.56834
1083,7.92282e+28,2.34706e+27,8.59003e+09,96,34.334,33,0.593656
1084,7.92282e+28,2.57029e+27,2.14756e+09,96,33.9561,31,0.597328
1085,7.92282e+28,1.80464e+27,8.59004e+09,96,34.3877,33,0.600598
1086,7.92282e+28,1.96156e+27,4.29506e+09,96,34.0244,32,0.590569
1087,7.92282e+28,2.2339e+27,4.29507e+09,96,34.8008,32,0.601951
1088,7.92282e+28,2.33141e+27,2.14757e+09,96,33.7627,31,0.590956
1089,7.92282e+28,2.63982e+27,8.59003e+09,96,34.3906,33,0.595402
1090,7.92282e+28,2.30801e+27,1.07382e+09,96,33.2666,30,0.573376
1091,7.92282e+28,2.21893e+27,4.29506e+09,96,33.7959,32,0.585653
1092,3.16913e+29,3.0435e+27,8.59003e+09,98,34.5176,33,0.601855
1093,7.92282e+28,1.6726e+27,1.718e+10,96,35.5273,34,0.618712
1094,7.92282e+28,2.36279e+27,8.59004e+09,96,34.5654,33,0.60325
1095,7.92282e+28,2.41124e+27,4.29505e+09,96,34.1328,32,0.591385
1096,7.92282e+28,2.20371e+27,4.29507e+09,96,34.6396,32,0.602446
1097,7.92282e+28,2.42599e+27,4.29506e+09,96,33.9541,32,0.58558
1098,7.92282e+28,2.55149e+27,8.59002e+09,96,35.0518,33,0.606041
1099,7.92282e+28,2.9223e+27,4.29504e+09,96,34.2197,32,0.592092
1100,7.92282e+28,1.99556e+27,1.07382e+09,96,32.8848,30,0.57321
1101,7.92282e+28,2.11384e+27,2.14757e+09,96,33.5869,31,0.585441
1102,7.92282e+28,2.00545e+27,8.59003e+09,96,34.3643,33,0.596142
1103,7.92282e+28,2.26473e+27,1.718e+10,96,34.3105,34,0.598649
1104,7.92282e+28,2.30582e+27,4.29505e+09,96,33.4639,32,0.58117
1105,7.92282e+28,2.74345e+27,2.14757e+09,96,33.6338,31,0.581765
1106,7.92282e+28,2.04984e+27,2.14756e+09,96,33.2949,31,0.580922
1107,7.92282e+28,1.52831e+27,1.718e+10,96,34.4893,34,0.595768
1108,7.92282e+28,1.66017e+27,8.59003e+09,96,33.4043,33,0.577229
1109,7.92282e+28,2.24464e+27,4.29507e+09,96,33.6006,32,0.589403
1110,7.92282e+28,2.16651e+27,4.29507e+09,96,33.248,32,0.577525
1111,7.92282e+28,2.43905e+27,4.29506e+09,96,33.9316,32,0.587273
1112,7.92282e+28,2.09709e+27,1.07382e+09,96,32.5117,30,0.571981
1113,7.92282e+28,2.30999e+27,4.29505e+09,96,33.3525,32,0.579318
1114,7.92282e+28,2.37427e+27,1.07381e+09,96,32.1797,30,0.574658
1115,7.92282e+28,1.93594e+27,2.68509e+08,96,31.1064,28,0.550667
1116,7.92282e+28,2.05518e+27,2.14756e+09,96,32.7363,31,0.581297
1117,1.58456e+29,2.13146e+27,2.14756e+09,97,32.6211,31,0.580844
1118,7.92282e+28,2.16519e+27,8.59003e+09,96,33.832,33,0.600458
1119,1.58456e+29,2.34884e+27,8.59003e+09,97,34.1963,33,0.614236
1120,7.92282e+28,1.70998e+27,2.14757e+09,96,33.0645,31,0.576245
1121,7.92282e+28,2.30942e+27,2.14755e+09,96,32.7881,31,0.573146
1122,3.16913e+29,2.44449e+27,1.07383e+09,98,33.0762,30,0.5779
1123,7.92282e+28,2.51875e+27,8.59002e+09,96,33.7939,33,0.594965
1124,7.92282e+28,2.26494e+27,8.59003e+09,96,33.9678,33,0.599034
1125,7.92282e+28,2.07919e+27,4.29506e+09,96,33.8311,32,0.594102
1126,7.92282e+28,1.43906e+27,1.07383e+09,96,32.4697,30,0.589341
1127,7.92282e+28,2.50436e+27,1.718e+10,96,34.3975,34,0.618858
1128,7.92282e+28,2.58318e+27,1.718e+10,96,34.9824,34,0.629248
1129,7.92282e+28,2.84857e+27,4.29505e+09,96,33.6943,32,0.597589
1130,7.92282e+28,1.99402e+27,8.59001e+09,96,33.3223,33,0.591426
1131,7.92282e+28,2.44725e+27,4.29506e+09,96,33.5967,32,0.587284
1132,7.92282e+28,1.81999e+27,5.36953e+08,96,32.1006,29,0.569946
1133,7.92282e+28,2.63596e+27,1.07381e+09,96,33.3027,30,0.597016
1134,7.92282e+28,3.46865e+27,8.59004e+09,96,35.499,33,0.637849
1135,7.92282e+28,2.96476e+27,1.718e+10,96,35.251,34,0.632795
1136,7.92282e+28,2.84349e+27,2.14756e+09,96,34.1279,31,0.610593
1137,7.92282e+28,2.6258e+27,2.14756e+09,96,33.9658,31,0.599975
1138,7.92282e+28,3.38518e+27,2.68505e+08,96,32.9629,28,0.5757
1139,7.92282e+28,3.20432e+27,8.59004e+09,96,34.8193,33,0.607912
1140,7.92282e+28,3.09384e+27,4.29507e+09,96,34.8662,32,0.608549
1141,7.92282e+28,2.43912e+27,8.59003e+09,96,34.0332,33,0.594487
1142,7.92282e+28,2.71749e+27,8.59002e+09,96,34.0791,33,0.590671
1143,7.92282e+28,2.68851e+27,8.59002e+09,96,34.71,33,0.611734
1144,7.92282e+28,3.03772e+27,1.718e+10,96,35.1846,34,0.609515
1145,7.92282e+28,2.08385e+27,8.59003e+09,96,34.4502,33,0.60053
1146,7.92282e+28,4.01138e+27,8.59003e+09,96,34.918,33,0.605346
1147,7.92282e+28,3.37063e+27,2.14758e+09,96,34.124,31,0.593518
1148,7.92282e+28,3.01139e+27,8.59003e+09,96,34.793,33,0.606498
1149,1.58456e+29,3.20871e+27,1.718e+10,97,34.7754,34,0.601516
1150,7.92282e+28,3.39356e+27,1.71799e+10,96,35.4932,34,0.625259
1151,7.92282e+28,3.20821e+27,4.29507e+09,96,34.2598,32,0.60455
1152,7.92282e+28,2.58339e+27,2.14756e+09,96,33.0762,31,0.583669
1153,7.92282e+28,3.57589e+27,4.29506e+09,96,35.3438,32,0.621167
1154,7.92282e+28,3.32557e+27,3.43598e+10,96,36.084,35,0.652693
1155,7.92282e+28,3.45886e+27,1.07383e+09,96,33.751,30,0.60378
1156,7.92282e+28,2.72215e+27,4.29504e+09,96,34.3467,32,0.602162
1157,7.92282e+28,2.79083e+27,2.14757e+09,96,33.8623,31,0.601596
1158,7.92282e+28,3.10231e+27,1.718e+10,96,35.7773,34,0.640503
1159,7.92282e+28,3.30358e+27,1.718e+10,96,35.7559,34,0.636825
1160,7.92282e+28,3.18863e+27,3.43598e+10,96,36.3184,35,0.641107
1161,7.92282e+28,3.34554e+27,1.718e+10,96,35.6631,34,0.642762
1162,7.92282e+28,3.85735e+27,3.43599e+10,96,37.2246,35,0.651753
1163,7.92282e+28,2.76688e+27,2.14757e+09,96,34.5205,31,0.610168
1164,7.92282e+28,2.74455e+27,8.59003e+09,96,35.5479,33,0.624672
1165,3.16913e+29,3.77538e+27,8.59004e+09,98,36.2275,33,0.643405
1166,7.92282e+28,3.59977e+27,1.718e+10,96,36.0947,34,0.6331
1167,7.92282e+28,3.53119e+27,4.29506e+09,96,35.626,32,0.632358
1168,3.16913e+29,2.55364e+27,4.29504e+09,98,35.0391,32,0.617372
1169,7.92282e+28,2.77258e+27,4.29506e+09,96,34.6221,32,0.606851
1170,7.92282e+28,2.39575e+27,2.14757e+09,96,34.3018,31,0.603003
1171,7.92282e+28,2.36484e+27,1.718e+10,96,34.7744,34,0.612291
1172,7.92282e+28,3.29207e+27,4.29506e+09,96,34.8213,32,0.606785
1173,7.92282e+28,2.63204e+27,1.718e+10,96,35.749,34,0.621091
1174,7.92282e+28,2.70814e+27,1.718e+10,96,35.665,34,0.621489
1175,7.92282e+28,2.97814e+27,8.59001e+09,96,34.9492,33,0.606826
1176,7.92282e+28,2.6446e+27,2.14755e+09,96,34.0371,31,0.599124
1177,7.92282e+28,2.96551e+27,4.29505e+09,96,34.5898,32,0.607094
1178,7.92282e+28,3.64479e+27,3.43598e+10,96,35.6738,35,0.630304
1179,7.92282e+28,3.64542e+27,3.43598e+10,96,36.3643,35,0.639656
1180,7.92282e+28,3.30166e+27,8.59005e+09,96,35.6123,33,0.636339
1181,7.92282e+28,5.02207e+27,3.43599e+10,96,37.4268,35,0.657149
1182,7.92282e+28,3.78564e+27,1.718e+10,96,36.1484,34,0.642628
1183,7.92282e+28,5.03575e+27,6.87196e+10,96,37.7705,36,0.666714
1184,7.92282e+28,4.55515e+27,3.43598e+10,96,37.4453,35,0.661344
1185,7.92282e+28,5.4787e+27,6.87196e+10,96,39.4033,36,0.692983
1186,7.92282e+28,4.39194e+27,2.74878e+11,96,39.0088,38,0.688919
1187,3.16913e+29,6.9519e+27,5.49756e+11,98,41.6309,39,0.732362
1188,7.92282e+28,6.8304e+27,2.74878e+11,96,40.9385,38,0.723203
1189,7.92282e+28,7.42956e+27,1.09951e+12,96,42.0645,40,0.733047
1190,7.92282e+28,7.90026e+27,2.19902e+12,96,43.5215,41,0.76082
1191,7.92282e+28,6.55969e+27,2.19902e+12,96,42.3027,41,0.748009
1192,7.92282e+28,9.70268e+27,4.39805e+12,96,44.4365,42,0.77869
1193,7.92282e+28,6.85288e+27,8.79609e+12,96,43.6855,43,0.777622
1194,7.92282e+28,8.59512e+27,4.39805e+12,96,44.2871,42,0.77708
1195,7.92282e+28,9.4777e+27,3.51844e+13,96,45.2227,45,0.797737
1196,7.92282e+28,9.01302e+27,2.19902e+12,96,44.2773,41,0.781814
1197,3.16913e+29,1.15904e+28,1.40737e+14,98,47.9453,47,0.838578
1198,7.92282e+28,1.00582e+28,3.51844e+13,96,46.2139,45,0.809067
1199,7.92282e+28,1.12024e+28,1.75922e+13,96,45.4912,44,0.80787
1200,7.92282e+28,1.11749e+28,3.51844e+13,96,47.5986,45,0.83617
1201,7.92282e+28,9.83719e+27,7.03687e+13,96,46.8896,46,0.827566
1202,7.92282e+28,1.09084e+28,7.03687e+13,96,47.502,46,0.838273
1203,3.16913e+29,1.04903e+28,2.81475e+14,98,47.0234,48,0.831193
1204,7.92282e+28,9.82384e+27,7.03687e+13,96,46.9326,46,0.822569
1205,7.92282e+28,1.06262e+28,1.40737e+14,96,46.5146,47,0.816595
1206,7.92282e+28,1.1982e+28,1.75922e+13,96,46.7617,44,0.817877
1207,7.92282e+28,9.78937e+27,8.79609e+12,96,45.418,43,0.803496
1208,7.92282e+28,8.72544e+27,3.51844e+13,96,45.1182,45,0.795769
1209,7.92282e+28,9.00484e+27,1.75922e+13,96,45.873,44,0.813868
1210,3.16913e+29,9.74578e+27,1.75922e+13,98,44.9824,44,0.792179
1211,3.16913e+29,9.13041e+27,3.51844e+13,98,44.9414,45,0.786575
1212,3.16913e+29,8.93849e+27,8.79609e+12,98,44.5664,43,0.785203
1213,7.92282e+28,9.06028e+27,8.79609e+12,96,44.8945,43,0.788849
1214,7.92282e+28,8.78519e+27,3.51844e+13,96,45.5977,45,0.795389
1215,7.92282e+28,8.43774e+27,4.39805e+12,96,45.4863,42,0.800643
1216,7.92282e+28,9.52291e+27,1.75922e+13,96,45.7168,44,0.809784
1217,3.16913e+29,9.78729e+27,1.75922e+13,98,45.1904,44,0.789441
1218,7.92282e+28,8.5132e+27,8.79609e+12,96,44.8018,43,0.788884
1219,7.92282e+28,1.01739e+28,7.03687e+13,96,46.9053,46,0.826584
1220,7.92282e+28,9.11277e+27,7.03687e+13,96,45.792,46,0.804723
1221,7.92282e+28,9.78379e+27,8.79609e+12,96,45.8301,43,0.805125
1222,7.92282e+28,1.00331e+28,8.79609e+12,96,45.2656,43,0.794169
1223,7.92282e+28,8.02231e+27,5.49756e+11,96,43.5146,39,0.76559
1224,3.16913e+29,1.05385e+28,3.51844e+13,98,46.4141,45,0.82369
1225,7.92282e+28,9.45211e+27,8.79609e+12,96,44.7998,43,0.792585
1226,7.92282e+28,1.0437e+28,1.75922e+13,96,46.5801,44,0.819092
1227,7.92282e+28,1.02738e+28,1.75922e+13,96,45.7461,44,0.808654
1228,7.92282e+28,8.87693e+27,1.75922e+13,96,45.3281,44,0.79834
1229,7.92282e+28,8.92393e+27,1.75922e+13,96,45.2061,44,0.797564
1230,7.92282e+28,8.73406e+27,7.03687e+13,96,45.5439,46,0.8074
1231,7.92282e+28,8.71579e+27,8.79609e+12,96,43.749,43,0.770298
1232,3.16913e+29,8.34967e+27,2.19902e+12,98,44.166,41,0.777695
1233,7.92282e+28,8.60895e+27,1.75922e+13,96,45.7715,44,0.805323
1234,3.16913e+29,9.95631e+27,8.79609e+12,98,45.584,43,0.800521
1235,7.92282e+28,9.44658e+27,8.79609e+12,96,45.0293,43,0.788545
1236,3.16913e+29,1.00973e+28,1.75922e+13,98,45.7236,44,0.798941
1237,7.92282e+28,9.35438e+27,3.51844e+13,96,45.7676,45,0.81404
1238,7.92282e+28,8.46815e+27,1.75922e+13,96,44.7295,44,0.791046
1239,7.92282e+28,9.27552e+27,1.75922e+13,96,45.1035,44,0.797529
1240,7.92282e+28,9.79766e+27,1.75922e+13,96,46.0586,44,0.82036
1241,1.58456e+29,9.22406e+27,1.75922e+13,97,44.5098,44,0.791911
1242,3.16913e+29,9.29995e+27,3.51844e+13,98,45.2178,45,0.795948
1243,7.92282e+28,8.94185e+27,8.79609e+12,96,44.542,43,0.786206
1244,7.92282e+28,9.58534e+27,2.19902e+12,96,43.5205,41,0.764599
1245,7.92282e+28,7.80348e+27,1.75922e+13,96,44.6416,44,0.791125
1246,7.92282e+28,9.53188e+27,8.79609e+12,96,44.0078,43,0.769548
1247,7.92282e+28,1.08225e+28,8.79609e+12,96,45.0186,43,0.792391
1248,7.92282e+28,8.99534e+27,4.39805e+12,96,43.7988,42,0.776893
1249,7.92282e+28,8.56071e+27,4.39805e+12,96,44.0693,42,0.781743
1250,1.58456e+29,8.65071e+27,2.19902e+12,97,43.4561,41,0.76672
1251,3.16913e+29,8.639e+27,8.79609e+12,98,43.9541,43,0.781292
1252,7.92282e+28,8.47667e+27,4.39805e+12,96,43.7246,42,0.774047
1253,1.58456e+29,8.23459e+27,2.19902e+12,97,43.3135,41,0.76765
1254,7.92282e+28,1.00515e+28,3.51844e+13,96,46.3848,45,0.819262
1255,7.92282e+28,8.85152e+27,2.19902e+12,96,44.0732,41,0.781677
1256,7.92282e+28,9.16679e+27,3.51844e+13,96,44.4961,45,0.793606
1257,7.92282e+28,8.77397e+27,8.79609e+12,96,44.0742,43,0.774862
1258,7.92282e+28,8.60999e+27,8.79609e+12,96,44.1133,43,0.774498
1259,7.92282e+28,8.13176e+27,4.39805e+12,96,43.9463,42,0.777358
1260,1.58456e+29,9.04166e+27,2.19902e+12,97,43.2852,41,0.762324
1261,3.16913e+29,9.38313e+27,4.39805e+12,98,43.627,42,0.775847
1262,7.92282e+28,8.651e+27,1.75922e+13,96,44.377,44,0.791003
1263,7.92282e+28,8.95965e+27,8.79609e+12,96,44.3125,43,0.784563
1264,7.92282e+28,1.01298e+28,3.51844e+13,96,45.6279,45,0.810427
1265,1.58456e+29,9.26867e+27,3.51844e+13,97,44.542,45,0.787231
1266,7.92282e+28,8.27909e+27,4.39805e+12,96,43.7168,42,0.776882
1267,7.92282e+28,1.00616e+28,8.79609e+12,96,44.957,43,0.796748
1268,3.16913e+29,1.00214e+28,4.39805e+12,98,44.7197,42,0.792774
1269,1.58456e+29,1.03475e+28,3.51844e+13,97,45.6523,45,0.802549
1270,3.16913e+29,9.60106e+27,8.79609e+12,98,44.4756,43,0.783589
1271,3.16913e+29,9.31339e+27,8.79609e+12,98,45.1494,43,0.795133
1272,3.16913e+29,9.16449e+27,2.19902e+12,98,43.7773,41,0.770035
1273,7.92282e+28,9.10685e+27,8.79609e+12,96,44.4648,43,0.775508
1274,7.92282e+28,9.32656e+27,2.19902e+12,96,43.2461,41,0.765752
1275,7.92282e+28,9.23581e+27,4.39805e+12,96,44.0029,42,0.777926
1276,3.16913e+29,1.01252e+28,8.79609e+12,98,44.8047,43,0.791582
1277,7.92282e+28,1.02989e+28,8.79609e+12,96,45.2119,43,0.801346
1278,7.92282e+28,1.01128e+28,8.79609e+12,96,45.5322,43,0.800996
1279,7.92282e+28,8.33149e+27,4.39805e+12,96,44.6016,42,0.79085
1280,7.92282e+28,9.34128e+27,2.19902e+12,96,44.208,41,0.773763
1281,1.58456e+29,1.01721e+28,1.75922e+13,97,45.5693,44,0.799635
1282,1.58456e+29,9.67119e+27,4.39805e+12,97,44.5293,42,0.786964
1283,7.92282e+28,9.56985e+27,8.79609e+12,96,44.5459,43,0.788802
1284,7.92282e+28,1.14388e+28,8.79609e+12,96,45.4307,43,0.799726
1285,3.16913e+29,1.22766e+28,3.51844e+13,98,46.7412,45,0.829394
1286,7.92282e+28,1.13071e+28,4.39805e+12,96,45.499,42,0.804838
1287,3.16913e+29,1.07796e+28,5.49756e+11,98,43.1484,39,0.761045
1288,7.92282e+28,1.12917e+28,3.51844e+13,96,46.0146,45,0.814342
1289,3.16913e+29,9.97088e+27,3.51844e+13,98,45.792,45,0.808147
1290,3.16913e+29,1.09995e+28,1.75922e+13,98,46.6875,44,0.828513
1291,7.92282e+28,1.12258e+28,1.75922e+13,96,46.2598,44,0.811975
1292,7.92282e+28,1.01118e+28,2.19902e+12,96,44.7305,41,0.784247
1293,7.92282e+28,1.1778e+28,4.39805e+12,96,45.4043,42,0.798455
1294,7.92282e+28,1.02114e+28,8.79609e+12,96,45.2236,43,0.798579
1295,7.92282e+28,1.13127e+28,3.51844e+13,96,46.6045,45,0.820782
1296,7.92282e+28,1.11066e+28,1.75922e+13,96,46.9883,44,0.827175
1297,7.92282e+28,1.18805e+28,8.79609e+12,96,45.7432,43,0.810217
1298,7.92282e+28,1.14179e+28,4.39805e+12,96,45.3135,42,0.800843
1299,3.16913e+29,1.24832e+28,7.03687e+13,98,47.0586,46,0.830867
1300,7.92282e+28,1.19737e+28,1.75922e+13,96,47.3154,44,0.838139
1301,7.92282e+28,1.19929e+28,3.51844e+13,96,46.7949,45,0.823336
1302,1.58456e+29,1.08591e+28,3.51844e+13,97,47.4824,45,0.839884
1303,7.92282e+28,1.09757e+28,2.19902e+12,96,45.1357,41,0.795617
1304,7.92282e+28,9.51387e+27,8.79609e+12,96,45.1895,43,0.790374
1305,7.92282e+28,1.12227e+28,2.19902e+12,96,44.0059,41,0.780987
1306,7.92282e+28,1.09475e+28,4.39805e+12,96,45.5547,42,0.801885
1307,3.16913e+29,1.08364e+28,4.39805e+12,98,44.7812,42,0.786758
1308,7.92282e+28,1.10467e+28,1.75922e+13,96,46.2393,44,0.814081
1309,7.92282e+28,1.02184e+28,2.19902e+12,96,44.1826,41,0.784495
1310,7.92282e+28,1.09878e+28,3.51844e+13,96,47.2695,45,0.837116
1311,7.92282e+28,1.00698e+28,2.19902e+12,96,44.3506,41,0.782456
1312,3.16913e+29,1.09698e+28,2.19902e+12,98,44.8535,41,0.797224
1313,3.16913e+29,9.74319e+27,8.79609e+12,98,45.0264,43,0.793195
1314,3.16913e+29,1.08083e+28,4.39805e+12,98,43.7334,42,0.774845
1315,1.58456e+29,9.88924e+27,1.75922e+13,97,45.1201,44,0.798974
1316,3.16913e+29,9.32053e+27,8.79609e+12,98,44.5078,43,0.797115
1317,3.16913e+29,9.87911e+27,2.19902e+12,98,44.3057,41,0.7836
1318,7.92282e+28,9.06227e+27,8.79609e+12,96,44.3428,43,0.787998
1319,3.16913e+29,9.65249e+27,8.79609e+12,98,44.2822,43,0.777422
1320,3.16913e+29,9.49151e+27,1.75922e+13,98,44.7773,44,0.792052
1321,7.92282e+28,1.05926e+28,4.39805e+12,96,45.2305,42,0.793673
1322,7.92282e+28,8.68215e+27,2.19902e+12,96,43.6807,41,0.776764
1323,3.16913e+29,1.02428e+28,8.79609e+12,98,44.8926,43,0.788389
1324,7.92282e+28,1.00749e+28,2.19902e+12,96,44.2725,41,0.787459
1325,7.92282e+28,1.11514e+28,1.75922e+13,96,46.4463,44,0.821048
1326,7.92282e+28,9.93198e+27,1.75922e+13,96,45.5674,44,0.819132
1327,7.92282e+28,1.09274e+28,1.75922e+13,96,46.6836,44,0.821347
1328,3.16913e+29,1.06522e+28,8.79609e+12,98,45.2207,43,0.796069
1329,7.92282e+28,1.09989e+28,1.09951e+12,96,43.582,40,0.765471
1330,7.92282e+28,9.24302e+27,2.19902e+12,96,43.5801,41,0.765303
1331,3.16913e+29,8.22237e+27,1.09951e+12,98,43.3555,40,0.773157
1332,3.16913e+29,1.02389e+28,8.79609e+12,98,45.1816,43,0.801491
1333,3.16913e+29,1.14653e+28,4.39805e+12,98,45.1318,42,0.802187
1334,1.58456e+29,1.05147e+28,4.39805e+12,97,44.5439,42,0.789025
1335,7.92282e+28,1.02269e+28,4.39805e+12,96,44.5684,42,0.782575
1336,7.92282e+28,1.01146e+28,7.03687e+13,96,46.3184,46,0.820385
1337,7.92282e+28,1.04815e+28,4.39805e+12,96,45.1533,42,0.80357
1338,7.92282e+28,8.70203e+27,2.74878e+11,96,43.3867,38,0.770713
1339,3.16913e+29,1.04051e+28,1.75922e+13,98,45.1895,44,0.799479
1340,3.16913e+29,9.24259e+27,4.39805e+12,98,44.3701,42,0.783379
1341,7.92282e+28,9.93726e+27,1.75922e+13,96,45.1562,44,0.803853
1342,3.16913e+29,1.04164e+28,4.39805e+12,98,44.5928,42,0.793244
1343,7.92282e+28,1.0019e+28,8.79609e+12,96,45.6104,43,0.810912
1344,7.92282e+28,9.58502e+27,4.39805e+12,96,44.6133,42,0.792722
1345,7.92282e+28,8.82472e+27,5.49756e+11,96,42.625,39,0.763534
1346,3.16913e+29,1.00079e+28,4.39805e+12,98,43.9463,42,0.777446
1347,7.92282e+28,1.00742e+28,8.79609e+12,96,44.8809,43,0.799972
1348,7.92282e+28,1.04294e+28,8.79609e+12,96,43.7402,43,0.780237
1349,7.92282e+28,1.08464e+28,1.75922e+13,96,45.1289,44,0.797962
1350,3.16913e+29,1.0726e+28,8.79609e+12,98,45.542,43,0.81
1351,7.92282e+28,1.15347e+28,3.51844e+13,96,47.0713,45,0.832117
1352,7.92282e+28,1.17504e+28,7.03687e+13,96,47.333,46,0.834004
1353,1.58456e+29,1.06403e+28,1.75922e+13,97,46.125,44,0.819592
1354,7.92282e+28,1.04437e+28,8.79609e+12,96,45.7207,43,0.813696
1355,3.16913e+29,1.15479e+28,2.81475e+14,98,48.0508,48,0.85061
1356,3.16913e+29,1.18172e+28,1.75922e+13,98,45.7324,44,0.809976
1357,3.16913e+29,1.16018e+28,8.79609e+12,98,45.0811,43,0.804879
1358,3.16913e+29,1.04626e+28,2.19902e+12,98,44.3428,41,0.783807
1359,7.92282e+28,1.08881e+28,8.79609e+12,96,45.917,43,0.819832
1360,7.92282e+28,1.16102e+28,8.79609e+12,96,45.5996,43,0.805311
1361,7.92282e+28,1.18476e+28,4.39805e+12,96,45.085,42,0.800123
1362,1.58456e+29,1.03235e+28,8.79609e+12,97,45.2285,43,0.798444
1363,3.16913e+29,1.11908e+28,8.79609e+12,98,45.5635,43,0.806691
1364,7.92282e+28,1.0972e+28,8.79609e+12,96,46.0068,43,0.812624
1365,7.92282e+28,1.08763e+28,1.75922e+13,96,45.7734,44,0.811977
1366,7.92282e+28,1.19301e+28,3.51844e+13,96,46.5273,45,0.819666
1367,7.92282e+28,1.00795e+28,1.75922e+13,96,45.9336,44,0.818864
1368,7.92282e+28,1.02317e+28,3.51844e+13,96,45.5713,45,0.810585
1369,3.16913e+29,1.01316e+28,1.09951e+12,98,43.584,40,0.776896
1370,7.92282e+28,9.60902e+27,1.75922e+13,96,45.2871,44,0.802099
1371,3.16913e+29,1.13024e+28,3.51844e+13,98,45.7793,45,0.810433
1372,7.92282e+28,1.01229e+28,1.75922e+13,96,45.3525,44,0.806295
1373,7.92282e+28,1.04509e+28,2.19902e+12,96,44.9814,41,0.796159
1374,7.92282e+28,1.16465e+28,4.39805e+12,96,45.3604,42,0.799102
1375,7.92282e+28,1.15821e+28,3.51844e+13,96,46.3652,45,0.818894
1376,7.92282e+28,1.11207e+28,1.75922e+13,96,46.0186,44,0.815766
1377,3.16913e+29,1.18167e+28,3.51844e+13,98,45.9932,45,0.816438
1378,3.16913e+29,1.30131e+28,7.03687e+13,98,47.332,46,0.835474
1379,3.16913e+29,1.13247e+28,4.39805e+12,98,45.1309,42,0.804137
1380,1.58456e+29,9.74309e+27,8.79609e+12,97,45.1582,43,0.795687
1381,7.92282e+28,1.22871e+28,3.51844e+13,96,46.7451,45,0.820824
1382,7.92282e+28,1.21487e+28,3.51844e+13,96,45.8799,45,0.820326
1383,7.92282e+28,1.10585e+28,1.75922e+13,96,45.5869,44,0.807988
1384,7.92282e+28,1.06441e+28,5.49756e+11,96,44.125,39,0.787065
1385,7.92282e+28,1.05396e+28,4.39805e+12,96,44.9551,42,0.796931
1386,3.16913e+29,1.13126e+28,1.09951e+12,98,44.3076,40,0.783708
1387,3.16913e+29,1.12194e+28,4.39805e+12,98,44.3691,42,0.784668
1388,7.92282e+28,1.17544e+28,1.75922e+13,96,46.2607,44,0.814077
1389,3.16913e+29,1.23863e+28,7.03687e+13,98,46.9893,46,0.825013
1390,3.16913e+29,1.10794e+28,7.03687e+13,98,46.0762,46,0.820013
1391,1.58456e+29,1.08827e+28,8.79609e+12,97,45.7852,43,0.812139
1392,7.92282e+28,1.00835e+28,1.75922e+13,96,45.5039,44,0.807149
1393,7.92282e+28,1.1643e+28,8.79609e+12,96,46.1035,43,0.817192
1394,7.92282e+28,1.3009e+28,7.03687e+13,96,47.6221,46,0.835481
1395,7.92282e+28,1.17716e+28,1.40737e+14,96,46.8828,47,0.829111
1396,3.16913e+29,1.1813e+28,3.51844e+13,98,46.292,45,0.817728
1397,7.92282e+28,1.22289e+28,7.03687e+13,96,47.0557,46,0.83491
1398,7.92282e+28,1.14303e+28,8.79609e+12,96,45.3213,43,0.806332
1399,7.92282e+28,1.17455e+28,1.75922e+13,96,46.417,44,0.822842
1400,7.92282e+28,1.24784e+28,1.75922e+13,96,46.3789,44,0.816758
1401,3.16913e+29,1.25138e+28,7.03687e+13,98,47.4502,46,0.842256
1402,7.92282e+28,1.18134e+28,7.03687e+13,96,46.9111,46,0.831394
1403,1.58456e+29,1.17378e+28,1.75922e+13,97,45.7754,44,0.800874
1404,7.92282e+28,1.19033e+28,3.51844e+13,96,46.5566,45,0.822052
1405,3.16913e+29,1.20881e+28,1.75922e+13,98,46.3223,44,0.813239
1406,3.16913e+29,1.21269e+28,3.51844e+13,98,46.3682,45,0.821144
1407,3.16913e+29,1.18673e+28,3.51844e+13,98,47.0342,45,0.837077
1408,1.58456e+29,1.25086e+28,7.03687e+13,97,47.1963,46,0.832766
1409,3.16913e+29,1.19345e+28,2.81475e+14,98,47.5693,48,0.837567
1410,3.16913e+29,1.18791e+28,1.75922e+13,98,46.4053,44,0.822646
1411,7.92282e+28,1.17587e+28,8.79609e+12,96,45.7441,43,0.805511
1412,3.16913e+29,1.2354e+28,8.79609e+12,98,45.6562,43,0.806483
1413,3.16913e+29,1.17374e+28,7.03687e+13,98,47.292,46,0.833138
1414,3.16913e+29,1.2112e+28,1.75922e+13,98,46.4258,44,0.82901
1415,7.92282e+28,1.17256e+28,3.51844e+13,96,46.4824,45,0.824508
1416,3.16913e+29,1.25391e+28,3.51844e+13,98,46.8564,45,0.831616
1417,7.92282e+28,1.2725e+28,1.75922e+13,96,46.6836,44,0.828878
1418,3.16913e+29,1.33015e+28,8.79609e+12,98,46.0674,43,0.811691
1419,7.92282e+28,1.24689e+28,4.39805e+12,96,44.792,42,0.791501
1420,7.92282e+28,1.242e+28,1.75922e+13,96,46.6475,44,0.831081
1421,7.92282e+28,1.1732e+28,1.40737e+14,96,47.5498,47,0.855383
1422,1.58456e+29,1.1262e+28,1.75922e+13,97,45.4678,44,0.799201
1423,3.16913e+29,1.35191e+28,1.75922e+13,98,46.5996,44,0.822363
1424,3.16913e+29,1.37721e+28,7.03687e+13,98,46.9688,46,0.831233
1425,1.58456e+29,1.35517e+28,7.03687e+13,97,46.8867,46,0.836441
1426,7.92282e+28,1.42971e+28,1.40737e+14,96,49.2676,47,0.869949
1427,3.16913e+29,1.35021e+28,3.51844e+13,98,46.9619,45,0.836696
1428,3.16913e+29,1.29725e+28,1.40737e+14,98,47.9951,47,0.843642
1429,3.16913e+29,1.45272e+28,3.51844e+13,98,47.1943,45,0.835575
1430,3.16913e+29,1.27625e+28,7.03687e+13,98,47.1973,46,0.834507
1431,7.92282e+28,1.26829e+28,7.03687e+13,96,47.5459,46,0.842244
1432,3.16913e+29,1.0503e+28,1.75922e+13,98,45.4424,44,0.805745
1433,7.92282e+28,1.2348e+28,1.75922e+13,96,47.2324,44,0.833993
1434,3.16913e+29,1.2759e+28,7.03687e+13,98,47.6455,46,0.84133
1435,3.16913e+29,1.1701e+28,7.03687e+13,98,46.9805,46,0.832704
1436,3.16913e+29,1.35305e+28,1.40737e+14,98,47.6924,47,0.84748
1437,7.92282e+28,1.16466e+28,3.51844e+13,96,46.8848,45,0.833255
1438,3.16913e+29,1.26933e+28,1.75922e+13,98,45.917,44,0.810222
1439,3.16913e+29,1.28375e+28,1.75922e+13,98,46.8721,44,0.828386
1440,7.92282e+28,1.16869e+28,3.51844e+13,96,46.1055,45,0.810747
1441,3.16913e+29,1.26617e+28,8.79609e+12,98,46.1885,43,0.821435
1442,3.16913e+29,1.22704e+28,3.51844e+13,98,46.1621,45,0.819116
1443,7.92282e+28,1.23086e+28,3.51844e+13,96,46.7217,45,0.834553
1444,7.92282e+28,1.24656e+28,7.03687e+13,96,47.1572,46,0.827075
1445,3.16913e+29,1.28434e+28,2.81475e+14,98,47.1504,48,0.843464
1446,3.16913e+29,1.24973e+28,8.79609e+12,98,46.4814,43,0.822473
1447,1.58456e+29,1.22243e+28,1.40737e+14,97,47.8398,47,0.843824
1448,3.16913e+29,1.28475e+28,1.75922e+13,98,46.6191,44,0.823483
1449,7.92282e+28,1.2998e+28,1.75922e+13,96,46.8828,44,0.825846
1450,3.16913e+29,1.42114e+28,3.51844e+13,98,47.7021,45,0.839639
1451,7.92282e+28,1.12536e+28,1.75922e+13,96,46.3516,44,0.814778
1452,1.58456e+29,1.22245e+28,8.79609e+12,97,46.4688,43,0.823004
1453,7.92282e+28,1.30702e+28,1.75922e+13,96,47.25,44,0.832416
1454,3.16913e+29,1.20897e+28,1.75922e+13,98,46.1191,44,0.812171
1455,3.16913e+29,1.30764e+28,3.51844e+13,98,47.749,45,0.846084
1456,7.92282e+28,1.38895e+28,2.81475e+14,96,48.0547,48,0.84858
1457,3.16913e+29,1.3434e+28,3.51844e+13,98,48.291,45,0.849118
1458,3.16913e+29,1.37043e+28,1.40737e+14,98,47.5234,47,0.842984
1459,3.16913e+29,1.21796e+28,1.40737e+14,98,47.8184,47,0.844657
1460,3.16913e+29,1.31399e+28,2.81475e+14,98,48.5771,48,0.858294
1461,3.16913e+29,1.45361e+28,7.03687e+13,98,47.5957,46,0.842647
1462,3.16913e+29,1.33983e+28,3.51844e+13,98,47.1084,45,0.828948
1463,3.16913e+29,1.35548e+28,5.6295e+14,98,48.2891,49,0.857205
1464,7.92282e+28,1.23577e+28,3.51844e+13,96,47.4795,45,0.835799
1465,3.16913e+29,1.35217e+28,7.03687e+13,98,47.5586,46,0.839795
1466,3.16913e+29,1.40927e+28,1.40737e+14,98,48.1123,47,0.852417
1467,7.92282e+28,1.19953e+28,2.81475e+14,96,48.2305,48,0.857393
1468,7.92282e+28,1.28378e+28,7.03687e+13,96,47.1416,46,0.833043
1469,3.16913e+29,1.42728e+28,7.03687e+13,98,48.2549,46,0.851993
1470,7.92282e+28,1.37384e+28,7.03687e+13,96,47.4854,46,0.84176
1471,7.92282e+28,1.44021e+28,7.03687e+13,96,48.1533,46,0.851336
1472,7.92282e+28,1.51445e+28,7.03687e+13,96,47.749,46,0.840694
1473,7.92282e+28,1.41368e+28,5.6295e+14,96,48.7158,49,0.85962
1474,1.58456e+29,1.37648e+28,3.51844e+13,97,47.8799,45,0.839492
1475,3.16913e+29,1.37002e+28,7.03687e+13,98,48.2969,46,0.854164
1476,3.16913e+29,1.35687e+28,2.81475e+14,98,47.5049,48,0.840909
1477,7.92282e+28,1.37604e+28,1.40737e+14,96,47.9639,47,0.849099
1478,3.16913e+29,1.33413e+28,1.40737e+14,98,48.123,47,0.844922
1479,7.92282e+28,1.21273e+28,5.6295e+14,96,48.1191,49,0.85263
1480,7.92282e+28,1.23201e+28,1.75922e+13,96,46.7871,44,0.825029
1481,7.92282e+28,1.32523e+28,2.81475e+14,96,48.4678,48,0.854251
1482,3.16913e+29,1.41531e+28,3.51844e+13,98,47.8867,45,0.843977
1483,3.16913e+29,1.45079e+28,1.40737e+14,98,48.0879,47,0.845371
1484,3.16913e+29,1.53808e+28,2.81475e+14,98,48.916,48,0.867003
1485,3.16913e+29,1.46516e+28,1.40737e+14,98,48.1914,47,0.843948
1486,7.92282e+28,1.47149e+28,7.03687e+13,96,47.9258,46,0.835916
1487,3.16913e+29,1.4579e+28,2.81475e+14,98,49.2832,48,0.862187
1488,7.92282e+28,1.4154e+28,7.03687e+13,96,47.6631,46,0.83327
1489,7.92282e+28,1.2666e+28,7.03687e+13,96,46.748,46,0.819729
1490,7.92282e+28,1.2608e+28,3.51844e+13,96,47.291,45,0.831502
1491,3.16913e+29,1.37345e+28,7.03687e+13,98,48.0264,46,0.848873
1492,7.92282e+28,1.25189e+28,1.1259e+15,96,49.3984,50,0.877105
1493,3.16913e+29,1.22203e+28,3.51844e+13,98,47.2695,45,0.838202
1494,7.92282e+28,1.26395e+28,1.75922e+13,96,46.8125,44,0.82941
1495,7.92282e+28,1.37612e+28,1.40737e+14,96,48.7637,47,0.855606
1496,7.92282e+28,1.48909e+28,1.40737e+14,96,48.2676,47,0.848451
1497,7.92282e+28,1.31965e+28,2.81475e+14,96,48.6748,48,0.870041
1498,3.16913e+29,1.36872e+28,7.03687e+13,98,48.1611,46,0.856205
1499,7.92282e+28,1.40155e+28,3.51844e+13,96,48.5322,45,0.852945
