421.868
0,435.117,8.2147,4,2,0.0390625,0,0.00976566
1,435.149,9.42588,4,2,0.0419922,0,0.00983154
2,435.053,10.6374,5,2,0.0576172,0,0.00987861
3,111.425,9.06349,5,1,0.0439453,0,0.0100386
4,434.639,8.75752,4,2,0.0380859,0,0.00986601
5,136.482,9.0153,5,1,0.0439453,0,0.0100281
6,434.412,9.60761,5,2,0.0449219,0,0.0101213
7,434.818,9.29094,5,2,0.0400391,0,0.0102345
8,112.934,9.17305,5,1,0.0429688,0,0.010136
9,434.954,11.2713,5,2,0.0556641,0,0.0102124
10,434.954,10.0118,5,2,0.0449219,0,0.0103982
11,435.117,9.86459,5,2,0.0458984,0,0.0103126
12,434.902,10.9857,5,2,0.0537109,0,0.0103563
13,434.818,12.1809,6,2,0.0644531,0,0.0106047
14,434.412,11.0919,6,2,0.0537109,0,0.0105687
15,435.127,12.1232,6,2,0.0634766,0,0.0104637
16,435.151,11.2476,6,2,0.0546875,0,0.0104111
17,435.149,11.4002,5,2,0.0537109,0,0.0105007
18,434.818,12.1521,6,2,0.0605469,0,0.0108359
19,434.818,11.0649,6,2,0.0527344,0,0.0105653
20,110.903,10.8501,6,1,0.0507812,0,0.0107087
21,435.149,10.9632,6,2,0.0458984,0,0.0107249
22,435.149,11.5164,6,2,0.0537109,0,0.010558
23,434.818,11.0304,6,2,0.0488281,0,0.0106811
24,435.151,12.0656,6,2,0.0566406,0,0.0107965
25,434.818,9.84058,6,2,0.0380859,0,0.0106203
26,435.127,13.0749,6,2,0.0585938,0,0.0110643
27,435.127,12.2977,6,2,0.0605469,0,0.0109495
28,434.954,14.0792,6,2,0.0654297,0,0.0116123
29,434.954,12.9372,6,2,0.0576172,0,0.0114687
30,435.117,14.8279,6,2,0.0644531,0,0.0120587
31,434.954,14.9529,6,2,0.0585938,0,0.0123607
32,435.151,19.0909,7,2,0.0712891,0,0.0140452
33,435.149,22.4352,7,2,0.0908203,0,0.0150366
34,435.076,26.2533,8,2,0.0849609,0,0.017361
35,435.151,37.9512,9,2,0.106445,0,0.0226383
36,435.151,41.7911,10,2,0.0957031,0,0.025572
37,435.117,48.3593,13,2,0.09375,0,0.0299384
38,435.151,61.2624,101,2,0.115234,0,0.0357009
39,1007.46,64.7014,101,3,0.120117,0,0.0374054
40,435.076,63.8061,101,2,0.09375,0,0.0396981
41,435.151,67.9449,101,2,0.112305,0,0.039585
42,1741.21,72.59,101,4,0.109375,0,0.0421661
43,994.777,73.0233,101,3,0.116211,0,0.0417843
44,435.151,69.506,101,2,0.0712891,0,0.0438626
45,1827.51,73.1682,101,4,0.0917969,0,0.0435469
46,435.151,73.6624,101,2,0.104492,0,0.043566
47,435.127,71.077,101,2,0.0957031,0,0.0437356
48,823.846,75.2671,101,3,0.0917969,0,0.0463231
49,1815.68,76.5595,101,4,0.0917969,0,0.0460938
50,435,72.7307,101,2,0.0761719,0,0.0459584
51,984.827,75.9277,101,3,0.0898438,0,0.0467442
52,435.149,77.3976,101,2,0.0820312,0,0.0479376
53,435.127,76.0832,101,2,0.0820312,0,0.0472768
54,434.412,75.8442,101,2,0.0751953,0,0.0484708
55,435.149,76.1266,101,2,0.0820312,0,0.0471026
56,1008.92,83.8341,101,3,0.118164,0,0.0481048
57,435.151,77.5648,101,2,0.0849609,0,0.0479485
58,1003.18,78.7126,101,3,0.0820312,0,0.0486544
59,435.151,81.3049,101,2,0.0966797,0,0.0491451
60,435.151,80.0153,101,2,0.0927734,0,0.0490522
61,435.053,77.8823,101,2,0.0810547,0,0.0487261
62,1001.24,82.9399,101,3,0.0976562,0,0.048912
63,435.151,78.7341,101,2,0.0771484,0,0.0492584
64,435.151,82.4532,101,2,0.0761719,0,0.0514755
65,435.127,80.6837,101,2,0.0712891,0,0.0510782
66,992.422,83.0163,101,3,0.0869141,0,0.0508067
67,435.076,80.8025,101,2,0.0791016,0,0.0504716
68,434.954,82.9259,101,2,0.0966797,0,0.0499645
69,1004.1,82.4501,101,3,0.0908203,0,0.0499746
70,435.149,80.6323,101,2,0.0869141,0,0.0490911
71,1007.46,79.1431,101,3,0.0888672,0,0.0483556
72,1005.85,81.0506,101,3,0.0625,0,0.05045
73,988.72,82.087,101,3,0.0693359,0,0.0515376
74,435.149,86.399,101,2,0.0986328,0,0.0512711
75,435.149,84.6983,101,2,0.0976562,0,0.0510532
76,435.149,79.9453,101,2,0.0615234,0,0.0516221
77,435.149,85.2814,101,2,0.0898438,0,0.052521
78,977.944,82.539,101,3,0.0742188,0,0.0512352
79,435.151,83.6083,101,2,0.0810547,0,0.0518661
80,435.117,84.0431,101,2,0.0810547,0,0.051907
81,435,80.3141,101,2,0.0732422,0,0.0508046
82,435.149,81.0193,101,2,0.0673828,0,0.0514186
83,987.443,83.5463,101,3,0.0576172,0,0.0529478
84,435.076,83.2588,101,2,0.0761719,0,0.0521794
85,994.777,85.2803,101,3,0.0888672,0,0.0517633
86,435.127,85.204,101,2,0.09375,0,0.0520094
87,435.053,81.6964,101,2,0.0771484,0,0.0512868
88,1011.31,87.6707,101,3,0.0673828,0,0.0542601
89,435.076,85.0039,101,2,0.0859375,0,0.0522448
90,1009.59,79.0654,101,3,0.0673828,0,0.0496371
91,435.149,81.8052,101,2,0.0683594,0,0.0521258
92,1004.99,87.1077,101,3,0.0810547,0,0.0534776
93,434.476,84.7204,101,2,0.0605469,0,0.0543444
94,1009.59,84.0959,101,3,0.0888672,0,0.0521734
95,847.024,84.5409,101,3,0.0576172,0,0.0534475
96,970.606,85.9968,101,3,0.0722656,0,0.0541157
97,435.127,85.7901,101,2,0.0683594,0,0.0544498
98,1008.92,85.8886,101,3,0.0722656,0,0.0536383
99,939.138,86.9758,101,3,0.0673828,0,0.054318
100,435.149,88.5524,101,2,0.0771484,0,0.0554625
101,435.151,85.24,101,2,0.078125,0,0.0537685
102,984.827,85.8317,101,3,0.0722656,0,0.0534882
103,435.151,86.6666,101,2,0.0761719,0,0.0548556
104,434.781,84.1551,101,2,0.0654297,0,0.0542458
105,1004.1,89.8252,101,3,0.0927734,0,0.0547633
106,435.149,85.7134,101,2,0.0830078,0,0.0530063
107,435.127,87.5106,101,2,0.0849609,0,0.0539289
108,435.117,85.0193,101,2,0.0810547,0,0.0543595
109,435.151,87.1229,101,2,0.0898438,0,0.0535542
110,435.151,86.0135,101,2,0.0800781,0,0.054148
111,988.72,87.1705,101,3,0.0742188,0,0.0542606
112,435.151,86.8775,101,2,0.0849609,0,0.0534781
113,435.151,87.6795,101,2,0.0820312,0,0.0553091
114,435.149,86.9977,101,2,0.0712891,0,0.0546986
115,435.151,89.5308,101,2,0.0878906,0,0.055086
116,434.781,86.1022,101,2,0.0585938,0,0.0556892
117,433.637,85.3841,101,2,0.0703125,0,0.0543243
118,431.173,85.3573,101,2,0.0634766,0,0.0553642
119,435.151,90.8219,101,2,0.0878906,0,0.0557962
120,435.151,87.7236,101,2,0.0634766,0,0.0556845
121,435.117,87.3309,101,2,0.0751953,0,0.054732
122,1004.99,88.7809,101,3,0.078125,0,0.0546962
123,987.443,87.4411,101,3,0.0566406,0,0.0562541
124,983.489,92.683,101,3,0.0820312,0,0.0562988
125,980.754,89.4873,101,3,0.0673828,0,0.0557435
126,1006.68,87.8724,101,3,0.0595703,0,0.0557855
127,434.781,84.1851,101,2,0.0625,0,0.0538387
128,431.532,89.238,101,2,0.0703125,0,0.0570167
129,994.777,89.155,101,3,0.0644531,0,0.0563314
130,435.127,89.0428,101,2,0.0839844,0,0.0554741
131,999.194,92.779,101,3,0.0888672,0,0.0568004
132,435.117,89.8551,101,2,0.0693359,0,0.0568796
133,979.358,90.3891,101,3,0.0673828,0,0.0560277
134,435.127,88.4485,101,2,0.0703125,0,0.0556875
135,1001.24,89.2703,101,3,0.0683594,0,0.055968
136,435.149,89.0752,101,2,0.0722656,0,0.0562156
137,435,86.9046,101,2,0.0439453,0,0.0568049
138,991.21,90.3888,101,3,0.0693359,0,0.0566121
139,434.294,89.5443,101,2,0.0703125,0,0.0570288
140,435.151,86.6045,101,2,0.0810547,0,0.053615
141,1011.31,92.777,101,3,0.0830078,0,0.0568504
142,435.127,89.3962,101,2,0.0595703,0,0.0568478
143,435.117,90.513,101,2,0.0742188,0,0.0564484
144,994.777,89.1066,101,3,0.0605469,0,0.0566928
145,435,89.9375,101,2,0.0712891,0,0.0567324
146,1002.23,92.5906,101,3,0.0830078,0,0.0565446
147,435.117,90.0448,101,2,0.0878906,0,0.0561555
148,1007.46,93.5461,101,3,0.0722656,0,0.0575039
149,435.151,89.7178,101,2,0.0800781,0,0.0563341
150,993.611,90.9226,101,3,0.0654297,0,0.0569704
151,435.127,91.9059,101,2,0.0722656,0,0.0575851
152,1000.23,92.4204,101,3,0.104492,0,0.0558616
153,962.849,93.6912,101,3,0.0791016,0,0.0572042
154,979.358,93.292,101,3,0.0791016,0,0.0571687
155,1008.21,94.2721,101,3,0.0810547,0,0.0576755
156,435.149,89.9935,101,2,0.0878906,0,0.0550963
157,873.642,90.524,101,3,0.078125,0,0.0564165
158,994.777,90.5916,101,3,0.0712891,0,0.0563975
159,435.151,90.4671,101,2,0.0761719,0,0.056239
160,434.129,90.5914,101,2,0.0800781,0,0.0571214
161,435.127,90.598,101,2,0.0576172,0,0.0579889
162,435.149,93.9207,101,2,0.0869141,0,0.0584465
163,973.593,92.4987,101,3,0.0732422,0,0.0578945
164,435,91.5352,101,2,0.0654297,0,0.0577156
165,435.149,91.6133,101,2,0.0634766,0,0.0573838
166,435.149,91.6944,101,2,0.078125,0,0.0569824
167,435,89.456,101,2,0.0791016,0,0.0558042
168,1008.21,93.0952,101,3,0.0712891,0,0.0579346
169,1005.85,92.8617,101,3,0.0771484,0,0.0572205
170,1003.18,90.3936,101,3,0.0654297,0,0.0570618
171,1396.25,94.4662,101,4,0.0917969,0,0.0575853
172,1634.95,91.6082,101,4,0.0800781,0,0.0570771
173,435.127,92.5113,101,2,0.0839844,0,0.0584892
174,435.053,91.0041,101,2,0.0703125,0,0.0571011
175,976.512,93.1418,101,3,0.0810547,0,0.0573218
176,1012.18,93.466,101,3,0.0722656,0,0.0584096
177,1010.79,92.6373,101,3,0.0673828,0,0.058381
178,980.754,97.344,101,3,0.0966797,0,0.0592882
179,435.149,92.2135,101,2,0.078125,0,0.0571474
180,959.636,90.9829,101,3,0.0849609,0,0.0562431
181,1002.23,94.7719,101,3,0.0859375,0,0.0583974
182,987.443,94.2162,101,3,0.0820312,0,0.0586375
183,821.48,96.1535,101,3,0.09375,0,0.058516
184,434.954,91.453,101,2,0.0615234,0,0.0584407
185,435.151,94.297,101,2,0.0810547,0,0.0592644
186,995.918,93.4218,101,3,0.0742188,0,0.058698
187,435.053,93.2091,101,2,0.0615234,0,0.0592816
188,435.151,93.7099,101,2,0.0820312,0,0.0585351
189,1823.71,96.1289,101,4,0.0791016,0,0.0589608
190,975.061,92.8472,101,3,0.0703125,0,0.0583123
191,969.087,94.5406,101,3,0.0800781,0,0.0580912
192,998.128,94.9439,101,3,0.0927734,0,0.0580635
193,992.422,97.519,101,3,0.109375,0,0.058168
194,987.443,93.6175,101,3,0.078125,0,0.0584904
195,434.639,90.5683,101,2,0.0791016,0,0.0574803
196,1008.21,96.7063,101,3,0.0927734,0,0.0580881
197,435.149,93.0403,101,2,0.0839844,0,0.0574658
198,435.127,95.237,101,2,0.0820312,0,0.0587995
199,983.489,97.2864,101,3,0.0791016,0,0.0592683
200,435.151,93.9707,101,2,0.0839844,0,0.0583164
201,1002.23,95.9269,101,3,0.0878906,0,0.0581794
202,1008.21,94.8517,101,3,0.0820312,0,0.0575224
203,991.21,97.6884,101,3,0.100586,0,0.0580987
204,435.149,94.9934,101,2,0.0869141,0,0.0577797
205,435.127,93.3007,101,2,0.0908203,0,0.0577856
206,1007.46,92.8154,101,3,0.0888672,0,0.0572257
207,435.076,90.7489,101,2,0.0722656,0,0.0573285
208,946.193,94.8538,101,3,0.0810547,0,0.0589864
209,435.149,95.6359,101,2,0.0878906,0,0.0600572
210,435.076,92.3061,101,2,0.0800781,0,0.0598534
211,435.127,92.6973,101,2,0.0722656,0,0.0619032
212,900.883,94.4956,101,3,0.078125,0,0.0617783
213,435.151,95.5549,101,2,0.078125,0,0.059806
214,435.151,95.6207,101,2,0.0800781,0,0.059966
215,435.117,93.7266,101,2,0.0859375,0,0.0588837
216,434.954,93.9036,101,2,0.0800781,0,0.0602126
217,970.606,95.3533,101,3,0.0751953,0,0.0602901
218,1010.79,97.1225,101,3,0.103516,0,0.0592298
219,434.954,93.4986,101,2,0.0859375,0,0.0606595
220,1006.68,93.9041,101,3,0.0878906,0,0.0594103
221,1011.78,95.399,101,3,0.0888672,0,0.0591283
222,435.151,95.4561,101,2,0.0908203,0,0.0609758
223,3809.33,101.504,101,6,0.107422,0,0.0603812
224,1008.92,94.8049,101,3,0.0839844,0,0.0585679
225,4028.62,102.747,101,6,0.121094,0,0.0595705
226,1008.21,98.5768,101,3,0.116211,0,0.0606863
227,435.149,94.8179,101,2,0.0947266,0,0.059776
228,435.151,94.7329,101,2,0.100586,0,0.0608948
229,991.21,98.0714,101,3,0.135742,0,0.0576872
230,992.422,96.4118,101,3,0.12207,0,0.058669
231,435.117,95.5367,101,2,0.111328,0,0.058699
232,435.127,95.4033,101,2,0.111328,0,0.0590806
233,1786.17,93.6822,101,4,0.104492,0,0.0573637
234,1783.71,98.5541,101,4,0.121094,0,0.0588323
235,1765.81,101.693,101,4,0.141602,0,0.0581894
236,994.777,98.0643,101,3,0.129883,0,0.0594211
237,1008.21,101.473,101,3,0.145508,0,0.060131
238,435.151,95.0787,101,2,0.134766,0,0.0584101
239,999.194,95.6624,101,3,0.118164,0,0.0575971
240,435.117,96.7806,101,2,0.120117,0,0.059233
241,1001.24,100.327,101,3,0.152344,0,0.0570379
242,1010.21,98.2509,101,3,0.147461,0,0.0565658
243,1690.48,101.395,101,4,0.139648,0,0.0574088
244,2672.92,102.28,101,5,0.166992,0,0.0588563
245,1752.35,100.609,101,4,0.160156,0,0.0576437
246,993.611,98.6642,101,3,0.147461,0,0.0577823
247,1006.68,98.6646,101,3,0.165039,0,0.0578369
248,1815.68,102.767,101,4,0.165039,0,0.0587557
249,1010.79,101.647,101,3,0.166016,0,0.0579589
250,1783.71,100.276,101,4,0.161133,0,0.0572611
251,1823.71,107.502,101,4,0.195312,0,0.055844
252,1007.46,106.15,101,3,0.18457,0,0.0571127
253,1791.02,107.834,101,4,0.181641,0,0.0590832
254,1829.35,108.36,101,4,0.222656,0,0.0595194
255,1723.91,105.153,101,4,0.19043,0,0.0597704
256,1729.75,107.234,101,4,0.206055,0,0.057362
257,2736.29,110.863,101,5,0.231445,0,0.0570984
258,4215.78,114.627,101,6,0.228516,0,0.0563829
259,2379.26,123.501,101,5,0.292969,0,0.0548723
260,2887.84,115.501,101,5,0.270508,0,0.0555152
261,1786.17,110.997,101,4,0.260742,0,0.0549433
262,1832.91,120.974,101,4,0.326172,0,0.0531422
263,4270.03,119.546,101,6,0.301758,0,0.0525969
264,2749.33,133.498,101,5,0.354492,0,0.0533518
265,9148.78,134.895,101,9,0.334961,0,0.0519513
266,9060.14,140.482,101,9,0.37207,0,0.0502064
267,5653.06,156.341,101,7,0.430664,0,0.0500787
268,5873.39,162.586,101,7,0.487305,0,0.0479912
269,2826.95,159.145,101,5,0.53418,0,0.047191
270,4206.17,156.28,101,6,0.514648,0,0.0438599
271,5623.83,179.336,101,7,0.588867,0,0.042565
272,12043,190.787,101,10,0.619141,0,0.0424896
273,9285.43,230.888,101,9,0.6875,0,0.044008
274,7410.92,239.917,101,8,0.78125,0,0.0425194
275,19410.1,343.862,101,12,0.948242,0,0.042278
276,16911.1,340.445,106.93,12,1.00195,1,0.0426711
277,37681,433.288,109.829,14,1.13867,1,0.0406641
278,27627.6,553.695,113.419,13,1.35547,1,0.0426578
279,164269,942.587,113.897,17,1.41113,1,0.0435822
280,4.2495e+06,6298.96,115.729,22,1.58887,1,0.0459968
281,8.4414e+06,18659.4,137.553,23,2.41797,1,0.0561679
282,1.08808e+06,4247.45,415.735,20,2.83398,2,0.0621545
283,8.44869e+06,16710.2,428.288,23,2.9834,2,0.0624865
284,4.2482e+06,16876.2,654.347,22,3.57031,3,0.0704619
285,3.36224e+07,80304.1,433.114,25,3.56543,2,0.0697857
286,1.68427e+07,67921.9,814.334,24,3.83398,3,0.0728184
287,1.34292e+08,191798,920.602,27,3.95215,3,0.0738747
288,6.71813e+07,121576,930.025,26,4.18945,3,0.0747343
289,5.36965e+08,707049,826.202,29,3.84961,3,0.0770384
290,3.36246e+07,98884.5,956.362,25,4.2334,3,0.0778057
291,1.34292e+08,184349,956.362,27,4.09473,3,0.0748529
292,1.34302e+08,186987,933.708,27,4.06152,3,0.0807928
293,6.71837e+07,198405,930.025,26,4.18066,3,0.0838915
294,1.34298e+08,168259,772.467,27,3.9873,3,0.0826833
295,6.71803e+07,191354,799.819,26,3.85352,3,0.0821163
296,1.68313e+07,46994.8,757.158,24,3.75879,3,0.080382
297,6.71761e+07,149035,789.982,26,3.85547,3,0.0803965
298,2.68518e+08,339592,892.687,28,4.16602,3,0.0807799
299,6.71786e+07,192241,804.69,26,3.96289,3,0.0806221
300,5.36957e+08,681472,789.982,29,3.94629,3,0.0826826
301,5.36963e+08,1.39341e+06,922.511,29,4.43457,3,0.0878014
302,1.34295e+08,689838,935.531,27,4.50879,3,0.089521
303,5.36961e+08,1.48055e+06,944.449,29,4.52441,3,0.0900989
304,2.68526e+08,1.05279e+06,953.029,28,4.70996,3,0.0913435
305,2.14758e+09,4.50326e+06,937.341,31,4.90039,3,0.0936733
306,5.36955e+08,1.36633e+06,807.113,29,4.59766,3,0.0937124
307,8.59004e+09,9.8536e+06,926.292,33,5.05469,3,0.0995417
308,1.07383e+09,3.37981e+06,757.158,30,4.38184,3,0.0944008
309,2.14759e+09,5.19398e+06,754.581,31,4.46777,3,0.0945225
310,2.14759e+09,5.66195e+06,434.781,31,4.55273,2,0.0936417
311,1.07383e+09,2.89302e+06,928.165,30,4.8584,3,0.0945681
312,2.14759e+09,3.7621e+06,764.846,31,4.67773,3,0.0957253
313,2.68516e+08,1.27161e+06,809.528,28,4.76172,3,0.0947048
314,2.14759e+09,5.8438e+06,819.107,31,4.7832,3,0.093991
315,2.14758e+09,3.57459e+06,914.806,31,4.61621,3,0.0928379
316,4.29507e+09,8.90015e+06,767.394,32,4.46973,3,0.0906103
317,1.07383e+09,4.34975e+06,826.202,30,4.97266,3,0.0950044
318,5.36968e+08,3.69154e+06,819.107,29,4.80762,3,0.0920297
319,2.14758e+09,3.97671e+06,959.636,31,5.18945,3,0.0953964
320,4.29508e+09,1.01197e+07,972.108,32,5.69336,3,0.101095
321,1.07384e+09,5.06602e+06,961.25,30,5.49316,3,0.0998762
322,2.14758e+09,7.59198e+06,982.131,31,5.6377,3,0.100021
323,2.14757e+09,6.59527e+06,910.884,31,5.0791,3,0.0951729
324,2.14758e+09,5.38279e+06,1337.36,31,6.06641,4,0.105811
325,1.07382e+09,5.02154e+06,980.754,30,5.69434,3,0.101775
326,4.29507e+09,1.6163e+07,988.72,32,6.25684,3,0.11054
327,8.59003e+09,1.41083e+07,928.165,33,5.45605,3,0.099168
328,8.59006e+09,2.30894e+07,967.552,33,6.04883,3,0.102636
329,1.718e+10,2.32036e+07,1358.61,34,6.05664,4,0.10446
330,4.29508e+09,1.87831e+07,1412.72,32,6.49121,4,0.106949
331,4.29508e+09,2.00185e+07,1307.21,32,5.72559,4,0.100452
332,2.14758e+09,9.57692e+06,1379.62,31,6.04395,4,0.101565
333,8.59004e+09,2.0963e+07,1575.26,33,6.46582,4,0.107657
334,4.29508e+09,1.51046e+07,1375.43,32,6.51953,4,0.109735
335,1.718e+10,3.27296e+07,1387.95,34,6.14453,4,0.103762
336,2.14759e+09,1.39619e+07,1699.8,31,6.82617,4,0.115316
337,4.29508e+09,1.28423e+07,1717.99,32,6.82227,4,0.112836
338,4.29508e+09,2.59904e+07,1814.77,32,7.31348,5,0.116863
339,2.14759e+09,2.25792e+07,2682.21,31,7.84082,5,0.12147
340,3.43599e+10,6.74588e+07,2620.44,35,7.80859,5,0.122582
341,4.29508e+09,3.12499e+07,2590.9,32,7.78027,5,0.121746
342,1.718e+10,6.01496e+07,2328.47,34,7.66699,5,0.119684
343,1.718e+10,5.84884e+07,2009.15,34,7.25977,5,0.114248
344,1.718e+10,8.08722e+07,1800.39,34,7.98535,4,0.123131
345,4.29508e+09,3.72537e+07,2736.29,32,8.23535,5,0.12514
346,3.43599e+10,1.15142e+08,2714.12,35,8.20898,5,0.128326
347,1.718e+10,7.13836e+07,2199.94,34,7.65527,5,0.12694
348,1.718e+10,1.05533e+08,2736.29,34,8.69824,5,0.137549
349,6.87196e+10,1.76939e+08,2181.95,36,7.79199,5,0.129665
350,1.718e+10,7.91682e+07,2649.34,34,7.84375,5,0.129571
351,6.87196e+10,1.31287e+08,2778.96,36,8.33496,5,0.130722
352,2.74878e+11,3.58256e+08,2663.54,38,8.24219,5,0.130802
353,2.74878e+11,4.13635e+08,2466.8,38,7.63379,5,0.126364
354,1.37439e+11,2.94211e+08,2668.24,37,8.00586,5,0.130854
355,2.74878e+11,4.77859e+08,2714.12,38,8.27148,5,0.135295
356,1.09951e+12,1.45526e+09,2311.3,40,7.64551,5,0.132676
357,1.37439e+11,3.81378e+08,2644.57,37,8.2666,5,0.140182
358,1.37439e+11,3.65497e+08,2778.96,37,8.61719,5,0.141111
359,1.37439e+11,2.85593e+08,2700.57,37,8.30176,5,0.136179
360,6.87196e+10,2.98068e+08,2799.41,36,8.56543,5,0.133789
361,1.37439e+11,3.51411e+08,3027.43,37,8.71387,6,0.13588
362,1.09951e+12,1.69709e+09,3874.74,40,9.49512,6,0.143455
363,1.75922e+13,1.7602e+10,4420.2,44,10.3594,7,0.148337
364,1.37439e+11,9.85217e+08,4851.52,37,10.2803,7,0.153165
365,5.49756e+11,1.88083e+09,3893.96,39,9.74023,6,0.149533
366,6.87196e+10,4.61075e+08,3912.98,36,9.54199,6,0.143204
367,2.74878e+11,1.01501e+09,4860.94,38,10.0449,7,0.154096
368,2.19902e+12,2.83763e+09,4688.68,41,10.0645,7,0.151389
369,2.19902e+12,3.02427e+09,3962.71,41,9.58008,6,0.15033
370,2.19902e+12,3.29128e+09,5494.43,41,10.5713,7,0.167427
371,2.74878e+11,2.35652e+09,5081.49,38,10.7373,7,0.160858
372,3.43599e+10,4.95888e+08,4794.62,35,10.0156,7,0.15471
373,8.79609e+12,9.48494e+09,4369.23,43,9.60352,7,0.150185
374,5.49756e+11,2.62596e+09,4775.51,39,10.6113,7,0.161685
375,5.49756e+11,2.01386e+09,4889.09,39,10.5039,7,0.158165
376,1.09951e+12,2.5183e+09,4124.23,40,10.292,6,0.158424
377,5.49756e+11,2.14764e+09,3993.04,39,10.4268,6,0.162736
378,1.09951e+12,2.14768e+09,3644.42,40,9.77246,6,0.157031
379,5.49756e+11,2.79918e+09,3543.49,39,10.5205,6,0.163447
380,8.79609e+12,1.22533e+10,4016.86,43,10.3857,6,0.163387
381,1.09951e+12,2.98227e+09,3693.62,40,10.2656,6,0.157432
382,2.74878e+11,1.48014e+09,2691.43,38,9.22266,5,0.143271
383,2.74878e+11,1.88455e+09,3938.03,38,10.4443,6,0.15816
384,4.39805e+12,5.98243e+09,3748.75,42,10.0557,6,0.157382
385,1.09951e+12,2.6448e+09,4046.07,40,10.2979,6,0.158627
386,2.74878e+11,1.56468e+09,3431.79,38,9.54492,6,0.147581
387,2.74878e+11,1.42204e+09,4182.66,38,9.90625,7,0.152108
388,2.19902e+12,5.02846e+09,3919.27,41,10.4717,6,0.16091
389,5.49756e+11,1.56359e+09,3446.89,39,9.61621,6,0.152272
390,1.09951e+12,4.73035e+09,4358.99,40,10.3936,7,0.161231
391,1.09951e+12,2.90034e+09,3085.02,40,9.51562,6,0.152213
392,6.87196e+10,8.47745e+08,3769.12,36,9.42871,6,0.152679
393,4.39805e+12,6.38828e+09,3644.42,42,9.32129,6,0.147348
394,2.74878e+11,1.78265e+09,4389.66,38,10.3652,7,0.159192
395,1.09951e+12,3.59694e+09,3893.96,40,10.5205,6,0.160411
396,4.39805e+12,9.31868e+09,3968.82,42,10.791,6,0.165476
397,1.09951e+12,3.57548e+09,3431.79,40,10.5498,6,0.159181
398,8.79609e+12,1.37916e+10,5541.02,43,11.6162,7,0.17225
399,4.39805e+12,1.29533e+10,8009.27,42,12.9053,9,0.187755
400,2.19902e+12,8.24311e+09,7521.98,41,12.873,8,0.18756
401,2.19902e+12,5.67296e+09,9072.88,41,12.9639,9,0.187822
402,2.19902e+12,6.41633e+09,9525.12,41,13.4619,9,0.19102
403,5.49756e+11,4.35528e+09,8931.34,39,12.7725,9,0.182275
404,1.09951e+12,5.45555e+09,7429.74,40,12.2705,8,0.174773
405,5.49756e+11,2.91108e+09,9136.19,39,12.79,9,0.180742
406,5.49756e+11,3.2032e+09,8224.01,39,12.4873,9,0.17749
407,2.19902e+12,8.73006e+09,7448.45,41,12.5898,8,0.177468
408,1.09951e+12,4.43371e+09,7382.45,40,12.9619,8,0.186823
409,2.19902e+12,1.02023e+10,9536.79,41,13.4502,9,0.191803
410,5.49756e+11,6.59897e+09,8679.94,39,13.1025,9,0.186445
411,4.39805e+12,1.34576e+10,7285.66,42,12.7041,8,0.184054
412,4.39805e+12,1.48593e+10,7994.8,42,13.0264,9,0.18963
413,4.39805e+12,1.22484e+10,11313.2,42,13.8359,10,0.198477
414,1.09951e+12,8.64943e+09,9223.72,40,13.2822,9,0.195839
415,1.09951e+12,8.74629e+09,8826.53,40,13.2031,9,0.192993
416,4.39805e+12,1.54499e+10,9685.61,42,13.084,9,0.191906
417,1.09951e+12,7.96748e+09,7042.23,40,12.2529,8,0.180351
418,1.09951e+12,6.5605e+09,5660.3,40,12.1875,7,0.178992
419,8.79609e+12,2.4659e+10,6244.5,43,11.6221,8,0.169014
420,2.19902e+12,9.48178e+09,4860.94,41,11.0723,7,0.166294
421,4.39805e+12,1.26747e+10,7671.02,42,12.3086,8,0.175781
422,1.09951e+12,5.29745e+09,5571.53,40,10.8711,7,0.160157
423,4.39805e+12,8.96233e+09,5771.56,42,11.2715,7,0.166757
424,3.51844e+13,8.02292e+10,5563.94,45,11.2178,7,0.165441
425,1.75922e+13,3.24731e+10,6075.42,44,11.5137,8,0.166884
426,8.79609e+12,1.78268e+10,4145.5,43,10.8975,6,0.156905
427,8.79609e+12,1.57784e+10,5406.59,43,11.3262,7,0.165855
428,1.75922e+13,3.1864e+10,4091.41,44,11.2363,6,0.166821
429,1.40737e+14,1.47056e+11,3782.6,47,10.667,6,0.161311
430,5.6295e+14,5.80427e+11,4063.27,49,10.8467,6,0.158064
431,1.40737e+14,1.55468e+11,3775.87,47,9.6543,6,0.140384
432,3.51844e+13,5.36641e+10,3401.42,45,9.80957,6,0.14293
433,2.19902e+12,1.11772e+10,3887.57,41,10.3545,6,0.146272
434,5.49756e+11,3.59608e+09,3393.79,39,8.86621,6,0.129706
435,1.75922e+13,2.95528e+10,2700.57,44,8.93457,5,0.131699
436,2.19902e+12,7.08381e+09,2649.34,41,8.83887,5,0.134985
437,8.79609e+12,1.67514e+10,2634.97,43,9.48535,5,0.142475
438,4.39805e+12,9.41646e+09,3919.27,42,9.9668,6,0.150198
439,1.75922e+13,2.4849e+10,3679.65,44,10.1387,6,0.152571
440,3.51844e+13,7.64402e+10,4068.96,45,10.4785,6,0.155093
441,8.79609e+12,2.64202e+10,3999.03,43,10.8398,6,0.161581
442,8.79609e+12,2.32976e+10,4134.93,43,11,6,0.167147
443,1.40737e+14,1.61008e+11,3775.87,47,10.0059,6,0.152629
444,2.81475e+14,3.18038e+11,2774.8,48,9.68262,5,0.148425
445,3.51844e+13,6.98463e+10,2630.15,45,9.30469,5,0.14249
446,2.19902e+12,1.32541e+10,2620.44,41,9.4209,5,0.141729
447,1.75922e+13,2.62285e+10,1765.81,44,8.84766,4,0.137275
448,7.03687e+13,1.00384e+11,1744.03,46,8.52344,4,0.132371
449,8.79609e+12,2.28004e+10,1783.71,43,8.46484,4,0.131428
450,4.39805e+12,8.92382e+09,1776.18,42,8.23145,4,0.127551
451,1.75922e+13,4.62476e+10,1549.59,44,7.78125,4,0.125868
452,1.75922e+13,3.57076e+10,1658.35,44,7.78516,4,0.123874
453,3.51844e+13,5.1173e+10,2550.56,45,9.28418,5,0.143479
454,7.03687e+13,1.07988e+11,2714.12,46,9.51855,5,0.145968
455,1.75922e+13,6.00525e+10,4590.6,44,11.1387,7,0.170807
456,7.03687e+13,2.28666e+11,7540.04,46,13.0664,8,0.19033
457,7.03687e+13,1.37469e+11,5579.09,46,12.127,7,0.17836
458,3.51844e+13,9.18765e+10,9011.4,45,12.9805,10,0.185198
459,3.51844e+13,8.10429e+10,10320.2,45,13.6865,10,0.198191
460,7.03687e+13,2.03771e+11,7315,46,12.8164,8,0.182297
461,1.75922e+13,2.73664e+10,6244.5,44,12.1943,8,0.177248
462,8.79609e+12,1.89369e+10,10488.7,43,13.7402,10,0.19913
463,8.79609e+12,3.58508e+10,12279.6,43,14.415,10,0.205556
464,8.79609e+12,1.88776e+10,5861.24,43,12.3301,7,0.18374
465,8.79609e+12,2.57784e+10,7593.39,43,12.8955,8,0.189344
466,3.51844e+13,8.52323e+10,10371,45,13.541,10,0.198562
467,1.75922e+13,4.08921e+10,9903.25,44,13.5732,9,0.198073
468,1.40737e+14,1.68924e+11,8110.04,47,13.1621,9,0.195048
469,2.2518e+15,2.24276e+12,5170.06,51,11.2734,7,0.176484
470,3.51844e+13,4.92095e+10,7165.83,45,12.0898,8,0.178902
471,2.81475e+14,2.9125e+11,5072.52,48,10.8477,7,0.163091
472,2.81475e+14,3.67632e+11,7439.11,48,12.96,8,0.193272
473,1.40737e+14,2.12663e+11,7185.7,47,11.9814,9,0.184461
474,1.40737e+14,2.16173e+11,6548.77,47,12.2285,8,0.18418
475,5.6295e+14,5.92145e+11,7476.26,49,12.8203,8,0.192877
476,1.75922e+13,8.30476e+10,7073.47,44,12.54,8,0.188545
477,7.03687e+13,1.10314e+11,7557.96,46,12.4365,8,0.185467
478,2.81475e+14,6.07619e+11,5365.67,48,11.3281,7,0.173844
479,7.03687e+13,1.59215e+11,5357.41,46,11.4395,7,0.176035
480,1.40737e+14,2.3111e+11,6468.14,47,11.7754,8,0.178136
481,3.51844e+13,6.45334e+10,4266.16,45,10.2793,7,0.159466
482,1.75922e+13,3.61404e+10,5315.79,44,11.0557,7,0.165474
483,1.75922e+13,4.73977e+10,4151.11,44,10.7842,7,0.165698
484,3.51844e+13,9.20622e+10,3993.04,45,10.6084,6,0.160191
485,1.75922e+13,4.29738e+10,4040.28,44,10.7451,6,0.161085
486,4.39805e+12,1.93234e+10,3700.57,42,10.3477,6,0.155388
487,1.75922e+13,2.81933e+10,2868.01,44,9.91406,6,0.152974
488,3.51844e+13,4.33438e+10,2682.21,45,9.41504,5,0.146097
489,4.39805e+12,1.89671e+10,3931.8,42,10.4795,6,0.15982
490,3.51844e+13,9.98984e+10,3987.02,45,10.2852,6,0.158707
491,3.51844e+13,4.29931e+10,3644.42,45,9.82812,6,0.15111
492,3.51844e+13,1.44648e+11,2811.38,45,9.2002,5,0.143708
493,7.03687e+13,2.10797e+11,2918.83,46,9.66895,5,0.152328
494,7.03687e+13,1.01553e+11,2830.78,46,9.36621,5,0.146128
495,1.40737e+14,1.68311e+11,4698.39,47,9.8457,7,0.156169
496,7.03687e+13,1.50761e+11,4124.23,46,10.251,6,0.162515
497,8.79609e+12,4.01468e+10,5187.53,43,11.041,7,0.167711
498,4.39805e+12,2.23187e+10,4022.75,42,10.0088,6,0.154403
499,3.51844e+13,4.7275e+10,4785.07,45,10.3291,7,0.157291
500,4.39805e+12,1.3595e+10,4369.23,42,9.5918,7,0.14462
501,1.75922e+13,5.05029e+10,5357.41,44,10.3682,7,0.158089
502,7.03687e+13,1.24e+11,5446.9,46,10.7598,7,0.163124
503,3.51844e+13,8.6273e+10,3796.01,45,9.80664,6,0.158214
504,8.79609e+12,2.8356e+10,3685.41,43,9.52637,7,0.153246
505,8.79609e+12,2.67135e+10,3651.5,43,9.37207,6,0.150762
506,4.39805e+12,8.28213e+09,3206.27,42,8.95801,6,0.14671
507,1.75922e+13,2.96491e+10,2745.01,44,8.16602,5,0.141025
508,2.19902e+12,5.08862e+09,2651.7,41,7.66211,6,0.135819
509,8.79609e+12,1.32548e+10,2649.34,43,8.0459,5,0.14019
510,3.51844e+13,5.34055e+10,2575.89,45,7.87109,5,0.144586
511,2.19902e+12,1.19003e+10,2774.8,41,9.16797,5,0.147601
512,1.75922e+13,3.0396e+10,2856.74,44,8.90137,5,0.143348
513,8.79609e+12,1.79218e+10,4224.53,43,9.80664,7,0.151872
514,5.6295e+14,5.86891e+11,3285.4,49,8.69043,6,0.136359
515,1.40737e+14,2.14592e+11,4129.59,47,9.92188,6,0.148223
516,2.81475e+14,3.18434e+11,4057.57,48,10.3418,6,0.156342
517,5.49756e+11,4.30987e+09,3339.95,39,9.0752,6,0.142582
518,1.40737e+14,1.61672e+11,3809.33,47,9.2373,6,0.147039
519,1.75922e+13,2.55853e+10,2649.34,44,8.80273,5,0.13659
520,7.03687e+13,1.00741e+11,3198.28,46,8.7627,6,0.139962
521,1.75922e+13,3.41109e+10,3999.03,44,9.73242,6,0.147649
522,4.39805e+12,1.30415e+10,3454.42,42,9.25879,6,0.142467
523,4.39805e+12,1.18404e+10,3842.3,42,9.36328,6,0.144537
524,4.39805e+12,7.03463e+09,3085.02,42,9.09473,6,0.140313
525,1.40737e+14,1.47889e+11,3686.64,47,9.32812,6,0.145716
526,4.39805e+12,1.198e+10,4276.54,42,9.76953,7,0.151919
527,2.19902e+12,1.43264e+10,4118.83,41,10.0693,6,0.161056
528,1.09951e+12,7.0853e+09,4698.39,40,9.88379,7,0.156587
529,2.81475e+14,3.28805e+11,3855.34,48,10.0547,6,0.158686
530,1.75922e+13,3.21834e+10,2691.43,44,9.12012,5,0.146303
531,1.75922e+13,5.30517e+10,3802.68,44,10.0039,6,0.15961
532,7.03687e+13,9.32488e+10,4063.27,46,9.80859,6,0.15601
533,1.75922e+13,2.67733e+10,2700.57,44,8.55957,5,0.145201
534,3.51844e+13,7.3824e+10,3401.42,45,9.17578,6,0.150757
535,1.09951e+12,7.20382e+09,3782.6,40,9.1875,6,0.150205
536,4.39805e+12,1.02353e+10,2749.33,42,8.39551,5,0.143852
537,7.03687e+13,8.26259e+10,2977.57,46,8.75684,6,0.147062
538,8.79609e+12,1.56545e+10,2157.81,43,8.00195,5,0.137261
539,1.40737e+14,1.45559e+11,2529.99,47,8.22656,5,0.134873
540,1.75922e+13,2.94115e+10,3332.2,44,9.68164,6,0.154576
541,8.79609e+12,2.13764e+10,3528.8,43,9.68848,6,0.149772
542,4.39805e+12,1.7399e+10,5352.87,42,10.9629,8,0.168023
543,5.49756e+11,4.65766e+09,3835.74,39,10.0156,6,0.160455
544,3.51844e+13,8.66411e+10,4540.96,45,10.6992,7,0.164482
545,4.39805e+12,2.34273e+10,4510.98,42,10.6924,7,0.169421
546,3.51844e+13,5.09568e+10,4530.98,45,10.3975,7,0.162887
547,1.09951e+12,4.70697e+09,3974.91,40,9.75781,6,0.157883
548,2.19902e+12,9.20678e+09,4010.94,41,9.4707,6,0.150675
549,4.39805e+12,2.1758e+10,4077,42,9.95215,7,0.159025
550,8.79609e+12,1.89599e+10,4669.19,43,10.082,7,0.154668
551,1.75922e+13,2.48816e+10,3615.92,44,8.98535,6,0.146461
552,3.51844e+13,7.04526e+10,3521.43,45,9.79199,6,0.15133
553,8.79609e+12,2.35739e+10,3409.04,43,9.47656,6,0.140911
554,1.75922e+13,3.79886e+10,4046.07,44,10.4092,6,0.151698
555,8.79609e+12,1.56225e+10,3728.22,43,9.6084,6,0.140449
556,8.79609e+12,3.98463e+10,3528.8,43,9.80371,6,0.145391
557,8.79609e+12,2.2948e+10,3409.04,43,9.74023,6,0.146212
558,4.39805e+12,1.6295e+10,3861.83,42,9.87012,6,0.148423
559,4.39805e+12,1.42325e+10,3822.58,42,9.61523,6,0.14593
560,5.6295e+14,6.28695e+11,3822.58,49,9.78418,6,0.147893
561,1.75922e+13,2.18954e+10,2714.12,44,8.8877,5,0.134423
562,1.75922e+13,3.44887e+10,3775.87,44,9.62402,6,0.141883
563,1.75922e+13,2.62183e+10,4016.86,44,9.52441,6,0.138792
564,2.19902e+12,7.43863e+09,5525.6,41,10.4424,7,0.149801
565,1.75922e+13,4.6804e+10,4832.62,44,10.751,7,0.158568
566,3.51844e+13,8.30788e+10,4842.08,45,10.3848,7,0.150773
567,8.79609e+12,1.65115e+10,5810.94,43,10.9229,7,0.159522
568,8.79609e+12,2.2819e+10,5298.97,43,10.8584,7,0.162814
569,4.39805e+12,1.31699e+10,3980.98,42,9.63184,6,0.145111
570,1.75922e+13,3.45179e+10,4804.14,44,10.666,7,0.159789
571,1.09951e+12,8.39436e+09,5438.88,40,11.0068,7,0.161485
572,1.75922e+13,2.70909e+10,4775.51,44,10.6992,7,0.154283
573,7.03687e+13,9.06109e+10,4410.03,46,10.1436,7,0.15235
574,4.39805e+12,6.578e+09,5072.52,42,10.0986,7,0.148707
575,4.39805e+12,9.32037e+09,5108.27,42,9.80957,7,0.146661
576,1.40737e+14,1.62602e+11,5406.59,47,10.4111,7,0.151237
577,4.39805e+12,9.85138e+09,5688.91,42,10.709,7,0.151484
578,2.19902e+12,9.99105e+09,6232.54,41,11.0127,8,0.158199
579,1.75922e+13,2.30735e+10,5143.71,44,10.2842,7,0.149107
580,2.19902e+12,8.18396e+09,5541.02,41,10.7305,7,0.155178
581,4.39805e+12,1.28905e+10,5852.99,42,10.542,8,0.149364
582,1.09951e+12,7.73702e+09,5365.67,40,10.4795,7,0.152021
583,7.03687e+13,1.01733e+11,5638.51,46,10.7256,7,0.153234
584,3.51844e+13,5.38236e+10,5462.84,45,10.7109,7,0.156346
585,1.40737e+14,2.98631e+11,6850.26,47,11.042,8,0.157861
586,2.81475e+14,3.24427e+11,7155.67,48,11.3906,8,0.163522
587,7.03687e+13,8.84618e+10,7847.05,46,11.9893,8,0.177181
588,8.79609e+12,1.74732e+10,6893.58,43,11.166,8,0.164543
589,8.79609e+12,3.08909e+10,6729.32,43,11.1553,8,0.161278
590,1.40737e+14,2.07367e+11,7494.65,47,11.3203,8,0.164423
591,1.75922e+13,4.46568e+10,7155.67,44,11.8711,8,0.172247
592,7.03687e+13,7.87419e+10,6673.47,46,11.2803,8,0.164284
593,8.79609e+12,2.89536e+10,5804.47,43,11.2178,7,0.165481
594,8.79609e+12,2.96043e+10,6386.55,43,11.0908,8,0.165255
595,8.79609e+12,2.36221e+10,6351.29,43,11.3184,8,0.169215
596,3.51844e+13,5.46675e+10,7295.47,45,12.2285,8,0.179854
597,1.75922e+13,4.58511e+10,7816.63,44,12.8008,8,0.182995
598,1.75922e+13,4.25763e+10,7400.46,44,12.3477,9,0.180696
599,1.40737e+14,2.47615e+11,8461.81,47,12.8477,9,0.184873
600,1.40737e+14,1.63959e+11,6160.4,47,11.9639,8,0.178946
601,7.03687e+13,1.71934e+11,12123.5,46,13.5703,11,0.19107
602,2.81475e+14,3.47821e+11,10218.1,48,13.6523,10,0.194264
603,3.51844e+13,1.54929e+11,11841.4,45,14.0332,10,0.198849
604,1.75922e+13,6.40043e+10,10269.2,44,13.6436,10,0.19234
605,1.75922e+13,6.86266e+10,11187.9,44,13.2246,10,0.194183
606,7.03687e+13,1.29239e+11,8308.63,46,12.9951,9,0.191219
607,1.40737e+14,2.17931e+11,7429.74,47,12.3408,8,0.182597
608,3.51844e+13,7.20295e+10,9103.05,45,12.8564,10,0.188022
609,1.40737e+14,3.0968e+11,11604.1,47,13.3027,10,0.196483
610,1.75922e+13,7.10191e+10,11575.7,44,13.0205,11,0.189196
611,1.75922e+13,7.63602e+10,8733.57,44,12.0811,9,0.180158
612,1.75922e+13,5.94455e+10,12169.4,44,13.1426,10,0.195344
613,7.03687e+13,1.35799e+11,8996.05,46,12.8408,9,0.187071
614,1.75922e+13,7.94044e+10,11093,44,12.9482,10,0.18746
615,1.40737e+14,1.78516e+11,9309.92,47,12.7734,9,0.190125
616,3.51844e+13,4.80063e+10,12617.4,45,12.833,11,0.18946
617,7.03687e+13,1.05145e+11,14859.4,46,13.2725,11,0.193255
618,3.51844e+13,7.50436e+10,12698.6,45,12.5781,11,0.185063
619,7.03687e+13,1.08424e+11,15118.7,46,12.6318,11,0.184435
620,2.2518e+15,2.2863e+12,13355.5,51,13.5723,11,0.196591
621,1.75922e+13,8.19082e+10,18860,44,14.9814,12,0.214837
622,2.81475e+14,6.32937e+11,11664.1,48,13.5098,10,0.200261
623,7.03687e+13,2.00429e+11,11077.1,46,13.7109,10,0.199095
624,3.51844e+13,1.27174e+11,9785.33,45,13.4961,9,0.200802
625,1.75922e+13,5.1981e+10,8038.16,44,12.627,9,0.186694
626,1.75922e+13,3.47896e+10,7457.75,44,12.5254,8,0.182581
627,3.51844e+13,8.35665e+10,8294.58,45,12.2959,9,0.180511
628,3.51844e+13,1.19032e+11,5663.49,45,11.9102,8,0.176111
629,8.79609e+12,7.15809e+10,5315.79,43,11.7354,7,0.175853
630,1.40737e+14,2.7205e+11,6374.81,47,11.5332,8,0.16923
631,2.81475e+14,3.90596e+11,5579.09,48,11.5215,7,0.168829
632,1.40737e+14,2.0174e+11,4804.14,47,11.0508,7,0.161457
633,1.75922e+13,8.08795e+10,3980.98,44,10.5322,6,0.154695
634,1.40737e+14,2.32974e+11,3906.66,47,10.7979,6,0.156741
635,3.51844e+13,7.18432e+10,5009.19,45,11.0049,7,0.157201
636,1.75922e+13,6.31669e+10,4898.1,44,11.1758,8,0.16078
637,7.03687e+13,1.53925e+11,5430.85,46,11.8008,7,0.165818
638,3.51844e+13,8.1942e+10,5398.45,45,11.7441,7,0.171002
639,2.81475e+14,3.7077e+11,7315,48,12.8711,8,0.189621
640,5.6295e+14,7.92365e+11,15387.8,49,14.8896,11,0.210874
641,4.5036e+15,4.64338e+12,9357.29,52,13.4893,10,0.197471
642,1.75922e+13,6.97825e+10,7382.45,44,12.9219,8,0.189663
643,1.75922e+13,9.93425e+10,7010.77,44,12.5635,8,0.181835
644,4.5036e+15,4.48287e+12,9594.67,52,13.0967,9,0.191353
645,1.75922e+13,1.4351e+11,9730.28,44,13.9629,9,0.200478
646,1.1259e+15,1.32455e+12,9223.72,50,13.1777,9,0.193456
647,7.03687e+13,2.08898e+11,11573.9,46,14.8242,10,0.215871
648,5.6295e+14,7.66991e+11,8308.63,49,14.1738,9,0.207484
649,1.1259e+15,1.9591e+12,9784.72,50,14.6084,10,0.211129
650,1.40737e+14,3.09321e+11,12347.3,47,15.0029,10,0.217666
651,7.03687e+13,1.83881e+11,14557.8,46,15.3271,11,0.223987
652,1.40737e+14,2.63507e+11,14789.2,47,15.1299,11,0.216283
653,3.51844e+13,1.72893e+11,10505.5,45,13.8486,10,0.203104
654,3.51844e+13,1.30128e+11,9489.92,45,13.6875,9,0.196767
655,2.81475e+14,4.07249e+11,12374.2,48,14.5459,10,0.206976
656,1.40737e+14,4.23619e+11,6548.77,47,12.9746,8,0.196132
657,3.51844e+13,1.39562e+11,7232,45,12.6367,9,0.186386
658,9.0072e+15,1.13016e+13,8167.18,53,13.1201,9,0.197483
659,2.2518e+15,2.38597e+12,7641.71,51,12.6768,9,0.193256
660,1.40737e+14,3.75695e+11,5510.07,47,11.9219,7,0.184735
661,5.6295e+14,9.46894e+11,7656.64,49,12.9668,9,0.197064
662,7.03687e+13,2.81218e+11,8266.41,46,13.5332,9,0.205084
663,4.5036e+15,4.53236e+12,8760.25,52,13.3242,9,0.200542
664,3.51844e+13,1.26719e+11,7042.23,45,12.043,8,0.182472
665,2.81475e+14,5.82484e+11,7324.72,48,12.5,8,0.188213
666,5.6295e+14,1.323e+12,8489.39,49,12.835,9,0.192008
667,2.81475e+14,4.83083e+11,5571.53,48,12.165,7,0.186518
668,3.51844e+13,1.62254e+11,9273.14,45,13.8037,9,0.206563
669,7.03687e+13,3.76196e+11,6050.99,46,12.8008,8,0.190526
670,5.6295e+14,1.82461e+12,6925.82,49,13.0488,8,0.195269
671,5.6295e+14,7.77191e+11,6784.62,49,12.6738,8,0.186111
672,1.40737e+14,6.85315e+11,8238.16,47,13.1641,9,0.192511
673,3.51844e+13,1.28676e+11,7324.72,45,12.9639,8,0.189597
674,1.1259e+15,1.18567e+12,6979.09,50,12.5137,8,0.181976
675,2.81475e+14,5.17571e+11,7391.97,48,13.6113,8,0.197768
676,1.40737e+14,4.88208e+11,7334.42,47,13.5244,8,0.196006
677,2.2518e+15,2.506e+12,11619.1,51,14.0371,10,0.204254
678,1.44115e+17,1.4264e+14,14193,57,15.2812,11,0.219712
679,7.03687e+13,2.06981e+11,7083.83,46,12.8096,8,0.18638
680,5.6295e+14,1.23987e+12,7494.65,49,13.2012,8,0.1939
681,2.2518e+15,2.41003e+12,11986,51,14.7119,10,0.212554
682,2.81475e+14,1.00519e+12,12433.5,48,15.4834,11,0.225322
683,1.40737e+14,4.56551e+11,8266.41,47,14.0527,9,0.210944
684,1.1259e+15,1.57804e+12,12183.3,50,14.9023,10,0.221149
685,2.2518e+15,4.06731e+12,12347.3,51,15.0596,10,0.224174
686,7.03687e+13,4.75235e+11,14611.6,46,15.5088,11,0.228288
687,1.75922e+13,1.84987e+11,6363.06,44,13.6445,8,0.205808
688,2.81475e+14,7.32691e+11,14248.4,48,14.9502,11,0.221967
689,1.40737e+14,5.51501e+11,12123.5,47,15.1914,11,0.227438
690,1.40737e+14,3.33733e+11,15946.6,47,15.4658,11,0.228208
691,2.81475e+14,5.44963e+11,18755.9,48,15.4375,12,0.22463
692,4.5036e+15,4.69965e+12,23784.4,52,16.3047,13,0.239047
693,4.5036e+15,7.60021e+12,23657.3,52,16.167,13,0.240274
694,7.03687e+13,2.23777e+11,19147.9,46,15.0742,12,0.227411
695,2.81475e+14,8.85286e+11,14998.5,48,14.8506,11,0.224969
696,1.40737e+14,6.38749e+11,20239.6,47,15.2129,12,0.226782
697,5.6295e+14,8.68778e+11,19667.2,49,14.9658,12,0.225587
698,1.40737e+14,5.74838e+11,19370.1,47,15.252,12,0.231286
699,4.5036e+15,4.57343e+12,25684.6,52,15.7383,13,0.237351
700,7.03687e+13,3.25328e+11,38000.5,46,16.4375,14,0.239523
701,1.1259e+15,2.8902e+12,55769.7,50,17.1191,15,0.252577
702,5.6295e+14,1.25938e+12,39281.3,49,17.0068,14,0.250479
703,1.1259e+15,1.68292e+12,18651.1,50,15.4561,12,0.232263
704,7.03687e+13,2.72997e+11,20295.1,46,15.5977,12,0.234788
705,7.03687e+13,2.03363e+11,17455.6,46,15.1045,12,0.230864
706,1.1259e+15,2.06895e+12,29391.8,50,16.0078,14,0.23988
707,1.40737e+14,7.96606e+11,54080.8,47,17.0381,15,0.251839
708,1.1259e+15,1.37361e+12,25684.6,50,15.7646,13,0.23594
709,7.03687e+13,3.1298e+11,20386.9,46,15.3467,12,0.227229
710,2.2518e+15,2.91779e+12,37076,51,16.5176,14,0.244261
711,2.81475e+14,5.74243e+11,36818.4,48,16.335,14,0.240516
712,2.81475e+14,1.31878e+12,19628,48,15.8467,12,0.234754
713,9.0072e+15,1.40598e+13,25237,53,15.6875,13,0.233674
714,2.81475e+14,8.52331e+11,52595.8,48,16.8193,15,0.249234
715,2.2518e+15,3.00034e+12,159470,51,18.1484,17,0.265251
716,2.81475e+14,1.32782e+12,92901,48,17.9893,16,0.261332
717,2.2518e+15,3.74946e+12,161359,51,18.29,17,0.269021
718,1.1259e+15,2.64847e+12,160622,50,18.6191,17,0.274413
719,2.81475e+14,1.10593e+12,295286,48,19.166,18,0.280449
720,1.1259e+15,2.20334e+12,558996,50,19.2715,19,0.279837
721,2.2518e+15,5.00659e+12,93846.7,51,17.9648,16,0.26369
722,2.81475e+14,1.14732e+12,296504,48,19.5967,18,0.281358
723,1.1259e+15,3.36619e+12,562667,50,19.1914,19,0.277399
724,1.40737e+14,1.16573e+12,293110,47,18.9893,18,0.272641
725,2.2518e+15,4.74296e+12,2.13836e+06,51,20.2666,21,0.288851
726,1.1259e+15,3.0707e+12,294190,50,19.0195,18,0.273088
727,2.81475e+14,1.52521e+12,559474,48,19.6865,19,0.285826
728,9.0072e+15,1.65431e+13,293271,53,19.0449,18,0.275153
729,2.2518e+15,3.78628e+12,4.24244e+06,51,20.5967,22,0.292278
730,7.20576e+16,7.19946e+13,555539,56,18.7393,19,0.270397
731,3.60288e+16,4.22991e+13,4.24505e+06,55,22.0762,22,0.312819
732,2.2518e+15,6.39776e+12,3.36134e+07,51,23.4443,25,0.334239
733,1.1259e+15,5.65397e+12,2.13585e+06,50,20.8027,21,0.300246
734,1.80144e+16,1.98142e+13,1.08973e+06,54,20.6221,20,0.299354
735,2.30584e+18,2.25556e+15,164017,61,18.9697,17,0.274028
736,4.5036e+15,8.56794e+12,1.08639e+06,52,20.501,20,0.298506
737,9.0072e+15,1.54106e+13,291467,53,18.9092,18,0.276409
738,5.6295e+14,2.72563e+12,289692,49,18.6826,18,0.275185
739,3.60288e+16,5.64479e+13,92714,55,18.7344,16,0.274494
740,1.1259e+15,3.70544e+12,295324,50,19.127,18,0.274246
741,9.0072e+15,1.26453e+13,1.08738e+06,53,20.1064,20,0.28294
742,2.81475e+14,1.40447e+12,559474,48,19.9873,19,0.280107
743,1.1259e+15,2.36243e+12,163181,50,18.458,17,0.261753
744,4.5036e+15,7.3798e+12,299377,52,19.2012,18,0.27381
745,2.81475e+14,1.61603e+12,566774,48,20.2617,19,0.284035
746,4.5036e+15,7.44408e+12,295131,52,19.1113,18,0.267242
747,2.2518e+15,7.43406e+12,95375.2,51,17.4834,16,0.248666
748,1.80144e+16,2.10053e+13,93876.6,54,17.4434,16,0.248934
749,3.60288e+16,5.53213e+13,1.08629e+06,55,20.6162,20,0.283741
750,2.2518e+15,3.31198e+12,295363,51,18.6582,18,0.258691
751,2.2518e+15,4.25079e+12,559388,51,19.7217,19,0.272907
752,1.1259e+15,3.08681e+12,560206,50,19.9512,19,0.277653
753,3.60288e+16,3.88593e+13,563152,55,19.7734,19,0.274504
754,9.0072e+15,1.19315e+13,564065,53,20.0068,19,0.281563
755,1.1259e+15,3.23408e+12,559127,50,19.6533,19,0.273858
756,2.2518e+15,7.77157e+12,295363,51,18.9834,18,0.268031
757,1.1259e+15,3.68998e+12,559039,50,19.5508,19,0.273661
758,2.81475e+14,9.76244e+11,161045,48,18.0371,17,0.249418
759,1.1259e+15,2.614e+12,58166.5,50,17.6855,15,0.247831
760,4.5036e+15,5.13243e+12,92557.1,52,17.6504,16,0.251173
761,2.2518e+15,5.74237e+12,162418,51,18.7598,17,0.265876
762,7.20576e+16,8.01109e+13,93117.6,56,17.9541,16,0.248565
763,5.6295e+14,1.96889e+12,293713,49,18.7529,18,0.259299
764,2.81475e+14,1.48354e+12,157379,48,17.917,17,0.248081
765,2.2518e+15,4.48364e+12,58836.3,51,17.3672,15,0.241778
766,5.6295e+14,1.91904e+12,297466,49,18.8525,18,0.263613
767,1.80144e+16,4.16451e+13,91630.7,54,18.126,16,0.256466
768,5.6295e+14,1.04333e+12,19147.9,49,15.7363,12,0.232018
769,1.44115e+17,1.43681e+14,20386.9,57,16.4287,12,0.243957
770,4.5036e+15,6.57479e+12,17722.8,52,16.4463,12,0.246451
771,4.5036e+15,1.08031e+13,89216.9,52,17.9785,16,0.268007
772,1.1259e+15,3.43075e+12,94232.3,50,18.6113,16,0.271381
773,2.81475e+14,2.65373e+12,563512,48,20.083,19,0.284982
774,7.20576e+16,1.12336e+14,1.08964e+06,56,20.0176,20,0.283754
775,9.0072e+15,1.49808e+13,1.09093e+06,53,20.4863,20,0.29065
776,4.5036e+15,9.48164e+12,558821,52,19.9111,19,0.28319
777,1.80144e+16,2.08917e+13,564725,54,20.3574,19,0.287128
778,2.2518e+15,5.18349e+12,292866,51,18.9639,18,0.269228
779,2.2518e+15,3.13864e+12,162984,51,18.5635,17,0.262567
780,3.60288e+16,4.11283e+13,2.14343e+06,55,21.0879,21,0.297517
781,4.5036e+15,9.93876e+12,2.14019e+06,52,20.7451,21,0.292614
782,5.6295e+14,1.59437e+12,297612,49,19.4219,18,0.274897
783,1.80144e+16,4.16884e+13,163699,54,19.3047,17,0.275271
784,9.0072e+15,1.36064e+13,562748,53,20.0029,19,0.281524
785,3.60288e+16,4.4216e+13,92963.1,55,18.1787,16,0.263734
786,7.20576e+16,9.09471e+13,52466.8,56,17.2861,15,0.260164
787,5.76461e+17,5.6844e+14,560462,59,20.21,19,0.295159
788,9.0072e+15,2.00265e+13,4.23829e+06,53,21.7236,22,0.31418
789,9.0072e+15,2.00217e+13,1.08752e+06,53,20.7783,20,0.302781
790,7.20576e+16,1.14736e+14,559647,56,19.666,19,0.282432
791,3.60288e+16,5.90208e+13,565749,55,20.3398,19,0.291798
792,2.2518e+15,4.94948e+12,293110,51,18.6729,18,0.272891
793,4.5036e+15,1.1312e+13,290628,52,18.5732,18,0.271849
794,9.0072e+15,2.09318e+13,554051,53,19.584,19,0.282811
795,2.2518e+15,5.27542e+12,159397,51,19.1357,17,0.28072
796,9.0072e+15,1.69536e+13,89078.3,53,17.6094,16,0.259706
797,4.5036e+15,9.40819e+12,160657,52,18.8105,17,0.275348
798,4.5036e+15,7.75713e+12,160014,52,18.2744,17,0.272942
799,1.80144e+16,3.0339e+13,297136,54,19.9854,18,0.289575
800,9.0072e+15,2.0843e+13,293553,53,19.6855,18,0.285581
801,4.5036e+15,1.14935e+13,162351,52,19.1973,17,0.274647
802,4.5036e+15,9.90737e+12,157569,52,18.9111,17,0.267891
803,1.80144e+16,3.52997e+13,93055.9,54,18.8506,16,0.26615
804,4.5036e+15,1.63481e+13,292866,52,19.8066,18,0.279852
805,1.80144e+16,3.12249e+13,292907,54,19.709,18,0.275421
806,7.20576e+16,9.80381e+13,1.0915e+06,56,21.2686,20,0.295547
807,7.20576e+16,8.35433e+13,4.245e+06,56,22.0371,22,0.308139
808,7.20576e+16,1.44791e+14,8.44688e+06,56,23.0117,23,0.322262
809,9.0072e+15,2.77145e+13,55740.4,53,19.3145,15,0.273346
810,3.60288e+16,1.13611e+14,92525.7,55,19.4365,16,0.273765
811,9.0072e+15,2.3562e+13,294741,53,20.8154,18,0.295984
812,1.80144e+16,3.32478e+13,163115,54,20.167,17,0.287918
813,1.80144e+16,2.65824e+13,290459,54,20.1729,18,0.28539
814,7.20576e+16,1.06185e+14,8.43963e+06,56,22.6035,23,0.317875
815,4.5036e+15,1.20677e+13,4.24281e+06,52,22.1592,22,0.307248
816,7.20576e+16,7.72078e+13,1.09461e+06,56,21.4033,20,0.301672
817,4.5036e+15,1.34021e+13,563631,52,21.0908,19,0.297085
818,3.60288e+16,5.2835e+13,163731,55,20.0273,17,0.286315
819,5.76461e+17,5.73691e+14,296542,59,19.959,18,0.281638
820,4.5036e+15,1.71468e+13,159361,52,19.7324,17,0.286754
821,7.20576e+16,1.06424e+14,159397,56,19.4756,17,0.279976
822,4.5036e+15,1.14642e+13,57056.3,52,18.4014,15,0.265374
823,3.60288e+16,5.983e+13,55563.7,55,18.3604,15,0.264059
824,9.0072e+15,2.16378e+13,161219,53,19.1338,17,0.279903
825,3.60288e+16,6.67691e+13,91953.3,55,18.7207,16,0.277711
826,9.0072e+15,5.3778e+13,165744,53,19.8408,17,0.28945
827,1.44115e+17,3.73024e+14,158697,57,19.375,17,0.280932
828,7.20576e+16,1.22139e+14,88131.8,56,18.4297,16,0.27172
829,9.0072e+15,2.80668e+13,159797,53,19.499,17,0.284873
830,9.0072e+15,1.94891e+13,53987.7,53,18.5947,15,0.276218
831,9.0072e+15,2.4686e+13,86438.8,53,18.4668,16,0.270158
832,3.60288e+16,5.72424e+13,92494.1,55,18.6797,16,0.273331
833,2.2518e+15,1.1528e+13,157149,51,19.2783,17,0.285807
834,1.80144e+16,3.88701e+13,159214,54,18.8584,17,0.282588
835,2.8823e+17,3.22419e+14,36080.6,58,17.6162,14,0.262034
836,3.60288e+16,8.0796e+13,562626,55,20.1807,19,0.294448
837,1.80144e+16,5.34452e+13,560334,54,20.0479,19,0.289553
838,1.44115e+17,2.0937e+14,92963.1,57,18.6807,16,0.273113
839,3.60288e+16,5.19977e+13,161670,55,18.9707,17,0.278197
840,1.1259e+15,3.97244e+12,90710.5,50,17.6777,16,0.267643
841,1.1259e+15,4.08569e+12,37279.8,50,16.8447,14,0.25244
842,3.60288e+16,3.78125e+13,36636.1,55,17.2432,14,0.258221
843,2.8823e+17,2.96809e+14,55974.2,58,17.3232,15,0.254808
844,4.5036e+15,1.37973e+13,159616,52,18.5205,17,0.270448
845,3.60288e+16,6.37879e+13,54511.5,55,17.998,15,0.259565
846,3.60288e+16,4.38901e+13,26700.9,55,16.4883,13,0.244827
847,1.80144e+16,2.06628e+13,19086.7,54,15.2559,12,0.233503
848,7.20576e+16,7.69261e+13,19745.2,56,16.1416,12,0.240196
849,2.2518e+15,4.04055e+12,15033,51,15.582,11,0.233002
850,3.60288e+16,4.03515e+13,13969.2,55,15.7402,11,0.23885
851,1.1259e+15,5.17545e+12,12071.3,50,15.0352,10,0.22965
852,4.5036e+15,7.58888e+12,15015.8,52,15.9111,11,0.237516
853,4.61169e+18,4.58101e+15,15203.7,62,15.7471,11,0.238859
854,5.6295e+14,2.65752e+12,8905.29,49,14.1484,9,0.216816
855,2.30584e+18,2.27763e+15,6560.21,61,13.5225,8,0.205772
856,4.5036e+15,8.69996e+12,37456.4,52,17.1035,14,0.243532
857,9.0072e+15,1.31331e+13,26369.3,53,16.8838,13,0.242158
858,1.1259e+15,4.23051e+12,92557.1,50,18.168,16,0.260523
859,3.60288e+16,4.68101e+13,27827.7,55,16.7373,13,0.24086
860,1.80144e+16,3.24893e+13,58607.7,54,17.7168,15,0.254069
861,2.8823e+17,3.83453e+14,91598.3,58,17.7402,16,0.257057
862,2.8823e+17,3.36237e+14,56606.6,58,17.6416,15,0.25264
863,2.2518e+15,9.95402e+12,25189.3,51,16.6846,13,0.239001
864,2.8823e+17,3.47116e+14,37355.7,58,16.918,14,0.244462
865,2.2518e+15,7.20285e+12,18714.1,51,15.7773,12,0.230189
866,7.20576e+16,1.13673e+14,19957.1,56,15.6104,12,0.224862
867,2.8823e+17,3.44467e+14,37330.4,58,16.8008,14,0.242502
868,4.5036e+15,8.91973e+12,26788,52,15.6357,13,0.233908
869,4.5036e+15,6.05759e+12,24803.6,52,15.835,13,0.235276
870,3.60288e+16,6.31901e+13,37780,55,17.0059,14,0.244478
871,5.76461e+17,5.80714e+14,89458.2,59,17.7578,16,0.251597
872,7.20576e+16,7.7035e+13,94495.4,56,18.3057,16,0.257387
873,2.8823e+17,3.06236e+14,162686,58,19.0693,17,0.268788
874,1.1259e+15,3.11686e+12,14521.8,50,14.7734,11,0.21475
875,2.2518e+15,5.40503e+12,15551.8,51,15.2969,11,0.218614
876,9.0072e+15,2.2665e+13,18922.2,53,15.7793,12,0.226718
877,7.20576e+16,9.56482e+13,12698.6,56,14.4512,11,0.212176
878,4.5036e+15,7.41556e+12,9034.58,52,12.9805,9,0.190842
879,1.44115e+17,1.64016e+14,19784,57,15.5029,12,0.226186
880,9.0072e+15,1.22121e+13,25892.9,53,15.7725,13,0.224606
881,2.2518e+15,6.8774e+12,36688.4,51,16.6221,14,0.23912
882,3.60288e+16,3.7992e+13,26722.7,55,15.7188,13,0.224343
883,1.44115e+17,1.50723e+14,52788.6,57,16.4951,15,0.239525
884,7.20576e+16,1.70831e+14,25800.6,56,15.9229,13,0.226445
885,4.5036e+15,1.19723e+13,20221,52,15.752,12,0.224523
886,4.5036e+15,1.24521e+13,25892.9,52,16.3525,13,0.232153
887,1.80144e+16,2.15786e+13,26591.2,54,16.1016,13,0.227679
888,5.76461e+17,6.92597e+14,37531.6,59,16.7432,14,0.234367
889,1.44115e+17,1.47591e+14,25892.9,57,15.9404,13,0.229836
890,3.60288e+16,6.43334e+13,26591.2,55,16.0889,13,0.236736
891,4.5036e+15,8.26888e+12,26722.7,52,16.0176,13,0.237278
892,1.44115e+17,1.75011e+14,19764.6,57,15.4912,12,0.225923
893,4.5036e+15,1.17683e+13,14449.5,52,13.749,11,0.20353
894,1.1259e+15,2.89017e+12,18839.3,50,14.1182,12,0.209834
895,9.0072e+15,1.22716e+13,15152.8,53,13.9785,11,0.209444
896,2.2518e+15,4.84736e+12,20350.3,51,15.0508,12,0.220528
897,4.5036e+15,8.16975e+12,19842,52,14.5703,12,0.213194
898,2.2518e+15,7.41939e+12,19822.7,51,15.0674,12,0.220796
899,1.80144e+16,4.30126e+13,19647.6,54,15.5498,12,0.226739
900,9.0072e+15,1.401e+13,19880.5,53,15.2607,12,0.223008
901,1.80144e+16,3.56936e+13,26635.2,54,15.8799,13,0.2303
902,4.5036e+15,5.84641e+12,37902.8,52,16.2852,14,0.237287
903,3.60288e+16,5.08676e+13,57605.7,55,17.1855,15,0.245394
904,7.20576e+16,1.05599e+14,38714.1,56,16.5947,14,0.238569
905,7.20576e+16,1.04941e+14,37531.6,56,17.0771,14,0.247508
906,1.44115e+17,2.78815e+14,157645,57,18.4717,17,0.263743
907,2.30584e+18,2.45608e+15,38409.1,61,17.5771,14,0.254931
908,2.8823e+17,4.0149e+14,26436.2,58,17.0332,13,0.244512
909,1.15292e+18,2.28241e+15,25684.6,60,16.8926,13,0.248808
910,7.20576e+16,1.79287e+14,19229.1,56,15.9482,12,0.235646
911,4.5036e+15,7.87095e+12,13969.2,52,14.4736,11,0.217149
912,2.8823e+17,3.1759e+14,19450,58,15.7314,12,0.230192
913,3.60288e+16,7.06747e+13,15807,55,14.916,11,0.219471
914,2.2518e+15,1.20333e+13,9273.14,51,13.5205,9,0.200711
915,1.44115e+17,1.67705e+14,11108.9,57,13.9512,10,0.211628
916,2.2518e+15,7.2119e+12,11664.1,51,14.4395,10,0.223054
917,4.5036e+15,8.8319e+12,7654.03,52,12.9014,8,0.200165
918,2.2518e+15,8.12173e+12,9223.72,51,13.6494,9,0.209262
919,1.80144e+16,2.93802e+13,13218.1,54,14.8203,11,0.22589
920,2.8823e+17,4.51217e+14,14981.3,58,14.9473,11,0.230021
921,1.1259e+15,4.19814e+12,12155.5,50,14.5566,10,0.223249
922,5.76461e+17,6.39106e+14,13257.5,59,14.2451,11,0.218632
923,4.5036e+15,1.10547e+13,11436.8,52,14.8066,10,0.22678
924,1.44115e+17,2.03314e+14,11841.4,57,14.8467,10,0.226937
925,2.8823e+17,2.96039e+14,25938.9,58,16.5381,13,0.248077
926,2.8823e+17,3.82393e+14,24608.1,58,15.8936,13,0.239562
927,3.60288e+16,7.39538e+13,19822.7,55,15.9736,12,0.239279
928,1.84467e+19,1.81108e+16,11971.7,64,14.0234,10,0.212462
929,5.76461e+17,1.00342e+15,27236.3,59,16.1406,13,0.245273
930,2.8823e+17,4.68691e+14,25754.3,58,16.1855,13,0.239933
931,3.60288e+16,8.70755e+13,26414,55,16.4023,13,0.241516
932,4.5036e+15,1.7834e+13,26302.1,52,16.3047,13,0.240305
933,1.80144e+16,4.87944e+13,19066.2,54,15.0479,12,0.222552
934,7.20576e+16,9.53395e+13,26212.1,56,16.0352,13,0.235622
935,2.8823e+17,3.08949e+14,38121.8,58,17.0605,14,0.252309
936,9.0072e+15,4.61038e+13,55087.2,53,17.5479,15,0.257838
937,5.76461e+17,6.00908e+14,52240,59,17.2119,15,0.254941
938,7.20576e+16,1.19713e+14,19350,56,15.1572,12,0.228277
939,1.44115e+17,3.03247e+14,36267.2,57,16.7354,14,0.25171
940,1.44115e+17,2.94809e+14,54080.8,57,17.1807,15,0.263661
941,4.61169e+18,5.12185e+15,55622.7,62,17.5762,15,0.265785
942,1.44115e+17,4.41042e+14,90173.9,57,18.0938,16,0.275598
943,7.3787e+19,1.08153e+17,55415.6,66,17.1748,15,0.261627
944,2.30584e+18,2.37972e+15,56748,61,18.4072,15,0.274844
945,4.61169e+18,4.59071e+15,157149,62,18.3135,17,0.271083
946,1.44115e+17,4.09486e+14,91889.1,57,18.2852,16,0.268004
947,1.47574e+20,1.44225e+17,38313.9,67,17.1719,14,0.255687
948,7.20576e+16,1.49394e+14,25117.5,56,16.21,13,0.248171
949,5.76461e+17,7.43415e+14,37076,59,16.7861,14,0.260878
950,7.20576e+16,1.28471e+14,55711,56,17.5879,15,0.268989
951,2.8823e+17,1.12042e+15,91337.6,58,18.8125,16,0.29108
952,2.30584e+18,2.87028e+15,90876.6,61,18.5781,16,0.288235
953,2.8823e+17,5.3695e+14,12819.8,58,15.3262,11,0.240131
954,2.8823e+17,6.97511e+14,37101.6,58,17.335,14,0.27292
955,4.61169e+18,4.7781e+15,37254.4,62,17.585,14,0.275002
956,1.44115e+17,2.00841e+14,294663,57,19.6064,18,0.298749
957,3.60288e+16,1.24727e+14,296127,55,19.8389,18,0.304856
958,1.84467e+19,1.91828e+16,158548,64,19.0098,17,0.28857
959,3.60288e+16,1.10051e+14,557492,55,20.2324,19,0.30573
960,5.76461e+17,1.10602e+15,557893,59,20.708,19,0.314125
961,1.80144e+16,9.2466e+13,296391,54,20.3115,18,0.310609
962,1.15292e+18,1.32537e+15,551766,60,20.6094,19,0.311853
963,2.30584e+18,3.23336e+15,561012,61,20.7246,19,0.310822
964,3.60288e+16,1.38833e+14,296504,55,20.0137,18,0.306764
965,1.44115e+17,2.90017e+14,296803,57,20.3008,18,0.309957
966,1.44115e+17,4.05619e+14,295286,57,19.8301,18,0.304231
967,5.76461e+17,6.92289e+14,557893,59,20.4521,19,0.307463
968,3.60288e+16,1.07797e+14,37531.6,55,17.2021,14,0.261781
969,3.60288e+16,9.22432e+13,92714,55,18.5723,16,0.278341
970,7.20576e+16,1.5178e+14,57250.2,56,18.2598,15,0.278923
971,3.60288e+16,6.48961e+13,93271.3,55,18.4639,16,0.275693
972,1.15292e+18,1.48573e+15,163954,60,18.7939,17,0.281223
973,1.44115e+17,3.3953e+14,90942.9,57,18.1357,16,0.275245
974,1.15292e+18,1.15413e+15,295594,60,19.2871,18,0.291892
975,5.76461e+17,7.05403e+14,1.08831e+06,59,20.8301,20,0.319367
976,2.30584e+18,2.36672e+15,2.13994e+06,61,21.582,21,0.328798
977,3.60288e+16,1.63832e+14,2.14217e+06,55,22.1953,21,0.335858
978,1.44115e+17,1.93579e+14,296203,57,20.1465,18,0.305943
979,7.20576e+16,2.33207e+14,2.14188e+06,56,22.5459,21,0.342561
980,1.44115e+17,3.31563e+14,1.09009e+06,57,21.5059,20,0.317402
981,3.60288e+16,7.48229e+13,560249,55,20.6113,19,0.307378
982,7.20576e+16,2.34514e+14,161289,56,19.3037,17,0.293807
983,1.44115e+17,4.46603e+14,561557,57,20.6133,19,0.313906
984,4.61169e+18,4.81149e+15,293513,62,20.0068,18,0.302367
985,3.60288e+16,1.28806e+14,297210,55,20.1494,18,0.30463
986,5.76461e+17,6.00658e+14,57442.4,59,18.7744,15,0.282103
987,2.8823e+17,3.47667e+14,158697,58,19.1865,17,0.28644
988,5.76461e+17,1.22541e+15,162114,59,19.7549,17,0.296974
989,2.30584e+18,2.70745e+15,160728,61,18.7686,17,0.285601
990,2.8823e+17,4.81898e+14,89286,58,18.1318,16,0.272792
991,7.20576e+16,1.17818e+14,35347.5,56,16.8496,14,0.251505
992,2.8823e+17,3.77681e+14,35347.5,58,17.0283,14,0.255705
993,7.20576e+16,2.21952e+14,91173.7,56,18.3057,16,0.273737
994,7.20576e+16,1.42505e+14,155476,56,18.9424,17,0.285678
995,1.44115e+17,4.85901e+14,92682.7,57,18.3877,16,0.274843
996,2.30584e+18,2.98447e+15,156649,61,19.2217,17,0.290048
997,2.8823e+17,3.76434e+14,36740.4,58,17.1562,14,0.262044
998,2.8823e+17,5.44332e+14,91304.9,58,18.3857,16,0.277834
999,1.47574e+20,1.45706e+17,91695.5,67,18.8633,16,0.28761
1000,2.8823e+17,1.19723e+15,560505,58,21.1113,19,0.320288
1001,2.30584e+18,5.75954e+15,296803,61,20.751,18,0.31379
1002,5.76461e+17,9.8408e+14,557222,59,20.834,19,0.314157
1003,5.76461e+17,1.49041e+15,4.24355e+06,59,22.7168,22,0.344434
1004,1.15292e+18,1.40549e+15,1.085e+06,60,22.0869,20,0.332379
1005,2.8823e+17,1.2165e+15,4.24233e+06,58,22.832,22,0.341897
1006,7.3787e+19,8.43534e+16,8.42769e+06,66,23.3643,23,0.354201
1007,2.8823e+17,6.55271e+14,2.13685e+06,58,21.5684,21,0.32824
1008,1.15292e+18,4.47851e+15,161978,60,20.3633,17,0.306306
1009,2.30584e+18,3.41507e+15,162182,61,20.2383,17,0.304826
1010,1.44115e+17,7.37902e+14,298331,57,20.7256,18,0.315515
1011,3.68935e+19,3.88436e+16,563031,65,21.3223,19,0.315875
1012,1.44115e+17,1.13087e+15,1.085e+06,57,22.5117,20,0.342112
1013,3.68935e+19,5.45777e+16,296951,65,21.125,18,0.315027
1014,1.44115e+17,4.20847e+14,8.44309e+06,57,23.2959,23,0.347346
1015,1.15292e+18,1.42631e+15,4.23835e+06,60,22.3213,22,0.332814
1016,7.3787e+19,7.32592e+16,3.3617e+07,66,24.6201,25,0.371298
1017,3.68935e+19,4.11376e+16,6.71775e+07,65,24.9434,26,0.380398
1018,7.3787e+19,9.07823e+16,1.68343e+07,66,23.9707,24,0.368546
1019,4.61169e+18,1.14432e+16,560844,62,21.1045,19,0.328731
1020,1.84467e+19,1.80537e+16,163181,64,19.5576,17,0.306714
1021,1.84467e+19,1.88415e+16,2.14014e+06,64,21.7891,21,0.347618
1022,5.90296e+20,6.0515e+17,1.07901e+06,69,20.9189,20,0.334065
1023,4.61169e+18,9.18758e+15,8.43852e+06,62,22.7529,23,0.358769
1024,1.15292e+18,1.92504e+15,4.2449e+06,60,23.0293,22,0.357238
1025,5.76461e+17,1.77244e+15,1.34284e+08,59,25.2314,27,0.389943
1026,3.68935e+19,3.79043e+16,3.36083e+07,65,23.9854,25,0.364803
1027,9.22337e+18,1.25781e+16,2.68496e+08,63,25.4365,28,0.391401
1028,4.61169e+18,8.47954e+15,6.71773e+07,62,24.918,26,0.380789
1029,1.84467e+19,2.32161e+16,2.685e+08,64,25.4893,28,0.395272
1030,7.3787e+19,1.19208e+17,1.68392e+07,66,24.6299,24,0.38458
1031,1.84467e+19,2.24098e+16,8.43828e+06,64,23.5947,23,0.370935
1032,9.22337e+18,1.25097e+16,6.71695e+07,63,24.7451,26,0.387076
1033,1.15292e+18,1.58552e+15,4.23377e+06,60,22.5176,22,0.353514
1034,4.61169e+18,5.49746e+15,2.14242e+06,62,22.7979,21,0.355246
1035,3.68935e+19,4.87454e+16,8.44677e+06,65,23.9512,23,0.369492
1036,2.30584e+18,4.32295e+15,1.68384e+07,61,24.7842,24,0.391235
1037,4.61169e+18,1.23294e+16,2.14251e+06,62,22.7002,21,0.358027
1038,5.90296e+20,5.8674e+17,2.14014e+06,69,22.6904,21,0.357547
1039,3.68935e+19,8.71443e+16,2.6851e+08,65,26.2529,28,0.406055
1040,4.72237e+21,5.62291e+18,6.71739e+07,72,25.6113,26,0.40188
1041,1.84467e+19,5.40805e+16,8.43945e+06,64,24.1562,23,0.374098
1042,9.22337e+18,1.13319e+16,1.68319e+07,63,24.1934,24,0.375883
1043,2.95148e+20,3.96971e+17,1.09062e+06,68,23.373,20,0.373518
1044,7.3787e+19,2.14603e+17,2.14212e+06,66,23.6328,21,0.378228
1045,1.84467e+19,1.00003e+17,2.14271e+06,64,23.1709,21,0.368955
1046,4.72237e+21,4.62441e+18,561348,72,22.4658,19,0.357979
1047,3.68935e+19,6.61978e+16,2.14074e+06,65,22.4893,21,0.355385
1048,1.15292e+18,2.66075e+15,159725,60,19.7891,17,0.31654
1049,9.22337e+18,1.35644e+16,2.13938e+06,63,22.4639,21,0.351581
1050,7.3787e+19,7.92915e+16,2.13664e+06,66,22.1172,21,0.339469
1051,1.47574e+20,1.51958e+17,161670,67,20.3193,17,0.319537
1052,5.90296e+20,5.80516e+17,161289,69,19.9785,17,0.314289
1053,1.84467e+19,2.20936e+16,1.09342e+06,64,22.1104,20,0.343243
1054,3.68935e+19,3.66191e+16,1.08686e+06,65,21.8936,20,0.339969
1055,3.68935e+19,7.67444e+16,1.08918e+06,65,22.3545,20,0.345188
1056,4.61169e+18,1.00731e+16,159725,62,19.375,17,0.304163
1057,1.84467e+19,1.86942e+16,160086,64,19.3984,17,0.302276
1058,5.90296e+20,5.78026e+17,91598.3,69,19.5898,16,0.307612
1059,9.22337e+18,2.16392e+16,2.14109e+06,63,22.4756,21,0.352813
1060,9.22337e+18,1.98144e+16,561264,63,20.793,19,0.320948
1061,2.30584e+18,3.94357e+15,1.08137e+06,61,21.1963,20,0.324001
1062,4.61169e+18,9.70722e+15,37456.4,62,18.5811,14,0.291388
1063,1.84467e+19,2.24013e+16,37279.8,64,19.252,14,0.304819
1064,9.22337e+18,1.80435e+16,2.14059e+06,63,22.3818,21,0.349933
1065,9.22337e+18,2.36809e+16,2.13558e+06,63,22.3633,21,0.347883
1066,3.68935e+19,7.59649e+16,557447,65,21.5107,19,0.334978
1067,2.30584e+18,4.74326e+15,158399,61,20.0908,17,0.315282
1068,2.36118e+21,2.38187e+18,92399.4,71,19.6758,16,0.315299
1069,1.47574e+20,1.86896e+17,94320.4,67,19.9805,16,0.323613
1070,4.61169e+18,9.71443e+15,17116.8,62,18.3643,12,0.309535
1071,9.22337e+18,2.76077e+16,93696.6,63,19.7119,16,0.317275
1072,3.68935e+19,5.5874e+16,558425,65,20.9639,19,0.338381
1073,2.95148e+20,3.11865e+17,17025.6,68,18.3311,12,0.307496
1074,5.90296e+20,6.1595e+17,91009,69,19.8398,16,0.336758
1075,3.68935e+19,8.89551e+16,13119.4,65,18.3906,11,0.319276
1076,1.84467e+19,3.39426e+16,11045.2,64,17.5293,10,0.30679
1077,1.51116e+23,1.47647e+20,22433.2,77,18.8027,13,0.330269
1078,4.61169e+18,1.34576e+16,92017.5,62,20.2002,16,0.342297
1079,7.55579e+22,7.39942e+19,18482,76,18.2891,12,0.312031
1080,1.47574e+20,1.97893e+17,19667.2,67,18.1504,12,0.311309
1081,2.95148e+20,3.97358e+17,7980.3,68,16.0537,9,0.282524
1082,1.47574e+20,3.51588e+17,25938.9,67,18.7988,13,0.328533
1083,7.3787e+19,1.03307e+17,293392,66,20.5518,18,0.353546
1084,3.68935e+19,4.92952e+16,561222,65,21.0166,19,0.363337
1085,1.47574e+20,1.84371e+17,558952,67,21.8516,19,0.372199
1086,9.22337e+18,3.59381e+16,1.09098e+06,63,23.0615,20,0.398054
1087,5.90296e+20,9.13487e+17,1.0862e+06,69,22.293,20,0.38037
1088,5.90296e+20,8.03296e+17,160480,69,21.1553,17,0.364396
1089,1.47574e+20,1.60906e+17,562504,67,22.2979,19,0.384524
1090,3.77789e+22,3.70814e+19,8.43675e+06,75,24.0869,23,0.413011
1091,7.3787e+19,2.1948e+17,2.14755e+09,66,28.3115,31,0.482322
1092,4.72237e+21,5.22436e+18,3.36096e+07,72,25.1709,25,0.430471
1093,1.47574e+20,3.69372e+17,8.44078e+06,67,24.7568,23,0.428765
1094,2.95148e+20,5.59674e+17,2.68507e+08,68,26.418,28,0.457581
1095,7.3787e+19,1.12922e+17,1.08288e+06,66,22.4893,20,0.387656
1096,1.18059e+21,1.70721e+18,3.36182e+07,70,25.4795,25,0.44519
1097,7.55579e+22,7.88337e+19,160622,76,21.4932,17,0.382671
1098,1.18059e+21,1.87489e+18,1.68348e+07,70,24.6133,24,0.429689
1099,2.95148e+20,6.35046e+17,1.08208e+06,68,21.917,20,0.388096
1100,2.95148e+20,3.63043e+17,558645,68,22.2549,19,0.394454
1101,4.72237e+21,1.11529e+19,4.24244e+06,72,24.582,22,0.433584
1102,4.72237e+21,5.60851e+18,2.13283e+06,72,23.1924,21,0.406957
1103,5.90296e+20,8.53616e+17,4.24449e+06,69,24.4707,22,0.429292
1104,2.36118e+21,2.93038e+18,6.71665e+07,71,25.9033,26,0.453492
1105,2.95148e+20,9.64703e+17,1.34286e+08,68,26.3008,27,0.455965
1106,1.47574e+20,3.09577e+17,4.2358e+06,67,23.5557,22,0.409397
1107,4.72237e+21,6.53552e+18,562789,72,23.3096,19,0.413443
1108,2.95148e+20,5.6258e+17,1.68288e+07,68,25.4072,24,0.448336
1109,1.18059e+21,2.07026e+18,4.23745e+06,70,24.2461,22,0.42321
1110,4.72237e+21,7.3582e+18,2.13643e+06,72,23.7051,21,0.416888
1111,5.90296e+20,1.76924e+18,5.36931e+08,69,27.1758,29,0.476558
1112,2.36118e+21,2.98608e+18,3.36148e+07,71,25.5352,25,0.447411
1113,1.20893e+24,1.18171e+21,5.36949e+08,80,26.8604,29,0.474676
1114,2.95148e+20,7.32155e+17,3.36048e+07,68,23.9707,25,0.417242
1115,4.72237e+21,4.75727e+18,1.34282e+08,72,25.8105,27,0.453407
1116,1.18059e+21,1.56985e+18,561806,70,22.9678,19,0.401319
1117,9.44473e+21,1.49941e+19,4.23643e+06,73,23.9805,22,0.418559
1118,9.44473e+21,1.11767e+19,2.13717e+06,73,23.0732,21,0.403411
1119,1.47574e+20,3.05221e+17,8.44026e+06,67,24.7783,23,0.430187
1120,7.55579e+22,7.39005e+19,1.34279e+08,76,25.5479,27,0.448224
1121,4.72237e+21,6.57767e+18,5.36953e+08,72,27.8291,29,0.49234
1122,1.18059e+21,3.18391e+18,5.36943e+08,70,26.8418,29,0.482115
1123,2.36118e+21,2.46967e+18,1.68214e+07,71,25.1689,24,0.443791
1124,5.90296e+20,1.32736e+18,1.08258e+06,69,23.498,20,0.415313
1125,1.88895e+22,1.86726e+19,1.08691e+06,74,23,20,0.399847
1126,1.88895e+22,2.03329e+19,2.68508e+08,74,25.6035,28,0.444188
1127,9.44473e+21,1.21216e+19,1.08461e+06,73,22.2256,20,0.384475
1128,1.18059e+21,1.19546e+18,293190,70,21.4678,18,0.375559
1129,1.18059e+21,1.22731e+18,2.13675e+06,70,23.0723,21,0.399611
1130,2.36118e+21,3.96982e+18,1.34282e+08,71,26.2744,27,0.45114
1131,2.36118e+21,2.37652e+18,8.43698e+06,71,24.6738,23,0.42148
1132,9.44473e+21,9.50148e+18,1.34282e+08,73,26.7529,27,0.449571
1133,6.04463e+23,5.90994e+20,1.68365e+07,79,24.9775,24,0.422641
1134,1.47574e+20,2.26237e+17,3.36117e+07,67,24.7207,25,0.425609
1135,5.90296e+20,8.9085e+17,4.23874e+06,69,23.2842,22,0.401076
1136,9.44473e+21,9.96478e+18,3.36136e+07,73,24.292,25,0.423
1137,4.72237e+21,7.3248e+18,3.36014e+07,72,24.543,25,0.425973
1138,2.36118e+21,4.2948e+18,3.35988e+07,71,23.8408,25,0.410455
1139,1.88895e+22,1.8659e+19,1.68378e+07,74,24.8057,24,0.435074
1140,2.95148e+20,5.00034e+17,6.71654e+07,68,26.1533,26,0.454527
1141,2.36118e+21,4.61112e+18,3.36134e+07,71,25.7998,25,0.451669
1142,5.90296e+20,8.71781e+17,6.71736e+07,69,26.1406,26,0.45376
1143,2.36118e+21,2.8355e+18,4.24001e+06,71,23.6797,22,0.410801
1144,1.47574e+20,1.76432e+17,551958,67,21.0234,19,0.372633
1145,5.90296e+20,7.20002e+17,557893,69,21.1846,19,0.371284
1146,2.95148e+20,5.92142e+17,4.24028e+06,68,23.6221,22,0.416249
1147,2.36118e+21,5.27141e+18,8.43149e+06,71,24.2998,23,0.424922
1148,1.18059e+21,1.36753e+18,2.14222e+06,70,22.2393,21,0.389771
1149,3.68935e+19,1.13595e+17,1.07817e+06,65,21.9688,20,0.384253
1150,3.77789e+22,3.69358e+19,552773,75,21.085,19,0.376159
1151,7.55579e+22,7.64721e+19,91173.7,76,19.9932,16,0.345877
1152,2.95148e+20,9.51343e+17,1.68318e+07,68,24.0215,24,0.403739
1153,2.36118e+21,3.63186e+18,287117,71,20.4414,18,0.354993
1154,5.90296e+20,2.13724e+18,3.36063e+07,69,24.498,25,0.419598
1155,4.72237e+21,5.83806e+18,2.14178e+06,72,23.6992,21,0.411494
1156,1.18059e+21,1.27296e+18,4.23354e+06,70,23.9473,22,0.41694
1157,1.18059e+21,2.7631e+18,4.24297e+06,70,23.8203,22,0.415096
1158,3.02231e+23,3.05136e+20,152069,78,19.3906,17,0.335585
1159,7.55579e+22,7.39017e+19,293513,76,20.5273,18,0.361597
1160,7.3787e+19,9.88328e+16,560206,66,21.4375,19,0.380075
1161,6.04463e+23,5.91886e+20,85590.4,79,19.499,16,0.346957
1162,2.36118e+21,5.02289e+18,90106.3,71,19.6123,16,0.356304
1163,5.90296e+20,6.88751e+17,35973.3,69,18.5908,14,0.336937
1164,1.88895e+22,2.16519e+19,24900.7,74,17.9316,13,0.324185
1165,1.18059e+21,1.35583e+18,51486.4,70,18.8809,15,0.345791
1166,9.44473e+21,1.25271e+19,13569.2,73,16.6133,11,0.307176
1167,1.18059e+21,3.81826e+18,17700.6,70,17.5127,12,0.31714
1168,3.77789e+22,4.44029e+19,154037,75,19.5928,17,0.343503
1169,2.41785e+24,2.362e+21,2.13846e+06,81,23.5938,21,0.414013
1170,3.77789e+22,4.84477e+19,5.36925e+08,75,28.0391,29,0.496169
1171,5.90296e+20,4.09833e+18,5.36943e+08,69,27.5498,29,0.48578
1172,9.44473e+21,1.37109e+19,1.34271e+08,73,25.9746,27,0.458981
1173,2.36118e+21,6.08145e+18,1.68232e+07,71,24.3809,24,0.430913
1174,7.92282e+28,7.73713e+25,1.07383e+09,96,27.3662,30,0.488465
1175,2.41785e+24,2.38367e+21,8.59002e+09,81,29.8682,33,0.523744
1176,3.77789e+22,6.41078e+19,8.59001e+09,75,29.1816,33,0.512363
1177,1.51116e+23,1.73898e+20,4.29506e+09,77,28.3896,32,0.49702
1178,9.44473e+21,1.80428e+19,2.13179e+06,73,22.873,21,0.401372
1179,4.8357e+24,4.77573e+21,8.59005e+09,82,30.2314,33,0.534219
1180,1.20893e+24,1.22741e+21,6.87196e+10,80,33.8174,36,0.598186
1181,9.44473e+21,1.62366e+19,1.718e+10,73,31.4512,34,0.563208
1182,1.88895e+22,3.82914e+19,8.59003e+09,74,29.874,33,0.532597
1183,9.67141e+24,1.92396e+22,3.43599e+10,83,33.0908,35,0.584939
1184,2.41785e+24,4.74035e+21,1.718e+10,81,30.4365,34,0.537062
1185,1.93428e+25,2.36553e+22,4.29505e+09,84,28.498,32,0.508488
1186,3.77789e+22,8.93547e+19,4.29505e+09,75,29.3945,32,0.532204
1187,1.54743e+26,1.88972e+23,1.718e+10,87,31.71,34,0.574838
1188,2.47588e+27,2.4227e+24,1.718e+10,91,31.1055,34,0.558925
1189,1.20893e+24,1.2207e+21,3.43599e+10,80,34.0234,35,0.621869
1190,6.04463e+23,9.94771e+20,1.718e+10,79,32.1602,34,0.583463
1191,9.44473e+21,3.49346e+19,8.59003e+09,73,30.9209,33,0.557711
1192,1.51116e+23,2.06241e+20,4.29506e+09,77,29.9219,32,0.541409
1193,1.51116e+23,2.00516e+20,2.14754e+09,77,29.1689,31,0.526999
1194,9.67141e+24,9.45814e+21,5.36938e+08,83,28.4922,29,0.518409
1195,4.8357e+24,7.30857e+21,1.718e+10,82,31.6436,34,0.571799
1196,9.44473e+21,2.08017e+19,3.43598e+10,73,33.4717,35,0.609079
1197,7.92282e+28,7.73764e+25,6.87196e+10,96,33.6328,36,0.608646
1198,3.86856e+25,3.81948e+22,1.718e+10,85,31.2266,34,0.571287
1199,7.55579e+22,2.24045e+20,2.74878e+11,76,35.7832,38,0.646178
1200,4.8357e+24,4.9727e+21,2.14757e+09,82,29.7236,31,0.53821
1201,1.20893e+24,1.23126e+21,6.87196e+10,80,33.4658,36,0.604995
1202,2.41785e+24,2.36807e+21,1.37439e+11,81,34.3018,37,0.611521
1203,3.02231e+23,5.48238e+20,1.37439e+11,78,34.4854,37,0.618952
1204,7.55579e+22,9.93787e+19,1.718e+10,76,30.3945,34,0.548754
1205,2.47588e+27,2.4179e+24,3.43598e+10,91,31.6162,35,0.571244
1206,6.1897e+26,6.04622e+23,1.34279e+08,89,26.9795,27,0.483451
1207,3.77789e+22,5.49132e+19,1.07381e+09,75,28.7314,30,0.518381
1208,1.54743e+26,1.56616e+23,4.29503e+09,87,29.4912,32,0.528432
1209,1.54743e+26,1.51322e+23,6.87196e+10,87,33.9033,36,0.598068
1210,6.04463e+23,6.77547e+20,6.87196e+10,79,34.3828,36,0.597294
1211,1.20893e+24,1.48963e+21,6.87196e+10,80,33.2031,36,0.586211
1212,7.55579e+22,1.73916e+20,3.43598e+10,76,32.9902,35,0.582616
1213,3.09485e+26,3.05935e+23,1.718e+10,88,31.2061,34,0.549979
1214,1.18059e+21,3.52505e+18,1.718e+10,70,30.4658,34,0.530569
1215,1.93428e+25,2.84364e+22,6.87196e+10,84,32.1035,36,0.553773
1216,2.41785e+24,2.56173e+21,3.43598e+10,81,31.335,35,0.551964
1217,3.02231e+23,3.39127e+20,1.718e+10,78,31.2256,34,0.54782
1218,1.93428e+25,1.92835e+22,1.37439e+11,84,34.8477,37,0.601394
1219,3.02231e+23,4.55241e+20,1.718e+10,78,29.8779,34,0.521641
1220,3.86856e+25,3.77853e+22,1.718e+10,85,31.0557,34,0.542225
1221,6.04463e+23,7.5595e+20,6.87196e+10,79,33.3633,36,0.584284
1222,4.8357e+24,4.97257e+21,2.14757e+09,82,30.0654,31,0.542408
1223,4.72237e+21,1.07662e+19,1.718e+10,72,31.9756,34,0.566943
1224,1.54743e+26,1.51277e+23,1.718e+10,87,31.2881,34,0.553214
1225,9.67141e+24,9.50229e+21,1.37439e+11,83,35.6582,37,0.622565
1226,2.41785e+24,2.39364e+21,2.74878e+11,81,35.9785,38,0.623989
1227,1.54743e+26,1.51655e+23,1.37439e+11,87,34.457,37,0.604641
1228,4.8357e+24,5.45244e+21,3.43598e+10,82,33.5488,35,0.584642
1229,3.09485e+26,3.02247e+23,1.718e+10,88,31.1309,34,0.550507
1230,3.02231e+23,2.99322e+20,3.43598e+10,78,29.6768,35,0.522686
1231,7.73713e+25,7.56672e+22,6.87196e+10,86,32.2041,36,0.558426
1232,1.93428e+25,1.8931e+22,1.718e+10,84,29.9014,34,0.519372
1233,6.04463e+23,9.18485e+20,2.14757e+09,79,27.7754,31,0.482581
1234,4.8357e+24,4.7517e+21,5.36942e+08,82,26.7451,29,0.467151
1235,3.09485e+26,3.21153e+23,2.14757e+09,88,29.042,31,0.497876
1236,1.20893e+24,1.21058e+21,2.68507e+08,80,27.0107,28,0.465746
1237,4.8357e+24,4.77167e+21,6.71731e+07,82,24.6621,26,0.426336
1238,1.20893e+24,1.61628e+21,6.87196e+10,80,32.2285,36,0.565498
1239,1.93428e+25,2.01315e+22,6.87196e+10,84,31.625,36,0.551859
1240,3.02231e+23,6.13949e+20,1.718e+10,78,30.5742,34,0.538095
1241,3.77789e+22,6.14693e+19,1.718e+10,75,29.5674,34,0.518593
1242,9.67141e+24,9.48498e+21,6.87196e+10,83,31.7686,36,0.55436
1243,7.73713e+25,7.6317e+22,6.87196e+10,86,33.251,36,0.578403
1244,7.92282e+28,7.73715e+25,6.87196e+10,96,33.2012,36,0.571515
1245,7.92282e+28,7.73791e+25,3.43599e+10,96,32.6523,35,0.570217
1246,3.09485e+26,3.05385e+23,1.37439e+11,88,34.3262,37,0.603526
1247,4.8357e+24,1.43825e+22,6.87196e+10,82,32.0889,36,0.570634
1248,2.41785e+24,4.2684e+21,3.43598e+10,81,32.124,35,0.557726
1249,1.23794e+27,1.22795e+24,3.43598e+10,90,32.2871,35,0.565826
1250,4.8357e+24,5.62779e+21,4.29504e+09,82,30.085,32,0.532464
1251,9.67141e+24,1.45938e+22,3.43598e+10,83,33.2549,35,0.583055
1252,9.67141e+24,1.18356e+22,1.718e+10,83,31.4043,34,0.546564
1253,4.8357e+24,6.29435e+21,1.718e+10,82,31.6357,34,0.554746
1254,3.09485e+26,3.0494e+23,2.14757e+09,88,28.9082,31,0.513011
1255,1.93428e+25,2.83675e+22,2.14758e+09,84,29.0322,31,0.505004
1256,3.77789e+22,8.80059e+19,3.36107e+07,75,25.8506,25,0.450698
1257,6.04463e+23,9.19399e+20,3.36049e+07,79,25.7988,25,0.448436
1258,7.92282e+28,7.73713e+25,8.42756e+06,96,25.0049,23,0.434453
1259,2.41785e+24,4.80974e+21,3.36041e+07,81,24.7803,25,0.430337
1260,6.04463e+23,6.43198e+20,2.12751e+06,79,23.3994,21,0.412075
1261,3.02231e+23,4.56223e+20,3.43598e+10,78,32.7061,35,0.57382
1262,4.8357e+24,4.78162e+21,4.29507e+09,82,28.5283,32,0.501302
1263,6.1897e+26,6.12034e+23,1.718e+10,89,31.9385,34,0.554409
1264,1.54743e+26,1.51135e+23,1.37439e+11,87,34.5713,37,0.601105
1265,9.67141e+24,9.58498e+21,6.87196e+10,83,34.1582,36,0.596452
1266,9.90352e+27,9.71394e+24,1.718e+10,93,31.3262,34,0.558076
1267,7.92282e+28,7.73726e+25,1.718e+10,96,32.2256,34,0.575762
1268,7.92282e+28,1.55045e+26,1.718e+10,96,32.3076,34,0.57302
1269,6.1897e+26,6.82078e+23,4.29506e+09,89,30.7314,32,0.560264
1270,1.23794e+27,1.21001e+24,1.07382e+09,90,29.9287,30,0.54602
1271,7.92282e+28,8.3456e+25,2.68496e+08,96,28.9941,28,0.542379
1272,1.93428e+25,2.21691e+22,2.14756e+09,84,30.252,31,0.55981
1273,3.02231e+23,3.17849e+20,4.29506e+09,78,29.9316,32,0.539868
1274,1.88895e+22,6.79594e+19,8.59004e+09,74,31.1641,33,0.56235
1275,1.23794e+27,1.21383e+24,2.14754e+09,90,29.3516,31,0.53611
1276,3.86856e+25,3.90663e+22,2.68512e+08,85,28.3887,28,0.520009
1277,2.41785e+24,4.78264e+21,6.7171e+07,81,27.5723,26,0.506333
1278,1.23794e+27,1.20931e+24,1.68206e+07,90,24.8711,24,0.449334
1279,7.92282e+28,7.73996e+25,1.718e+10,96,32.6533,34,0.58809
1280,4.95176e+27,4.83709e+24,1.37439e+11,92,35.251,37,0.62171
1281,7.92282e+28,1.54752e+26,3.43599e+10,96,33.1826,35,0.575776
1282,1.54743e+26,2.27132e+23,3.43598e+10,87,32.9873,35,0.579256
1283,1.51116e+23,3.54805e+20,6.87196e+10,77,33.5254,36,0.589148
1284,3.02231e+23,4.80147e+20,1.71799e+10,78,30.7988,34,0.5405
1285,1.23794e+27,1.28632e+24,8.59003e+09,90,30.4004,33,0.533553
1286,9.90352e+27,9.82452e+24,2.14756e+09,93,29.6113,31,0.534408
1287,4.95176e+27,7.40809e+24,4.29505e+09,92,30.4355,32,0.544639
1288,7.92282e+28,7.8026e+25,5.36929e+08,96,28.21,29,0.508119
1289,3.09485e+26,3.61731e+23,6.87196e+10,88,34.3447,36,0.612512
1290,7.92282e+28,7.77541e+25,2.14756e+09,96,29.4902,31,0.536123
1291,1.54743e+26,3.08173e+23,2.14757e+09,87,29.6104,31,0.538807
1292,7.92282e+28,9.71112e+25,4.29505e+09,96,30.1484,32,0.551352
1293,4.8357e+24,1.35052e+22,2.14756e+09,82,29.4893,31,0.53555
1294,7.92282e+28,7.80566e+25,2.68509e+08,96,28.1299,28,0.516245
1295,3.96141e+28,3.8724e+25,1.07381e+09,95,28.4482,30,0.519009
1296,1.54743e+26,2.19202e+23,2.12836e+06,87,24.6846,21,0.445689
1297,7.92282e+28,7.80622e+25,1.07381e+09,96,27.9014,30,0.503816
1298,7.73713e+25,8.00651e+22,5.36945e+08,86,27.9375,29,0.50398
1299,7.92282e+28,8.01794e+25,2.68511e+08,96,27.4678,28,0.493337
1300,7.92282e+28,7.76895e+25,5.36939e+08,96,27.4883,29,0.49406
1301,7.92282e+28,8.70443e+25,2.14757e+09,96,28.6943,31,0.51599
1302,2.47588e+27,2.45959e+24,8.59002e+09,91,30.8398,33,0.551994
1303,3.96141e+28,5.07941e+25,8.59003e+09,95,29.7666,33,0.532972
1304,6.1897e+26,6.06461e+23,4.29507e+09,89,28.7305,32,0.508446
1305,7.92282e+28,8.22179e+25,5.36947e+08,96,27.5938,29,0.48966
1306,4.8357e+24,9.44757e+21,8.59003e+09,82,29.3037,33,0.520977
1307,3.96141e+28,4.02125e+25,1.718e+10,95,30.5889,34,0.546106
1308,1.23794e+27,2.133e+24,1.718e+10,90,30.6074,34,0.545796
1309,1.54743e+26,3.04514e+23,2.14757e+09,87,28.8086,31,0.511317
1310,1.23794e+27,1.21726e+24,4.29506e+09,90,29.4043,32,0.521619
1311,3.86856e+25,4.72995e+22,5.36953e+08,85,28.8945,29,0.517314
1312,9.90352e+27,1.22512e+25,4.29504e+09,93,29.293,32,0.518939
1313,1.20893e+24,2.97529e+21,3.36045e+07,80,27.043,25,0.482594
1314,9.67141e+24,1.33692e+22,2.14756e+09,83,28.876,31,0.512415
1315,7.92282e+28,1.54833e+26,4.29505e+09,96,29.1484,32,0.519818
1316,3.09485e+26,3.25812e+23,8.59002e+09,88,29.3115,33,0.521691
1317,3.86856e+25,4.15879e+22,2.14756e+09,85,29.3662,31,0.521027
1318,7.73713e+25,1.1516e+23,3.43598e+10,86,32.3975,35,0.574615
1319,7.92282e+28,7.85964e+25,3.43598e+10,96,32.5518,35,0.578423
1320,3.09485e+26,3.08526e+23,1.37439e+11,88,34.3359,37,0.603911
1321,4.8357e+24,9.22164e+21,3.43598e+10,82,33.207,35,0.585233
1322,4.8357e+24,9.58501e+21,3.43599e+10,82,33.0752,35,0.581114
1323,7.92282e+28,7.77083e+25,6.87196e+10,96,33.1436,36,0.584227
1324,7.92282e+28,9.69526e+25,1.718e+10,96,31.5205,34,0.556068
1325,7.92282e+28,7.79783e+25,4.29506e+09,96,30.4385,32,0.542689
1326,7.92282e+28,7.76943e+25,8.59e+09,96,31.0449,33,0.551929
1327,9.90352e+27,1.10334e+25,1.34278e+08,93,29.8242,27,0.539945
1328,1.23794e+27,2.58114e+24,4.29505e+09,90,30.5498,32,0.552702
1329,7.92282e+28,7.74009e+25,6.87196e+10,96,34.041,36,0.617846
1330,6.1897e+26,7.82203e+23,3.43598e+10,89,32.5527,35,0.588866
1331,9.67141e+24,1.07907e+22,4.29504e+09,83,28.9629,32,0.52799
1332,7.92282e+28,7.74597e+25,4.29507e+09,96,29.293,32,0.533996
1333,7.92282e+28,8.71636e+25,2.19902e+12,96,38.7832,41,0.689814
1334,7.92282e+28,1.5486e+26,1.37439e+11,96,35.8975,37,0.64617
1335,4.95176e+27,5.16377e+24,1.37439e+11,92,35.6025,37,0.636446
1336,6.1897e+26,7.72675e+23,1.37439e+11,89,35.7783,37,0.630008
1337,7.92282e+28,1.54755e+26,1.37439e+11,96,33.1475,37,0.585787
1338,7.92282e+28,8.74828e+25,5.49756e+11,96,35.5674,39,0.631756
1339,3.96141e+28,4.00209e+25,1.09951e+12,95,37.0107,40,0.648765
1340,3.09485e+26,3.19297e+23,4.39805e+12,88,39.21,42,0.686575
1341,2.47588e+27,2.43009e+24,5.49756e+11,91,37.0068,39,0.657143
1342,2.41785e+24,5.65519e+21,4.39805e+12,81,38.0703,42,0.677937
1343,1.23794e+27,1.32579e+24,2.74878e+11,90,36.377,38,0.649171
1344,7.92282e+28,1.54756e+26,1.09951e+12,96,37.5029,40,0.667747
1345,3.09485e+26,3.09086e+23,1.37439e+11,88,35.1846,37,0.622654
1346,7.92282e+28,8.01573e+25,2.74878e+11,96,37.7266,38,0.671603
1347,1.9807e+28,1.96481e+25,5.49756e+11,94,37.0586,39,0.658276
1348,1.23794e+27,1.46796e+24,1.09951e+12,90,37.2188,40,0.670679
1349,1.54743e+26,1.72414e+23,5.49756e+11,87,35.8301,39,0.643025
1350,1.23794e+27,1.23507e+24,5.49756e+11,90,35.998,39,0.640842
1351,3.96141e+28,5.32794e+25,3.43598e+10,95,31.8311,35,0.575048
1352,7.73713e+25,1.62907e+23,2.74878e+11,86,34.8018,38,0.621877
1353,3.09485e+26,5.57813e+23,2.74878e+11,88,34.4336,38,0.623224
1354,7.92282e+28,1.54788e+26,5.49756e+11,96,35.5029,39,0.638603
1355,7.92282e+28,8.72232e+25,1.37439e+11,96,33.3447,37,0.609505
1356,7.73713e+25,1.21403e+23,1.09951e+12,86,35.832,40,0.651183
1357,7.92282e+28,2.32212e+26,2.14758e+09,96,28.8008,31,0.532411
1358,4.95176e+27,4.84974e+24,2.14756e+09,92,29.25,31,0.541261
1359,9.67141e+24,1.74682e+22,3.43598e+10,83,30.5732,35,0.569821
1360,9.90352e+27,1.03782e+25,3.43598e+10,93,31.9961,35,0.587338
1361,7.92282e+28,7.73863e+25,1.718e+10,96,30.4775,34,0.564402
1362,7.92282e+28,7.89628e+25,8.79609e+12,96,40.1094,43,0.724864
1363,7.92282e+28,2.56951e+26,2.74878e+11,96,33.8633,38,0.627437
1364,7.92282e+28,1.55105e+26,3.43599e+10,96,32.2598,35,0.596929
1365,4.95176e+27,5.07537e+24,2.14757e+09,92,27.7705,31,0.512482
1366,7.92282e+28,1.65121e+26,3.43598e+10,96,31.002,35,0.575403
1367,3.09485e+26,3.7802e+23,4.29504e+09,88,27.9111,32,0.521236
1368,7.92282e+28,8.00695e+25,5.36951e+08,96,28.2363,29,0.525316
1369,2.47588e+27,3.08593e+24,2.74878e+11,91,35.4268,38,0.644918
1370,7.92282e+28,1.59608e+26,1.09951e+12,96,37.4219,40,0.679133
1371,7.92282e+28,1.70995e+26,1.09951e+12,96,38.3008,40,0.694275
1372,4.95176e+27,7.38456e+24,4.39805e+12,92,39.4541,42,0.71673
1373,7.92282e+28,1.97069e+26,2.74878e+11,96,36.5029,38,0.665045
1374,4.95176e+27,7.29366e+24,1.09951e+12,92,37.2656,40,0.680744
1375,7.92282e+28,4.08232e+26,4.39805e+12,96,39.5898,42,0.725054
1376,7.92282e+28,2.22058e+26,1.09951e+12,96,37.9814,40,0.699625
1377,9.90352e+27,1.25651e+25,2.74878e+11,93,37.3926,38,0.690011
1378,7.92282e+28,3.29911e+26,2.19902e+12,96,40.7432,41,0.746247
1379,7.92282e+28,1.80188e+26,2.19902e+12,96,39.2139,41,0.706406
1380,7.92282e+28,2.74132e+26,5.49756e+11,96,37.5312,39,0.678693
1381,7.92282e+28,2.71552e+26,5.49756e+11,96,37.8193,39,0.684249
1382,1.9807e+28,1.93721e+25,1.37439e+11,94,35.4268,37,0.6405
1383,3.96141e+28,8.54285e+25,2.74878e+11,95,37.8496,38,0.681219
1384,7.92282e+28,1.59112e+26,1.37439e+11,96,37.2314,37,0.670712
1385,7.92282e+28,2.42871e+26,5.49756e+11,96,38.8125,39,0.707813
1386,7.92282e+28,2.62254e+26,2.74878e+11,96,38.5586,38,0.703231
1387,7.92282e+28,1.5506e+26,1.37439e+11,96,36.7861,37,0.66906
1388,7.92282e+28,5.52969e+26,1.37439e+11,96,36.3496,37,0.672753
1389,7.92282e+28,3.9152e+26,1.37439e+11,96,36.2803,37,0.660298
1390,7.92282e+28,9.93061e+25,6.87196e+10,96,35.0732,36,0.638445
1391,7.92282e+28,3.88421e+26,2.74878e+11,96,38.3545,38,0.705483
1392,7.92282e+28,2.56432e+26,1.37439e+11,96,36.4678,37,0.677668
1393,7.92282e+28,3.48556e+26,2.74878e+11,96,37.5469,38,0.690793
1394,2.47588e+27,4.42563e+24,2.74878e+11,91,37.542,38,0.689
1395,7.92282e+28,2.61266e+26,2.74878e+11,96,37.6367,38,0.68927
1396,7.92282e+28,2.33959e+26,1.09951e+12,96,38.6475,40,0.710769
1397,7.92282e+28,3.00099e+26,2.74878e+11,96,37.8545,38,0.692687
1398,4.95176e+27,5.78613e+24,5.49756e+11,92,38.1191,39,0.690893
1399,7.92282e+28,1.7427e+26,8.79609e+12,96,41.3652,43,0.75083
1400,1.23794e+27,1.27547e+24,2.19902e+12,90,39.3193,41,0.722269
1401,7.92282e+28,9.34691e+25,2.19902e+12,96,40.3652,41,0.73081
1402,7.92282e+28,4.16214e+26,4.39805e+12,96,40.2539,42,0.73653
1403,9.90352e+27,1.00738e+25,2.19902e+12,93,39.5234,41,0.726979
1404,7.92282e+28,2.54904e+26,1.75922e+13,96,42.21,44,0.768464
1405,1.9807e+28,3.21368e+25,4.39805e+12,94,40.4639,42,0.742286
1406,7.92282e+28,8.06478e+25,8.79609e+12,96,41.002,43,0.751557
1407,6.1897e+26,4.06035e+24,1.718e+10,89,31.3916,34,0.589895
1408,7.92282e+28,8.59062e+25,1.09951e+12,96,38.2295,40,0.702569
1409,7.92282e+28,8.73091e+25,6.87196e+10,96,35.7139,36,0.647408
1410,7.92282e+28,1.60251e+26,5.49756e+11,96,38.1152,39,0.688632
1411,7.92282e+28,2.85508e+26,1.37439e+11,96,35.373,37,0.6512
1412,7.92282e+28,4.29643e+26,1.37439e+11,96,36.2852,37,0.66988
1413,7.92282e+28,1.57204e+26,5.49756e+11,96,37.0898,39,0.673147
1414,7.92282e+28,4.08576e+26,1.09951e+12,96,39.0449,40,0.707098
1415,7.92282e+28,2.4688e+26,4.39805e+12,96,40.4131,42,0.738338
1416,3.96141e+28,4.83535e+25,5.49756e+11,95,37.4062,39,0.687176
1417,7.92282e+28,1.50174e+26,6.87196e+10,96,35.2363,36,0.650245
1418,7.92282e+28,3.33855e+26,1.37439e+11,96,35.5215,37,0.651021
1419,7.92282e+28,8.16897e+25,6.87196e+10,96,33.8096,36,0.624495
1420,7.92282e+28,1.73859e+26,2.74878e+11,96,36.8838,38,0.679626
1421,7.92282e+28,7.88569e+25,2.74878e+11,96,38.0674,38,0.701069
1422,7.92282e+28,1.74802e+26,1.09951e+12,96,39.1436,40,0.719581
1423,7.92282e+28,1.58722e+26,2.74878e+11,96,37.2061,38,0.693577
1424,7.92282e+28,2.6663e+26,5.49756e+11,96,37.7959,39,0.694915
1425,7.92282e+28,1.59587e+26,5.49756e+11,96,38.4639,39,0.71158
1426,7.92282e+28,2.74439e+26,5.49756e+11,96,38.1367,39,0.70121
1427,3.09485e+26,4.7086e+23,5.49756e+11,88,38.1113,39,0.704467
1428,7.92282e+28,1.65729e+26,4.39805e+12,96,40.5928,42,0.744602
1429,7.92282e+28,2.53155e+26,5.49756e+11,96,37.1865,39,0.681926
1430,7.92282e+28,9.49635e+25,1.09951e+12,96,38.2432,40,0.702201
1431,7.92282e+28,3.24481e+26,4.39805e+12,96,41.0859,42,0.760548
1432,7.92282e+28,1.56742e+26,4.39805e+12,96,39.2227,42,0.722302
1433,7.92282e+28,2.36391e+26,4.39805e+12,96,40.8652,42,0.748603
1434,7.92282e+28,2.4252e+26,4.39805e+12,96,40.8682,42,0.75416
1435,7.92282e+28,3.56978e+26,4.39805e+12,96,39.9502,42,0.733111
1436,7.92282e+28,3.35141e+26,4.39805e+12,96,39.6689,42,0.728996
1437,7.92282e+28,1.34069e+26,1.09951e+12,96,39.04,40,0.717509
1438,7.92282e+28,3.95814e+26,5.49756e+11,96,37.1992,39,0.685438
1439,7.92282e+28,3.2319e+26,1.37439e+11,96,36.0371,37,0.664276
1440,7.92282e+28,1.35804e+26,5.49756e+11,96,36.7344,39,0.672877
1441,7.92282e+28,9.1774e+25,2.74878e+11,96,35.1406,38,0.651082
1442,7.92282e+28,1.74543e+26,6.87196e+10,96,34.6367,36,0.643594
1443,7.92282e+28,2.45632e+26,5.49756e+11,96,37.9473,39,0.699644
1444,7.92282e+28,4.08899e+26,3.43598e+10,96,33.0977,35,0.612738
1445,7.92282e+28,2.46373e+26,6.87196e+10,96,34.1338,36,0.628692
1446,7.92282e+28,4.7399e+26,1.37439e+11,96,36.4404,37,0.678551
1447,7.92282e+28,3.16389e+26,6.87196e+10,96,34.5957,36,0.638902
1448,7.92282e+28,2.50479e+26,1.37439e+11,96,35.9482,37,0.66265
1449,7.92282e+28,1.57416e+26,3.43598e+10,96,33.3252,35,0.625375
1450,7.92282e+28,7.78666e+25,1.718e+10,96,31.1807,34,0.573741
1451,7.92282e+28,3.0989e+26,1.07381e+09,96,29.4941,30,0.547753
1452,7.92282e+28,7.87304e+25,1.37439e+11,96,34.4531,37,0.635921
1453,7.92282e+28,9.72547e+25,5.49756e+11,96,36.0977,39,0.668591
1454,7.92282e+28,2.78115e+26,5.49756e+11,96,35.918,39,0.66437
1455,7.92282e+28,2.44584e+26,6.87196e+10,96,34.8193,36,0.645735
1456,7.92282e+28,3.20603e+26,1.37439e+11,96,35.1973,37,0.654562
1457,7.92282e+28,1.94318e+26,2.74878e+11,96,36.1396,38,0.668475
1458,7.92282e+28,1.19418e+26,5.49756e+11,96,37.8867,39,0.693597
1459,7.92282e+28,2.49768e+26,5.49756e+11,96,37.7783,39,0.695407
1460,7.92282e+28,1.93461e+26,1.37439e+11,96,35.5322,37,0.648337
1461,7.92282e+28,8.78267e+25,1.37439e+11,96,34.8232,37,0.641977
1462,7.92282e+28,1.60155e+26,1.71799e+10,96,30.1875,34,0.561073
1463,7.92282e+28,2.21639e+26,1.37439e+11,96,34.9365,37,0.647427
1464,7.92282e+28,2.63679e+26,6.87196e+10,96,33.8066,36,0.622577
1465,7.92282e+28,2.71195e+26,6.87196e+10,96,34.6514,36,0.639469
1466,7.92282e+28,1.75985e+26,3.43598e+10,96,31.7295,35,0.585792
1467,7.92282e+28,2.65562e+26,2.74878e+11,96,35.4932,38,0.652871
1468,7.92282e+28,3.19373e+26,5.49756e+11,96,36.0439,39,0.668173
1469,7.92282e+28,3.98371e+26,5.49756e+11,96,36.6816,39,0.680603
1470,7.92282e+28,3.16307e+26,1.09951e+12,96,38.0576,40,0.710948
1471,7.92282e+28,3.14855e+26,1.37439e+11,96,34.2217,37,0.63732
1472,7.92282e+28,1.76686e+26,5.49756e+11,96,37.6348,39,0.693121
1473,3.96141e+28,4.40744e+25,2.74878e+11,95,35.1123,38,0.645644
1474,7.92282e+28,1.28531e+26,2.74878e+11,96,35.1348,38,0.667351
1475,7.92282e+28,4.06549e+26,1.37439e+11,96,35.0391,37,0.656689
1476,7.92282e+28,1.74989e+26,3.43599e+10,96,32.9717,35,0.621067
1477,1.9807e+28,2.11904e+25,1.37439e+11,94,34.8115,37,0.644801
1478,7.92282e+28,9.73549e+25,2.74878e+11,96,36.3584,38,0.685335
1479,7.92282e+28,2.32788e+26,2.74878e+11,96,34.418,38,0.651599
1480,7.92282e+28,3.95965e+26,1.37439e+11,96,34.3506,37,0.648706
1481,7.92282e+28,2.1906e+26,1.37439e+11,96,34.2607,37,0.642293
1482,7.92282e+28,3.19418e+26,3.43598e+10,96,32.2441,35,0.60168
1483,7.92282e+28,2.19601e+26,6.87196e+10,96,33.9922,36,0.646269
1484,7.92282e+28,7.88973e+25,2.74878e+11,96,34.5742,38,0.638727
1485,7.92282e+28,1.21015e+26,1.718e+10,96,32.5107,34,0.614987
1486,7.92282e+28,2.74323e+26,3.43598e+10,96,34.0537,35,0.644344
1487,7.92282e+28,3.12406e+26,2.74878e+11,96,36.085,38,0.668491
1488,1.9807e+28,4.11751e+25,6.87196e+10,94,33.9414,36,0.627899
1489,7.92282e+28,3.41576e+26,2.74878e+11,96,37.5137,38,0.692568
1490,7.92282e+28,1.76929e+26,2.74878e+11,96,35.8203,38,0.671822
1491,7.92282e+28,3.94212e+26,1.09951e+12,96,38.3887,40,0.715617
1492,7.92282e+28,6.25558e+26,5.49756e+11,96,37.7832,39,0.704967
1493,7.92282e+28,4.13334e+26,6.87196e+10,96,35.0977,36,0.660664
1494,7.92282e+28,3.33418e+26,2.19902e+12,96,38.4658,41,0.715519
1495,7.92282e+28,3.75668e+26,2.74878e+11,96,36.4502,38,0.671588
1496,7.92282e+28,4.71041e+26,5.49756e+11,96,37.6006,39,0.697067
1497,7.92282e+28,5.17217e+26,5.49756e+11,96,38.2139,39,0.708798
1498,7.92282e+28,5.1042e+26,2.74878e+11,96,37.6406,38,0.695346
1499,7.92282e+28,1.66323e+26,2.74878e+11,96,36.1084,38,0.665914
