38.5966
0,1011.31,9.14931,4,3,0.0380859,0,0.00990012
1,111.937,8.61821,5,1,0.0390625,0,0.0099786
2,109.275,8.42231,5,1,0.0361328,0,0.0101897
3,434.639,9.73046,5,2,0.0449219,0,0.0102515
4,435.151,12.2397,5,2,0.0634766,0,0.0102393
5,435.053,10.3731,5,2,0.046875,0,0.0104388
6,435.149,10.6459,5,2,0.0488281,0,0.0100987
7,435.151,11.3807,6,2,0.0566406,0,0.0104259
8,110.371,9.67484,5,1,0.0429688,0,0.0104662
9,435.117,10.1332,5,2,0.0419922,0,0.010402
10,435.053,12.4592,6,2,0.0644531,0,0.0105275
11,435.149,11.2195,6,2,0.0566406,0,0.0105621
12,435.127,11.8574,6,2,0.0625,0,0.0104032
13,435.053,11.8423,6,2,0.0605469,0,0.0105118
14,111.937,9.80245,6,1,0.0439453,0,0.0104713
15,435.127,11.0304,6,2,0.0517578,0,0.0105156
16,435.151,11.7177,6,2,0.0546875,0,0.0106522
17,434.412,10.6372,6,2,0.0478516,0,0.010645
18,435.053,10.7971,6,2,0.0498047,0,0.0106141
19,435.053,11.8167,6,2,0.0585938,0,0.0107197
20,435.149,10.3692,6,2,0.0458984,0,0.0106732
21,435.149,12.7532,6,2,0.0654297,0,0.0106253
22,435.076,10.1547,6,2,0.0419922,0,0.010707
23,136.624,10.6068,6,1,0.0507812,0,0.0106054
24,1005.85,12.23,6,3,0.0556641,0,0.0106764
25,435.127,12.6598,6,2,0.0634766,0,0.0106642
26,1011.31,12.8079,6,3,0.0566406,0,0.0107452
27,435.053,11.4886,6,2,0.0517578,0,0.0107554
28,435.151,10.9409,6,2,0.0498047,0,0.0107847
29,1011.31,13.6972,6,3,0.0664062,0,0.0107364
30,435.076,11.9019,6,2,0.0527344,0,0.0108146
31,435.149,12.9332,6,2,0.0615234,0,0.0107972
32,435.053,12.5325,6,2,0.0625,0,0.0109638
33,1012.18,15.6866,6,3,0.0742188,0,0.0107397
34,435.149,12.8536,6,2,0.0615234,0,0.0107976
35,435.151,10.8841,6,2,0.0478516,0,0.0106049
36,435.149,13.5466,6,2,0.0664062,0,0.0107498
37,435.117,12.1746,6,2,0.0585938,0,0.0106786
38,435.127,13.5362,6,2,0.0712891,0,0.0109251
39,435.151,13.3959,6,2,0.0654297,0,0.0108402
40,113.897,12.5922,6,1,0.0654297,0,0.0110092
41,435.151,12.7333,6,2,0.0634766,0,0.0108219
42,1007.46,14.2835,6,3,0.0693359,0,0.0109004
43,435.151,12.7204,6,2,0.0576172,0,0.0109123
44,435.149,13.4246,6,2,0.0673828,0,0.0111227
45,434.954,12.9836,6,2,0.0605469,0,0.0110696
46,435.127,14.5756,6,2,0.0722656,0,0.0110928
47,435.053,14.1593,6,2,0.0732422,0,0.0110796
48,435.127,12.5847,6,2,0.0605469,0,0.0109218
49,435.053,13.438,6,2,0.0654297,0,0.0110375
50,435.053,13.7588,6,2,0.0703125,0,0.0110955
51,110.903,12.2353,7,1,0.0585938,0,0.0111729
52,435.151,12.9333,7,2,0.0605469,0,0.0112116
53,435.117,14.7258,7,2,0.0703125,0,0.0111748
54,435.151,15.6311,7,2,0.0820312,0,0.0112947
55,435.053,14.3943,7,2,0.0771484,0,0.0111565
56,435.151,13.6495,7,2,0.0654297,0,0.0113388
57,435.117,16.7311,7,2,0.09375,0,0.0112282
58,435.149,13.2668,7,2,0.0634766,0,0.0112075
59,435.151,15.4121,7,2,0.0742188,0,0.0113243
60,435.149,15.8444,7,2,0.0810547,0,0.0112004
61,435.127,14.9697,7,2,0.0761719,0,0.0112085
62,435.151,14.9817,7,2,0.0771484,0,0.0113476
63,435.151,16.1661,7,2,0.0820312,0,0.0113163
64,1008.21,16.039,8,3,0.0810547,0,0.0114085
65,435.151,15.1889,8,2,0.0751953,0,0.0114564
66,435.149,15.8484,8,2,0.0859375,0,0.011466
67,435.151,17.2228,8,2,0.0927734,0,0.0115007
68,1011.31,16.2705,7,3,0.0810547,0,0.0114026
69,111.425,15.9526,8,1,0.0917969,0,0.0114462
70,435.149,17.1043,8,2,0.0927734,0,0.0115948
71,435.127,17.4009,8,2,0.0957031,0,0.0115513
72,435.053,14.977,8,2,0.0732422,0,0.0115445
73,435.151,15.9354,8,2,0.0810547,0,0.0113096
74,435.149,19.2275,8,2,0.107422,0,0.0115691
75,435.151,14.3598,8,2,0.0683594,0,0.0114311
76,435.127,15.8987,8,2,0.0830078,0,0.0116772
77,1008.92,19.4854,8,3,0.104492,0,0.01159
78,435.151,17.2878,8,2,0.0976562,0,0.0116823
79,1010.21,21.2054,8,3,0.117188,0,0.0118242
80,435.151,18.7001,8,2,0.0976562,0,0.0117045
81,435.151,17.7336,8,2,0.0957031,0,0.0117835
82,435.053,16.4304,8,2,0.0888672,0,0.0117655
83,435.127,16.7266,8,2,0.0878906,0,0.0117095
84,435.053,17.8044,8,2,0.0976562,0,0.011719
85,1009.59,18.5958,8,3,0.0966797,0,0.0117405
86,435.127,17.574,8,2,0.0947266,0,0.0118274
87,1008.92,18.4674,8,3,0.0947266,0,0.0116722
88,1009.59,21.1465,8,3,0.114258,0,0.0119077
89,435.149,18.3139,8,2,0.100586,0,0.0118003
90,1011.78,18.285,8,3,0.0986328,0,0.011776
91,435.127,18.4855,9,2,0.0996094,0,0.012081
92,435.053,16.7775,8,2,0.0859375,0,0.0119264
93,435.151,18.8415,8,2,0.102539,0,0.0118769
94,435.151,20.8531,9,2,0.120117,0,0.0119545
95,1012.52,20.6827,8,3,0.113281,0,0.0120303
96,1004.1,22.0573,9,3,0.12207,0,0.0120595
97,435.151,21.1809,8,2,0.120117,0,0.0118659
98,1012.18,23.5106,8,3,0.128906,0,0.0120808
99,435.149,21.8135,9,2,0.119141,0,0.0120796
100,435.151,20.7165,9,2,0.112305,0,0.0121078
101,435.151,24.1668,9,2,0.138672,0,0.0120943
102,435.151,21.6435,9,2,0.120117,0,0.012183
103,435.151,22.2142,9,2,0.129883,0,0.0123043
104,435.149,22.7221,9,2,0.136719,0,0.0121863
105,1008.92,23.2479,9,3,0.125977,0,0.0123251
106,1008.92,24.0185,9,3,0.140625,0,0.0123221
107,435.127,26.4857,9,2,0.155273,0,0.012393
108,435.151,24.9789,9,2,0.150391,0,0.0122548
109,435.151,25.4774,9,2,0.158203,0,0.0123914
110,435.151,24.8061,9,2,0.150391,0,0.0122771
111,1008.92,26.1268,9,3,0.151367,0,0.0123937
112,435.151,27.3686,9,2,0.166992,0,0.0123068
113,1011.31,28.4364,9,3,0.176758,0,0.0123818
114,1012.18,28.8029,9,3,0.171875,0,0.0124414
115,1008.92,30.1553,9,3,0.183594,0,0.0125652
116,435.151,30.2433,9,2,0.188477,0,0.0124206
117,1012.18,28.0602,9,3,0.163086,0,0.0124035
118,435.151,25.2675,9,2,0.161133,0,0.0124136
119,1008.92,29.3578,9,3,0.173828,0,0.012488
120,435.151,31.8131,9,2,0.203125,0,0.0125026
121,435.151,30.3165,9,2,0.178711,0,0.0126314
122,435.151,31.0087,9,2,0.191406,0,0.0125811
123,1845.26,31.3971,9,4,0.177734,0,0.0125068
124,1009.59,31.7074,9,3,0.194336,0,0.0126133
125,435.151,30.1011,9,2,0.183594,0,0.0126981
126,435.151,31.3422,9,2,0.193359,0,0.012565
127,435.151,29.1238,9,2,0.18457,0,0.0126474
128,435.151,36.0863,9,2,0.224609,0,0.0127522
129,435.151,31.0996,9,2,0.196289,0,0.0126234
130,1011.31,30.1275,9,3,0.1875,0,0.0126892
131,1012.18,35.0446,9,3,0.211914,0,0.0128
132,435.151,31.8529,9,2,0.207031,0,0.0128176
133,1009.59,34.225,9,3,0.208008,0,0.0127493
134,435.151,31.7331,9,2,0.207031,0,0.0126668
135,1008.92,39.1819,9,3,0.240234,0,0.0127525
136,1012.18,35.8472,9,3,0.220703,0,0.012944
137,435.149,32.9144,9,2,0.208984,0,0.0125697
138,1009.59,38.6051,9,3,0.226562,0,0.0127792
139,1010.21,37.6763,9,3,0.238281,0,0.0127164
140,1011.31,36.2447,9,3,0.239258,0,0.0128554
141,435.151,36.5286,9,2,0.244141,0,0.0129367
142,1011.31,38.3091,9,3,0.250977,0,0.0128474
143,1008.92,40.7792,9,3,0.254883,0,0.0128647
144,1010.21,36.6059,9,3,0.228516,0,0.0128411
145,435.151,35.9904,9,2,0.243164,0,0.0128092
146,1011.31,39.4199,9,3,0.236328,0,0.0128187
147,1010.21,34.1729,9,3,0.21582,0,0.0128317
148,1011.78,37.1769,9,3,0.237305,0,0.0128001
149,1008.92,38.0978,9,3,0.240234,0,0.0127898
150,435.151,39.6768,9,2,0.257812,0,0.0129024
151,1008.92,35.3309,9,3,0.231445,0,0.0128361
152,1010.21,36.0837,9,3,0.227539,0,0.012849
153,435.127,33.7914,9,2,0.235352,0,0.0128136
154,1011.31,41.1877,9,3,0.262695,0,0.0126983
155,1011.31,40.7032,9,3,0.258789,0,0.0129677
156,435.151,43.9727,10,2,0.289062,0,0.0128946
157,1011.31,34.8632,9,3,0.223633,0,0.0128845
158,1008.21,38.6464,9,3,0.254883,0,0.0128993
159,1848.92,46.4394,9,4,0.272461,0,0.0128173
160,1009.59,40.536,9,3,0.270508,0,0.012876
161,1008.92,40.1774,9,3,0.249023,0,0.0129593
162,1008.92,42.2584,10,3,0.267578,0,0.0130413
163,1008.92,42.0583,10,3,0.275391,0,0.0130367
164,1843.9,42.151,10,4,0.268555,0,0.0130821
165,435.151,37.374,9,2,0.248047,0,0.0129438
166,1008.92,45.4021,10,3,0.298828,0,0.0131346
167,1008.92,46.5559,11,3,0.286133,0,0.0132659
168,1011.31,46.7648,10,3,0.292969,0,0.0130435
169,435.151,44.4842,10,2,0.294922,0,0.0130183
170,1008.92,43.5326,9,3,0.277344,0,0.0129009
171,1011.31,42.8574,10,3,0.276367,0,0.0129537
172,1008.92,47.4471,11,3,0.307617,0,0.0132174
173,1010.21,44.2196,10,3,0.291016,0,0.0131161
174,435.151,41.5348,11,2,0.272461,0,0.0131594
175,1011.31,44.7111,10,3,0.299805,0,0.0131304
176,1008.92,45.3557,11,3,0.300781,0,0.0130633
177,1010.21,49.2195,11,3,0.310547,0,0.0130118
178,1008.92,46.7001,9,3,0.299805,0,0.0130358
179,1843.9,49.5827,10,4,0.306641,0,0.0131255
180,1011.31,43.203,10,3,0.275391,0,0.0131358
181,1846.55,45.2512,9,4,0.274414,0,0.0130247
182,435.151,43.76,9,2,0.279297,0,0.0131303
183,435.149,40.8758,10,2,0.273438,0,0.0131527
184,1010.79,46.821,10,3,0.295898,0,0.0131088
185,435.151,45.4996,10,2,0.292969,0,0.0131983
186,435.151,43.5275,10,2,0.291016,0,0.0132186
187,435.151,39.6362,9,2,0.263672,0,0.0131084
188,1012.18,46.9154,10,3,0.291016,0,0.0131618
189,435.151,42.9439,10,2,0.274414,0,0.0130993
190,1009.59,44.7037,10,3,0.287109,0,0.013181
191,1010.79,45.8688,10,3,0.297852,0,0.0130168
192,1848.92,43.8018,9,4,0.292969,0,0.0130098
193,435.151,41.2682,11,2,0.269531,0,0.0131375
194,1011.78,44.5345,11,3,0.286133,0,0.0133331
195,1009.59,47.6277,11,3,0.314453,0,0.013126
196,1010.21,40.8448,11,3,0.257812,0,0.0132931
197,1008.92,42.0917,11,3,0.273438,0,0.0132146
198,1011.31,41.9745,11,3,0.279297,0,0.0132593
199,1011.31,50.5623,11,3,0.317383,0,0.0131929
200,435.151,42.4056,11,2,0.290039,0,0.0132568
201,1011.78,49.654,11,3,0.314453,0,0.0133074
202,1008.92,39.2506,10,3,0.253906,0,0.0133329
203,435.151,44.0636,10,2,0.298828,0,0.0131582
204,1011.31,46.6535,11,3,0.293945,0,0.0133686
205,435.151,48.0788,12,2,0.327148,0,0.0132705
206,1009.59,46.2473,10,3,0.305664,0,0.013118
207,1009.59,51.0095,11,3,0.320312,0,0.0134254
208,1010.21,45.7238,10,3,0.293945,0,0.0132399
209,1009.59,46.0697,11,3,0.295898,0,0.0134011
210,1010.21,46.0788,10,3,0.296875,0,0.0134302
211,435.151,44.941,11,2,0.306641,0,0.013594
212,1011.31,42.4514,11,3,0.268555,0,0.01346
213,1011.78,43.5039,10,3,0.280273,0,0.013269
214,435.151,45.0857,11,2,0.292969,0,0.01352
215,1008.92,39.8561,10,3,0.266602,0,0.013527
216,1009.59,42.4613,9,3,0.266602,0,0.0133173
217,1008.92,45.4995,10,3,0.289062,0,0.0132486
218,1011.31,48.388,12,3,0.318359,0,0.013423
219,1009.59,51.2679,11,3,0.328125,0,0.0132226
220,1010.79,46.3722,11,3,0.310547,0,0.0133299
221,1011.31,47.3,11,3,0.301758,0,0.0132816
222,1009.59,47.8912,11,3,0.311523,0,0.0133647
223,435.151,43.9927,9,2,0.286133,0,0.0132275
224,1843.9,45.7385,11,4,0.292969,0,0.0132737
225,435.151,47.2849,11,2,0.31543,0,0.0133834
226,1011.31,46.7593,11,3,0.295898,0,0.013471
227,1008.92,43.6261,11,3,0.282227,0,0.0132761
228,1011.78,45.9396,12,3,0.300781,0,0.0133853
229,1008.92,41.8292,11,3,0.270508,0,0.0132478
230,1008.92,43.5223,11,3,0.285156,0,0.0133815
231,1012.18,48.9248,12,3,0.322266,0,0.0134485
232,1008.92,45.9056,11,3,0.303711,0,0.013307
233,435.149,42.998,11,2,0.301758,0,0.0133273
234,1008.92,52.9096,10,3,0.328125,0,0.0132481
235,435.151,45.4465,11,2,0.291992,0,0.0133419
236,1011.31,45.5641,11,3,0.288086,0,0.0132769
237,1011.31,48.2463,12,3,0.3125,0,0.0134117
238,1011.31,51.2598,11,3,0.325195,0,0.0134119
239,1008.92,46.775,11,3,0.302734,0,0.0133755
240,435.151,45.697,11,2,0.297852,0,0.0132106
241,435.151,46.1584,12,2,0.310547,0,0.0133266
242,1008.92,49.6508,12,3,0.327148,0,0.0134083
243,1008.92,46.3795,11,3,0.303711,0,0.0134711
244,435.151,47.7651,12,2,0.313477,0,0.0134256
245,435.151,44.3542,11,2,0.292969,0,0.0134484
246,1008.92,46.4663,11,3,0.311523,0,0.013285
247,1008.92,46.0762,12,3,0.298828,0,0.013536
248,1008.92,49.3878,12,3,0.323242,0,0.0134798
249,435.151,46.3541,12,2,0.307617,0,0.0133216
250,1008.92,47.9,12,3,0.320312,0,0.0134159
251,1848.92,50.1643,12,4,0.320312,0,0.0134405
252,1008.92,48.909,12,3,0.314453,0,0.0134498
253,1008.92,48.3947,12,3,0.317383,0,0.0133963
254,435.151,42.0992,11,2,0.280273,0,0.0133357
255,1008.92,49.7155,12,3,0.325195,0,0.0134978
256,1011.31,47.3589,12,3,0.313477,0,0.013348
257,2951.77,48.7413,12,5,0.316406,0,0.0133287
258,1008.92,50.7592,12,3,0.332031,0,0.0135479
259,1007.46,45.4652,12,3,0.294922,0,0.0134294
260,1008.92,47.1878,12,3,0.300781,0,0.013462
261,1008.92,46.3315,12,3,0.302734,0,0.0134337
262,1008.92,50.4008,12,3,0.326172,0,0.0136829
263,1008.92,45.8074,12,3,0.299805,0,0.0136183
264,1008.92,48.8232,12,3,0.316406,0,0.0135461
265,1008.92,46.5203,13,3,0.31543,0,0.0135777
266,1009.59,51.4799,12,3,0.332031,0,0.0135489
267,1010.21,47.371,12,3,0.313477,0,0.0135829
268,1008.92,46.477,12,3,0.319336,0,0.0135988
269,1009.59,49.0723,12,3,0.311523,0,0.0135708
270,1011.31,51.6646,13,3,0.333008,0,0.0135549
271,1008.92,48.1233,13,3,0.320312,0,0.0135768
272,1010.79,47.5291,12,3,0.308594,0,0.0134931
273,1008.92,50.7459,12,3,0.328125,0,0.0134583
274,1010.21,47.1488,12,3,0.304688,0,0.0134198
275,1008.92,46.2125,12,3,0.295898,0,0.0136296
276,1008.92,43.6975,12,3,0.287109,0,0.0135695
277,1008.92,46.8323,12,3,0.303711,0,0.0134661
278,1008.92,48.6976,12,3,0.320312,0,0.0135125
279,1002.23,44.6297,12,3,0.288086,0,0.0136788
280,1008.92,44.8805,12,3,0.298828,0,0.0136147
281,1008.92,42.1646,12,3,0.289062,0,0.0136027
282,1007.46,49.8078,13,3,0.331055,0,0.0136022
283,1008.92,50.1783,13,3,0.323242,0,0.0136249
284,1011.31,48.21,13,3,0.318359,0,0.0135389
285,1011.31,54.4154,13,3,0.34668,0,0.0135829
286,435.151,47.3092,13,2,0.317383,0,0.0135904
287,1843.9,55.5038,13,4,0.361328,0,0.0136999
288,1011.31,50.4626,13,3,0.323242,0,0.013594
289,435.151,46.1223,12,2,0.307617,0,0.0134963
290,1009.59,55.4048,13,3,0.347656,0,0.0136741
291,1008.92,48.4712,13,3,0.327148,0,0.0136221
292,1008.92,46.9776,13,3,0.313477,0,0.0135971
293,1011.31,50.57,13,3,0.327148,0,0.0136195
294,1010.21,49.4785,13,3,0.325195,0,0.013581
295,435.151,47.0382,13,2,0.324219,0,0.0135798
296,435.151,51.4576,13,2,0.338867,0,0.013628
297,435.151,46.6986,12,2,0.3125,0,0.0134364
298,1008.92,47.2866,13,3,0.310547,0,0.013372
299,435.151,51.1446,13,2,0.332031,0,0.0134795
300,1008.92,45.6686,12,3,0.30957,0,0.0134876
301,1008.92,49.5734,13,3,0.325195,0,0.0136302
302,1011.31,48.6957,13,3,0.322266,0,0.0134948
303,1008.92,46.6062,12,3,0.305664,0,0.0134964
304,1011.31,49.6554,13,3,0.313477,0,0.0136379
305,1008.92,47.5597,12,3,0.323242,0,0.0135086
306,1008.92,48.8594,12,3,0.322266,0,0.0134649
307,1009.59,52.6628,13,3,0.34375,0,0.0135262
308,1008.92,49.4481,12,3,0.321289,0,0.0134905
309,1008.92,46.5548,12,3,0.300781,0,0.0134708
310,1008.92,48.406,12,3,0.308594,0,0.0134687
311,1011.31,50.2536,12,3,0.317383,0,0.0134797
312,1008.92,50.1712,13,3,0.323242,0,0.0135488
313,1008.92,50.1406,13,3,0.341797,0,0.013636
314,1010.21,50.0196,13,3,0.328125,0,0.013704
315,1011.31,48.563,12,3,0.311523,0,0.0136813
316,1843.9,55.2174,13,4,0.358398,0,0.0135459
317,1008.92,48.8324,13,3,0.333008,0,0.0137464
318,1008.92,47.5737,13,3,0.310547,0,0.0135541
319,1010.79,48.0567,13,3,0.323242,0,0.013571
320,1008.92,49.2871,13,3,0.334961,0,0.0135815
321,1011.31,51.8371,13,3,0.344727,0,0.0136312
322,1008.92,48.0021,13,3,0.326172,0,0.013534
323,1008.92,46.5094,13,3,0.306641,0,0.0135907
324,1011.31,51.2296,13,3,0.333984,0,0.013731
325,1011.31,51.4566,13,3,0.337891,0,0.0136745
326,1843.9,52.787,13,4,0.336914,0,0.013772
327,1008.92,50.119,13,3,0.334961,0,0.0136207
328,435.151,51.3459,13,2,0.332031,0,0.0135822
329,1011.78,47.1964,13,3,0.305664,0,0.013585
330,1008.92,51.7409,13,3,0.332031,0,0.013654
331,1011.31,46.5891,13,3,0.306641,0,0.0135908
332,1843.9,49.168,13,4,0.313477,0,0.0135288
333,1843.9,56.6414,13,4,0.356445,0,0.0135708
334,1008.92,50.0252,13,3,0.326172,0,0.013585
335,1008.92,51.5333,13,3,0.331055,0,0.013655
336,1008.92,47.8555,13,3,0.31543,0,0.0136554
337,1009.59,44.113,13,3,0.290039,0,0.013569
338,435.151,53.8804,13,2,0.345703,0,0.0136398
339,1011.31,53.0022,13,3,0.34082,0,0.0136425
340,1846.55,56.3516,13,4,0.358398,0,0.013668
341,1009.59,51.501,13,3,0.333008,0,0.0137237
342,1008.92,51.425,13,3,0.334961,0,0.013809
343,435.151,48.2875,13,2,0.323242,0,0.0135209
344,1010.21,49.8214,13,3,0.332031,0,0.0138516
345,1008.92,48.835,13,3,0.326172,0,0.0136761
346,435.151,50.7872,13,2,0.335938,0,0.0136128
347,1008.92,57.6733,13,3,0.375,0,0.0136328
348,1008.92,57.2744,13,3,0.353516,0,0.0137197
349,1009.59,53.1465,13,3,0.335938,0,0.0136069
350,1008.92,54.7189,13,3,0.350586,0,0.0138065
351,435.151,53.2208,13,2,0.351562,0,0.013763
352,1008.92,52.7424,13,3,0.339844,0,0.0137255
353,1008.92,47.0467,13,3,0.316406,0,0.0137415
354,1008.92,47.1887,13,3,0.305664,0,0.0137826
355,1011.31,46.9291,13,3,0.310547,0,0.0137001
356,1008.92,50.5901,13,3,0.332031,0,0.0136983
357,435.151,47.8151,13,2,0.313477,0,0.0136776
358,1012.18,51.1963,13,3,0.341797,0,0.0136846
359,1843.9,51.6935,13,4,0.344727,0,0.0136742
360,1009.59,47.8926,13,3,0.305664,0,0.0135097
361,1008.92,52.987,13,3,0.353516,0,0.0136981
362,435.151,51.2102,13,2,0.329102,0,0.013687
363,1011.31,53.3824,13,3,0.344727,0,0.0137332
364,1008.92,52.5505,13,3,0.336914,0,0.0138158
365,1008.92,49.2477,13,3,0.319336,0,0.0136763
366,1011.31,47.9807,13,3,0.306641,0,0.0137468
367,1011.31,52.6702,13,3,0.349609,0,0.0136687
368,435.151,51.9563,13,2,0.336914,0,0.0137149
369,1008.92,52.4555,13,3,0.333008,0,0.0137218
370,435.151,47.3374,13,2,0.308594,0,0.0136243
371,1008.92,50.73,13,3,0.328125,0,0.0136582
372,1011.78,52.8436,13,3,0.34082,0,0.0137469
373,1008.92,48.8704,13,3,0.316406,0,0.0137278
374,1008.92,45.5953,13,3,0.304688,0,0.0138438
375,435.151,47.572,13,2,0.319336,0,0.0137364
376,1008.92,51.33,13,3,0.34668,0,0.0138811
377,1011.78,48.3401,13,3,0.324219,0,0.0137673
378,1012.18,50.5856,13,3,0.336914,0,0.0136822
379,435.151,45.0149,13,2,0.311523,0,0.0136942
380,1008.92,48.8982,13,3,0.321289,0,0.0136117
381,1010.21,50.8501,13,3,0.329102,0,0.0137571
382,1009.59,50.4681,13,3,0.328125,0,0.0136573
383,1843.9,55.1018,13,4,0.344727,0,0.0138085
384,1008.92,49.8202,13,3,0.334961,0,0.0136847
385,1008.92,49.2207,13,3,0.31543,0,0.0136731
386,1011.31,48.0322,13,3,0.323242,0,0.0136624
387,1008.92,45.5341,13,3,0.299805,0,0.0138322
388,435.151,49.0111,13,2,0.330078,0,0.0137495
389,435.151,48.0452,13,2,0.322266,0,0.0137157
390,1011.78,54.868,13,3,0.361328,0,0.0137819
391,1010.21,50.1144,13,3,0.330078,0,0.0138008
392,1843.9,52.6749,13,4,0.335938,0,0.0138881
393,1012.18,50.5537,13,3,0.323242,0,0.0137904
394,1843.9,51.8541,13,4,0.337891,0,0.0137631
395,1008.92,46.7243,13,3,0.306641,0,0.0138329
396,435.151,53.1198,13,2,0.353516,0,0.0138419
397,1008.92,49.5037,13,3,0.323242,0,0.0139338
398,1008.92,54.9668,13,3,0.362305,0,0.0138827
399,1008.92,48.315,13,3,0.318359,0,0.0137429
400,1008.92,51.112,13,3,0.344727,0,0.0137932
401,1011.31,51.0109,13,3,0.335938,0,0.0138688
402,1010.21,51.8151,13,3,0.332031,0,0.013834
403,1008.92,49.0299,13,3,0.333008,0,0.0138424
404,1843.9,56.9038,13,4,0.363281,0,0.0139106
405,1008.92,50.232,13,3,0.328125,0,0.0139405
406,435.151,49.211,13,2,0.331055,0,0.0138445
407,1009.59,50.7469,13,3,0.323242,0,0.0137767
408,1008.92,57.4762,13,3,0.37207,0,0.0137539
409,1010.79,58.2767,13,3,0.375977,0,0.0137162
410,1011.78,59.0724,13,3,0.384766,0,0.0138659
411,435.151,46.3414,13,2,0.30957,0,0.0136819
412,1011.31,56.8152,13,3,0.360352,0,0.0138146
413,1011.31,55.9892,13,3,0.359375,0,0.0136647
414,1843.9,54.0723,13,4,0.34375,0,0.0137341
415,1008.92,48.2186,13,3,0.320312,0,0.0137839
416,1008.92,51.2763,13,3,0.337891,0,0.0138634
417,1008.92,54.155,13,3,0.348633,0,0.0138446
418,1011.31,53.1173,13,3,0.341797,0,0.0136379
419,1011.78,52.7145,13,3,0.337891,0,0.0138194
420,1009.59,51.6302,13,3,0.339844,0,0.0138414
421,1009.59,47.0748,13,3,0.307617,0,0.0137037
422,1008.92,44.9073,13,3,0.298828,0,0.013748
423,1011.31,49.3082,13,3,0.329102,0,0.0138587
424,1843.9,55.3298,13,4,0.339844,0,0.0138143
425,1008.92,50.7023,13,3,0.338867,0,0.0137432
426,1008.92,52.6916,13,3,0.353516,0,0.0136901
427,1008.92,49.2485,13,3,0.314453,0,0.0138399
428,1008.92,50.5766,13,3,0.334961,0,0.0137906
429,1843.9,48.289,13,4,0.30957,0,0.0140499
430,1008.92,52.3259,13,3,0.333008,0,0.0138345
431,1008.92,54.2492,13,3,0.351562,0,0.0138703
432,1008.92,56.7519,13,3,0.366211,0,0.0138316
433,1008.92,52.1501,13,3,0.34668,0,0.014027
434,1011.31,55.0189,13,3,0.359375,0,0.013938
435,1009.59,54.499,13,3,0.349609,0,0.0138199
436,1011.78,50.8252,13,3,0.333008,0,0.0138354
437,1008.92,55.2972,13,3,0.370117,0,0.0138519
438,1011.31,53.6822,13,3,0.356445,0,0.0137806
439,1011.31,58.572,13,3,0.366211,0,0.0137931
440,435.149,55.1012,13,2,0.349609,0,0.0138231
441,435.149,51.9849,13,2,0.335938,0,0.013779
442,435.151,51.2463,13,2,0.336914,0,0.0138367
443,1011.31,51.8412,13,3,0.34375,0,0.0137599
444,1011.31,55.0625,13,3,0.354492,0,0.0138002
445,1008.92,54.6924,13,3,0.356445,0,0.0137923
446,1008.92,55.3492,13,3,0.373047,0,0.013932
447,1011.31,48.9972,13,3,0.323242,0,0.0138008
448,1011.31,53.0609,13,3,0.344727,0,0.0138548
449,1843.9,53.6178,13,4,0.357422,0,0.0137147
450,1008.92,50.9534,13,3,0.339844,0,0.0138422
451,435.151,51.1876,13,2,0.334961,0,0.0138522
452,1008.92,50.7329,13,3,0.333008,0,0.0137744
453,1010.21,50.1834,13,3,0.336914,0,0.0138424
454,1008.92,50.6474,13,3,0.333984,0,0.0137596
455,1011.31,52.0505,13,3,0.333984,0,0.0137174
456,1008.92,49.3826,13,3,0.331055,0,0.0138635
457,1008.92,49.8239,13,3,0.334961,0,0.0137556
458,1008.92,55.3663,13,3,0.366211,0,0.0139713
459,1008.92,51.8615,13,3,0.344727,0,0.0139411
460,1843.9,53.9538,13,4,0.350586,0,0.0138807
461,1008.92,48.888,13,3,0.325195,0,0.0136907
462,1008.92,46.2524,13,3,0.308594,0,0.0137397
463,1008.92,48.2201,13,3,0.314453,0,0.0138621
464,1011.31,49.3313,13,3,0.318359,0,0.0138037
465,1843.9,51.8328,13,4,0.328125,0,0.0138009
466,1011.31,50.2676,13,3,0.314453,0,0.0137167
467,1011.31,50.3084,13,3,0.329102,0,0.0138474
468,1011.31,54.4131,13,3,0.34668,0,0.013842
469,1008.92,51.353,13,3,0.34375,0,0.0138495
470,1008.92,47.8195,13,3,0.30957,0,0.0138237
471,1008.92,57.4249,13,3,0.363281,0,0.0138166
472,1008.92,52.2309,13,3,0.347656,0,0.0138567
473,1008.92,50.8574,13,3,0.334961,0,0.0138871
474,1008.92,50.2909,13,3,0.319336,0,0.0138016
475,435.127,45.0612,13,2,0.307617,0,0.0138517
476,1008.92,48.6375,13,3,0.334961,0,0.0137467
477,1008.92,54.2377,13,3,0.334961,0,0.0138808
478,1008.92,48.6067,13,3,0.318359,0,0.0139536
479,1011.31,52.4808,13,3,0.351562,0,0.0139376
480,1008.92,56.0851,13,3,0.358398,0,0.0138699
481,1008.92,52.7683,13,3,0.34082,0,0.0138608
482,1011.31,52.5712,13,3,0.336914,0,0.0138511
483,1008.92,51.1588,13,3,0.332031,0,0.0138707
484,435.127,51.7743,13,2,0.349609,0,0.0139078
485,435.151,48.2482,13,2,0.323242,0,0.0137737
486,1008.92,49.4652,13,3,0.321289,0,0.0138527
487,1008.92,47.8539,13,3,0.31543,0,0.0138856
488,1008.92,50.4322,13,3,0.321289,0,0.0138971
489,435.151,54.5574,13,2,0.353516,0,0.0140286
490,1008.92,50.7118,13,3,0.322266,0,0.0138251
491,1011.31,52.6538,13,3,0.34082,0,0.0138451
492,435.151,48.1,13,2,0.318359,0,0.0138578
493,1008.92,52.5728,13,3,0.330078,0,0.0137825
494,1843.9,56.3376,13,4,0.358398,0,0.0138531
495,1011.31,48.7026,13,3,0.310547,0,0.0139013
496,1008.92,52.5355,13,3,0.331055,0,0.0138825
497,1008.92,48.1159,13,3,0.325195,0,0.0138811
498,1011.31,51.4918,13,3,0.336914,0,0.0138018
499,1008.92,47.0834,13,3,0.308594,0,0.0138643
500,1008.92,51.3361,13,3,0.333984,0,0.0137336
501,1009.59,49.8282,13,3,0.334961,0,0.0137981
502,1011.31,55.2204,13,3,0.361328,0,0.0138635
503,1011.31,53.0675,13,3,0.345703,0,0.0138029
504,1011.31,54.5704,13,3,0.348633,0,0.0139621
505,1008.92,52.4495,13,3,0.353516,0,0.0138325
506,1008.92,52.945,13,3,0.338867,0,0.013771
507,1011.31,46.1624,13,3,0.301758,0,0.0137197
508,1008.92,50.8611,13,3,0.330078,0,0.0138885
509,1008.92,53.2085,13,3,0.336914,0,0.0139297
510,435.127,48.0247,13,2,0.319336,0,0.0138409
511,1009.59,50.6456,13,3,0.333008,0,0.0138046
512,1008.92,54.2838,13,3,0.34668,0,0.0138863
513,1011.78,51.6024,13,3,0.334961,0,0.0138009
514,1008.92,50.3427,13,3,0.327148,0,0.0140083
515,1008.92,53.3894,13,3,0.34668,0,0.0138338
516,1008.92,54.0075,13,3,0.344727,0,0.0139701
517,1008.92,55.5144,13,3,0.352539,0,0.0140562
518,1011.78,55.1397,13,3,0.356445,0,0.0138352
519,1009.59,50.1438,13,3,0.327148,0,0.0139743
520,1011.31,55.1949,13,3,0.348633,0,0.0138627
521,1008.92,52.4012,13,3,0.342773,0,0.0139748
522,435.151,50.8207,13,2,0.341797,0,0.0140932
523,1845.26,52.4841,13,4,0.337891,0,0.013945
524,435.151,51.4445,13,2,0.337891,0,0.0139419
525,1008.92,51.3762,13,3,0.330078,0,0.0140016
526,1008.92,56.1231,13,3,0.363281,0,0.0141726
527,1008.21,50.3981,13,3,0.334961,0,0.0140886
528,1010.21,49.9402,13,3,0.317383,0,0.0140201
529,1011.31,52.668,13,3,0.333984,0,0.0140226
530,1008.92,49.9515,13,3,0.333984,0,0.0141612
531,1005.85,49.4827,13,3,0.321289,0,0.014026
532,1011.31,54.9243,13,3,0.348633,0,0.0141557
533,435.149,49.6927,13,2,0.334961,0,0.0140359
534,1008.92,52.8234,13,3,0.34668,0,0.0141703
535,1008.92,49.7452,13,3,0.331055,0,0.013998
536,1011.31,52.661,13,3,0.335938,0,0.0141642
537,1008.92,56.8928,13,3,0.370117,0,0.014272
538,1004.1,49.5718,13,3,0.320312,0,0.0142512
539,1011.31,54.229,13,3,0.358398,0,0.0142971
540,1008.92,53.7562,13,3,0.327148,0,0.0140701
541,1011.31,53.2455,13,3,0.338867,0,0.0142692
542,1006.68,55.2333,13,3,0.365234,0,0.0142742
543,1008.92,57.0039,13,3,0.373047,0,0.0142797
544,1010.79,57.8599,13,3,0.368164,0,0.0142627
545,1008.92,60.2042,13,3,0.389648,0,0.0144496
546,435.151,53.6553,13,2,0.356445,0,0.0142815
547,1008.92,51.6643,13,3,0.332031,0,0.0144258
548,1008.21,50.0005,13,3,0.325195,0,0.0143167
549,435.151,49.9698,13,2,0.332031,0,0.0144947
550,1008.92,58.2311,13,3,0.361328,0,0.0145025
551,1843.9,54.4433,13,4,0.349609,0,0.0145821
552,1008.92,54.02,13,3,0.351562,0,0.0147139
553,1008.92,47.6032,13,3,0.295898,0,0.0145782
554,435.151,53.7119,13,2,0.365234,0,0.0148546
555,1011.31,55.6856,13,3,0.357422,0,0.0148377
556,1005.85,54.7427,14,3,0.356445,0,0.0148807
557,1004.1,54.6903,14,3,0.348633,0,0.0149014
558,1010.21,53.333,14,3,0.339844,0,0.0150286
559,1009.59,60.3123,15,3,0.374023,0,0.0151758
560,1009.59,59.345,15,3,0.369141,0,0.0152667
561,1008.92,60.0593,15,3,0.386719,0,0.0153717
562,1008.21,62.724,15,3,0.399414,0,0.0155066
563,1010.79,66.3164,15,3,0.402344,0,0.0155609
564,2947.39,58.1495,15,5,0.355469,0,0.015453
565,1831.15,65.4222,16,4,0.395508,0,0.0158747
566,1008.92,64.1004,16,3,0.405273,0,0.0157842
567,1008.21,63.7222,16,3,0.400391,0,0.0159701
568,1008.21,59.0241,16,3,0.366211,0,0.0159697
569,1011.31,62.1749,16,3,0.388672,0,0.0160191
570,1008.21,67.7506,17,3,0.411133,0,0.0161035
571,1008.92,56.5168,15,3,0.345703,0,0.0156193
572,1010.21,64.213,17,3,0.381836,0,0.0163256
573,1006.68,64.9271,17,3,0.402344,0,0.0160722
574,1002.23,61.1211,17,3,0.360352,0,0.0164431
575,1802.66,68.491,17,4,0.400391,0,0.0164754
576,1008.92,63.5936,17,3,0.380859,0,0.0164848
577,1008.92,64.9183,18,3,0.389648,0,0.0166472
578,1010.21,68.8572,19,3,0.429688,0,0.0166386
579,435.149,59.6583,17,2,0.365234,0,0.016671
580,1008.92,67.9837,18,3,0.411133,0,0.0166912
581,1837.92,63.2833,17,4,0.366211,0,0.0166589
582,1841.02,61.8337,18,4,0.367188,0,0.016982
583,1819.76,67.6688,18,4,0.383789,0,0.0168443
584,1011.31,62.2024,18,3,0.37207,0,0.0173476
585,1793.4,71.971,19,4,0.417969,0,0.0177211
586,1827.51,66.6268,18,4,0.390625,0,0.0173672
587,1006.68,75.1675,19,3,0.417969,0,0.0177739
588,1842.49,72.8166,19,4,0.415039,0,0.0178241
589,1845.26,76.3002,20,4,0.418945,0,0.0178905
590,1004.1,67.787,21,3,0.404297,0,0.0181857
591,2897.56,76.6072,21,5,0.413086,0,0.0187001
592,1738.37,72.9586,22,4,0.40625,0,0.0191362
593,1010.21,72.9151,23,3,0.430664,0,0.0189517
594,1010.79,85.7084,24,3,0.458984,0,0.0193897
595,1815.68,74.8622,22,4,0.422852,0,0.0191405
596,1783.71,82.2607,23,4,0.446289,0,0.0192526
597,1008.21,76.1075,24,3,0.419922,0,0.0199578
598,1809.31,80.3661,27,4,0.455078,0,0.0201672
599,1008.92,77.1267,25,3,0.415039,0,0.0206221
600,998.128,88.0209,27,3,0.493164,0,0.0208925
601,1819.76,87.0626,27,4,0.43457,0,0.0212093
602,1831.15,86.1289,27,4,0.438477,0,0.021408
603,1834.62,87.2441,31,4,0.448242,0,0.0222268
604,1008.92,90.3509,35,3,0.501953,0,0.0219502
605,1007.46,87.4536,33,3,0.472656,0,0.0220219
606,1831.15,91.3136,33,4,0.483398,0,0.0223398
607,1004.1,89.3939,33,3,0.484375,0,0.0225338
608,1002.23,87.2165,34,3,0.483398,0,0.022632
609,1000.23,86.6623,33,3,0.458984,0,0.0226792
610,1827.51,102.163,38,4,0.546875,0,0.0231011
611,1819.76,91.5157,35,4,0.480469,0,0.0231727
612,1802.66,99.5134,36,4,0.511719,0,0.0233334
613,2927.27,98.7489,39,5,0.522461,0,0.0231076
614,1831.15,104.916,40,4,0.536133,0,0.0240028
615,1776.18,99.4948,35,4,0.5,0,0.0235701
616,4201.3,108.228,42,6,0.544922,0,0.0243628
617,1800.39,112.629,44,4,0.567383,0,0.0242838
618,1813.59,107.141,50,4,0.578125,0,0.0243341
619,1825.63,111.555,44,4,0.5625,0,0.0247373
620,1831.15,113.945,44,4,0.571289,0,0.0247647
621,1807.12,110.259,46,4,0.567383,0,0.0246781
622,1815.68,110.364,47,4,0.560547,0,0.0245815
623,1800.39,113.958,47,4,0.574219,0,0.0244717
624,2884.52,133.506,53,5,0.646484,0,0.0257683
625,1811.47,117.714,48,4,0.582031,0,0.0254452
626,1807.12,124.729,50,4,0.608398,0,0.025838
627,1813.59,116.456,50,4,0.583984,0,0.0260536
628,1715,120.455,53,4,0.599609,0,0.0272549
629,1807.12,117.766,50,4,0.582031,0,0.0261855
630,1807.12,116.559,53,4,0.605469,0,0.026141
631,2830.78,120.125,54,5,0.616211,0,0.0266773
632,1815.68,127.062,75,4,0.649414,0,0.0266293
633,2921.69,126.541,53,5,0.616211,0,0.0259501
634,1755.09,107.843,48,4,0.543945,0,0.0264296
635,2823.1,117.396,53,5,0.576172,0,0.0268974
636,2903.85,126.895,53,5,0.609375,0,0.0269027
637,2853.13,125.67,54,5,0.621094,0,0.0270359
638,2819.22,120.538,52,5,0.586914,0,0.0265859
639,1837.92,116.065,53,4,0.586914,0,0.0269919
640,1757.8,122.363,53,4,0.614258,0,0.0273907
641,1800.39,129.135,65,4,0.650391,0,0.0274462
642,1793.4,116.124,54,4,0.592773,0,0.0275299
643,2830.78,136.03,54,5,0.639648,0,0.0267537
644,2791.31,134.283,54,5,0.639648,0,0.0269282
645,1823.71,118.794,53,4,0.597656,0,0.0269308
646,1773.62,121.166,56,4,0.613281,0,0.0275005
647,2849.48,121.328,64,5,0.618164,0,0.0272977
648,1811.47,126.765,54,4,0.624023,0,0.0274599
649,1809.31,122.746,53,4,0.605469,0,0.0270998
650,2937.8,126.926,53,5,0.600586,0,0.0277767
651,4220.53,134.303,54,6,0.623047,0,0.0275576
652,1817.74,131.626,54,4,0.640625,0,0.0275363
653,1804.91,131.067,56,4,0.635742,0,0.0280908
654,1798.09,128.024,66,4,0.634766,0,0.0275824
655,1843.9,134.16,62,4,0.650391,0,0.0278651
656,1843.9,131.58,76,4,0.65625,0,0.0288564
657,1798.09,124.458,103.594,4,0.645508,1,0.0278799
658,1006.68,128.769,69,3,0.65625,0,0.027226
659,2929.99,123.387,54,5,0.610352,0,0.027715
660,1825.63,126.765,106.306,4,0.65625,1,0.027815
661,4229.91,125.724,54,6,0.618164,0,0.0272876
662,2884.52,126.512,68,5,0.631836,0,0.0275668
663,1837.92,134.175,55,4,0.65332,0,0.0277273
664,2799.41,133.069,101,5,0.660156,0,0.028028
665,1807.12,128.056,55,4,0.629883,0,0.0279643
666,1795.76,132.723,72,4,0.648438,0,0.0282439
667,1825.63,148.779,109.829,4,0.714844,1,0.028036
668,2863.89,131.305,105.663,5,0.662109,1,0.0278022
669,1841.02,141.025,74,4,0.682617,0,0.0272842
670,1821.75,132.239,105.663,4,0.667969,1,0.0273422
671,2863.89,136.662,64,5,0.658203,0,0.0272689
672,1788.61,136.597,76,4,0.671875,0,0.0277568
673,2845.8,123.317,51,5,0.59375,0,0.0276676
674,1823.71,128.337,67,4,0.635742,0,0.0284001
675,1004.1,129.557,105,3,0.663086,1,0.0285896
676,1802.66,137.136,65,4,0.667969,0,0.0283704
677,1815.68,132.505,105,4,0.667969,1,0.0282735
678,2870.9,132.838,63,5,0.642578,0,0.0276198
679,1809.31,124.153,55,4,0.620117,0,0.0284142
680,4243.67,140.556,107.538,6,0.682617,1,0.0286275
681,1778.72,128.698,56,4,0.631836,0,0.0283101
682,2811.38,144.901,106.306,5,0.698242,1,0.0280157
683,1839.49,130.011,63,4,0.635742,0,0.0280229
684,2881.17,131.001,106.93,5,0.65918,1,0.0281846
685,1825.63,133.935,61,4,0.646484,0,0.0286231
686,1827.51,137.606,64,4,0.654297,0,0.0279434
687,1834.62,126.204,76,4,0.640625,0,0.0283214
688,2874.36,132.946,54,5,0.635742,0,0.0276109
689,2870.9,129.283,61,5,0.634766,0,0.0287906
690,1821.75,126.791,70,4,0.641602,0,0.0283309
691,2807.41,136.869,107.538,5,0.675781,1,0.0276205
692,1800.39,130.219,73,4,0.649414,0,0.0285597
693,2881.17,142.936,105,5,0.686523,1,0.0278176
694,1807.12,133.769,54,4,0.65332,0,0.0278636
695,1827.51,125.331,54,4,0.609375,0,0.0283223
696,1815.68,137.676,108.13,4,0.68457,1,0.0284414
697,1813.59,142.197,70,4,0.672852,0,0.0285065
698,2870.9,139.159,105.663,5,0.681641,1,0.0283667
699,1827.51,134.287,75,4,0.657227,0,0.0281208
700,2870.9,144.565,108.13,5,0.688477,1,0.0281934
701,1802.66,132.034,109.829,4,0.679688,1,0.0281234
702,1807.12,131.172,68,4,0.651367,0,0.027738
703,1809.31,135.65,109.829,4,0.683594,1,0.0285451
704,2894.36,146.182,110.903,5,0.716797,1,0.028344
705,2826.95,141.412,107.538,5,0.686523,1,0.0282609
706,4150.74,156.535,107.538,6,0.711914,1,0.0286724
707,4229.91,145.044,109.829,6,0.71582,1,0.0275527
708,1811.47,132.942,105,4,0.666992,1,0.028647
709,2906.93,136.955,107.538,5,0.671875,1,0.0286901
710,1793.4,138.153,109.829,4,0.692383,1,0.0288922
711,2731.9,135.71,106.306,5,0.667969,1,0.0281683
712,1831.15,142.858,109.829,4,0.703125,1,0.0282037
713,1827.51,133.208,109.829,4,0.674805,1,0.0281381
714,2860.33,150.528,111.425,5,0.726562,1,0.0285693
715,1804.91,125.597,109.275,4,0.665039,1,0.0277922
716,2935.25,146.657,110.903,5,0.726562,1,0.0280161
717,1819.76,133.299,69,4,0.65625,0,0.0280671
718,2853.13,154.108,110.903,5,0.737305,1,0.0283762
719,2815.31,140.375,109.829,5,0.702148,1,0.0285545
720,1813.59,151.578,111.937,4,0.749023,1,0.0289141
721,1811.47,143.476,110.903,4,0.714844,1,0.0284031
722,2807.41,138.052,107.538,5,0.685547,1,0.028267
723,1811.47,138.543,109.275,4,0.682617,1,0.0289896
724,2891.12,148.243,107.538,5,0.708008,1,0.028843
725,2881.17,141.993,76,5,0.685547,0,0.0287935
726,2877.78,141.158,106.93,5,0.686523,1,0.0277233
727,2811.38,155.579,110.371,5,0.741211,1,0.0284089
728,4201.3,153.173,107.538,6,0.719727,1,0.0287259
729,1837.92,142.515,68,4,0.664062,0,0.0284264
730,1800.39,143.497,110.371,4,0.703125,1,0.0288407
731,1807.12,144.371,109.829,4,0.714844,1,0.0287272
732,2900.72,152.441,110.903,5,0.729492,1,0.0291126
733,1732.64,133.59,111.937,4,0.68457,1,0.0292911
734,2877.78,160.045,111.937,5,0.758789,1,0.0292616
735,1821.75,155.33,108.709,4,0.720703,1,0.0290793
736,2881.17,148.899,110.903,5,0.72168,1,0.028752
737,2849.48,140.337,110.903,5,0.707031,1,0.028854
738,1811.47,134.609,108.709,4,0.668945,1,0.0289498
739,2874.36,149.065,107.538,5,0.700195,1,0.0284524
740,1793.4,147.478,109.829,4,0.716797,1,0.0289637
741,2877.78,152.314,109.275,5,0.711914,1,0.0290132
742,1819.76,137.285,107.538,4,0.677734,1,0.0286764
743,2900.72,150.212,111.937,5,0.734375,1,0.028764
744,4340.67,140.156,105,6,0.678711,1,0.0285753
745,2826.95,156.083,110.903,5,0.742188,1,0.0287013
746,1773.62,137.06,109.829,4,0.693359,1,0.0283112
747,5978.95,148.428,111.937,7,0.75,1,0.0280541
748,1819.76,141.416,107.538,4,0.694336,1,0.0279343
749,1825.63,136.377,110.371,4,0.692383,1,0.0281247
750,1763.17,138.508,106.93,4,0.682617,1,0.0283042
751,1807.12,148.791,110.903,4,0.717773,1,0.0287039
752,1819.76,147.943,110.903,4,0.733398,1,0.0286984
753,4313.68,147.568,106.93,6,0.695312,1,0.0287159
754,2909.97,152.209,110.903,5,0.733398,1,0.0283908
755,2867.41,145.502,109.829,5,0.701172,1,0.0285755
756,2826.95,145.507,111.937,5,0.717773,1,0.0288616
757,2849.48,153.872,111.425,5,0.733398,1,0.028667
758,1811.47,140.555,106.306,4,0.678711,1,0.0294775
759,1802.66,139.563,108.13,4,0.688477,1,0.0290529
760,1821.75,142.744,105.663,4,0.681641,1,0.0291104
761,2849.48,148.659,109.829,5,0.720703,1,0.0287296
762,2856.74,133.408,103.594,5,0.65625,1,0.0289804
763,1819.76,139.57,110.903,4,0.709961,1,0.0285265
764,1809.31,161.262,110.903,4,0.761719,1,0.0295038
765,2903.85,146.672,105,5,0.697266,1,0.029011
766,1825.63,138.393,110.903,4,0.689453,1,0.028533
767,1811.47,147.348,110.903,4,0.716797,1,0.0299111
768,1834.62,155.803,110.903,4,0.743164,1,0.0296408
769,4201.3,161.859,111.937,6,0.764648,1,0.0291934
770,2830.78,154.556,110.903,5,0.732422,1,0.029438
771,1837.92,146.125,106.93,4,0.701172,1,0.0289954
772,4155.95,159.046,109.829,6,0.725586,1,0.0290408
773,1815.68,156.341,109.829,4,0.733398,1,0.0297376
774,2803.43,163.587,111.937,5,0.782227,1,0.0297612
775,2915.92,165.039,107.538,5,0.736328,1,0.0300193
776,1821.75,147.669,108.13,4,0.706055,1,0.0294302
777,4248.17,146.923,108.13,6,0.694336,1,0.0287579
778,2884.52,150.785,111.937,5,0.741211,1,0.0288001
779,2867.41,151.568,104.312,5,0.706055,1,0.0295592
780,1815.68,151.712,109.829,4,0.71582,1,0.0299721
781,1825.63,150.791,109.829,4,0.72168,1,0.0289476
782,1827.51,136.605,106.306,4,0.675781,1,0.0291206
783,1831.15,162.421,111.937,4,0.759766,1,0.0297538
784,2819.22,153.152,113.419,5,0.774414,1,0.0292594
785,1786.17,136.549,110.903,4,0.685547,1,0.0297898
786,2884.52,143.819,109.829,5,0.694336,1,0.0296758
787,2891.12,171.414,111.937,5,0.77832,1,0.0299312
788,1817.74,151.429,111.425,4,0.735352,1,0.0295227
789,2891.12,153.542,111.937,5,0.735352,1,0.0304182
790,2909.97,149.891,109.829,5,0.711914,1,0.0304035
791,2863.89,157.196,112.934,5,0.759766,1,0.0310395
792,1815.68,164.676,111.937,4,0.755859,1,0.0307638
793,2823.1,152.149,111.937,5,0.738281,1,0.0302923
794,4210.99,165.778,112.934,6,0.766602,1,0.0309204
795,2877.78,153.355,108.709,5,0.708984,1,0.0303567
796,1811.47,151.197,111.937,4,0.728516,1,0.0303302
797,1795.76,139.407,110.903,4,0.693359,1,0.0299729
798,1831.15,144.36,110.903,4,0.716797,1,0.030315
799,1809.31,147.545,110.903,4,0.723633,1,0.0303088
800,2819.22,147.929,110.903,5,0.71875,1,0.0300967
801,1815.68,140.291,111.937,4,0.713867,1,0.0297891
802,2906.93,155.982,109.829,5,0.734375,1,0.030044
803,1819.76,151.442,112.934,4,0.745117,1,0.0299185
804,4220.53,157.185,111.425,6,0.736328,1,0.0305276
805,1791.02,149.386,112.934,4,0.74707,1,0.0306076
806,2845.8,152.618,108.13,5,0.711914,1,0.0306109
807,1829.35,140.187,110.903,4,0.688477,1,0.030606
808,1815.68,152.681,111.937,4,0.741211,1,0.0301705
809,1813.59,145.116,107.538,4,0.68457,1,0.0306801
810,1804.91,143.554,75,4,0.682617,0,0.0301163
811,2740.66,152.394,111.937,5,0.750977,1,0.0303651
812,2856.74,151.809,111.425,5,0.743164,1,0.0294018
813,1819.76,156.885,110.903,4,0.738281,1,0.0300335
814,2770.61,159.54,111.937,5,0.75293,1,0.0303989
815,2863.89,161.298,110.371,5,0.729492,1,0.0303901
816,2740.66,147.693,111.425,5,0.720703,1,0.0303125
817,2842.09,152.829,111.937,5,0.736328,1,0.0301462
818,2842.09,155.908,110.903,5,0.742188,1,0.0296911
819,1837.92,157.61,113.897,4,0.766602,1,0.0301916
820,2915.92,151.946,110.903,5,0.71875,1,0.0302557
821,1842.49,149.918,110.903,4,0.720703,1,0.0304273
822,1795.76,154.562,111.937,4,0.745117,1,0.0303434
823,1793.4,150.943,113.897,4,0.766602,1,0.0303143
824,1802.66,151.173,111.937,4,0.74707,1,0.0300134
825,2863.89,147.661,108.709,5,0.698242,1,0.0311173
826,2891.12,160.094,109.829,5,0.735352,1,0.0301402
827,2870.9,140.902,106.93,5,0.681641,1,0.0295529
828,4166.27,145.447,110.371,6,0.706055,1,0.0296463
829,1809.31,142.279,75,4,0.681641,0,0.0294221
830,1823.71,152.472,111.937,4,0.731445,1,0.0292809
831,2874.36,144.084,111.425,5,0.698242,1,0.029744
832,2819.22,144.422,109.829,5,0.695312,1,0.0293024
833,1783.71,143.764,110.903,4,0.708984,1,0.0295256
834,1841.02,154.802,111.937,4,0.744141,1,0.0294855
835,1815.68,139.808,111.425,4,0.696289,1,0.0303022
836,1825.63,161.428,113.419,4,0.773438,1,0.0302199
837,1837.92,152.877,111.937,4,0.737305,1,0.0300184
838,2909.97,159.142,111.937,5,0.761719,1,0.0299164
839,1821.75,164.261,114.828,4,0.799805,1,0.0304465
840,1802.66,160.426,113.897,4,0.792969,1,0.029893
841,2863.89,151.003,109.829,5,0.717773,1,0.0302088
842,1804.91,149.729,109.829,4,0.71582,1,0.0298138
843,2787.22,155.2,112.44,5,0.755859,1,0.0301278
844,1819.76,159.763,111.937,4,0.753906,1,0.0302455
845,1807.12,147.532,110.903,4,0.725586,1,0.029701
846,1832.91,152.888,110.903,4,0.726562,1,0.0298161
847,2897.56,162.548,112.44,5,0.768555,1,0.0300336
848,1841.02,151.911,111.425,4,0.738281,1,0.0288574
849,2856.74,162.8,113.419,5,0.78125,1,0.0300844
850,1781.23,154.647,111.937,4,0.745117,1,0.0304047
851,2891.12,146.96,111.937,5,0.729492,1,0.0303909
852,2870.9,160.511,110.903,5,0.737305,1,0.0304373
853,2877.78,162.37,111.937,5,0.750977,1,0.0308272
854,1823.71,146.122,109.829,4,0.708984,1,0.0303073
855,4261.42,146.202,111.937,6,0.714844,1,0.0303736
856,2803.43,150.847,113.419,5,0.754883,1,0.0306044
857,4161.13,164.869,112.44,6,0.759766,1,0.0307558
858,2929.99,151.887,111.425,5,0.731445,1,0.0300835
859,1804.91,151.766,111.937,4,0.732422,1,0.0307825
860,2774.8,143.229,111.425,5,0.695312,1,0.0310404
861,2915.92,154.566,111.937,5,0.740234,1,0.0318546
862,2891.12,149.578,111.937,5,0.720703,1,0.0308647
863,2830.78,163.515,112.934,5,0.760742,1,0.0316787
864,4096.95,154.875,112.934,6,0.742188,1,0.0310673
865,2903.85,171.761,113.897,5,0.801758,1,0.0312802
866,2842.09,151.527,112.934,5,0.742188,1,0.0308555
867,2791.31,158.245,110.903,5,0.736328,1,0.0310411
868,4225.24,158.683,107.538,6,0.727539,1,0.0304203
869,2915.92,159.6,113.897,5,0.765625,1,0.03006
870,2903.85,149.874,106.93,5,0.709961,1,0.0300817
871,2856.74,163.597,112.44,5,0.771484,1,0.0301129
872,1815.68,149.479,113.897,4,0.748047,1,0.0302928
873,5958.37,160.222,111.937,7,0.750977,1,0.0304906
874,1802.66,150.513,113.897,4,0.748047,1,0.0299465
875,2927.27,154.711,112.934,5,0.75,1,0.0302112
876,1837.92,162.252,112.934,4,0.770508,1,0.0308746
877,2842.09,162.126,114.366,5,0.779297,1,0.0313217
878,2897.56,168.33,111.937,5,0.757812,1,0.0313084
879,2877.78,144.564,113.419,5,0.722656,1,0.0314833
880,2787.22,144.123,108.709,5,0.68457,1,0.0310587
881,1832.91,152.841,110.903,4,0.729492,1,0.0302637
882,2740.66,152.551,111.425,5,0.731445,1,0.0306342
883,2884.52,150.517,111.937,5,0.711914,1,0.0301766
884,2834.58,160.496,111.937,5,0.75,1,0.0306373
885,1798.09,142.877,110.371,4,0.696289,1,0.0303092
886,1778.72,152.442,110.371,4,0.72168,1,0.0308201
887,2915.92,154.034,111.937,5,0.732422,1,0.0305544
888,1795.76,158.608,110.903,4,0.734375,1,0.0311261
889,2891.12,155.649,112.934,5,0.761719,1,0.0311457
890,1744.03,144.684,111.425,4,0.711914,1,0.0318332
891,2745.01,164.259,111.937,5,0.758789,1,0.0317778
892,2795.37,150.31,111.425,5,0.716797,1,0.0319544
893,1781.23,156.186,114.366,4,0.764648,1,0.032309
894,5842.69,166.163,111.937,7,0.751953,1,0.0324047
895,2834.58,162.72,113.897,5,0.773438,1,0.0318508
896,2811.38,158.149,111.937,5,0.748047,1,0.032292
897,1807.12,144.396,111.937,4,0.71875,1,0.0314338
898,1821.75,144.645,112.44,4,0.716797,1,0.0320388
899,1831.15,154.391,111.425,4,0.729492,1,0.0318824
900,2877.78,167.212,115.729,5,0.786133,1,0.0322311
901,2807.41,151.051,113.419,5,0.748047,1,0.0317941
902,2921.69,159.733,111.937,5,0.738281,1,0.0314158
903,7912.53,156.566,111.937,8,0.728516,1,0.0313247
904,4171.38,146.676,112.44,6,0.708008,1,0.0313894
905,1738.37,149.195,110.903,4,0.725586,1,0.0313789
906,5751.36,167.739,113.419,7,0.762695,1,0.0326461
907,2853.13,146.793,109.829,5,0.693359,1,0.0317634
908,2863.89,156.943,113.419,5,0.753906,1,0.0314781
909,1804.91,154.601,111.937,4,0.731445,1,0.0313939
910,1819.76,154.218,113.897,4,0.74707,1,0.0310304
911,2915.92,167.018,111.937,5,0.759766,1,0.0314493
912,4225.24,156.092,112.44,6,0.732422,1,0.0313975
913,1821.75,144.671,106.306,4,0.688477,1,0.0315669
914,1821.75,160.871,112.934,4,0.753906,1,0.0316933
915,1837.92,174.361,113.897,4,0.800781,1,0.0314548
916,1783.71,156.779,111.937,4,0.75,1,0.0313683
917,2838.35,152.541,113.897,5,0.755859,1,0.0316957
918,2811.38,167.514,114.828,5,0.773438,1,0.0321571
919,4161.13,168.171,116.17,6,0.801758,1,0.0322985
920,1798.09,165.537,112.44,4,0.754883,1,0.0330151
921,2736.29,163.918,114.828,5,0.785156,1,0.0324513
922,1811.47,164.076,115.282,4,0.780273,1,0.0325671
923,4201.3,155.729,113.897,6,0.734375,1,0.0325018
924,1783.71,160.388,112.934,4,0.757812,1,0.0328526
925,2731.9,152.663,112.934,5,0.727539,1,0.032647
926,2853.13,152.031,111.937,5,0.71875,1,0.0326545
927,2863.89,166.073,114.828,5,0.776367,1,0.0328363
928,1813.59,154.843,113.897,4,0.743164,1,0.0321472
929,1823.71,162.702,113.897,4,0.780273,1,0.0322291
930,2867.41,162.023,113.419,5,0.759766,1,0.0322268
931,4220.53,161.821,114.828,6,0.764648,1,0.0321582
932,2849.48,160.048,112.934,5,0.756836,1,0.0319691
933,2834.58,151.607,114.828,5,0.740234,1,0.0321525
934,1815.68,164.111,115.282,4,0.774414,1,0.0324889
935,4257.05,156.021,111.937,6,0.729492,1,0.0314166
936,2791.31,160.998,113.897,5,0.745117,1,0.0324267
937,2860.33,155.812,111.937,5,0.725586,1,0.0326007
938,2856.74,157.869,112.934,5,0.728516,1,0.0328106
939,1800.39,156.151,115.729,4,0.761719,1,0.0324634
940,1802.66,157.184,113.897,4,0.74707,1,0.0326267
941,1781.23,142.937,107.538,4,0.685547,1,0.0325788
942,4234.53,166.618,112.934,6,0.751953,1,0.0327205
943,2863.89,165.297,114.366,5,0.759766,1,0.0321884
944,1815.68,154.419,114.828,4,0.749023,1,0.0329419
945,2897.56,157.384,113.897,5,0.735352,1,0.0328509
946,2897.56,155.593,112.934,5,0.741211,1,0.0322357
947,1823.71,159.214,114.828,4,0.755859,1,0.0325274
948,2891.12,160.422,114.366,5,0.749023,1,0.0325984
949,2778.96,153.78,112.934,5,0.732422,1,0.0322134
950,2860.33,160.955,113.897,5,0.754883,1,0.032444
951,1807.12,146.008,113.897,4,0.708984,1,0.0324386
952,2766.4,151.196,112.934,5,0.724609,1,0.032736
953,4161.13,164.615,114.828,6,0.764648,1,0.032773
954,2834.58,158.721,113.897,5,0.75,1,0.0330368
955,2860.33,159.167,115.729,5,0.774414,1,0.0326393
956,2845.8,152.131,114.828,5,0.730469,1,0.0329963
957,2783.1,165.787,116.17,5,0.783203,1,0.0336627
958,2887.84,162.078,114.828,5,0.739258,1,0.0331631
959,1836.29,148.592,113.419,4,0.714844,1,0.0336313
960,2778.96,159.787,113.897,5,0.739258,1,0.0334136
961,2903.85,154.183,112.44,5,0.731445,1,0.0332131
962,1807.12,155.349,114.828,4,0.753906,1,0.0337021
963,5791.42,176.17,115.729,7,0.794922,1,0.0333035
964,2884.52,152.296,114.828,5,0.737305,1,0.0332937
965,2867.41,151.484,115.729,5,0.726562,1,0.0337813
966,2853.13,163.438,114.828,5,0.757812,1,0.0341753
967,1798.09,161.336,115.729,4,0.755859,1,0.0336321
968,1823.71,165.575,115.282,4,0.773438,1,0.0332347
969,2770.61,168.606,114.828,5,0.775391,1,0.0336661
970,2845.8,162.766,114.828,5,0.754883,1,0.0336327
971,2884.52,168.965,115.282,5,0.771484,1,0.0332882
972,2811.38,157.686,112.934,5,0.735352,1,0.0336205
973,4171.38,156.512,114.828,6,0.739258,1,0.0334833
974,2826.95,159.367,114.828,5,0.740234,1,0.0337766
975,1807.12,157.845,115.729,4,0.754883,1,0.0338082
976,1837.92,162.23,116.17,4,0.774414,1,0.0339332
977,1804.91,160.4,114.828,4,0.75,1,0.034016
978,2830.78,158.732,110.903,5,0.71582,1,0.0338258
979,2745.01,157.255,111.937,5,0.72168,1,0.0333093
980,2778.96,157.053,114.828,5,0.746094,1,0.0331111
981,4134.93,158.455,113.897,6,0.743164,1,0.0339887
982,1802.66,150.048,112.934,4,0.713867,1,0.0331459
983,1802.66,158.706,115.729,4,0.774414,1,0.0328744
984,2856.74,155.659,113.897,5,0.729492,1,0.0339392
985,1786.17,168.81,115.729,4,0.78418,1,0.0341105
986,1819.76,164.344,114.366,4,0.762695,1,0.0337139
987,2745.01,162.425,116.17,5,0.776367,1,0.0331586
988,1793.4,158.564,112.934,4,0.740234,1,0.0334552
989,1783.71,141.444,112.934,4,0.705078,1,0.0331321
990,2870.9,160.995,111.425,5,0.731445,1,0.0332599
991,1827.51,152.846,112.44,4,0.720703,1,0.033059
992,2856.74,153.376,112.934,5,0.723633,1,0.0324844
993,4171.38,166.131,112.934,6,0.742188,1,0.0329134
994,2891.12,151.867,110.371,5,0.710938,1,0.0332741
995,2856.74,150.053,111.937,5,0.714844,1,0.0326184
996,1815.68,154.528,112.934,4,0.734375,1,0.0326277
997,2909.97,177.502,114.828,5,0.790039,1,0.0333738
998,2823.1,162.405,114.828,5,0.753906,1,0.0327676
999,1823.71,150.725,113.419,4,0.727539,1,0.0328111
1000,2915.92,160.57,116.17,5,0.774414,1,0.0328953
1001,1825.63,150.132,111.937,4,0.713867,1,0.0329629
1002,1804.91,163.058,115.282,4,0.772461,1,0.0330456
1003,2897.56,155.798,115.729,5,0.750977,1,0.03294
1004,2749.33,164.752,114.366,5,0.753906,1,0.033757
1005,2749.33,163.052,115.729,5,0.777344,1,0.0333124
1006,2915.92,157.074,116.17,5,0.75293,1,0.033844
1007,2921.69,154.169,114.828,5,0.726562,1,0.0347978
1008,2778.96,150.747,113.897,5,0.711914,1,0.0332014
1009,2863.89,164.87,114.828,5,0.773438,1,0.0331851
1010,2795.37,154.452,115.282,5,0.744141,1,0.0331787
1011,1834.62,151.636,115.729,4,0.742188,1,0.033381
1012,2894.36,152.208,114.828,5,0.732422,1,0.0337196
1013,2811.38,152.685,114.828,5,0.736328,1,0.0337018
1014,1809.31,160.3,115.729,4,0.770508,1,0.0332764
1015,1786.17,157.738,114.828,4,0.759766,1,0.0331151
1016,1827.51,155.547,115.729,4,0.750977,1,0.0332079
1017,1765.81,142.332,74,4,0.672852,0,0.0335289
1018,1815.68,142.419,113.897,4,0.696289,1,0.0333997
1019,1791.02,161.116,116.603,4,0.78125,1,0.0335067
1020,1793.4,153.091,114.828,4,0.726562,1,0.034336
1021,1815.68,156.891,115.729,4,0.75293,1,0.0341972
1022,4181.49,154.953,110.371,6,0.704102,1,0.0344047
1023,2819.22,158.107,115.729,5,0.744141,1,0.0340183
1024,1788.61,162.521,111.425,4,0.728516,1,0.0340573
1025,1821.75,160.812,115.729,4,0.762695,1,0.0341197
1026,1809.31,162.644,113.419,4,0.746094,1,0.0344199
1027,1800.39,150.627,116.17,4,0.732422,1,0.0353927
1028,2870.9,158.602,115.282,5,0.740234,1,0.035107
1029,2488.11,155.652,114.366,5,0.744141,1,0.0340969
1030,5797.97,153.487,113.897,7,0.724609,1,0.0343313
1031,2819.22,159.532,114.828,5,0.740234,1,0.0339127
1032,1823.71,155.225,115.729,4,0.750977,1,0.0337742
1033,2849.48,172.273,115.729,5,0.786133,1,0.0342123
1034,1807.12,148.711,115.729,4,0.729492,1,0.0342854
1035,2823.1,165.334,114.828,5,0.753906,1,0.034385
1036,2838.35,169.9,116.603,5,0.776367,1,0.0347254
1037,1817.74,156.497,115.282,4,0.741211,1,0.033916
1038,2787.22,166.79,116.603,5,0.794922,1,0.0335837
1039,1793.4,169.308,116.603,4,0.797852,1,0.0341301
1040,1807.12,164.666,117.45,4,0.790039,1,0.0342396
1041,2838.35,161.031,115.729,5,0.75293,1,0.0341065
1042,1807.12,144.091,112.44,4,0.691406,1,0.0339627
1043,2870.9,158.811,114.366,5,0.738281,1,0.0336911
1044,1825.63,161.288,115.729,4,0.753906,1,0.0340842
1045,1813.59,153.076,114.828,4,0.727539,1,0.0342593
1046,2795.37,162.074,114.828,5,0.754883,1,0.0345412
1047,2770.61,151.781,115.729,5,0.729492,1,0.0343015
1048,1809.31,160.224,114.828,4,0.75293,1,0.0346427
1049,1788.61,165.939,115.729,4,0.773438,1,0.0349421
1050,5751.36,154.521,115.729,7,0.751953,1,0.0341446
1051,1804.91,171.255,116.603,4,0.802734,1,0.0346477
1052,2795.37,176.929,117.45,5,0.810547,1,0.0349295
1053,1802.66,163.135,114.828,4,0.749023,1,0.0349602
1054,1807.12,154.027,116.603,4,0.74707,1,0.0350318
1055,1802.66,154.006,115.729,4,0.745117,1,0.0354187
1056,2736.29,155.364,114.828,5,0.729492,1,0.0346768
1057,4145.5,155.677,115.729,6,0.743164,1,0.0357406
1058,2863.89,156.374,113.897,5,0.722656,1,0.0349282
1059,1811.47,156.267,113.897,4,0.725586,1,0.0355095
1060,2830.78,162.457,116.603,5,0.77832,1,0.035442
1061,1804.91,161.558,116.603,4,0.768555,1,0.0348261
1062,1778.72,157.72,113.897,4,0.72168,1,0.0349583
1063,2842.09,158.276,114.828,5,0.731445,1,0.0351886
1064,1821.75,169.289,115.729,4,0.771484,1,0.0353443
1065,2881.17,164.075,116.603,5,0.77832,1,0.0350591
1066,4186.5,163.943,116.17,6,0.771484,1,0.0353192
1067,2877.78,170.251,115.729,5,0.775391,1,0.0349575
1068,2736.29,169.519,116.17,5,0.783203,1,0.0356617
1069,2915.92,155.733,115.282,5,0.723633,1,0.0344829
1070,2891.12,153.174,115.729,5,0.726562,1,0.0352742
1071,4210.99,158.116,115.282,6,0.733398,1,0.0339905
1072,1815.68,147.355,115.729,4,0.719727,1,0.0343675
1073,2884.52,165.581,115.729,5,0.766602,1,0.035063
1074,1800.39,148.204,114.828,4,0.725586,1,0.0347348
1075,2811.38,153.546,115.729,5,0.730469,1,0.0351268
1076,1811.47,163.089,114.366,4,0.741211,1,0.0353229
1077,1819.76,150.477,115.729,4,0.725586,1,0.0344777
1078,1807.12,150.514,114.828,4,0.723633,1,0.0349077
1079,1791.02,146.387,113.897,4,0.696289,1,0.0354
1080,2823.1,147.302,112.934,5,0.697266,1,0.0341718
1081,1831.15,165.16,115.729,4,0.765625,1,0.0348798
1082,1788.61,157.92,115.729,4,0.755859,1,0.0347696
1083,1831.15,163.393,115.729,4,0.75,1,0.0349402
1084,2849.48,159.653,113.897,5,0.717773,1,0.0351725
1085,2736.29,159.176,114.828,5,0.749023,1,0.0348823
1086,1825.63,152.218,114.828,4,0.71582,1,0.0354313
1087,1776.18,139.762,114.828,4,0.688477,1,0.035772
1088,2897.56,165.227,115.282,5,0.74707,1,0.0350907
1089,2860.33,166.198,116.17,5,0.774414,1,0.0353935
1090,1791.02,164.812,118.273,4,0.788086,1,0.0356795
1091,1798.09,164.177,113.897,4,0.75293,1,0.0353034
1092,1815.68,162.886,116.17,4,0.762695,1,0.0348581
1093,1817.74,154.351,115.282,4,0.735352,1,0.0359018
1094,1829.35,162.417,117.45,4,0.773438,1,0.0358075
1095,2823.1,145.353,115.729,5,0.711914,1,0.0361612
1096,2856.74,167.306,118.675,5,0.796875,1,0.0356435
1097,1783.71,162.907,114.366,4,0.75293,1,0.0359051
1098,2811.38,162.13,116.603,5,0.757812,1,0.0357421
1099,1809.31,155.122,116.17,4,0.733398,1,0.0361509
1100,2731.9,147.982,116.17,5,0.723633,1,0.03564
1101,1788.61,159.969,116.603,4,0.756836,1,0.0353278
1102,1819.76,157.799,115.729,4,0.731445,1,0.036267
1103,1778.72,156.248,118.675,4,0.762695,1,0.0365752
1104,1778.72,154.619,117.45,4,0.741211,1,0.036657
1105,2770.61,163.653,115.729,5,0.75,1,0.0360754
1106,1760.49,151.778,114.828,4,0.720703,1,0.0356444
1107,2834.58,169.58,117.03,5,0.770508,1,0.0359235
1108,2787.22,159.676,115.729,5,0.754883,1,0.0361513
1109,1817.74,151.203,115.282,4,0.719727,1,0.0361465
1110,2799.41,176.395,118.273,5,0.804688,1,0.0359794
1111,1823.71,157.85,117.45,4,0.765625,1,0.0360144
1112,4091.41,161.977,116.603,6,0.754883,1,0.0361876
1113,1793.4,155.483,117.45,4,0.753906,1,0.0361359
1114,2811.38,158.34,117.865,5,0.767578,1,0.0358166
1115,1815.68,153.941,116.17,4,0.72168,1,0.0359521
1116,2753.63,150.616,114.828,5,0.696289,1,0.0361712
1117,2863.89,167.563,118.675,5,0.793945,1,0.036882
1118,1802.66,161.355,117.45,4,0.760742,1,0.0365771
1119,2783.1,163.814,115.729,5,0.746094,1,0.0365042
1120,1755.09,148.87,116.603,4,0.714844,1,0.0365628
1121,2736.29,157.487,119.071,5,0.766602,1,0.0367725
1122,2838.35,160.083,118.273,5,0.75293,1,0.0371393
1123,2799.41,164.731,119.071,5,0.782227,1,0.037425
1124,2766.4,145.198,116.17,5,0.704102,1,0.0374315
1125,1798.09,156.205,115.282,4,0.717773,1,0.0370452
1126,2795.37,155.926,114.828,5,0.720703,1,0.0368711
1127,4107.95,177.851,113.419,6,0.762695,1,0.0367297
1128,2845.8,153.345,112.934,5,0.712891,1,0.0362083
1129,2881.17,165.415,117.865,5,0.766602,1,0.0366718
1130,2867.41,161.619,116.603,5,0.762695,1,0.0363529
1131,2863.89,163.909,117.03,5,0.762695,1,0.0363419
1132,1757.8,156.623,116.17,4,0.737305,1,0.0361385
1133,2853.13,164.591,116.17,5,0.748047,1,0.0365656
1134,2894.36,155.33,114.828,5,0.719727,1,0.0364822
1135,2826.95,168.15,118.273,5,0.780273,1,0.0370957
1136,2815.31,145.365,116.17,5,0.703125,1,0.0367281
1137,2778.96,163.968,116.603,5,0.746094,1,0.0367892
1138,2842.09,169.195,117.45,5,0.780273,1,0.0358991
1139,1807.12,163.414,117.45,4,0.748047,1,0.0370387
1140,2787.22,155.322,117.865,5,0.742188,1,0.0362099
1141,2842.09,162.23,117.45,5,0.763672,1,0.0361332
1142,2795.37,161.502,119.071,5,0.770508,1,0.0368812
1143,2807.41,163.719,117.03,5,0.757812,1,0.0364624
1144,1768.44,170.921,117.45,4,0.773438,1,0.0366823
1145,1786.17,154.248,118.273,4,0.746094,1,0.0365667
1146,1763.17,154.592,117.865,4,0.742188,1,0.0366159
1147,2842.09,160.089,116.603,5,0.741211,1,0.0367697
1148,2853.13,157.364,117.03,5,0.749023,1,0.0360807
1149,4124.23,170.305,117.45,6,0.777344,1,0.0370948
1150,4161.13,159.857,118.675,6,0.767578,1,0.0363405
1151,2815.31,157.37,117.03,5,0.74707,1,0.0363411
1152,1776.18,153.049,116.603,4,0.730469,1,0.0371185
1153,1752.35,165.668,119.071,4,0.78125,1,0.0367442
1154,2766.4,164.479,118.273,5,0.771484,1,0.0364504
1155,2826.95,178.754,119.071,5,0.806641,1,0.0366495
1156,1778.72,145.052,116.17,4,0.702148,1,0.0366705
1157,2932.65,162.381,115.282,5,0.749023,1,0.0369038
1158,2884.52,146.803,111.937,5,0.69043,1,0.0359673
1159,2819.22,170.404,117.45,5,0.782227,1,0.0366998
1160,2745.01,148.754,114.828,5,0.708008,1,0.0357761
1161,2749.33,174.747,117.45,5,0.791992,1,0.0359874
1162,1811.47,163.396,117.45,4,0.77832,1,0.0361517
1163,1811.47,146.083,116.603,4,0.71875,1,0.0361314
1164,2795.37,156.379,116.17,5,0.74707,1,0.0355103
1165,2795.37,167.559,118.675,5,0.791016,1,0.0362378
1166,1800.39,155.358,115.729,4,0.732422,1,0.0363294
1167,2860.33,171.872,118.675,5,0.788086,1,0.0362968
1168,2731.9,171.367,119.071,5,0.801758,1,0.0360805
1169,1807.12,150.602,116.603,4,0.726562,1,0.0366486
1170,2736.29,154.543,115.282,5,0.72168,1,0.0364575
1171,2826.95,175.082,117.865,5,0.782227,1,0.0365162
1172,2856.74,149.982,115.729,5,0.713867,1,0.0365273
1173,1760.49,157.278,116.17,4,0.742188,1,0.0371022
1174,2807.41,163.5,119.071,5,0.769531,1,0.0371398
1175,2757.91,163.63,118.273,5,0.769531,1,0.0372406
1176,1765.81,163.087,119.071,4,0.792969,1,0.0367497
1177,2815.31,166.834,118.675,5,0.783203,1,0.0366139
1178,2774.8,159.76,115.729,5,0.734375,1,0.0368473
1179,1813.59,162.522,118.675,4,0.762695,1,0.0373818
1180,1802.66,162.171,118.273,4,0.765625,1,0.0372682
1181,2749.33,159.723,118.273,5,0.745117,1,0.0373369
1182,2830.78,164.441,118.675,5,0.758789,1,0.03746
1183,1823.71,155.879,118.273,4,0.739258,1,0.0376692
1184,2830.78,169.014,119.071,5,0.775391,1,0.0373197
1185,2823.1,171.295,119.071,5,0.783203,1,0.0376425
1186,4134.93,160.723,119.071,6,0.766602,1,0.0373207
1187,4107.95,159.841,118.273,6,0.745117,1,0.0372117
1188,1802.66,170.405,119.071,4,0.78418,1,0.0375347
1189,1802.66,163.665,118.273,4,0.758789,1,0.0380012
1190,1791.02,163.913,118.675,4,0.770508,1,0.0372393
1191,1809.31,161.471,119.071,4,0.765625,1,0.0374123
1192,1809.31,154.806,116.603,4,0.726562,1,0.0371699
1193,1699.8,153.009,118.675,4,0.744141,1,0.0372011
1194,1793.4,163.057,119.071,4,0.775391,1,0.0375335
1195,2870.9,183.588,116.603,5,0.797852,1,0.0373836
1196,1783.71,173.16,119.071,4,0.805664,1,0.0375946
1197,2891.12,160.624,117.865,5,0.751953,1,0.0374333
1198,2731.9,161.289,119.462,5,0.764648,1,0.0378533
1199,1778.72,149.074,116.603,4,0.722656,1,0.037562
1200,2830.78,166.002,118.273,5,0.760742,1,0.0376619
1201,2774.8,177.502,119.071,5,0.798828,1,0.0379981
1202,2823.1,163.42,116.17,5,0.741211,1,0.0367941
1203,2842.09,157.725,117.03,5,0.745117,1,0.0370615
1204,2783.1,155.782,117.865,5,0.74707,1,0.0368981
1205,1793.4,157.688,119.847,4,0.765625,1,0.0375858
1206,2860.33,156.13,117.45,5,0.734375,1,0.0374668
1207,2736.29,167.587,117.865,5,0.755859,1,0.0375674
1208,2731.9,152.259,115.729,5,0.708008,1,0.0381505
1209,1757.8,160.637,116.603,4,0.748047,1,0.0366361
1210,2830.78,166.94,117.865,5,0.766602,1,0.0372772
1211,1809.31,161.641,117.03,4,0.756836,1,0.03792
1212,1765.81,158.027,119.071,4,0.749023,1,0.0372767
1213,1813.59,163.484,117.03,4,0.756836,1,0.0378696
1214,1791.02,158.181,117.45,4,0.75,1,0.0369639
1215,1788.61,164.974,119.071,4,0.776367,1,0.0374989
1216,2819.22,154.415,114.828,5,0.71582,1,0.0366791
1217,2842.09,166.354,118.273,5,0.763672,1,0.0378959
1218,2803.43,156.737,116.603,5,0.735352,1,0.0373142
1219,2753.63,162.374,116.603,5,0.75,1,0.0369499
1220,2823.1,168.605,108.13,5,0.734375,1,0.0370121
1221,1788.61,163.544,119.071,4,0.77832,1,0.0378124
1222,5867.34,169.936,115.729,7,0.75,1,0.0372361
1223,2900.72,165.838,117.865,5,0.764648,1,0.0374891
1224,1781.23,151.798,115.729,4,0.717773,1,0.0371562
1225,1783.71,157.163,117.45,4,0.745117,1,0.0370777
1226,1795.76,154.094,118.675,4,0.75,1,0.0365313
1227,2870.9,165.969,117.03,5,0.754883,1,0.0372807
1228,1757.8,150.324,118.675,4,0.737305,1,0.0368398
1229,2774.8,163.758,119.071,5,0.763672,1,0.0377654
1230,2819.22,156.256,117.45,5,0.735352,1,0.0375724
1231,1778.72,153.606,116.17,4,0.729492,1,0.0372638
1232,1778.72,160.23,115.729,4,0.731445,1,0.0376943
1233,1788.61,172.339,117.45,4,0.772461,1,0.0365383
1234,2819.22,158.563,116.603,5,0.735352,1,0.0376101
1235,1763.17,155.607,116.603,4,0.725586,1,0.0371926
1236,4150.74,165.101,118.675,6,0.759766,1,0.0375904
1237,1763.17,153.729,117.45,4,0.724609,1,0.0373625
1238,1768.44,156.378,119.071,4,0.750977,1,0.0379011
1239,1793.4,157.14,119.071,4,0.746094,1,0.0377485
1240,2774.8,159.3,118.675,5,0.758789,1,0.0379502
1241,2770.61,152.772,114.366,5,0.705078,1,0.0377485
1242,1760.49,157.913,117.45,4,0.738281,1,0.0381305
1243,1800.39,163.794,116.603,4,0.755859,1,0.0373979
1244,1757.8,163.615,119.071,4,0.767578,1,0.0379596
1245,4080.24,164.443,117.45,6,0.74707,1,0.0383111
1246,2845.8,164.457,119.847,5,0.786133,1,0.0378776
1247,1778.72,154.252,118.273,4,0.726562,1,0.0385683
1248,1768.44,159.56,117.45,4,0.740234,1,0.0377665
1249,2787.22,161.121,117.865,5,0.739258,1,0.0382249
1250,1795.76,154.276,117.865,4,0.728516,1,0.0378787
1251,1807.12,151.476,117.45,4,0.727539,1,0.0372684
1252,2891.12,161.838,118.675,5,0.751953,1,0.0379634
1253,1811.47,179.141,119.847,4,0.823242,1,0.0383668
1254,1804.91,154.587,114.828,4,0.714844,1,0.0372666
1255,2745.01,163.955,119.071,5,0.769531,1,0.0377103
1256,1819.76,157.597,118.273,4,0.743164,1,0.0371167
1257,2787.22,155.706,118.273,5,0.733398,1,0.0375016
1258,2897.56,157.197,118.675,5,0.743164,1,0.0378369
1259,1757.8,155.583,119.071,4,0.748047,1,0.0386095
1260,2834.58,154.802,118.273,5,0.723633,1,0.0377673
1261,4063.27,169.55,119.847,6,0.798828,1,0.0377238
1262,2799.41,170.464,118.675,5,0.776367,1,0.0379907
1263,1793.4,160.419,118.675,4,0.762695,1,0.0380082
1264,2778.96,162.512,119.462,5,0.765625,1,0.038624
1265,4270.03,158.897,119.071,6,0.751953,1,0.0383603
1266,1741.21,155.809,113.897,4,0.716797,1,0.037871
1267,1741.21,164.354,119.847,4,0.791992,1,0.0380228
1268,2834.58,166.477,118.675,5,0.761719,1,0.0381106
1269,2736.29,156.792,119.071,5,0.758789,1,0.0379082
1270,1776.18,164.093,119.462,4,0.774414,1,0.0381836
1271,2823.1,172.329,119.462,5,0.801758,1,0.0373988
1272,1773.62,167.777,119.071,4,0.77832,1,0.0378698
1273,1804.91,158.528,116.17,4,0.732422,1,0.0374508
1274,1778.72,160.296,119.462,4,0.766602,1,0.0381417
1275,2795.37,162.825,116.603,5,0.743164,1,0.0374754
1276,2867.41,152.491,117.865,5,0.716797,1,0.0382703
1277,1800.39,152.062,115.729,4,0.708984,1,0.0373691
1278,1776.18,166.845,118.273,4,0.769531,1,0.0384262
1279,2853.13,173.015,118.273,5,0.770508,1,0.0379104
1280,4248.17,167.555,118.273,6,0.75293,1,0.0374078
1281,4118.83,165.4,119.462,6,0.772461,1,0.0376305
1282,4063.27,171.274,118.675,6,0.773438,1,0.0374375
1283,1786.17,163.793,119.071,4,0.766602,1,0.0377694
1284,1817.74,156.785,117.45,4,0.724609,1,0.0381507
1285,2834.58,146.81,112.934,5,0.682617,1,0.0379179
1286,1804.91,161.951,119.071,4,0.764648,1,0.0375479
1287,2753.63,152.434,117.45,5,0.733398,1,0.0374607
1288,2778.96,164.707,119.071,5,0.771484,1,0.0376805
1289,1800.39,161.246,117.865,4,0.765625,1,0.037398
1290,1800.39,170.147,119.462,4,0.801758,1,0.0376874
1291,4113.41,181.261,119.847,6,0.819336,1,0.0379262
1292,1783.71,169.863,119.462,4,0.77832,1,0.038305
1293,2795.37,161.208,119.071,5,0.754883,1,0.037751
1294,2770.61,174.813,116.603,5,0.78125,1,0.0371069
1295,1768.44,163.754,117.03,4,0.75,1,0.038142
1296,5710.03,162.899,115.282,7,0.72168,1,0.0373504
1297,2795.37,159.343,118.675,5,0.764648,1,0.0373421
1298,1778.72,167.439,119.071,4,0.782227,1,0.0380639
1299,2753.63,158.923,116.603,5,0.740234,1,0.0376605
1300,1802.66,149.884,114.828,4,0.703125,1,0.037643
1301,1798.09,153.921,119.071,4,0.739258,1,0.0379544
1302,2842.09,163.856,119.847,5,0.771484,1,0.0387024
1303,1798.09,154.291,119.071,4,0.749023,1,0.038207
1304,2778.96,165.786,116.603,5,0.75,1,0.0379392
1305,1783.71,151.479,119.071,4,0.722656,1,0.0380989
1306,1800.39,163.515,119.462,4,0.766602,1,0.0383221
1307,2856.74,160.487,119.071,5,0.751953,1,0.0386183
1308,2811.38,163.396,118.273,5,0.748047,1,0.0376992
1309,2874.36,167.204,118.273,5,0.774414,1,0.0379526
1310,1783.71,154.559,118.273,4,0.732422,1,0.0380514
1311,4057.57,163.505,119.462,6,0.773438,1,0.0382607
1312,1802.66,153.227,119.071,4,0.749023,1,0.0373435
1313,4210.99,164.413,117.45,6,0.746094,1,0.0378917
1314,2807.41,161.164,119.071,5,0.775391,1,0.0383338
1315,1752.35,156.83,119.462,4,0.750977,1,0.0377367
1316,2838.35,162.459,119.462,5,0.757812,1,0.0384444
1317,2757.91,172.955,119.071,5,0.797852,1,0.038419
1318,5873.39,164.909,118.273,7,0.744141,1,0.038134
1319,1819.76,160.111,118.675,4,0.738281,1,0.0382134
1320,2853.13,158.064,118.273,5,0.744141,1,0.037845
1321,2791.31,164.304,119.462,5,0.760742,1,0.0387083
1322,1786.17,163.05,118.273,4,0.74707,1,0.038061
1323,1712,158.037,119.071,4,0.763672,1,0.0385275
1324,4234.53,163.385,119.071,6,0.74707,1,0.0380431
1325,4063.27,165.751,118.675,6,0.765625,1,0.0381452
1326,2749.33,162.849,118.675,5,0.746094,1,0.0382717
1327,2927.27,164.71,119.071,5,0.769531,1,0.0383805
1328,1819.76,166.57,119.847,4,0.774414,1,0.038557
1329,1804.91,173.162,119.847,4,0.800781,1,0.0382656
1330,2842.09,167.65,119.071,5,0.783203,1,0.038516
1331,2783.1,151.916,117.865,5,0.717773,1,0.0382346
1332,1802.66,163.179,119.071,4,0.762695,1,0.0386476
1333,1786.17,152.775,116.603,4,0.713867,1,0.0381064
1334,2778.96,172.431,119.847,5,0.794922,1,0.0385821
1335,2811.38,171.581,119.071,5,0.777344,1,0.0382776
1336,2745.01,163.038,119.462,5,0.773438,1,0.0383845
1337,1783.71,163.213,119.847,4,0.773438,1,0.0385486
1338,1793.4,162.017,119.462,4,0.766602,1,0.0382588
1339,2856.74,182.047,119.847,5,0.805664,1,0.038941
1340,1781.23,142.361,116.17,4,0.692383,1,0.0379259
1341,2834.58,159.468,119.071,5,0.757812,1,0.0377196
1342,2826.95,163.565,117.45,5,0.749023,1,0.0381001
1343,2856.74,159.405,118.675,5,0.743164,1,0.0382316
1344,2787.22,167.86,118.273,5,0.767578,1,0.0380368
1345,1757.8,158.373,119.462,4,0.769531,1,0.0378362
1346,2762.17,172.95,119.847,5,0.799805,1,0.0388356
1347,1752.35,161.611,119.847,4,0.771484,1,0.0393623
1348,2736.29,170.82,119.847,5,0.793945,1,0.0389585
1349,1760.49,156.68,119.071,4,0.722656,1,0.0387173
1350,2838.35,165.865,119.847,5,0.775391,1,0.0387463
1351,4063.27,175.29,119.847,6,0.805664,1,0.0387112
1352,1755.09,163.37,119.847,4,0.772461,1,0.0386861
1353,4102.47,168.838,119.847,6,0.782227,1,0.0391083
1354,2819.22,169.684,119.462,5,0.788086,1,0.0380568
1355,2842.09,159.065,117.03,5,0.731445,1,0.0378162
1356,4150.74,167.463,119.462,6,0.779297,1,0.0383665
1357,1807.12,155.775,119.847,4,0.755859,1,0.0392359
1358,2826.95,154.304,117.45,5,0.713867,1,0.0385185
1359,1809.31,164.047,119.847,4,0.767578,1,0.0390718
1360,1755.09,165.976,119.847,4,0.785156,1,0.0391146
1361,1768.44,142.77,119.071,4,0.696289,1,0.0388585
1362,2826.95,150.247,117.45,5,0.709961,1,0.0383696
1363,1800.39,159.021,119.071,4,0.746094,1,0.0386441
1364,1802.66,154.457,119.071,4,0.730469,1,0.0383841
1365,2787.22,152.429,119.462,5,0.741211,1,0.0386687
1366,1757.8,154.762,119.071,4,0.741211,1,0.0386069
1367,2749.33,161.454,119.847,5,0.772461,1,0.0384891
1368,2823.1,157.275,119.847,5,0.759766,1,0.0387919
1369,1802.66,170.91,119.847,4,0.788086,1,0.0387606
1370,1802.66,157.623,119.462,4,0.740234,1,0.0386056
1371,4191.47,152.282,117.865,6,0.706055,1,0.0387939
1372,1807.12,151.999,112.934,4,0.700195,1,0.0382699
1373,1781.23,151.559,119.462,4,0.741211,1,0.0383823
1374,1800.39,167.886,119.847,4,0.791992,1,0.0387262
1375,2811.38,162.362,119.462,5,0.756836,1,0.0388119
1376,1802.66,158.575,119.071,4,0.74707,1,0.0389084
1377,2774.8,165.629,119.847,5,0.768555,1,0.0393919
1378,1726.84,156.408,120.227,4,0.761719,1,0.0398009
1379,2736.29,163.698,119.847,5,0.766602,1,0.0393004
1380,2783.1,167.817,119.071,5,0.759766,1,0.0394742
1381,1757.8,151.075,119.071,4,0.712891,1,0.0391666
1382,1802.66,163.541,119.847,4,0.756836,1,0.0390474
1383,1757.8,158.374,119.462,4,0.729492,1,0.0399217
1384,1735.52,153.54,119.847,4,0.746094,1,0.039574
1385,1765.81,168.274,119.462,4,0.757812,1,0.0391076
1386,1783.71,155.799,119.847,4,0.737305,1,0.0396587
1387,2762.17,158.889,119.847,5,0.75,1,0.0395469
1388,2845.8,161.555,119.847,5,0.767578,1,0.0395142
1389,2753.63,148.056,116.17,5,0.705078,1,0.0390266
1390,1693.6,154.582,119.847,4,0.751953,1,0.0399722
1391,1800.39,160.072,119.847,4,0.746094,1,0.0400319
1392,4201.3,169.857,119.847,6,0.783203,1,0.0389039
1393,2736.29,158.557,119.847,5,0.753906,1,0.0394928
1394,2830.78,172.203,120.227,5,0.78418,1,0.040013
1395,2736.29,166.234,119.462,5,0.759766,1,0.0397514
1396,2867.41,166.792,119.462,5,0.750977,1,0.0397909
1397,2791.31,159.621,119.462,5,0.741211,1,0.0396386
1398,1757.8,160.043,120.227,4,0.766602,1,0.0393056
1399,2745.01,172.956,119.462,5,0.772461,1,0.0399809
1400,2749.33,164.336,120.227,5,0.793945,1,0.0398735
1401,2826.95,155.415,119.847,5,0.762695,1,0.039792
1402,1783.71,153.698,119.847,4,0.733398,1,0.0391539
1403,1765.81,173.517,120.227,4,0.810547,1,0.0392703
1404,2770.61,165.538,117.865,5,0.75,1,0.0390745
1405,2778.96,171.275,119.462,5,0.772461,1,0.0395287
1406,2881.17,169.72,119.847,5,0.773438,1,0.0395527
1407,2753.63,158.688,119.847,5,0.733398,1,0.0397424
1408,2860.33,164.189,119.847,5,0.766602,1,0.0388438
1409,2787.22,165.126,118.273,5,0.737305,1,0.0381984
1410,2823.1,170.959,119.847,5,0.771484,1,0.0395897
1411,2834.58,163.04,118.675,5,0.745117,1,0.0391657
1412,1823.71,156.475,119.071,4,0.743164,1,0.038807
1413,1802.66,164.171,120.227,4,0.786133,1,0.0394567
1414,2731.9,159.794,118.273,5,0.727539,1,0.0391643
1415,2736.29,167.934,120.227,5,0.790039,1,0.0393152
1416,2736.29,161.135,119.847,5,0.757812,1,0.0390237
1417,2823.1,164.441,119.071,5,0.758789,1,0.0383708
1418,1763.17,170.289,119.847,4,0.790039,1,0.0393234
1419,2753.63,169.258,119.847,5,0.779297,1,0.0388458
1420,2774.8,164.444,119.847,5,0.770508,1,0.0393878
1421,2778.96,157.433,119.462,5,0.749023,1,0.0391959
1422,1776.18,155.04,119.462,4,0.730469,1,0.0396663
1423,2849.48,161.276,119.847,5,0.753906,1,0.0400854
1424,2826.95,157.19,119.462,5,0.746094,1,0.0392768
1425,2731.9,155.167,119.847,5,0.74707,1,0.0394577
1426,1800.39,164.389,119.847,4,0.755859,1,0.0393055
1427,1800.39,148.492,119.847,4,0.732422,1,0.0391094
1428,1786.17,150.021,119.071,4,0.713867,1,0.0391569
1429,2736.29,163.723,118.675,5,0.742188,1,0.0387182
1430,1827.51,158.193,119.847,4,0.754883,1,0.0394807
1431,4074.61,154.52,119.847,6,0.742188,1,0.0391781
1432,4124.23,156.028,117.865,6,0.722656,1,0.0383649
1433,1717.99,150.537,119.462,4,0.727539,1,0.0385533
1434,2731.9,156.433,119.071,5,0.743164,1,0.0382339
1435,1811.47,159.167,119.847,4,0.75293,1,0.0395681
1436,2778.96,156.468,116.603,5,0.71582,1,0.0391488
1437,2826.95,165.325,120.227,5,0.782227,1,0.039479
1438,4057.57,164.577,119.847,6,0.770508,1,0.0396769
1439,1755.09,153.263,119.847,4,0.733398,1,0.0395587
1440,1723.91,153.175,119.462,4,0.726562,1,0.0394095
1441,1798.09,154.435,119.847,4,0.724609,1,0.0398413
1442,2753.63,166.476,120.227,5,0.785156,1,0.0399193
1443,1823.71,158.984,119.847,4,0.748047,1,0.0394204
1444,1757.8,156.622,119.847,4,0.759766,1,0.0397777
1445,1757.8,141.878,119.462,4,0.691406,1,0.0399893
1446,1776.18,165.318,119.847,4,0.768555,1,0.0389297
1447,1802.66,166.221,120.227,4,0.790039,1,0.0397622
1448,2815.31,163.601,119.847,5,0.758789,1,0.0398271
1449,2860.33,151.48,119.071,5,0.709961,1,0.0397685
1450,2823.1,158.177,119.847,5,0.733398,1,0.0392206
1451,2731.9,165.77,119.847,5,0.762695,1,0.0396529
1452,1720.96,147.177,119.071,4,0.714844,1,0.0392642
1453,1755.09,163.331,119.462,4,0.745117,1,0.0388637
1454,1768.44,157.174,119.462,4,0.730469,1,0.0394076
1455,2783.1,153.926,119.847,5,0.727539,1,0.0396649
1456,4201.3,169.105,119.847,6,0.78418,1,0.0393178
1457,1800.39,162.169,119.847,4,0.75293,1,0.0394687
1458,2842.09,170.113,120.227,5,0.790039,1,0.0398467
1459,2731.9,171.184,120.227,5,0.790039,1,0.0396498
1460,2842.09,157.056,116.603,5,0.712891,1,0.0391749
1461,1755.09,171.188,120.227,4,0.816406,1,0.0396664
1462,2845.8,147.828,118.675,5,0.700195,1,0.0391908
1463,2736.29,158.306,119.847,5,0.766602,1,0.039358
1464,2745.01,157.241,120.227,5,0.762695,1,0.0397109
1465,1776.18,161.284,119.462,4,0.750977,1,0.0392325
1466,1757.8,164.717,120.227,4,0.772461,1,0.0398878
1467,2745.01,163.629,119.071,5,0.745117,1,0.0393949
1468,2897.56,157.111,119.847,5,0.750977,1,0.0397312
1469,2826.95,164.903,119.462,5,0.75,1,0.0392519
1470,2740.66,164.464,120.227,5,0.782227,1,0.0400177
1471,2823.1,176.882,120.227,5,0.816406,1,0.0398886
1472,2740.66,162.13,119.071,5,0.744141,1,0.0396966
1473,1783.71,153.204,119.847,4,0.738281,1,0.0399992
1474,1802.66,145.506,119.847,4,0.711914,1,0.0388613
1475,2830.78,164.536,120.227,5,0.769531,1,0.0402924
1476,2770.61,159.548,120.227,5,0.763672,1,0.0399184
1477,1768.44,158.253,119.847,4,0.755859,1,0.0389752
1478,1773.62,157.069,119.847,4,0.736328,1,0.0390778
1479,4102.47,164.964,119.847,6,0.766602,1,0.0397331
1480,2731.9,166.498,119.847,5,0.775391,1,0.0395518
1481,7671.02,165.398,119.847,8,0.748047,1,0.0393788
1482,1712,169.956,119.847,4,0.780273,1,0.0395329
1483,2757.91,175.029,119.847,5,0.811523,1,0.0395489
1484,2856.74,164.586,119.847,5,0.749023,1,0.0395949
1485,2823.1,161.265,119.847,5,0.75,1,0.0401928
1486,4102.47,167.047,119.071,6,0.742188,1,0.0402649
1487,1800.39,160.866,119.847,4,0.75,1,0.0403331
1488,1778.72,155.971,119.847,4,0.729492,1,0.0399646
1489,2823.1,170.794,120.227,5,0.813477,1,0.0401437
1490,2740.66,160.267,119.847,5,0.753906,1,0.0405882
1491,1684.18,153.478,119.847,4,0.745117,1,0.0399187
1492,2736.29,154.919,119.462,5,0.731445,1,0.0396336
1493,2736.29,150.035,119.847,5,0.735352,1,0.0396697
1494,1786.17,162.458,119.462,4,0.746094,1,0.0395424
1495,1763.17,162.153,120.227,4,0.769531,1,0.0400372
1496,1776.18,167.486,119.847,4,0.766602,1,0.0400731
1497,1773.62,167.419,119.462,4,0.767578,1,0.0392985
1498,2795.37,166.762,119.847,5,0.755859,1,0.0397749
1499,3919.27,157.039,119.847,6,0.739258,1,0.03956
