337.26
0,435.127,6.78082,4,2,0.0214844,0,0.010086
1,110.903,8.10237,4,1,0.0332031,0,0.010044
2,434.902,10.4478,5,2,0.0537109,0,0.0099677
3,434.476,9.25923,4,2,0.0439453,0,0.00999217
4,434.639,9.04791,5,2,0.0410156,0,0.0101097
5,435.117,10.0748,5,2,0.0449219,0,0.0103596
6,111.425,9.23688,5,1,0.0410156,0,0.0103549
7,435.053,12.1275,5,2,0.0625,0,0.0105353
8,434.954,10.8072,5,2,0.0498047,0,0.0104783
9,435.151,10.5517,5,2,0.0527344,0,0.0102678
10,434.954,10.091,5,2,0.0458984,0,0.0103854
11,435.151,9.50885,6,2,0.0380859,0,0.0106292
12,1005.85,11.7408,5,3,0.0507812,0,0.0104666
13,435.151,11.7755,5,2,0.0595703,0,0.0104722
14,435.127,11.7009,5,2,0.0615234,0,0.0103661
15,434.639,11.9686,6,2,0.0615234,0,0.0106361
16,1010.21,12.0439,6,3,0.0576172,0,0.010453
17,434.818,11.19,6,2,0.0488281,0,0.0106122
18,434.412,10.1669,6,2,0.0429688,0,0.0104488
19,435.151,11.9109,6,2,0.0566406,0,0.0105245
20,435.127,12.6618,6,2,0.0625,0,0.0107958
21,435.053,11.014,6,2,0.0449219,0,0.0108424
22,435.151,10.9296,6,2,0.0507812,0,0.0106142
23,435.151,11.4337,6,2,0.0527344,0,0.0106849
24,435.151,11.8419,6,2,0.0556641,0,0.0107971
25,435.149,13.9063,6,2,0.0644531,0,0.0106522
26,435.053,12.2482,6,2,0.0576172,0,0.0107387
27,435.151,11.8824,6,2,0.0566406,0,0.0107261
28,435.151,15.8762,6,2,0.0859375,0,0.0109385
29,435.151,12.1903,6,2,0.0566406,0,0.010977
30,435.149,12.8166,6,2,0.0654297,0,0.0109142
31,434.818,10.5561,6,2,0.0429688,0,0.0108902
32,435.149,13.9727,6,2,0.0703125,0,0.0109127
33,434.129,13.4879,6,2,0.0693359,0,0.0111553
34,435.151,13.0176,6,2,0.0605469,0,0.011057
35,435.151,15.0999,6,2,0.0732422,0,0.0111529
36,435.149,14.2326,7,2,0.0595703,0,0.0115743
37,435.149,13.5456,7,2,0.0664062,0,0.0114137
38,435.151,15.043,7,2,0.0751953,0,0.0114826
39,435.151,17.3907,7,2,0.0947266,0,0.0113981
40,434.818,14.6355,7,2,0.0771484,0,0.011407
41,435.149,13.3118,7,2,0.0585938,0,0.0113803
42,435.127,14.4612,7,2,0.0732422,0,0.0113446
43,435.149,14.883,8,2,0.0712891,0,0.0114847
44,435.151,13.1173,7,2,0.0576172,0,0.0115534
45,435.127,15.1196,8,2,0.0751953,0,0.0118757
46,435.127,13.964,8,2,0.0595703,0,0.0116413
47,434.818,13.9591,8,2,0.0634766,0,0.0116052
48,435.149,16.5657,8,2,0.0869141,0,0.0116099
49,1008.92,16.4073,8,3,0.0742188,0,0.0118527
50,435.151,16.2014,8,2,0.0869141,0,0.0115749
51,1009.59,16.0303,8,3,0.0791016,0,0.0116093
52,435.151,17.7344,8,2,0.0917969,0,0.0117515
53,435.151,17.1232,8,2,0.0888672,0,0.0117479
54,1009.59,16.942,8,3,0.0800781,0,0.0116993
55,435.151,17.6682,8,2,0.0957031,0,0.011785
56,434.902,15.934,8,2,0.0859375,0,0.0116969
57,435.151,16.4084,8,2,0.0810547,0,0.011777
58,435.149,15.8707,8,2,0.0771484,0,0.0118972
59,435.151,18.4833,8,2,0.0927734,0,0.0116521
60,435.151,19.3823,8,2,0.105469,0,0.0121277
61,435.127,19.9829,8,2,0.104492,0,0.0121502
62,435.149,15.9631,8,2,0.0800781,0,0.0120468
63,435.151,17.8561,8,2,0.0947266,0,0.011892
64,435.053,19.0868,9,2,0.107422,0,0.0120642
65,435.151,18.1515,9,2,0.0908203,0,0.0120347
66,435.151,19.1497,8,2,0.106445,0,0.0119562
67,435.127,17.8253,8,2,0.0947266,0,0.0118975
68,435.149,16.3585,8,2,0.0800781,0,0.0120843
69,435.127,16.8585,8,2,0.0830078,0,0.0121792
70,1008.92,20.8865,9,3,0.111328,0,0.0120902
71,435.151,19.9447,9,2,0.107422,0,0.0120056
72,435.127,20.8212,9,2,0.115234,0,0.0120258
73,435.151,20.2036,8,2,0.116211,0,0.0120588
74,435.127,21.9755,9,2,0.121094,0,0.0121187
75,435.151,22.4725,9,2,0.129883,0,0.0123006
76,1008.92,19.3649,8,3,0.0996094,0,0.0121733
77,1010.21,22.9388,9,3,0.124023,0,0.012195
78,1011.78,22.6637,9,3,0.12207,0,0.0121439
79,435.127,21.323,9,2,0.117188,0,0.0123143
80,435.151,21.2542,9,2,0.111328,0,0.0122185
81,435.149,19.6861,9,2,0.105469,0,0.0123919
82,435.127,21.7869,9,2,0.123047,0,0.0123502
83,435.151,21.1,9,2,0.115234,0,0.0123951
84,1007.46,24.7988,9,3,0.133789,0,0.0125462
85,435.151,24.0695,9,2,0.136719,0,0.0125219
86,435.151,19.8338,9,2,0.104492,0,0.0124052
87,435.151,22.7888,9,2,0.130859,0,0.012504
88,435.149,21.882,9,2,0.12207,0,0.0122031
89,435.127,22.9588,9,2,0.129883,0,0.0123633
90,1008.92,25.8209,9,3,0.143555,0,0.0123495
91,435.127,24.6288,9,2,0.148438,0,0.0125993
92,435.151,23.2298,9,2,0.133789,0,0.0124844
93,435.151,23.3153,9,2,0.138672,0,0.0124679
94,435.149,23.6819,9,2,0.143555,0,0.0124802
95,435.151,23.581,9,2,0.131836,0,0.0125111
96,435.149,24.0201,9,2,0.130859,0,0.0125279
97,435.151,24.3265,9,2,0.139648,0,0.01249
98,435.149,24.2998,9,2,0.144531,0,0.0127393
99,1008.92,26.1611,9,3,0.149414,0,0.0128394
100,435.149,25.0511,9,2,0.146484,0,0.0127697
101,435.151,23.1225,9,2,0.131836,0,0.0126618
102,1010.21,26.0309,9,3,0.149414,0,0.0127451
103,435.149,24.6142,9,2,0.139648,0,0.0127421
104,435.151,24.6659,9,2,0.140625,0,0.0127287
105,435.151,25.5619,9,2,0.146484,0,0.0127039
106,435.151,25.5061,9,2,0.152344,0,0.0126988
107,1008.92,24.077,9,3,0.138672,0,0.012679
108,435.149,27.986,9,2,0.168945,0,0.0126259
109,1008.92,27.6268,9,3,0.161133,0,0.0128302
110,435.149,27.3516,9,2,0.158203,0,0.0127936
111,1009.59,30.0628,9,3,0.177734,0,0.0128359
112,435.151,28.2083,9,2,0.168945,0,0.0129363
113,1010.21,28.8604,9,3,0.165039,0,0.0128934
114,1008.21,29.0539,9,3,0.167969,0,0.0129896
115,435.151,28.4562,9,2,0.170898,0,0.0128585
116,435.151,29.9208,9,2,0.182617,0,0.012874
117,1008.92,30.7038,9,3,0.180664,0,0.0128137
118,435.151,33.1354,9,2,0.197266,0,0.0129707
119,1005.85,30.7351,9,3,0.175781,0,0.0131006
120,1008.92,32.692,9,3,0.185547,0,0.0130619
121,435.151,31.372,9,2,0.189453,0,0.0128866
122,435.149,32.6499,10,2,0.202148,0,0.0131293
123,1008.92,34.7281,9,3,0.206055,0,0.0130397
124,1011.31,35.0848,9,3,0.207031,0,0.013245
125,1008.92,34.1542,9,3,0.198242,0,0.0132376
126,1011.78,34.4651,10,3,0.207031,0,0.0132669
127,435.151,32.6202,9,2,0.210938,0,0.0131252
128,435.151,33.4363,10,2,0.195312,0,0.0135548
129,1011.78,42.5775,10,3,0.256836,0,0.0134115
130,1011.31,34.9262,10,3,0.205078,0,0.0134644
131,1008.92,38.1914,10,3,0.237305,0,0.0136247
132,435.151,34.2331,10,2,0.209961,0,0.0136925
133,1011.78,41.1246,11,3,0.265625,0,0.0136134
134,1009.59,35.88,9,3,0.222656,0,0.0132095
135,435.151,34.6702,10,2,0.21582,0,0.013314
136,435.151,38.2277,10,2,0.231445,0,0.0134605
137,1008.92,37.5829,10,3,0.220703,0,0.0134315
138,435.151,34.6881,10,2,0.220703,0,0.0133332
139,1008.92,39.1606,10,3,0.242188,0,0.0135205
140,1008.92,35.8827,10,3,0.21582,0,0.0135264
141,1008.92,39.8721,11,3,0.242188,0,0.0137111
142,1008.92,36.3466,11,3,0.21875,0,0.0136664
143,435.151,36.5925,11,2,0.236328,0,0.0134659
144,1011.31,37.6296,11,3,0.231445,0,0.0136978
145,1010.79,37.3992,10,3,0.222656,0,0.0134753
146,1008.21,37.8377,11,3,0.239258,0,0.0135853
147,1845.26,37.5439,10,4,0.231445,0,0.0134419
148,1011.31,39.3518,11,3,0.246094,0,0.013586
149,1006.68,40.3141,11,3,0.249023,0,0.0136601
150,1011.31,40.2303,11,3,0.235352,0,0.0137421
151,1012.18,37.6249,10,3,0.234375,0,0.0137109
152,1010.21,41.6485,11,3,0.255859,0,0.0139493
153,1008.92,38.0235,11,3,0.242188,0,0.0138552
154,435.151,39.9183,11,2,0.253906,0,0.0136816
155,1008.92,43.8103,11,3,0.272461,0,0.013453
156,1008.92,45.3549,11,3,0.289062,0,0.0137304
157,1009.59,46.5973,11,3,0.279297,0,0.0140822
158,1011.31,43.4393,11,3,0.269531,0,0.0136837
159,1008.92,40.2746,11,3,0.256836,0,0.0138812
160,1008.92,43.3542,11,3,0.267578,0,0.0141391
161,1009.59,45.2296,11,3,0.283203,0,0.0139555
162,1007.46,41.5388,11,3,0.269531,0,0.0140089
163,1008.92,42.1751,12,3,0.260742,0,0.0141153
164,1010.21,47.9441,11,3,0.294922,0,0.0141997
165,1011.31,44.9023,11,3,0.273438,0,0.0143992
166,1009.59,44.6291,11,3,0.272461,0,0.0141657
167,1008.92,49.3247,12,3,0.304688,0,0.01415
168,1006.68,44.5981,12,3,0.277344,0,0.0144046
169,1000.23,46.9128,12,3,0.290039,0,0.0146649
170,1011.31,46.7077,13,3,0.28125,0,0.0145861
171,435.151,50.8053,12,2,0.31543,0,0.0146647
172,1011.31,52.9687,13,3,0.307617,0,0.0148183
173,1006.68,45.0163,13,3,0.269531,0,0.014821
174,1005.85,51.767,13,3,0.313477,0,0.0147613
175,1009.59,46.2621,13,3,0.270508,0,0.015356
176,1846.55,52.2162,13,4,0.295898,0,0.0151905
177,1010.21,56.2873,13,3,0.323242,0,0.0158339
178,1004.1,44.1396,13,3,0.269531,0,0.0159999
179,435.151,46.5864,13,2,0.288086,0,0.01606
180,1008.92,50.142,13,3,0.295898,0,0.0159254
181,1843.9,51.1648,13,4,0.296875,0,0.0162616
182,1008.92,51.7564,13,3,0.291016,0,0.0161527
183,1006.68,49.6736,13,3,0.282227,0,0.0164488
184,1009.59,51.466,14,3,0.301758,0,0.0164332
185,1009.59,49.4129,14,3,0.295898,0,0.0164327
186,1008.92,51.161,15,3,0.296875,0,0.0166516
187,1009.59,54.7657,15,3,0.3125,0,0.0171086
188,1004.1,53.3182,15,3,0.313477,0,0.0171437
189,1000.23,53.5854,15,3,0.308594,0,0.0173627
190,1008.21,51.0687,15,3,0.28418,0,0.0179415
191,1008.92,57.6079,15,3,0.318359,0,0.0181607
192,1000.23,57.5231,15,3,0.306641,0,0.0181945
193,1837.92,57.9328,15,4,0.318359,0,0.0189806
194,1011.31,57.7848,15,3,0.327148,0,0.0192211
195,1007.46,58.6591,15,3,0.31543,0,0.0190339
196,1011.78,63.6836,16,3,0.335938,0,0.0192987
197,1007.46,57.068,17,3,0.3125,0,0.0201439
198,1847.77,66.3705,17,4,0.34082,0,0.0199145
199,1003.18,56.9842,16,3,0.304688,0,0.0203865
200,1005.85,66.4827,17,3,0.335938,0,0.0208228
201,1007.46,64.3202,17,3,0.326172,0,0.0216875
202,1005.85,67.6829,18,3,0.319336,0,0.0225256
203,1781.23,62.8546,18,4,0.319336,0,0.022565
204,1009.59,71.7262,20,3,0.34668,0,0.023467
205,1788.61,70.4279,20,4,0.317383,0,0.0246439
206,1005.85,72.7853,23,3,0.354492,0,0.024494
207,1795.76,75.6388,25,4,0.347656,0,0.0255755
208,1783.71,71.7479,23,4,0.313477,0,0.0267098
209,1009.59,71.6421,25,3,0.3125,0,0.0272981
210,1837.92,73.3481,36,4,0.305664,0,0.0289436
211,1800.39,71.488,39,4,0.291992,0,0.0299642
212,1011.78,80.2413,47,3,0.311523,0,0.0301426
213,1827.51,81.3053,101,4,0.326172,0,0.0309262
214,1802.66,80.8099,101,4,0.313477,0,0.0309695
215,998.128,72.6186,101,3,0.276367,0,0.0329839
216,1815.68,79.7229,101,4,0.282227,0,0.0334025
217,983.489,76.702,101,3,0.283203,0,0.0321374
218,1011.78,82.0578,101,3,0.311523,0,0.0323633
219,1008.21,82.1749,101,3,0.306641,0,0.0331476
220,1007.46,78.8969,101,3,0.282227,0,0.0328597
221,1005.85,77.2591,101,3,0.277344,0,0.0346677
222,1813.59,85.5001,101,4,0.307617,0,0.0351489
223,1006.68,82.2016,101,3,0.293945,0,0.0345735
224,1008.21,79.1244,101,3,0.267578,0,0.0343435
225,1008.92,85.3134,101,3,0.296875,0,0.0338658
226,1846.55,85.7471,101,4,0.319336,0,0.0337246
227,1746.82,86.294,101,4,0.300781,0,0.0358644
228,4113.41,88.8977,101,6,0.277344,0,0.036342
229,1839.49,89.8974,101,4,0.301758,0,0.0373339
230,1008.21,93.0121,101,3,0.322266,0,0.0367666
231,1829.35,88.5978,101,4,0.30957,0,0.0360264
232,1004.99,86.4812,101,3,0.302734,0,0.0363032
233,1008.92,86.1125,101,3,0.298828,0,0.0351382
234,1007.46,88.4215,101,3,0.303711,0,0.0371616
235,1008.92,93.9555,101,3,0.323242,0,0.0374215
236,1823.71,98.4133,101,4,0.339844,0,0.0381841
237,4191.47,94.0852,101,6,0.321289,0,0.0371151
238,2853.13,96.0347,101,5,0.310547,0,0.0390793
239,1008.92,93.7313,101,3,0.296875,0,0.0379574
240,1007.46,95.9432,101,3,0.321289,0,0.0391933
241,1819.76,96.1469,101,4,0.318359,0,0.0384447
242,997.036,88.2902,101,3,0.287109,0,0.0388015
243,1010.79,95.3681,101,3,0.321289,0,0.0384114
244,1823.71,92.6654,101,4,0.298828,0,0.0399764
245,1802.66,97.3871,101,4,0.308594,0,0.0405612
246,1008.21,103.017,101,3,0.336914,0,0.0403664
247,1827.51,101.055,101,4,0.31543,0,0.0407849
248,1005.85,100.229,101,3,0.329102,0,0.0401303
249,1823.71,102.886,101,4,0.352539,0,0.0402812
250,1841.02,109.856,101,4,0.364258,0,0.0410179
251,1010.21,94.4698,101,3,0.339844,0,0.0379614
252,1804.91,97.8775,101,4,0.332031,0,0.0378276
253,1836.29,106.792,101,4,0.360352,0,0.0405898
254,1010.79,99.5123,101,3,0.329102,0,0.0405274
255,1798.09,95.9745,101,4,0.334961,0,0.0387938
256,1802.66,97.9776,101,4,0.355469,0,0.0381841
257,3796.01,106.774,101,6,0.352539,0,0.0405999
258,1813.59,105.039,101,4,0.360352,0,0.0396829
259,4080.24,112.444,101,6,0.376953,0,0.0404452
260,4085.84,121.091,101,6,0.427734,0,0.0381618
261,1732.64,110.842,101,4,0.407227,0,0.0384828
262,3714.43,120.43,101,6,0.469727,0,0.0368132
263,1839.49,112.727,101,4,0.443359,0,0.0376395
264,1831.15,116.712,101,4,0.461914,0,0.0364631
265,2912.97,127.869,101,5,0.47168,0,0.0363734
266,5631.18,136.142,101,7,0.498047,0,0.0378565
267,2921.69,122.134,101,5,0.466797,0,0.0377147
268,1823.71,125.031,101,4,0.460938,0,0.0372536
269,2815.31,123.791,101,5,0.507812,0,0.0341705
270,2881.17,121.91,101,5,0.472656,0,0.0364504
271,5891.28,133.208,101,7,0.49707,0,0.0376695
272,2778.96,135.178,101,5,0.538086,0,0.0364621
273,2856.74,139.901,101,5,0.552734,0,0.0357144
274,1821.75,136.274,101,4,0.557617,0,0.0351416
275,2900.72,136.476,101,5,0.586914,0,0.0333358
276,4215.78,143.509,101,6,0.557617,0,0.0360809
277,4181.49,140.736,101,6,0.581055,0,0.0353544
278,1817.74,144.128,101,4,0.572266,0,0.0355061
279,1807.12,135.659,101,4,0.594727,0,0.0340884
280,2795.37,141.621,101,5,0.608398,0,0.0351078
281,4113.41,142.069,101,6,0.59668,0,0.0347014
282,5674.67,169.691,101,7,0.660156,0,0.033401
283,4210.99,175.687,101,6,0.682617,0,0.035763
284,11986,172.993,101,10,0.694336,0,0.0341924
285,5382.11,170.179,101,7,0.712891,0,0.0338291
286,3999.03,166.703,101,6,0.685547,0,0.0335625
287,2668.24,148.173,101,5,0.658203,0,0.0326464
288,3987.02,172.041,101,6,0.703125,0,0.0334822
289,9072.88,211.647,101,9,0.803711,0,0.0331621
290,4118.83,181.76,101,6,0.74707,0,0.0329462
291,4118.83,190.301,101,6,0.748047,0,0.0331452
292,4191.47,195.07,101,6,0.764648,0,0.035341
293,4171.38,197.917,101,6,0.779297,0,0.0329986
294,4210.99,219.073,107.538,6,0.861328,1,0.0322475
295,12771.5,230.454,106.93,10,0.849609,1,0.0338863
296,2830.78,208.485,104.312,5,0.820312,1,0.0330534
297,5143.71,229.633,109.275,7,0.902344,1,0.0327936
298,7816.63,235.465,109.829,8,0.888672,1,0.0337206
299,2874.36,238.619,110.903,5,0.936523,1,0.0344539
300,7155.67,250.149,108.13,8,0.90332,1,0.0349867
301,15664.6,287.966,109.829,11,0.977539,1,0.0344549
302,9297.69,276.815,109.829,9,0.966797,1,0.0347701
303,9774.39,277.062,111.425,9,0.99707,1,0.035038
304,20831.9,298.974,109.829,12,0.984375,1,0.0356068
305,10153,335.243,110.903,9,1.07129,1,0.0358793
306,7808.91,333.598,112.44,8,1.13281,1,0.0357398
307,5830.11,338.411,112.44,7,1.11914,1,0.0365385
308,9944.99,342.126,112.934,9,1.1377,1,0.0363601
309,37902.8,387.005,111.425,14,1.14648,1,0.0353181
310,9273.14,442.564,114.366,9,1.2959,1,0.037872
311,7457.75,412.34,116.603,8,1.28223,1,0.0378614
312,16186.9,464.766,116.603,11,1.35059,1,0.0390594
313,16259.8,435.207,115.282,11,1.29492,1,0.0371675
314,20532,555.902,117.45,12,1.44629,1,0.0386942
315,58911.7,591.107,122.741,15,1.49609,1,0.0390817
316,27236.3,669.318,127.657,13,1.62988,1,0.0391929
317,39281.3,709.617,137.17,14,1.67676,1,0.0404289
318,9248.49,576.307,127.657,9,1.57031,1,0.0405326
319,12622.1,679.808,138.469,10,1.7666,1,0.0398829
320,60694,688.18,137.037,15,1.62305,1,0.0403843
321,20744.9,783.8,129.242,12,1.73926,1,0.0407509
322,95152.2,882.225,138.254,16,1.81348,1,0.0413709
323,39435.2,1121.01,366.798,14,2.11523,2,0.0429439
324,565298,1725.82,369.909,19,2.1543,2,0.0419624
325,299952,1701.46,422.61,18,2.26465,2,0.0441781
326,95319.7,1549.81,424.286,16,2.3623,2,0.0433716
327,165511,1817.58,427.827,17,2.42773,2,0.0447175
328,2.14986e+06,4569.38,431.878,21,2.80469,2,0.0477578
329,1.09614e+06,6380.38,434.638,20,3.21777,2,0.051852
330,1.09533e+06,4816.14,762.291,20,3.56738,3,0.0538826
331,2.14981e+06,7724.56,687.856,21,3.75098,3,0.0550644
332,2.14838e+06,6921.32,967.552,21,3.97266,3,0.056365
333,4.25441e+06,12117.6,999.194,22,4.41309,3,0.0602146
334,1.68468e+07,46280.5,1720.96,24,4.74414,4,0.0607495
335,1.09727e+06,11230.4,1752.35,20,4.87598,4,0.0660454
336,1.09656e+06,9742.45,1699.8,20,4.78613,4,0.0633586
337,8.45151e+06,27733,1768.44,23,5.09961,4,0.0656363
338,567656,10532.5,1741.21,19,4.93555,4,0.0624101
339,1.6847e+07,53651.7,1757.8,24,5.22656,4,0.0653151
340,6.71915e+07,100377,1760.49,26,5.30371,4,0.0666831
341,5.36967e+08,861791,2811.38,29,6.09277,5,0.0711805
342,1.68467e+07,100106,3999.03,24,6.64551,6,0.0737692
343,1.34308e+08,334715,3993.04,27,6.85254,6,0.0766478
344,1.34307e+08,225094,3956.58,27,6.76465,6,0.0741707
345,6.71894e+07,267041,4306.25,26,7.28711,6,0.0803014
346,6.71869e+07,214429,4963.37,26,7.22363,7,0.0807945
347,5.36972e+08,896437,4080.24,29,7.05664,6,0.0794745
348,2.68532e+08,553146,5009.19,28,7.4502,7,0.0814825
349,1.34302e+08,414268,4140.23,27,7.08887,6,0.0791598
350,1.34303e+08,503397,3993.04,27,7.03906,6,0.0802211
351,1.34304e+08,366994,3874.74,27,6.8291,6,0.0784923
352,3.36297e+07,183038,4046.07,25,6.91699,6,0.0800668
353,6.87196e+10,6.80277e+07,3999.03,36,7.13574,6,0.0832779
354,4.29509e+09,6.07184e+06,5556.33,32,7.70215,7,0.0892008
355,1.718e+10,1.78227e+07,5645.8,34,7.80664,7,0.0918228
356,8.59007e+09,1.4106e+07,5703.02,33,8.10449,7,0.0962985
357,3.43599e+10,5.65003e+07,6968.48,35,8.51074,8,0.0993142
358,3.43599e+10,3.53445e+07,7206.2,35,8.47363,8,0.0986849
359,8.59005e+09,2.07209e+07,5660.3,33,8.47461,7,0.0928773
360,2.1476e+09,6.65305e+06,7448.45,31,8.74805,8,0.098825
361,2.1476e+09,4.38548e+06,5744.56,31,8.38184,7,0.0951684
362,3.43599e+10,3.84886e+07,7391.97,35,9.00195,8,0.102404
363,8.59006e+09,2.64019e+07,7448.45,33,8.93457,8,0.103323
364,2.74878e+11,2.74364e+08,7753.6,38,8.93848,8,0.105539
365,8.59006e+09,1.80315e+07,7216.23,33,8.93262,8,0.106361
366,4.29509e+09,8.17535e+06,6628.42,32,8.52832,8,0.104197
367,3.43599e+10,6.04695e+07,5494.43,35,8.31738,7,0.103351
368,3.43599e+10,3.71028e+07,5548.69,35,8.01172,7,0.100144
369,2.1476e+09,6.33882e+06,5563.94,31,8.08398,7,0.0961942
370,4.29509e+09,1.46617e+07,5623.83,32,8.21875,7,0.0959941
371,6.87196e+10,7.162e+07,5638.51,36,8.32031,7,0.0991907
372,8.59006e+09,1.94958e+07,5414.7,33,8.31348,7,0.0999697
373,8.59007e+09,2.54088e+07,5494.43,33,8.40332,7,0.0977786
374,4.2951e+09,1.47987e+07,5187.53,32,8.36621,7,0.0997194
375,8.59006e+09,1.25553e+07,5517.84,33,8.40039,7,0.10169
376,3.43599e+10,4.12242e+07,5510.07,35,8.51758,7,0.099355
377,6.87196e+10,7.50413e+07,5533.32,36,8.49023,7,0.101926
378,8.59006e+09,1.55228e+07,4113.41,33,7.86328,6,0.0980303
379,4.29509e+09,1.53491e+07,3938.03,32,7.60449,6,0.0933694
380,1.718e+10,2.44237e+07,4944.91,34,8.10352,7,0.0949307
381,4.29508e+09,8.92632e+06,2874.36,32,7.56543,5,0.0929289
382,1.718e+10,4.00324e+07,3514.05,34,7.33008,6,0.0905745
383,8.59007e+09,1.47656e+07,4134.93,33,8.10547,6,0.0952768
384,8.59006e+09,2.48302e+07,4102.47,33,7.92969,6,0.0959846
385,8.59006e+09,2.21335e+07,3980.98,33,7.78125,6,0.0948975
386,4.29509e+09,1.62586e+07,3587.15,32,7.51172,6,0.0943308
387,8.59006e+09,1.83956e+07,3815.97,33,7.58398,6,0.0926802
388,8.59005e+09,1.25965e+07,1804.91,33,6.68066,4,0.0849529
389,3.43599e+10,8.51648e+07,4698.39,35,8.2793,7,0.0952131
390,1.718e+10,3.27997e+07,5688.91,34,8.94824,7,0.0998737
391,3.43599e+10,5.99379e+07,5688.91,35,8.8291,7,0.0975791
392,3.43599e+10,6.534e+07,7391.97,35,9.27148,8,0.103029
393,1.718e+10,2.32994e+07,7737.41,34,9.3457,8,0.10484
394,8.59007e+09,2.9847e+07,7521.98,33,9.35645,8,0.103828
395,1.718e+10,5.75135e+07,7410.92,34,9.41016,8,0.1044
396,4.29508e+09,1.48431e+07,7448.45,32,9.15723,8,0.101091
397,3.43599e+10,5.54497e+07,5601.59,35,9.00098,7,0.10403
398,2.74878e+11,3.40646e+08,7777.57,38,9.85742,8,0.109586
399,4.2951e+09,1.98476e+07,7265.96,32,9.19043,8,0.105186
400,3.43599e+10,7.67927e+07,6925.82,35,9.06152,8,0.10341
401,1.37439e+11,1.66324e+08,7305.25,37,9.29492,8,0.106026
402,3.43599e+10,8.52565e+07,9358.56,35,9.77441,9,0.108719
403,1.718e+10,4.69126e+07,5533.32,34,8.84473,7,0.101478
404,8.59006e+09,2.73365e+07,6989.67,33,9.33496,8,0.105851
405,3.43599e+10,5.11273e+07,7246.15,35,9.17969,8,0.105529
406,1.718e+10,2.92267e+07,5599.52,34,8.90234,8,0.103943
407,3.43599e+10,9.30077e+07,7135.27,35,9.13672,8,0.104694
408,1.718e+10,2.96625e+07,5454.88,34,8.62402,7,0.103868
409,6.87196e+10,9.20069e+07,7275.83,36,9.21387,8,0.108099
410,1.718e+10,5.51848e+07,5365.67,34,8.46875,7,0.106295
411,4.29509e+09,1.62112e+07,4201.3,32,8.52148,6,0.103392
412,8.59006e+09,4.62893e+07,3912.98,33,7.8252,6,0.100746
413,2.74878e+11,3.20446e+08,5533.32,38,8.83496,7,0.106567
414,3.43599e+10,1.35176e+08,3950.42,35,7.99023,6,0.100857
415,4.29508e+09,1.86813e+07,2845.8,32,7.69824,5,0.0980308
416,8.59006e+09,4.68156e+07,3855.34,33,8.49414,6,0.102813
417,1.718e+10,3.62622e+07,3938.03,34,8.25879,6,0.10086
418,1.718e+10,4.79238e+07,5609.03,34,8.83594,7,0.107523
419,6.87196e+10,2.04781e+08,6124.09,36,9.06348,8,0.107273
420,1.37439e+11,1.80561e+08,6292.15,37,9.02539,8,0.107418
421,6.87196e+10,1.71964e+08,5823.76,36,9.11426,7,0.10709
422,3.43599e+10,1.27482e+08,7135.27,35,9.48047,8,0.111536
423,3.43599e+10,1.00237e+08,9696.83,35,10.2617,9,0.120339
424,1.37439e+11,3.71902e+08,9483.07,37,10.4248,10,0.11988
425,6.87196e+10,2.1307e+08,7363.33,36,9.81348,8,0.114066
426,1.09951e+12,1.2504e+09,7073.47,40,9.68262,8,0.111871
427,1.37439e+11,3.79871e+08,9297.69,37,10.4492,9,0.115662
428,1.37439e+11,2.01502e+08,7729.25,37,10.1201,8,0.114666
429,4.39805e+12,4.54928e+09,9358.56,42,10.0225,9,0.111876
430,3.43599e+10,1.43744e+08,7372.91,35,9.63867,8,0.112896
431,1.37439e+11,3.34557e+08,6957.85,37,9.31934,8,0.108196
432,1.37439e+11,3.54494e+08,7206.2,37,9.67578,8,0.112544
433,4.39805e+12,4.90148e+09,9606.16,42,10.3369,9,0.115153
434,8.59007e+09,4.68114e+07,7549.02,33,10.0625,8,0.111534
435,5.49756e+11,6.82501e+08,7610.9,39,10.0469,8,0.111659
436,4.39805e+12,4.99751e+09,11172.2,42,11.04,10,0.120148
437,5.49756e+11,7.38559e+08,12293.2,39,10.9043,10,0.121647
438,3.43599e+10,1.23162e+08,12333.8,35,11.0898,10,0.119629
439,2.74878e+11,8.86829e+08,15152.8,38,11.5645,11,0.127496
440,1.37439e+11,2.72513e+08,11282,37,10.7275,10,0.120047
441,2.74878e+11,5.90243e+08,14946.6,38,11.2627,11,0.124037
442,1.37439e+11,5.46333e+08,12127.6,37,11.0283,10,0.122935
443,2.74878e+11,4.50328e+08,12506.4,38,11.207,10,0.122831
444,2.74878e+11,9.70621e+08,12306.8,38,11.3213,10,0.12439
445,1.37439e+11,5.55873e+08,12759.3,37,11.2344,10,0.121542
446,1.37439e+11,2.46498e+08,12660,37,11.207,10,0.125062
447,1.09951e+12,1.18247e+09,12085.4,40,10.7793,10,0.119237
448,6.87196e+10,3.28376e+08,15437.3,36,11.6768,11,0.128577
449,6.87196e+10,3.22427e+08,15152.8,36,11.5596,11,0.127092
450,2.74878e+11,4.6785e+08,12710,38,11.3926,10,0.127944
451,5.49756e+11,9.31798e+08,11914.1,39,11.1982,10,0.129131
452,3.43599e+10,1.2298e+08,9785.33,35,10.6641,9,0.120661
453,1.37439e+11,2.24544e+08,12169.4,37,10.8535,10,0.125281
454,1.718e+10,7.10289e+07,9696.83,34,10.5156,9,0.122689
455,1.09951e+12,1.41537e+09,11957.3,40,10.8105,10,0.126748
456,6.87196e+10,1.25268e+08,11436.8,36,10.7139,10,0.126832
457,6.87196e+10,2.45486e+08,12293.2,36,11.167,10,0.128432
458,2.74878e+11,4.01571e+08,13116.2,38,11.2256,10,0.129208
459,3.43599e+10,1.18664e+08,12400.9,35,10.9062,10,0.124614
460,2.74878e+11,6.88384e+08,12783.6,38,11.376,10,0.12859
461,6.87196e+10,3.13212e+08,12622.1,36,11.3389,10,0.129914
462,1.37439e+11,2.47771e+08,12440.7,37,11.248,10,0.128249
463,3.43599e+10,1.03679e+08,9629.02,35,10.1689,9,0.11738
464,5.49756e+11,1.28544e+09,11856,39,11.2383,10,0.128613
465,1.09951e+12,2.47639e+09,14806.8,40,11.5088,11,0.134352
466,8.79609e+12,9.04107e+09,12169.4,43,11.3828,10,0.131034
467,2.74878e+11,9.48609e+08,11971.7,38,10.9482,10,0.129232
468,6.87196e+10,2.23751e+08,14911.8,36,11.3555,11,0.132032
469,1.37439e+11,2.90174e+08,15015.8,37,11.5762,11,0.133107
470,2.74878e+11,4.76339e+08,12647.4,38,11.4746,10,0.131854
471,2.74878e+11,4.52768e+08,11971.7,38,10.9092,10,0.126938
472,2.74878e+11,3.31813e+08,7420.35,38,9.95605,8,0.121873
473,8.79609e+12,9.92473e+09,9752.4,43,10.6396,9,0.125477
474,2.74878e+11,6.07722e+08,9617.6,38,10.8906,9,0.12875
475,6.87196e+10,3.45974e+08,11359.7,36,10.9443,10,0.129133
476,4.39805e+12,4.58734e+09,9085.59,42,10.3447,9,0.125284
477,4.39805e+12,6.1498e+09,9382.71,42,10.5742,9,0.12677
478,6.87196e+10,2.25888e+08,9839.49,36,10.5693,9,0.129401
479,1.09951e+12,2.26631e+09,9663.07,40,10.7441,9,0.129847
480,4.39805e+12,4.60106e+09,9730.28,42,10.7734,9,0.128842
481,2.74878e+11,8.88753e+08,12571.1,38,11.7354,10,0.139344
482,5.49756e+11,1.44509e+09,11140.6,39,11.1377,10,0.135569
483,1.09951e+12,1.95784e+09,15118.7,40,11.8418,11,0.141546
484,2.74878e+11,6.42532e+08,9640.4,38,10.5479,9,0.127917
485,3.51844e+13,3.50284e+10,9719.16,45,10.8467,9,0.131131
486,1.09951e+12,3.49589e+09,19899.7,40,12.6562,12,0.149863
487,4.39805e+12,1.19517e+10,16068,42,12.2041,11,0.145593
488,2.19902e+12,3.25195e+09,11870.6,41,11.2725,10,0.133974
489,6.87196e+10,4.46383e+08,9346.44,36,10.8516,9,0.135342
490,5.49756e+11,1.66059e+09,9358.56,39,10.5195,9,0.129912
491,2.74878e+11,4.73402e+08,9583.16,38,10.7578,9,0.136632
492,2.74878e+11,1.01301e+09,12306.8,38,11.5664,10,0.145874
493,4.39805e+12,6.73451e+09,12071.3,42,11.2012,10,0.14057
494,1.09951e+12,2.55983e+09,12155.5,40,11.3242,10,0.137514
495,5.49756e+11,9.19355e+08,11914.1,39,11.3037,10,0.136405
496,2.74878e+11,5.1183e+08,15254.3,38,12.0176,11,0.147772
497,2.74878e+11,8.22205e+08,12440.7,38,11.5254,10,0.142416
498,4.39805e+12,5.09231e+09,12480.2,42,11.6045,10,0.145274
499,1.09951e+12,1.82527e+09,14647.4,40,12.0127,11,0.145207
500,1.37439e+11,3.87923e+08,11768,37,11.4414,10,0.137979
501,2.74878e+11,5.71093e+08,9708.01,38,10.7637,9,0.133346
502,4.39805e+12,5.72622e+09,12183.3,42,11.5889,10,0.138112
503,1.37439e+11,7.52352e+08,15900.4,37,12.2334,11,0.144138
504,1.37439e+11,7.3036e+08,12697.5,37,11.8262,10,0.144774
505,6.87196e+10,3.97033e+08,13722.8,36,11.7002,11,0.140992
506,1.09951e+12,3.59066e+09,11782.8,40,11.3467,10,0.137664
507,5.49756e+11,1.43773e+09,14894.4,39,12.0186,11,0.14683
508,2.74878e+11,6.31909e+08,12387.6,38,11.6055,10,0.143465
509,2.74878e+11,4.20216e+08,15915.8,38,12.2148,11,0.145517
510,1.09951e+12,1.56406e+09,14929.2,40,11.4141,11,0.137931
511,1.37439e+11,3.66264e+08,16172.2,37,11.8926,11,0.142572
512,2.74878e+11,1.15928e+09,12306.8,38,11.5674,10,0.143171
513,5.49756e+11,1.3256e+09,14193,39,11.6484,11,0.144612
514,1.37439e+11,3.75047e+08,15304.6,37,11.7715,11,0.145407
515,1.09951e+12,1.82784e+09,19390.1,40,12.2734,12,0.149935
516,1.09951e+12,1.42516e+09,15853.9,40,12.0293,11,0.145857
517,1.37439e+11,3.42955e+08,18289.7,37,11.9473,12,0.147076
518,1.09951e+12,2.03411e+09,20386.9,40,12.916,12,0.15425
519,4.39805e+12,6.55342e+09,20146.3,42,12.8213,12,0.151414
520,1.37439e+11,6.96815e+08,16388.3,37,12.5605,11,0.145709
521,1.09951e+12,2.20548e+09,19004.7,40,12.5186,12,0.144491
522,2.74878e+11,1.08396e+09,20639.1,38,13.3838,12,0.155935
523,1.09951e+12,1.62441e+09,16127.8,40,12.418,11,0.143648
524,1.37439e+11,8.0595e+08,15584.2,37,12.3828,11,0.145913
525,1.09951e+12,3.20302e+09,12453.9,40,12.0098,10,0.14487
526,5.49756e+11,1.10878e+09,19784,39,12.5615,12,0.147215
527,5.49756e+11,1.6615e+09,16157.4,39,12.4277,11,0.147319
528,1.09951e+12,1.4173e+09,11634.1,40,11.332,10,0.138789
529,6.87196e+10,3.05075e+08,14503.8,36,11.5566,11,0.13772
530,1.09951e+12,1.62005e+09,15420.8,40,11.9551,11,0.140357
531,5.49756e+11,1.16826e+09,20900.8,39,12.9316,12,0.153658
532,2.74878e+11,9.84821e+08,19957.1,38,12.8643,12,0.154996
533,1.37439e+11,1.26811e+09,27827.7,37,14.1152,13,0.168266
534,2.74878e+11,1.47701e+09,38852.6,38,14.8633,14,0.178306
535,5.49756e+11,2.74387e+09,26635.2,39,13.5693,13,0.166811
536,5.49756e+11,1.98644e+09,37305.1,39,14.0088,14,0.171346
537,2.74878e+11,1.32254e+09,27887,38,13.8037,13,0.170228
538,4.39805e+12,6.46389e+09,19745.2,42,13.1494,12,0.163137
539,8.79609e+12,1.21082e+10,55974.2,43,14.9756,15,0.182277
540,4.39805e+12,8.2979e+09,57928.3,42,14.9463,15,0.178224
541,5.49756e+11,2.88195e+09,56691.5,39,14.8984,15,0.180898
542,2.19902e+12,7.26727e+09,38852.6,41,14.9053,14,0.178992
543,5.49756e+11,2.10292e+09,38073.4,39,14.3564,14,0.174231
544,2.19902e+12,4.79778e+09,38714.1,41,14.6133,14,0.176642
545,2.74878e+11,2.64219e+09,37804.6,38,14.5439,14,0.176246
546,2.19902e+12,6.51414e+09,28177.2,41,14.5078,13,0.174025
547,1.75922e+13,1.9699e+10,38714.1,44,14.9561,14,0.178138
548,4.39805e+12,7.93767e+09,90038.6,42,15.5205,16,0.180759
549,1.09951e+12,3.49796e+09,92494.1,40,15.7002,16,0.187761
550,4.39805e+12,8.01881e+09,38527.2,42,14.4395,14,0.178226
551,8.79609e+12,1.85379e+10,39736.3,43,15.0537,14,0.182461
552,1.09951e+12,5.01731e+09,59011.7,40,15.585,15,0.187237
553,2.19902e+12,7.28367e+09,51881.2,41,14.8418,15,0.181855
554,4.39805e+12,8.87605e+09,37927.3,42,14.2686,14,0.174773
555,2.19902e+12,5.13714e+09,38574.1,41,14.5459,14,0.182885
556,4.39805e+12,1.18097e+10,37355.7,42,14.4941,14,0.183208
557,8.79609e+12,1.11217e+10,19725.7,43,13.21,12,0.171148
558,4.39805e+12,1.21512e+10,37531.6,42,14.1943,14,0.18398
559,5.49756e+11,3.77897e+09,55652.2,39,14.8828,15,0.189428
560,1.75922e+13,3.33482e+10,56349.8,44,14.8008,15,0.189266
561,1.75922e+13,2.39171e+10,36293.8,44,14.4922,14,0.185552
562,1.75922e+13,2.11809e+10,90275.1,44,15.3779,16,0.196873
563,1.75922e+13,5.50449e+10,91206.6,44,15.9434,16,0.200557
564,1.09951e+12,5.73526e+09,37330.4,40,15.0195,14,0.192206
565,3.51844e+13,5.35644e+10,38667.6,45,15.0469,14,0.194402
566,2.74878e+11,3.82238e+09,39457,38,14.7324,14,0.18926
567,1.09951e+12,6.3323e+09,36000.1,40,14.0479,14,0.181584
568,1.75922e+13,3.19541e+10,38852.6,44,14.752,14,0.189701
569,7.03687e+13,8.27603e+10,37902.8,46,14.3984,14,0.1902
570,2.19902e+12,6.58867e+09,93148.4,41,15.6299,16,0.198315
571,8.79609e+12,2.05407e+10,57195,43,15.0469,15,0.192812
572,1.75922e+13,2.78524e+10,55415.6,44,15.1748,15,0.190174
573,4.39805e+12,1.82091e+10,59307.1,42,15.5928,15,0.195519
574,1.75922e+13,2.57425e+10,90677.2,44,15.2734,16,0.18979
575,2.19902e+12,1.41301e+10,26591.2,41,13.9756,13,0.182157
576,2.19902e+12,9.76532e+09,25284.6,41,13.6348,13,0.177289
577,4.39805e+12,1.23232e+10,36267.2,42,14.3701,14,0.183237
578,5.6295e+14,5.68567e+11,37927.3,49,14.6396,14,0.1862
579,2.19902e+12,6.32786e+09,37804.6,41,14.6357,14,0.190886
580,1.75922e+13,4.68539e+10,39565.4,44,14.916,14,0.192907
581,4.39805e+12,2.29555e+10,38480,42,15.0264,14,0.191461
582,2.81475e+14,2.93216e+11,58271.4,48,15.4756,15,0.198094
583,3.51844e+13,6.37398e+10,26591.2,45,14.0322,13,0.179651
584,1.75922e+13,3.67535e+10,20183.7,44,13.2744,12,0.174197
585,1.75922e+13,4.17311e+10,15931.2,44,13.1953,11,0.172527
586,2.19902e+12,4.72296e+09,19803.4,41,12.8945,12,0.165862
587,8.79609e+12,1.28484e+10,24361.5,43,13.3906,13,0.171692
588,4.39805e+12,1.76843e+10,35675.8,42,14.1201,14,0.181628
589,1.75922e+13,2.36656e+10,26480.7,44,13.9424,13,0.181155
590,4.39805e+12,1.597e+10,54419.7,42,15.085,15,0.190953
591,7.03687e+13,8.85079e+10,36583.8,46,14.5361,14,0.187637
592,4.39805e+12,2.12666e+10,35730.2,42,14.4141,14,0.188727
593,1.75922e+13,4.40182e+10,36714.4,44,14.0439,14,0.18333
594,1.09951e+12,6.49061e+09,27236.3,40,14.0391,13,0.182122
595,3.51844e+13,7.36237e+10,24336.6,45,13.8916,13,0.1811
596,4.39805e+12,7.04177e+09,35703,42,14.1924,14,0.179837
597,8.79609e+12,1.78745e+10,36134,43,14.3584,14,0.183063
598,8.79609e+12,1.62588e+10,27319.8,43,14.1992,13,0.179402
599,1.75922e+13,2.92108e+10,19880.5,44,13.7334,12,0.173049
600,1.75922e+13,2.79886e+10,37024.7,44,14.6836,14,0.187637
601,1.75922e+13,3.00939e+10,57028.4,44,15.3447,15,0.193799
602,1.75922e+13,2.84837e+10,26436.2,44,13.917,13,0.178122
603,8.79609e+12,1.50682e+10,34875.6,43,13.835,14,0.180762
604,4.39805e+12,1.31488e+10,26391.7,42,13.5439,13,0.17295
605,7.03687e+13,8.93704e+10,52077.3,46,14.5732,15,0.187699
606,4.39805e+12,1.14106e+10,38737.3,42,14.4551,14,0.181811
607,4.39805e+12,8.46826e+09,58861.5,42,15.377,15,0.19051
608,2.19902e+12,1.337e+10,38852.6,41,15.0752,14,0.186875
609,8.79609e+12,1.71399e+10,27131,43,14.1191,13,0.177953
610,1.09951e+12,9.03326e+09,38097.6,40,14.3721,14,0.182827
611,1.75922e+13,4.55195e+10,28139,44,14.3896,13,0.180606
612,4.39805e+12,1.09775e+10,27485,42,14.1523,13,0.17922
613,8.79609e+12,2.07392e+10,27827.7,43,13.6914,13,0.172021
614,8.79609e+12,1.64529e+10,15568,43,12.6377,11,0.16562
615,8.79609e+12,2.78006e+10,20514,43,13.3428,12,0.173137
616,1.40737e+14,1.4744e+11,25308.4,47,13.6221,13,0.173594
617,8.79609e+12,2.42464e+10,17833.1,43,12.8525,12,0.169
618,8.79609e+12,2.30878e+10,15551.8,43,12.7275,11,0.16828
619,1.75922e+13,4.0087e+10,14736.2,44,12.9521,11,0.168123
620,4.39805e+12,1.9475e+10,20202.3,42,13.3848,12,0.173075
621,8.79609e+12,2.70371e+10,20549.9,43,13.5254,12,0.174116
622,2.19902e+12,1.30148e+10,26458.5,41,14.4248,13,0.18476
623,1.75922e+13,2.50762e+10,36921.8,44,14.4443,14,0.186161
624,3.51844e+13,5.4184e+10,58684.3,45,15.8975,15,0.202855
625,4.39805e+12,2.80703e+10,57954.9,42,15.9932,15,0.206587
626,3.51844e+13,1.12031e+11,160728,45,16.8301,17,0.21549
627,3.51844e+13,6.555e+10,58961.8,45,16.0342,15,0.210836
628,7.03687e+13,1.85399e+11,94437.2,46,16.4717,16,0.216013
629,3.51844e+13,5.39029e+10,37481.5,45,15.0449,14,0.197564
630,1.40737e+14,3.10862e+11,160904,47,17.3154,17,0.223068
631,8.79609e+12,8.37432e+10,297136,43,17.7803,18,0.225605
632,3.51844e+13,6.38422e+10,94812.3,45,17.1152,16,0.21971
633,1.75922e+13,4.63476e+10,157683,44,16.4775,17,0.209745
634,5.6295e+14,6.05133e+11,294467,49,17.6367,18,0.225545
635,7.03687e+13,1.97711e+11,163506,46,17.2168,17,0.221037
636,7.03687e+13,2.62239e+11,160798,46,16.8389,17,0.216225
637,3.51844e+13,8.54272e+10,93575.8,45,16.4316,16,0.214049
638,5.6295e+14,6.24262e+11,57632.8,49,15.8525,15,0.204406
639,1.75922e+13,1.10508e+11,91075,44,16.0967,16,0.209181
640,8.79609e+12,3.66354e+10,38714.1,43,15.2793,14,0.201665
641,7.03687e+13,1.29223e+11,38480,46,15.2432,14,0.199096
642,7.03687e+13,1.07177e+11,33764.7,46,14.9932,14,0.196537
643,1.40737e+14,2.46102e+11,20071,47,13.8115,12,0.182338
644,2.19902e+12,1.55145e+10,35973.3,41,14.8604,14,0.195693
645,1.75922e+13,4.80307e+10,55799,44,15.3115,15,0.200403
646,5.6295e+14,8.01353e+11,35484.8,49,15.3105,14,0.198504
647,2.81475e+14,4.24479e+11,296013,48,17.6797,18,0.227546
648,7.03687e+13,1.31888e+11,91107.9,46,16.4854,16,0.213427
649,1.1259e+15,1.31297e+12,162182,50,17.2637,17,0.224249
650,1.40737e+14,2.01815e+11,91824.7,47,16.7148,16,0.217298
651,7.03687e+13,1.60252e+11,95430.5,46,16.75,16,0.221259
652,7.03687e+13,1.2094e+11,56378.4,46,15.7246,15,0.204701
653,3.51844e+13,9.32049e+10,58582.1,45,16.4414,15,0.209235
654,3.51844e+13,1.44344e+11,58219.1,45,16.3076,15,0.209003
655,1.40737e+14,1.88865e+11,56776.2,47,16.001,15,0.204776
656,7.03687e+13,2.25952e+11,94697.7,46,16.8623,16,0.21767
657,2.2518e+15,2.27191e+12,56549.7,51,15.8379,15,0.206612
658,1.75922e+13,1.15716e+11,93086.8,44,16.2031,16,0.210317
659,1.40737e+14,2.49306e+11,56292.3,47,16.0225,15,0.20998
660,1.75922e+13,7.23187e+10,58453.4,44,15.9424,15,0.211584
661,1.75922e+13,5.59141e+10,37681,44,14.7412,14,0.194836
662,3.51844e+13,8.09457e+10,27728.2,45,14.9268,13,0.198723
663,1.40737e+14,2.74195e+11,39170,47,15.2041,14,0.205942
664,4.39805e+12,3.69858e+10,36214,42,14.9414,14,0.202862
665,3.51844e+13,9.58481e+10,56606.6,45,15.2383,15,0.206726
666,7.03687e+13,2.8579e+11,37581.5,46,15.2178,14,0.207489
667,1.40737e+14,3.31449e+11,27194.3,47,14.7959,13,0.203059
668,1.75922e+13,1.51934e+11,39325.5,44,15.4268,14,0.208687
669,7.03687e+13,1.73988e+11,38145.9,46,15.3779,14,0.209248
670,7.03687e+13,2.40082e+11,56691.5,46,15.7334,15,0.214241
671,7.03687e+13,1.96022e+11,35865.5,46,15.5029,14,0.217103
672,8.79609e+12,5.09553e+10,54111.7,43,15.6055,15,0.215765
673,1.75922e+13,4.88909e+10,24900.7,44,14.5664,13,0.205716
674,1.40737e+14,3.24335e+11,56860.6,47,16.1172,15,0.220662
675,1.40737e+14,2.99654e+11,92399.4,47,16.7891,16,0.232182
676,7.03687e+13,2.23648e+11,157264,46,17.4521,17,0.241162
677,3.51844e+13,1.26677e+11,92869.9,45,16.6777,16,0.231198
678,2.81475e+14,6.02788e+11,87561.8,48,16.4912,16,0.229281
679,1.40737e+14,5.74871e+11,294741,47,18.0986,18,0.251766
680,9.0072e+15,9.49832e+12,95430.5,53,17.1455,16,0.237919
681,2.81475e+14,8.03017e+11,91824.7,48,16.6475,16,0.231558
682,1.80144e+16,1.81956e+13,93786.7,54,16.9541,16,0.237756
683,5.6295e+14,1.97228e+12,92963.1,49,17.1475,16,0.242817
684,1.40737e+14,5.95774e+11,297099,47,18.001,18,0.253118
685,1.40737e+14,6.30329e+11,296165,47,18.3398,18,0.256341
686,1.1259e+15,1.67579e+12,163954,50,17.5586,17,0.248486
687,2.81475e+14,1.07932e+12,295169,48,17.9336,18,0.253643
688,5.6295e+14,1.49275e+12,293110,49,17.5449,18,0.251254
689,2.81475e+14,1.37405e+12,161566,48,17.3994,17,0.247251
690,2.2518e+15,6.85935e+12,159942,51,16.9307,17,0.24335
691,5.6295e+14,3.03317e+12,1.08407e+06,49,19.166,20,0.273779
692,4.5036e+15,6.14966e+12,292866,52,18.2734,18,0.264058
693,5.6295e+14,1.23162e+12,161910,49,17.8789,17,0.25986
694,1.1259e+15,2.53422e+12,563112,50,18.4492,19,0.264015
695,1.1259e+15,2.22889e+12,295169,50,18.2715,18,0.265863
696,1.40737e+14,9.21319e+11,293633,47,18.0908,18,0.260865
697,4.5036e+15,5.23736e+12,296766,52,18.2031,18,0.259951
698,1.1259e+15,3.83422e+12,293231,50,18.6777,18,0.26516
699,2.2518e+15,4.73574e+12,295555,51,18.6924,18,0.265395
700,1.1259e+15,3.32455e+12,1.08896e+06,50,19.4971,20,0.279844
701,4.5036e+15,7.46596e+12,560717,52,18.8457,19,0.266533
702,5.6295e+14,1.6083e+12,2.14188e+06,49,20.0713,21,0.281938
703,4.61169e+18,4.51462e+15,2.14357e+06,62,19.8447,21,0.283383
704,1.1259e+15,2.59296e+12,563112,50,18.7744,19,0.264353
705,2.2518e+15,5.68343e+12,296429,51,18.3574,18,0.261802
706,5.6295e+14,2.91935e+12,562545,49,18.6738,19,0.26412
707,1.1259e+15,2.95268e+12,159470,50,17.7861,17,0.257818
708,4.5036e+15,5.48741e+12,92177.2,52,17.3535,16,0.254487
709,4.5036e+15,7.65586e+12,21598.9,52,16.2715,13,0.240379
710,4.5036e+15,6.1428e+12,34566.2,52,16.2168,14,0.243223
711,4.5036e+15,8.34322e+12,37050.4,52,16.7754,14,0.248785
712,4.5036e+15,5.72088e+12,26234.6,52,15.7617,13,0.2356
713,2.81475e+14,1.33515e+12,36714.4,48,15.9873,14,0.23735
714,1.1259e+15,2.60065e+12,55740.4,50,16.9385,15,0.25114
715,1.1259e+15,2.4667e+12,36818.4,50,16.584,14,0.242833
716,1.1259e+15,2.63707e+12,19938,50,15.2676,12,0.227493
717,9.0072e+15,1.30428e+13,37631.3,53,16.9502,14,0.249035
718,2.81475e+14,1.28863e+12,37431.3,48,16.6924,14,0.249633
719,5.6295e+14,2.24652e+12,36636.1,49,16.3281,14,0.239943
720,2.2518e+15,4.43486e+12,22353.4,51,15.6963,13,0.234537
721,2.2518e+15,2.85064e+12,26076,51,15.8926,13,0.234919
722,5.6295e+14,1.60202e+12,27024.8,49,16.0059,13,0.230424
723,2.2518e+15,4.02657e+12,26324.5,51,15.958,13,0.232987
724,1.80144e+16,1.89128e+13,20331.9,54,15.5967,12,0.230698
725,1.1259e+15,2.91615e+12,160158,50,18.1641,17,0.265103
726,3.60288e+16,3.82247e+13,295517,55,18.3076,18,0.263341
727,1.1259e+15,2.86002e+12,564260,50,19.1367,19,0.270431
728,5.6295e+14,1.96415e+12,565336,49,19.1416,19,0.2708
729,7.20576e+16,7.86542e+13,94232.3,56,18.1709,16,0.258945
730,1.1259e+15,2.26153e+12,559734,50,18.623,19,0.259224
731,1.80144e+16,2.62701e+13,294190,54,18.1836,18,0.258398
732,2.2518e+15,3.23851e+12,92177.2,51,17.8174,16,0.250741
733,1.1259e+15,3.44988e+12,91435.6,50,17.792,16,0.251129
734,2.81475e+14,7.84177e+11,92399.4,48,17.4619,16,0.246198
735,9.0072e+15,1.2037e+13,93179.2,53,17.7803,16,0.248767
736,2.2518e+15,2.7982e+12,291592,51,18.3564,18,0.260848
737,1.1259e+15,1.91898e+12,25403.1,50,15.5518,13,0.225033
738,1.80144e+16,2.23754e+13,56148.2,54,17.4414,15,0.248493
739,5.6295e+14,1.80294e+12,56234.8,49,16.9209,15,0.241657
740,1.1259e+15,2.68691e+12,92714,50,17.5977,16,0.249786
741,2.81475e+14,1.40694e+12,160904,48,17.8057,17,0.247774
742,1.1259e+15,1.60281e+12,58427.5,50,17.1006,15,0.239972
743,9.0072e+15,1.02902e+13,90476.7,53,17.3076,16,0.24706
744,4.5036e+15,8.00057e+12,57084.1,52,17.0176,15,0.245865
745,1.40737e+14,1.23487e+12,92240.9,47,17.9336,16,0.260932
746,1.80144e+16,1.93351e+13,90810.3,54,17.6934,16,0.257065
747,4.5036e+15,8.94913e+12,89595.5,52,17.5303,16,0.253389
748,9.0072e+15,1.60491e+13,93363,53,17.7549,16,0.255117
749,2.81475e+14,8.86175e+11,36947.6,48,16.1963,14,0.24046
750,9.0072e+15,1.67131e+13,90173.9,53,17.4268,16,0.253235
751,2.2518e+15,3.89445e+12,158511,51,17.4648,17,0.252884
752,7.20576e+16,7.36577e+13,36187.4,56,16.2354,14,0.237521
753,4.5036e+15,4.98289e+12,19588.6,52,15.4297,12,0.223592
754,2.2518e+15,3.90427e+12,54419.7,51,16.4678,15,0.237065
755,2.81475e+14,1.28638e+12,90942.9,48,16.7559,16,0.242276
756,2.2518e+15,8.17769e+12,56521.3,51,16.7803,15,0.2445
757,3.60288e+16,3.74945e+13,55057.2,55,16.3525,15,0.239264
758,2.2518e+15,5.00265e+12,159761,51,18.2021,17,0.264813
759,3.60288e+16,4.47315e+13,57250.2,55,17.375,15,0.254602
760,1.1259e+15,2.99874e+12,295247,50,18.6846,18,0.272033
761,5.6295e+14,2.16824e+12,38097.6,49,16.5107,14,0.244045
762,7.20576e+16,7.76523e+13,90409.6,56,17.3145,16,0.25329
763,9.0072e+15,1.86776e+13,2.13836e+06,53,19.793,21,0.28997
764,7.03687e+13,6.24574e+11,294624,46,18.1797,18,0.266842
765,3.60288e+16,3.71059e+13,289692,55,17.8965,18,0.263113
766,4.5036e+15,1.08672e+13,57469.7,52,17.1172,15,0.251705
767,5.6295e+14,2.15698e+12,92431,49,17.4229,16,0.260133
768,7.20576e+16,9.07139e+13,55799,56,16.9795,15,0.253631
769,3.60288e+16,5.77155e+13,15664.6,55,15.5283,11,0.238309
770,1.80144e+16,3.29568e+13,55207.1,54,16.9932,15,0.258624
771,2.8823e+17,3.30532e+14,90543.7,58,17.6641,16,0.266655
772,1.1259e+15,9.66012e+12,160050,50,17.7627,17,0.271047
773,9.0072e+15,2.34383e+13,157986,53,17.0713,17,0.260454
774,9.0072e+15,2.37086e+13,56003.3,53,17.126,15,0.262946
775,1.80144e+16,2.69664e+13,89286,54,17.5215,16,0.263689
776,9.0072e+15,1.70698e+13,293833,53,18.3184,18,0.279796
777,9.0072e+15,1.73227e+13,91206.6,53,17.6025,16,0.268474
778,4.5036e+15,1.62802e+13,93393.5,52,17.6689,16,0.266888
779,4.5036e+15,6.56731e+12,87705,52,16.9697,16,0.259418
780,9.0072e+15,2.46574e+13,53675.9,53,16.8262,15,0.256278
781,7.20576e+16,8.39034e+13,84047.1,56,16.833,16,0.254296
782,4.5036e+15,2.20353e+13,159030,52,17.3555,17,0.267361
783,3.60288e+16,6.42302e+13,37101.6,55,16.3467,14,0.250442
784,1.15292e+18,1.14029e+15,33677.6,60,16.2861,14,0.253984
785,3.60288e+16,7.8228e+13,295670,55,18.2471,18,0.274934
786,2.2518e+15,1.05253e+13,157303,51,17.4814,17,0.27029
787,7.20576e+16,1.07484e+14,93696.6,56,17.6602,16,0.266386
788,3.60288e+16,7.0396e+13,35429.9,55,16.7734,14,0.259816
789,9.0072e+15,1.82558e+13,50753.8,53,16.4609,15,0.253634
790,3.60288e+16,4.89876e+13,23012.5,55,15.6816,13,0.247695
791,1.1259e+15,2.86938e+12,293311,50,18.2539,18,0.276509
792,4.5036e+15,1.37232e+13,291049,52,17.5244,18,0.269459
793,1.44115e+17,1.54382e+14,160586,57,17.2686,17,0.265962
794,2.2518e+15,5.50173e+12,561390,51,18.6152,19,0.284278
795,2.2518e+15,1.07752e+13,160939,51,17.4473,17,0.263346
796,4.5036e+15,1.10548e+13,292458,52,17.6572,18,0.26812
797,2.2518e+15,5.69966e+12,296051,51,18.2158,18,0.277738
798,4.5036e+15,9.06088e+12,294071,52,17.8955,18,0.269538
799,3.60288e+16,6.39662e+13,297099,55,18.6846,18,0.284333
800,2.2518e+15,6.44706e+12,292622,51,18.21,18,0.282523
801,4.5036e+15,1.35406e+13,294269,52,18.1514,18,0.28149
802,9.0072e+15,1.90631e+13,294975,53,18.6738,18,0.28796
803,9.0072e+15,2.16838e+13,1.08553e+06,53,19.373,20,0.29948
804,1.80144e+16,3.62013e+13,1.09067e+06,54,20.2812,20,0.310847
805,3.60288e+16,6.47554e+13,2.13979e+06,55,20.1602,21,0.311123
806,2.8823e+17,3.60476e+14,1.09098e+06,58,19.9521,20,0.307051
807,4.5036e+15,2.00307e+13,160122,52,19.1602,17,0.299122
808,5.76461e+17,6.45217e+14,1.08937e+06,59,19.9824,20,0.309064
809,2.8823e+17,3.06221e+14,563829,58,20.1641,19,0.312955
810,2.30584e+18,2.31418e+15,4.24612e+06,61,21.9355,22,0.34074
811,5.76461e+17,8.58316e+14,3.36196e+07,59,23.9287,25,0.372531
812,5.76461e+17,7.04387e+14,1.68351e+07,59,22.4971,24,0.350452
813,7.20576e+16,1.85823e+14,8.43817e+06,56,22.3574,23,0.348834
814,1.80144e+16,7.21989e+13,1.68301e+07,54,22.4336,24,0.348549
815,1.44115e+17,2.31317e+14,1.68296e+07,57,22.6709,24,0.353859
816,2.8823e+17,3.28592e+14,8.44038e+06,58,22.5166,23,0.352917
817,1.15292e+18,2.2155e+15,8.43764e+06,60,22.207,23,0.352584
818,2.8823e+17,3.84097e+14,1.09224e+06,58,20.6523,20,0.3317
819,3.60288e+16,8.39298e+13,2.14271e+06,55,20.7588,21,0.326902
820,1.80144e+16,6.95274e+13,2.13327e+06,54,20.4697,21,0.321064
821,1.80144e+16,9.66155e+13,1.08864e+06,54,20.4893,20,0.322322
822,7.20576e+16,1.4361e+14,1.08841e+06,56,19.9551,20,0.316295
823,1.80144e+16,6.53182e+13,2.14129e+06,54,20.9648,21,0.334272
824,2.30584e+18,2.34806e+15,1.08653e+06,61,19.7158,20,0.311967
825,2.30584e+18,2.28623e+15,2.13516e+06,61,20.9775,21,0.325567
826,2.8823e+17,4.15545e+14,4.24672e+06,58,22.0312,22,0.341598
827,9.0072e+15,3.71884e+13,296278,53,19.1826,18,0.300353
828,7.20576e+16,2.04394e+14,560970,56,19.6963,19,0.307245
829,1.44115e+17,3.58968e+14,1.08061e+06,57,19.7412,20,0.307962
830,1.44115e+17,2.16396e+14,1.08887e+06,57,19.8115,20,0.308472
831,9.0072e+15,2.74345e+13,563670,53,19.5732,19,0.301444
832,1.80144e+16,6.643e+13,1.08748e+06,54,20.2344,20,0.312872
833,7.20576e+16,9.27316e+13,4.2379e+06,56,20.9893,22,0.322684
834,1.80144e+16,4.99274e+13,1.68269e+07,54,22.1367,24,0.336462
835,1.80144e+16,3.29974e+13,4.24233e+06,54,21.4609,22,0.324681
836,1.44115e+17,1.85905e+14,2.144e+06,57,20.7393,21,0.31577
837,1.44115e+17,3.87122e+14,2.13753e+06,57,20.2578,21,0.309979
838,7.20576e+16,1.71944e+14,4.2448e+06,56,20.7285,22,0.316318
839,2.8823e+17,5.85515e+14,2.14054e+06,58,20.415,21,0.303989
840,1.15292e+18,1.24505e+15,2.14452e+06,60,20.9385,21,0.315631
841,3.60288e+16,8.90738e+13,2.13701e+06,55,20.4209,21,0.306409
842,1.84467e+19,1.80718e+16,1.08955e+06,64,20.7793,20,0.312638
843,1.44115e+17,3.31924e+14,3.36167e+07,57,23.6035,25,0.358914
844,2.8823e+17,3.89546e+14,8.44242e+06,58,22.7959,23,0.347299
845,2.8823e+17,5.25218e+14,2.14163e+06,58,20.8496,21,0.31768
846,7.20576e+16,1.22169e+14,2.13526e+06,56,20.2559,21,0.309346
847,5.76461e+17,6.11759e+14,2.14743e+06,59,20.9746,21,0.316749
848,7.20576e+16,9.88781e+13,558601,56,19.5205,19,0.300493
849,9.0072e+15,6.97609e+13,2.13964e+06,53,20.9277,21,0.323951
850,4.61169e+18,4.52434e+15,2.1358e+06,62,20.625,21,0.318591
851,1.44115e+17,4.09087e+14,1.08986e+06,57,21.1475,20,0.320468
852,3.60288e+16,1.24873e+14,1.08353e+06,55,20.1055,20,0.306128
853,3.60288e+16,7.62722e+13,2.14193e+06,55,21.0166,21,0.319246
854,3.60288e+16,1.98436e+14,4.23979e+06,55,21.9629,22,0.335922
855,7.20576e+16,2.39347e+14,1.08752e+06,56,20.6738,20,0.320907
856,2.8823e+17,3.80261e+14,1.09102e+06,58,20.6885,20,0.319138
857,2.30584e+18,2.45978e+15,2.13928e+06,61,21.3232,21,0.329796
858,1.47574e+20,1.47038e+17,4.24066e+06,67,21.7314,22,0.334042
859,3.60288e+16,9.76145e+13,4.24233e+06,55,21.9062,22,0.341258
860,1.44115e+17,2.44087e+14,1.08606e+06,57,20.6875,20,0.319474
861,5.76461e+17,8.15793e+14,4.24292e+06,59,22.2324,22,0.343898
862,2.30584e+18,2.44287e+15,3.36153e+07,61,24.0205,25,0.372069
863,5.76461e+17,7.94126e+14,3.36201e+07,59,24.2803,25,0.372678
864,1.84467e+19,1.82868e+16,6.71758e+07,64,24.5801,26,0.378311
865,2.8823e+17,1.20065e+15,5.36955e+08,58,27.1074,29,0.41168
866,2.8823e+17,4.57286e+14,6.71811e+07,58,25.0508,26,0.384498
867,1.15292e+18,1.66382e+15,6.71702e+07,60,24.248,26,0.376709
868,2.8823e+17,6.97236e+14,1.68369e+07,58,24.2031,24,0.369816
869,2.8823e+17,9.52671e+14,1.34295e+08,58,25.6094,27,0.392696
870,2.30584e+18,2.85562e+15,1.34292e+08,61,25.3896,27,0.393696
871,1.15292e+18,4.10512e+15,6.71724e+07,60,24.498,26,0.37614
872,7.20576e+16,1.85901e+14,8.44106e+06,56,22.792,23,0.354814
873,2.8823e+17,5.60219e+14,8.43986e+06,58,22.8076,23,0.350951
874,1.44115e+17,2.62307e+14,4.24602e+06,57,22.373,22,0.343784
875,5.76461e+17,1.15371e+15,1.68284e+07,59,23.791,24,0.366129
876,2.8823e+17,6.49274e+14,1.6837e+07,58,24.0967,24,0.373941
877,2.8823e+17,7.08022e+14,8.43298e+06,58,22.6162,23,0.347306
878,4.61169e+18,5.87607e+15,1.68332e+07,62,23.5479,24,0.358449
879,5.76461e+17,8.96412e+14,2.14618e+06,59,21.9834,21,0.337337
880,1.44115e+17,3.55568e+14,4.24954e+06,57,22.7441,22,0.352652
881,3.60288e+16,2.53684e+14,4.23762e+06,55,22.3027,22,0.344907
882,2.8823e+17,5.66557e+14,4.24099e+06,58,22.25,22,0.346281
883,7.20576e+16,1.40841e+14,564610,56,21.5342,19,0.332219
884,1.44115e+17,2.61729e+14,562504,57,20.7969,19,0.321162
885,1.80144e+16,1.0643e+14,4.2399e+06,54,22.4346,22,0.348229
886,2.8823e+17,4.46676e+14,2.13774e+06,58,21.6514,21,0.334446
887,1.15292e+18,1.3128e+15,8.4371e+06,60,22.7529,23,0.354103
888,4.61169e+18,4.82783e+15,8.44253e+06,62,23.043,23,0.352773
889,1.44115e+17,4.09029e+14,1.34286e+08,57,24.9775,27,0.37767
890,7.3787e+19,7.33855e+16,3.36109e+07,66,24.043,25,0.367568
891,3.60288e+16,8.77813e+13,8.44517e+06,55,23.1377,23,0.350161
892,4.61169e+18,4.88542e+15,8.44485e+06,62,22.8975,23,0.351061
893,1.44115e+17,5.31207e+14,3.36173e+07,57,23.6719,25,0.362313
894,1.44115e+17,2.60956e+14,3.36072e+07,57,23.4355,25,0.358597
895,1.44115e+17,4.86218e+14,6.71678e+07,57,24.0947,26,0.373951
896,1.15292e+18,3.08911e+15,4.2481e+06,60,22.584,22,0.348696
897,5.76461e+17,1.41963e+15,4.24567e+06,59,22.248,22,0.344343
898,1.44115e+17,4.44576e+14,1.68335e+07,57,23.0645,24,0.352098
899,7.20576e+16,2.97354e+14,4.24682e+06,56,22.1035,22,0.339254
900,3.60288e+16,1.34813e+14,2.14198e+06,55,21.7998,21,0.336127
901,5.76461e+17,8.51056e+14,4.24495e+06,59,22.875,22,0.355025
902,2.8823e+17,5.68243e+14,1.68289e+07,58,22.8857,24,0.350224
903,5.76461e+17,6.41446e+14,1.68377e+07,59,23.4746,24,0.357587
904,1.80144e+16,1.07601e+14,8.44381e+06,54,23.1201,23,0.355231
905,5.76461e+17,7.59967e+14,8.4432e+06,59,23.0908,23,0.3523
906,1.44115e+17,3.37078e+14,6.71759e+07,57,24.4844,26,0.369674
907,7.20576e+16,1.71663e+14,4.2418e+06,56,22.5234,22,0.339172
908,7.20576e+16,3.04402e+14,8.4449e+06,56,23.1084,23,0.352305
909,7.20576e+16,2.22755e+14,8.44326e+06,56,22.7656,23,0.34302
910,1.44115e+17,2.29089e+14,1.68357e+07,57,23.5908,24,0.359776
911,1.15292e+18,1.24856e+15,1.68409e+07,60,23.418,24,0.35812
912,1.44115e+17,5.24292e+14,4.24412e+06,57,22.3525,22,0.344812
913,2.30584e+18,4.45373e+15,4.23957e+06,61,22.3779,22,0.341688
914,9.22337e+18,9.12007e+15,2.13872e+06,63,21.208,21,0.330059
915,1.44115e+17,4.841e+14,1.68364e+07,57,24.6543,24,0.37954
916,7.20576e+16,4.17828e+14,3.36136e+07,56,25.1113,25,0.384499
917,7.20576e+16,1.55128e+14,4.24859e+06,56,23.0498,22,0.355145
918,5.76461e+17,1.11321e+15,2.14256e+06,59,23.2461,21,0.361021
919,2.8823e+17,5.90711e+14,6.71738e+07,58,25.9131,26,0.395665
920,4.61169e+18,6.65281e+15,6.71672e+07,62,25.1523,26,0.385176
921,2.8823e+17,1.26823e+15,1.3429e+08,58,26.584,27,0.410616
922,2.30584e+18,3.2974e+15,1.6836e+07,61,24.8457,24,0.382892
923,2.30584e+18,3.25611e+15,3.36149e+07,61,24.8496,25,0.380369
924,1.84467e+19,2.12031e+16,4.24158e+06,64,22.374,22,0.345181
925,2.8823e+17,1.93069e+15,1.68297e+07,58,24.54,24,0.377965
926,5.76461e+17,1.45326e+15,3.36195e+07,59,24.9043,25,0.382322
927,2.8823e+17,1.11924e+15,4.24391e+06,58,23.2285,22,0.358313
928,2.30584e+18,2.98392e+15,8.43968e+06,61,23.4082,23,0.359916
929,1.47574e+20,1.45643e+17,8.44682e+06,67,23.4512,23,0.361926
930,9.22337e+18,1.06729e+16,3.36158e+07,63,24.9014,25,0.386477
931,5.76461e+17,1.71735e+15,1.68282e+07,59,24.1992,24,0.37907
932,7.20576e+16,3.38127e+14,4.2379e+06,56,22.1367,22,0.345999
933,4.61169e+18,5.68019e+15,4.24381e+06,62,22.6504,22,0.351766
934,2.8823e+17,1.24205e+15,3.36149e+07,58,25.4307,25,0.394592
935,7.20576e+16,3.2053e+14,8.44331e+06,56,23.4102,23,0.363075
936,2.8823e+17,7.3209e+14,3.36175e+07,58,24.6123,25,0.378119
937,2.8823e+17,1.73853e+15,8.44135e+06,58,23.2715,23,0.360056
938,2.30584e+18,3.3405e+15,4.23874e+06,61,22.5332,22,0.345942
939,2.8823e+17,1.01702e+15,1.68343e+07,58,24.207,24,0.375557
940,2.8823e+17,6.69278e+14,1.68296e+07,58,23.7979,24,0.366963
941,1.44115e+17,4.00464e+14,4.24142e+06,57,23.0195,22,0.356503
942,2.8823e+17,1.15987e+15,3.36124e+07,58,24.5488,25,0.378587
943,2.8823e+17,8.57738e+14,3.36128e+07,58,24.4375,25,0.375862
944,4.61169e+18,7.20179e+15,3.36171e+07,62,25.1006,25,0.384902
945,5.76461e+17,1.2096e+15,1.68364e+07,59,23.9697,24,0.367101
946,1.44115e+17,6.92971e+14,4.23846e+06,57,21.9775,22,0.339259
947,9.22337e+18,9.67266e+15,8.42846e+06,63,22.8682,23,0.352925
948,3.68935e+19,4.27349e+16,1.6836e+07,65,23.9805,24,0.369772
949,7.3787e+19,8.33633e+16,1.34283e+08,66,25.626,27,0.395659
950,9.22337e+18,1.26254e+16,6.71755e+07,63,25.5459,26,0.400373
951,3.68935e+19,5.50427e+16,1.68332e+07,65,23.3252,24,0.365106
952,1.84467e+19,4.24132e+16,6.71797e+07,64,25.3652,26,0.406655
953,1.15292e+18,6.61376e+15,1.34288e+08,60,26.5742,27,0.419052
954,2.30584e+18,4.81025e+15,6.71654e+07,61,25.5889,26,0.400892
955,1.47574e+20,1.94149e+17,1.34286e+08,67,26.0029,27,0.407081
956,9.22337e+18,1.73168e+16,3.36134e+07,63,24.8184,25,0.391433
957,5.76461e+17,1.55872e+15,1.68198e+07,59,23.5723,24,0.376014
958,1.15292e+18,3.89527e+15,1.68225e+07,60,23.8135,24,0.37446
959,5.76461e+17,1.54043e+15,1.68332e+07,59,23.5654,24,0.368829
960,1.47574e+20,2.22061e+17,8.43657e+06,67,22.8018,23,0.359545
961,5.76461e+17,1.1676e+15,4.23995e+06,59,22.4258,22,0.352674
962,4.61169e+18,8.72493e+15,1.68275e+07,62,23.9434,24,0.377348
963,1.15292e+18,2.42644e+15,1.09388e+06,60,21.583,20,0.342571
964,5.76461e+17,1.24736e+15,4.24516e+06,59,23.125,22,0.363052
965,1.84467e+19,2.86429e+16,8.44506e+06,64,23.6963,23,0.374085
966,1.84467e+19,2.11503e+16,8.44549e+06,64,23.7998,23,0.375887
967,4.61169e+18,9.40966e+15,1.3429e+08,62,26.623,27,0.417535
968,1.84467e+19,3.37805e+16,6.71735e+07,64,25.668,26,0.410787
969,5.76461e+17,1.80794e+15,4.23896e+06,59,22.7988,22,0.35856
970,9.22337e+18,1.30042e+16,8.44745e+06,63,23.8018,23,0.379717
971,9.22337e+18,1.44891e+16,8.44214e+06,63,23.9043,23,0.378704
972,3.68935e+19,4.29342e+16,4.23648e+06,65,23.1709,22,0.369481
973,2.30584e+18,4.66235e+15,4.23778e+06,61,22.418,22,0.363043
974,4.61169e+18,1.07352e+16,3.36093e+07,62,24.5537,25,0.393376
975,9.22337e+18,1.27945e+16,3.3613e+07,63,24.8779,25,0.394261
976,2.30584e+18,5.02018e+15,4.24196e+06,61,23.0391,22,0.371599
977,9.22337e+18,1.13808e+16,2.14631e+06,63,22.418,21,0.364393
978,4.61169e+18,8.78194e+15,1.08804e+06,62,21.7949,20,0.355204
979,1.15292e+18,3.46498e+15,89458.2,60,19.2129,16,0.316779
980,5.76461e+17,2.39967e+15,563392,59,20.8818,19,0.339656
981,2.30584e+18,6.3461e+15,1.07953e+06,61,20.4336,20,0.33251
982,2.30584e+18,3.51906e+15,561012,61,20.8701,19,0.338461
983,1.84467e+19,1.99775e+16,563352,64,20.8164,19,0.346614
984,3.68935e+19,3.89742e+16,8.43922e+06,65,22.9346,23,0.375675
985,9.22337e+18,2.01918e+16,293392,63,19.7715,18,0.327816
986,1.84467e+19,2.61053e+16,1.09027e+06,64,22.0098,20,0.358585
987,3.68935e+19,4.74928e+16,2.13179e+06,65,22.0771,21,0.363685
988,1.84467e+19,2.67136e+16,8.44112e+06,64,23.5898,23,0.385308
989,1.84467e+19,2.93942e+16,1.68334e+07,64,24.123,24,0.391715
990,1.84467e+19,4.77941e+16,1.68291e+07,64,24.251,24,0.400011
991,7.3787e+19,1.34755e+17,1.34283e+08,66,25.5381,27,0.41822
992,1.84467e+19,4.45524e+16,5.36941e+08,64,27.2764,29,0.445711
993,2.30584e+18,5.69794e+15,1.68348e+07,61,24.5244,24,0.401422
994,9.22337e+18,2.26768e+16,1.34285e+08,63,25.5908,27,0.419047
995,9.22337e+18,2.10516e+16,6.71787e+07,63,26.2559,26,0.428975
996,4.61169e+18,1.1094e+16,3.36158e+07,62,25.2949,25,0.410009
997,4.61169e+18,1.17121e+16,6.71756e+07,62,25.5244,26,0.414168
998,2.95148e+20,3.27368e+17,3.36156e+07,68,25.0957,25,0.405624
999,1.84467e+19,3.52551e+16,1.34287e+08,64,26.3516,27,0.432827
1000,1.15292e+18,6.35876e+15,6.71742e+07,60,25.4404,26,0.418659
1001,1.84467e+19,3.43099e+16,4.23756e+06,64,23.3271,22,0.39047
1002,1.47574e+20,1.57208e+17,1.08677e+06,67,22.4062,20,0.374315
1003,4.61169e+18,1.05693e+16,159725,62,20.252,17,0.349652
1004,5.90296e+20,5.79959e+17,159942,69,19.9502,17,0.341012
1005,1.18059e+21,1.15932e+18,155238,70,19.7988,17,0.343305
1006,2.95148e+20,3.04759e+17,4.23896e+06,68,22.8936,22,0.389214
1007,9.22337e+18,4.06249e+16,1.68244e+07,63,23.9219,24,0.400857
1008,7.3787e+19,1.1113e+17,557447,66,21.6387,19,0.369925
1009,1.84467e+19,2.56295e+16,4.24153e+06,64,23.6436,22,0.399953
1010,1.84467e+19,5.3914e+16,6.71642e+07,64,24.8574,26,0.425029
1011,1.47574e+20,2.03906e+17,1.34289e+08,67,26.4043,27,0.440458
1012,1.84467e+19,4.74891e+16,3.36155e+07,64,24.7754,25,0.414427
1013,2.30584e+18,1.46037e+16,4.23946e+06,61,23.0762,22,0.387371
1014,1.18059e+21,1.22162e+18,8.43298e+06,70,23.375,23,0.389996
1015,9.44473e+21,9.24131e+18,6.71687e+07,73,25.8643,26,0.43029
1016,5.90296e+20,6.05402e+17,3.36165e+07,69,25.9307,25,0.432028
1017,1.84467e+19,4.98731e+16,8.44043e+06,64,25.0537,23,0.41706
1018,1.18059e+21,1.17973e+18,8.43156e+06,70,23.6455,23,0.396577
1019,1.47574e+20,1.62197e+17,1.68301e+07,67,24.5791,24,0.412044
1020,9.22337e+18,2.22825e+16,2.13392e+06,63,22.2031,21,0.373894
1021,4.61169e+18,1.21147e+16,556636,62,21.0166,19,0.352772
1022,9.22337e+18,1.5804e+16,161704,63,21.2344,17,0.358732
1023,2.95148e+20,3.18675e+17,295670,68,21.3203,18,0.358709
1024,9.22337e+18,3.14502e+16,159616,63,20.0703,17,0.332393
1025,1.15292e+18,3.98924e+15,296203,60,20.4717,18,0.342206
1026,3.68935e+19,4.1223e+16,553485,65,20.7207,19,0.354395
1027,1.15292e+18,7.28931e+15,1.08567e+06,60,21.8438,20,0.371081
1028,9.22337e+18,1.57834e+16,559127,63,21.335,19,0.358936
1029,2.30584e+18,7.17654e+15,298719,61,21.1143,18,0.355678
1030,5.76461e+17,2.1744e+15,294663,59,20.9199,18,0.353457
1031,4.61169e+18,7.17667e+15,91075,62,19.374,16,0.332013
1032,9.22337e+18,1.54571e+16,292417,63,20.9141,18,0.350612
1033,4.61169e+18,1.53186e+16,160763,62,20.458,17,0.351328
1034,2.30584e+18,7.33335e+15,292047,61,20.4814,18,0.347839
1035,4.61169e+18,7.57644e+15,87633.4,62,19.3076,16,0.331667
1036,4.61169e+18,7.68773e+15,157797,62,19.7803,17,0.337501
1037,1.84467e+19,4.07095e+16,51848.4,64,18.3838,15,0.316018
1038,3.68935e+19,4.07062e+16,54694.5,65,18.6377,15,0.318536
1039,4.61169e+18,1.0735e+16,85217.5,62,19.084,16,0.331726
1040,1.47574e+20,2.22208e+17,154920,67,19.1963,17,0.335062
1041,4.61169e+18,8.07304e+15,294071,62,20.2764,18,0.351494
1042,3.68935e+19,8.38034e+16,160086,65,19.3965,17,0.341829
1043,2.95148e+20,3.111e+17,293472,68,19.8193,18,0.348792
1044,3.68935e+19,9.91648e+16,556726,65,20.8623,19,0.365846
1045,2.95148e+20,5.312e+17,293069,68,20.5713,18,0.361501
1046,4.61169e+18,1.44436e+16,551958,62,20.1738,19,0.354921
1047,3.68935e+19,3.98747e+16,289391,65,19.2422,18,0.335204
1048,1.18059e+21,1.20947e+18,2.13994e+06,70,22.0547,21,0.377009
1049,3.77789e+22,3.69181e+19,557088,75,20.6064,19,0.359081
1050,9.44473e+21,1.1582e+19,158137,73,19.3086,17,0.34229
1051,1.18059e+21,1.1839e+18,290670,70,19.7568,18,0.347762
1052,9.22337e+18,1.38888e+16,53107.8,63,17.6367,15,0.307296
1053,9.22337e+18,2.30771e+16,156842,63,18.7402,17,0.328172
1054,9.22337e+18,1.30501e+16,90106.3,63,17.9932,16,0.317713
1055,1.47574e+20,1.94697e+17,87954.4,67,18.1455,16,0.317663
1056,3.68935e+19,9.26969e+16,292663,65,19.1064,18,0.335174
1057,1.15292e+18,3.06844e+15,89008.9,60,18.2422,16,0.318739
1058,4.61169e+18,9.06271e+15,157873,62,18.626,17,0.325199
1059,1.84467e+19,3.74049e+16,159287,64,19.2383,17,0.333344
1060,3.68935e+19,5.41455e+16,91760.2,65,18.4424,16,0.324233
1061,9.22337e+18,1.11228e+16,159104,63,18.8643,17,0.32872
1062,1.47574e+20,1.5579e+17,156065,67,18.2568,17,0.319911
1063,1.84467e+19,5.44585e+16,555493,64,20.8359,19,0.371639
1064,1.84467e+19,5.73441e+16,158993,64,19.3594,17,0.346512
1065,1.18059e+21,1.79423e+18,288438,70,19.3857,18,0.340997
1066,3.68935e+19,5.50213e+16,296803,65,20.7275,18,0.368205
1067,2.95148e+20,3.1841e+17,54080.8,68,18.1309,15,0.325274
1068,2.95148e+20,3.6163e+17,290586,68,19.9951,18,0.359037
1069,1.18059e+21,1.21131e+18,155633,70,19.668,17,0.339328
1070,7.3787e+19,1.36686e+17,1.08223e+06,66,21.2734,20,0.374598
1071,2.36118e+21,2.32179e+18,150853,71,19.5312,17,0.350052
1072,1.18059e+21,1.33909e+18,294190,70,20.5342,18,0.36682
1073,4.72237e+21,4.85056e+18,159978,72,19.6953,17,0.350005
1074,2.36118e+21,3.05052e+18,288569,71,20.2002,18,0.355671
1075,1.47574e+20,2.87648e+17,560844,67,21.6738,19,0.37607
1076,1.47574e+20,1.60566e+17,556907,67,21.0098,19,0.369269
1077,1.18059e+21,1.16044e+18,157264,70,19.7236,17,0.343661
1078,2.36118e+21,3.7982e+18,297865,71,21.0781,18,0.368917
1079,1.47574e+20,1.80798e+17,1.08514e+06,67,22.085,20,0.38033
1080,2.41785e+24,2.36124e+21,556997,81,21.1816,19,0.37148
1081,4.61169e+18,2.08873e+16,2.13283e+06,62,22.6006,21,0.394223
1082,5.90296e+20,6.29161e+17,550405,69,21.5098,19,0.371633
1083,1.88895e+22,1.86605e+19,87561.8,74,19.8203,16,0.33973
1084,3.68935e+19,3.82265e+16,291550,65,20.6885,18,0.360013
1085,2.95148e+20,3.63652e+17,1.08891e+06,68,21.5137,20,0.364441
1086,2.95148e+20,2.99753e+17,2.13217e+06,68,22.541,21,0.38097
1087,2.95148e+20,4.16898e+17,2.13462e+06,68,22.502,21,0.382056
1088,3.68935e+19,8.50071e+16,1.08412e+06,65,21.8662,20,0.374102
1089,1.47574e+20,1.78464e+17,2.13006e+06,67,22.4199,21,0.38348
1090,1.84467e+19,3.16787e+16,2.14084e+06,64,22.5605,21,0.386452
1091,2.95148e+20,4.03876e+17,1.085e+06,68,22.0283,20,0.381189
1092,1.84467e+19,5.39755e+16,2.13913e+06,64,23.1807,21,0.397797
1093,1.47574e+20,2.20413e+17,2.13569e+06,67,22.8271,21,0.39601
1094,4.72237e+21,5.02067e+18,2.14029e+06,72,23.5449,21,0.407508
1095,2.36118e+21,2.46873e+18,2.14149e+06,71,23.25,21,0.39418
1096,7.3787e+19,1.11518e+17,2.13272e+06,66,22.792,21,0.390791
1097,7.3787e+19,2.21441e+17,1.08932e+06,66,22.6904,20,0.382484
1098,7.3787e+19,1.38078e+17,1.08799e+06,66,22.9561,20,0.388221
1099,2.95148e+20,3.56453e+17,552963,68,22.3887,19,0.377058
1100,4.61169e+18,2.33221e+16,1.08964e+06,62,22.9004,20,0.378691
1101,2.95148e+20,4.56666e+17,562667,68,21.998,19,0.367535
1102,1.18059e+21,1.78415e+18,2.133e+06,70,22.1543,21,0.369507
1103,7.3787e+19,1.08208e+17,1.08896e+06,66,21.8799,20,0.369424
1104,2.95148e+20,3.0252e+17,2.14447e+06,68,22.9277,21,0.383805
1105,7.3787e+19,1.08163e+17,4.24174e+06,66,23.4932,22,0.390818
1106,1.47574e+20,2.25371e+17,4.24617e+06,67,23.9766,22,0.403331
1107,1.88895e+22,1.8472e+19,1.08441e+06,74,21.8965,20,0.362906
1108,2.95148e+20,4.08005e+17,4.24055e+06,68,23.7637,22,0.392183
1109,2.95148e+20,3.24018e+17,2.14188e+06,68,22.999,21,0.383699
1110,9.22337e+18,2.62841e+16,553815,63,21.2002,19,0.354946
1111,3.68935e+19,8.62232e+16,556817,65,21.5088,19,0.365261
1112,3.77789e+22,3.69149e+19,1.08208e+06,75,21.5527,20,0.362512
1113,5.90296e+20,6.06852e+17,2.13028e+06,69,22.3809,21,0.373667
1114,1.47574e+20,1.68534e+17,1.08937e+06,67,22.2754,20,0.370735
1115,7.3787e+19,1.84105e+17,2.14328e+06,66,22.3486,21,0.365699
1116,4.61169e+18,1.41721e+16,1.08959e+06,62,21.9619,20,0.356299
1117,7.3787e+19,1.14246e+17,293793,66,20.8066,18,0.34728
1118,7.3787e+19,1.77629e+17,2.13381e+06,66,22.6123,21,0.374185
1119,1.84467e+19,4.46555e+16,298045,64,20.9492,18,0.351293
1120,1.18059e+21,1.50747e+18,294584,70,20.2373,18,0.340615
1121,3.68935e+19,8.31787e+16,1.08729e+06,65,22.6455,20,0.37227
1122,2.95148e+20,3.56721e+17,1.07963e+06,68,21.6826,20,0.361304
1123,2.36118e+21,2.62176e+18,562586,71,21.9922,19,0.359857
1124,1.47574e+20,2.22581e+17,557715,67,21.3574,19,0.351519
1125,3.68935e+19,5.12091e+16,2.14114e+06,65,21.8574,21,0.36163
1126,2.95148e+20,2.91463e+17,558027,68,20.1064,19,0.33805
1127,4.61169e+18,7.76083e+15,88625.1,62,19.2148,16,0.329443
1128,9.22337e+18,1.3571e+16,291175,63,20.0527,18,0.329692
1129,1.84467e+19,2.37971e+16,552916,64,20.3027,19,0.337324
1130,9.22337e+18,1.20888e+16,293912,63,19.9072,18,0.326372
1131,7.3787e+19,1.34684e+17,554845,66,20.3701,19,0.337908
1132,4.61169e+18,1.00506e+16,290119,62,19.7773,18,0.333164
1133,1.84467e+19,3.23097e+16,86328.9,64,18.6934,16,0.315857
1134,2.95148e+20,2.93328e+17,295247,68,19.4785,18,0.324087
1135,7.3787e+19,1.72174e+17,556636,66,20.708,19,0.345725
1136,4.61169e+18,9.57491e+15,559863,62,21.0889,19,0.351582
1137,2.95148e+20,3.67805e+17,92901,68,19.4053,16,0.327119
1138,3.68935e+19,8.39179e+16,161428,65,20.124,17,0.339991
1139,1.84467e+19,2.39321e+16,158660,64,19.9951,17,0.339102
1140,2.95148e+20,2.95989e+17,291425,68,20.3262,18,0.34645
1141,1.18059e+21,1.16157e+18,88519.8,70,19.1523,16,0.330871
1142,4.61169e+18,4.88655e+15,22855.6,62,17.6455,13,0.305025
1143,7.3787e+19,8.42391e+16,55740.4,66,19.0244,15,0.326824
1144,1.84467e+19,3.58929e+16,89492.6,64,19.7803,16,0.33504
1145,3.68935e+19,5.62624e+16,86658,65,19.8594,16,0.340289
1146,7.3787e+19,1.1844e+17,23682.8,66,17.6064,13,0.306963
1147,1.84467e+19,2.94151e+16,292089,64,20.252,18,0.344846
1148,1.84467e+19,4.65794e+16,289649,64,20.0107,18,0.346949
1149,1.47574e+20,1.83869e+17,1.08766e+06,67,21.5312,20,0.368867
1150,2.95148e+20,3.30958e+17,291007,68,20.8184,18,0.351276
1151,5.90296e+20,7.30615e+17,87057.6,69,18.793,16,0.324924
1152,7.3787e+19,9.57801e+16,158956,66,19.5322,17,0.329676
1153,4.61169e+18,1.72762e+16,159251,62,19.752,17,0.333729
1154,2.95148e+20,4.41736e+17,291882,68,19.7109,18,0.332408
1155,9.22337e+18,3.09847e+16,291384,63,19.3799,18,0.324975
1156,2.8823e+17,6.72698e+14,157455,58,18.3223,17,0.310756
1157,1.84467e+19,2.63598e+16,90743.8,64,18.4404,16,0.312464
1158,1.47574e+20,2.39483e+17,156299,67,19.0576,17,0.324934
1159,2.95148e+20,3.07255e+17,154640,68,19.084,17,0.327408
1160,3.68935e+19,6.05035e+16,293753,65,20.0283,18,0.343188
1161,2.30584e+18,5.17453e+15,556135,61,19.7275,19,0.344296
1162,1.47574e+20,1.91978e+17,159834,67,19.1035,17,0.32798
1163,4.61169e+18,1.24098e+16,287295,62,19.8223,18,0.342304
1164,1.88895e+22,1.84979e+19,294702,74,19.9795,18,0.341953
1165,3.68935e+19,3.92446e+16,90072.5,65,17.9053,16,0.308923
1166,2.30584e+18,4.24857e+15,289649,61,18.6709,18,0.315337
1167,5.90296e+20,5.77314e+17,156338,69,17.9746,17,0.306813
1168,1.47574e+20,1.70288e+17,91337.6,67,18.9424,16,0.330597
1169,1.15292e+18,4.22489e+15,157493,60,18.9326,17,0.321554
1170,2.36118e+21,2.36553e+18,88904.6,71,17.79,16,0.307011
1171,3.68935e+19,3.77636e+16,288569,65,19.0742,18,0.323358
1172,1.47574e+20,2.05334e+17,288394,67,20.0195,18,0.34421
1173,7.3787e+19,8.68695e+16,151944,66,19.5176,17,0.335968
1174,3.68935e+19,3.80141e+16,85960.8,65,18.7002,16,0.329788
1175,1.84467e+19,6.12354e+16,89698.2,64,19.4541,16,0.338765
1176,1.47574e+20,1.90345e+17,57028.4,67,18.415,15,0.321449
1177,7.3787e+19,1.04386e+17,89732.4,66,19.3623,16,0.338068
1178,1.84467e+19,5.06373e+16,27067.4,64,18.1211,13,0.314736
1179,5.90296e+20,7.73443e+17,49565.5,69,17.9355,15,0.318715
1180,9.22337e+18,1.79779e+16,54018.8,63,18.585,15,0.326719
1181,5.90296e+20,8.99139e+17,87021.4,69,19.3057,16,0.337537
1182,7.3787e+19,9.92733e+16,84842.4,66,19.9336,16,0.346909
1183,9.22337e+18,2.57813e+16,23911,63,17.2227,13,0.303686
1184,9.44473e+21,9.43927e+18,51979.4,73,18.0303,15,0.318173
1185,9.44473e+21,9.34319e+18,88765,73,19.2979,16,0.333768
1186,2.95148e+20,5.91159e+17,54936.7,68,19.3369,15,0.333835
1187,2.95148e+20,7.47942e+17,54906.6,68,19.3838,15,0.334843
1188,3.68935e+19,7.475e+16,35043,65,17.8477,14,0.31442
1189,1.47574e+20,1.91974e+17,34110.6,67,17.5762,14,0.308574
1190,5.90296e+20,7.52588e+17,149533,69,20.3018,17,0.354503
1191,1.47574e+20,2.38677e+17,152937,67,20.0605,17,0.357041
1192,5.90296e+20,6.20448e+17,1.08417e+06,69,22.5938,20,0.397489
1193,7.3787e+19,1.34076e+17,2.13217e+06,66,23.0557,21,0.404422
1194,5.90296e+20,8.80501e+17,553863,69,22.0967,19,0.387117
1195,1.18059e+21,1.21148e+18,2.13648e+06,70,22.7988,21,0.397973
1196,7.3787e+19,1.73075e+17,291758,66,21.9307,18,0.387093
1197,7.3787e+19,8.75229e+16,157111,66,20.2119,17,0.352961
1198,1.47574e+20,2.26413e+17,157111,67,20.208,17,0.345673
1199,4.72237e+21,4.77784e+18,161393,72,20.3652,17,0.35069
1200,3.68935e+19,5.62784e+16,285003,65,20.4951,18,0.357714
1201,1.18059e+21,1.67741e+18,298152,70,20.6953,18,0.356333
1202,9.22337e+18,4.10578e+16,150811,63,20.1904,17,0.351963
1203,3.68935e+19,1.30225e+17,158771,65,20.3838,17,0.352355
1204,1.18059e+21,1.26857e+18,157873,70,20.1074,17,0.348088
1205,1.88895e+22,1.85416e+19,156455,74,20.2598,17,0.348494
1206,1.18059e+21,1.32813e+18,555539,70,21.0527,19,0.367292
1207,1.18059e+21,1.24198e+18,290501,70,20.4658,18,0.354836
1208,2.95148e+20,6.90868e+17,291965,68,21.7129,18,0.37468
1209,4.61169e+18,3.73344e+16,91435.6,62,19.9336,16,0.346498
1210,2.95148e+20,9.18032e+17,52884.6,68,19.749,15,0.345138
1211,3.68935e+19,1.22961e+17,92081.5,65,20.2285,16,0.34799
1212,1.47574e+20,3.22758e+17,93148.4,67,20.1934,16,0.348627
1213,7.3787e+19,2.36478e+17,20127.5,66,18.1455,12,0.314287
1214,1.47574e+20,2.15064e+17,13931.6,67,17.168,11,0.298831
1215,5.90296e+20,6.36505e+17,22512.8,69,18.123,13,0.316431
1216,1.84467e+19,3.16127e+16,89800.6,64,19.2666,16,0.338924
1217,1.18059e+21,1.21515e+18,19469.9,70,17.707,12,0.311234
1218,9.44473e+21,9.31615e+18,56349.8,73,19.2529,15,0.345163
1219,5.90296e+20,9.34652e+17,30029.3,69,18.1016,14,0.322043
1220,7.3787e+19,1.24253e+17,161532,66,20.8096,17,0.366241
1221,5.90296e+20,8.42045e+17,293753,69,20.5977,18,0.359821
1222,7.3787e+19,1.25124e+17,1.08504e+06,66,21.5859,20,0.373683
1223,4.61169e+18,2.57924e+16,1.08946e+06,62,21.2568,20,0.366774
1224,1.84467e+19,5.60558e+16,161497,64,19.2695,17,0.335166
1225,1.88895e+22,1.86393e+19,1.08582e+06,74,21.5479,20,0.376122
1226,2.95148e+20,4.23151e+17,2.13743e+06,68,22.3984,21,0.387076
1227,4.72237e+21,5.33788e+18,557312,72,20.7949,19,0.364619
1228,1.84467e+19,2.7333e+16,154520,64,18.4268,17,0.319134
1229,1.47574e+20,1.94549e+17,1.08524e+06,67,21.2129,20,0.369547
1230,1.47574e+20,1.7157e+17,2.13948e+06,67,22.627,21,0.392787
1231,2.95148e+20,6.82933e+17,4.23643e+06,68,23.7617,22,0.409334
1232,3.68935e+19,9.62301e+16,1.08937e+06,65,22.3027,20,0.38616
1233,3.68935e+19,1.19662e+17,4.23563e+06,65,22.8535,22,0.4011
1234,7.3787e+19,1.6188e+17,556363,66,20.3662,19,0.358295
1235,3.68935e+19,1.05748e+17,1.08203e+06,65,21.9375,20,0.381678
1236,2.36118e+21,2.46382e+18,157683,71,19.9854,17,0.353066
1237,2.95148e+20,6.04706e+17,157873,68,20.1582,17,0.349858
1238,5.90296e+20,6.94036e+17,559431,69,21.6465,19,0.373295
1239,7.3787e+19,1.268e+17,32346.7,66,18.3809,14,0.326766
1240,2.36118e+21,2.37764e+18,291550,71,20.7871,18,0.363338
1241,7.3787e+19,1.36254e+17,554891,66,21.3574,19,0.374028
1242,2.95148e+20,4.61939e+17,1.08529e+06,68,22.0254,20,0.383577
1243,3.68935e+19,9.42126e+16,1.08465e+06,65,21.6553,20,0.372136
1244,5.90296e+20,7.16859e+17,1.08955e+06,69,22.2588,20,0.383047
1245,1.47574e+20,3.27259e+17,559647,67,20.8789,19,0.36143
1246,3.68935e+19,7.89408e+16,159870,65,20.1748,17,0.347151
1247,5.90296e+20,9.11814e+17,158993,69,20.2061,17,0.347703
1248,7.3787e+19,8.33505e+16,160904,66,20.0684,17,0.347036
1249,3.68935e+19,5.54751e+16,90909.8,65,18.8564,16,0.330268
1250,1.88895e+22,1.85261e+19,292253,74,19.625,18,0.341785
1251,3.68935e+19,8.51619e+16,2.13151e+06,65,21.6279,21,0.382704
1252,7.3787e+19,8.24652e+16,1.08086e+06,66,19.7568,20,0.348835
1253,4.61169e+18,1.42278e+16,4.23846e+06,62,22.2598,22,0.38824
1254,5.90296e+20,7.09239e+17,2.13267e+06,69,21.3096,21,0.380153
1255,4.72237e+21,4.70837e+18,2.13643e+06,72,21.0195,21,0.378109
1256,2.36118e+21,2.33942e+18,34763.4,71,16.7568,14,0.315599
1257,4.72237e+21,5.12014e+18,2.13441e+06,72,20.7559,21,0.373635
1258,7.3787e+19,2.43168e+17,4.23973e+06,66,23.0615,22,0.414004
1259,1.47574e+20,1.677e+17,2.13784e+06,67,21.3516,21,0.388871
1260,1.84467e+19,7.01887e+16,2.13696e+06,64,21.7822,21,0.393026
1261,5.90296e+20,7.7988e+17,1.0871e+06,69,20.8184,20,0.374745
1262,4.61169e+18,9.70727e+15,1.08268e+06,62,20.3096,20,0.363535
1263,2.95148e+20,3.93441e+17,2.13151e+06,68,20.7031,21,0.373618
1264,7.3787e+19,1.30159e+17,1.08591e+06,66,20.3037,20,0.365403
1265,9.44473e+21,1.04325e+19,557357,73,19.1729,19,0.344864
1266,3.68935e+19,4.98577e+16,2.13627e+06,65,21.3174,21,0.3752
1267,1.84467e+19,2.71157e+16,2.13758e+06,64,21.1484,21,0.370236
1268,7.3787e+19,1.01884e+17,558557,66,19.7891,19,0.347604
1269,4.61169e+18,1.57882e+16,1.08776e+06,62,21.002,20,0.357734
1270,2.95148e+20,3.20828e+17,556726,68,19.9863,19,0.350023
1271,1.93428e+25,1.88895e+22,2.12984e+06,84,20.6611,21,0.356199
1272,1.84467e+19,4.99212e+16,558248,64,20.5068,19,0.36333
1273,1.18059e+21,1.21408e+18,160158,70,20.4883,17,0.363604
1274,1.18059e+21,1.79281e+18,291550,70,20.7646,18,0.361374
1275,4.72237e+21,5.06285e+18,296728,72,21.3027,18,0.376519
1276,3.68935e+19,4.07011e+16,88273.3,65,19.0967,16,0.351821
1277,7.3787e+19,1.20724e+17,559647,66,21.5508,19,0.388294
1278,6.04463e+23,5.90913e+20,93995.8,79,20.1289,16,0.363531
1279,1.47574e+20,4.44963e+17,562504,67,22.7393,19,0.403231
1280,7.3787e+19,1.34319e+17,294190,66,21.7412,18,0.385261
1281,3.77789e+22,3.93218e+19,561847,75,22.0107,19,0.386916
1282,5.90296e+20,6.52846e+17,53329.8,69,19.6328,15,0.346463
1283,3.68935e+19,7.11331e+16,17298.1,65,17.3477,12,0.31133
1284,1.47574e+20,3.29414e+17,158919,67,21.0332,17,0.371201
1285,5.90296e+20,7.36297e+17,89423.8,69,19.1455,16,0.338095
1286,2.36118e+21,2.38888e+18,1.08615e+06,71,21.9854,20,0.386405
1287,7.3787e+19,1.0396e+17,291509,66,20.6104,18,0.363121
1288,5.90296e+20,8.02836e+17,56003.3,69,18.4922,15,0.322885
1289,9.44473e+21,9.75504e+18,161289,73,19.666,17,0.352134
1290,7.3787e+19,1.41621e+17,291133,66,20.5283,18,0.365785
1291,2.95148e+20,4.86476e+17,51815.7,68,18.2607,15,0.3262
1292,3.68935e+19,7.77374e+16,22881.8,65,16.667,13,0.303773
1293,1.84467e+19,4.06302e+16,33473.7,64,18,14,0.321034
1294,3.77789e+22,3.71298e+19,22986.4,75,17.1328,13,0.313971
1295,2.36118e+21,2.65773e+18,33239.2,71,18.1396,14,0.329669
1296,3.68935e+19,7.18609e+16,18396.8,65,17.1133,12,0.314146
1297,9.44473e+21,9.6196e+18,33298,73,17.7715,14,0.321581
1298,9.22337e+18,2.82583e+16,288394,63,20.0869,18,0.358072
1299,5.90296e+20,6.80418e+17,26144.2,69,18.3086,13,0.332263
1300,3.68935e+19,6.48193e+16,19370.1,65,17.3115,12,0.315645
1301,2.41785e+24,2.36591e+21,52175,81,18.8115,15,0.335526
1302,4.72237e+21,8.73049e+18,560717,72,21.4375,19,0.380944
1303,3.68935e+19,5.72117e+16,2.13831e+06,65,21.9082,21,0.384451
1304,7.3787e+19,1.77086e+17,2.13606e+06,66,22.5459,21,0.391957
1305,2.95148e+20,4.67163e+17,555723,68,20.2256,19,0.358439
1306,9.44473e+21,9.77904e+18,553011,73,20.2949,19,0.362053
1307,5.90296e+20,1.87249e+18,1.08308e+06,69,21.9268,20,0.387533
1308,1.18059e+21,1.33795e+18,289863,70,20.9844,18,0.37014
1309,7.3787e+19,1.19489e+17,151106,66,19.6572,17,0.347303
1310,1.18059e+21,1.34043e+18,557447,70,21.5967,19,0.381442
1311,7.3787e+19,1.11208e+17,4.23935e+06,66,24.2783,22,0.434283
1312,4.72237e+21,4.82561e+18,2.14004e+06,72,23.5859,21,0.42037
1313,4.72237e+21,5.97685e+18,1.08142e+06,72,22.1387,20,0.396436
1314,2.95148e+20,6.55194e+17,1.08167e+06,68,22.0781,20,0.398494
1315,1.47574e+20,2.69194e+17,559691,67,21.5869,19,0.380055
1316,5.90296e+20,6.84446e+17,287206,69,20.9248,18,0.37017
1317,1.47574e+20,5.88219e+17,557178,67,22.1191,19,0.400598
1318,1.18059e+21,1.24569e+18,295131,70,21.0557,18,0.383386
1319,5.90296e+20,7.78327e+17,2.1343e+06,69,22.2744,21,0.398085
1320,7.3787e+19,1.73648e+17,556817,66,20.9736,19,0.379414
1321,2.36118e+21,3.51075e+18,1.08601e+06,71,21.4219,20,0.383071
1322,4.72237e+21,6.96954e+18,1.08529e+06,72,21.2412,20,0.37909
1323,1.84467e+19,8.73431e+16,160086,64,20.2324,17,0.362325
1324,2.95148e+20,4.80887e+17,557357,68,21.0527,19,0.381359
1325,9.22337e+18,1.88847e+16,294111,63,19.8408,18,0.359278
1326,5.90296e+20,7.39129e+17,552725,69,20.6787,19,0.375828
1327,1.18059e+21,2.49612e+18,296504,70,20.8379,18,0.380133
1328,1.84467e+19,3.05134e+16,292417,64,19.9766,18,0.356457
1329,3.68935e+19,1.0185e+17,556726,65,20.7988,19,0.382236
1330,1.84467e+19,6.62613e+16,90443.2,64,19.1377,16,0.346098
1331,2.95148e+20,3.3437e+17,56521.3,68,19.0215,15,0.343631
1332,3.68935e+19,4.81604e+16,25984.7,65,17.4688,13,0.315298
1333,9.22337e+18,2.27555e+16,153509,63,19.4365,17,0.354616
1334,1.47574e+20,1.64443e+17,158771,67,19.9443,17,0.361875
1335,7.3787e+19,8.13402e+16,295247,66,20.0527,18,0.356043
1336,3.68935e+19,8.4974e+16,557312,65,20.7988,19,0.374673
1337,4.61169e+18,3.30825e+16,557893,62,20.7715,19,0.370854
1338,7.3787e+19,1.03937e+17,291509,66,19.9014,18,0.356166
1339,7.3787e+19,1.01969e+17,84009,66,18.335,16,0.333728
1340,1.84467e+19,4.73724e+16,22353.4,64,16.4727,13,0.300214
1341,1.84467e+19,2.75298e+16,289176,64,19.8262,18,0.358676
1342,1.84467e+19,6.14375e+16,297099,64,20.7393,18,0.370818
1343,1.47574e+20,3.45468e+17,293432,67,20.4688,18,0.366535
1344,1.47574e+20,2.55009e+17,292663,67,20.5771,18,0.368082
1345,2.36118e+21,2.44515e+18,161359,71,20.1826,17,0.362524
1346,1.47574e+20,2.65957e+17,1.08382e+06,67,22.0361,20,0.395222
1347,1.18059e+21,1.54571e+18,292785,70,20.0996,18,0.362744
1348,9.44473e+21,1.0514e+19,552630,73,21.0127,19,0.378736
1349,1.47574e+20,2.12913e+17,292171,67,21.2129,18,0.384704
1350,2.36118e+21,2.39294e+18,289606,71,20.4385,18,0.375955
1351,7.3787e+19,2.00123e+17,556044,66,21.291,19,0.391036
1352,7.55579e+22,7.47749e+19,294663,76,20.8789,18,0.380948
1353,5.90296e+20,8.0277e+17,87883.3,69,19.418,16,0.363387
1354,1.47574e+20,2.9055e+17,51782.8,67,17.7266,15,0.33423
1355,1.47574e+20,1.52966e+17,53424.5,67,17.9326,15,0.333119
1356,9.22337e+18,1.64474e+16,86512,63,18.457,16,0.346182
1357,5.90296e+20,8.85546e+17,51782.8,69,18.126,15,0.334448
1358,4.61169e+18,6.62894e+15,90743.8,62,18.626,16,0.3425
1359,7.3787e+19,9.50568e+16,156221,66,19.3525,17,0.356095
1360,9.22337e+18,3.1011e+16,155909,63,19.125,17,0.354018
1361,1.47574e+20,1.59938e+17,89458.2,67,19.0049,16,0.349956
1362,1.15292e+18,2.07809e+15,153019,60,18.4814,17,0.348583
1363,2.30584e+18,7.49989e+15,55087.2,61,17.9375,15,0.331858
1364,3.68935e+19,9.81132e+16,289133,65,19.3955,18,0.353622
1365,7.3787e+19,7.77998e+16,51618.4,66,18.0186,15,0.326533
1366,7.3787e+19,8.12499e+16,153183,66,19.1846,17,0.351473
1367,3.68935e+19,4.68288e+16,24657.2,65,17.0459,13,0.318723
1368,1.84467e+19,4.8091e+16,51453.4,64,17.7744,15,0.324441
1369,1.47574e+20,1.96469e+17,35892.5,67,16.9619,14,0.316363
1370,1.47574e+20,2.17352e+17,25450.3,67,15.6758,13,0.290848
1371,2.95148e+20,4.53814e+17,88660.1,68,17.8418,16,0.329146
1372,9.22337e+18,2.15057e+16,34196.5,63,16.4053,14,0.305898
1373,9.22337e+18,2.07308e+16,32044.7,63,16.6729,14,0.310715
1374,4.72237e+21,4.70545e+18,25661.3,72,16.1621,13,0.305924
1375,4.72237e+21,4.97976e+18,18979.9,72,15.8555,13,0.295797
1376,7.3787e+19,1.20214e+17,25777.5,66,15.9658,13,0.301515
1377,7.3787e+19,9.95661e+16,15519.5,66,15.8486,12,0.300286
1378,7.3787e+19,2.04691e+17,35457.4,66,17.3281,14,0.321888
1379,3.68935e+19,6.82624e+16,17048.4,65,16.5625,12,0.305972
1380,4.72237e+21,4.69326e+18,25165.4,72,17.835,13,0.324518
1381,1.47574e+20,1.90046e+17,56407.1,67,18.1494,15,0.333218
1382,1.18059e+21,2.44088e+18,85849.9,70,18.3623,16,0.336432
1383,2.95148e+20,6.20804e+17,13818,68,15.7539,11,0.295565
1384,2.95148e+20,3.71191e+17,24509.8,68,16.5967,13,0.305946
1385,5.90296e+20,7.04664e+17,10085.4,69,14.2158,11,0.266053
1386,4.72237e+21,4.79853e+18,14683,72,16.0439,11,0.299002
1387,4.61169e+18,2.25224e+16,22645.1,62,15.8105,13,0.295141
1388,2.95148e+20,4.18021e+17,23246.3,68,16.0225,13,0.301866
1389,5.90296e+20,7.06845e+17,25754.3,69,17.168,13,0.31592
1390,3.68935e+19,6.11483e+16,17433.1,65,16.1777,12,0.303722
1391,5.90296e+20,8.2269e+17,23064.6,69,17.3643,13,0.319563
1392,1.47574e+20,3.66354e+17,23116.6,67,17.626,13,0.319144
1393,1.47574e+20,2.69448e+17,17964.7,67,16.9141,12,0.31092
1394,1.18059e+21,1.524e+18,22645.1,70,17.4785,13,0.316818
1395,9.44473e+21,9.31836e+18,83242,73,19.1143,16,0.351819
1396,7.3787e+19,1.38402e+17,84161.3,66,19.3252,16,0.35438
1397,7.3787e+19,1.60946e+17,20464.9,66,17.9219,13,0.33088
1398,1.47574e+20,1.78929e+17,13818,67,16.8447,11,0.31144
1399,2.95148e+20,4.24897e+17,156803,68,20.1455,17,0.370593
1400,5.90296e+20,1.49495e+18,31587.5,69,18.1562,14,0.333711
1401,1.47574e+20,1.67853e+17,289089,67,20.2598,18,0.370971
1402,1.18059e+21,1.63388e+18,153019,70,20.5098,17,0.382925
1403,1.84467e+19,1.22786e+17,94869.4,64,20.1855,16,0.379686
1404,7.3787e+19,7.99243e+16,31063.5,66,18.2588,14,0.344835
1405,7.3787e+19,9.0095e+16,88695.1,66,19.6797,16,0.373008
1406,3.68935e+19,9.81664e+16,551282,65,20.6611,19,0.384267
1407,1.47574e+20,2.3451e+17,156299,67,20.3145,17,0.379485
1408,2.95148e+20,3.55125e+17,85886.9,68,18.9092,16,0.357099
1409,2.36118e+21,2.46821e+18,86840.1,71,19.4199,16,0.368881
1410,5.90296e+20,9.62435e+17,155159,69,19.2725,17,0.362555
1411,1.47574e+20,3.28422e+17,152648,67,19.4814,17,0.366082
1412,7.3787e+19,1.51167e+17,552295,66,20.5947,19,0.380898
1413,5.90296e+20,7.41433e+17,82699.9,69,18.9668,16,0.352527
1414,4.72237e+21,4.63252e+18,153875,72,18.9658,17,0.353447
1415,3.68935e+19,4.23519e+16,54111.7,65,17.96,15,0.330537
1416,2.95148e+20,4.23473e+17,23168.6,68,16.1904,13,0.304649
1417,1.47574e+20,2.54954e+17,55177.1,67,18.5352,15,0.339697
1418,1.84467e+19,2.89291e+16,158436,64,19.3623,17,0.345649
1419,9.22337e+18,2.80373e+16,157607,63,19.8857,17,0.352174
1420,3.68935e+19,8.69154e+16,295975,65,20.3926,18,0.361174
1421,1.84467e+19,5.27658e+16,293872,64,20.5381,18,0.36466
1422,1.47574e+20,2.36245e+17,293513,67,20.2344,18,0.363634
1423,9.22337e+18,4.56258e+16,289692,63,20.0488,18,0.356013
1424,3.68935e+19,5.16577e+16,150089,65,19.3877,17,0.346196
1425,1.18059e+21,1.3526e+18,53550.4,70,19.2354,15,0.349719
1426,5.90296e+20,6.42501e+17,88765,69,19.457,16,0.357277
1427,2.95148e+20,4.85382e+17,155436,68,20.0391,17,0.361843
1428,1.18059e+21,1.53138e+18,89561.2,70,19.6572,16,0.355865
1429,4.72237e+21,4.87828e+18,153550,72,19.998,17,0.370688
1430,2.36118e+21,2.45906e+18,51979.4,71,18.6357,15,0.341115
1431,9.44473e+21,1.07963e+19,88343.9,73,19.8789,16,0.365788
1432,7.3787e+19,1.83427e+17,87740.7,66,18.9521,16,0.346199
1433,2.95148e+20,6.37224e+17,53832.2,68,19.3604,15,0.357291
1434,3.68935e+19,1.0098e+17,158474,65,20.3857,17,0.370391
1435,1.84467e+19,5.77026e+16,155830,64,20.4121,17,0.373459
1436,5.90296e+20,5.92335e+17,88660.1,69,20.2031,16,0.363788
1437,2.36118e+21,2.78812e+18,87883.3,71,19.8701,16,0.367215
1438,3.02231e+23,3.04914e+20,53487.5,78,18.4814,15,0.34651
1439,9.22337e+18,4.27481e+16,89766.5,63,19.8535,16,0.363502
1440,1.47574e+20,3.29138e+17,88379.1,67,19.4619,16,0.354876
1441,1.18059e+21,1.31058e+18,53832.2,70,18.8818,15,0.343396
1442,3.68935e+19,4.97177e+16,50686.7,65,18.2559,15,0.337371
1443,7.3787e+19,1.9765e+17,83970.8,66,19.5449,16,0.36076
1444,7.3787e+19,1.05787e+17,49462.3,66,18.834,15,0.351161
1445,1.84467e+19,4.40252e+16,51881.2,64,18.3115,15,0.337314
1446,7.3787e+19,1.05544e+17,33032.8,66,18.1982,14,0.333301
1447,3.68935e+19,7.8332e+16,52304.9,65,18.4746,15,0.337008
1448,1.84467e+19,2.25286e+16,18418.1,64,16.8008,12,0.307728
1449,1.84467e+19,2.91231e+16,18922.2,64,17.7764,12,0.327912
1450,9.22337e+18,2.45761e+16,23401.1,63,17.3779,13,0.311222
1451,1.84467e+19,2.36103e+16,31740.4,64,17.793,14,0.324114
1452,1.15292e+18,2.91983e+15,26788,60,16.2607,13,0.299531
1453,5.90296e+20,5.83555e+17,14859.4,69,16.043,11,0.302079
1454,3.68935e+19,4.28837e+16,55326.4,65,18.0645,15,0.32434
1455,1.84467e+19,3.35658e+16,19208.8,64,16.4297,12,0.298161
1456,7.3787e+19,1.14122e+17,13950.4,66,16.3418,11,0.298588
1457,7.3787e+19,7.66279e+16,24311.8,66,17.8496,13,0.321015
1458,4.72237e+21,4.65026e+18,33532.1,72,17.8809,14,0.32467
1459,3.02231e+23,2.95208e+20,31953.6,78,17.9424,14,0.31919
1460,1.84467e+19,2.58615e+16,16680.4,64,15.9863,12,0.289853
1461,7.3787e+19,1.04403e+17,35209.5,66,17.5967,14,0.306528
1462,4.61169e+18,1.07262e+16,18051.9,62,16.5449,12,0.2933
1463,1.47574e+20,1.45561e+17,17025.6,67,15.9717,12,0.283048
1464,5.90296e+20,6.17754e+17,17522.7,69,16.6074,12,0.290993
1465,1.47574e+20,2.86453e+17,297575,67,20.5635,18,0.353686
1466,2.30584e+18,3.4494e+15,89902.8,61,18.7842,16,0.325693
1467,1.84467e+19,3.27723e+16,1.08362e+06,64,21.1104,20,0.362053
1468,7.3787e+19,1.1631e+17,35292.4,66,18.7881,14,0.327005
1469,7.3787e+19,7.5724e+16,286135,66,20.1953,18,0.345792
1470,9.22337e+18,1.94142e+16,4.23762e+06,63,23.0908,22,0.392525
1471,5.90296e+20,6.13028e+17,1.07937e+06,69,21.9805,20,0.373917
1472,4.61169e+18,1.47513e+16,1.34281e+08,62,25.8018,27,0.430512
1473,7.3787e+19,9.9589e+16,8.44191e+06,66,23.8604,23,0.40141
1474,1.84467e+19,3.16241e+16,4.24371e+06,64,23.4062,22,0.39559
1475,3.68935e+19,3.90801e+16,2.13897e+06,65,22.0908,21,0.369693
1476,3.68935e+19,4.48171e+16,3.36195e+07,65,25.0469,25,0.420465
1477,7.3787e+19,7.70215e+16,3.3608e+07,66,24.0596,25,0.402089
1478,3.68935e+19,6.20582e+16,2.14526e+06,65,23.6953,21,0.400527
1479,7.3787e+19,1.17344e+17,2.13805e+06,66,23.3242,21,0.394612
1480,7.3787e+19,9.00941e+16,2.13675e+06,66,22.7002,21,0.380286
1481,1.84467e+19,2.50972e+16,1.08677e+06,64,22.5596,20,0.382483
1482,3.68935e+19,6.52179e+16,292047,65,21.9229,18,0.377772
1483,7.3787e+19,8.76327e+16,555723,66,22.6816,19,0.393032
1484,2.30584e+18,9.63993e+15,554659,61,22.0459,19,0.380815
1485,1.47574e+20,1.52095e+17,560674,67,22.79,19,0.390648
1486,1.84467e+19,2.53184e+16,550552,64,21.4023,19,0.373775
1487,3.68935e+19,9.16897e+16,1.08757e+06,65,23.2656,20,0.39765
1488,3.68935e+19,1.14406e+17,558248,65,21.8643,19,0.371757
1489,3.68935e+19,4.85976e+16,290965,65,21.2051,18,0.360656
1490,3.68935e+19,4.41984e+16,295709,65,21.7734,18,0.369501
1491,3.68935e+19,6.05549e+16,1.0803e+06,65,21.6943,20,0.362788
1492,9.22337e+18,2.0306e+16,1.09102e+06,63,22.5088,20,0.374972
1493,3.68935e+19,4.71074e+16,560547,65,21.9941,19,0.371231
1494,4.61169e+18,1.08113e+16,561138,62,21.9414,19,0.371496
1495,2.95148e+20,2.94806e+17,88695.1,68,19.2852,16,0.327344
1496,3.68935e+19,9.44836e+16,559388,65,22.2412,19,0.373424
1497,3.68935e+19,7.30589e+16,558469,65,22.0176,19,0.372003
1498,3.68935e+19,6.24355e+16,296089,65,21.3643,18,0.361585
1499,7.3787e+19,9.37313e+16,290416,66,20.9092,18,0.361885
