232.115
0,434.954,9.46902,4,2,0.0488281,0,0.00984904
1,108.709,7.72536,4,1,0.03125,0,0.00985035
2,435.151,9.69851,5,2,0.0410156,0,0.00997095
3,435.117,9.48826,5,2,0.0458984,0,0.0099201
4,111.937,9.62865,5,1,0.0488281,0,0.0100686
5,435.053,9.50533,5,2,0.0429688,0,0.0102236
6,435.117,10.1608,5,2,0.0498047,0,0.0101369
7,111.425,9.6243,5,1,0.046875,0,0.0102138
8,110.903,9.58968,5,1,0.0449219,0,0.0103056
9,434.639,9.78294,5,2,0.0458984,0,0.0102112
10,435.053,9.36775,5,2,0.0410156,0,0.0102448
11,435.076,10.0363,5,2,0.0439453,0,0.0103609
12,434.412,10.1353,5,2,0.0458984,0,0.0104345
13,435.053,9.79483,5,2,0.0439453,0,0.0103852
14,435.053,9.92485,6,2,0.0429688,0,0.0104581
15,435.127,11.7493,6,2,0.0595703,0,0.0104104
16,434.818,11.9024,6,2,0.0634766,0,0.0104763
17,434.129,10.0731,6,2,0.0458984,0,0.0102913
18,435.151,10.8291,6,2,0.0527344,0,0.0104717
19,435.053,10.0405,6,2,0.0449219,0,0.0103874
20,435.151,11.928,6,2,0.0605469,0,0.0103818
21,434.954,11.2976,6,2,0.0556641,0,0.0103975
22,434.902,11.1088,6,2,0.0517578,0,0.0105383
23,1010.21,12.8683,6,3,0.0605469,0,0.0105613
24,111.425,10.5191,6,1,0.0507812,0,0.0105347
25,435.151,13.1783,6,2,0.0683594,0,0.0105545
26,435.149,11.8373,6,2,0.0595703,0,0.0106397
27,434.954,10.8506,6,2,0.0507812,0,0.010518
28,435.127,11.4463,6,2,0.0576172,0,0.0105125
29,435.149,11.5384,6,2,0.0605469,0,0.0104142
30,434.902,12.7109,6,2,0.0634766,0,0.0105127
31,435.076,12.1402,6,2,0.0625,0,0.0105983
32,112.44,11.3407,6,1,0.0556641,0,0.0107509
33,435.151,11.9508,6,2,0.0556641,0,0.0108043
34,435.149,12.8472,6,2,0.0605469,0,0.01066
35,435.117,11.5279,6,2,0.0527344,0,0.0106784
36,435.053,14.1719,6,2,0.0742188,0,0.0107518
37,434.954,13.0618,6,2,0.0644531,0,0.0107788
38,435.127,11.3268,6,2,0.0507812,0,0.010731
39,435.127,13.1566,6,2,0.0654297,0,0.0107338
40,434.639,11.5521,6,2,0.0556641,0,0.0107139
41,435.053,11.7589,6,2,0.0576172,0,0.0107337
42,435.151,13.4482,6,2,0.0654297,0,0.0106929
43,435.149,13.193,6,2,0.0654297,0,0.0108092
44,435.151,13.2173,6,2,0.0605469,0,0.0109279
45,435.053,11.2734,6,2,0.0507812,0,0.0108969
46,435.151,14.3556,6,2,0.0751953,0,0.0108748
47,434.954,12.2686,6,2,0.0595703,0,0.010918
48,435.127,13.9759,6,2,0.0722656,0,0.0108007
49,435.117,12.6208,6,2,0.0605469,0,0.0108833
50,435.117,13.5928,6,2,0.0644531,0,0.0113203
51,435.151,12.7299,6,2,0.0605469,0,0.0109609
52,434.639,12.5355,6,2,0.0605469,0,0.0109982
53,435.149,11.8607,6,2,0.0556641,0,0.0109189
54,1010.21,15.0234,6,3,0.0664062,0,0.0112088
55,435.151,14.2378,6,2,0.0771484,0,0.0109071
56,435.151,12.2026,6,2,0.0556641,0,0.0109319
57,435.151,16.5818,6,2,0.0830078,0,0.011326
58,435.127,12.2593,6,2,0.0517578,0,0.0111135
59,435.053,15.3402,6,2,0.0810547,0,0.0110967
60,1008.92,15.7069,7,3,0.0791016,0,0.011386
61,435.149,14.2579,6,2,0.0712891,0,0.0111635
62,435.076,14.2386,7,2,0.0703125,0,0.011267
63,435.151,14.0951,7,2,0.0712891,0,0.011119
64,114.366,13.111,7,1,0.0673828,0,0.0111042
65,435.151,14.6229,6,2,0.0742188,0,0.0111842
66,435.127,15.1775,7,2,0.0791016,0,0.0111738
67,435.127,13.2971,7,2,0.0664062,0,0.0109878
68,434.954,13.5077,7,2,0.0654297,0,0.0112158
69,435.117,15.6509,7,2,0.0888672,0,0.011112
70,435.149,14.3511,7,2,0.0703125,0,0.0111757
71,1011.31,16.0086,7,3,0.0800781,0,0.0111473
72,435.127,13.989,7,2,0.0595703,0,0.0112168
73,435.151,13.7716,7,2,0.0644531,0,0.0111506
74,435.151,16.2176,7,2,0.0820312,0,0.0112094
75,434.954,13.4522,7,2,0.0673828,0,0.0111476
76,435.127,15.1768,7,2,0.0791016,0,0.0110985
77,435.149,13.6067,7,2,0.0595703,0,0.0111436
78,1010.21,16.0795,7,3,0.0761719,0,0.0111427
79,435.151,17.5599,7,2,0.0898438,0,0.0112937
80,435.151,16.1163,7,2,0.0869141,0,0.0110574
81,435.117,16.9563,7,2,0.0898438,0,0.0111409
82,435.151,14.8976,7,2,0.0742188,0,0.0112761
83,435.127,15.765,7,2,0.0771484,0,0.0113794
84,435.151,14.9558,7,2,0.0771484,0,0.0112187
85,435.127,16.3612,7,2,0.0888672,0,0.0112011
86,435.127,16.2941,8,2,0.0849609,0,0.0112955
87,435.117,14.7951,8,2,0.0771484,0,0.0112247
88,435.151,17.5323,8,2,0.0947266,0,0.0113515
89,435.149,15.784,8,2,0.0810547,0,0.0113237
90,435.151,15.0453,8,2,0.0722656,0,0.0114044
91,435.053,16.7138,8,2,0.0888672,0,0.0113668
92,435.151,15.1899,8,2,0.0800781,0,0.0112945
93,435.127,16.7491,8,2,0.0917969,0,0.0114369
94,1009.59,15.3832,8,3,0.0771484,0,0.0113582
95,435.127,15.7566,7,2,0.0849609,0,0.0111842
96,435.127,16.2209,8,2,0.0869141,0,0.0114807
97,1012.18,16.7283,8,3,0.0839844,0,0.0112969
98,435.151,16.5113,8,2,0.0908203,0,0.0115661
99,435.127,14.4833,8,2,0.0722656,0,0.0113348
100,435.151,15.569,8,2,0.0820312,0,0.0113905
101,435.149,16.1115,8,2,0.0849609,0,0.0115123
102,435.151,17.505,8,2,0.0888672,0,0.0115994
103,435.127,16.9745,8,2,0.0927734,0,0.0113402
104,1011.31,16.8588,8,3,0.0839844,0,0.0114251
105,435.149,15.6303,8,2,0.078125,0,0.0115788
106,435.149,18.2119,8,2,0.0957031,0,0.0115817
107,435.151,17.7873,8,2,0.0966797,0,0.0115803
108,435.151,17.6173,8,2,0.09375,0,0.0115134
109,435.151,17.2812,8,2,0.0976562,0,0.0113841
110,435.151,16.905,8,2,0.0859375,0,0.0116414
111,435.151,17.5782,8,2,0.0878906,0,0.0116801
112,1008.92,16.3949,8,3,0.0722656,0,0.0115583
113,1011.31,18.6494,8,3,0.0947266,0,0.0116573
114,435.149,16.6253,8,2,0.0839844,0,0.0115446
115,435.149,16.593,8,2,0.0917969,0,0.0115662
116,435.151,16.7092,8,2,0.0859375,0,0.0117718
117,435.053,19.4919,8,2,0.111328,0,0.0118526
118,1008.92,19.3278,8,3,0.104492,0,0.0117659
119,435.151,18.6982,8,2,0.0986328,0,0.0119207
120,1010.21,20.0098,8,3,0.103516,0,0.0118176
121,435.151,18.3327,8,2,0.101562,0,0.0118113
122,435.151,21.0465,8,2,0.12207,0,0.0118947
123,1847.77,22.2742,8,4,0.112305,0,0.0118594
124,435.151,17.5899,8,2,0.0898438,0,0.011699
125,435.127,19.2586,8,2,0.108398,0,0.0119301
126,1011.78,21.2677,8,3,0.12207,0,0.0119538
127,435.151,18.6856,9,2,0.0996094,0,0.0119461
128,435.127,18.6514,9,2,0.0996094,0,0.0120071
129,435.151,19.4554,9,2,0.104492,0,0.0120085
130,435.151,20.7532,9,2,0.113281,0,0.0119232
131,1011.78,21.5712,9,3,0.116211,0,0.0120511
132,435.151,19.5411,9,2,0.111328,0,0.0120111
133,434.954,19.2448,9,2,0.112305,0,0.0120591
134,435.149,20.136,9,2,0.114258,0,0.0121168
135,435.151,20.4664,9,2,0.113281,0,0.0120948
136,435.151,22.9128,9,2,0.131836,0,0.0120953
137,1008.92,22.2365,9,3,0.12207,0,0.0123781
138,435.151,23.4556,9,2,0.138672,0,0.0122524
139,1008.92,22.6739,9,3,0.126953,0,0.0120988
140,435.151,27.1238,9,2,0.158203,0,0.0122516
141,435.151,25.5928,9,2,0.148438,0,0.0123235
142,1011.31,26.4076,9,3,0.148438,0,0.0121616
143,1008.92,25.3423,9,3,0.146484,0,0.0123127
144,1012.18,23.9296,9,3,0.142578,0,0.0123842
145,435.151,24.6983,9,2,0.141602,0,0.0123577
146,435.151,24.0481,9,2,0.140625,0,0.0123874
147,1011.31,30.6691,9,3,0.172852,0,0.0123387
148,435.127,23.9307,9,2,0.145508,0,0.0123068
149,1011.31,27.5385,9,3,0.15918,0,0.0123633
150,1008.92,28.105,9,3,0.170898,0,0.012428
151,435.149,29.2688,9,2,0.177734,0,0.0123247
152,435.151,25.3238,9,2,0.15332,0,0.0123739
153,1011.78,28.0356,9,3,0.176758,0,0.0123352
154,1008.92,27.7426,9,3,0.166016,0,0.012245
155,1012.52,30.1452,9,3,0.186523,0,0.0125238
156,435.151,29.7606,9,2,0.179688,0,0.0123428
157,1010.21,28.2465,9,3,0.15918,0,0.0123566
158,435.149,30.6513,9,2,0.197266,0,0.0125803
159,1008.92,34.9859,9,3,0.21875,0,0.0127008
160,1009.59,32.4048,9,3,0.188477,0,0.0124891
161,1008.92,33.4058,9,3,0.201172,0,0.0126042
162,435.151,32.146,9,2,0.197266,0,0.012616
163,435.151,31.1976,9,2,0.197266,0,0.012618
164,435.151,30.9575,9,2,0.192383,0,0.0126052
165,435.151,31.4728,9,2,0.1875,0,0.0125715
166,1008.92,33.7924,9,3,0.206055,0,0.0128034
167,435.151,27.7479,9,2,0.165039,0,0.0127122
168,435.151,30.225,9,2,0.189453,0,0.0127568
169,435.151,30.6584,9,2,0.1875,0,0.0127031
170,435.149,32.6689,9,2,0.202148,0,0.0127819
171,1843.9,38.099,9,4,0.22168,0,0.0127457
172,1011.31,33.3142,9,3,0.209961,0,0.0128489
173,1009.59,36.9619,9,3,0.232422,0,0.0127731
174,1012.52,34.0071,9,3,0.21582,0,0.0127957
175,435.151,31.9073,9,2,0.195312,0,0.0127798
176,1007.46,33.1574,9,3,0.209961,0,0.0128418
177,435.151,36.4736,9,2,0.230469,0,0.0127657
178,1008.92,34.9853,9,3,0.22168,0,0.0129365
179,435.151,33.5352,9,2,0.21582,0,0.0128223
180,1008.92,38.8189,9,3,0.24707,0,0.0128354
181,435.151,39.6421,9,2,0.242188,0,0.0129682
182,1008.92,34.2264,9,3,0.211914,0,0.0128613
183,1008.92,41.5246,9,3,0.268555,0,0.0127649
184,1008.92,37.6414,9,3,0.240234,0,0.0128832
185,1008.92,34.1232,9,3,0.21582,0,0.0129339
186,1011.31,35.2861,9,3,0.219727,0,0.0127426
187,435.149,34.8015,9,2,0.22168,0,0.0128518
188,1010.21,35.9539,9,3,0.228516,0,0.0128518
189,1008.92,35.9547,9,3,0.236328,0,0.0128333
190,1008.92,37.1317,9,3,0.244141,0,0.0129077
191,1011.31,39.4599,9,3,0.248047,0,0.0128983
192,1011.31,39.325,9,3,0.242188,0,0.0128362
193,1008.92,36.2547,9,3,0.22168,0,0.012884
194,435.151,36.3973,10,2,0.232422,0,0.0130273
195,1843.9,45.3681,9,4,0.283203,0,0.0129688
196,1010.21,39.0391,9,3,0.25293,0,0.0129289
197,435.151,42.5839,10,2,0.283203,0,0.0130048
198,1010.21,39.021,9,3,0.254883,0,0.0130386
199,1010.79,42.8323,10,3,0.280273,0,0.0130899
200,1011.31,42.4788,10,3,0.271484,0,0.013123
201,1843.9,45.5508,9,4,0.277344,0,0.0131322
202,435.151,38.2151,9,2,0.254883,0,0.01314
203,1008.92,42.8585,10,3,0.277344,0,0.0130177
204,1011.31,41.5867,9,3,0.263672,0,0.0130216
205,435.151,40.6188,9,2,0.269531,0,0.0130497
206,1008.92,40.3467,10,3,0.267578,0,0.0132516
207,1008.92,40.3055,10,3,0.267578,0,0.013098
208,435.151,39.8196,9,2,0.264648,0,0.0130077
209,1008.92,42.3394,10,3,0.272461,0,0.0130668
210,1009.59,43.9711,11,3,0.280273,0,0.0132312
211,1011.31,44.1756,10,3,0.291992,0,0.0131741
212,435.151,43.4841,11,2,0.293945,0,0.0130254
213,1843.9,45.2352,10,4,0.28418,0,0.013193
214,1011.31,45.6289,9,3,0.291992,0,0.0131228
215,1008.92,39.9136,10,3,0.270508,0,0.0130611
216,1011.78,45.7075,10,3,0.297852,0,0.0130927
217,1009.59,50.9477,10,3,0.325195,0,0.0131963
218,1009.59,44.6209,10,3,0.292969,0,0.0131466
219,435.151,41.2,11,2,0.274414,0,0.0131
220,435.151,40.3437,11,2,0.273438,0,0.0131293
221,435.151,44.1836,10,2,0.292969,0,0.0131753
222,1009.59,45.7932,11,3,0.290039,0,0.0131884
223,1011.31,38.8157,10,3,0.253906,0,0.0131043
224,1009.59,46.9528,11,3,0.303711,0,0.0132468
225,1011.78,48.2742,11,3,0.306641,0,0.013351
226,1010.21,44.2121,10,3,0.265625,0,0.0132924
227,1009.59,46.5792,11,3,0.298828,0,0.0132702
228,1009.59,50.2765,11,3,0.313477,0,0.0133192
229,1011.31,47.0606,11,3,0.306641,0,0.0133709
230,1008.92,46.2955,11,3,0.293945,0,0.0133285
231,435.151,42.3646,10,2,0.282227,0,0.0132262
232,1011.78,46.8699,11,3,0.290039,0,0.0133467
233,435.149,43.8976,11,2,0.289062,0,0.0134148
234,1008.92,48.779,11,3,0.308594,0,0.0134217
235,1008.92,46.9774,12,3,0.303711,0,0.0134235
236,1008.92,49.1773,12,3,0.329102,0,0.0135191
237,1011.31,47.8068,12,3,0.313477,0,0.0134798
238,1011.31,48.2016,12,3,0.324219,0,0.013371
239,435.151,46.7798,12,2,0.311523,0,0.0133708
240,1008.92,51.9526,12,3,0.332031,0,0.0133965
241,1008.92,53.8054,12,3,0.337891,0,0.0135941
242,1843.9,48.4677,12,4,0.300781,0,0.0136071
243,1011.31,47.1724,12,3,0.308594,0,0.0134918
244,1008.92,46.6188,12,3,0.304688,0,0.0134318
245,435.151,40.4504,12,2,0.274414,0,0.0134931
246,435.151,43.2384,12,2,0.290039,0,0.0135332
247,1011.31,45.3248,11,3,0.290039,0,0.0135726
248,1012.18,48.8144,11,3,0.290039,0,0.0136694
249,1008.92,46.1365,11,3,0.290039,0,0.0134508
250,1010.21,44.7873,12,3,0.291992,0,0.0135268
251,1008.92,43.9008,12,3,0.291016,0,0.0135205
252,1010.21,48.3197,12,3,0.307617,0,0.0136381
253,435.151,42.2347,12,2,0.286133,0,0.0135506
254,435.151,45.8637,12,2,0.300781,0,0.0135795
255,1008.92,49.5297,12,3,0.311523,0,0.0136292
256,435.127,42.6779,12,2,0.292969,0,0.0134883
257,1011.31,41.7769,11,3,0.276367,0,0.0133423
258,435.151,49.0619,12,2,0.321289,0,0.0135526
259,1834.62,45.9507,12,4,0.302734,0,0.0135391
260,1009.59,49.0146,12,3,0.324219,0,0.0136706
261,1008.92,52.8482,13,3,0.352539,0,0.0136837
262,1011.78,42.9358,12,3,0.287109,0,0.013467
263,1009.59,43.2565,12,3,0.286133,0,0.0136014
264,1009.59,48.0912,12,3,0.3125,0,0.0135956
265,1011.31,51.1172,13,3,0.326172,0,0.0137781
266,1010.21,48.8897,12,3,0.31543,0,0.0137822
267,1011.31,52.0417,12,3,0.324219,0,0.0136073
268,979.358,50.074,13,3,0.330078,0,0.0138255
269,435.127,44.6931,13,2,0.299805,0,0.0138875
270,435.151,49.2283,13,2,0.319336,0,0.0138424
271,1011.31,54.0992,13,3,0.336914,0,0.0138135
272,1008.92,46.3969,12,3,0.296875,0,0.0139256
273,1009.59,46.6263,12,3,0.292969,0,0.0138466
274,1843.9,50.5159,13,4,0.308594,0,0.0139521
275,1011.31,49.3448,13,3,0.311523,0,0.0138107
276,1008.92,47.6655,13,3,0.296875,0,0.0140457
277,435.151,47.1567,13,2,0.304688,0,0.0140609
278,1004.99,51.9068,13,3,0.317383,0,0.0141838
279,1005.85,47.8896,13,3,0.310547,0,0.0141041
280,1008.92,55.0141,13,3,0.356445,0,0.0144151
281,1011.31,51.2564,13,3,0.3125,0,0.0142214
282,435.151,49.1796,13,2,0.308594,0,0.0144922
283,1008.92,50.7515,13,3,0.321289,0,0.0144347
284,1008.92,46.6701,13,3,0.296875,0,0.0144099
285,2951.77,54.0544,13,5,0.34082,0,0.0145631
286,1008.92,54.3304,13,3,0.330078,0,0.0148539
287,1832.91,53.0122,13,4,0.337891,0,0.0147749
288,1008.92,47.1054,13,3,0.302734,0,0.0147139
289,1012.18,56.6076,14,3,0.342773,0,0.0148099
290,1010.21,51.8313,14,3,0.335938,0,0.0151181
291,1843.9,57.1671,15,4,0.355469,0,0.0150669
292,1008.92,55.9533,15,3,0.34082,0,0.0153162
293,1008.92,53.5988,15,3,0.347656,0,0.015362
294,1008.92,57.5867,15,3,0.337891,0,0.0154751
295,1008.92,60.2925,15,3,0.363281,0,0.0155023
296,1007.46,54.6305,15,3,0.349609,0,0.0152721
297,1009.59,55.7857,15,3,0.354492,0,0.0158276
298,1831.15,58.9355,15,4,0.366211,0,0.0158645
299,1010.79,58.2115,15,3,0.347656,0,0.0157879
300,1009.59,58.7084,15,3,0.351562,0,0.0159995
301,1009.59,58.4206,15,3,0.337891,0,0.0160278
302,1007.46,58.0264,15,3,0.348633,0,0.0160285
303,1007.46,56.5001,15,3,0.339844,0,0.016078
304,1831.15,60.4034,15,4,0.355469,0,0.0159839
305,1837.92,58.909,15,4,0.34082,0,0.01626
306,1004.1,56.0446,15,3,0.325195,0,0.0162836
307,1008.92,60.6932,16,3,0.369141,0,0.0162923
308,1005.85,58.3966,16,3,0.356445,0,0.0163667
309,1002.23,59.0614,15,3,0.349609,0,0.0163266
310,1005.85,60.6464,17,3,0.378906,0,0.0166952
311,1834.62,66.2127,17,4,0.391602,0,0.0167809
312,1007.46,62.5403,16,3,0.371094,0,0.0163798
313,1009.59,61.5371,17,3,0.375,0,0.0167571
314,1008.92,68.9651,17,3,0.40918,0,0.0169906
315,1834.62,68.0801,17,4,0.396484,0,0.0170848
316,1837.92,57.5393,16,4,0.326172,0,0.0171116
317,1005.85,64.5229,17,3,0.371094,0,0.0172626
318,1839.49,59.7466,17,4,0.34375,0,0.0178095
319,1009.59,63.1433,18,3,0.385742,0,0.0178972
320,1829.35,71.4556,17,4,0.395508,0,0.0176543
321,1012.18,68.541,17,3,0.388672,0,0.0182213
322,1010.79,68.7888,17,3,0.387695,0,0.0188698
323,1836.29,73.2748,19,4,0.396484,0,0.0198299
324,1008.92,70.1668,20,3,0.394531,0,0.0195786
325,1010.21,73.3382,21,3,0.413086,0,0.0207123
326,1008.21,66.6192,21,3,0.364258,0,0.0212997
327,1005.85,76.406,23,3,0.407227,0,0.0213624
328,1009.59,75.7375,26,3,0.411133,0,0.0225514
329,1009.59,72.3475,23,3,0.364258,0,0.0230225
330,1009.59,76.8151,23,3,0.393555,0,0.023493
331,1831.15,85.2914,30,4,0.432617,0,0.0236687
332,1004.1,81.329,27,3,0.413086,0,0.0242789
333,1008.21,77.0908,30,3,0.389648,0,0.0258771
334,1008.92,81.9825,36,3,0.413086,0,0.0266798
335,1837.92,85.3777,37,4,0.399414,0,0.0273615
336,1009.59,80.0785,36,3,0.363281,0,0.0292502
337,1809.31,95.9287,72,4,0.435547,0,0.0293362
338,1004.99,89.7481,51,3,0.40625,0,0.0302476
339,1804.91,88.8773,101,4,0.391602,0,0.0311339
340,1811.47,94.6804,101,4,0.422852,0,0.0308819
341,1010.21,96.0904,101,3,0.427734,0,0.0318476
342,1715,86.7287,101,4,0.393555,0,0.0308986
343,1008.21,88.4585,78,3,0.375977,0,0.0317321
344,2658.83,96.8192,101,5,0.404297,0,0.0340202
345,1001.24,94.7874,101,3,0.40918,0,0.0325386
346,1825.63,92.4454,101,4,0.380859,0,0.0332948
347,1819.76,90.4603,101,4,0.388672,0,0.032841
348,1005.85,98.707,101,3,0.444336,0,0.0323883
349,1010.21,99.7943,101,3,0.421875,0,0.0333762
350,1006.68,100.913,101,3,0.4375,0,0.0338046
351,1005.85,91.8626,101,3,0.395508,0,0.0338774
352,2884.52,103.509,101,5,0.418945,0,0.0356813
353,1817.74,99.5612,101,4,0.426758,0,0.0340413
354,2921.69,107.979,101,5,0.448242,0,0.0349001
355,1798.09,101.452,101,4,0.4375,0,0.0354401
356,1829.35,108.618,101,4,0.433594,0,0.0354979
357,1843.9,99.685,101,4,0.404297,0,0.0348811
358,1821.75,103.537,101,4,0.422852,0,0.0354294
359,1795.76,105.901,101,4,0.448242,0,0.0345831
360,1001.24,99.3571,101,3,0.418945,0,0.034944
361,1002.23,111.096,101,3,0.479492,0,0.0360638
362,1009.59,102.337,101,3,0.430664,0,0.0356553
363,1010.21,106.089,101,3,0.432617,0,0.0355802
364,1009.59,117.397,101,3,0.501953,0,0.035206
365,1823.71,115.347,101,4,0.503906,0,0.0347212
366,1773.62,112.023,101,4,0.504883,0,0.0339317
367,1811.47,112.616,101,4,0.490234,0,0.0344289
368,2940.29,115.934,101,5,0.479492,0,0.0341838
369,1819.76,117.092,101,4,0.515625,0,0.0352765
370,1008.92,111.9,101,3,0.503906,0,0.0344565
371,1773.62,115.98,101,4,0.503906,0,0.034985
372,1841.02,120.075,101,4,0.554688,0,0.033997
373,2860.33,127.194,101,5,0.526367,0,0.0342438
374,1825.63,123.744,101,4,0.533203,0,0.0349925
375,1793.4,125.337,101,4,0.557617,0,0.033639
376,2906.93,125.224,101,5,0.550781,0,0.0343688
377,2937.8,122.435,101,5,0.549805,0,0.0340341
378,2749.33,126.39,101,5,0.545898,0,0.0356558
379,2924.51,129.922,101,5,0.581055,0,0.034506
380,1832.91,130.484,101,4,0.594727,0,0.0353396
381,1831.15,127.958,101,4,0.553711,0,0.0357179
382,1832.91,147.642,101,4,0.644531,0,0.0352524
383,2826.95,139.131,101,5,0.613281,0,0.0362621
384,2921.69,139.534,101,5,0.609375,0,0.0361288
385,1807.12,137.887,101,4,0.614258,0,0.0360015
386,2870.9,149.434,101,5,0.672852,0,0.0345993
387,2881.17,155.355,101,5,0.662109,0,0.0360066
388,1823.71,148.02,101,4,0.655273,0,0.0363817
389,2918.83,153.25,101,5,0.664062,0,0.0357417
390,1793.4,138.241,101,4,0.616211,0,0.0343209
391,1819.76,143.976,101,4,0.623047,0,0.0357706
392,1819.76,152.018,101,4,0.678711,0,0.0351801
393,3868.3,136.849,101,6,0.618164,0,0.0365989
394,1831.15,146.233,101,4,0.658203,0,0.033863
395,5623.83,161.375,103.594,7,0.710938,1,0.0361178
396,2912.97,151.015,101,5,0.677734,0,0.0343889
397,1798.09,146.877,101,4,0.666016,0,0.0341556
398,1821.75,155.355,102.835,4,0.708008,1,0.0346598
399,1821.75,152.81,101,4,0.705078,0,0.033429
400,2649.34,164.953,101,5,0.717773,0,0.0351534
401,2815.31,174.668,101,5,0.748047,0,0.0356125
402,2853.13,175.042,101,5,0.741211,0,0.0346982
403,2877.78,159.83,106.93,5,0.732422,1,0.0348888
404,7745.53,182.52,106.93,8,0.769531,1,0.0345881
405,2942.72,174.652,109.829,5,0.793945,1,0.0334773
406,2807.41,171.981,109.275,5,0.773438,1,0.0345957
407,4113.41,190.601,109.829,6,0.825195,1,0.0344144
408,4150.74,180.602,110.371,6,0.796875,1,0.0348936
409,2867.41,184.937,109.275,5,0.8125,1,0.0324792
410,2874.36,186.881,109.829,5,0.81543,1,0.0344742
411,2867.41,173.548,110.371,5,0.791016,1,0.0347129
412,1819.76,196.668,110.371,4,0.841797,1,0.0340482
413,5438.88,196.42,110.371,7,0.831055,1,0.0352351
414,2870.9,197.224,112.44,5,0.868164,1,0.0350312
415,2927.27,193.174,111.425,5,0.860352,1,0.0342481
416,4181.49,205.217,112.44,6,0.899414,1,0.0358786
417,2783.1,198.74,112.44,5,0.883789,1,0.0363864
418,4220.53,217.352,112.44,6,0.904297,1,0.0364266
419,7420.35,236.382,113.897,8,0.951172,1,0.0386128
420,5563.94,240.18,113.897,7,0.976562,1,0.0358195
421,3938.03,234.801,114.828,6,0.978516,1,0.0360813
422,4124.23,234.454,113.419,6,0.975586,1,0.0356187
423,7410.92,258.649,116.603,8,1.04395,1,0.036591
424,2915.92,250.163,116.17,5,1.02441,1,0.0368004
425,4080.24,254.076,116.17,6,1.03516,1,0.0373226
426,4274.26,262.884,115.282,6,1.0332,1,0.0366075
427,4239.12,254.251,115.729,6,1.05566,1,0.0355048
428,2867.41,236.549,116.17,5,1.00586,1,0.036642
429,4028.62,247.037,113.897,6,0.988281,1,0.0351702
430,7401.46,303.773,118.273,8,1.15918,1,0.0357412
431,2860.33,265.209,117.45,5,1.08301,1,0.0348376
432,5681.8,295.771,117.865,7,1.16211,1,0.0347199
433,4091.41,285.174,119.071,6,1.15137,1,0.0349841
434,5594.12,280.581,117.45,7,1.12695,1,0.0350494
435,7854.53,278.414,116.17,8,1.09375,1,0.0357863
436,5891.28,299.584,119.071,7,1.16504,1,0.0344415
437,4124.23,305.424,117.03,6,1.15234,1,0.0344468
438,7410.92,288.655,116.603,8,1.125,1,0.0338729
439,10036.5,350.693,118.273,9,1.21875,1,0.0351689
440,7696.21,346.496,119.071,8,1.24512,1,0.0341206
441,5885.37,351.673,122.396,7,1.28223,1,0.0343797
442,5373.9,306.017,117.865,7,1.16992,1,0.0346819
443,4096.95,301.011,117.03,6,1.15332,1,0.0346561
444,4102.47,336.869,118.675,6,1.23535,1,0.0345096
445,9934.61,315.853,118.675,9,1.17871,1,0.0353689
446,16288.7,376.352,118.675,11,1.25195,1,0.0345669
447,9796.23,353.355,120.601,9,1.23535,1,0.0354558
448,9955.32,364.937,118.273,9,1.25781,1,0.0337719
449,12914.6,367.656,117.865,10,1.29004,1,0.0317431
450,9965.62,407.379,119.847,9,1.34668,1,0.0327503
451,12571.1,403.665,120.601,10,1.33496,1,0.0338748
452,12879.4,374.384,119.462,10,1.30078,1,0.0352549
453,12995,382.842,120.227,10,1.29395,1,0.0346395
454,9913.74,409.212,117.03,9,1.30859,1,0.033146
455,7662.54,386.537,120.227,8,1.29688,1,0.033881
456,14981.3,392.291,119.462,11,1.31543,1,0.0326778
457,5830.11,388.997,120.601,7,1.33594,1,0.0344117
458,16083,479.175,125.024,11,1.44824,1,0.0344859
459,9719.16,424.786,121.334,9,1.3457,1,0.036036
460,7831.93,391.987,119.071,8,1.31152,1,0.0333351
461,7645.47,409.741,125.024,8,1.36914,1,0.0349965
462,9594.67,437.348,127.93,9,1.41504,1,0.0352867
463,12467.1,455.768,136.624,10,1.46191,1,0.0360326
464,9807.1,390.938,118.675,9,1.31445,1,0.0349103
465,15759.9,464.283,131.16,11,1.48633,1,0.0341883
466,7854.53,444.092,125.332,8,1.45996,1,0.0339017
467,10114.9,436.921,137.037,9,1.44141,1,0.0366694
468,20089.9,540.829,122.047,12,1.52246,1,0.0354794
469,14647.4,489.652,127.657,11,1.47168,1,0.034825
470,9944.99,463.597,119.462,9,1.41211,1,0.0342251
471,12571.1,459.495,123.08,10,1.44629,1,0.0350882
472,10036.5,518.703,136.902,9,1.55859,1,0.0342275
473,20831.9,481.974,122.396,12,1.44824,1,0.0346425
474,28637.1,583.053,136.902,13,1.5918,1,0.0360475
475,21347,617.238,138.03,12,1.64355,1,0.0369762
476,15186.7,551.894,128.466,11,1.5791,1,0.0354649
477,19764.6,615.992,137.3,12,1.64746,1,0.0358521
478,12320.3,606.304,128.2,10,1.60059,1,0.0362965
479,11812.1,605.312,137.914,10,1.68652,1,0.0366551
480,20709.8,662.429,137.914,12,1.68555,1,0.0354744
481,20900.8,686.568,379.921,12,1.77441,2,0.0347212
482,28438.6,679.361,138.872,13,1.73828,1,0.0348802
483,19784,646.541,137.037,12,1.71484,1,0.0360949
484,27768.1,769.203,420.846,13,1.85547,2,0.0355421
485,39435.2,734.404,137.796,14,1.76953,1,0.0346706
486,60195.6,717.984,138.03,15,1.71387,1,0.0357729
487,28438.6,833.341,399.003,13,1.88672,2,0.0376234
488,39435.2,792.388,400.671,14,1.875,2,0.0356109
489,95264,998.9,356.086,16,1.96484,2,0.0374863
490,20709.8,822.412,418.997,12,1.95508,2,0.0364684
491,95375.2,1063.65,417.066,16,2.06055,2,0.036664
492,57767.7,1067.55,423.179,15,2.12891,2,0.0380555
493,21019.6,954.048,392.952,12,2.02148,2,0.0366371
494,15759.9,927.663,407.061,11,2.01367,2,0.0386707
495,20549.9,938.837,401.495,12,2.02734,2,0.0370628
496,564610,1661.84,423.737,19,2.1709,2,0.0389359
497,28196.1,1101.34,426.87,13,2.24316,2,0.0389148
498,8.45231e+06,9428.18,421.443,23,2.18652,2,0.0389831
499,300250,2823.83,431.878,18,2.77441,2,0.0461185
500,165394,2558.48,434.093,17,2.99512,2,0.0487705
501,164579,2576.29,434.638,17,3.18164,2,0.0525101
502,301528,2905.09,434.639,18,3.12402,2,0.0525198
503,2.14489e+06,5506.34,944.449,21,3.42969,3,0.05567
504,164824,3084.36,933.708,17,3.54395,3,0.0583156
505,300804,3556.91,935.531,18,3.57031,3,0.0581744
506,1.0956e+06,5525.16,946.193,20,3.65137,3,0.0572653
507,163699,3131.58,977.944,17,3.77148,3,0.0595119
508,298963,3734.65,962.849,18,3.76074,3,0.0569102
509,565487,4507.11,997.036,19,4.09863,3,0.0585625
510,299308,4787.51,982.131,18,4.09766,3,0.0615433
511,2.14838e+06,6423.14,973.593,21,3.93066,3,0.0589475
512,1.09137e+06,7346.41,1324.49,20,4.31641,4,0.0617321
513,8.45222e+06,14429.7,1002.23,23,4.16309,3,0.0606187
514,1.08937e+06,6383.8,998.128,20,4.31738,3,0.063836
515,1.09618e+06,5958.19,999.194,20,4.19238,3,0.0630412
516,8.45193e+06,16053.1,998.128,23,4.2793,3,0.0635825
517,4.24727e+06,14956.4,1771.04,22,4.95898,4,0.0698452
518,3.36242e+07,46538.5,1708.97,25,4.92578,4,0.0729209
519,4.25153e+06,13613,1693.6,22,4.7666,4,0.066374
520,4.24935e+06,18953.5,1783.71,22,5.19141,4,0.0708744
521,6.71852e+07,80912.4,2211.87,26,5.48535,5,0.0767297
522,8.45127e+06,54085.8,3484.36,23,6.34277,6,0.0873757
523,3.36282e+07,114578,2900.72,25,6.26074,5,0.0902883
524,8.45127e+06,67370.5,3861.83,23,6.45312,6,0.0927564
525,2.68523e+08,470962,3962.71,28,6.9248,6,0.0970353
526,1.68431e+07,121924,3906.66,24,6.83398,6,0.097211
527,8.4498e+06,49431.8,3782.6,23,6.49902,6,0.0947492
528,2.68521e+08,353615,3594.37,28,6.79297,6,0.0959401
529,2.68527e+08,422766,4196.4,28,7.34082,6,0.0981789
530,1.343e+08,298612,5213.58,27,7.55566,7,0.101246
531,1.68488e+07,124574,5196.23,24,7.66699,7,0.100497
532,3.36314e+07,163074,5406.59,25,7.79199,7,0.103084
533,1.34305e+08,446816,4155.95,27,7.55176,6,0.100228
534,2.68527e+08,539975,4016.86,28,7.2041,6,0.0967153
535,6.7185e+07,257511,4430.35,26,7.52539,7,0.0986705
536,6.71868e+07,290693,5143.71,26,7.71387,7,0.100927
537,3.36234e+07,145180,4134.93,25,7.16406,6,0.0966143
538,6.71834e+07,226924,5170.06,26,7.6123,7,0.102637
539,2.68528e+08,671507,4161.13,28,7.5752,6,0.101691
540,6.7179e+07,323551,4191.47,26,7.47656,6,0.101742
541,1.34307e+08,395306,4155.95,27,7.2002,6,0.0965604
542,1.34301e+08,336525,4708.09,27,7.47852,7,0.0999275
543,6.71884e+07,370034,5204.92,26,7.67871,7,0.104279
544,3.36275e+07,240670,4034.46,25,7.26953,6,0.102142
545,1.34303e+08,614151,4470.79,27,7.69531,7,0.103501
546,6.71848e+07,309875,5390.29,26,7.91602,7,0.106297
547,5.36969e+08,1.15409e+06,5307.39,29,7.8877,7,0.103735
548,1.34297e+08,536542,4191.47,27,7.65332,6,0.104256
549,1.34298e+08,336301,3912.98,27,7.22559,6,0.102686
550,5.36969e+08,797274,3861.83,29,7.24609,6,0.101572
551,6.71857e+07,341293,2845.8,26,6.97461,5,0.102768
552,6.71819e+07,289282,3363.11,26,6.92578,6,0.101694
553,1.34302e+08,492359,3861.83,27,7.43652,6,0.105407
554,2.1476e+09,3.3944e+06,3993.04,31,7.24316,6,0.104994
555,1.07384e+09,2.16341e+06,5510.07,30,8.33398,7,0.114064
556,6.71828e+07,539247,5579.09,26,8.02734,7,0.10845
557,1.343e+08,696186,5510.07,27,8.18457,7,0.109901
558,2.68525e+08,869134,5616.45,28,8.33496,7,0.110107
559,6.71782e+07,538577,5601.59,26,8.2959,7,0.107538
560,6.71913e+07,753913,5645.8,26,8.46973,7,0.111898
561,1.07384e+09,2.36372e+06,6099.79,30,8.68945,8,0.112674
562,5.36968e+08,2.41141e+06,6695.87,29,8.73633,8,0.111658
563,1.07385e+09,2.27334e+06,5751.36,30,8.72559,7,0.111536
564,2.68525e+08,1.66033e+06,5571.53,28,8.06934,7,0.105037
565,2.68528e+08,1.85937e+06,4570.79,28,7.82129,7,0.107862
566,5.36961e+08,1.63558e+06,5430.85,29,8.20508,7,0.110459
567,4.29508e+09,7.26121e+06,6594.41,32,8.7793,8,0.111816
568,5.36965e+08,2.78424e+06,5510.07,29,8.42969,7,0.111894
569,5.36962e+08,2.16558e+06,5517.84,29,8.18848,7,0.108373
570,2.1476e+09,3.76865e+06,5462.84,31,8.29395,7,0.109042
571,5.36969e+08,2.1052e+06,5357.41,29,7.97363,7,0.106927
572,1.07385e+09,1.9486e+06,5357.41,30,7.9248,7,0.106572
573,2.68525e+08,1.40771e+06,5764.86,28,8.61621,7,0.111646
574,5.36961e+08,2.66632e+06,6196.55,29,8.48438,8,0.109002
575,5.36972e+08,1.7931e+06,6718.19,29,8.49805,8,0.109568
576,8.59006e+09,9.43628e+06,5548.69,33,8.36133,7,0.109649
577,1.07385e+09,3.72243e+06,5398.45,30,8.2998,7,0.11113
578,1.07384e+09,1.72707e+06,4879.73,30,7.74805,7,0.106914
579,2.1476e+09,3.05466e+06,5315.79,31,8.32324,7,0.111097
580,4.29509e+09,5.54458e+06,5667.5,32,8.52539,7,0.111556
581,1.07384e+09,2.07066e+06,6374.81,30,8.54785,8,0.114755
582,5.36964e+08,2.44678e+06,4756.33,29,7.75195,7,0.108213
583,5.3697e+08,1.51713e+06,5324.16,29,8.02051,7,0.112928
584,8.59005e+09,1.57352e+07,4118.83,33,7.58301,6,0.107879
585,2.1476e+09,3.28794e+06,4171.38,31,7.73438,6,0.108358
586,5.36965e+08,1.29131e+06,3623.07,29,7.04492,6,0.105822
587,4.29507e+09,5.50691e+06,4649.65,32,7.96387,7,0.112105
588,1.07384e+09,2.84791e+06,4191.47,30,7.76367,6,0.11511
589,1.07385e+09,5.34714e+06,5382.11,30,8.20801,7,0.114864
590,5.36969e+08,2.14863e+06,3980.98,29,7.47559,6,0.110673
591,4.29508e+09,7.35888e+06,4074.61,32,7.78027,6,0.112614
592,5.36964e+08,2.02084e+06,2634.97,29,6.6377,5,0.106669
593,1.07385e+09,4.40687e+06,4171.38,30,8.0625,6,0.115141
594,1.718e+10,2.3945e+07,6882.78,34,8.9082,8,0.123093
595,1.07384e+09,5.23365e+06,5744.56,30,8.5166,7,0.117844
596,1.37439e+11,1.4085e+08,5784.84,37,8.68457,7,0.116352
597,4.29508e+09,7.95372e+06,4129.59,32,7.85254,6,0.112943
598,1.07384e+09,5.28401e+06,4450.6,30,7.78809,7,0.114973
599,8.59006e+09,1.2267e+07,5422.79,33,8.01953,7,0.114066
600,2.1476e+09,6.98126e+06,7226.23,31,8.57129,8,0.115428
601,2.14759e+09,5.98062e+06,5601.59,31,8.56152,7,0.114016
602,2.14759e+09,4.59672e+06,6904.35,31,8.65918,8,0.116144
603,2.1476e+09,1.17607e+07,7344.08,31,8.91406,8,0.1198
604,8.59006e+09,1.39827e+07,7155.67,33,9.06738,8,0.120304
605,4.29508e+09,9.1611e+06,9148.78,32,9.58301,9,0.126094
606,2.14759e+09,1.03419e+07,7429.74,31,9.2666,8,0.119676
607,4.29508e+09,1.28209e+07,7410.92,32,9.3418,8,0.119332
608,8.59006e+09,1.64338e+07,7816.63,33,9.27637,8,0.118412
609,5.3696e+08,2.50144e+06,5730.85,29,8.45117,7,0.112103
610,2.14759e+09,4.67704e+06,6315.86,31,8.66406,8,0.114757
611,2.14759e+09,6.95063e+06,5667.5,31,8.6377,7,0.11599
612,4.29508e+09,1.29122e+07,7125.03,32,8.97461,8,0.11601
613,8.59005e+09,2.65893e+07,9047.37,33,9.86914,9,0.122893
614,2.1476e+09,6.70101e+06,7125.03,31,8.88965,8,0.117576
615,4.29508e+09,1.27976e+07,7628.26,32,9.35938,8,0.120351
616,8.59006e+09,2.03177e+07,6220.56,33,9.00781,8,0.118221
617,8.59006e+09,2.23082e+07,7512.9,33,9.60059,8,0.122513
618,4.29509e+09,2.08585e+07,9161.33,32,9.86621,9,0.12806
619,1.718e+10,3.10054e+07,7602.16,34,9.27441,8,0.122524
620,3.43599e+10,4.30948e+07,9839.49,35,10.3467,9,0.128374
621,2.14759e+09,7.64911e+06,9785.33,31,9.9209,9,0.124065
622,6.87196e+10,7.96126e+07,9358.56,36,10.165,9,0.126449
623,4.29508e+09,2.34364e+07,8918.33,32,9.91895,9,0.125549
624,6.87196e+10,7.53713e+07,9860.89,36,9.8877,9,0.122641
625,1.07385e+09,5.89858e+06,9454.45,30,10.167,9,0.126865
626,8.59006e+09,3.13654e+07,7965.79,33,9.66016,9,0.126127
627,4.29508e+09,9.97907e+06,7662.54,32,9.4043,8,0.121924
628,1.07384e+09,6.9805e+06,9466.31,30,9.91113,9,0.125887
629,1.07385e+09,8.56638e+06,9047.37,30,9.58398,9,0.120795
630,1.718e+10,4.05445e+07,8530.59,34,9.63965,9,0.123202
631,1.718e+10,3.77927e+07,12127.6,34,10.8545,10,0.135023
632,8.59006e+09,3.36312e+07,9285.43,33,10.0205,9,0.127286
633,2.1476e+09,7.12431e+06,9817.93,31,10.3018,9,0.130688
634,2.14759e+09,1.07488e+07,9430.66,31,10.0195,9,0.127003
635,1.07384e+09,6.6713e+06,8826.53,30,9.77539,9,0.127186
636,4.29509e+09,1.32227e+07,9223.72,32,10.1904,9,0.131395
637,8.59006e+09,1.29231e+07,7372.91,33,9.26562,8,0.122501
638,4.29508e+09,1.02768e+07,8944.33,32,9.80469,9,0.121954
639,2.74878e+11,2.79926e+08,9955.32,38,10.0996,9,0.122449
640,1.07383e+09,5.76283e+06,6925.82,30,9.04883,8,0.118587
641,4.29509e+09,1.15469e+07,6684.68,32,8.87012,8,0.114854
642,1.718e+10,2.58485e+07,5579.09,34,8.70898,7,0.116033
643,4.29508e+09,1.48182e+07,9072.88,32,9.62793,9,0.122512
644,4.29508e+09,1.62286e+07,7566.87,32,9.74414,8,0.126935
645,1.718e+10,3.13528e+07,7540.04,34,9.80859,8,0.124888
646,6.87196e+10,1.16331e+08,9839.49,36,10.2637,9,0.131767
647,2.74878e+11,3.91794e+08,12099.5,38,10.8525,10,0.136934
648,1.718e+10,4.21329e+07,15600.3,34,11.7783,11,0.142838
649,6.87196e+10,1.65759e+08,14539.8,36,11.3838,11,0.140988
650,1.718e+10,5.32871e+07,16142.6,34,11.7764,11,0.147836
651,8.59006e+09,4.96702e+07,12960.2,33,11.4404,11,0.144974
652,1.718e+10,6.59075e+07,14824.4,34,11.6299,11,0.145409
653,1.718e+10,7.62139e+07,12400.9,34,11.3535,10,0.142216
654,1.718e+10,6.48791e+07,14998.5,34,11.6377,11,0.144342
655,1.718e+10,8.16957e+07,15616.4,34,12.0322,11,0.148601
656,1.718e+10,6.22746e+07,15271.1,34,11.6543,11,0.145148
657,1.37439e+11,2.42608e+08,15033,37,11.7852,11,0.146843
658,1.37439e+11,2.20203e+08,15648.5,37,12.0488,11,0.151857
659,2.74878e+11,3.37156e+08,15728.2,38,12.0967,11,0.148466
660,6.87196e+10,2.70736e+08,19489.7,36,12.2451,12,0.151686
661,3.43599e+10,1.04214e+08,12467.1,35,11.2637,10,0.142362
662,2.74878e+11,4.04372e+08,15033,38,11.752,11,0.148316
663,2.74878e+11,3.81645e+08,13453,38,11.502,11,0.146697
664,3.43599e+10,9.77729e+07,11928.5,35,10.7646,10,0.139631
665,1.718e+10,1.01399e+08,11359.7,34,10.6543,10,0.14013
666,4.29508e+09,3.57588e+07,11077.1,32,10.6484,10,0.13805
667,8.59005e+09,4.89497e+07,7654.03,33,10.1104,8,0.136435
668,1.09951e+12,1.14834e+09,11899.6,40,11.0312,10,0.139955
669,1.37439e+11,3.13069e+08,9394.74,37,10.668,9,0.140826
670,2.74878e+11,4.7302e+08,9442.57,38,10.6484,9,0.143641
671,5.49756e+11,8.6245e+08,12211,39,11.0918,10,0.144004
672,1.37439e+11,2.15888e+08,11971.7,37,10.9932,10,0.143662
673,1.718e+10,7.33159e+07,10555.5,34,10.7129,10,0.13864
674,2.74878e+11,3.7367e+08,12000.3,38,11.1211,10,0.140799
675,6.87196e+10,1.34905e+08,11498,36,11.0762,10,0.13864
676,6.87196e+10,1.73929e+08,12057.2,36,11.083,10,0.138683
677,1.37439e+11,2.02598e+08,11812.1,37,11.082,10,0.136321
678,3.43599e+10,9.20092e+07,9892.72,35,10.6904,9,0.131251
679,8.79609e+12,8.77526e+09,9617.6,43,11.0908,9,0.1348
680,3.43599e+10,1.6079e+08,11870.6,35,11.333,10,0.141187
681,3.43599e+10,7.86121e+07,9892.72,35,10.8076,9,0.135131
682,1.718e+10,5.95154e+07,8266.41,34,10.2275,9,0.130012
683,4.29509e+09,2.66219e+07,7549.02,32,9.96484,8,0.125945
684,2.74878e+11,3.15798e+08,5744.56,38,9.62402,7,0.122342
685,6.87196e+10,1.42578e+08,7420.35,36,9.99707,8,0.13071
686,1.37439e+11,2.63158e+08,9297.69,37,10.6367,9,0.138905
687,1.37439e+11,2.36386e+08,6893.58,37,9.84375,8,0.133634
688,3.43599e+10,1.30747e+08,9334.3,35,10.75,9,0.139021
689,5.49756e+11,5.9988e+08,12141.5,39,11.2832,10,0.141875
690,2.74878e+11,4.82045e+08,11344.3,38,11.252,10,0.144513
691,3.43599e+10,1.52872e+08,7439.11,35,10.3164,8,0.138497
692,1.718e+10,6.64675e+07,7429.74,34,10.4424,8,0.135731
693,6.87196e+10,1.83943e+08,11375.2,36,11.0801,10,0.140889
694,3.43599e+10,1.0443e+08,5810.94,35,9.95898,7,0.128285
695,1.718e+10,1.19276e+08,10046.2,34,11.1396,10,0.142047
696,1.37439e+11,2.67229e+08,12057.2,37,11.1924,10,0.140856
697,1.718e+10,6.92187e+07,7031.77,34,10.127,8,0.131509
698,6.87196e+10,1.2528e+08,8996.05,36,10.5986,9,0.136026
699,1.718e+10,4.92388e+07,7721.05,34,10.1211,8,0.128542
700,1.37439e+11,2.38529e+08,9161.33,37,10.5879,9,0.133752
701,1.37439e+11,2.70579e+08,12183.3,37,11.4385,10,0.135972
702,1.37439e+11,1.90839e+08,9685.61,37,10.9727,9,0.134749
703,8.59006e+09,3.19574e+07,12085.4,33,11.0771,10,0.133846
704,8.59006e+09,3.85438e+07,9571.62,33,10.6006,9,0.131662
705,3.43599e+10,1.2549e+08,12197.1,35,11.1592,10,0.135612
706,6.87196e+10,1.44717e+08,11649.1,36,10.9785,10,0.132047
707,1.718e+10,9.75758e+07,11977.3,34,11.4775,11,0.141206
708,6.87196e+10,2.03123e+08,11782.8,36,11.3535,10,0.13969
709,3.43599e+10,8.20719e+07,11885.1,35,10.9873,10,0.134423
710,3.43599e+10,1.60296e+08,9525.12,35,11.0254,9,0.135918
711,2.74878e+11,4.21863e+08,12414.2,38,11.6807,10,0.142067
712,1.718e+10,7.23374e+07,15535.5,34,11.8789,11,0.142393
713,6.87196e+10,1.85176e+08,15371.2,36,11.6875,11,0.139977
714,1.718e+10,1.03942e+08,15664.6,34,12.166,11,0.142218
715,3.43599e+10,1.04461e+08,11528.4,35,11.1172,10,0.137055
716,1.37439e+11,2.53538e+08,12155.5,37,11.4756,10,0.138871
717,1.718e+10,7.43712e+07,15135.8,34,11.8906,11,0.142432
718,1.37439e+11,2.79934e+08,12427.5,37,11.7432,10,0.140018
719,1.718e+10,8.77575e+07,9285.43,34,10.5195,9,0.131134
720,3.43599e+10,9.2808e+07,12224.8,35,11.4785,10,0.138038
721,3.43599e+10,1.19019e+08,14467.6,35,11.5898,11,0.139277
722,2.74878e+11,3.26494e+08,11797.5,38,11.0869,10,0.137372
723,1.37439e+11,2.2392e+08,12211,37,11.2637,10,0.136906
724,3.43599e+10,1.46155e+08,12306.8,35,11.6592,10,0.14001
725,1.718e+10,7.09308e+07,12360.8,34,11.6963,10,0.141097
726,2.74878e+11,3.66014e+08,15437.3,38,12.0312,11,0.142755
727,1.37439e+11,2.21442e+08,20514,37,12.7676,12,0.151684
728,2.74878e+11,5.24763e+08,16022.8,38,12.3838,11,0.142269
729,6.87196e+10,2.43096e+08,17410.7,36,12.4219,12,0.145251
730,1.37439e+11,3.46403e+08,19764.6,37,12.7637,12,0.150367
731,1.37439e+11,5.49167e+08,19489.7,37,12.7812,12,0.147801
732,1.718e+10,9.24048e+07,15791.4,34,11.9785,11,0.140571
733,1.718e+10,1.30866e+08,19568.9,34,12.6338,12,0.145908
734,6.87196e+10,1.41331e+08,15568,36,12.3203,11,0.145683
735,3.43599e+10,1.13603e+08,15502.9,35,11.8447,11,0.136212
736,5.49756e+11,7.94305e+08,15135.8,39,11.7373,11,0.13676
737,1.37439e+11,2.55255e+08,15387.8,37,11.9248,11,0.136851
738,6.87196e+10,2.23212e+08,16098,36,12.4873,11,0.146447
739,1.718e+10,1.02221e+08,15271.1,34,11.9131,11,0.140596
740,5.49756e+11,7.56774e+08,15977.2,39,12.4023,11,0.146542
741,3.43599e+10,1.1473e+08,12374.2,35,11.5625,10,0.13628
742,2.74878e+11,4.52645e+08,12360.8,38,11.3838,10,0.137699
743,1.718e+10,8.42654e+07,10916.6,34,10.8291,10,0.133152
744,3.43599e+10,1.29697e+08,11693.9,35,11.2529,10,0.136906
745,1.37439e+11,3.89063e+08,15084.5,37,11.8535,11,0.141471
746,1.37439e+11,2.70395e+08,11957.3,37,11.3242,10,0.136664
747,1.37439e+11,3.26708e+08,15135.8,37,11.9189,11,0.142777
748,1.718e+10,5.71925e+07,19706.2,34,12.3936,12,0.147147
749,3.43599e+10,1.36221e+08,20585.7,35,12.8398,12,0.153261
750,1.718e+10,5.01161e+07,19995.2,34,12.4971,12,0.151714
751,6.87196e+10,1.23524e+08,15728.2,36,12.252,11,0.146924
752,5.49756e+11,6.29036e+08,20165,39,12.7803,12,0.15253
753,5.49756e+11,6.12336e+08,27024.8,39,13.5957,13,0.157615
754,3.43599e+10,1.00389e+08,26525,35,13.4873,13,0.155167
755,8.59006e+09,7.16324e+07,25915.9,33,13.1641,13,0.152482
756,1.718e+10,9.20407e+07,24162.3,34,13.0703,13,0.152812
757,6.87196e+10,1.56621e+08,19861.3,36,12.543,12,0.147918
758,6.87196e+10,1.80311e+08,19957.1,36,12.5723,12,0.147769
759,6.87196e+10,2.0996e+08,15033,36,11.748,11,0.146403
760,2.19902e+12,2.21492e+09,14998.5,41,11.8857,11,0.148534
761,3.43599e+10,2.17286e+08,18566.8,35,12.4375,12,0.147523
762,1.718e+10,8.96733e+07,18545.6,34,12.4746,12,0.15016
763,3.43599e+10,1.30536e+08,17048.4,35,12.2764,12,0.148793
764,2.74878e+11,3.77231e+08,18963.5,38,12.2227,12,0.14605
765,1.37439e+11,1.99868e+08,15254.3,37,11.7852,11,0.144997
766,2.74878e+11,4.11773e+08,15616.4,38,12.0635,11,0.14496
767,1.718e+10,9.77674e+07,12440.7,34,11.5586,10,0.144276
768,8.59006e+09,7.06904e+07,12333.8,33,11.3506,10,0.139737
769,6.87196e+10,1.23715e+08,12807.9,36,11.6289,10,0.143357
770,3.43599e+10,9.11418e+07,13950.4,35,11.7461,11,0.141947
771,3.43599e+10,1.02695e+08,18984.1,35,12.1299,12,0.144331
772,3.43599e+10,7.93452e+07,14394.9,35,11.5303,11,0.13883
773,1.37439e+11,2.64768e+08,9454.45,37,10.7891,9,0.12978
774,6.87196e+10,1.25996e+08,15992.4,36,12.0381,11,0.144094
775,1.37439e+11,3.00675e+08,12799.6,37,11.5713,11,0.138341
776,6.87196e+10,1.35328e+08,14503.8,36,11.3174,11,0.137132
777,4.29509e+09,3.89713e+07,12558.2,32,11.2061,10,0.142251
778,2.74878e+11,6.41727e+08,12480.2,38,11.3545,10,0.139117
779,6.87196e+10,1.7156e+08,9536.79,36,10.8057,9,0.133156
780,8.59005e+09,5.22209e+07,11942.9,33,10.959,10,0.136567
781,6.87196e+10,1.87414e+08,11528.4,36,10.9941,10,0.137531
782,1.718e+10,4.08009e+07,9606.16,34,10.7725,9,0.13022
783,3.43599e+10,7.63888e+07,9708.01,35,10.3701,9,0.130663
784,6.87196e+10,1.59028e+08,11971.7,36,11.1846,10,0.137025
785,8.59006e+09,7.493e+07,11928.5,33,11.1143,10,0.137954
786,1.718e+10,9.29593e+07,11589,34,11.0596,10,0.133807
787,6.87196e+10,1.50157e+08,12183.3,36,11.1709,10,0.133131
788,1.37439e+11,3.46961e+08,12480.2,37,11.5615,10,0.137023
789,5.49756e+11,8.7722e+08,15807,39,11.877,11,0.139972
790,2.74878e+11,3.533e+08,15271.1,38,11.7061,11,0.140742
791,1.37439e+11,2.80937e+08,15992.4,37,12.209,11,0.142432
792,1.37439e+11,3.85335e+08,16513.1,37,12.3721,11,0.143023
793,2.74878e+11,7.20027e+08,12783.6,38,11.793,10,0.138644
794,6.87196e+10,2.58476e+08,13336,36,11.8848,11,0.141071
795,6.87196e+10,2.11378e+08,9882.15,36,11.2471,9,0.133447
796,3.43599e+10,1.43682e+08,14894.4,35,11.9404,11,0.139011
797,1.37439e+11,3.25523e+08,12734.7,37,11.8721,10,0.138774
798,1.37439e+11,2.04141e+08,14575.8,37,11.7363,11,0.13719
799,1.718e+10,1.34557e+08,19309.8,34,12.623,12,0.14394
800,5.49756e+11,7.51064e+08,20441.6,39,12.7832,12,0.1455
801,1.718e+10,1.01269e+08,19208.8,34,12.5078,12,0.146746
802,6.87196e+10,2.00944e+08,15254.3,36,11.9033,11,0.141556
803,8.59005e+09,6.67766e+07,9339.24,33,10.6602,10,0.131031
804,2.74878e+11,4.72936e+08,15050.2,38,11.7275,11,0.141279
805,2.19902e+12,2.36887e+09,12113.5,41,11.6797,10,0.143
806,3.43599e+10,1.30243e+08,9161.33,35,10.958,9,0.136832
807,1.37439e+11,2.72914e+08,10638.5,37,11.1299,10,0.137319
808,3.43599e+10,1.56069e+08,14753.9,35,11.7109,11,0.139672
809,6.87196e+10,3.04656e+08,12224.8,36,11.6904,10,0.136786
810,2.74878e+11,4.7459e+08,12306.8,38,11.7236,10,0.138284
811,6.87196e+10,1.73207e+08,26525,36,13.1738,13,0.150827
812,6.87196e+10,2.60927e+08,20459.8,36,12.9775,12,0.148625
813,1.09951e+12,1.21878e+09,20089.9,40,12.7109,12,0.147779
814,1.718e+10,1.23251e+08,20621.4,34,13.0264,12,0.150062
815,5.49756e+11,9.13491e+08,26722.7,39,13.2344,13,0.150811
816,2.74878e+11,4.56334e+08,26279.7,38,13.1396,13,0.149145
817,1.37439e+11,3.75168e+08,26679,37,13.3145,13,0.150754
818,1.718e+10,1.24636e+08,20165,34,12.6133,12,0.144403
819,1.718e+10,1.49541e+08,20495.9,34,12.834,12,0.147473
820,6.87196e+10,2.11344e+08,20258.1,36,12.5303,12,0.146028
821,6.87196e+10,2.55492e+08,19957.1,36,12.8545,12,0.14759
822,1.37439e+11,3.90554e+08,19995.2,37,12.4629,12,0.142511
823,6.87196e+10,1.82452e+08,15977.2,36,12.3115,11,0.140539
824,3.43599e+10,1.24258e+08,16458.1,35,12.3906,11,0.145539
825,1.37439e+11,4.0552e+08,19938,37,12.6445,12,0.145956
826,1.718e+10,1.31534e+08,26369.3,34,13.1328,13,0.151367
827,2.19902e+12,3.49855e+09,27236.3,41,13.1514,13,0.149639
828,2.74878e+11,4.35586e+08,37656.2,38,13.8779,14,0.155761
829,3.43599e+10,1.5748e+08,27088.6,35,13.3428,13,0.150845
830,6.87196e+10,1.63405e+08,26324.5,36,12.9863,13,0.147626
831,3.43599e+10,8.84551e+07,20831.9,35,12.6553,12,0.143527
832,3.43599e+10,8.52026e+07,27340.6,35,13.124,13,0.146647
833,1.718e+10,1.02998e+08,27003.5,34,13.1299,13,0.149002
834,6.87196e+10,2.91739e+08,20935,36,12.8926,12,0.145463
835,6.87196e+10,2.13808e+08,20935,36,12.9277,12,0.14739
836,1.37439e+11,3.70214e+08,20165,37,12.6533,12,0.143523
837,6.87196e+10,2.39212e+08,26391.7,36,13.2734,13,0.149842
838,1.37439e+11,2.15641e+08,37152.7,37,13.4199,14,0.152685
839,3.43599e+10,2.17343e+08,38337.8,35,13.7646,14,0.153993
840,2.74878e+11,3.54679e+08,27319.8,38,13.3857,13,0.150508
841,6.87196e+10,2.3002e+08,57111.9,36,14.1602,15,0.160246
842,5.49756e+11,8.96437e+08,39035,39,14.0869,14,0.157645
843,1.37439e+11,2.76655e+08,37229,37,13.4639,14,0.153768
844,1.37439e+11,2.48638e+08,38145.9,37,13.4893,14,0.153552
845,3.43599e+10,1.52028e+08,35919.4,35,13.3535,14,0.152682
846,1.37439e+11,3.36065e+08,37279.8,37,13.2871,14,0.153588
847,3.43599e+10,1.27413e+08,20405.2,35,12.6045,12,0.145873
848,2.74878e+11,4.14635e+08,25938.9,38,12.6582,13,0.144865
849,2.74878e+11,5.80231e+08,27003.5,38,13.0352,13,0.147851
850,1.718e+10,1.44019e+08,20350.3,34,12.4961,12,0.144984
851,6.87196e+10,2.11743e+08,20639.1,36,12.584,12,0.144815
852,6.87196e+10,1.88975e+08,26982.1,36,12.7695,13,0.147091
853,1.37439e+11,3.22695e+08,26547.1,37,13.0576,13,0.148397
854,1.37439e+11,2.45221e+08,19686.7,37,12.2822,12,0.139958
855,2.19902e+12,2.32535e+09,25892.9,41,12.9092,13,0.146112
856,3.43599e+10,2.05365e+08,55681.6,35,14.2881,15,0.160934
857,1.718e+10,1.13822e+08,25915.9,34,12.6611,13,0.142658
858,6.87196e+10,2.52882e+08,27587.1,36,13.1562,13,0.147825
859,6.87196e+10,2.90465e+08,38121.8,36,13.7178,14,0.152944
860,6.87196e+10,1.35445e+08,20477.9,36,12.5127,12,0.141148
861,6.87196e+10,2.06622e+08,39012.3,36,14.0527,14,0.158028
862,1.37439e+11,2.38403e+08,26458.5,37,13.0322,13,0.146576
863,1.718e+10,1.12813e+08,28271.6,34,13.4424,13,0.152782
864,3.43599e+10,2.61986e+08,28290.3,35,13.7295,13,0.153426
865,2.74878e+11,7.30008e+08,27587.1,38,13.4658,13,0.151693
866,1.718e+10,1.79737e+08,28081.5,34,13.3164,13,0.147938
867,1.37439e+11,4.66312e+08,26853,37,13.2773,13,0.148601
868,1.718e+10,1.36983e+08,27046.1,34,13.0342,13,0.146042
869,1.37439e+11,3.235e+08,27867.3,37,13.2705,13,0.150082
870,6.87196e+10,2.6521e+08,38898.4,36,13.8574,14,0.155735
871,2.74878e+11,6.39955e+08,27607.3,38,13.5908,13,0.149012
872,1.718e+10,1.54125e+08,36293.8,34,13.7451,14,0.154109
873,6.87196e+10,3.00393e+08,56263.6,36,14.5498,15,0.160811
874,3.43599e+10,2.95754e+08,27647.8,35,13.5986,13,0.152024
875,5.49756e+11,1.03184e+09,36662.3,39,13.7412,14,0.153476
876,1.37439e+11,6.18549e+08,39629.8,37,14.4141,14,0.161972
877,5.49756e+11,1.03747e+09,39012.3,39,14.4121,14,0.163465
878,2.74878e+11,8.54861e+08,37506.5,38,13.8574,14,0.158488
879,1.37439e+11,7.02116e+08,56492.8,37,14.4326,15,0.162928
880,5.49756e+11,8.75478e+08,34875.6,39,13.8389,14,0.156692
881,1.37439e+11,3.91084e+08,37878.3,37,13.8818,14,0.160677
882,1.37439e+11,3.76383e+08,26831.4,37,13.3203,13,0.156806
883,6.87196e+10,4.20548e+08,20532,36,12.7051,12,0.150478
884,6.87196e+10,4.08238e+08,24011.8,36,13.2002,13,0.153984
885,1.37439e+11,3.14852e+08,20368.6,37,12.8682,12,0.149929
886,6.87196e+10,2.5503e+08,38290,36,13.5527,14,0.154019
887,2.74878e+11,4.91748e+08,38097.6,38,13.7402,14,0.155126
888,2.74878e+11,1.091e+09,58087.5,38,14.9414,15,0.169381
889,6.87196e+10,3.43302e+08,56090.3,36,14.3408,15,0.165508
890,6.87196e+10,4.48023e+08,57028.4,36,14.3115,15,0.166086
891,6.87196e+10,4.90387e+08,57686.9,36,14.6133,15,0.166344
892,1.37439e+11,4.39333e+08,57524.2,37,14.499,15,0.164716
893,6.87196e+10,3.68844e+08,21283.1,36,13.0312,12,0.148595
894,1.37439e+11,4.51361e+08,39413.4,37,14.0791,14,0.160626
895,3.43599e+10,2.95328e+08,57305.3,35,14.5986,15,0.165612
896,6.87196e+10,3.49939e+08,38574.1,36,14.0186,14,0.160378
897,5.49756e+11,1.26573e+09,39325.5,39,13.7734,14,0.156692
898,1.37439e+11,4.54832e+08,38409.1,37,13.9473,14,0.159212
899,2.19902e+12,2.41893e+09,38385.3,41,13.8672,14,0.158721
900,2.74878e+11,1.18824e+09,55474.9,38,14.583,15,0.163056
901,5.49756e+11,1.10023e+09,37606.4,39,14.1377,14,0.161029
902,6.87196e+10,3.91598e+08,56148.2,36,14.5146,15,0.161556
903,2.74878e+11,1.08689e+09,58297.5,38,14.5918,15,0.161748
904,5.49756e+11,1.19921e+09,57954.9,39,14.8682,15,0.165751
905,1.37439e+11,9.16022e+08,59209.4,37,15.2393,15,0.16908
906,2.74878e+11,7.44351e+08,57901.6,38,14.5986,15,0.164214
907,1.37439e+11,7.34883e+08,94437.2,37,15.3105,16,0.170037
908,2.74878e+11,6.70007e+08,93424,38,15.1553,16,0.169405
909,5.49756e+11,1.11282e+09,161254,39,15.9307,17,0.176816
910,1.37439e+11,5.0882e+08,59713.9,37,15.1602,15,0.171434
911,1.09951e+12,1.80976e+09,161635,40,15.8555,17,0.177618
912,4.39805e+12,9.71653e+09,299136,42,17.1396,18,0.191954
913,5.49756e+11,1.86475e+09,298152,39,16.7559,18,0.184746
914,2.19902e+12,3.21514e+09,163731,41,16.2705,17,0.179694
915,6.87196e+10,6.74111e+08,301279,36,17.2783,18,0.188954
916,5.49756e+11,1.3317e+09,300018,39,16.9082,18,0.18784
917,2.74878e+11,8.99498e+08,163859,38,16.1025,17,0.179067
918,2.74878e+11,9.97091e+08,94025.5,38,15.3906,16,0.17114
919,1.37439e+11,7.89456e+08,94437.2,37,15.8477,16,0.17514
920,6.87196e+10,4.76778e+08,163763,36,16.2627,17,0.181074
921,2.74878e+11,1.01956e+09,163148,38,16.1211,17,0.179681
922,2.74878e+11,1.21628e+09,94378.9,38,15.8887,16,0.180532
923,2.74878e+11,1.0788e+09,162114,38,16.5391,17,0.183722
924,5.49756e+11,1.15813e+09,162852,39,15.8838,17,0.179037
925,5.49756e+11,1.10252e+09,164915,39,15.958,17,0.176074
926,2.74878e+11,1.04547e+09,93995.8,38,15.4551,16,0.172027
927,1.75922e+13,1.79146e+10,163311,44,16.2881,17,0.179241
928,5.49756e+11,1.31678e+09,563750,39,17.1113,19,0.189177
929,1.09951e+12,2.07277e+09,563071,40,17.1562,19,0.189977
930,4.39805e+12,5.26157e+09,299885,42,16.7695,18,0.186112
931,1.37439e+11,1.07643e+09,298859,37,16.7324,18,0.18409
932,1.37439e+11,1.02271e+09,301185,37,16.9463,18,0.188871
933,2.74878e+11,1.03266e+09,296766,38,16.3486,18,0.1817
934,5.49756e+11,1.42679e+09,565674,39,17.4629,19,0.196555
935,5.49756e+11,1.41616e+09,299343,39,16.666,18,0.186213
936,1.75922e+13,1.86505e+10,298508,44,16.8154,18,0.186876
937,1.09951e+12,2.13938e+09,162552,40,16.0107,17,0.178161
938,4.39805e+12,7.75962e+09,297793,42,16.6602,18,0.185446
939,1.09951e+12,2.67477e+09,1.09317e+06,40,18.1377,20,0.203629
940,5.49756e+11,1.33801e+09,557849,39,17.2861,19,0.194207
941,5.49756e+11,2.50325e+09,2.14475e+06,39,18.7285,21,0.211761
942,2.19902e+12,3.69847e+09,2.13999e+06,41,18.1865,21,0.210218
943,1.37439e+11,1.16477e+09,1.09241e+06,37,17.8203,20,0.202991
944,2.74878e+11,1.23464e+09,1.09481e+06,38,18.123,20,0.202934
945,1.09951e+12,2.8826e+09,567060,40,17.6133,19,0.200688
946,1.75922e+13,1.99517e+10,2.14554e+06,44,18.7051,21,0.212408
947,1.09951e+12,3.39112e+09,566083,40,17.9648,19,0.204609
948,1.09951e+12,2.36417e+09,566666,40,17.7871,19,0.20543
949,2.74878e+11,1.03231e+09,1.09163e+06,38,17.6436,20,0.201845
950,2.19902e+12,3.57546e+09,566449,41,17.501,19,0.203229
951,6.87196e+10,7.32918e+08,1.09296e+06,36,17.8896,20,0.209573
952,1.37439e+11,6.96683e+08,2.13979e+06,37,18.3193,21,0.213983
953,5.49756e+11,2.80162e+09,1.09027e+06,39,17.8877,20,0.205867
954,1.37439e+11,8.44284e+08,1.09224e+06,37,17.9775,20,0.210164
955,8.79609e+12,9.49456e+09,1.09163e+06,43,17.542,20,0.205402
956,1.09951e+12,3.7713e+09,8.44231e+06,40,19.9902,23,0.228679
957,5.49756e+11,2.02816e+09,2.14738e+06,39,18.9775,21,0.217506
958,5.49756e+11,3.09723e+09,2.14193e+06,39,18.4961,21,0.21265
959,8.79609e+12,1.21926e+10,1.09172e+06,43,18.1328,20,0.209697
960,2.74878e+11,2.28273e+09,1.08724e+06,38,17.9629,20,0.208582
961,2.74878e+11,1.46654e+09,1.09155e+06,38,18.1523,20,0.210427
962,5.49756e+11,2.59808e+09,2.13856e+06,39,18.375,21,0.215313
963,2.19902e+12,5.75189e+09,1.09404e+06,41,18.1787,20,0.211885
964,2.19902e+12,6.08013e+09,2.14703e+06,41,19.0488,21,0.217099
965,2.19902e+12,3.66251e+09,1.09287e+06,41,18.0596,20,0.210269
966,2.19902e+12,4.07177e+09,1.0895e+06,41,18.2354,20,0.210841
967,4.39805e+12,1.03907e+10,1.09241e+06,42,18.1289,20,0.213038
968,2.19902e+12,7.15576e+09,2.14357e+06,41,18.4297,21,0.216401
969,2.19902e+12,4.55277e+09,2.14707e+06,41,19.3682,21,0.223014
970,1.75922e+13,3.63872e+10,1.09338e+06,44,18.7275,20,0.217764
971,1.09951e+12,5.51336e+09,8.4456e+06,40,19.875,23,0.232967
972,4.39805e+12,9.23401e+09,4.24702e+06,42,19.4229,22,0.226529
973,1.09951e+12,6.106e+09,8.44571e+06,40,19.7305,23,0.232903
974,8.79609e+12,1.43435e+10,4.24407e+06,43,19.1943,22,0.227156
975,1.09951e+12,7.08294e+09,2.14645e+06,40,18.751,21,0.220729
976,1.75922e+13,2.16557e+10,4.24737e+06,44,19.0518,22,0.22216
977,2.19902e+12,7.06568e+09,4.24815e+06,41,19.3008,22,0.229139
978,2.19902e+12,8.12586e+09,2.14698e+06,41,19.3662,21,0.230036
979,5.49756e+11,4.17189e+09,4.24796e+06,39,19.7314,22,0.229712
980,1.09951e+12,3.88919e+09,2.1483e+06,40,19.0215,21,0.224663
981,1.09951e+12,6.30031e+09,1.09493e+06,40,19.0254,20,0.224665
982,8.79609e+12,1.4971e+10,4.24632e+06,43,19.2793,22,0.226295
983,5.49756e+11,3.90664e+09,4.2481e+06,39,19.5977,22,0.231447
984,2.19902e+12,8.65209e+09,2.14577e+06,41,18.9648,21,0.222482
985,5.49756e+11,4.49419e+09,4.24987e+06,39,19.4473,22,0.228418
986,4.39805e+12,1.5298e+10,2.14144e+06,42,18.7852,21,0.219897
987,5.49756e+11,3.39411e+09,2.14489e+06,39,18.7432,21,0.220075
988,8.79609e+12,3.14005e+10,4.24864e+06,43,19.6738,22,0.233967
989,2.19902e+12,9.45173e+09,4.24732e+06,41,19.5488,22,0.234023
990,1.09951e+12,6.07125e+09,4.24531e+06,40,19.0371,22,0.226578
991,2.19902e+12,8.06742e+09,2.14266e+06,41,18.6133,21,0.221529
992,8.79609e+12,1.2926e+10,1.09367e+06,43,18.4199,20,0.218455
993,4.39805e+12,1.23937e+10,2.1439e+06,42,18.9834,21,0.226406
994,5.49756e+11,4.21331e+09,564338,39,17.7783,19,0.213599
995,1.09951e+12,6.12668e+09,2.14433e+06,40,18.583,21,0.220559
996,4.39805e+12,6.78181e+09,2.14475e+06,42,18.54,21,0.223015
997,8.79609e+12,1.66754e+10,2.14549e+06,43,18.3848,21,0.222846
998,4.39805e+12,8.61173e+09,2.14572e+06,42,18.917,21,0.228798
999,8.79609e+12,2.40019e+10,1.09371e+06,43,18.4766,20,0.230325
1000,8.79609e+12,1.44344e+10,2.14911e+06,43,18.7197,21,0.233619
1001,2.19902e+12,9.59088e+09,4.24567e+06,41,19.0996,22,0.23831
1002,1.75922e+13,2.23303e+10,1.09383e+06,44,18.6104,20,0.231399
1003,2.19902e+12,1.23405e+10,4.2418e+06,41,19.749,22,0.246321
1004,4.39805e+12,1.00918e+10,8.43974e+06,42,19.7363,23,0.24275
1005,8.79609e+12,1.41108e+10,1.09481e+06,43,18.1523,20,0.230204
1006,4.39805e+12,1.11042e+10,8.44582e+06,42,20.166,23,0.251345
1007,1.75922e+13,2.61726e+10,8.44656e+06,44,20.0898,23,0.247167
1008,8.79609e+12,1.74054e+10,4.24297e+06,43,18.7646,22,0.240021
1009,4.39805e+12,1.55029e+10,2.14721e+06,42,18.8633,21,0.240745
1010,2.81475e+14,2.85665e+11,4.24541e+06,48,19.3184,22,0.244416
1011,1.09951e+12,9.16445e+09,4.2448e+06,40,19.9336,22,0.245352
1012,2.19902e+12,6.77646e+09,1.09304e+06,41,18.6006,20,0.235132
1013,2.19902e+12,7.54206e+09,4.24582e+06,41,19.5381,22,0.243128
1014,1.09951e+12,6.4226e+09,2.14747e+06,40,19.1514,21,0.239119
1015,2.19902e+12,5.84256e+09,4.24732e+06,41,19.4131,22,0.242649
1016,3.51844e+13,5.53618e+10,4.24727e+06,45,19.4277,22,0.242478
1017,4.39805e+12,2.01447e+10,4.24987e+06,42,19.8594,22,0.245536
1018,4.39805e+12,9.46912e+09,2.14285e+06,42,19.2656,21,0.235409
1019,4.39805e+12,1.21126e+10,2.14261e+06,42,19.1396,21,0.241549
1020,2.19902e+12,9.45162e+09,4.24592e+06,41,19.668,22,0.251596
1021,8.79609e+12,1.85455e+10,4.24921e+06,43,19.4043,22,0.248263
1022,4.39805e+12,9.08077e+09,8.44101e+06,42,19.4658,23,0.248966
1023,2.19902e+12,7.51411e+09,2.14104e+06,41,18.7939,21,0.239796
1024,2.19902e+12,1.2952e+10,1.68351e+07,41,20.3691,24,0.258668
1025,3.51844e+13,3.96796e+10,4.24771e+06,45,19.3037,22,0.248081
1026,4.39805e+12,1.84108e+10,6.71738e+07,42,22.1074,26,0.277006
1027,2.19902e+12,1.15536e+10,1.684e+07,41,20.4912,24,0.261252
1028,2.19902e+12,9.57448e+09,8.44231e+06,41,19.793,23,0.252257
1029,1.09951e+12,6.5765e+09,8.44608e+06,40,20.3896,23,0.260715
1030,2.19902e+12,8.21123e+09,3.36142e+07,41,20.4287,25,0.261447
1031,4.39805e+12,1.95135e+10,8.44342e+06,42,20.1045,23,0.252933
1032,3.51844e+13,4.45402e+10,3.36235e+07,45,21.5947,25,0.274034
1033,8.79609e+12,3.20715e+10,3.36204e+07,43,21.6445,25,0.275055
1034,3.51844e+13,3.89348e+10,1.68385e+07,45,20.2803,24,0.261022
1035,1.75922e+13,4.08777e+10,3.36227e+07,44,21.998,25,0.278577
1036,4.39805e+12,8.75316e+09,1.68283e+07,42,20.3242,24,0.261861
1037,1.09951e+12,5.54913e+09,3.36182e+07,40,20.7363,25,0.264914
1038,2.19902e+12,9.13353e+09,3.36209e+07,41,21.5654,25,0.2859
1039,4.39805e+12,1.42657e+10,6.71761e+07,42,21.8291,26,0.280533
1040,1.09951e+12,5.84005e+09,3.36167e+07,40,21.1494,25,0.276878
1041,4.39805e+12,2.3751e+10,3.36182e+07,42,21.0596,25,0.275528
1042,2.19902e+12,7.13871e+09,3.36203e+07,41,21.333,25,0.278563
1043,4.39805e+12,1.03122e+10,3.3615e+07,42,20.9482,25,0.27247
1044,1.75922e+13,5.56674e+10,3.36192e+07,44,21.4961,25,0.281788
1045,8.79609e+12,2.33239e+10,6.71763e+07,43,21.9053,26,0.285843
1046,1.75922e+13,5.25204e+10,3.36218e+07,44,21.5107,25,0.282644
1047,7.03687e+13,9.59585e+10,3.36208e+07,46,21.3438,25,0.279537
1048,1.09951e+12,8.44318e+09,3.36206e+07,40,21.124,25,0.273903
1049,2.19902e+12,8.25319e+09,3.36192e+07,41,20.4424,25,0.268236
1050,1.09951e+12,8.33874e+09,3.36202e+07,40,20.748,25,0.268239
1051,8.79609e+12,2.55018e+10,3.36205e+07,43,21.0107,25,0.271015
1052,8.79609e+12,2.33439e+10,3.36173e+07,43,20.373,25,0.262936
1053,1.75922e+13,2.50976e+10,3.36153e+07,44,19.9756,25,0.260258
1054,3.51844e+13,5.7289e+10,3.36149e+07,45,20.5615,25,0.271508
1055,1.75922e+13,2.79888e+10,3.3616e+07,44,19.9482,25,0.266148
1056,1.75922e+13,3.02466e+10,3.36175e+07,44,20.3125,25,0.263685
1057,2.19902e+12,1.48675e+10,3.36234e+07,41,20.9258,25,0.266151
1058,2.19902e+12,9.68914e+09,1.68384e+07,41,20.2168,24,0.257944
1059,8.79609e+12,3.3825e+10,8.44474e+06,43,19.5264,23,0.250783
1060,8.79609e+12,1.69485e+10,1.68402e+07,43,20.333,24,0.259
1061,2.19902e+12,8.73834e+09,8.44566e+06,41,19.5459,23,0.245806
1062,2.19902e+12,1.16386e+10,4.24868e+06,41,19.3965,22,0.24508
1063,4.39805e+12,1.00569e+10,1.09465e+06,42,18.3682,20,0.232929
1064,7.03687e+13,7.22827e+10,4.2449e+06,46,18.9648,22,0.241144
1065,8.79609e+12,1.55973e+10,1.68408e+07,43,20.6221,24,0.25632
1066,8.79609e+12,3.0966e+10,3.36151e+07,43,21.417,25,0.26929
1067,8.79609e+12,4.99027e+10,3.36195e+07,43,21.7158,25,0.275356
1068,1.75922e+13,2.87372e+10,3.36191e+07,44,21.0664,25,0.266132
1069,8.79609e+12,2.06806e+10,3.36194e+07,43,21.4766,25,0.274855
1070,8.79609e+12,2.37128e+10,1.68357e+07,43,20.584,24,0.266067
1071,2.19902e+12,8.63746e+09,8.44337e+06,41,19.5889,23,0.254786
1072,3.51844e+13,7.16861e+10,1.68398e+07,45,21.1377,24,0.275699
1073,4.39805e+12,1.39359e+10,4.24281e+06,42,19.3008,22,0.252178
1074,8.79609e+12,3.23758e+10,8.44292e+06,43,19.9053,23,0.261406
1075,4.39805e+12,1.76837e+10,2.14906e+06,42,19.3311,21,0.251487
1076,8.79609e+12,2.19377e+10,2.14328e+06,43,18.8906,21,0.249505
1077,1.75922e+13,2.67459e+10,2.13805e+06,44,17.501,21,0.229725
1078,2.19902e+12,9.38701e+09,2.14386e+06,41,19.2783,21,0.250115
1079,3.51844e+13,6.86998e+10,2.14232e+06,45,19.2373,21,0.252711
1080,1.40737e+14,1.55819e+11,1.68403e+07,47,20.9463,24,0.274605
1081,2.19902e+12,1.7303e+10,3.36156e+07,41,21.0879,25,0.268048
1082,8.79609e+12,4.7321e+10,1.68387e+07,43,20.3164,24,0.260119
1083,7.03687e+13,1.31089e+11,1.68349e+07,46,20.6621,24,0.261329
1084,8.79609e+12,1.92046e+10,1.68405e+07,43,20.2549,24,0.257462
1085,8.79609e+12,4.17824e+10,1.68368e+07,43,20.415,24,0.261131
1086,4.39805e+12,2.35122e+10,4.24752e+06,42,19.5596,22,0.250159
1087,3.51844e+13,1.01323e+11,1.68407e+07,45,20.4248,24,0.259297
1088,8.79609e+12,4.34705e+10,1.68393e+07,43,20.4697,24,0.261603
1089,1.75922e+13,8.98438e+10,1.68413e+07,44,20.499,24,0.25975
1090,3.51844e+13,8.73197e+10,8.44598e+06,45,19.9092,23,0.254278
1091,1.75922e+13,3.34572e+10,1.68388e+07,44,20.1709,24,0.2552
1092,8.79609e+12,4.19567e+10,1.68425e+07,43,20.7275,24,0.264374
1093,4.39805e+12,1.97305e+10,8.44392e+06,42,19.793,23,0.25447
1094,8.79609e+12,3.18636e+10,3.36192e+07,43,21.1123,25,0.269899
1095,7.03687e+13,1.72503e+11,3.36183e+07,46,21.3477,25,0.272328
1096,8.79609e+12,3.26889e+10,1.68398e+07,43,20.3525,24,0.263791
1097,2.19902e+12,1.18675e+10,3.36167e+07,41,20.6504,25,0.265702
1098,3.51844e+13,5.25327e+10,3.36167e+07,45,20.8574,25,0.269746
1099,1.40737e+14,2.85709e+11,3.36164e+07,47,21.3936,25,0.276049
1100,4.39805e+12,1.68175e+10,3.36221e+07,42,22.1768,25,0.285863
1101,1.75922e+13,4.21041e+10,3.36171e+07,44,21.1836,25,0.272757
1102,3.51844e+13,9.49305e+10,3.36214e+07,45,22.1182,25,0.282555
1103,1.75922e+13,4.43657e+10,3.36233e+07,44,22.3643,25,0.287157
1104,5.6295e+14,6.30053e+11,6.71793e+07,49,23.0127,26,0.294856
1105,1.75922e+13,4.98623e+10,3.36231e+07,44,21.7549,25,0.279791
1106,7.03687e+13,1.36593e+11,3.36231e+07,46,22.0996,25,0.283884
1107,8.79609e+12,5.55695e+10,3.36196e+07,43,21.2852,25,0.278338
1108,8.79609e+12,5.17148e+10,4.24859e+06,43,19.999,22,0.260695
1109,8.79609e+12,3.74091e+10,3.36221e+07,43,22.1689,25,0.283362
1110,8.79609e+12,2.21712e+10,8.44745e+06,43,19.8105,23,0.257569
1111,7.03687e+13,8.26931e+10,1.68405e+07,46,20.2842,24,0.263605
1112,1.75922e+13,4.691e+10,3.36152e+07,44,20.3301,25,0.268101
1113,3.51844e+13,6.73395e+10,3.36147e+07,45,20.8066,25,0.274405
1114,3.51844e+13,1.09454e+11,3.36198e+07,45,21.4697,25,0.280608
1115,4.39805e+12,1.78965e+10,3.36211e+07,42,21.7617,25,0.284604
1116,3.51844e+13,1.2561e+11,1.68384e+07,45,20.54,24,0.2672
1117,1.75922e+13,4.6581e+10,1.68372e+07,44,20.6182,24,0.271359
1118,1.75922e+13,4.93191e+10,3.36216e+07,44,21.873,25,0.282656
1119,8.79609e+12,4.03938e+10,3.36142e+07,43,21.2217,25,0.275977
1120,3.51844e+13,4.66806e+10,1.68407e+07,45,20.8955,24,0.271127
1121,1.09951e+12,1.10204e+10,8.44745e+06,40,20.3682,23,0.264766
1122,4.39805e+12,2.77455e+10,8.44833e+06,42,20.3262,23,0.261616
1123,3.51844e+13,7.75302e+10,8.44539e+06,45,20,23,0.259279
1124,4.39805e+12,2.82183e+10,1.68351e+07,42,20.7002,24,0.268254
1125,2.81475e+14,3.36196e+11,3.36142e+07,48,21.3633,25,0.276662
1126,1.75922e+13,4.45074e+10,8.44129e+06,44,20.0947,23,0.256318
1127,1.75922e+13,3.28121e+10,8.44101e+06,44,20.1279,23,0.262309
1128,1.75922e+13,6.58591e+10,1.68351e+07,44,21.0635,24,0.271029
1129,4.5036e+15,4.43877e+12,1.68435e+07,52,21.1426,24,0.268364
1130,1.75922e+13,7.60861e+10,8.44049e+06,44,19.6328,23,0.255941
1131,2.81475e+14,4.46049e+11,1.68401e+07,48,21.165,24,0.272898
1132,8.79609e+12,2.36128e+10,1.68341e+07,43,20.6133,24,0.264967
1133,1.75922e+13,6.38978e+10,8.44512e+06,44,20.0342,23,0.262613
1134,7.03687e+13,9.61083e+10,4.2411e+06,46,19.7461,22,0.257002
1135,8.79609e+12,3.17991e+10,1.68365e+07,43,20.5166,24,0.261496
1136,7.03687e+13,9.80722e+10,8.44191e+06,46,20.1943,23,0.255175
1137,4.39805e+12,3.54236e+10,4.24391e+06,42,19.6582,22,0.251802
1138,1.40737e+14,2.46294e+11,2.14535e+06,47,19.5059,21,0.246467
1139,7.03687e+13,1.38831e+11,8.44682e+06,46,20.0488,23,0.252919
1140,4.39805e+12,2.96453e+10,4.24687e+06,42,19.4365,22,0.242906
1141,1.40737e+14,1.76912e+11,4.24526e+06,47,19.5693,22,0.24935
1142,8.79609e+12,4.71881e+10,8.44468e+06,43,20.291,23,0.259686
1143,1.75922e+13,5.13712e+10,4.24541e+06,44,19.9004,22,0.254529
1144,1.75922e+13,6.02635e+10,1.68329e+07,44,20.5381,24,0.262095
1145,1.75922e+13,5.75327e+10,563789,44,18.7998,19,0.242006
1146,3.51844e+13,1.29281e+11,4.24637e+06,45,19.7061,22,0.25364
1147,2.2518e+15,2.25555e+12,4.24169e+06,51,19.5645,22,0.251078
1148,7.03687e+13,1.65574e+11,4.24647e+06,46,19.8828,22,0.250646
1149,8.79609e+12,5.21486e+10,4.24376e+06,43,19.8428,22,0.255806
1150,1.1259e+15,1.43181e+12,2.14572e+06,50,19.6338,21,0.251753
1151,1.40737e+14,2.11583e+11,8.44555e+06,47,20.0049,23,0.258719
1152,1.75922e+13,4.47639e+10,4.24742e+06,44,20.416,22,0.265247
1153,1.75922e+13,7.02158e+10,2.14595e+06,44,19.5508,21,0.25466
1154,1.75922e+13,6.26108e+10,8.44242e+06,44,20.0156,23,0.256672
1155,7.03687e+13,1.03575e+11,8.44083e+06,46,20.3838,23,0.257388
1156,8.79609e+12,3.91752e+10,4.24727e+06,43,20.0039,22,0.25741
1157,1.75922e+13,4.61151e+10,4.24592e+06,44,19.6709,22,0.251384
1158,7.03687e+13,8.07867e+10,1.09106e+06,46,18.9541,20,0.24183
1159,3.51844e+13,6.77961e+10,4.24196e+06,45,19.6885,22,0.253984
1160,1.75922e+13,3.88501e+10,2.14203e+06,44,19.1426,21,0.248974
1161,7.03687e+13,1.09576e+11,2.14452e+06,46,19.2617,21,0.250506
1162,1.75922e+13,5.43359e+10,4.24153e+06,44,19.8789,22,0.254227
1163,1.75922e+13,4.11359e+10,2.14414e+06,44,19.96,21,0.25624
1164,3.51844e+13,7.15424e+10,1.68312e+07,45,20.626,24,0.261757
1165,7.03687e+13,1.20465e+11,3.3621e+07,46,21.4727,25,0.268301
1166,1.40737e+14,2.17253e+11,3.36175e+07,47,21.3535,25,0.269764
1167,3.51844e+13,1.3748e+11,3.36192e+07,45,21.1357,25,0.269728
1168,8.79609e+12,2.77789e+10,8.44259e+06,43,19.7266,23,0.252628
1169,1.40737e+14,2.04816e+11,4.23829e+06,47,19.584,22,0.25492
1170,2.2518e+15,2.23801e+12,1.68423e+07,51,21.1699,24,0.268322
1171,3.51844e+13,9.93278e+10,2.14512e+06,45,18.9668,21,0.246254
1172,1.40737e+14,2.13198e+11,4.24412e+06,47,19.0742,22,0.246631
1173,1.40737e+14,2.30918e+11,1.68389e+07,47,20.5078,24,0.261874
1174,3.51844e+13,8.03592e+10,8.44812e+06,45,20.3604,23,0.259778
1175,1.75922e+13,6.60284e+10,1.68396e+07,44,20.2012,24,0.26084
1176,8.79609e+12,3.51155e+10,4.24531e+06,43,19.0967,22,0.241365
1177,3.51844e+13,9.75099e+10,8.44248e+06,45,19.7627,23,0.253577
1178,7.03687e+13,1.01397e+11,2.14362e+06,46,19.4336,21,0.24468
1179,1.40737e+14,1.95219e+11,3.36141e+07,47,21.1855,25,0.264906
1180,3.51844e+13,9.87653e+10,8.4475e+06,45,20.2373,23,0.25552
1181,1.75922e+13,4.67771e+10,1.68352e+07,44,20.1494,24,0.255268
1182,1.75922e+13,5.60306e+10,3.36167e+07,44,21.1172,25,0.263277
1183,2.2518e+15,2.22383e+12,1.68383e+07,51,20.8506,24,0.263133
1184,4.5036e+15,4.42965e+12,3.36214e+07,52,22.1738,25,0.276868
1185,1.75922e+13,4.22314e+10,3.3619e+07,44,21.9805,25,0.276668
1186,7.03687e+13,1.22846e+11,3.36181e+07,46,22.2412,25,0.280112
1187,4.39805e+12,3.05249e+10,3.3624e+07,42,22.2158,25,0.279489
1188,1.75922e+13,8.23148e+10,3.36269e+07,44,22.5332,25,0.28484
1189,1.1259e+15,1.59279e+12,3.36225e+07,50,22.3936,25,0.279168
1190,8.79609e+12,5.66283e+10,1.34296e+08,43,23.8594,27,0.298788
1191,1.75922e+13,1.11262e+11,6.71744e+07,44,22.498,26,0.282222
1192,3.51844e+13,9.7169e+10,1.34291e+08,45,23.7666,27,0.299454
1193,7.03687e+13,1.90136e+11,6.71857e+07,46,23.6162,26,0.294416
1194,3.51844e+13,1.00629e+11,1.34296e+08,45,23.9258,27,0.301971
1195,1.40737e+14,3.2959e+11,1.34293e+08,47,23.8311,27,0.299565
1196,3.51844e+13,1.54081e+11,6.71827e+07,45,22.9453,26,0.292225
1197,1.40737e+14,2.72464e+11,6.71866e+07,47,23.4395,26,0.297858
1198,7.03687e+13,1.54905e+11,6.7182e+07,46,23.2803,26,0.295232
1199,1.40737e+14,2.3342e+11,2.6851e+08,47,24.5039,28,0.311166
1200,1.40737e+14,2.38072e+11,2.68511e+08,47,24.4893,28,0.314116
1201,1.75922e+13,1.47128e+11,1.34301e+08,44,24.5059,27,0.311704
1202,2.81475e+14,5.7139e+11,1.34296e+08,48,24.415,27,0.308622
1203,1.40737e+14,3.26066e+11,1.34296e+08,47,23.7275,27,0.299319
1204,1.75922e+13,1.46041e+11,1.34292e+08,44,24.083,27,0.304372
1205,3.51844e+13,1.12413e+11,6.71823e+07,45,23.1855,26,0.295285
1206,1.40737e+14,2.68293e+11,1.34297e+08,47,24.3242,27,0.309748
1207,1.40737e+14,3.1955e+11,1.34296e+08,47,24.2578,27,0.308499
1208,7.03687e+13,2.5118e+11,6.71832e+07,46,23.3047,26,0.294489
1209,5.6295e+14,1.15255e+12,1.34299e+08,49,24.2197,27,0.30899
1210,2.81475e+14,5.28258e+11,1.34294e+08,48,24.5938,27,0.312082
1211,1.40737e+14,2.61374e+11,1.34293e+08,47,23.9141,27,0.303302
1212,3.51844e+13,1.15067e+11,1.34296e+08,45,23.5078,27,0.304019
1213,2.81475e+14,7.95054e+11,1.343e+08,48,24.3301,27,0.312986
1214,7.03687e+13,2.44115e+11,2.6852e+08,46,25.0645,28,0.324217
1215,1.75922e+13,1.08311e+11,1.34296e+08,44,23.8457,27,0.30693
1216,7.03687e+13,2.29904e+11,6.71802e+07,46,23.0713,26,0.298118
1217,3.51844e+13,2.01072e+11,6.71834e+07,45,23.1113,26,0.299881
1218,1.1259e+15,1.31497e+12,1.34292e+08,50,23.2598,27,0.301385
1219,1.1259e+15,1.54524e+12,2.68514e+08,50,24.3291,28,0.312731
1220,1.40737e+14,4.93415e+11,1.34291e+08,47,23.5303,27,0.300615
1221,2.81475e+14,6.82388e+11,2.68511e+08,48,24.3438,28,0.313154
1222,2.81475e+14,4.08332e+11,1.34301e+08,48,24.4795,27,0.312477
1223,1.75922e+13,1.36018e+11,2.68515e+08,44,24.5947,28,0.313123
1224,1.75922e+13,1.23804e+11,1.34295e+08,44,24.1396,27,0.310295
1225,1.40737e+14,2.65324e+11,1.34297e+08,47,24.4854,27,0.313542
1226,1.1259e+15,1.30361e+12,1.34294e+08,50,24.0645,27,0.308351
1227,2.81475e+14,5.83164e+11,2.68513e+08,48,24.585,28,0.311117
1228,3.60288e+16,3.5749e+13,2.68516e+08,55,24.04,28,0.305936
1229,1.40737e+14,3.12355e+11,2.68522e+08,47,25.3633,28,0.322783
1230,7.03687e+13,2.72079e+11,1.34299e+08,46,24.2861,27,0.309395
1231,2.81475e+14,4.34093e+11,1.34295e+08,48,24.0273,27,0.305953
1232,3.51844e+13,1.20319e+11,1.34297e+08,45,24.4912,27,0.312503
1233,8.79609e+12,5.76562e+10,1.34286e+08,43,23.5449,27,0.296992
1234,7.03687e+13,3.06423e+11,6.71843e+07,46,23.1357,26,0.296188
1235,1.1259e+15,1.34379e+12,1.34293e+08,50,23.6904,27,0.30298
1236,7.03687e+13,1.89745e+11,1.34292e+08,46,23.2637,27,0.296854
1237,1.40737e+14,3.49433e+11,6.71779e+07,47,22.751,26,0.294151
1238,3.51844e+13,1.26088e+11,3.36218e+07,45,21.8145,25,0.280899
1239,7.03687e+13,2.00314e+11,6.71749e+07,46,22.4248,26,0.285136
1240,2.81475e+14,4.39622e+11,3.36132e+07,48,22.0635,25,0.281524
1241,1.40737e+14,2.85764e+11,6.71801e+07,47,22.415,26,0.288636
1242,2.81475e+14,5.80991e+11,3.36191e+07,48,21.7686,25,0.279647
1243,3.51844e+13,1.51829e+11,3.36184e+07,45,21.6045,25,0.277692
1244,8.79609e+12,5.80605e+10,6.71807e+07,43,22.5723,26,0.290127
1245,7.03687e+13,2.08128e+11,3.36221e+07,46,21.7197,25,0.276509
1246,7.03687e+13,3.89963e+11,3.362e+07,46,22.0449,25,0.282906
1247,4.5036e+15,4.82948e+12,1.68409e+07,52,21.5547,24,0.278238
1248,7.03687e+13,2.83355e+11,6.71785e+07,46,22.6855,26,0.291256
1249,7.03687e+13,2.25253e+11,6.71771e+07,46,22.3848,26,0.28861
1250,1.75922e+13,1.51407e+11,6.71813e+07,44,23.3301,26,0.301306
1251,1.40737e+14,3.99858e+11,1.68468e+07,47,21.5723,24,0.280611
1252,1.40737e+14,2.41061e+11,6.71779e+07,47,21.9629,26,0.285658
1253,8.79609e+12,1.20766e+11,6.71787e+07,43,22.3975,26,0.292865
1254,3.51844e+13,1.8498e+11,3.36228e+07,45,21.6592,25,0.28195
1255,1.80144e+16,1.78757e+13,1.68388e+07,54,20.6396,24,0.272436
1256,3.51844e+13,1.8013e+11,6.71785e+07,45,21.9443,26,0.294007
1257,2.81475e+14,7.7745e+11,6.71797e+07,48,21.9678,26,0.288967
1258,2.81475e+14,4.36636e+11,3.36182e+07,48,20.8604,25,0.274414
1259,1.1259e+15,1.34387e+12,1.6836e+07,50,20.4922,24,0.269497
1260,2.81475e+14,4.21957e+11,1.68394e+07,48,20.5723,24,0.263736
1261,3.51844e+13,1.26173e+11,3.36211e+07,45,21.1875,25,0.275198
1262,3.51844e+13,1.54518e+11,1.68376e+07,45,20.7656,24,0.270282
1263,3.51844e+13,1.73998e+11,1.68414e+07,45,21.251,24,0.274018
1264,1.40737e+14,2.78005e+11,4.24677e+06,47,20.252,22,0.26207
1265,3.51844e+13,1.02953e+11,1.68389e+07,45,20.8223,24,0.271034
1266,7.03687e+13,2.30967e+11,3.36167e+07,46,21.2783,25,0.271829
1267,7.03687e+13,2.11179e+11,1.68374e+07,46,21.1611,24,0.274815
1268,7.03687e+13,1.31396e+11,3.36168e+07,46,21.5176,25,0.278647
1269,3.51844e+13,1.55294e+11,3.36216e+07,45,21.6982,25,0.282492
1270,2.81475e+14,6.77273e+11,3.36118e+07,48,21.0576,25,0.275373
1271,5.6295e+14,8.11866e+11,3.36191e+07,49,21.6914,25,0.280508
1272,3.51844e+13,1.21894e+11,1.68355e+07,45,20.332,24,0.26778
1273,7.03687e+13,1.42355e+11,3.36218e+07,46,21.2178,25,0.281577
1274,2.81475e+14,3.57693e+11,1.68363e+07,48,20.6914,24,0.277172
1275,2.81475e+14,7.1753e+11,6.71792e+07,48,22.1611,26,0.289508
1276,7.03687e+13,2.34057e+11,3.3616e+07,46,21.2363,25,0.277435
1277,3.51844e+13,2.48317e+11,3.36188e+07,45,21.4512,25,0.276897
1278,7.03687e+13,1.58595e+11,3.36192e+07,46,21.4229,25,0.279328
1279,1.40737e+14,3.7176e+11,8.44864e+06,47,20.7637,23,0.270889
1280,1.75922e+13,7.73265e+10,8.44576e+06,44,20.6982,23,0.267115
1281,3.51844e+13,1.79667e+11,8.44392e+06,45,20.7178,23,0.268333
1282,3.51844e+13,1.74201e+11,1.68361e+07,45,21.2627,24,0.276943
1283,5.6295e+14,7.39111e+11,1.6839e+07,49,20.8604,24,0.274081
1284,7.03687e+13,2.25413e+11,3.36192e+07,46,21.251,25,0.27423
1285,3.51844e+13,1.48798e+11,3.36218e+07,45,21.8516,25,0.286279
1286,8.79609e+12,7.00185e+10,3.36173e+07,43,21.2959,25,0.279847
1287,5.6295e+14,8.50921e+11,1.68367e+07,49,21.1689,24,0.275739
1288,7.03687e+13,1.94393e+11,3.36234e+07,46,21.9688,25,0.282016
1289,1.75922e+13,1.10349e+11,3.36177e+07,44,21.4141,25,0.275005
1290,3.51844e+13,1.04263e+11,6.71758e+07,45,22.458,26,0.288611
1291,2.81475e+14,5.21604e+11,1.34291e+08,48,23.248,27,0.298077
1292,5.6295e+14,6.31291e+11,3.36236e+07,49,21.4473,25,0.277806
1293,3.51844e+13,1.37543e+11,8.44026e+06,45,19.4873,23,0.257848
1294,1.40737e+14,2.60581e+11,563670,47,18.4551,19,0.248514
1295,7.03687e+13,1.93878e+11,4.24423e+06,46,19.04,22,0.253867
1296,8.79609e+12,4.50675e+10,8.43957e+06,43,19.415,23,0.257407
1297,1.40737e+14,2.40252e+11,4.24677e+06,47,19.335,22,0.257374
1298,2.81475e+14,4.50013e+11,3.3617e+07,48,20.8613,25,0.27242
1299,3.51844e+13,1.92699e+11,3.36224e+07,45,21.7314,25,0.282247
1300,3.51844e+13,1.31954e+11,3.36237e+07,45,21.5498,25,0.277169
1301,2.81475e+14,4.15841e+11,3.3615e+07,48,21.1709,25,0.270824
1302,3.51844e+13,1.9986e+11,1.68375e+07,45,20.7861,24,0.269028
1303,3.51844e+13,1.25226e+11,3.36137e+07,45,21.0801,25,0.27722
1304,7.03687e+13,1.96295e+11,8.44174e+06,46,20.6406,23,0.269623
1305,1.40737e+14,2.58839e+11,8.44026e+06,47,20.459,23,0.265029
1306,2.81475e+14,4.89594e+11,3.3623e+07,48,21.4072,25,0.283407
1307,1.1259e+15,1.23278e+12,3.36188e+07,50,21.29,25,0.280728
1308,1.1259e+15,2.68092e+12,6.7174e+07,50,21.6582,26,0.290089
1309,1.40737e+14,2.30647e+11,6.71729e+07,47,21.3711,26,0.286399
1310,1.40737e+14,3.06164e+11,1.68394e+07,47,20.6387,24,0.274488
1311,1.40737e+14,3.45975e+11,8.44645e+06,47,20.583,23,0.278312
1312,2.81475e+14,8.05411e+11,1.68366e+07,48,20.1826,24,0.27202
1313,7.03687e+13,4.62651e+11,3.36246e+07,46,21.5977,25,0.287696
1314,2.81475e+14,6.20822e+11,3.36128e+07,48,20.9385,25,0.284233
1315,1.1259e+15,2.02855e+12,6.7172e+07,50,21.5898,26,0.29463
1316,1.40737e+14,5.49067e+11,4.24551e+06,47,19.7402,22,0.270255
1317,2.81475e+14,8.3169e+11,3.36185e+07,48,21.2158,25,0.292075
1318,4.5036e+15,4.53914e+12,6.71738e+07,52,21.3252,26,0.296243
1319,1.40737e+14,3.8275e+11,6.71782e+07,47,21.9561,26,0.300057
1320,1.40737e+14,6.25997e+11,6.71775e+07,47,21.9209,26,0.302112
1321,1.40737e+14,3.23097e+11,3.36193e+07,47,21.5586,25,0.294373
1322,5.6295e+14,7.82776e+11,1.68383e+07,49,20.3594,24,0.283231
1323,1.1259e+15,1.41084e+12,3.36185e+07,50,21.6592,25,0.299512
1324,2.2518e+15,3.00391e+12,2.14074e+06,51,18.834,21,0.265434
1325,7.03687e+13,1.91646e+11,1.09292e+06,46,18.8809,20,0.257053
1326,5.6295e+14,7.81818e+11,4.24459e+06,49,19.5244,22,0.26764
1327,2.81475e+14,9.50472e+11,3.36178e+07,48,21.2744,25,0.293627
1328,7.03687e+13,2.2599e+11,3.36135e+07,46,20.8906,25,0.290367
1329,7.03687e+13,3.76319e+11,1.68314e+07,46,20.2441,24,0.286566
1330,2.2518e+15,4.34247e+12,3.36187e+07,51,21.3867,25,0.300908
1331,5.6295e+14,1.37892e+12,1.68376e+07,49,20.8516,24,0.294705
1332,1.40737e+14,3.28983e+11,8.43675e+06,47,20.3613,23,0.28796
1333,1.40737e+14,3.51023e+11,3.3618e+07,47,21.3408,25,0.302793
1334,2.81475e+14,5.04475e+11,1.68303e+07,48,20.4023,24,0.290164
1335,1.40737e+14,3.0543e+11,3.36169e+07,47,20.8955,25,0.297512
1336,5.6295e+14,9.88309e+11,3.36214e+07,49,21.4238,25,0.305794
1337,2.81475e+14,1.36942e+12,1.3428e+08,48,22.3281,27,0.322175
1338,7.03687e+13,3.77065e+11,6.71756e+07,46,22.0312,26,0.314085
1339,1.80144e+16,1.78986e+13,8.44614e+06,54,20.5596,23,0.298421
1340,2.81475e+14,5.0072e+11,1.68366e+07,48,20.8486,24,0.292453
1341,2.81475e+14,5.15943e+11,8.44587e+06,48,20.3027,23,0.281228
1342,2.81475e+14,8.47511e+11,8.44419e+06,48,20.2588,23,0.29147
1343,7.03687e+13,4.49071e+11,3.36173e+07,46,21.0879,25,0.303828
1344,2.81475e+14,8.01711e+11,3.36154e+07,48,20.9229,25,0.303775
1345,1.40737e+14,5.63131e+11,6.71721e+07,47,21.2959,26,0.310156
1346,2.81475e+14,7.29544e+11,1.34278e+08,48,22.0225,27,0.321968
1347,7.03687e+13,4.34383e+11,3.36191e+07,46,21.1201,25,0.309423
1348,1.1259e+15,1.39766e+12,1.34279e+08,50,22.2383,27,0.327446
1349,1.40737e+14,7.86583e+11,6.71763e+07,47,21.4346,26,0.318522
1350,2.81475e+14,1.05575e+12,6.71779e+07,48,21.6924,26,0.321655
1351,2.2518e+15,3.2565e+12,1.68316e+07,51,20.123,24,0.297536
1352,1.40737e+14,5.31687e+11,3.36213e+07,47,20.6279,25,0.305976
1353,7.03687e+13,3.37952e+11,8.44797e+06,46,20.0117,23,0.299011
1354,7.03687e+13,4.07348e+11,1.68313e+07,46,19.9365,24,0.298985
1355,1.1259e+15,1.63174e+12,563868,50,19.1016,19,0.288935
1356,5.6295e+14,7.75619e+11,8.44236e+06,49,20.3701,23,0.30172
1357,5.6295e+14,1.75882e+12,4.24233e+06,49,20.1025,22,0.296874
1358,1.1259e+15,2.95544e+12,296089,50,18.8174,18,0.282981
1359,2.81475e+14,7.67355e+11,161601,48,18.1846,17,0.277355
1360,2.81475e+14,9.4122e+11,161876,48,18.7246,17,0.283386
1361,4.5036e+15,4.93398e+12,162519,52,18.5996,17,0.280467
1362,4.5036e+15,7.52644e+12,8.44651e+06,52,20.8389,23,0.317087
1363,1.80144e+16,1.92146e+13,560547,54,19.5742,19,0.295623
1364,5.6295e+14,2.12083e+12,296089,49,19.0176,18,0.29777
1365,4.5036e+15,5.48672e+12,554098,52,18.9561,19,0.293503
1366,1.1259e+15,4.16424e+12,4.24672e+06,50,20.6201,22,0.318656
1367,5.6295e+14,2.18276e+12,562177,49,19.5186,19,0.3004
1368,1.40737e+14,8.53025e+11,162418,47,18.1016,17,0.282198
1369,5.76461e+17,5.64091e+14,55652.2,59,17.5107,15,0.26918
1370,2.2518e+15,3.04624e+12,34707.2,51,17.3662,14,0.268315
1371,1.1259e+15,3.10887e+12,294702,50,19.0322,18,0.298566
1372,5.6295e+14,2.58575e+12,56407.1,49,18.3213,15,0.287128
1373,1.1259e+15,3.77521e+12,157379,50,18.5059,17,0.290741
1374,9.0072e+15,9.31203e+12,558645,53,19.0674,19,0.294551
1375,1.1259e+15,3.26143e+12,1.08465e+06,50,20.1748,20,0.30777
1376,1.80144e+16,2.23741e+13,4.23912e+06,54,20.0811,22,0.308974
1377,1.1259e+15,1.94986e+12,1.68274e+07,50,20.8447,24,0.317424
1378,1.1259e+15,2.28965e+12,562136,50,19.7432,19,0.296265
1379,2.81475e+14,8.59938e+11,2.13706e+06,48,19.8584,21,0.301571
1380,1.1259e+15,2.81224e+12,2.14149e+06,50,20.0068,21,0.305145
1381,2.81475e+14,1.37464e+12,1.0885e+06,48,20.2246,20,0.305708
1382,1.1259e+15,4.7009e+12,1.08785e+06,50,19.7402,20,0.300583
1383,1.80144e+16,1.9792e+13,2.13918e+06,54,19.8975,21,0.300837
1384,5.6295e+14,2.29728e+12,8.44242e+06,49,20.4375,23,0.308612
1385,1.40737e+14,6.89277e+11,2.14595e+06,47,19.9639,21,0.299507
1386,1.40737e+14,5.78247e+11,1.08596e+06,47,19.5039,20,0.296822
1387,5.6295e+14,1.26009e+12,2.144e+06,49,20.3672,21,0.305867
1388,1.40737e+14,8.80562e+11,8.43997e+06,47,20.9277,23,0.316492
1389,5.6295e+14,1.20091e+12,8.44745e+06,49,20.9512,23,0.313557
1390,2.2518e+15,4.35808e+12,1.08258e+06,51,20.0967,20,0.307629
1391,1.40737e+14,9.62949e+11,1.09093e+06,47,19.9316,20,0.302813
1392,5.6295e+14,1.54227e+12,159177,49,18.4043,17,0.281639
1393,9.0072e+15,1.048e+13,559083,53,19.1699,19,0.291635
1394,5.6295e+14,1.07843e+12,560717,49,19.5254,19,0.298427
1395,2.2518e+15,3.83058e+12,562789,51,19.9521,19,0.301385
1396,2.2518e+15,3.71076e+12,1.0915e+06,51,20.6396,20,0.313253
1397,5.6295e+14,2.1651e+12,2.13717e+06,49,20.791,21,0.314004
1398,1.1259e+15,2.29214e+12,4.2435e+06,50,21.1387,22,0.32069
1399,2.2518e+15,4.40232e+12,1.68326e+07,51,22.0986,24,0.328389
1400,1.1259e+15,4.31087e+12,6.71779e+07,50,23.0381,26,0.339517
1401,2.2518e+15,4.43191e+12,1.34288e+08,51,23.3428,27,0.345026
1402,5.6295e+14,3.24621e+12,2.68508e+08,49,23.6006,28,0.35414
1403,4.5036e+15,1.04547e+13,1.34299e+08,52,23.7021,27,0.36042
1404,5.6295e+14,2.36431e+12,1.34282e+08,49,23.2031,27,0.346987
1405,1.1259e+15,8.23301e+12,6.71773e+07,50,23.0762,26,0.349642
1406,2.2518e+15,6.57777e+12,1.34283e+08,51,23.4072,27,0.35623
1407,1.80144e+16,3.674e+13,2.68523e+08,54,24.2256,28,0.36447
1408,9.0072e+15,1.91646e+13,1.07383e+09,53,25.1836,30,0.373158
1409,5.6295e+14,3.69991e+12,1.07382e+09,49,24.7422,30,0.366149
1410,5.6295e+14,2.06018e+12,5.36943e+08,49,24.2236,29,0.362809
1411,9.0072e+15,1.86242e+13,1.07382e+09,53,25.5957,30,0.37482
1412,4.5036e+15,8.4005e+12,1.07382e+09,52,25.0664,30,0.372464
1413,4.5036e+15,1.01429e+13,2.68521e+08,52,24.667,28,0.361559
1414,1.80144e+16,5.82781e+13,5.36957e+08,54,25.0596,29,0.368005
1415,9.0072e+15,1.49142e+13,1.07383e+09,53,25.7568,30,0.379371
1416,7.20576e+16,7.97151e+13,1.07383e+09,56,26.1475,30,0.382398
1417,4.5036e+15,1.22799e+13,1.07382e+09,52,26.3652,30,0.377316
1418,9.0072e+15,1.18969e+13,5.3695e+08,53,24.9404,29,0.36554
1419,1.1259e+15,4.8602e+12,2.68516e+08,50,24.8516,28,0.364749
1420,2.2518e+15,8.37916e+12,6.71789e+07,51,23.9023,26,0.349329
1421,2.2518e+15,1.00981e+13,2.68515e+08,51,25.1475,28,0.37239
1422,2.2518e+15,4.29553e+12,2.68515e+08,51,24.8262,28,0.365893
1423,2.2518e+15,5.14834e+12,1.34292e+08,51,23.8545,27,0.353241
1424,2.2518e+15,5.52629e+12,2.68506e+08,51,24.1709,28,0.363005
1425,1.80144e+16,3.04136e+13,6.71823e+07,54,23.332,26,0.34892
1426,1.1259e+15,3.50973e+12,5.36945e+08,50,24.5244,29,0.366162
1427,2.81475e+14,1.51574e+12,6.71736e+07,48,22.9941,26,0.341266
1428,4.5036e+15,1.27334e+13,1.34287e+08,52,23.4639,27,0.353498
1429,3.60288e+16,3.93352e+13,5.36951e+08,55,25.6729,29,0.380659
1430,9.0072e+15,2.13685e+13,2.14757e+09,53,26.9014,31,0.39862
1431,1.1259e+15,4.40295e+12,2.68507e+08,50,24.0137,28,0.359856
1432,2.2518e+15,8.7347e+12,1.07382e+09,51,25.4756,30,0.38201
1433,1.15292e+18,1.14854e+15,5.3695e+08,60,25.5771,29,0.379224
1434,9.0072e+15,1.64972e+13,2.14757e+09,53,25.791,31,0.398014
1435,3.60288e+16,3.89223e+13,2.68521e+08,55,24.4824,28,0.370959
1436,1.1259e+15,4.9526e+12,4.29506e+09,50,27.0898,32,0.409318
1437,9.0072e+15,1.31946e+13,2.14757e+09,53,26.0928,31,0.393442
1438,9.0072e+15,2.12669e+13,4.29505e+09,53,27.0635,32,0.410361
1439,4.5036e+15,1.16981e+13,2.14758e+09,52,26.376,31,0.40297
1440,4.5036e+15,1.02178e+13,4.29506e+09,52,27.375,32,0.411511
1441,2.2518e+15,9.61741e+12,2.14756e+09,51,26.167,31,0.392647
1442,4.5036e+15,1.41732e+13,2.14756e+09,52,25.5205,31,0.391463
1443,9.0072e+15,1.34407e+13,5.36943e+08,53,23.6416,29,0.35486
1444,9.0072e+15,2.15916e+13,5.36961e+08,53,24.9482,29,0.379053
1445,2.8823e+17,3.13527e+14,1.07382e+09,58,25.0293,30,0.382314
1446,2.2518e+15,8.91233e+12,3.36231e+07,51,23.1133,25,0.355969
1447,3.60288e+16,5.40441e+13,5.36941e+08,55,24.1357,29,0.366838
1448,9.0072e+15,1.38057e+13,5.36935e+08,53,24.2168,29,0.36916
1449,2.2518e+15,1.14322e+13,1.07384e+09,51,25.6104,30,0.385498
1450,3.60288e+16,4.93753e+13,5.36947e+08,55,24.5098,29,0.371606
1451,1.1259e+15,5.73013e+12,2.68516e+08,50,24.5068,28,0.370355
1452,1.80144e+16,2.54984e+13,1.34286e+08,54,23.9102,27,0.362021
1453,1.80144e+16,3.14464e+13,2.14758e+09,54,26.1699,31,0.39638
1454,4.5036e+15,1.07682e+13,5.36961e+08,52,24.5928,29,0.375095
1455,4.5036e+15,2.49945e+13,1.07382e+09,52,24.9775,30,0.381151
1456,9.0072e+15,1.58222e+13,1.07383e+09,53,24.7891,30,0.376801
1457,4.5036e+15,1.26241e+13,1.07381e+09,52,24.9297,30,0.382503
1458,9.0072e+15,1.86823e+13,1.07383e+09,53,25.7891,30,0.392504
1459,2.2518e+15,8.85998e+12,4.29506e+09,51,27.0732,32,0.407985
1460,2.2518e+15,1.01087e+13,5.36958e+08,51,25.2227,29,0.379423
1461,2.2518e+15,9.58578e+12,5.36966e+08,51,25.5293,29,0.387504
1462,9.0072e+15,1.99742e+13,2.14758e+09,53,26.8506,31,0.402104
1463,2.2518e+15,9.77406e+12,2.14758e+09,51,26.8203,31,0.400548
1464,1.80144e+16,3.27061e+13,2.14758e+09,54,27.1973,31,0.405094
1465,2.2518e+15,1.25895e+13,4.29507e+09,51,27.6943,32,0.413464
1466,2.2518e+15,1.06723e+13,8.59003e+09,51,28.1973,33,0.421124
1467,1.44115e+17,1.60246e+14,2.14758e+09,57,26.9639,31,0.410382
1468,4.5036e+15,2.08143e+13,8.59004e+09,52,28.9814,33,0.442185
1469,2.2518e+15,1.09815e+13,4.29506e+09,51,27.2754,32,0.416998
1470,7.20576e+16,8.3855e+13,2.14758e+09,56,26.1211,31,0.402265
1471,2.2518e+15,1.02054e+13,1.07382e+09,51,24.9688,30,0.386154
1472,1.1259e+15,5.8537e+12,1.07382e+09,50,25.9414,30,0.399925
1473,9.0072e+15,3.27188e+13,4.29506e+09,53,27.5605,32,0.417771
1474,4.5036e+15,1.23482e+13,2.14757e+09,52,26.5654,31,0.403859
1475,9.0072e+15,2.02827e+13,2.14757e+09,53,26.8633,31,0.402497
1476,1.80144e+16,4.87257e+13,2.14757e+09,54,26.1738,31,0.395051
1477,4.5036e+15,2.23208e+13,2.14758e+09,52,27.1562,31,0.410682
1478,4.5036e+15,1.67006e+13,4.29505e+09,52,27.4668,32,0.414327
1479,3.60288e+16,5.82028e+13,2.14757e+09,55,26.2891,31,0.397051
1480,2.2518e+15,1.45763e+13,2.68504e+08,51,25.2129,28,0.376274
1481,1.80144e+16,4.18794e+13,5.36947e+08,54,25.4863,29,0.382179
1482,2.8823e+17,2.89899e+14,2.68514e+08,58,24.8701,28,0.372907
1483,5.76461e+17,6.0007e+14,8.59003e+09,59,28.3164,33,0.432732
1484,1.44115e+17,2.03972e+14,8.59004e+09,57,28.6592,33,0.439293
1485,3.60288e+16,1.21335e+14,5.36955e+08,55,25.7559,29,0.396562
1486,4.5036e+15,4.35548e+13,2.14758e+09,52,26.6865,31,0.4064
1487,7.20576e+16,9.54402e+13,1.07383e+09,56,26.416,30,0.406143
1488,1.80144e+16,6.15074e+13,2.14757e+09,54,27.085,31,0.416674
1489,5.76461e+17,6.57662e+14,8.59003e+09,59,28.5107,33,0.433814
1490,4.5036e+15,3.05279e+13,1.718e+10,52,29.293,34,0.443354
1491,4.5036e+15,2.98042e+13,8.59004e+09,52,28.7705,33,0.437967
1492,1.15292e+18,1.2347e+15,1.718e+10,60,29.0342,34,0.436139
1493,3.60288e+16,8.76115e+13,4.29507e+09,55,28.7578,32,0.441369
1494,3.60288e+16,1.04535e+14,2.14757e+09,55,27.4775,31,0.415916
1495,1.44115e+17,2.17238e+14,1.07382e+09,57,26.2939,30,0.401685
1496,1.44115e+17,2.27816e+14,4.29505e+09,57,28.0928,32,0.429206
1497,9.0072e+15,3.82423e+13,8.59003e+09,53,28.5195,33,0.438082
1498,1.15292e+18,1.17016e+15,8.59003e+09,60,28.0693,33,0.430828
1499,1.80144e+16,7.81953e+13,3.43598e+10,54,30.9082,35,0.466447
