39.0677
0,113.419,7.85706,4,1,0.0361328,0,0.0100284
1,434.954,8.90881,4,2,0.0410156,0,0.0100102
2,434.954,9.62404,4,2,0.0478516,0,0.00979803
3,109.829,8.08731,5,1,0.0351562,0,0.00990071
4,111.937,8.67505,5,1,0.0410156,0,0.00990401
5,434.818,9.78601,5,2,0.0488281,0,0.00995414
6,435.117,9.69847,5,2,0.0439453,0,0.010171
7,435.149,9.7597,5,2,0.0429688,0,0.0102424
8,434.093,11.4812,5,2,0.0595703,0,0.010259
9,1011.78,11.9337,5,3,0.0546875,0,0.0104239
10,435.127,11.3018,6,2,0.0546875,0,0.0104748
11,112.44,9.61958,5,1,0.0458984,0,0.0102172
12,434.638,11.1275,5,2,0.0576172,0,0.0103396
13,435.127,10.9186,5,2,0.0576172,0,0.0101525
14,435.151,12.1689,6,2,0.0654297,0,0.0104994
15,435.127,11.2554,5,2,0.0556641,0,0.0103817
16,435.053,11.407,6,2,0.0556641,0,0.0104387
17,435.149,10.7835,6,2,0.0449219,0,0.0106135
18,435.151,11.3489,6,2,0.0517578,0,0.0106169
19,435.149,11.661,6,2,0.0537109,0,0.0105024
20,434.818,10.9238,6,2,0.0498047,0,0.0105823
21,435,11.7098,6,2,0.0585938,0,0.0103863
22,435.117,11.0541,6,2,0.0498047,0,0.0104869
23,435.117,11.1719,5,2,0.0507812,0,0.0105134
24,435.127,11.0375,6,2,0.0517578,0,0.0104246
25,434.818,12.4223,5,2,0.0634766,0,0.0104656
26,435.053,11.7123,6,2,0.0576172,0,0.0105309
27,435.127,11.9756,6,2,0.0566406,0,0.0104891
28,435.127,11.0231,6,2,0.0488281,0,0.0104978
29,435.151,11.517,6,2,0.0566406,0,0.0105
30,435.127,10.705,6,2,0.0478516,0,0.0104684
31,434.639,10.6621,6,2,0.0458984,0,0.0106822
32,112.44,10.5992,6,1,0.0488281,0,0.0106638
33,435.151,11.9902,6,2,0.0595703,0,0.0106268
34,434.954,10.7352,6,2,0.046875,0,0.0105653
35,434.129,11.4693,6,2,0.0566406,0,0.0105382
36,434.954,10.8964,6,2,0.0498047,0,0.0106548
37,110.903,10.7489,6,1,0.0527344,0,0.010439
38,435.151,11.2761,6,2,0.0488281,0,0.0106665
39,435.053,11.5623,6,2,0.0556641,0,0.0105727
40,435.053,12.3935,6,2,0.0625,0,0.0106221
41,109.275,10.0427,6,1,0.0429688,0,0.0106861
42,435.053,11.9399,6,2,0.0546875,0,0.0107009
43,435.053,11.9817,6,2,0.0595703,0,0.0105715
44,434.954,12.057,6,2,0.0605469,0,0.0107294
45,435.151,11.412,6,2,0.0517578,0,0.0106804
46,435.127,11.8438,6,2,0.0576172,0,0.010584
47,435.151,13.0758,6,2,0.0664062,0,0.0108429
48,435.076,12.0431,6,2,0.0576172,0,0.0107451
49,434.954,13.5681,6,2,0.0693359,0,0.0109295
50,435.151,13.2111,6,2,0.0664062,0,0.0107769
51,111.937,12.377,6,1,0.0615234,0,0.0110103
52,435.151,13.5933,6,2,0.0703125,0,0.0109618
53,435.117,14.7632,6,2,0.0791016,0,0.0109249
54,1010.79,13.1436,6,3,0.0576172,0,0.0108319
55,435.127,13.9838,6,2,0.0703125,0,0.0109722
56,1008.92,14.7718,6,3,0.0751953,0,0.0109652
57,434.412,12.5108,6,2,0.0625,0,0.0109115
58,435.127,14.2229,6,2,0.0761719,0,0.0109787
59,435.151,13.2799,7,2,0.0664062,0,0.0109965
60,435.151,15.3297,7,2,0.0791016,0,0.0110892
61,435.149,15.1438,7,2,0.0761719,0,0.0111202
62,435.053,14.5524,7,2,0.0742188,0,0.0111164
63,435.151,13.6081,7,2,0.0625,0,0.0109358
64,435.053,11.5872,6,2,0.0488281,0,0.0109066
65,1012.18,14.7164,7,3,0.0732422,0,0.0110275
66,435.151,13.4159,7,2,0.0683594,0,0.011173
67,1010.21,15.1728,7,3,0.0761719,0,0.0111337
68,435.127,13.2891,7,2,0.0625,0,0.0110539
69,435.151,13.5894,7,2,0.0634766,0,0.0110362
70,1008.92,15.9246,7,3,0.0761719,0,0.0112091
71,435.127,16.1647,8,2,0.0839844,0,0.0113147
72,435.127,12.9288,7,2,0.0615234,0,0.0111781
73,435.149,13.5765,7,2,0.0634766,0,0.0113151
74,435.053,15.7262,8,2,0.0810547,0,0.0113297
75,435.151,19.0751,8,2,0.100586,0,0.0113759
76,435.149,15.4422,7,2,0.078125,0,0.0113343
77,435.127,15.0704,8,2,0.0742188,0,0.0114464
78,434.954,15.7252,8,2,0.078125,0,0.0115064
79,435.127,15.4926,8,2,0.0722656,0,0.0115587
80,435.053,14.5863,8,2,0.0732422,0,0.0115157
81,435.053,17.0708,8,2,0.09375,0,0.0113714
82,435.076,15.1004,8,2,0.0761719,0,0.0115451
83,435.151,16.4305,8,2,0.0849609,0,0.011381
84,435.151,16.5256,8,2,0.0839844,0,0.0115528
85,435.151,16.7311,8,2,0.0908203,0,0.0114898
86,435.149,16.9665,8,2,0.0859375,0,0.0114806
87,435.149,17.5072,8,2,0.0908203,0,0.0116742
88,434.902,13.6162,8,2,0.0654297,0,0.0113841
89,1010.21,14.8416,8,3,0.0654297,0,0.0115653
90,435.149,17.6055,8,2,0.0966797,0,0.0116711
91,435.127,16.8851,8,2,0.0908203,0,0.0116726
92,435.053,17.2589,8,2,0.0957031,0,0.0116566
93,1011.78,17.8244,8,3,0.09375,0,0.01151
94,435.151,16.8837,8,2,0.0869141,0,0.0117209
95,434.639,16.0738,8,2,0.0859375,0,0.0116743
96,435.127,15.7667,8,2,0.0820312,0,0.0116507
97,435.151,18.3803,8,2,0.0986328,0,0.0117976
98,435.127,18.3679,8,2,0.0869141,0,0.0117925
99,1009.59,20.0535,8,3,0.104492,0,0.0119045
100,435.149,17.7586,8,2,0.0947266,0,0.0117737
101,435.151,19.3302,8,2,0.102539,0,0.0118727
102,435.127,19.5342,8,2,0.114258,0,0.0118478
103,435.151,20.4418,8,2,0.107422,0,0.0119395
104,435.149,19.3825,8,2,0.100586,0,0.0119963
105,435.151,20.0291,9,2,0.107422,0,0.0119696
106,1008.92,22.8592,8,3,0.116211,0,0.0119317
107,435.127,21.3077,8,2,0.119141,0,0.0119473
108,1012.52,20.7854,9,3,0.108398,0,0.0119799
109,435.151,20.6083,9,2,0.114258,0,0.0119065
110,435.151,20.5982,9,2,0.113281,0,0.0120375
111,435.149,19.7567,9,2,0.108398,0,0.0120667
112,435.151,21.7665,9,2,0.119141,0,0.0121448
113,435.151,21.0255,9,2,0.118164,0,0.0121659
114,1010.79,21.7874,9,3,0.120117,0,0.0121744
115,435.149,21.5184,9,2,0.121094,0,0.0122069
116,435.151,25.3048,9,2,0.143555,0,0.0122177
117,435.151,23.323,9,2,0.131836,0,0.012228
118,435.151,22.7647,9,2,0.12793,0,0.0123365
119,435.151,22.4338,9,2,0.126953,0,0.0123134
120,435.151,26.9956,9,2,0.163086,0,0.0123971
121,435.127,23.7421,9,2,0.143555,0,0.0122554
122,435.151,23.2986,9,2,0.12793,0,0.0124025
123,1011.78,26.5523,9,3,0.152344,0,0.0122934
124,1008.92,21.5969,9,3,0.111328,0,0.0122797
125,435.151,24.0853,9,2,0.129883,0,0.0124949
126,1008.92,26.7339,9,3,0.152344,0,0.0124754
127,1010.79,23.9303,9,3,0.138672,0,0.0123421
128,1010.21,26.3736,9,3,0.15332,0,0.0124665
129,435.151,26.9321,9,2,0.15918,0,0.0124807
130,435.151,30.4946,9,2,0.189453,0,0.0124572
131,435.151,28.1116,9,2,0.168945,0,0.0123597
132,1008.92,26.118,9,3,0.152344,0,0.0125475
133,435.151,26.3068,9,2,0.15625,0,0.012485
134,1010.21,28.9564,9,3,0.168945,0,0.0124815
135,1008.92,29.4616,9,3,0.176758,0,0.0126226
136,1008.92,27.8134,9,3,0.166992,0,0.0125975
137,1008.92,31.3224,9,3,0.186523,0,0.0126245
138,435.151,30.5368,9,2,0.185547,0,0.0125686
139,435.151,27.2366,9,2,0.166016,0,0.0125203
140,435.151,32.8041,9,2,0.197266,0,0.0127276
141,1010.79,36.6258,9,3,0.22168,0,0.0128128
142,1008.92,31.3916,9,3,0.211914,0,0.0126307
143,435.151,30.8263,9,2,0.192383,0,0.0126576
144,1010.21,33.5205,9,3,0.208008,0,0.0127615
145,1011.31,32.7254,9,3,0.195312,0,0.012641
146,435.151,33.3882,9,2,0.207031,0,0.0127514
147,1010.21,34.2377,9,3,0.210938,0,0.0127963
148,435.151,32.7089,9,2,0.200195,0,0.0127758
149,435.151,34.2901,9,2,0.212891,0,0.0129251
150,435.151,34.4276,9,2,0.216797,0,0.0126667
151,1010.21,37.2126,9,3,0.233398,0,0.0128539
152,1008.92,33.9981,9,3,0.205078,0,0.0127329
153,435.151,38.0661,9,2,0.243164,0,0.0128211
154,1008.92,36.0158,9,3,0.226562,0,0.0128596
155,1011.31,34.3178,9,3,0.214844,0,0.0127649
156,1008.92,38.7448,9,3,0.234375,0,0.0127576
157,435.151,33.8211,9,2,0.207031,0,0.0128291
158,435.151,34.6322,9,2,0.230469,0,0.0128688
159,1008.92,39.8485,9,3,0.25,0,0.0128552
160,1011.78,40.3988,9,3,0.256836,0,0.0128752
161,1008.92,38.2015,9,3,0.240234,0,0.0127734
162,435.151,37.0372,9,2,0.233398,0,0.0129757
163,1010.21,38.0633,9,3,0.246094,0,0.0129051
164,1843.9,40.4919,10,4,0.259766,0,0.0130609
165,435.151,39.0221,9,2,0.255859,0,0.0130028
166,1008.92,36.2812,9,3,0.231445,0,0.0130447
167,1011.31,39.3054,9,3,0.249023,0,0.0129866
168,1008.92,37.102,9,3,0.242188,0,0.0130614
169,1008.92,37.6848,9,3,0.240234,0,0.0130639
170,1008.92,42.2718,10,3,0.265625,0,0.0129604
171,1008.92,39.8855,9,3,0.243164,0,0.0130556
172,1009.59,42.249,9,3,0.263672,0,0.0130027
173,435.151,37.5817,9,2,0.241211,0,0.0129265
174,1008.92,43.244,10,3,0.27832,0,0.0131011
175,1008.92,36.6008,10,3,0.223633,0,0.0132081
176,1009.59,43.2746,11,3,0.275391,0,0.0132343
177,435.151,40.2609,10,2,0.25293,0,0.0132131
178,1010.79,37.5834,9,3,0.237305,0,0.013075
179,1848.92,41.661,10,4,0.270508,0,0.0131763
180,1011.31,46.912,11,3,0.294922,0,0.0132274
181,1012.18,39.8017,10,3,0.270508,0,0.0130866
182,1010.21,43.7884,11,3,0.28125,0,0.0131974
183,1843.9,39.5635,9,4,0.25293,0,0.01302
184,435.151,42.0766,10,2,0.274414,0,0.0130943
185,1008.92,41.5371,9,3,0.257812,0,0.0129481
186,1009.59,40.2389,9,3,0.25293,0,0.0130753
187,1010.21,42.9563,11,3,0.28125,0,0.0131386
188,1010.21,45.3875,10,3,0.274414,0,0.0131072
189,1009.59,45.87,10,3,0.288086,0,0.0131398
190,1008.92,44.5363,10,3,0.289062,0,0.0131564
191,1008.92,39.5332,11,3,0.274414,0,0.0131285
192,1008.92,40.9968,10,3,0.266602,0,0.0131416
193,1009.59,42.4692,11,3,0.271484,0,0.0132732
194,1011.78,41.4702,11,3,0.269531,0,0.0132372
195,1008.92,41.8624,10,3,0.270508,0,0.0131985
196,1008.92,39.8863,10,3,0.265625,0,0.0131568
197,1011.78,44.4226,9,3,0.279297,0,0.013121
198,1008.92,44.044,11,3,0.291992,0,0.0131884
199,1008.92,40.2041,10,3,0.262695,0,0.013214
200,1008.92,43.4047,11,3,0.283203,0,0.0132763
201,435.149,39.4154,11,2,0.249023,0,0.0132205
202,435.151,43.254,11,2,0.283203,0,0.0132226
203,1011.31,41.8768,10,3,0.262695,0,0.0131932
204,1009.59,42.8802,11,3,0.27832,0,0.0131644
205,435.151,45.5597,11,2,0.302734,0,0.0132744
206,1008.92,44.6313,11,3,0.283203,0,0.0132344
207,1008.92,40.1855,12,3,0.256836,0,0.0133546
208,1008.92,40.4772,11,3,0.267578,0,0.0133229
209,1007.46,41.2057,11,3,0.262695,0,0.013261
210,1010.21,40.5407,10,3,0.248047,0,0.0132395
211,435.151,44.9684,11,2,0.297852,0,0.0134372
212,1011.31,45.391,11,3,0.282227,0,0.0134196
213,1008.92,48.5127,11,3,0.311523,0,0.0133049
214,1008.92,50.4667,12,3,0.324219,0,0.0133027
215,1008.92,42.5161,11,3,0.274414,0,0.0133465
216,1010.21,46.9016,12,3,0.292969,0,0.0134758
217,1008.92,44.6,11,3,0.283203,0,0.0133201
218,1007.46,46.8551,12,3,0.305664,0,0.0135612
219,1010.79,42.8513,11,3,0.266602,0,0.0135059
220,1008.92,47.6771,11,3,0.294922,0,0.0134268
221,1009.59,44.7535,10,3,0.28418,0,0.01332
222,1008.92,44.8776,11,3,0.28418,0,0.0134381
223,435.151,43.8165,11,2,0.294922,0,0.0133554
224,1010.21,49.6372,11,3,0.325195,0,0.013315
225,1008.92,52.4897,12,3,0.332031,0,0.01351
226,1008.92,46.8646,12,3,0.301758,0,0.0134313
227,1011.31,50.9444,12,3,0.339844,0,0.0133731
228,1008.92,50.8514,12,3,0.328125,0,0.013369
229,435.151,43.8188,12,2,0.28418,0,0.0134871
230,435.151,44.5345,11,2,0.297852,0,0.0133596
231,1008.92,46.4724,12,3,0.304688,0,0.0133801
232,1011.31,48.9934,12,3,0.321289,0,0.0134521
233,1008.92,47.7877,11,3,0.307617,0,0.0134081
234,1008.92,49.3275,12,3,0.329102,0,0.0135305
235,1009.59,50.5665,12,3,0.331055,0,0.0134511
236,1010.79,46.2375,12,3,0.304688,0,0.0134455
237,435.151,44.1525,11,2,0.292969,0,0.0132762
238,1008.92,48.7649,12,3,0.313477,0,0.0133663
239,1008.92,48.1602,12,3,0.305664,0,0.0134946
240,1008.92,49.9787,13,3,0.330078,0,0.0135712
241,1009.59,50.7661,12,3,0.328125,0,0.0134177
242,435.151,45.8034,11,2,0.305664,0,0.0133618
243,1008.92,47.1434,12,3,0.307617,0,0.01357
244,1843.9,49.4077,13,4,0.327148,0,0.0136456
245,1011.31,49.5433,12,3,0.317383,0,0.0135035
246,1008.92,48.9015,12,3,0.316406,0,0.0134038
247,1008.92,47.5918,12,3,0.320312,0,0.0136142
248,1007.46,45.7512,11,3,0.305664,0,0.0134095
249,1011.31,46.3044,11,3,0.301758,0,0.0133688
250,1010.21,50.7107,12,3,0.325195,0,0.0136432
251,1011.31,51.6546,13,3,0.337891,0,0.0135597
252,1843.9,52.62,13,4,0.337891,0,0.0135655
253,1009.59,51.5084,12,3,0.341797,0,0.0135322
254,435.151,45.0693,12,2,0.317383,0,0.013262
255,1008.92,45.005,11,3,0.292969,0,0.0134188
256,1011.31,44.1017,11,3,0.293945,0,0.01326
257,1010.79,48.8995,12,3,0.31543,0,0.0134406
258,1009.59,44.453,12,3,0.288086,0,0.0132534
259,435.149,46.8682,12,2,0.3125,0,0.0133417
260,1843.9,47.2963,12,4,0.293945,0,0.0134836
261,1011.31,49.3143,12,3,0.324219,0,0.01348
262,1011.31,50.6396,11,3,0.320312,0,0.013408
263,1008.92,49.7341,12,3,0.31543,0,0.0134006
264,1008.92,47.505,12,3,0.320312,0,0.0135129
265,1011.78,47.7008,10,3,0.300781,0,0.0133593
266,1008.92,51.9987,12,3,0.333984,0,0.0134011
267,1008.92,44.9245,11,3,0.296875,0,0.0133853
268,435.151,47.3484,12,2,0.304688,0,0.0134458
269,1008.92,47.6586,12,3,0.318359,0,0.0134776
270,435.151,45.2256,12,2,0.307617,0,0.0135421
271,1011.31,47.2678,12,3,0.325195,0,0.0134816
272,1008.92,46.4826,12,3,0.30957,0,0.0134352
273,1008.92,52.2529,13,3,0.339844,0,0.0135582
274,435.151,49.8484,13,2,0.329102,0,0.013545
275,1008.92,50.1659,12,3,0.317383,0,0.0135024
276,1008.92,51.818,13,3,0.339844,0,0.0135299
277,1008.92,49.7987,13,3,0.329102,0,0.0134779
278,435.151,50.9992,13,2,0.34375,0,0.0136316
279,1009.59,49.1321,13,3,0.332031,0,0.0135518
280,435.151,49.6699,12,2,0.331055,0,0.0134379
281,435.151,50.6009,13,2,0.341797,0,0.0134765
282,1009.59,47.937,12,3,0.320312,0,0.0133838
283,1008.92,50.6153,13,3,0.332031,0,0.0135187
284,1011.31,49.86,13,3,0.321289,0,0.0136471
285,1009.59,48.5115,13,3,0.329102,0,0.0136119
286,435.151,46.1203,13,2,0.311523,0,0.0136593
287,1011.31,52.9455,13,3,0.349609,0,0.0135409
288,1010.21,52.0583,12,3,0.341797,0,0.0136634
289,1011.78,49.5707,12,3,0.329102,0,0.0134169
290,1008.92,48.0809,13,3,0.320312,0,0.0135512
291,1008.92,46.3158,12,3,0.306641,0,0.0134396
292,1008.92,50.9353,13,3,0.330078,0,0.0135416
293,1012.18,50.338,13,3,0.321289,0,0.01358
294,435.151,48.6419,13,2,0.329102,0,0.0135964
295,435.149,49.0439,13,2,0.331055,0,0.0135674
296,1008.92,49.0544,12,3,0.331055,0,0.0134547
297,1009.59,52.9566,12,3,0.344727,0,0.0134806
298,1845.26,46.0198,12,4,0.296875,0,0.0134903
299,1008.92,45.9506,12,3,0.297852,0,0.0135076
300,1011.31,47.1139,13,3,0.31543,0,0.0135298
301,1008.92,53.9005,13,3,0.34668,0,0.0135827
302,1011.31,49.4153,13,3,0.334961,0,0.0135573
303,1008.92,48.9823,12,3,0.328125,0,0.0134541
304,1008.92,53.2317,12,3,0.345703,0,0.0133745
305,1008.92,54.3882,13,3,0.363281,0,0.0136279
306,1009.59,50.9481,13,3,0.331055,0,0.0136429
307,435.151,50.3183,13,2,0.330078,0,0.0135986
308,4346.62,63.7456,13,6,0.379883,0,0.0135181
309,1008.92,50.086,12,3,0.31543,0,0.0135594
310,1009.59,48.2534,12,3,0.311523,0,0.0135719
311,1011.78,52.7212,13,3,0.344727,0,0.0134322
312,435.151,50.0563,13,2,0.336914,0,0.0136088
313,435.151,55.4237,13,2,0.367188,0,0.0136025
314,1011.31,51.8727,13,3,0.333984,0,0.0136057
315,1011.31,53.6569,13,3,0.341797,0,0.0135995
316,1843.9,51.2922,13,4,0.324219,0,0.0134722
317,1011.31,54.7283,13,3,0.352539,0,0.013712
318,435.151,49.0406,13,2,0.328125,0,0.0136927
319,1008.92,53.7534,13,3,0.342773,0,0.0135876
320,1009.59,52.8756,13,3,0.347656,0,0.0135956
321,1008.92,51.9146,13,3,0.336914,0,0.0136228
322,1843.9,52.3664,13,4,0.330078,0,0.0135207
323,1008.92,51.1469,13,3,0.328125,0,0.0134828
324,1008.92,49.2655,13,3,0.335938,0,0.0135804
325,435.151,49.689,13,2,0.334961,0,0.0136327
326,1011.31,47.5087,13,3,0.319336,0,0.0136572
327,1008.92,50.5205,13,3,0.320312,0,0.0135993
328,1843.9,52.3739,13,4,0.333008,0,0.0135921
329,1008.92,50.0084,12,3,0.329102,0,0.013501
330,1008.92,53.2748,12,3,0.34375,0,0.013487
331,1009.59,49.6339,13,3,0.324219,0,0.0135172
332,1008.92,51.8416,13,3,0.330078,0,0.0135556
333,1008.92,53.7393,13,3,0.351562,0,0.0136465
334,1009.59,52.5608,13,3,0.351562,0,0.0136336
335,1008.92,53.7974,13,3,0.338867,0,0.0138149
336,435.151,47.0202,13,2,0.316406,0,0.0134771
337,1008.92,51.8444,13,3,0.337891,0,0.0136008
338,1011.78,53.8847,13,3,0.337891,0,0.0134794
339,1011.31,52.014,13,3,0.330078,0,0.013751
340,1008.92,48.1203,13,3,0.308594,0,0.0134583
341,1011.31,54.7845,13,3,0.359375,0,0.0136788
342,1011.31,50.4399,12,3,0.321289,0,0.0134384
343,435.151,48.7272,13,2,0.321289,0,0.0137757
344,1011.31,53.2974,13,3,0.34668,0,0.0136503
345,1010.21,53.3969,13,3,0.348633,0,0.0136736
346,435.151,46.3847,13,2,0.322266,0,0.0136419
347,1007.46,53.9627,13,3,0.348633,0,0.0136145
348,1009.59,50.7937,13,3,0.327148,0,0.0136861
349,1008.92,55.083,13,3,0.360352,0,0.0135986
350,1011.31,52.6455,13,3,0.339844,0,0.0136843
351,435.151,51.3467,13,2,0.334961,0,0.0136503
352,435.151,53.4686,13,2,0.356445,0,0.0135541
353,1008.92,50.674,12,3,0.319336,0,0.0134454
354,1011.31,47.6558,13,3,0.321289,0,0.013616
355,1008.92,53.3706,13,3,0.352539,0,0.013562
356,1008.92,45.6048,13,3,0.310547,0,0.0137049
357,1009.59,51.4635,13,3,0.337891,0,0.013758
358,435.151,49.6243,12,2,0.328125,0,0.0135871
359,2953.85,50.3522,13,5,0.320312,0,0.0135671
360,1008.92,51.7746,13,3,0.324219,0,0.0135219
361,1008.92,49.6225,13,3,0.329102,0,0.0135967
362,435.151,47.1006,12,2,0.322266,0,0.0134855
363,1823.71,56.6448,13,4,0.345703,0,0.0135746
364,1008.92,47.5547,13,3,0.30957,0,0.0135865
365,1843.9,53.2458,13,4,0.331055,0,0.0136495
366,1011.31,53.6916,13,3,0.347656,0,0.0137133
367,1011.31,48.6266,13,3,0.3125,0,0.0135767
368,1005.85,50.596,13,3,0.342773,0,0.013674
369,1008.92,53.0942,13,3,0.34668,0,0.0136024
370,435.151,50.9013,13,2,0.336914,0,0.0135293
371,1009.59,50.2502,13,3,0.337891,0,0.0136041
372,1843.9,51.6967,13,4,0.34082,0,0.0136103
373,1008.92,49.8032,13,3,0.321289,0,0.0136344
374,435.151,47.8641,13,2,0.320312,0,0.0136018
375,1848.92,50.9714,13,4,0.332031,0,0.0135511
376,1011.31,49.8304,13,3,0.317383,0,0.0136025
377,1009.59,56.0954,13,3,0.34668,0,0.0136919
378,1008.92,52.6377,13,3,0.333984,0,0.0135033
379,1011.31,45.1552,13,3,0.304688,0,0.0135272
380,435.151,49.239,13,2,0.333008,0,0.013555
381,1008.92,48.2006,13,3,0.322266,0,0.0135294
382,1008.92,49.2644,13,3,0.316406,0,0.0135851
383,1841.02,50.7035,13,4,0.317383,0,0.0135246
384,1009.59,52.184,13,3,0.338867,0,0.0135419
385,1011.31,52.2267,13,3,0.329102,0,0.0136194
386,1011.31,50.5605,13,3,0.329102,0,0.0136127
387,1008.92,45.4316,13,3,0.303711,0,0.0136674
388,1008.92,50.6086,13,3,0.329102,0,0.0135235
389,1008.92,52.2886,13,3,0.344727,0,0.0136531
390,1007.46,43.067,12,3,0.291992,0,0.01353
391,1008.92,51.7117,13,3,0.347656,0,0.0135415
392,1011.31,48.6315,13,3,0.301758,0,0.0135602
393,1008.92,48.9996,13,3,0.317383,0,0.0136271
394,1008.92,51.5028,13,3,0.337891,0,0.0136183
395,1011.31,49.8023,13,3,0.321289,0,0.013858
396,1011.31,59.9747,13,3,0.37207,0,0.0137635
397,1011.31,52.1935,13,3,0.334961,0,0.0136407
398,1008.92,54.1518,13,3,0.345703,0,0.0136665
399,1010.79,53.8631,13,3,0.34375,0,0.0136133
400,1007.46,49.3305,13,3,0.322266,0,0.0135858
401,1007.46,51.6647,13,3,0.34375,0,0.0136562
402,435.151,51.5014,13,2,0.339844,0,0.0134774
403,1011.31,51.149,13,3,0.328125,0,0.0134729
404,1009.59,56.4372,13,3,0.357422,0,0.0136133
405,1011.31,47.9495,13,3,0.305664,0,0.0135849
406,1008.92,52.5344,13,3,0.335938,0,0.013662
407,1008.92,51.1988,13,3,0.336914,0,0.013638
408,1841.02,55.8469,13,4,0.347656,0,0.0135796
409,1008.92,50.0433,13,3,0.328125,0,0.0136122
410,1011.31,49.6076,13,3,0.323242,0,0.013677
411,435.151,50.6972,13,2,0.338867,0,0.0135398
412,1011.31,52.7357,13,3,0.34375,0,0.0135914
413,1008.92,53.4758,13,3,0.352539,0,0.01364
414,1010.21,54.7802,13,3,0.359375,0,0.0136126
415,1010.21,52.0853,13,3,0.34375,0,0.0135747
416,435.127,46.9924,13,2,0.320312,0,0.0137071
417,1008.92,54.9138,13,3,0.350586,0,0.0137118
418,1008.92,54.3619,13,3,0.345703,0,0.0136803
419,1008.92,49.8872,13,3,0.324219,0,0.0137278
420,1000.23,47.6889,13,3,0.311523,0,0.0137715
421,1008.92,50.2191,13,3,0.337891,0,0.0138251
422,435.151,52.7321,13,2,0.336914,0,0.0138211
423,1005.85,49.8206,13,3,0.333008,0,0.0138089
424,1010.21,53.3847,13,3,0.352539,0,0.0137735
425,435.149,48.5406,13,2,0.325195,0,0.0138659
426,1008.92,53.8118,13,3,0.345703,0,0.0137436
427,1008.92,61.0835,13,3,0.388672,0,0.013675
428,1011.78,52.7635,13,3,0.347656,0,0.0138363
429,1841.02,55.5784,13,4,0.350586,0,0.0138494
430,1009.59,62.6917,13,3,0.389648,0,0.0140232
431,1009.59,62.4833,13,3,0.391602,0,0.0139628
432,1011.31,54.6422,13,3,0.351562,0,0.0140068
433,1005.85,54.5896,13,3,0.355469,0,0.0138776
434,1008.92,51.1136,13,3,0.333984,0,0.0139405
435,1007.46,59.1192,13,3,0.37207,0,0.0138949
436,1008.92,47.7786,13,3,0.307617,0,0.0137826
437,1011.31,53.3572,13,3,0.345703,0,0.0137722
438,1007.46,52.3032,13,3,0.352539,0,0.0139637
439,1008.92,54.4436,13,3,0.348633,0,0.0139138
440,1008.92,56.2604,13,3,0.364258,0,0.0139976
441,1011.31,58.3291,13,3,0.366211,0,0.0141241
442,435.151,51.1898,13,2,0.349609,0,0.0142268
443,1008.21,56.8878,13,3,0.375,0,0.0142159
444,1008.92,58.2603,13,3,0.368164,0,0.0142441
445,1007.46,54.991,13,3,0.354492,0,0.0143565
446,995.918,52.488,13,3,0.34668,0,0.0144659
447,1008.92,59.9436,13,3,0.370117,0,0.014448
448,1005.85,59.9757,13,3,0.373047,0,0.0145138
449,1008.92,62.5439,15,3,0.394531,0,0.014727
450,1011.31,60.8599,14,3,0.375977,0,0.0149447
451,1837.92,68.3074,15,4,0.40332,0,0.0149062
452,1008.92,59.1712,15,3,0.37207,0,0.0149089
453,1011.31,60.4256,15,3,0.366211,0,0.0150061
454,1843.9,70.4674,15,4,0.433594,0,0.0150622
455,1005.85,57.8045,15,3,0.367188,0,0.0150568
456,1006.68,62.5294,15,3,0.395508,0,0.0149909
457,1011.31,65.6296,15,3,0.411133,0,0.0152722
458,1008.21,66.4829,15,3,0.414062,0,0.0152609
459,1012.18,69.0571,15,3,0.416992,0,0.015367
460,2927.27,67.5131,15,5,0.398438,0,0.0154405
461,1829.35,69.2226,15,4,0.414062,0,0.0153377
462,995.918,66.4311,15,3,0.408203,0,0.015309
463,1841.02,68.806,15,4,0.40625,0,0.0155702
464,2951.77,76.0588,17,5,0.43457,0,0.0157224
465,1846.55,73.6749,17,4,0.442383,0,0.0159145
466,1842.49,70.1372,15,4,0.404297,0,0.0158365
467,1012.18,63.0271,17,3,0.398438,0,0.0158007
468,1815.68,73.4264,17,4,0.43457,0,0.0157812
469,1012.52,72.1549,17,3,0.418945,0,0.0160342
470,1829.35,71.5706,17,4,0.425781,0,0.0157702
471,1834.62,70.3541,17,4,0.408203,0,0.0162985
472,1823.71,78.8131,17,4,0.461914,0,0.0162948
473,1004.1,67.8564,17,3,0.40918,0,0.016004
474,1802.66,79.8417,17,4,0.46582,0,0.0165204
475,1007.46,72.5847,17,3,0.430664,0,0.0162776
476,1831.15,75.6392,17,4,0.435547,0,0.0165728
477,1006.68,79.6153,17,3,0.462891,0,0.0168982
478,1819.76,81.4115,19,4,0.472656,0,0.0166025
479,1008.21,75.585,19,3,0.455078,0,0.0167452
480,1011.78,83.1018,19,3,0.46875,0,0.0172154
481,1813.59,93.3571,19,4,0.514648,0,0.0172669
482,1008.92,80.9078,19,3,0.475586,0,0.0170324
483,1008.21,88.631,21,3,0.494141,0,0.0176494
484,2845.8,91.569,21,5,0.49707,0,0.0172925
485,1811.47,86.6632,21,4,0.490234,0,0.017505
486,2915.92,86.3726,21,5,0.487305,0,0.0180202
487,1837.92,85.9206,21,4,0.496094,0,0.0180624
488,1773.62,88.0656,20,4,0.487305,0,0.0179713
489,2903.85,96.6349,21,5,0.512695,0,0.0181523
490,2915.92,99.4867,23,5,0.541992,0,0.0188147
491,2870.9,94.2674,21,5,0.513672,0,0.0184519
492,1848.92,94.728,24,4,0.532227,0,0.0191467
493,1813.59,95.9429,25,4,0.525391,0,0.0190231
494,1819.76,102.197,27,4,0.558594,0,0.0195728
495,1798.09,98.376,25,4,0.530273,0,0.0193537
496,2942.72,104.482,27,5,0.549805,0,0.0197401
497,1827.51,97.9478,27,4,0.536133,0,0.0197763
498,1823.71,92.6294,26,4,0.515625,0,0.0201125
499,1821.75,102.738,29,4,0.552734,0,0.0201888
500,1836.29,96.9749,26,4,0.518555,0,0.0197065
501,1004.1,96.6209,27,3,0.533203,0,0.0205093
502,1831.15,103.731,29,4,0.543945,0,0.0212838
503,1804.91,107.779,34,4,0.571289,0,0.0212408
504,1819.76,107.31,30,4,0.567383,0,0.020828
505,1823.71,99.7546,31,4,0.536133,0,0.0212238
506,1831.15,111.318,35,4,0.572266,0,0.0214839
507,1823.71,113.493,35,4,0.576172,0,0.0210981
508,2915.92,125.663,38,5,0.613281,0,0.0217007
509,2918.83,108.076,40,5,0.579102,0,0.0215259
510,2929.99,108.583,31,5,0.551758,0,0.0208215
511,1795.76,110.299,35,4,0.572266,0,0.0214194
512,2942.72,115.402,42,5,0.588867,0,0.0224134
513,1827.51,104.589,35,4,0.554688,0,0.0220151
514,1004.1,108.627,37,3,0.56543,0,0.0224684
515,1005.85,112.078,41,3,0.59375,0,0.0226149
516,1819.76,108.985,42,4,0.570312,0,0.0226763
517,1011.31,115.355,41,3,0.595703,0,0.0226031
518,1821.75,110.767,41,4,0.571289,0,0.0228387
519,1802.66,110.546,50,4,0.588867,0,0.0228818
520,2842.09,114.93,45,5,0.595703,0,0.0224967
521,1829.35,122.134,45,4,0.620117,0,0.0227146
522,1811.47,117.335,34,4,0.574219,0,0.0222797
523,1829.35,119.132,48,4,0.604492,0,0.0230336
524,1823.71,114.759,45,4,0.586914,0,0.0235945
525,1823.71,111.042,42,4,0.581055,0,0.0235559
526,4302.44,125.776,66,6,0.630859,0,0.0242979
527,1809.31,107.098,39,4,0.555664,0,0.0234068
528,4220.53,126.416,43,6,0.614258,0,0.0233367
529,1825.63,111.119,44,4,0.560547,0,0.0241303
530,1831.15,117.627,49,4,0.583008,0,0.0239587
531,1802.66,117.477,53,4,0.600586,0,0.0238367
532,1823.71,117.086,47,4,0.585938,0,0.0235452
533,1788.61,115.374,53,4,0.604492,0,0.0240751
534,1842.49,126.981,72,4,0.631836,0,0.0242171
535,1831.15,127.329,101,4,0.649414,0,0.0249357
536,2942.72,132.608,63,5,0.652344,0,0.0238668
537,1842.49,109.691,49,4,0.579102,0,0.0233554
538,1827.51,113.79,50,4,0.585938,0,0.0237501
539,1006.68,118.024,44,3,0.587891,0,0.0241577
540,1825.63,115.262,49,4,0.583008,0,0.0245257
541,2897.56,128.232,49,5,0.623047,0,0.0237622
542,2912.97,129.31,53,5,0.62207,0,0.0243332
543,1010.21,115.875,53,3,0.604492,0,0.0237222
544,2877.78,131.62,101,5,0.658203,0,0.023964
545,5902.97,133.853,62,7,0.644531,0,0.0236322
546,2766.4,115.753,46,5,0.577148,0,0.0231078
547,1831.15,125.266,101,4,0.639648,0,0.0238341
548,2856.74,121.419,101,5,0.629883,0,0.0240645
549,1821.75,118.943,53,4,0.600586,0,0.0242263
550,1834.62,115.855,101,4,0.614258,0,0.0240814
551,1004.1,107.891,54,3,0.589844,0,0.0237878
552,1788.61,128.835,57,4,0.630859,0,0.0238411
553,1811.47,123,101,4,0.635742,0,0.0247503
554,2834.58,123.071,55,5,0.611328,0,0.0238325
555,2877.78,113.174,66,5,0.584961,0,0.0240046
556,2891.12,138.998,101,5,0.649414,0,0.0242431
557,1834.62,118.73,64,4,0.59668,0,0.0244152
558,2909.97,115.133,101,5,0.594727,0,0.0239387
559,1825.63,131.525,101,4,0.654297,0,0.0240668
560,2881.17,126.587,51,5,0.625,0,0.0235644
561,1798.09,128.039,101,4,0.658203,0,0.02426
562,1827.51,124.859,53,4,0.632812,0,0.0230773
563,2900.72,147.233,101,5,0.705078,0,0.0232291
564,1831.15,119.87,54,4,0.628906,0,0.0227422
565,1829.35,130.755,104.312,4,0.674805,1,0.0228347
566,1836.29,122.694,50,4,0.624023,0,0.0228689
567,1829.35,127.575,47,4,0.631836,0,0.0238796
568,1832.91,120.445,56,4,0.618164,0,0.0233556
569,1813.59,127.713,48,4,0.635742,0,0.023694
570,1836.29,125.723,101,4,0.643555,0,0.0239834
571,1819.76,124.822,101,4,0.638672,0,0.0231932
572,2903.85,117.569,46,5,0.594727,0,0.0238131
573,1815.68,122.004,101,4,0.632812,0,0.0240104
574,2897.56,143.187,107.538,5,0.710938,1,0.0239456
575,1811.47,119.114,101,4,0.636719,0,0.0233547
576,1817.74,132.823,105.663,4,0.680664,1,0.0236786
577,2909.97,132.672,101,5,0.660156,0,0.0232103
578,2921.69,130.081,101,5,0.666992,0,0.0227311
579,1793.4,120.636,51,4,0.625,0,0.0225691
580,2912.97,129.553,61,5,0.645508,0,0.0230903
581,1837.92,129.912,45,4,0.636719,0,0.0231559
582,2870.9,115.064,49,5,0.595703,0,0.0237862
583,4215.78,131.566,64,6,0.641602,0,0.024315
584,1005.85,116.324,59,3,0.612305,0,0.0245454
585,4229.91,126.662,101,6,0.643555,0,0.0248393
586,2891.12,120.813,101,5,0.628906,0,0.0242227
587,1829.35,127.318,101,4,0.634766,0,0.0243347
588,1804.91,136.203,107.538,4,0.695312,1,0.0246559
589,1008.21,117.944,101,3,0.628906,0,0.0239743
590,1832.91,124.538,47,4,0.62793,0,0.0241734
591,4310,131.819,105.663,6,0.664062,1,0.0246793
592,2921.69,140.581,107.538,5,0.699219,1,0.0232782
593,2731.9,135.162,53,5,0.665039,0,0.023266
594,2900.72,127.408,105.663,5,0.660156,1,0.02388
595,2887.84,125.046,53,5,0.636719,0,0.0232783
596,1827.51,130.317,67,4,0.657227,0,0.0238811
597,1809.31,127.146,101,4,0.658203,0,0.0237001
598,1793.4,134.435,109.275,4,0.707031,1,0.0237467
599,1819.76,130.909,108.709,4,0.685547,1,0.0233971
600,1798.09,125.729,54,4,0.646484,0,0.0231845
601,1815.68,125.462,51,4,0.641602,0,0.0231907
602,2863.89,121.893,58,5,0.629883,0,0.0235535
603,2856.74,129.042,101,5,0.655273,0,0.0236951
604,1815.68,135.034,101,4,0.669922,0,0.0237465
605,2900.72,136.751,106.93,5,0.691406,1,0.0235553
606,2912.97,127.636,101,5,0.65332,0,0.0234359
607,1846.55,128.509,101,4,0.662109,0,0.022699
608,1841.02,128.521,101,4,0.664062,0,0.0233108
609,2853.13,127.573,101,5,0.654297,0,0.0238295
610,2918.83,132.994,108.709,5,0.693359,1,0.0232862
611,4181.49,145.102,53,6,0.689453,0,0.0234536
612,2877.78,127.747,106.93,5,0.664062,1,0.023486
613,1841.02,137.378,108.709,4,0.700195,1,0.0234613
614,1786.17,130.438,105,4,0.675781,1,0.0233826
615,1831.15,130.763,101,4,0.664062,0,0.0231227
616,1823.71,125.868,48,4,0.639648,0,0.0230657
617,2783.1,148.53,110.371,5,0.735352,1,0.0237898
618,2856.74,135.234,101,5,0.675781,0,0.023605
619,1827.51,146.831,108.709,4,0.719727,1,0.023614
620,1823.71,137.048,107.538,4,0.698242,1,0.0235281
621,1795.76,130.651,109.829,4,0.696289,1,0.0239441
622,1827.51,131.282,104.312,4,0.670898,1,0.0234425
623,1809.31,134.932,101,4,0.680664,0,0.0238668
624,1819.76,132.866,106.306,4,0.671875,1,0.0238567
625,1827.51,140.268,109.275,4,0.711914,1,0.0241435
626,2891.12,138.681,109.275,5,0.708008,1,0.0247444
627,1827.51,133.766,109.829,4,0.701172,1,0.0239842
628,1813.59,140.907,109.275,4,0.706055,1,0.0245294
629,2838.35,133.416,104.312,5,0.671875,1,0.0244076
630,1804.91,124.977,53,4,0.634766,0,0.0244533
631,1811.47,137.334,110.371,4,0.716797,1,0.0242893
632,1757.8,129.977,108.13,4,0.68457,1,0.0242811
633,5804.47,138.96,108.709,7,0.698242,1,0.0241243
634,1807.12,134.871,109.829,4,0.698242,1,0.0244955
635,2877.78,128.561,106.306,5,0.664062,1,0.0241762
636,1823.71,140.51,108.709,4,0.708008,1,0.0239298
637,1791.02,129.893,108.13,4,0.681641,1,0.0237049
638,1827.51,136.502,106.93,4,0.686523,1,0.024089
639,1837.92,131.229,62,4,0.663086,0,0.0236722
640,1821.75,140.641,107.538,4,0.707031,1,0.0233163
641,2921.69,146.442,110.371,5,0.753906,1,0.0231958
642,1802.66,136.444,109.275,4,0.705078,1,0.0232381
643,2921.69,142.938,107.538,5,0.708008,1,0.0235482
644,2927.27,137.026,102.835,5,0.682617,1,0.0237773
645,1823.71,145.659,110.371,4,0.737305,1,0.0236317
646,2845.8,142.839,109.275,5,0.71875,1,0.0234391
647,1837.92,130.156,101,4,0.666016,0,0.0234984
648,2807.41,137.738,107.538,5,0.695312,1,0.0236613
649,4261.42,138.492,109.275,6,0.713867,1,0.0233024
650,1831.15,141.136,109.829,4,0.726562,1,0.023293
651,2811.38,138.964,108.709,5,0.708008,1,0.0232751
652,1821.75,129.158,106.93,4,0.677734,1,0.0229992
653,1798.09,131.939,106.306,4,0.678711,1,0.0228903
654,2863.89,135.945,108.709,5,0.696289,1,0.0225277
655,1811.47,134.303,109.275,4,0.693359,1,0.022987
656,2874.36,134.399,59,5,0.669922,0,0.0235211
657,2807.41,151.311,110.371,5,0.748047,1,0.0233031
658,1829.35,127.746,107.538,4,0.673828,1,0.0231339
659,2897.56,135.2,109.275,5,0.698242,1,0.0235192
660,1819.76,139.081,109.275,4,0.699219,1,0.0234467
661,1827.51,138.035,108.709,4,0.704102,1,0.0234994
662,1829.35,135.631,106.93,4,0.682617,1,0.0238986
663,1786.17,137.004,108.709,4,0.697266,1,0.023838
664,1823.71,140.745,109.275,4,0.709961,1,0.0237999
665,2870.9,137.556,53,5,0.666016,0,0.0238187
666,2897.56,142.544,107.538,5,0.693359,1,0.0245774
667,2845.8,126.852,107.538,5,0.668945,1,0.0245042
668,4215.78,141.423,109.829,6,0.712891,1,0.0245757
669,2877.78,148.833,108.709,5,0.722656,1,0.0240059
670,2863.89,140.122,108.13,5,0.698242,1,0.0239958
671,1819.76,136.802,108.13,4,0.691406,1,0.024661
672,1831.15,150.543,110.371,4,0.751953,1,0.0246909
673,1829.35,140.577,109.829,4,0.708984,1,0.0240102
674,2881.17,144.398,108.13,5,0.726562,1,0.0243083
675,2891.12,138.228,109.829,5,0.706055,1,0.0240896
676,1817.74,132.092,107.538,4,0.6875,1,0.0234634
677,2906.93,129.734,101,5,0.661133,0,0.0236314
678,1817.74,137.803,107.538,4,0.691406,1,0.0236381
679,3693.62,157.228,109.829,6,0.745117,1,0.0241116
680,2927.27,146.578,110.371,5,0.735352,1,0.0242899
681,2807.41,136.699,110.371,5,0.705078,1,0.0246899
682,2900.72,155.722,110.903,5,0.773438,1,0.0249507
683,1845.26,131.49,110.903,4,0.711914,1,0.0248436
684,1832.91,145.984,109.829,4,0.727539,1,0.0245307
685,2842.09,142.923,110.903,5,0.731445,1,0.0247256
686,2856.74,145.177,109.829,5,0.72168,1,0.024545
687,2881.17,140.063,57,5,0.676758,0,0.0240852
688,2921.69,143.72,108.13,5,0.711914,1,0.0247423
689,1841.02,140.095,107.538,4,0.702148,1,0.0240992
690,1798.09,144.01,110.371,4,0.727539,1,0.0248073
691,2894.36,145.534,108.13,5,0.712891,1,0.0252872
692,1829.35,135.74,101,4,0.672852,0,0.0243459
693,1813.59,128.458,106.93,4,0.669922,1,0.0242654
694,1807.12,135.353,107.538,4,0.69043,1,0.0241
695,1793.4,135.2,109.829,4,0.702148,1,0.0246168
696,1811.47,138.589,110.903,4,0.736328,1,0.0242611
697,2937.8,130.738,101,5,0.660156,0,0.0248876
698,2860.33,141.115,101,5,0.683594,0,0.0246849
699,2870.9,140.435,107.538,5,0.699219,1,0.0242754
700,1809.31,144.385,106.93,4,0.705078,1,0.0248788
701,4234.53,141.071,106.93,6,0.696289,1,0.0245484
702,1827.51,138.193,107.538,4,0.706055,1,0.0244833
703,1827.51,129.481,106.93,4,0.665039,1,0.024556
704,2368.07,133.119,107.538,5,0.681641,1,0.0251198
705,1811.47,140.581,101,4,0.686523,0,0.0251825
706,1765.81,134.074,109.275,4,0.704102,1,0.0248888
707,2157.81,145.738,110.371,5,0.744141,1,0.0253287
708,1811.47,138.594,101,4,0.6875,0,0.0248297
709,2856.74,150.582,106.93,5,0.722656,1,0.0249281
710,4181.49,154.68,109.275,6,0.738281,1,0.0252302
711,1807.12,135.31,109.829,4,0.704102,1,0.0255853
712,2766.4,151.847,108.13,5,0.72168,1,0.0256531
713,2826.95,143.113,107.538,5,0.703125,1,0.0258374
714,1798.09,132.781,101,4,0.670898,0,0.0254767
715,1823.71,137.927,109.275,4,0.699219,1,0.024975
716,4270.03,135.607,109.829,6,0.699219,1,0.0253695
717,1831.15,149.991,108.709,4,0.726562,1,0.0252806
718,1807.12,133.191,109.275,4,0.698242,1,0.0251402
719,4239.12,137.796,106.93,6,0.677734,1,0.0252757
720,1825.63,132.914,109.829,4,0.695312,1,0.0249637
721,2853.13,144.243,108.709,5,0.708008,1,0.0250715
722,1831.15,134.884,67,4,0.673828,0,0.0250102
723,2906.93,143.344,110.371,5,0.72168,1,0.0252072
724,1829.35,141.318,108.13,4,0.704102,1,0.0249957
725,1825.63,127.881,105.663,4,0.657227,1,0.0245878
726,2815.31,142.719,74,5,0.69043,0,0.0248493
727,1815.68,133.966,101,4,0.671875,0,0.0247992
728,2909.97,153.096,108.709,5,0.731445,1,0.024662
729,1823.71,139.06,109.829,4,0.709961,1,0.0251322
730,2877.78,139.554,107.538,5,0.700195,1,0.0253306
731,1811.47,137.654,109.275,4,0.708984,1,0.0243781
732,1834.62,142.919,109.829,4,0.720703,1,0.0251224
733,1823.71,142.144,68,4,0.686523,0,0.0250408
734,1813.59,142.832,109.275,4,0.720703,1,0.0246372
735,2877.78,134.06,104.312,5,0.678711,1,0.0242105
736,2903.85,148.171,108.709,5,0.737305,1,0.0246139
737,4145.5,143.166,107.538,6,0.713867,1,0.0252001
738,2849.48,144.332,109.275,5,0.727539,1,0.0248635
739,1802.66,137.5,107.538,4,0.689453,1,0.0251259
740,4278.44,140.259,107.538,6,0.695312,1,0.0255817
741,1778.72,134.27,109.829,4,0.703125,1,0.0256848
742,2909.97,143.109,101,5,0.689453,0,0.0252176
743,1793.4,151.642,110.371,4,0.748047,1,0.0256475
744,2884.52,139.139,110.371,5,0.709961,1,0.025497
745,2877.78,142.557,108.709,5,0.708984,1,0.0254064
746,1825.63,148.289,110.371,4,0.744141,1,0.0259261
747,2842.09,142.668,108.709,5,0.710938,1,0.0260497
748,1811.47,146.123,109.275,4,0.714844,1,0.0260003
749,2749.33,139.358,108.709,5,0.691406,1,0.026817
750,2799.41,146.212,111.937,5,0.749023,1,0.0273496
751,1798.09,133.732,110.371,4,0.698242,1,0.027061
752,2749.33,148.887,109.829,5,0.726562,1,0.0264214
753,1815.68,133.791,109.275,4,0.693359,1,0.026038
754,1817.74,130.741,107.538,4,0.672852,1,0.0264766
755,2842.09,140.617,107.538,5,0.694336,1,0.0259823
756,1823.71,137.211,108.13,4,0.692383,1,0.02591
757,1809.31,141.251,110.371,4,0.714844,1,0.0260218
758,1798.09,137.422,108.709,4,0.692383,1,0.0260899
759,1783.71,135.553,109.829,4,0.698242,1,0.02658
760,2259.11,151.91,110.903,5,0.750977,1,0.0269929
761,1802.66,135.8,110.903,4,0.701172,1,0.026408
762,4257.05,146.759,111.937,6,0.735352,1,0.0265909
763,2811.38,135.226,109.275,5,0.6875,1,0.0265742
764,2795.37,151.556,110.371,5,0.723633,1,0.0273512
765,2900.72,141.951,106.93,5,0.692383,1,0.0273612
766,2819.22,147.382,111.425,5,0.734375,1,0.0272675
767,1791.02,139.279,102.835,4,0.686523,1,0.0268858
768,1819.76,137.587,109.829,4,0.697266,1,0.0261489
769,2887.84,162.032,111.425,5,0.785156,1,0.0268266
770,1819.76,139.279,110.903,4,0.708984,1,0.0264814
771,1768.44,137.212,109.829,4,0.707031,1,0.0260193
772,1815.68,141.649,110.903,4,0.737305,1,0.0258602
773,2860.33,158.207,110.903,5,0.755859,1,0.0263234
774,1813.59,141.895,111.425,4,0.727539,1,0.026214
775,1793.4,134.425,110.903,4,0.697266,1,0.0260454
776,2856.74,145.614,109.829,5,0.710938,1,0.0267669
777,1823.71,136.78,110.371,4,0.705078,1,0.0264682
778,2740.66,141.071,111.937,5,0.713867,1,0.0263825
779,1837.92,145.283,109.829,4,0.71582,1,0.0266845
780,2903.85,144.587,110.903,5,0.72168,1,0.0265111
781,2891.12,145.205,110.903,5,0.728516,1,0.0264957
782,4080.24,151.441,111.425,6,0.751953,1,0.0268804
783,1807.12,145.054,64,4,0.692383,0,0.0262652
784,1823.71,149.342,110.371,4,0.739258,1,0.0267552
785,2819.22,143.404,110.371,5,0.719727,1,0.0266628
786,1793.4,134.052,68,4,0.665039,0,0.0268851
787,1802.66,130.927,104.312,4,0.666992,1,0.0268777
788,2853.13,140.295,105,5,0.681641,1,0.026734
789,1807.12,147.502,111.937,4,0.743164,1,0.0270075
790,1800.39,136.884,110.903,4,0.707031,1,0.0268709
791,2815.31,144.885,111.425,5,0.725586,1,0.0274837
792,2900.72,153.708,111.937,5,0.744141,1,0.027604
793,1811.47,141.658,111.425,4,0.724609,1,0.0272542
794,1825.63,144.417,110.903,4,0.716797,1,0.0277471
795,4282.57,158.251,111.425,6,0.75,1,0.0279598
796,5830.11,140.681,110.903,7,0.700195,1,0.0275453
797,2915.92,136.281,110.371,5,0.6875,1,0.0277838
798,2874.36,151.194,111.425,5,0.737305,1,0.027605
799,1823.71,151.033,112.934,4,0.742188,1,0.0279447
800,1825.63,149.816,111.937,4,0.746094,1,0.0278782
801,2870.9,134.388,110.903,5,0.683594,1,0.0282782
802,2870.9,150.702,111.937,5,0.738281,1,0.0285648
803,1809.31,142.504,111.425,4,0.711914,1,0.0284009
804,2863.89,155.064,111.425,5,0.746094,1,0.0287151
805,2918.83,140.285,108.709,5,0.6875,1,0.0283552
806,1807.12,139.837,111.937,4,0.72168,1,0.0285489
807,2894.36,147.494,68,5,0.689453,0,0.0284133
808,1807.12,136.606,110.903,4,0.694336,1,0.027885
809,1827.51,139.358,110.371,4,0.695312,1,0.0282991
810,2842.09,143.355,111.937,5,0.711914,1,0.0282003
811,2863.89,147.021,111.425,5,0.71582,1,0.0282633
812,1802.66,147.155,111.937,4,0.726562,1,0.0285927
813,2877.78,139.877,111.937,5,0.709961,1,0.0278214
814,1815.68,134.78,107.538,4,0.678711,1,0.0280455
815,2884.52,150.797,110.371,5,0.714844,1,0.0283799
816,1829.35,141.537,66,4,0.675781,0,0.0281939
817,1752.35,135.904,109.275,4,0.686523,1,0.0284759
818,1811.47,137.987,110.903,4,0.701172,1,0.0279633
819,2863.89,146.211,110.903,5,0.723633,1,0.0279172
820,1836.29,145.928,111.937,4,0.741211,1,0.0278467
821,1807.12,127.31,110.903,4,0.665039,1,0.0283299
822,1793.4,145.433,112.44,4,0.732422,1,0.0289294
823,2863.89,130.889,61,5,0.644531,0,0.0284348
824,1773.62,139.854,107.538,4,0.688477,1,0.02788
825,2849.48,152.388,111.937,5,0.738281,1,0.0282005
826,1778.72,139.531,109.829,4,0.695312,1,0.0280472
827,1817.74,144.539,110.903,4,0.710938,1,0.0285257
828,2856.74,142.654,110.903,5,0.707031,1,0.0282617
829,2900.72,147.32,102.835,5,0.695312,1,0.0281289
830,2766.4,155.305,111.425,5,0.748047,1,0.0277618
831,2803.43,143.913,109.275,5,0.705078,1,0.0274951
832,1813.59,152.906,111.937,4,0.746094,1,0.0273781
833,2856.74,145.569,111.937,5,0.71582,1,0.0279848
834,2867.41,151.004,111.425,5,0.730469,1,0.0278941
835,1831.15,158.47,111.937,4,0.763672,1,0.0279983
836,1807.12,139.187,111.937,4,0.708984,1,0.0281758
837,2870.9,158.447,112.934,5,0.755859,1,0.0280951
838,1831.15,140.25,111.937,4,0.707031,1,0.028192
839,1823.71,151.909,110.903,4,0.727539,1,0.0284732
840,1819.76,151.642,112.44,4,0.742188,1,0.0280258
841,1823.71,152.837,111.937,4,0.741211,1,0.0281704
842,2897.56,144.056,111.937,5,0.716797,1,0.0283531
843,2877.78,147.061,111.425,5,0.72168,1,0.0286957
844,2887.84,141.86,109.829,5,0.697266,1,0.0279167
845,1763.17,148.873,112.44,4,0.745117,1,0.0284161
846,1821.75,148.986,76,4,0.709961,0,0.0283697
847,1819.76,149.427,111.937,4,0.737305,1,0.0284591
848,1809.31,146.932,111.937,4,0.736328,1,0.0284939
849,4210.99,147.381,110.903,6,0.708984,1,0.0290412
850,1815.68,142.536,110.371,4,0.708984,1,0.0286961
851,2842.09,143.261,109.829,5,0.698242,1,0.0285391
852,1825.63,151.525,111.425,4,0.731445,1,0.0285567
853,1825.63,143.028,112.934,4,0.728516,1,0.0286977
854,1815.68,146.766,114.366,4,0.750977,1,0.0289572
855,2877.78,154.626,112.934,5,0.748047,1,0.0289304
856,1788.61,153.018,112.934,4,0.737305,1,0.0292631
857,1829.35,143.564,110.903,4,0.708984,1,0.0286703
858,2863.89,156.395,113.419,5,0.745117,1,0.0294813
859,1776.18,150.718,113.419,4,0.745117,1,0.0299397
860,2874.36,152.608,113.419,5,0.759766,1,0.0295674
861,4176.45,145.958,104.312,6,0.686523,1,0.0291941
862,5920.14,155.434,112.934,7,0.733398,1,0.0295457
863,1815.68,152.407,113.897,4,0.75293,1,0.029495
864,1798.09,137.834,111.937,4,0.707031,1,0.0287057
865,2870.9,164.635,111.937,5,0.761719,1,0.0296207
866,1809.31,140.319,109.829,4,0.693359,1,0.0290699
867,5836.42,148.847,73,7,0.692383,0,0.0299581
868,1817.74,155.371,113.897,4,0.755859,1,0.0294763
869,1800.39,149.445,112.934,4,0.736328,1,0.0298648
870,4206.17,161.669,110.903,6,0.740234,1,0.0303981
871,1823.71,151.592,112.44,4,0.736328,1,0.0300569
872,1705.93,152.854,113.897,4,0.751953,1,0.0301595
873,2867.41,146.734,111.937,5,0.720703,1,0.0296258
874,2826.95,150.763,111.937,5,0.735352,1,0.0297691
875,1807.12,157.554,112.934,4,0.751953,1,0.0304675
876,2849.48,137.149,109.275,5,0.675781,1,0.0302099
877,2897.56,160.242,112.934,5,0.749023,1,0.0307109
878,1807.12,142.4,111.937,4,0.704102,1,0.0305369
879,1807.12,143.379,109.275,4,0.691406,1,0.0301247
880,1776.18,133.853,109.829,4,0.673828,1,0.0299487
881,1773.62,141.55,113.419,4,0.716797,1,0.0305792
882,2849.48,162.414,114.828,5,0.768555,1,0.0308177
883,2897.56,152.604,113.897,5,0.735352,1,0.0313247
884,4239.12,155.7,111.937,6,0.741211,1,0.0302378
885,1798.09,142.269,111.425,4,0.706055,1,0.0300209
886,4150.74,146.808,112.934,6,0.727539,1,0.0308346
887,2874.36,167.191,113.897,5,0.774414,1,0.0307783
888,2787.22,148.45,110.903,5,0.708984,1,0.0306267
889,2894.36,152.824,113.897,5,0.725586,1,0.0307729
890,4057.57,150.407,114.366,6,0.748047,1,0.0308462
891,1841.02,149.348,114.828,4,0.745117,1,0.0311546
892,2795.37,150.444,113.897,5,0.728516,1,0.0312034
893,2803.43,149.544,115.282,5,0.758789,1,0.0311871
894,1815.68,146.446,112.934,4,0.711914,1,0.0310755
895,2830.78,160.769,114.828,5,0.768555,1,0.0310566
896,1817.74,157.699,112.934,4,0.749023,1,0.0312647
897,1811.47,141.955,113.419,4,0.713867,1,0.0314625
898,2891.12,154.951,113.419,5,0.734375,1,0.0309321
899,4225.24,166.032,113.419,6,0.74707,1,0.0316619
900,4243.67,156.834,115.282,6,0.75293,1,0.0313866
901,1802.66,152.569,114.828,4,0.741211,1,0.0319758
902,1778.72,150.21,115.282,4,0.740234,1,0.0323002
903,1815.68,148.152,111.937,4,0.705078,1,0.032003
904,4176.45,161.304,115.282,6,0.755859,1,0.0321841
905,2877.78,150.656,113.897,5,0.713867,1,0.0321251
906,2849.48,157.72,112.44,5,0.748047,1,0.0315079
907,2863.89,160.536,113.897,5,0.753906,1,0.0318816
908,1804.91,160.742,116.17,4,0.788086,1,0.032517
909,2834.58,156.498,114.828,5,0.755859,1,0.0321423
910,2819.22,158.079,115.729,5,0.771484,1,0.0323708
911,2884.52,156.146,115.282,5,0.744141,1,0.0329609
912,2770.61,160.297,115.282,5,0.762695,1,0.0324731
913,2877.78,161.103,115.729,5,0.756836,1,0.033141
914,2823.1,153.583,114.828,5,0.742188,1,0.0331557
915,2803.43,167.036,116.603,5,0.798828,1,0.0334197
916,1778.72,146.363,114.828,4,0.720703,1,0.0329708
917,1717.99,141.571,113.897,4,0.699219,1,0.0324455
918,1802.66,145.943,111.425,4,0.702148,1,0.0330918
919,1795.76,149.532,115.282,4,0.731445,1,0.0329418
920,1831.15,154.804,115.729,4,0.750977,1,0.0334739
921,2856.74,162.885,116.603,5,0.772461,1,0.0335665
922,2856.74,167.209,115.729,5,0.761719,1,0.0333686
923,1798.09,158.055,115.729,4,0.748047,1,0.0335032
924,1763.17,148.317,71,4,0.685547,0,0.0329241
925,1708.97,156.055,115.729,4,0.768555,1,0.0333319
926,2877.78,151.674,113.419,5,0.727539,1,0.0328737
927,2791.31,157.215,114.828,5,0.743164,1,0.0334814
928,2815.31,156.915,115.729,5,0.751953,1,0.0338527
929,1788.61,152.734,114.828,4,0.734375,1,0.0336561
930,2826.95,150.92,115.729,5,0.727539,1,0.0339991
931,2863.89,160.852,113.897,5,0.738281,1,0.0335922
932,1815.68,164.517,115.729,4,0.773438,1,0.0333819
933,2834.58,153.82,114.828,5,0.733398,1,0.0337426
934,1811.47,147.606,108.709,4,0.695312,1,0.0334841
935,2745.01,159.023,115.282,5,0.751953,1,0.0335861
936,2762.17,158.147,114.828,5,0.745117,1,0.0338815
937,1771.04,150.485,115.729,4,0.735352,1,0.0336357
938,1752.35,142.52,111.937,4,0.693359,1,0.0334259
939,1757.8,154.014,115.729,4,0.746094,1,0.0331796
940,1798.09,146.617,112.934,4,0.698242,1,0.0337923
941,2870.9,155.445,115.282,5,0.739258,1,0.0334459
942,2870.9,152.234,111.937,5,0.706055,1,0.0335942
943,1823.71,150.406,113.897,4,0.720703,1,0.0331801
944,2815.31,170.65,116.17,5,0.783203,1,0.033564
945,1763.17,153.727,115.282,4,0.736328,1,0.0332093
946,2845.8,143.585,115.729,5,0.707031,1,0.0336599
947,2745.01,148.379,115.729,5,0.714844,1,0.0334945
948,2815.31,145.452,114.828,5,0.704102,1,0.0338936
949,1813.59,153.067,116.17,4,0.745117,1,0.0331711
950,1823.71,155.065,116.603,4,0.754883,1,0.0342922
951,1804.91,153.243,112.934,4,0.714844,1,0.033704
952,2903.85,146.763,114.828,5,0.717773,1,0.0330665
953,1760.49,149.207,116.17,4,0.727539,1,0.0346767
954,2834.58,160.701,115.729,5,0.751953,1,0.034292
955,2749.33,149.733,115.729,5,0.738281,1,0.0337349
956,2740.66,147.177,110.371,5,0.69043,1,0.0335938
957,1726.84,142.763,115.282,4,0.710938,1,0.0334335
958,1807.12,149.658,114.828,4,0.717773,1,0.0336758
959,2860.33,163.868,116.603,5,0.789062,1,0.0335172
960,1827.51,159.552,117.865,4,0.776367,1,0.0341521
961,4068.96,165.379,116.603,6,0.770508,1,0.0341353
962,1778.72,152.946,115.282,4,0.727539,1,0.034397
963,1778.72,148.371,114.828,4,0.71875,1,0.0341091
964,2823.1,162.663,118.273,5,0.775391,1,0.0346827
965,2811.38,164.124,117.03,5,0.782227,1,0.034802
966,1778.72,156.576,116.17,4,0.75293,1,0.0341587
967,2834.58,154.707,115.729,5,0.71875,1,0.0352754
968,1827.51,139.997,113.897,4,0.68457,1,0.0345348
969,1738.37,154.199,116.603,4,0.748047,1,0.0343749
970,1804.91,166.625,116.603,4,0.776367,1,0.0347364
971,1793.4,147.375,116.603,4,0.733398,1,0.0338477
972,4091.41,154.05,114.828,6,0.708008,1,0.0352693
973,1798.09,158.703,113.897,4,0.740234,1,0.0353974
974,2849.48,158.292,114.828,5,0.745117,1,0.0348136
975,1825.63,143.846,111.937,4,0.6875,1,0.0345148
976,2884.52,152.72,116.17,5,0.743164,1,0.0342655
977,1768.44,159.281,115.282,4,0.759766,1,0.0341118
978,2774.8,149.814,112.934,5,0.712891,1,0.0339863
979,2766.4,153.045,114.828,5,0.729492,1,0.0344286
980,1765.81,143.703,115.282,4,0.711914,1,0.0342982
981,2867.41,158.589,113.419,5,0.733398,1,0.0344479
982,2830.78,141.923,111.937,5,0.683594,1,0.0343101
983,1811.47,154.222,116.17,4,0.74707,1,0.0339253
984,1749.6,156.792,112.934,4,0.729492,1,0.0337137
985,1763.17,158.25,115.729,4,0.760742,1,0.0341103
986,1802.66,152.777,115.729,4,0.732422,1,0.0343072
987,2803.43,151.49,113.897,5,0.719727,1,0.0340396
988,2815.31,148.155,76,5,0.679688,0,0.0340979
989,2900.72,166.77,114.828,5,0.754883,1,0.0340648
990,1793.4,155.138,116.17,4,0.75293,1,0.0339395
991,1813.59,159.065,116.17,4,0.758789,1,0.0333319
992,1809.31,154.175,115.729,4,0.743164,1,0.0345789
993,2877.78,158.367,113.897,5,0.745117,1,0.0338674
994,1829.35,154.263,115.282,4,0.742188,1,0.0339616
995,2823.1,165.904,117.45,5,0.78125,1,0.0342942
996,1802.66,157.902,116.603,4,0.753906,1,0.0343757
997,2753.63,157.834,115.729,5,0.759766,1,0.0340656
998,2753.63,151.815,111.425,5,0.71582,1,0.0345078
999,2863.89,161.164,116.17,5,0.764648,1,0.0340935
1000,2774.8,156.874,114.366,5,0.734375,1,0.034352
1001,1757.8,155.142,111.425,4,0.727539,1,0.0344543
1002,2783.1,162.828,113.419,5,0.75,1,0.0338507
1003,2842.09,158.855,115.729,5,0.765625,1,0.0333571
1004,2811.38,157.519,114.366,5,0.738281,1,0.0339605
1005,2849.48,147.511,115.729,5,0.719727,1,0.034223
1006,1781.23,155.686,114.828,4,0.749023,1,0.0339738
1007,4134.93,154.795,114.828,6,0.736328,1,0.0336815
1008,2887.84,149.86,112.934,5,0.704102,1,0.0340736
1009,1802.66,169.18,115.729,4,0.782227,1,0.0338717
1010,2903.85,166.187,116.17,5,0.758789,1,0.0345897
1011,1778.72,153.89,115.282,4,0.74707,1,0.033708
1012,2811.38,170.626,114.366,5,0.765625,1,0.0343884
1013,1776.18,164.859,114.828,4,0.757812,1,0.0351749
1014,2856.74,164.62,115.282,5,0.767578,1,0.0348484
1015,1811.47,150.555,115.282,4,0.728516,1,0.0343703
1016,2819.22,160.042,115.729,5,0.745117,1,0.0348968
1017,1807.12,143.959,113.897,4,0.703125,1,0.0345522
1018,1781.23,152.063,113.419,4,0.710938,1,0.0352306
1019,1765.81,157.304,113.897,4,0.738281,1,0.0349299
1020,1798.09,153.92,117.45,4,0.742188,1,0.0350015
1021,1802.66,161.884,111.937,4,0.724609,1,0.0352787
1022,1791.02,154.461,116.603,4,0.741211,1,0.035114
1023,1776.18,145.792,117.45,4,0.731445,1,0.0351645
1024,1768.44,160.445,117.865,4,0.777344,1,0.0348729
1025,1757.8,144.633,114.828,4,0.705078,1,0.0350218
1026,1788.61,153.268,118.675,4,0.767578,1,0.0349859
1027,2834.58,152.279,114.366,5,0.71875,1,0.0346377
1028,2884.52,163.418,115.282,5,0.75,1,0.03532
1029,2731.9,163.564,117.45,5,0.772461,1,0.0361785
1030,1788.61,147.989,117.45,4,0.737305,1,0.0362149
1031,2877.78,174.234,116.603,5,0.780273,1,0.0364618
1032,1741.21,153.46,117.45,4,0.742188,1,0.0358549
1033,1778.72,166.42,115.729,4,0.771484,1,0.036023
1034,2766.4,169.016,116.603,5,0.773438,1,0.0361033
1035,4215.78,168.407,115.729,6,0.757812,1,0.0359627
1036,2787.22,157.369,118.273,5,0.760742,1,0.0359974
1037,1798.09,161.012,117.45,4,0.782227,1,0.0356632
1038,4113.41,162.651,116.17,6,0.74707,1,0.035748
1039,1800.39,165.224,116.17,4,0.772461,1,0.0353294
1040,3721.33,160.385,115.282,6,0.737305,1,0.0361467
1041,2826.95,164.559,116.17,5,0.761719,1,0.036017
1042,1755.09,155.097,115.282,4,0.728516,1,0.0357106
1043,1815.68,144.431,101,4,0.68457,0,0.034284
1044,1800.39,160.545,114.828,4,0.743164,1,0.0350332
1045,1788.61,146.58,113.897,4,0.695312,1,0.0354442
1046,1741.21,147.104,117.45,4,0.729492,1,0.03598
1047,2849.48,151.261,113.897,5,0.706055,1,0.0353415
1048,1717.99,145.675,115.282,4,0.713867,1,0.0356354
1049,1793.4,153.699,118.273,4,0.762695,1,0.0358718
1050,2884.52,157.05,115.729,5,0.734375,1,0.0354407
1051,2799.41,146.749,104.312,5,0.685547,1,0.0346778
1052,2870.9,149.52,115.729,5,0.722656,1,0.0349992
1053,1823.71,143.588,113.897,4,0.697266,1,0.0350506
1054,1823.71,151.795,115.729,4,0.732422,1,0.0350713
1055,1807.12,141.435,115.729,4,0.706055,1,0.0350162
1056,2757.91,155.651,115.282,5,0.726562,1,0.0356789
1057,1778.72,146.671,113.897,4,0.707031,1,0.0348363
1058,2856.74,166.835,114.366,5,0.75,1,0.0351114
1059,1768.44,157.515,115.729,4,0.736328,1,0.0353834
1060,2778.96,172.393,116.603,5,0.807617,1,0.0358309
1061,4239.12,172.033,117.865,6,0.794922,1,0.0364244
1062,1798.09,158.454,115.729,4,0.75,1,0.035791
1063,2740.66,148.948,112.934,5,0.702148,1,0.0352137
1064,4150.74,155.54,113.897,6,0.726562,1,0.0354426
1065,1798.09,156.599,116.603,4,0.749023,1,0.0353444
1066,2877.78,151.036,115.729,5,0.733398,1,0.0354873
1067,2753.63,155.383,115.729,5,0.736328,1,0.0354223
1068,4161.13,155.334,117.03,6,0.738281,1,0.0356514
1069,1815.68,158.26,117.03,4,0.753906,1,0.0355775
1070,2807.41,160.934,117.45,5,0.756836,1,0.0359703
1071,4102.47,159.033,115.729,6,0.743164,1,0.0364904
1072,1795.76,155.674,117.45,4,0.750977,1,0.0367786
1073,1763.17,159.67,117.45,4,0.764648,1,0.0361198
1074,1783.71,154.772,116.603,4,0.740234,1,0.036167
1075,1738.37,153.97,116.603,4,0.74707,1,0.0363075
1076,1690.48,149.233,115.729,4,0.723633,1,0.0357876
1077,2838.35,154.682,115.729,5,0.720703,1,0.0361099
1078,2826.95,158.409,115.729,5,0.744141,1,0.0354127
1079,1778.72,156.311,117.45,4,0.745117,1,0.03587
1080,1798.09,149.853,116.17,4,0.720703,1,0.0356389
1081,1825.63,151.258,113.897,4,0.72168,1,0.0346142
1082,2740.66,157.659,116.603,5,0.749023,1,0.0352808
1083,1823.71,157.839,117.45,4,0.761719,1,0.0352442
1084,1788.61,147.066,115.729,4,0.717773,1,0.0357521
1085,2860.33,158.86,116.603,5,0.744141,1,0.036136
1086,2823.1,154.879,115.729,5,0.731445,1,0.0356191
1087,1715,160.083,116.17,4,0.761719,1,0.0358492
1088,1788.61,144.147,114.828,4,0.703125,1,0.0359206
1089,2834.58,158.095,119.071,5,0.775391,1,0.0362076
1090,2838.35,158.013,116.17,5,0.745117,1,0.0360296
1091,2731.9,155.172,115.729,5,0.739258,1,0.0359924
1092,2811.38,158.636,114.828,5,0.729492,1,0.0358443
1093,2887.84,157.272,116.17,5,0.743164,1,0.0351751
1094,1846.55,163.518,117.45,4,0.773438,1,0.0357592
1095,2887.84,162.967,116.17,5,0.740234,1,0.0358527
1096,2736.29,161.569,118.273,5,0.769531,1,0.0357541
1097,2705.11,169.301,118.675,5,0.802734,1,0.0363765
1098,2819.22,152.589,115.729,5,0.724609,1,0.0364826
1099,2749.33,155.199,116.17,5,0.735352,1,0.0363308
1100,2819.22,154.987,116.17,5,0.734375,1,0.0363255
1101,1827.51,156.382,116.603,4,0.754883,1,0.0357331
1102,2826.95,150.865,114.828,5,0.714844,1,0.0358678
1103,2736.29,160.727,118.273,5,0.765625,1,0.0365053
1104,4118.83,157.317,118.675,6,0.748047,1,0.0363886
1105,1809.31,158.041,116.603,4,0.753906,1,0.0358584
1106,1827.51,171.582,119.462,4,0.80957,1,0.0365162
1107,2815.31,154.733,111.937,5,0.710938,1,0.0361523
1108,2795.37,165.712,117.45,5,0.780273,1,0.0372791
1109,1804.91,161.936,116.17,4,0.748047,1,0.0376903
1110,2819.22,174.273,117.865,5,0.795898,1,0.0371478
1111,2845.8,156.494,118.273,5,0.75,1,0.036771
1112,2753.63,155.249,117.865,5,0.74707,1,0.0370758
1113,4129.59,165.274,118.273,6,0.754883,1,0.0359761
1114,2863.89,168.066,118.273,5,0.789062,1,0.0365805
1115,1788.61,156.07,117.45,4,0.745117,1,0.0365585
1116,1811.47,154.22,116.603,4,0.740234,1,0.036907
1117,2799.41,159.371,115.729,5,0.739258,1,0.0364648
1118,2787.22,167.528,117.45,5,0.762695,1,0.0359502
1119,1783.71,165.913,117.865,4,0.776367,1,0.0367956
1120,1773.62,161.762,118.675,4,0.774414,1,0.0363207
1121,4080.24,160.936,109.829,6,0.727539,1,0.036381
1122,1807.12,152.992,114.828,4,0.727539,1,0.0360235
1123,1795.76,153.485,115.729,4,0.730469,1,0.0356396
1124,2811.38,155.953,116.603,5,0.743164,1,0.0357422
1125,1773.62,147.828,114.828,4,0.701172,1,0.0361378
1126,2811.38,156.321,117.45,5,0.750977,1,0.0365271
1127,2891.12,154.041,117.865,5,0.743164,1,0.0359335
1128,1793.4,168.145,117.45,4,0.77832,1,0.0360068
1129,1773.62,155.871,116.17,4,0.740234,1,0.0362217
1130,2819.22,161.689,117.45,5,0.767578,1,0.0360472
1131,2787.22,152.663,117.45,5,0.745117,1,0.0362195
1132,1819.76,151.312,116.17,4,0.729492,1,0.0359238
1133,2860.33,151.45,115.729,5,0.726562,1,0.0361617
1134,1783.71,155.889,118.273,4,0.766602,1,0.036302
1135,1763.17,145.824,117.45,4,0.725586,1,0.035677
1136,1763.17,143.05,117.45,4,0.722656,1,0.0363094
1137,2884.52,177.644,118.273,5,0.794922,1,0.0368343
1138,2830.78,167.94,116.603,5,0.765625,1,0.0359866
1139,1723.91,144.632,118.273,4,0.727539,1,0.0363832
1140,5717,172.513,118.675,7,0.791016,1,0.0365218
1141,2838.35,161.765,118.273,5,0.751953,1,0.0370817
1142,2778.96,158.618,118.675,5,0.766602,1,0.036143
1143,1781.23,156.002,116.17,4,0.728516,1,0.0370683
1144,2795.37,170.197,117.45,5,0.766602,1,0.0374242
1145,1831.15,157.69,118.273,4,0.759766,1,0.0364683
1146,2787.22,149.972,118.273,5,0.728516,1,0.0367691
1147,1788.61,149.343,119.071,4,0.748047,1,0.0371613
1148,2853.13,169.276,119.071,5,0.790039,1,0.0370952
1149,1804.91,160.481,118.273,4,0.75293,1,0.0370304
1150,4191.47,164.028,119.071,6,0.756836,1,0.0373586
1151,2731.9,153.833,114.828,5,0.716797,1,0.0374205
1152,1786.17,149.955,106.93,4,0.691406,1,0.0369612
1153,1763.17,159.05,118.273,4,0.754883,1,0.0363891
1154,5282.07,154.22,116.603,7,0.720703,1,0.0366617
1155,1757.8,153.76,118.273,4,0.740234,1,0.0378911
1156,2753.63,159.007,119.462,5,0.770508,1,0.0380101
1157,2834.58,149.492,115.729,5,0.701172,1,0.0375246
1158,2762.17,169.196,117.865,5,0.765625,1,0.0375807
1159,1809.31,147.383,118.675,4,0.730469,1,0.0372882
1160,1791.02,157.582,115.282,4,0.724609,1,0.0371436
1161,2815.31,155.338,117.45,5,0.737305,1,0.0369348
1162,1804.91,161.254,118.273,4,0.759766,1,0.0368448
1163,1755.09,153.604,118.675,4,0.744141,1,0.0373859
1164,2762.17,169.864,118.675,5,0.78418,1,0.0374645
1165,2867.41,164.165,117.45,5,0.762695,1,0.0368027
1166,2731.9,152.147,114.828,5,0.711914,1,0.0372947
1167,2819.22,154.552,118.675,5,0.738281,1,0.0374865
1168,1815.68,164.119,119.462,4,0.788086,1,0.0376825
1169,2762.17,164.52,119.071,5,0.77832,1,0.037766
1170,1712,150.842,118.675,4,0.744141,1,0.0372779
1171,1768.44,162.408,118.273,4,0.753906,1,0.0377732
1172,2762.17,172.408,119.071,5,0.790039,1,0.0380907
1173,2749.33,154.512,118.273,5,0.739258,1,0.0372279
1174,2795.37,156.804,117.865,5,0.731445,1,0.0378042
1175,1723.91,165.841,119.071,4,0.779297,1,0.0384543
1176,2783.1,154.087,118.675,5,0.745117,1,0.0377027
1177,2826.95,152.295,119.071,5,0.737305,1,0.0380713
1178,1746.82,144.332,111.425,4,0.691406,1,0.0371521
1179,2731.9,167.492,119.847,5,0.803711,1,0.0381719
1180,2736.29,144.938,113.897,5,0.685547,1,0.0372729
1181,2766.4,158.129,117.865,5,0.745117,1,0.0380864
1182,1763.17,153.246,119.071,4,0.74707,1,0.0380298
1183,4107.95,157.661,119.847,6,0.751953,1,0.0390482
1184,2778.96,160.75,119.847,5,0.755859,1,0.0386714
1185,4057.57,160.803,119.847,6,0.774414,1,0.0380792
1186,4176.45,161.545,119.071,6,0.755859,1,0.0381685
1187,2731.9,146.747,117.45,5,0.703125,1,0.0378061
1188,1717.99,140.228,117.03,4,0.685547,1,0.037915
1189,2745.01,160.35,118.273,5,0.74707,1,0.0382407
1190,1802.66,164.565,119.071,4,0.77832,1,0.0380839
1191,1778.72,163.015,119.071,4,0.757812,1,0.037705
1192,4107.95,157.033,118.273,6,0.745117,1,0.0383229
1193,4201.3,159.709,118.675,6,0.734375,1,0.0384723
1194,2740.66,148.715,119.071,5,0.722656,1,0.0383235
1195,1773.62,160.253,119.071,4,0.75,1,0.0379977
1196,2826.95,159.359,119.462,5,0.756836,1,0.0381136
1197,2749.33,161.228,118.273,5,0.746094,1,0.0379888
1198,2762.17,170.901,119.847,5,0.796875,1,0.0384111
1199,2736.29,153.501,118.273,5,0.726562,1,0.0372457
1200,1744.03,159.91,118.273,4,0.755859,1,0.0374215
1201,4080.24,164.084,119.847,6,0.771484,1,0.0383706
1202,2860.33,166.655,118.273,5,0.760742,1,0.03792
1203,2753.63,153.504,116.603,5,0.708008,1,0.037513
1204,2849.48,147.875,118.675,5,0.732422,1,0.037702
1205,1763.17,154.596,119.071,4,0.756836,1,0.0378941
1206,2826.95,156.467,117.865,5,0.729492,1,0.0373822
1207,2736.29,155.054,118.273,5,0.733398,1,0.0378164
1208,2826.95,156.894,119.847,5,0.764648,1,0.0372541
1209,2863.89,150.107,117.45,5,0.708984,1,0.0372988
1210,4186.5,154.308,114.828,6,0.711914,1,0.0374126
1211,2860.33,161.06,119.462,5,0.772461,1,0.0373085
1212,2838.35,162.507,119.847,5,0.766602,1,0.0377947
1213,2740.66,158.214,118.675,5,0.756836,1,0.0371548
1214,1757.8,153.659,119.071,4,0.741211,1,0.0379614
1215,2766.4,163.045,119.847,5,0.786133,1,0.0375063
1216,2823.1,155.923,117.45,5,0.726562,1,0.0377247
1217,2838.35,164.265,115.729,5,0.732422,1,0.0383491
1218,2736.29,142.811,115.729,5,0.679688,1,0.0375787
1219,4161.13,155.5,119.071,6,0.741211,1,0.0375564
1220,1768.44,139.797,118.675,4,0.713867,1,0.0368798
1221,1763.17,153.222,119.071,4,0.736328,1,0.0377478
1222,1755.09,141.972,115.729,4,0.688477,1,0.0375351
1223,1755.09,149.707,117.03,4,0.71875,1,0.0368219
1224,2874.36,156.647,118.273,5,0.728516,1,0.0377698
1225,1729.75,143.228,116.603,4,0.699219,1,0.0371273
1226,1778.72,163.598,117.45,4,0.754883,1,0.037604
1227,1763.17,154.66,118.675,4,0.742188,1,0.0374365
1228,1765.81,143.087,117.865,4,0.707031,1,0.0368593
1229,2823.1,165.109,119.071,5,0.760742,1,0.0381113
1230,2849.48,149.269,118.273,5,0.712891,1,0.0378491
1231,2891.12,173.885,119.847,5,0.791992,1,0.0381263
1232,1757.8,158.981,118.675,4,0.753906,1,0.0385139
1233,1763.17,161.809,119.847,4,0.790039,1,0.0386068
1234,1809.31,162.941,119.071,4,0.772461,1,0.0376129
1235,2803.43,161.736,115.282,5,0.731445,1,0.0378278
1236,2731.9,157.403,119.847,5,0.769531,1,0.0379368
1237,1807.12,161.103,117.45,4,0.738281,1,0.0373987
1238,2745.01,147.673,118.273,5,0.711914,1,0.0370993
1239,2815.31,149.671,119.071,5,0.722656,1,0.0366426
1240,2740.66,157.761,119.847,5,0.800781,1,0.0376181
1241,2770.61,155.691,119.071,5,0.74707,1,0.0383894
1242,4206.17,157.155,119.071,6,0.735352,1,0.0383557
1243,2849.48,166.749,119.462,5,0.771484,1,0.0380668
1244,1768.44,146.256,116.603,4,0.695312,1,0.0378223
1245,1717.99,149.532,119.071,4,0.728516,1,0.0382822
1246,2787.22,151.715,119.071,5,0.728516,1,0.038533
1247,2787.22,147.818,117.45,5,0.699219,1,0.0380396
1248,2791.31,167.372,119.071,5,0.762695,1,0.0379805
1249,2842.09,142.485,119.071,5,0.709961,1,0.0383304
1250,1763.17,156.709,119.847,4,0.748047,1,0.0388527
1251,1765.81,147.5,117.03,4,0.697266,1,0.0380384
1252,2770.61,168.784,119.847,5,0.791016,1,0.0381551
1253,1800.39,140.075,117.03,4,0.6875,1,0.0373805
1254,1781.23,152.883,119.071,4,0.743164,1,0.0378107
1255,2787.22,167.876,119.847,5,0.794922,1,0.0382451
1256,1791.02,155.023,105,4,0.702148,1,0.0372692
1257,1708.97,161.001,119.462,4,0.772461,1,0.037239
1258,1760.49,165.516,119.847,4,0.782227,1,0.0384491
1259,1802.66,151.403,119.462,4,0.729492,1,0.038432
1260,2770.61,154.306,119.071,5,0.739258,1,0.0382144
1261,2778.96,157.958,119.462,5,0.771484,1,0.0378632
1262,2766.4,157.557,118.273,5,0.743164,1,0.0378251
1263,1793.4,152.256,119.071,4,0.729492,1,0.0379572
1264,1773.62,149.263,119.071,4,0.723633,1,0.0378422
1265,1717.99,149.702,116.17,4,0.709961,1,0.0375467
1266,1802.66,162.253,119.462,4,0.767578,1,0.0374671
1267,1776.18,142.788,119.462,4,0.708984,1,0.0376696
1268,2783.1,154.844,119.847,5,0.756836,1,0.0381168
1269,2826.95,153.187,119.071,5,0.730469,1,0.0380058
1270,2826.95,154.114,119.071,5,0.727539,1,0.0381379
1271,2745.01,152.563,119.847,5,0.760742,1,0.0379749
1272,1802.66,156.636,119.847,4,0.745117,1,0.0379146
1273,2770.61,161.615,119.847,5,0.758789,1,0.0379995
1274,1755.09,150.918,118.675,4,0.724609,1,0.0373569
1275,1717.99,157.071,119.847,4,0.77832,1,0.0384481
1276,1771.04,157.98,119.071,4,0.760742,1,0.0382489
1277,1768.44,150.554,118.273,4,0.725586,1,0.0377066
1278,2874.36,167.84,118.273,5,0.755859,1,0.0375931
1279,2845.8,148.917,115.729,5,0.698242,1,0.0376343
1280,1749.6,156.67,119.071,4,0.740234,1,0.0374622
1281,1823.71,154.641,119.071,4,0.738281,1,0.0375044
1282,1771.04,173.465,119.847,4,0.791992,1,0.0388115
1283,1699.8,158.296,119.071,4,0.760742,1,0.0381565
1284,1696.71,150.002,119.462,4,0.74707,1,0.0374909
1285,4191.47,156.787,118.675,6,0.736328,1,0.0375442
1286,2849.48,169.564,119.462,5,0.786133,1,0.0384304
1287,1763.17,155.535,119.462,4,0.751953,1,0.0381467
1288,1768.44,165.898,119.847,4,0.765625,1,0.039342
1289,2762.17,164.128,118.675,5,0.75293,1,0.0381259
1290,1811.47,153.309,119.847,4,0.74707,1,0.0384883
1291,2731.9,162.295,119.071,5,0.75,1,0.0382764
1292,2834.58,170.402,119.847,5,0.791016,1,0.0387238
1293,1757.8,157.796,119.071,4,0.748047,1,0.0389971
1294,1791.02,155.451,119.071,4,0.739258,1,0.0392315
1295,4063.27,158.861,119.847,6,0.758789,1,0.0387965
1296,1781.23,167.406,119.847,4,0.791992,1,0.0391931
1297,2811.38,151.904,119.847,5,0.724609,1,0.0388624
1298,1768.44,142.571,115.729,4,0.681641,1,0.0386462
1299,2909.97,161.823,119.847,5,0.790039,1,0.0381926
1300,2842.09,165.43,119.847,5,0.766602,1,0.0391082
1301,2795.37,156.201,119.462,5,0.734375,1,0.0389905
1302,2906.93,158.989,119.847,5,0.748047,1,0.0395927
1303,4176.45,159.108,119.847,6,0.744141,1,0.0389461
1304,2894.36,165.905,119.847,5,0.774414,1,0.0393208
1305,2826.95,168.944,119.462,5,0.777344,1,0.0387259
1306,2795.37,160.646,119.847,5,0.760742,1,0.0387079
1307,1765.81,160.609,119.847,4,0.770508,1,0.0394848
1308,2736.29,153.229,119.847,5,0.731445,1,0.0384215
1309,1755.09,144.396,119.071,4,0.709961,1,0.0382305
1310,1732.64,160.952,119.847,4,0.776367,1,0.0390389
1311,1732.64,151.352,119.847,4,0.748047,1,0.0391959
1312,2727.49,168.488,119.462,5,0.773438,1,0.0390979
1313,2736.29,160.961,119.071,5,0.741211,1,0.0389599
1314,1720.96,148.128,119.071,4,0.71875,1,0.0391916
1315,1757.8,154.528,119.071,4,0.723633,1,0.0391583
1316,2826.95,162.839,119.847,5,0.750977,1,0.0389607
1317,1800.39,165.092,119.847,4,0.785156,1,0.039505
1318,4102.47,170.221,119.847,6,0.794922,1,0.038924
1319,2736.29,165.147,119.847,5,0.782227,1,0.0396138
1320,2856.74,158.24,119.847,5,0.737305,1,0.0392803
1321,2736.29,162.597,119.847,5,0.763672,1,0.0387295
1322,1771.04,163.536,119.847,4,0.777344,1,0.0388348
1323,2770.61,171.55,120.227,5,0.810547,1,0.0390985
1324,1778.72,160.84,118.675,4,0.745117,1,0.0389623
1325,2795.37,167.405,119.071,5,0.758789,1,0.0387298
1326,1788.61,158.542,119.847,4,0.756836,1,0.0385724
1327,1776.18,156.934,119.847,4,0.756836,1,0.0386274
1328,1757.8,147.063,119.071,4,0.723633,1,0.0380497
1329,2795.37,173.872,119.847,5,0.800781,1,0.0397665
1330,2770.61,166.093,119.847,5,0.782227,1,0.0386061
1331,4057.57,171.999,119.847,6,0.78125,1,0.0395427
1332,1786.17,172.613,119.847,4,0.790039,1,0.0386621
1333,2791.31,157.35,119.847,5,0.746094,1,0.0391372
1334,2753.63,163.311,119.847,5,0.782227,1,0.0388773
1335,2749.33,158.706,119.462,5,0.746094,1,0.0389036
1336,2787.22,153.727,119.847,5,0.732422,1,0.0386372
1337,2753.63,177.044,119.847,5,0.821289,1,0.0387569
1338,2826.95,155.557,118.675,5,0.727539,1,0.0378994
1339,1783.71,159.294,119.847,4,0.759766,1,0.0387464
1340,1802.66,157.745,119.847,4,0.755859,1,0.0388164
1341,4063.27,162.194,118.675,6,0.744141,1,0.0379419
1342,2823.1,156.666,119.847,5,0.763672,1,0.0381009
1343,2819.22,162.875,119.847,5,0.779297,1,0.0386852
1344,2774.8,161.527,119.462,5,0.749023,1,0.0392677
1345,1741.21,145.387,117.865,4,0.702148,1,0.0384766
1346,4210.99,162.943,119.462,6,0.75,1,0.0385273
1347,1773.62,162.42,119.847,4,0.776367,1,0.0390635
1348,2778.96,162.166,119.847,5,0.758789,1,0.0393384
1349,1800.39,153.446,119.847,4,0.734375,1,0.0390257
1350,1705.93,155.074,119.847,4,0.758789,1,0.0394328
1351,1786.17,155.047,119.071,4,0.736328,1,0.0390468
1352,1768.44,165.187,119.847,4,0.800781,1,0.0387655
1353,2749.33,169.786,118.675,5,0.760742,1,0.0398833
1354,2731.9,159.274,117.45,5,0.730469,1,0.0396438
1355,1771.04,149.403,118.273,4,0.708984,1,0.0385387
1356,2745.01,158.436,118.675,5,0.74707,1,0.0384941
1357,2826.95,154.431,119.462,5,0.731445,1,0.0387428
1358,1763.17,154.072,119.071,4,0.746094,1,0.0387109
1359,1760.49,149.509,119.071,4,0.724609,1,0.0390575
1360,2849.48,167.517,119.847,5,0.767578,1,0.0392742
1361,1791.02,149.192,119.071,4,0.71582,1,0.0388808
1362,1793.4,156.638,119.847,4,0.751953,1,0.0395109
1363,2823.1,160.002,119.071,5,0.740234,1,0.038933
1364,2826.95,166.332,119.847,5,0.764648,1,0.0390582
1365,1760.49,158.826,119.847,4,0.753906,1,0.0392603
1366,1771.04,150.633,119.847,4,0.736328,1,0.0395968
1367,2736.29,166.911,119.847,5,0.78125,1,0.0399053
1368,1768.44,165.715,119.847,4,0.773438,1,0.0388936
1369,2849.48,158.295,118.273,5,0.734375,1,0.0388341
1370,2778.96,164.765,119.847,5,0.777344,1,0.038983
1371,1723.91,152.996,119.462,4,0.736328,1,0.0389689
1372,1757.8,159.862,119.847,4,0.774414,1,0.0392336
1373,4063.27,167.157,119.847,6,0.78418,1,0.0392103
1374,2834.58,178.627,119.847,5,0.8125,1,0.0397504
1375,2778.96,154.989,119.071,5,0.736328,1,0.0391052
1376,1802.66,159.916,119.071,4,0.749023,1,0.0392412
1377,1765.81,158.649,119.847,4,0.779297,1,0.0395994
1378,1765.81,153.47,118.675,4,0.724609,1,0.0389042
1379,5571.53,173.443,119.847,7,0.806641,1,0.0396706
1380,2830.78,161.381,118.273,5,0.734375,1,0.039655
1381,1798.09,160.581,119.847,4,0.762695,1,0.0396817
1382,2753.63,157.39,119.847,5,0.756836,1,0.0393315
1383,2842.09,158.663,119.071,5,0.739258,1,0.0388605
1384,1800.39,162.884,119.847,4,0.774414,1,0.0389894
1385,5717,163.128,119.071,7,0.748047,1,0.0387487
1386,2845.8,163.104,119.847,5,0.741211,1,0.0395399
1387,1800.39,180.571,119.847,4,0.833008,1,0.0397326
1388,2749.33,161.165,118.675,5,0.732422,1,0.0391116
1389,2305.55,159.641,119.847,5,0.753906,1,0.0402444
1390,4057.57,176.702,119.071,6,0.772461,1,0.0391338
1391,1768.44,151.49,119.071,4,0.722656,1,0.0392751
1392,1757.8,165.177,119.462,4,0.756836,1,0.0395719
1393,2826.95,156.747,119.847,5,0.754883,1,0.0394306
1394,4118.83,151.771,105.663,6,0.692383,1,0.0400091
1395,2838.35,170.8,119.847,5,0.807617,1,0.0398019
1396,2823.1,159.999,119.847,5,0.75,1,0.0386785
1397,1720.96,153.663,119.847,4,0.733398,1,0.0399495
1398,1765.81,149.6,116.603,4,0.705078,1,0.0386969
1399,1815.68,163.772,119.462,4,0.759766,1,0.0391683
1400,2842.09,176.346,121.693,5,0.823242,1,0.0401766
1401,2753.63,165.638,119.847,5,0.776367,1,0.0398803
1402,2826.95,170.754,119.847,5,0.805664,1,0.03906
1403,2826.95,159.02,118.273,5,0.731445,1,0.0390283
1404,2903.85,156.332,119.071,5,0.729492,1,0.0393965
1405,1771.04,157.689,119.071,4,0.738281,1,0.0388647
1406,4102.47,176.754,119.847,6,0.793945,1,0.0391969
1407,4091.41,156.192,119.071,6,0.745117,1,0.0387048
1408,1809.31,156.059,119.847,4,0.735352,1,0.0394022
1409,2745.01,163.576,119.071,5,0.759766,1,0.0397267
1410,2787.22,158.744,119.847,5,0.753906,1,0.0396871
1411,1693.6,154.175,119.071,4,0.741211,1,0.0389417
1412,4074.61,172.047,119.462,6,0.769531,1,0.0398674
1413,1791.02,172.939,120.227,4,0.814453,1,0.0396858
1414,2863.89,161.528,119.071,5,0.751953,1,0.0387088
1415,1778.72,157.394,119.847,4,0.759766,1,0.0393877
1416,1768.44,162.659,119.847,4,0.770508,1,0.0389907
1417,1760.49,165.749,119.847,4,0.772461,1,0.0392914
1418,1765.81,155.384,119.847,4,0.758789,1,0.0390159
1419,4085.84,152.677,118.675,6,0.714844,1,0.0387478
1420,2778.96,157.747,117.03,5,0.727539,1,0.0389028
1421,4063.27,176.051,119.847,6,0.803711,1,0.0398202
1422,1804.91,166.436,119.847,4,0.774414,1,0.0391642
1423,1757.8,171.467,119.462,4,0.780273,1,0.0393996
1424,1800.39,158.647,119.847,4,0.757812,1,0.0396402
1425,2770.61,161.922,119.071,5,0.75293,1,0.0395492
1426,1757.8,157.651,119.847,4,0.760742,1,0.0390025
1427,1757.8,139.1,113.897,4,0.671875,1,0.0385881
1428,2757.91,157.401,118.273,5,0.730469,1,0.0387123
1429,2819.22,155.927,119.847,5,0.748047,1,0.0387074
1430,2282.43,162.677,119.071,5,0.758789,1,0.0393453
1431,2766.4,162.742,119.071,5,0.758789,1,0.0392138
1432,2838.35,155.576,117.865,5,0.71875,1,0.0387486
1433,2745.01,156.332,119.071,5,0.722656,1,0.0391844
1434,1690.48,148.687,119.847,4,0.757812,1,0.0389017
1435,1757.8,158.545,119.462,4,0.748047,1,0.0387686
1436,2815.31,159.524,119.071,5,0.742188,1,0.0387799
1437,1757.8,161.748,119.847,4,0.775391,1,0.0391576
1438,2762.17,153.25,118.675,5,0.727539,1,0.0386938
1439,2807.41,156.477,118.675,5,0.717773,1,0.0390775
1440,2736.29,171.891,119.847,5,0.794922,1,0.0394247
1441,2834.58,162.578,119.847,5,0.774414,1,0.0392737
1442,1802.66,163.304,119.847,4,0.794922,1,0.0390937
1443,2762.17,162.511,119.847,5,0.759766,1,0.038952
1444,1757.8,157.583,119.847,4,0.753906,1,0.0390499
1445,4057.57,178.041,119.847,6,0.802734,1,0.0389093
1446,1729.75,158.085,119.847,4,0.761719,1,0.0393258
1447,2935.25,164.387,119.847,5,0.751953,1,0.0391883
1448,2826.95,150.791,119.847,5,0.72168,1,0.0394636
1449,1811.47,163.752,119.847,4,0.759766,1,0.0394211
1450,4265.75,157.706,119.071,6,0.737305,1,0.0393293
1451,1800.39,147.45,119.071,4,0.709961,1,0.0400491
1452,2749.33,162.901,119.847,5,0.779297,1,0.0393669
1453,1778.72,164.25,119.847,4,0.78418,1,0.0406681
1454,2736.29,164.06,119.462,5,0.758789,1,0.0397605
1455,2823.1,172.637,119.847,5,0.789062,1,0.0394713
1456,1773.62,150.407,119.847,4,0.734375,1,0.0399757
1457,2731.9,170.528,119.847,5,0.795898,1,0.0400421
1458,2783.1,163.607,119.847,5,0.767578,1,0.0395436
1459,2838.35,161.496,119.847,5,0.765625,1,0.0395264
1460,2774.8,166.951,119.847,5,0.773438,1,0.0403138
1461,2740.66,161.74,120.227,5,0.773438,1,0.0403387
1462,1768.44,148.486,119.462,4,0.71582,1,0.0392381
1463,2887.84,163.378,119.847,5,0.779297,1,0.0390377
1464,1726.84,144.984,119.462,4,0.724609,1,0.038283
1465,4057.57,170.072,119.462,6,0.760742,1,0.0392847
1466,2823.1,162.993,119.847,5,0.75293,1,0.0394887
1467,1800.39,151.031,118.675,4,0.720703,1,0.039069
1468,4085.84,158.994,119.847,6,0.757812,1,0.039776
1469,4063.27,155.632,119.847,6,0.742188,1,0.0398769
1470,1757.8,163.56,119.847,4,0.777344,1,0.0396595
1471,2787.22,160.826,119.462,5,0.737305,1,0.0392907
1472,1776.18,159.819,119.847,4,0.745117,1,0.0396182
1473,1768.44,157.178,119.847,4,0.767578,1,0.0397714
1474,1757.8,152.734,119.847,4,0.746094,1,0.0386784
1475,2803.43,157.244,119.847,5,0.742188,1,0.0394075
1476,1757.8,173.702,120.227,4,0.817383,1,0.0395135
1477,1757.8,152.092,119.462,4,0.740234,1,0.0388504
1478,2791.31,161.359,115.729,5,0.741211,1,0.0388552
1479,2845.8,158,119.847,5,0.749023,1,0.0389757
1480,4118.83,158.092,116.17,6,0.720703,1,0.0389361
1481,4057.57,164.668,119.847,6,0.78418,1,0.0391424
1482,4181.49,166.18,119.847,6,0.761719,1,0.0395541
1483,1763.17,158.047,119.847,4,0.767578,1,0.0395748
1484,2740.66,153.514,119.847,5,0.739258,1,0.0396184
1485,2749.33,175.064,119.847,5,0.802734,1,0.0394255
1486,1795.76,157.772,119.847,4,0.742188,1,0.0399159
1487,1732.64,147.859,118.273,4,0.704102,1,0.0386008
1488,2766.4,160.517,119.847,5,0.763672,1,0.0388062
1489,2823.1,165.098,119.071,5,0.754883,1,0.0384867
1490,1760.49,159.077,119.847,4,0.774414,1,0.0392035
1491,2830.78,161.356,117.03,5,0.734375,1,0.0386823
1492,1768.44,161.916,119.847,4,0.763672,1,0.0395136
1493,2842.09,158.49,119.847,5,0.74707,1,0.0404671
1494,2745.01,161.938,119.847,5,0.755859,1,0.0400907
1495,1795.76,158.962,119.847,4,0.750977,1,0.0394165
1496,1802.66,153.821,119.847,4,0.742188,1,0.0400115
1497,4155.95,166.757,119.462,6,0.758789,1,0.0391406
1498,1760.49,156.879,119.847,4,0.755859,1,0.0388043
1499,1800.39,157.23,119.847,4,0.760742,1,0.0396046
