123.675
0,434.902,9.96157,4,2,0.0498047,0,0.00456361
1,108.13,8.29218,4,1,0.0400391,0,0.00422359
2,434.129,10.2526,5,2,0.0527344,0,0.00425951
3,110.903,7.88404,5,1,0.03125,0,0.00439224
4,435.151,9.86435,4,2,0.0439453,0,0.00430744
5,111.425,9.28755,5,1,0.0458984,0,0.00425655
6,435.053,10.133,5,2,0.0488281,0,0.00432875
7,434.818,10.0883,5,2,0.0458984,0,0.00435737
8,109.829,9.02211,5,1,0.0390625,0,0.00432996
9,435.149,11.4669,5,2,0.0546875,0,0.00444568
10,435.127,10.1311,5,2,0.0429688,0,0.00433187
11,1006.68,10.6559,4,3,0.0478516,0,0.00421253
12,434.412,10.2828,6,2,0.0458984,0,0.00458421
13,435.149,10.1715,6,2,0.046875,0,0.00441746
14,435.053,9.9326,6,2,0.0429688,0,0.00442442
15,435.151,10.942,6,2,0.046875,0,0.0046044
16,435.149,11.766,6,2,0.0556641,0,0.00441857
17,118.675,11.0121,6,1,0.0556641,0,0.00441952
18,112.44,9.3912,6,1,0.0380859,0,0.00438831
19,434.638,10.272,6,2,0.046875,0,0.00435713
20,435.149,11.0688,6,2,0.0498047,0,0.00441084
21,435.076,11.9442,6,2,0.0605469,0,0.00452229
22,435.151,12.7582,6,2,0.0615234,0,0.00441007
23,1011.78,15.7126,6,3,0.0830078,0,0.00450141
24,434.818,11.4939,6,2,0.0546875,0,0.00447531
25,434.954,12.1267,6,2,0.0615234,0,0.00441067
26,435.127,12.4309,6,2,0.0625,0,0.00436824
27,435.151,11.6101,6,2,0.0498047,0,0.00441431
28,1010.79,13.861,6,3,0.0683594,0,0.00437947
29,435.127,11.0701,6,2,0.0488281,0,0.00433998
30,435,12.2806,6,2,0.0566406,0,0.00447191
31,435.053,10.8289,6,2,0.0488281,0,0.00443383
32,1010.21,12.34,6,3,0.0556641,0,0.00444407
33,434.129,11.6361,6,2,0.0556641,0,0.00443237
34,434.954,12.5636,6,2,0.0664062,0,0.00437637
35,435.149,12.3528,6,2,0.0615234,0,0.00437753
36,435.151,13.7615,6,2,0.0673828,0,0.00439028
37,435.149,12.7772,6,2,0.0595703,0,0.0044081
38,435.149,10.789,6,2,0.0488281,0,0.00439456
39,435.127,12.6015,6,2,0.0615234,0,0.00440694
40,434.954,13.0079,6,2,0.0683594,0,0.00442368
41,435.149,12.3201,6,2,0.0556641,0,0.00444005
42,435.127,12.2553,6,2,0.0585938,0,0.00444201
43,435.127,13.5245,6,2,0.0693359,0,0.00441871
44,435.053,11.6746,6,2,0.0527344,0,0.00446461
45,114.828,11.5359,6,1,0.0556641,0,0.00446912
46,435.151,15.5945,6,2,0.0820312,0,0.00449669
47,434.818,12.2619,6,2,0.0576172,0,0.00452645
48,435.149,13.1791,6,2,0.0615234,0,0.00447932
49,435.151,15.4916,6,2,0.078125,0,0.00445347
50,435.149,13.4447,6,2,0.0634766,0,0.00456863
51,435.151,13.6626,6,2,0.0576172,0,0.00451071
52,435.117,13.6574,7,2,0.0703125,0,0.0045055
53,435.151,12.2839,6,2,0.0537109,0,0.00446046
54,435.149,13.143,7,2,0.0664062,0,0.00444306
55,435.127,13.7132,7,2,0.0693359,0,0.00445079
56,435.151,15.6431,7,2,0.0800781,0,0.00446396
57,435.149,13.1264,7,2,0.0605469,0,0.00449769
58,435.151,14.1555,7,2,0.0673828,0,0.0045289
59,435.076,15.2366,7,2,0.0732422,0,0.00455552
60,435.151,14.332,7,2,0.0703125,0,0.00452926
61,435.127,13.5472,7,2,0.0693359,0,0.00450088
62,434.954,15.0791,7,2,0.078125,0,0.00452606
63,435.149,14.0207,7,2,0.0683594,0,0.0045137
64,435.151,15.5711,7,2,0.0771484,0,0.00453533
65,435.149,12.8999,7,2,0.0605469,0,0.00451396
66,435.149,15.8953,7,2,0.0791016,0,0.00456042
67,435.151,13.5198,7,2,0.0664062,0,0.00449734
68,435.127,12.5024,7,2,0.0576172,0,0.0044913
69,435.127,15.5471,7,2,0.0820312,0,0.00441867
70,435.053,13.7661,7,2,0.0693359,0,0.00454025
71,435.149,14.7631,7,2,0.0703125,0,0.00450554
72,435.149,16.4832,7,2,0.0830078,0,0.00452544
73,435.151,15.239,8,2,0.078125,0,0.00476434
74,435.151,16.3038,8,2,0.0800781,0,0.00460266
75,435.151,15.8911,8,2,0.0820312,0,0.00460091
76,435.127,14.7676,8,2,0.0712891,0,0.00452609
77,1011.31,17.9847,8,3,0.09375,0,0.00457189
78,434.954,13.4402,8,2,0.0634766,0,0.00458898
79,435.053,13.4625,8,2,0.0625,0,0.00460517
80,435.149,14.8314,8,2,0.0703125,0,0.00455785
81,435.127,14.0085,7,2,0.0654297,0,0.00456043
82,435.127,15.7858,8,2,0.0839844,0,0.00459718
83,435.151,15.8113,8,2,0.0800781,0,0.00473712
84,435.053,16.1706,8,2,0.0917969,0,0.00470891
85,435.117,15.7828,8,2,0.0849609,0,0.0045773
86,435.117,16.506,8,2,0.0888672,0,0.0046241
87,435.151,18.6072,8,2,0.09375,0,0.00465708
88,435.151,16.566,8,2,0.0820312,0,0.00468772
89,435.151,17.9989,8,2,0.0898438,0,0.0045991
90,435.127,15.1033,8,2,0.0761719,0,0.00458049
91,1010.79,18.6027,8,3,0.0966797,0,0.00464912
92,1846.55,16.8301,8,4,0.0761719,0,0.00460782
93,435.151,19.291,8,2,0.102539,0,0.00460125
94,435.151,18.4706,8,2,0.0986328,0,0.00466292
95,435.151,18.584,8,2,0.0986328,0,0.00477338
96,435.151,17.5516,8,2,0.0957031,0,0.00467148
97,1011.31,19.7369,8,3,0.0927734,0,0.00467404
98,435.151,17.4413,8,2,0.09375,0,0.00467796
99,435.127,19.9024,8,2,0.105469,0,0.00469193
100,435.151,19.5388,9,2,0.108398,0,0.00471971
101,435.127,19.7747,8,2,0.113281,0,0.00465418
102,435.053,18.9321,9,2,0.0996094,0,0.00480113
103,435.149,20.2643,9,2,0.111328,0,0.00474554
104,435.149,20.0388,9,2,0.108398,0,0.00474127
105,435.151,20.3079,9,2,0.112305,0,0.00478341
106,435.127,21.026,9,2,0.119141,0,0.00483607
107,435.149,21.4761,9,2,0.118164,0,0.00472865
108,435.149,20.9353,9,2,0.117188,0,0.00477521
109,435.151,19.2531,9,2,0.0976562,0,0.00471963
110,435.149,19.4682,9,2,0.109375,0,0.00475888
111,435.151,20.374,9,2,0.112305,0,0.004796
112,1008.92,22.732,9,3,0.12793,0,0.00480692
113,435.149,21.586,9,2,0.126953,0,0.00474356
114,435.151,21.8629,9,2,0.123047,0,0.0047859
115,1008.92,24.4877,9,3,0.135742,0,0.00482534
116,435.151,23.5142,9,2,0.128906,0,0.00479477
117,435.149,23.326,9,2,0.128906,0,0.00505248
118,1011.31,23.9577,9,3,0.136719,0,0.00479681
119,435.151,26.1815,9,2,0.147461,0,0.00489944
120,435.151,23.5268,9,2,0.128906,0,0.00481538
121,1008.92,29.8187,9,3,0.164062,0,0.00489418
122,1008.92,24.6349,9,3,0.138672,0,0.00485741
123,1010.79,24.9485,9,3,0.134766,0,0.00487321
124,1008.92,28.6169,9,3,0.157227,0,0.00500283
125,435.151,23.4606,9,2,0.131836,0,0.00485733
126,435.127,23.6246,9,2,0.135742,0,0.00493648
127,1009.59,31.707,9,3,0.174805,0,0.00497158
128,435.151,26.1629,9,2,0.155273,0,0.00499914
129,435.127,25.6533,9,2,0.15625,0,0.00491082
130,1011.31,27.2891,9,3,0.15625,0,0.0048555
131,1008.92,29.7177,9,3,0.166992,0,0.00486505
132,435.151,31.5007,9,2,0.195312,0,0.00492855
133,435.151,27.943,9,2,0.175781,0,0.00489009
134,1008.92,29.677,9,3,0.174805,0,0.0048915
135,1011.31,27.5137,9,3,0.165039,0,0.00485676
136,1010.79,30.2065,9,3,0.174805,0,0.00492769
137,435.151,27.8947,9,2,0.173828,0,0.00494986
138,435.151,32.2187,9,2,0.195312,0,0.00492243
139,435.151,32.4998,9,2,0.19043,0,0.00497086
140,1008.92,29.6004,9,3,0.173828,0,0.00489049
141,1008.92,35.0858,9,3,0.208008,0,0.00493053
142,1011.31,29.7016,9,3,0.193359,0,0.00499879
143,1008.92,31.2165,9,3,0.1875,0,0.00490691
144,1007.46,29.8745,9,3,0.173828,0,0.00492247
145,435.151,33.0891,9,2,0.199219,0,0.00488258
146,1011.31,31.8396,9,3,0.197266,0,0.00490876
147,1008.92,33.6037,9,3,0.201172,0,0.0049327
148,435.151,31.853,9,2,0.194336,0,0.00491524
149,435.151,35.971,9,2,0.229492,0,0.00511515
150,1845.26,35.8859,9,4,0.204102,0,0.00493112
151,435.151,36.9211,9,2,0.226562,0,0.00493965
152,1011.31,33.4479,9,3,0.209961,0,0.00499221
153,1843.9,41.6977,11,4,0.25293,0,0.00498137
154,1011.31,35.0111,9,3,0.208984,0,0.00497458
155,435.151,33.7459,9,2,0.216797,0,0.00494504
156,1008.92,35.2485,10,3,0.217773,0,0.00499676
157,435.151,32.4866,9,2,0.200195,0,0.00497617
158,1843.9,33.6018,9,4,0.205078,0,0.00494275
159,435.151,31.4048,9,2,0.209961,0,0.0050032
160,435.151,36.9843,10,2,0.236328,0,0.00496879
161,1011.31,37.9159,10,3,0.236328,0,0.00505287
162,1008.92,41.4423,10,3,0.254883,0,0.00503767
163,1010.21,39.9321,10,3,0.245117,0,0.0050363
164,1008.92,33.9191,9,3,0.21582,0,0.00493957
165,435.151,42.5589,10,2,0.256836,0,0.00511048
166,1011.31,44.1099,10,3,0.269531,0,0.00499765
167,435.151,33.3638,10,2,0.199219,0,0.00501296
168,1008.92,42.6936,10,3,0.264648,0,0.00503547
169,435.151,37.1423,10,2,0.241211,0,0.00511849
170,435.151,40.6454,10,2,0.264648,0,0.00503317
171,1008.92,41.5031,11,3,0.261719,0,0.00503024
172,1008.92,38.7271,10,3,0.242188,0,0.00507106
173,435.151,40.0086,11,2,0.263672,0,0.00501577
174,1011.31,43.869,11,3,0.275391,0,0.00512242
175,1011.31,40.4097,11,3,0.256836,0,0.00504457
176,1011.31,39.1112,10,3,0.24707,0,0.00500636
177,1009.59,41.4932,10,3,0.265625,0,0.00504541
178,1011.31,47.7038,11,3,0.305664,0,0.00502911
179,435.151,40.5489,11,2,0.272461,0,0.00512253
180,435.151,38.7086,9,2,0.258789,0,0.00500993
181,1011.31,50.0343,11,3,0.306641,0,0.00504515
182,435.151,39.1495,11,2,0.250977,0,0.00503987
183,1011.31,44.5537,11,3,0.279297,0,0.00503821
184,1011.31,45.9159,11,3,0.291992,0,0.00505561
185,1011.31,44.2759,11,3,0.282227,0,0.00510025
186,1011.31,44.2846,11,3,0.283203,0,0.00507582
187,1008.92,43.5052,11,3,0.280273,0,0.00504127
188,1008.92,42.4842,12,3,0.28125,0,0.00503862
189,435.151,45.2291,11,2,0.285156,0,0.00509897
190,1011.31,51.5698,12,3,0.3125,0,0.00510781
191,435.149,41.6092,11,2,0.274414,0,0.00514593
192,435.151,48.9103,11,2,0.3125,0,0.00513425
193,1008.92,45.2871,12,3,0.285156,0,0.005145
194,1011.31,48.7838,12,3,0.292969,0,0.00512782
195,1012.18,45.2697,11,3,0.287109,0,0.00518071
196,1008.92,43.1203,11,3,0.276367,0,0.00517859
197,1011.31,47.7986,12,3,0.314453,0,0.0051851
198,435.151,39.3751,10,2,0.267578,0,0.00517784
199,1008.92,46.1962,12,3,0.302734,0,0.0052629
200,1008.92,44.7735,12,3,0.301758,0,0.00511385
201,1009.59,50.8971,11,3,0.318359,0,0.00519093
202,1012.18,42.6985,12,3,0.273438,0,0.00517417
203,435.151,45.2651,12,2,0.306641,0,0.00510736
204,435.151,45.4521,12,2,0.298828,0,0.00515229
205,1009.59,49.4671,12,3,0.320312,0,0.0051597
206,1008.92,45.5379,12,3,0.301758,0,0.00522346
207,1012.52,51.6371,12,3,0.34082,0,0.00527819
208,435.151,42.1557,12,2,0.285156,0,0.00519118
209,1008.92,39.8212,11,3,0.257812,0,0.00527763
210,1008.92,47.7822,12,3,0.317383,0,0.00519579
211,435.151,44.1908,12,2,0.296875,0,0.00530008
212,1008.92,53.3676,12,3,0.336914,0,0.00530076
213,1008.92,43.2396,12,3,0.275391,0,0.00522186
214,435.151,44.9896,12,2,0.297852,0,0.00520674
215,1008.92,49.6207,12,3,0.317383,0,0.0052017
216,435.151,45.5248,12,2,0.296875,0,0.00520182
217,1845.26,48.0215,12,4,0.291016,0,0.00513926
218,1010.21,44.2714,12,3,0.27832,0,0.00522503
219,1009.59,45.7133,12,3,0.289062,0,0.00532518
220,1008.92,48.6367,12,3,0.324219,0,0.00522596
221,1008.92,48.3457,12,3,0.307617,0,0.00532938
222,435.151,48.5372,12,2,0.31543,0,0.00528217
223,1008.92,52.2315,12,3,0.337891,0,0.00522264
224,435.151,48.1998,12,2,0.316406,0,0.00516288
225,1008.92,44.9773,12,3,0.286133,0,0.00509579
226,1008.92,44.6744,12,3,0.296875,0,0.0052122
227,1008.92,44.6825,13,3,0.305664,0,0.00522785
228,1011.31,48.2674,12,3,0.308594,0,0.00519137
229,1008.92,49.6381,13,3,0.335938,0,0.00518221
230,1011.31,50.7152,12,3,0.322266,0,0.00506336
231,1008.92,44.2207,12,3,0.294922,0,0.00515147
232,1845.26,50.4,12,4,0.318359,0,0.00515415
233,1008.92,44.7752,12,3,0.290039,0,0.00520721
234,435.151,47.6847,12,2,0.308594,0,0.00515024
235,1010.21,48.585,12,3,0.320312,0,0.00516787
236,1008.92,45.919,12,3,0.289062,0,0.00519248
237,435.151,53.8888,13,2,0.353516,0,0.00524966
238,1011.31,49.8256,12,3,0.31543,0,0.00516029
239,1008.92,46.4877,12,3,0.301758,0,0.00530568
240,1008.92,47.4555,12,3,0.310547,0,0.00527684
241,1011.31,51.9023,13,3,0.335938,0,0.00530765
242,1011.31,50.5003,13,3,0.328125,0,0.00515126
243,1008.92,47.1846,13,3,0.297852,0,0.00520309
244,1011.78,52.3658,13,3,0.330078,0,0.00518001
245,1008.92,45.7542,13,3,0.307617,0,0.00517663
246,1011.31,51.9381,13,3,0.331055,0,0.00513662
247,435.151,48.8175,13,2,0.311523,0,0.00518477
248,1012.52,49.6694,13,3,0.320312,0,0.00524901
249,1011.31,49.3575,13,3,0.317383,0,0.00517242
250,1010.21,49.6512,13,3,0.323242,0,0.00521742
251,435.151,44.4389,12,2,0.291992,0,0.00526995
252,1008.92,50.0535,12,3,0.319336,0,0.00514979
253,1843.9,48.5625,12,4,0.313477,0,0.00516865
254,1008.92,51.8962,13,3,0.337891,0,0.00513829
255,1842.49,49.099,13,4,0.322266,0,0.00514741
256,1008.92,52.5612,13,3,0.333984,0,0.00518344
257,1010.79,55.3759,13,3,0.342773,0,0.00512468
258,1008.92,52.5238,13,3,0.333008,0,0.00521461
259,1008.92,48.1336,13,3,0.321289,0,0.00518704
260,435.151,50.831,13,2,0.335938,0,0.00513975
261,1849.99,52.5067,13,4,0.333984,0,0.00524544
262,1008.92,50.3332,13,3,0.324219,0,0.00525632
263,1008.92,50.436,13,3,0.332031,0,0.00512336
264,1011.31,48.0371,13,3,0.306641,0,0.00522817
265,1011.31,54.2126,13,3,0.354492,0,0.00529149
266,1008.92,49.1525,13,3,0.332031,0,0.00524951
267,1008.92,51.1558,13,3,0.336914,0,0.00522909
268,1843.9,53.8725,13,4,0.333008,0,0.005202
269,1011.31,51.4971,13,3,0.324219,0,0.00542558
270,1008.92,48.9891,13,3,0.313477,0,0.00518091
271,1008.92,52.7371,13,3,0.338867,0,0.00527735
272,1011.31,54.7271,13,3,0.347656,0,0.00524672
273,1841.02,47.3808,13,4,0.303711,0,0.00536961
274,1008.92,53.5064,13,3,0.34082,0,0.00531873
275,1008.92,53.9231,13,3,0.34668,0,0.00533067
276,1009.59,49.1479,13,3,0.318359,0,0.00529251
277,1008.92,49.1649,13,3,0.318359,0,0.00523577
278,1008.92,54.2959,12,3,0.338867,0,0.00517552
279,1008.92,51.5211,13,3,0.333008,0,0.00528628
280,1008.92,52.6034,13,3,0.330078,0,0.00523261
281,1011.31,52.6358,13,3,0.34375,0,0.00527782
282,1843.9,51.3788,13,4,0.333008,0,0.00523151
283,1011.31,54.389,13,3,0.356445,0,0.00523226
284,1011.31,47.4789,13,3,0.321289,0,0.00518198
285,435.151,49.3885,13,2,0.329102,0,0.00521204
286,435.151,50.2643,13,2,0.325195,0,0.00512382
287,1011.31,54.75,13,3,0.365234,0,0.00522677
288,1008.92,57.7086,13,3,0.367188,0,0.00518651
289,1011.31,51.2718,13,3,0.317383,0,0.00538176
290,1008.92,48.5765,13,3,0.321289,0,0.00520364
291,1843.9,60.9567,13,4,0.376953,0,0.00523674
292,435.151,50.7697,13,2,0.338867,0,0.00518291
293,1008.92,53.0685,13,3,0.351562,0,0.00523628
294,1008.92,51.8221,13,3,0.333984,0,0.00519439
295,1848.92,53.1369,13,4,0.34375,0,0.0051871
296,1008.92,44.4758,13,3,0.294922,0,0.00519695
297,1008.92,47.1913,13,3,0.308594,0,0.00521494
298,1011.31,47.36,13,3,0.311523,0,0.00518897
299,1008.92,45.5675,13,3,0.300781,0,0.00528045
300,1008.92,47.8154,13,3,0.307617,0,0.00521228
301,1008.92,51.5663,13,3,0.334961,0,0.00530884
302,1008.92,49.2592,13,3,0.319336,0,0.00517655
303,1011.31,47.0869,13,3,0.295898,0,0.00517562
304,1009.59,53.1072,13,3,0.332031,0,0.00530854
305,1008.92,48.8332,13,3,0.326172,0,0.00553753
306,1008.92,54.305,13,3,0.34375,0,0.00545232
307,1011.31,55.9668,13,3,0.347656,0,0.00519747
308,1009.59,51.2953,13,3,0.322266,0,0.00520895
309,1843.9,52.4474,13,4,0.34375,0,0.00525894
310,1008.92,48.7333,13,3,0.324219,0,0.00517856
311,1008.92,49.4528,12,3,0.326172,0,0.00515527
312,435.127,47.5035,13,2,0.332031,0,0.00519445
313,435.151,45.7232,13,2,0.305664,0,0.00525021
314,1843.9,52.5376,13,4,0.329102,0,0.00530465
315,1011.31,54.1702,13,3,0.350586,0,0.0052397
316,1008.92,49.9279,13,3,0.330078,0,0.00515568
317,1843.9,56.9568,13,4,0.364258,0,0.0051862
318,1843.9,55.5796,13,4,0.364258,0,0.00520958
319,1010.21,54.5076,13,3,0.348633,0,0.00518661
320,1008.21,51.0225,13,3,0.331055,0,0.00518051
321,1008.92,50.202,13,3,0.3125,0,0.0052165
322,1843.9,55.0671,13,4,0.354492,0,0.00521928
323,1009.59,54.932,13,3,0.363281,0,0.0052795
324,1011.31,51.521,13,3,0.333984,0,0.00527282
325,1007.46,52.9735,13,3,0.357422,0,0.00531013
326,1008.92,47.9523,13,3,0.313477,0,0.0052035
327,1008.92,56.6225,13,3,0.367188,0,0.00523492
328,1011.31,50.816,13,3,0.333008,0,0.00529587
329,1009.59,55.905,13,3,0.34082,0,0.00537819
330,1008.92,50.1312,13,3,0.326172,0,0.00519768
331,435.151,52.6391,13,2,0.357422,0,0.00529314
332,1011.78,53.4033,13,3,0.351562,0,0.00521548
333,1008.92,55.4914,13,3,0.357422,0,0.00516414
334,435.151,49.2307,13,2,0.316406,0,0.00514107
335,1011.78,54.6025,13,3,0.350586,0,0.00514084
336,1011.31,52.5808,13,3,0.320312,0,0.00522874
337,435.151,53.2175,13,2,0.345703,0,0.00523393
338,1008.92,49.0182,13,3,0.308594,0,0.00518854
339,1011.31,51.746,13,3,0.335938,0,0.00529074
340,1008.92,53.9196,13,3,0.361328,0,0.00523307
341,1848.92,50.7434,13,4,0.323242,0,0.00520961
342,1843.9,53.1344,13,4,0.349609,0,0.0051952
343,1008.92,50.7431,13,3,0.328125,0,0.00527149
344,1005.85,50.058,13,3,0.334961,0,0.00523703
345,1010.21,46.0829,13,3,0.300781,0,0.00519738
346,1008.92,47.6837,13,3,0.318359,0,0.00520243
347,1005.85,50.2842,13,3,0.328125,0,0.00521691
348,1008.92,51.9118,13,3,0.333984,0,0.00522763
349,1008.92,52.2937,13,3,0.348633,0,0.00538834
350,1011.31,54.0657,13,3,0.34082,0,0.00518482
351,1009.59,49.7384,13,3,0.319336,0,0.0052916
352,1011.78,53.4819,13,3,0.347656,0,0.00521406
353,1011.31,45.1018,13,3,0.290039,0,0.0052961
354,435.151,46.3602,13,2,0.301758,0,0.00531822
355,1008.92,49.5763,13,3,0.326172,0,0.00534908
356,1010.79,56.7788,13,3,0.348633,0,0.00532693
357,1008.92,55.5611,13,3,0.369141,0,0.00526536
358,1009.59,46.5312,13,3,0.307617,0,0.00523519
359,1011.31,52.7248,13,3,0.331055,0,0.00529207
360,1843.9,52.1484,13,4,0.331055,0,0.00521689
361,1011.31,52.6813,13,3,0.34082,0,0.00524237
362,1011.78,53.4567,13,3,0.344727,0,0.00528312
363,1008.92,51.0243,13,3,0.326172,0,0.00522955
364,1848.92,54.6818,13,4,0.348633,0,0.00525049
365,435.151,55.3933,13,2,0.356445,0,0.00525397
366,1008.92,47.486,13,3,0.306641,0,0.00521613
367,1848.92,51.3194,13,4,0.338867,0,0.00514071
368,1011.31,47.872,13,3,0.307617,0,0.00519608
369,1011.78,55.1263,13,3,0.353516,0,0.00530775
370,435.151,45.5576,13,2,0.310547,0,0.00522302
371,1009.59,50.6482,13,3,0.329102,0,0.00524614
372,1008.92,51.5433,13,3,0.342773,0,0.00523422
373,1011.31,54.327,13,3,0.347656,0,0.00524701
374,1841.02,57.6624,13,4,0.358398,0,0.00527179
375,1008.92,55.3491,13,3,0.353516,0,0.0053109
376,1008.92,48.3977,13,3,0.336914,0,0.00524568
377,1008.92,48.1264,13,3,0.316406,0,0.00518803
378,1008.92,49.4113,13,3,0.322266,0,0.00519084
379,1009.59,52.6353,13,3,0.333008,0,0.00531151
380,1011.31,59.6154,13,3,0.368164,0,0.0051919
381,1008.92,49.2385,13,3,0.323242,0,0.00519803
382,1008.92,48.7485,13,3,0.321289,0,0.00528957
383,1843.9,54.2027,13,4,0.355469,0,0.00524158
384,1845.26,54.519,13,4,0.347656,0,0.00526186
385,1011.31,51.6171,13,3,0.328125,0,0.00520465
386,1008.92,51.6649,13,3,0.34082,0,0.00520813
387,998.128,51.5092,13,3,0.34375,0,0.00516857
388,1843.9,55.2822,13,4,0.336914,0,0.00520267
389,1827.51,52.7357,13,4,0.333008,0,0.00517114
390,1011.31,46.7686,13,3,0.304688,0,0.00519802
391,1008.92,53.9749,13,3,0.342773,0,0.00520253
392,1008.92,52.4238,13,3,0.324219,0,0.00523351
393,1843.9,56.2388,13,4,0.349609,0,0.0052531
394,1004.1,50.2765,13,3,0.320312,0,0.00521062
395,1008.92,52.1238,13,3,0.34375,0,0.00526067
396,1008.92,49.6745,13,3,0.326172,0,0.00520994
397,1011.31,57.2914,13,3,0.373047,0,0.00525326
398,1011.31,49.6949,13,3,0.326172,0,0.00522413
399,1008.92,52.5464,13,3,0.351562,0,0.0052489
400,1005.85,48.2731,13,3,0.316406,0,0.0051745
401,1843.9,56.1045,13,4,0.331055,0,0.00520248
402,1008.92,52.5815,13,3,0.337891,0,0.00530102
403,1010.21,52.5747,13,3,0.341797,0,0.00524023
404,1009.59,57.8897,13,3,0.345703,0,0.00525161
405,1843.9,52.8362,13,4,0.337891,0,0.00524449
406,1008.92,54.8963,13,3,0.350586,0,0.00527277
407,1000.23,49.4064,13,3,0.313477,0,0.00529247
408,1008.92,51.8972,13,3,0.330078,0,0.00526293
409,1007.46,53.1171,13,3,0.338867,0,0.00526731
410,1007.46,54.1996,13,3,0.34668,0,0.00527324
411,1011.31,53.5205,13,3,0.339844,0,0.005283
412,1008.92,53.7078,13,3,0.349609,0,0.00533246
413,1011.31,55.7911,13,3,0.341797,0,0.00531823
414,1010.21,58.0649,13,3,0.364258,0,0.0052852
415,1004.99,52.9103,13,3,0.330078,0,0.00534569
416,1841.02,58.5382,13,4,0.367188,0,0.00532734
417,1008.92,52.9491,13,3,0.335938,0,0.00534189
418,1010.21,53.4058,13,3,0.347656,0,0.00542197
419,1008.92,57.8538,13,3,0.353516,0,0.00549045
420,1837.92,61.4627,15,4,0.386719,0,0.00546815
421,1011.31,59.6022,14,3,0.361328,0,0.00539766
422,1008.92,61.1636,15,3,0.371094,0,0.00544228
423,1002.23,52.7157,15,3,0.329102,0,0.00565003
424,1007.46,58.6854,15,3,0.364258,0,0.00555986
425,1843.9,65.1992,15,4,0.389648,0,0.00554631
426,1008.92,61.4874,15,3,0.37207,0,0.00557659
427,435.149,55.8043,15,2,0.368164,0,0.00571201
428,1008.92,60.3152,15,3,0.382812,0,0.00566896
429,1010.21,63.3343,15,3,0.391602,0,0.00575074
430,1832.91,60.2394,15,4,0.371094,0,0.00569964
431,1010.21,66.3068,16,3,0.402344,0,0.00572521
432,1008.21,58.1003,15,3,0.364258,0,0.00570637
433,1008.92,61.6002,15,3,0.370117,0,0.00581891
434,1010.21,63.0299,15,3,0.378906,0,0.00569715
435,1008.92,65.1972,16,3,0.384766,0,0.005853
436,1007.46,64.7283,17,3,0.379883,0,0.00594069
437,1008.92,62.9231,17,3,0.375977,0,0.00591764
438,1008.92,63.0506,17,3,0.383789,0,0.00596669
439,1008.92,61.9366,16,3,0.366211,0,0.00573601
440,1005.85,60.7805,17,3,0.378906,0,0.00601441
441,1004.1,64.2514,17,3,0.395508,0,0.00593331
442,1831.15,68.3898,17,4,0.407227,0,0.00596354
443,1008.92,69.227,17,3,0.404297,0,0.00616276
444,1010.79,66.7012,17,3,0.399414,0,0.00605119
445,1005.85,62.8793,17,3,0.381836,0,0.00629774
446,1009.59,64.6074,17,3,0.380859,0,0.00609104
447,1831.15,70.9278,17,4,0.410156,0,0.00628967
448,1841.02,69.7534,17,4,0.414062,0,0.00615082
449,1008.21,71.3029,17,3,0.414062,0,0.00625272
450,1008.92,73.1901,18,3,0.443359,0,0.00616521
451,1008.92,66.7283,17,3,0.389648,0,0.00624238
452,1827.51,74.6809,17,4,0.429688,0,0.00607756
453,1010.79,74.9384,19,3,0.445312,0,0.00622179
454,1834.62,77.6923,18,4,0.444336,0,0.00631785
455,1010.21,75.3093,19,3,0.443359,0,0.00628837
456,4265.75,76.0994,19,6,0.428711,0,0.00631325
457,1007.46,69.4478,18,3,0.40332,0,0.00628682
458,1837.92,78.1444,20,4,0.44043,0,0.00658947
459,1827.51,77.2836,19,4,0.432617,0,0.00659252
460,1804.91,74.4519,20,4,0.418945,0,0.00664517
461,1807.12,78.7082,21,4,0.4375,0,0.00669335
462,1004.1,74.7734,21,3,0.433594,0,0.00675026
463,1821.75,84.7303,21,4,0.458008,0,0.00689853
464,1821.75,79.0555,19,4,0.423828,0,0.00686171
465,1811.47,90.5524,25,4,0.505859,0,0.00699189
466,2856.74,89.1074,21,5,0.461914,0,0.00688578
467,1819.76,93.9448,21,4,0.478516,0,0.00698849
468,1768.44,85.7826,24,4,0.455078,0,0.00721697
469,1823.71,84.0461,23,4,0.454102,0,0.00749579
470,1778.72,85.5626,25,4,0.454102,0,0.00743854
471,1008.92,92.6577,26,3,0.486328,0,0.00750865
472,3848.83,91.7323,25,6,0.449219,0,0.00779422
473,1802.66,101.38,35,4,0.516602,0,0.00790945
474,1811.47,91.1756,24,4,0.447266,0,0.00799184
475,1807.12,93.7452,35,4,0.459961,0,0.00849863
476,1834.62,94.6142,34,4,0.461914,0,0.00837811
477,1837.92,101.755,64,4,0.479492,0,0.00857337
478,1819.76,94.5282,67,4,0.435547,0,0.00901826
479,1837.92,94.69,101,4,0.44043,0,0.00937035
480,2819.22,105.386,101,5,0.469727,0,0.00924108
481,1788.61,105.115,101,4,0.461914,0,0.00951513
482,1010.79,106.183,101,3,0.515625,0,0.00965838
483,3782.6,122.346,101,6,0.541016,0,0.00910148
484,1752.35,109.371,101,4,0.504883,0,0.00909344
485,2845.8,114.456,101,5,0.518555,0,0.00961499
486,2600.81,116.045,101,5,0.500977,0,0.00963225
487,2826.95,119.591,101,5,0.505859,0,0.00951492
488,4261.42,132.135,101,6,0.584961,0,0.0095949
489,5486.57,128.634,101,7,0.570312,0,0.00944295
490,6882.78,125.738,101,8,0.553711,0,0.00953029
491,1788.61,115.754,101,4,0.524414,0,0.00937766
492,2903.85,126.664,101,5,0.558594,0,0.00936782
493,5548.69,139.778,101,7,0.583008,0,0.0097896
494,4717.77,145.054,101,7,0.616211,0,0.00971572
495,2815.31,131.502,101,5,0.583984,0,0.00952562
496,2891.12,142.532,101,5,0.651367,0,0.00981431
497,7687.85,138.938,101,8,0.614258,0,0.00983027
498,2924.51,151.49,101,5,0.634766,0,0.00981045
499,1834.62,144.975,101,4,0.635742,0,0.00996671
500,2909.97,144.352,101,5,0.640625,0,0.0101762
501,3874.74,164.989,101,6,0.709961,0,0.0100285
502,4028.62,168.409,101,6,0.71582,0,0.00974807
503,3693.62,154.634,101,6,0.689453,0,0.00992015
504,4022.75,185.459,101,6,0.726562,0,0.0106193
505,5897.15,204.304,101,7,0.796875,0,0.00994774
506,16142.6,216.055,105,11,0.81543,1,0.0102921
507,5638.51,207.285,107.538,7,0.844727,1,0.00989416
508,4124.23,199.173,107.538,6,0.813477,1,0.0102614
509,5454.88,218.369,105.663,7,0.823242,1,0.00966622
510,12127.6,241.418,109.829,10,0.916016,1,0.0105263
511,7549.02,209.309,109.275,8,0.862305,1,0.0098876
512,5541.02,250.027,109.829,7,0.941406,1,0.00999488
513,7793.33,247.788,109.275,8,0.918945,1,0.0102616
514,5737.72,232.291,107.538,7,0.894531,1,0.0100832
515,12867.6,305.917,111.425,10,1.02051,1,0.010954
516,16127.8,335.789,111.425,11,1.06445,1,0.0112443
517,12000.3,370.851,113.897,10,1.1875,1,0.0116337
518,9719.16,354.302,114.366,9,1.16016,1,0.0120702
519,20674.5,404.45,112.934,12,1.19824,1,0.0122049
520,27067.4,426.378,114.828,13,1.25195,1,0.0116819
521,39651.2,498.061,114.828,14,1.30469,1,0.0114271
522,12014.6,470.74,116.17,10,1.3623,1,0.0112988
523,35703,546.616,116.603,14,1.45605,1,0.0120916
524,12028.8,567.44,118.273,10,1.50684,1,0.0119247
525,36478.8,664.054,123.746,14,1.61035,1,0.0121349
526,15915.8,707.387,120.227,11,1.62695,1,0.0124143
527,15271.1,715.613,136.624,11,1.71387,1,0.0123493
528,20621.4,756.83,136.902,12,1.75293,1,0.0123967
529,20313.5,830.892,137.037,12,1.81543,1,0.0128793
530,164331,887.332,137.037,17,1.75977,1,0.0127136
531,165335,991.516,137.427,17,1.84277,1,0.0134089
532,60037.7,1108.79,137.427,15,1.98633,1,0.0133888
533,27667.9,1043.08,137.675,13,1.97461,1,0.0140386
534,95567.9,1189.77,138.573,16,2.14941,1,0.0136686
535,94897.9,1352.38,408.585,16,2.26953,2,0.0138131
536,164331,1503.33,370.936,17,2.21484,2,0.0133028
537,297575,1811.44,369.909,18,2.41504,2,0.0149832
538,93209.9,1797.99,418.997,16,2.5166,2,0.0143479
539,58245.3,2019.4,430.013,15,2.86328,2,0.0149107
540,60284.6,1974.28,424.824,15,2.75,2,0.0156461
541,565712,2958.87,430.413,19,2.85742,2,0.0147806
542,1.09232e+06,3549.81,430.013,20,2.85059,2,0.0153194
543,2.14743e+06,8639.07,434.476,21,3.37109,2,0.0169931
544,1.68414e+07,47387.5,701.543,24,3.67285,3,0.0174806
545,1.07385e+09,1.45648e+06,946.193,30,4.27246,3,0.0187004
546,2.68524e+08,915880,1768.44,28,5.74414,4,0.0211951
547,2.14758e+09,3.24792e+06,1749.6,31,5.82715,4,0.0212131
548,8.59007e+09,1.29232e+07,1811.47,33,6.59375,4,0.0220783
549,2.68525e+08,2.27559e+06,3938.03,28,7.51855,6,0.0246733
550,2.68525e+08,1.75657e+06,2787.22,28,7.43945,5,0.0252942
551,5.36971e+08,3.91187e+06,4051.83,29,7.78613,6,0.0282629
552,1.07385e+09,5.41729e+06,4040.28,30,8.04102,6,0.0277242
553,1.07385e+09,6.98407e+06,5571.53,30,8.77539,7,0.0308351
554,1.07384e+09,6.56094e+06,4990.92,30,8.64844,7,0.029908
555,1.07384e+09,7.6135e+06,7391.97,30,9.6084,8,0.033432
556,1.718e+10,2.42548e+07,7696.21,34,9.7959,8,0.0347295
557,4.29507e+09,8.6397e+06,7165.83,32,9.4082,8,0.0319877
558,2.14759e+09,6.95233e+06,7619.6,31,9.94043,8,0.0348278
559,4.29508e+09,1.29604e+07,7063.08,32,9.36426,8,0.0314468
560,1.718e+10,3.66521e+07,9525.12,34,10.2217,9,0.0353953
561,2.14758e+09,8.83436e+06,11558.8,31,10.6738,10,0.0358699
562,8.59006e+09,2.45455e+07,9828.73,33,10.6182,9,0.0362153
563,1.718e+10,4.27433e+07,9583.16,34,10.6387,9,0.0356156
564,4.29509e+09,2.72842e+07,15203.7,32,11.3008,11,0.0381302
565,1.718e+10,6.67666e+07,12545.3,34,11.1201,10,0.0393392
566,3.43599e+10,6.13232e+07,14062.9,35,11.1035,11,0.037462
567,8.59006e+09,4.32068e+07,19066.2,33,11.8555,12,0.039799
568,4.29508e+09,1.45921e+07,13874.9,32,11.418,11,0.0389022
569,8.59005e+09,3.30326e+07,13703.7,33,11.5029,11,0.0391773
570,3.43599e+10,5.75297e+07,13079.7,35,11.1406,11,0.0379545
571,3.43599e+10,7.2656e+07,15321.3,35,11.5049,11,0.0377044
572,1.37439e+11,1.89009e+08,15186.7,37,11.417,11,0.0395226
573,1.718e+10,6.59298e+07,18922.2,34,12.2344,12,0.0407415
574,5.49756e+11,6.01383e+08,20350.3,39,12.54,12,0.0422348
575,4.29508e+09,2.55524e+07,15584.2,32,11.877,11,0.040243
576,8.59006e+09,3.74919e+07,9663.07,33,10.8037,9,0.0374914
577,8.59006e+09,4.77378e+07,16068,33,12.0449,11,0.040478
578,1.37439e+11,2.31707e+08,12545.3,37,11.4971,10,0.0392732
579,3.43599e+10,8.49201e+07,11679,35,11.2754,10,0.038963
580,1.718e+10,5.88391e+07,9358.56,34,10.8506,9,0.0380321
581,8.59006e+09,5.73383e+07,15775.6,33,12.1182,11,0.0415134
582,1.718e+10,5.78865e+07,15321.3,34,11.8838,11,0.0402538
583,8.59006e+09,4.87202e+07,15354.6,33,12.0605,11,0.0411574
584,3.43599e+10,7.44938e+07,17811.1,35,12.3086,12,0.0415057
585,1.09951e+12,1.22522e+09,19147.9,40,12.6973,12,0.0421925
586,1.718e+10,1.07831e+08,27887,34,13.3477,13,0.0446362
587,1.718e+10,9.23753e+07,19269.5,34,12.4717,12,0.04273
588,6.87196e+10,1.04976e+08,14100.2,36,12.0762,11,0.0416332
589,1.718e+10,1.05163e+08,35429.9,34,13.3496,14,0.0437699
590,6.87196e+10,1.99399e+08,15551.8,36,12.123,11,0.0417289
591,6.87196e+10,1.37375e+08,20532,36,12.7051,12,0.0422797
592,1.718e+10,8.20661e+07,19430,34,12.4307,12,0.0433612
593,6.87196e+10,1.80446e+08,20052.1,36,12.6904,12,0.0430144
594,6.87196e+10,2.04949e+08,25567.8,36,13.2939,13,0.0447668
595,1.37439e+11,2.48667e+08,38337.8,37,14.3223,14,0.0480067
596,6.87196e+10,2.21491e+08,37976.1,36,13.8613,14,0.0470334
597,6.87196e+10,1.81794e+08,57713.8,36,14.3125,15,0.0464282
598,1.09951e+12,1.20103e+09,57740.8,40,14.5342,15,0.0488075
599,6.87196e+10,4.5035e+08,93756.7,36,15.0156,16,0.0512744
600,1.718e+10,1.62204e+08,58034.6,34,14.3379,15,0.0488961
601,3.43599e+10,2.4182e+08,38667.6,35,14.3252,14,0.0485949
602,3.43599e+10,1.89252e+08,54572.6,35,13.9814,15,0.047015
603,6.87196e+10,2.56379e+08,56521.3,36,14.5137,15,0.0488353
604,1.718e+10,1.38606e+08,38667.6,34,14.1367,14,0.0484125
605,5.49756e+11,6.91349e+08,39586.9,39,14.3809,14,0.0499885
606,1.09951e+12,2.8039e+09,93332.5,40,15.4961,16,0.0533227
607,1.09951e+12,4.16761e+09,291175,40,16.2529,18,0.0555977
608,2.74878e+11,1.64087e+09,57028.4,38,14.9775,15,0.0528057
609,6.87196e+10,4.54009e+08,38337.8,36,14.3633,14,0.0510042
610,2.74878e+11,5.73143e+08,27131,38,13.6816,13,0.0476228
611,5.49756e+11,1.70235e+09,59258.4,39,14.8877,15,0.0512301
612,5.49756e+11,1.661e+09,57469.7,39,14.9717,15,0.0523387
613,2.19902e+12,3.02001e+09,93995.8,41,15.2461,16,0.0519934
614,5.49756e+11,1.15293e+09,40578.2,39,14.6348,14,0.0525245
615,5.49756e+11,1.00869e+09,37330.4,39,14.4961,14,0.0513775
616,1.37439e+11,5.87961e+08,37951.7,37,14.7598,14,0.0505729
617,2.74878e+11,8.1942e+08,38266.1,38,14.4346,14,0.0493325
618,6.87196e+10,3.89366e+08,38456.4,36,14.627,14,0.0516326
619,1.37439e+11,4.17891e+08,37456.4,37,14.0996,14,0.0493825
620,1.37439e+11,5.65847e+08,36080.6,37,14.3037,14,0.0487262
621,4.39805e+12,7.00933e+09,36740.4,42,14.2051,14,0.0500316
622,6.87196e+10,3.8954e+08,25777.5,36,13.5391,13,0.0485867
623,1.37439e+11,6.28748e+08,27708.1,37,14.2236,13,0.0502062
624,5.49756e+11,1.21897e+09,36947.6,39,14.1406,14,0.0488803
625,2.74878e+11,6.43461e+08,36267.2,38,13.9492,14,0.0482315
626,1.09951e+12,2.01902e+09,35347.5,40,13.6279,14,0.0468565
627,5.49756e+11,1.83358e+09,92049.5,39,15.6602,16,0.0536435
628,2.19902e+12,3.37722e+09,93454.4,41,15.9033,16,0.0546475
629,4.39805e+12,5.52833e+09,92869.9,42,15.7471,16,0.0548659
630,1.37439e+11,1.27141e+09,92714,37,15.957,16,0.0549603
631,4.39805e+12,7.83457e+09,93179.2,42,15.7705,16,0.0550887
632,1.09951e+12,4.00231e+09,58607.7,40,16.0713,15,0.0540728
633,4.39805e+12,9.32469e+09,53550.4,42,15.1396,15,0.0537154
634,2.74878e+11,1.55362e+09,36107.3,38,14.8008,14,0.0510335
635,2.19902e+12,5.48571e+09,37829.2,41,14.9961,14,0.0516318
636,1.09951e+12,3.52714e+09,35429.9,40,14.8711,14,0.0528854
637,7.03687e+13,8.04362e+10,36027,46,14.7588,14,0.0513101
638,3.51844e+13,4.86521e+10,94055.2,45,16.3594,16,0.0582478
639,2.19902e+12,7.15063e+09,54419.7,41,15.3799,15,0.0548729
640,1.09951e+12,5.72036e+09,89389.4,40,16.0098,16,0.056978
641,1.75922e+13,2.14315e+10,87669.2,44,15.8438,16,0.0571329
642,4.39805e+12,9.87539e+09,162216,42,16.7881,17,0.0601813
643,4.39805e+12,8.34257e+09,159397,42,16.6133,17,0.0585414
644,8.79609e+12,1.80388e+10,160444,43,16.457,17,0.0584415
645,1.09951e+12,5.27044e+09,92963.1,40,15.8965,16,0.0568819
646,2.74878e+11,2.48624e+09,37279.8,38,14.9736,14,0.0568704
647,1.09951e+12,5.14207e+09,55236.9,40,15.6787,15,0.0566505
648,8.79609e+12,1.71669e+10,93454.4,43,16.3965,16,0.0561994
649,8.79609e+12,1.89139e+10,94466.3,43,15.8838,16,0.0562321
650,3.51844e+13,4.82793e+10,162012,45,16.9316,17,0.0579723
651,2.19902e+12,1.27419e+10,298081,41,17.627,18,0.0649048
652,3.51844e+13,5.4154e+10,163246,45,17.1494,17,0.0618671
653,2.81475e+14,4.71104e+11,561723,48,17.7568,19,0.0627224
654,5.6295e+14,6.17029e+11,566485,49,18.3945,19,0.0650948
655,7.03687e+13,1.58227e+11,557670,46,18.2578,19,0.0634458
656,2.81475e+14,5.12446e+11,560206,48,17.7842,19,0.0638596
657,7.03687e+13,2.05572e+11,163474,46,17.4922,17,0.0633525
658,2.81475e+14,3.52287e+11,295975,48,17.8633,18,0.0620032
659,7.03687e+13,2.17421e+11,163017,46,17.2334,17,0.0608357
660,5.6295e+14,1.08108e+12,296616,49,17.9521,18,0.0648906
661,1.80144e+16,1.77363e+13,162785,54,17.2578,17,0.062124
662,5.6295e+14,9.6306e+11,162951,49,17.6523,17,0.0628713
663,1.1259e+15,3.58492e+12,294545,50,18.0703,18,0.0655278
664,2.81475e+14,5.54991e+11,94261.7,48,17.1055,16,0.0633301
665,1.80144e+16,2.85389e+13,295286,54,17.5977,18,0.0667452
666,1.80144e+16,2.03399e+13,162819,54,17.3809,17,0.0639758
667,1.1259e+15,1.80481e+12,161080,50,17.4131,17,0.0655049
668,3.60288e+16,5.77228e+13,297099,55,18.4121,18,0.0661123
669,5.6295e+14,2.14981e+12,163083,49,17.6953,17,0.0647833
670,1.80144e+16,2.07186e+13,57794.5,54,15.9873,15,0.0567102
671,2.81475e+14,1.23074e+12,163603,48,17.3037,17,0.0630113
672,3.60288e+16,4.06746e+13,96823.1,55,17.3838,16,0.0619324
673,7.20576e+16,9.1435e+13,94143.9,56,17.6406,16,0.0650097
674,4.5036e+15,9.28901e+12,296728,52,18.5869,18,0.0669681
675,1.80144e+16,3.27043e+13,92240.9,54,17.5127,16,0.0644035
676,3.60288e+16,4.23874e+13,92462.6,55,17.3594,16,0.0654742
677,1.80144e+16,5.28202e+13,298472,54,19.3398,18,0.0694657
678,3.60288e+16,4.71838e+13,59760.8,55,17.2734,15,0.0655901
679,9.0072e+15,1.09576e+13,163441,53,18.5342,17,0.0666475
680,3.68935e+19,3.65983e+16,163083,65,18.7305,17,0.0673048
681,1.1259e+15,2.94786e+12,26917.7,50,16.1006,13,0.0578429
682,1.44115e+17,1.49115e+14,36947.6,57,15.8975,14,0.0580088
683,1.44115e+17,1.44485e+14,92963.1,57,17.8477,16,0.0659758
684,9.0072e+15,1.4404e+13,160408,53,18.1533,17,0.0682333
685,1.15292e+18,1.15663e+15,37076,60,17.1768,14,0.064654
686,9.0072e+15,1.40439e+13,58607.7,53,17.3613,15,0.063204
687,4.5036e+15,1.10764e+13,34024.4,52,16.3691,14,0.0613643
688,2.2518e+15,7.37356e+12,27236.3,51,15.9238,13,0.0587186
689,9.0072e+15,1.12297e+13,57139.6,53,17.1016,15,0.0639665
690,4.5036e+15,9.8384e+12,36053.8,52,16.3447,14,0.0622346
691,4.5036e+15,9.16964e+12,25661.3,52,15.4141,13,0.0593549
692,2.2518e+15,5.33111e+12,36293.8,51,16.0225,14,0.062998
693,2.2518e+15,9.10132e+12,54389,51,16.3105,15,0.0597505
694,1.47574e+20,1.44128e+17,37581.5,67,16.1572,14,0.0599927
695,1.80144e+16,2.78737e+13,37506.5,54,15.9531,14,0.0599875
696,5.6295e+14,1.82824e+12,23631.8,49,14.8506,13,0.0591947
697,1.80144e+16,1.9314e+13,38073.4,54,15.6582,14,0.0589045
698,2.8823e+17,4.3155e+14,94812.3,58,17.2559,16,0.0642585
699,4.5036e+15,1.39963e+13,92682.7,52,17.626,16,0.0666362
700,7.20576e+16,1.3012e+14,94055.2,56,17.7031,16,0.0661559
701,9.0072e+15,1.38878e+13,94202.9,53,17.6904,16,0.0664227
702,4.5036e+15,2.16009e+13,161359,52,18.0264,17,0.0659022
703,5.76461e+17,5.96349e+14,90004.7,59,16.9883,16,0.0670444
704,7.20576e+16,1.66161e+14,295247,56,19.0742,18,0.0732866
705,7.20576e+16,1.11706e+14,94640.1,56,18.0908,16,0.0661343
706,1.15292e+18,1.30729e+15,292947,60,19.0791,18,0.0718145
707,5.76461e+17,7.54146e+14,563986,59,20.252,19,0.0731999
708,2.8823e+17,3.45897e+14,1.09383e+06,58,20.6172,20,0.0770088
709,4.61169e+18,4.68483e+15,2.14376e+06,62,21.416,21,0.0769452
710,1.44115e+17,1.86342e+14,160551,57,18.4424,17,0.0670759
711,2.8823e+17,4.52951e+14,561681,58,19.9922,19,0.0727494
712,1.44115e+17,1.63084e+14,295555,57,19.6631,18,0.0726251
713,2.8823e+17,3.69372e+14,2.14531e+06,58,21.3594,21,0.0770787
714,2.8823e+17,3.14488e+14,166087,58,19.1914,17,0.0695957
715,2.8823e+17,3.13725e+14,563272,58,20.2812,19,0.0710576
716,5.76461e+17,8.70515e+14,1.09102e+06,59,21.0107,20,0.0752638
717,7.20576e+16,1.92701e+14,93363,56,17.957,16,0.0648265
718,1.15292e+18,1.13523e+15,94954.7,60,17.9521,16,0.0667739
719,1.15292e+18,1.16119e+15,59355.7,60,17.6699,15,0.0615385
720,3.60288e+16,5.04894e+13,55681.6,55,17.5234,15,0.0658996
721,1.18059e+21,1.15312e+18,57901.6,70,17.4258,15,0.0647049
722,1.44115e+17,3.20351e+14,57740.8,57,18.1123,15,0.0661235
723,4.61169e+18,5.716e+15,161910,62,19.1875,17,0.0689497
724,1.44115e+17,2.33376e+14,36557.6,57,17.3779,14,0.0634601
725,1.80144e+16,4.33743e+13,162485,54,19.2363,17,0.0677697
726,4.5036e+15,9.12924e+12,162519,52,19.0508,17,0.0665717
727,1.1259e+15,4.31538e+12,162819,50,18.8281,17,0.0667643
728,3.68935e+19,3.63738e+16,160622,65,18.2822,17,0.0670956
729,5.76461e+17,8.63734e+14,92367.8,59,18.6504,16,0.0662324
730,4.5036e+15,1.10455e+13,91824.7,52,18.1406,16,0.0643634
731,1.44115e+17,2.49953e+14,164487,57,19.0547,17,0.0667573
732,1.80144e+16,6.58979e+13,94983,54,18.9639,16,0.0676109
733,1.80144e+16,2.85783e+13,158623,54,18.6699,17,0.0669344
734,9.0072e+15,1.64297e+13,297210,53,19.2715,18,0.0668324
735,4.5036e+15,1.73546e+13,56691.5,52,17.582,15,0.0618062
736,9.0072e+15,2.02475e+13,93240.6,53,18.334,16,0.0648382
737,4.5036e+15,1.12703e+13,35703,52,17.1592,14,0.0607264
738,1.80144e+16,3.30566e+13,157645,54,18.9346,17,0.0674306
739,1.44115e+17,1.6682e+14,562545,57,20.25,19,0.0712713
740,1.44115e+17,1.44878e+14,560206,57,19.8691,19,0.0705439
741,7.20576e+16,3.07937e+14,563031,56,20.2197,19,0.071838
742,1.80144e+16,2.4356e+13,297246,54,19.542,18,0.0716958
743,7.20576e+16,1.22333e+14,91598.3,56,18.7061,16,0.0671781
744,3.60288e+16,7.69133e+13,90443.2,55,18.4043,16,0.0670469
745,1.80144e+16,2.66416e+13,163827,54,19.3008,17,0.0710682
746,5.76461e+17,6.48154e+14,163667,59,18.7949,17,0.0666925
747,1.80144e+16,2.48851e+13,161876,54,18.6895,17,0.0652484
748,5.6295e+14,2.58391e+12,57686.9,49,17.5049,15,0.0611305
749,4.61169e+18,4.53515e+15,93906.4,62,18.0459,16,0.0631945
750,9.0072e+15,1.57043e+13,2.13969e+06,53,20.9912,21,0.0744951
751,4.5036e+15,1.81951e+13,2.14059e+06,52,20.832,21,0.0750414
752,3.60288e+16,4.49241e+13,2.14795e+06,55,21.6064,21,0.0775017
753,1.44115e+17,2.21493e+14,4.24428e+06,57,21.4961,22,0.0821263
754,1.80144e+16,3.76515e+13,4.24692e+06,54,21.4102,22,0.081584
755,1.44115e+17,2.31483e+14,4.24897e+06,57,21.7578,22,0.0799352
756,1.15292e+18,1.16329e+15,8.44337e+06,60,21.8057,23,0.0791312
757,7.20576e+16,1.43405e+14,1.68364e+07,56,22.7666,24,0.0881551
758,2.30584e+18,2.56835e+15,8.44083e+06,61,21.9961,23,0.0832997
759,1.15292e+18,2.16831e+15,8.44479e+06,60,22.4951,23,0.0837615
760,4.61169e+18,8.0534e+15,3.36139e+07,62,22.8652,25,0.0849197
761,5.76461e+17,1.34984e+15,3.36216e+07,59,23.2607,25,0.0879433
762,1.80144e+16,7.02727e+13,3.36175e+07,54,23.0039,25,0.0855954
763,3.68935e+19,3.61796e+16,1.68352e+07,65,22.5273,24,0.0852492
764,3.68935e+19,4.53385e+16,4.24627e+06,65,22.9844,22,0.0839204
765,1.84467e+19,2.35472e+16,2.14328e+06,64,20.9951,21,0.0783691
766,3.60288e+16,1.26901e+14,296241,55,19.0176,18,0.0732315
767,1.44115e+17,2.76878e+14,1.68381e+07,57,22.4521,24,0.0845707
768,1.47574e+20,1.4428e+17,563432,67,19.9131,19,0.074123
769,1.15292e+18,2.77436e+15,1.3429e+08,60,24.6621,27,0.091892
770,1.15292e+18,2.45293e+15,6.71741e+07,60,23.4932,26,0.0862769
771,1.15292e+18,2.07284e+15,1.34297e+08,60,24.2334,27,0.088779
772,2.8823e+17,3.43662e+14,1.68386e+07,58,21.8818,24,0.0824165
773,2.95148e+20,2.88566e+17,1.68426e+07,68,22.3906,24,0.0838347
774,5.76461e+17,7.42061e+14,561598,59,20.084,19,0.0759952
775,5.76461e+17,7.18499e+14,2.14109e+06,59,20.001,21,0.0780022
776,5.76461e+17,1.39578e+15,3.36178e+07,59,22.8682,25,0.0872522
777,5.76461e+17,1.40994e+15,8.44281e+06,59,21.5234,23,0.0813615
778,7.20576e+16,9.53929e+13,4.24474e+06,56,21.5498,22,0.0820704
779,2.30584e+18,2.75133e+15,1.68379e+07,61,22.5186,24,0.0831923
780,7.20576e+16,1.43105e+14,562626,56,21.0352,19,0.0761396
781,5.76461e+17,7.67162e+14,1.09e+06,59,20.5557,20,0.0756269
782,4.61169e+18,4.95141e+15,564299,62,21.0293,19,0.0771179
783,1.44115e+17,5.66742e+14,1.09172e+06,57,20.9785,20,0.0792279
784,2.8823e+17,4.43884e+14,4.24297e+06,58,21.127,22,0.0783744
785,4.61169e+18,4.89924e+15,1.68394e+07,62,22.7686,24,0.0867641
786,2.8823e+17,6.47355e+14,296579,58,19.6846,18,0.0743859
787,2.30584e+18,2.74907e+15,294741,61,19.124,18,0.0735913
788,5.76461e+17,1.32459e+15,158137,59,19.0977,17,0.0713942
789,7.20576e+16,7.74591e+13,57578.6,56,18.002,15,0.0746019
790,4.61169e+18,4.74298e+15,2.14489e+06,62,21.6309,21,0.0824453
791,7.20576e+16,1.67893e+14,94291.1,56,19.6436,16,0.0749956
792,5.76461e+17,9.7012e+14,562341,59,20.7061,19,0.078873
793,9.22337e+18,9.80101e+15,25661.3,63,17.458,13,0.0661274
794,5.76461e+17,9.10245e+14,4.24023e+06,59,21.46,22,0.0863047
795,1.84467e+19,1.83538e+16,296089,64,20.1709,18,0.078733
796,1.15292e+18,1.71088e+15,2.13643e+06,60,21.2041,21,0.0831179
797,3.60288e+16,1.35556e+14,2.13841e+06,55,21.417,21,0.0812974
798,2.8823e+17,3.90207e+14,1.08367e+06,58,20.8389,20,0.0797385
799,1.15292e+18,2.01195e+15,1.09093e+06,60,20.5322,20,0.077971
800,1.47574e+20,1.4898e+17,2.14029e+06,67,21.252,21,0.0838393
801,1.15292e+18,1.27898e+15,4.2366e+06,60,21.2129,22,0.0839834
802,2.30584e+18,3.87799e+15,8.44342e+06,61,22.2822,23,0.086825
803,2.8823e+17,5.94752e+14,2.138e+06,58,20.7236,21,0.0809733
804,1.44115e+17,6.56529e+14,1.68377e+07,57,22.1289,24,0.0874921
805,5.76461e+17,9.22992e+14,559170,59,20.1357,19,0.0785913
806,1.84467e+19,1.90131e+16,1.68402e+07,64,23.1621,24,0.0883014
807,2.41785e+24,2.3612e+21,3.36119e+07,81,23.4854,25,0.0890736
808,3.68935e+19,3.68839e+16,3.36144e+07,65,24.4502,25,0.0944824
809,2.30584e+18,3.29166e+15,6.71741e+07,61,24.6055,26,0.0991745
810,4.61169e+18,6.92942e+15,8.43963e+06,62,22.9688,23,0.0882277
811,4.72237e+21,4.68637e+18,1.09206e+06,72,20.9248,20,0.0823115
812,5.90296e+20,6.53432e+17,4.2375e+06,69,21.6133,22,0.082157
813,5.90296e+20,5.76979e+17,1.08465e+06,69,20.4092,20,0.0789602
814,1.15292e+18,1.21093e+15,297612,60,19.6758,18,0.0736822
815,7.3787e+19,7.7166e+16,1.09045e+06,66,20.6543,20,0.0792143
816,5.90296e+20,5.83775e+17,557536,69,19.4473,19,0.0758012
817,3.02231e+23,2.95167e+20,161876,78,18.7422,17,0.0714185
818,1.15292e+18,1.17116e+15,160480,60,18.0566,17,0.0711693
819,1.44115e+17,2.30942e+14,57415.1,57,16.9395,15,0.0651807
820,3.60288e+16,8.72751e+13,295861,55,19.4375,18,0.0764068
821,3.60288e+16,1.48816e+14,296840,55,19.3193,18,0.0756064
822,3.68935e+19,8.44189e+16,297393,65,19.8242,18,0.0777007
823,1.80144e+16,6.92861e+13,297684,54,19.8242,18,0.0759192
824,2.30584e+18,3.34944e+15,1.09412e+06,61,20.9443,20,0.0831856
825,1.15292e+18,2.51613e+15,1.68349e+07,60,22.9746,24,0.0885174
826,2.30584e+18,4.12358e+15,561473,61,20.4756,19,0.082328
827,4.61169e+18,9.20937e+15,2.14627e+06,62,21.334,21,0.0827523
828,1.84467e+19,1.85504e+16,8.44408e+06,64,22.0742,23,0.0836181
829,9.22337e+18,2.12015e+16,3.36119e+07,63,23.5908,25,0.09129
830,3.77789e+22,3.74813e+19,8.44348e+06,75,22.6113,23,0.0920841
831,5.90296e+20,6.47732e+17,1.34291e+08,69,26.0244,27,0.105456
832,2.30584e+18,5.34178e+15,4.2449e+06,61,23.2383,22,0.0906826
833,1.47574e+20,3.08179e+17,1.3429e+08,67,25.4629,27,0.0982789
834,1.47574e+20,1.54024e+17,6.71734e+07,67,25.042,26,0.101134
835,5.76461e+17,1.13387e+15,89286,59,19.7754,16,0.0799938
836,1.47574e+20,2.55041e+17,1.68323e+07,67,23.9199,24,0.0982425
837,2.95148e+20,4.968e+17,6.71594e+07,68,25.1484,26,0.103985
838,1.18059e+21,1.16604e+18,1.08822e+06,70,22.5859,20,0.091776
839,2.36118e+21,2.30714e+18,87021.4,71,19.8223,16,0.0805397
840,1.84467e+19,2.02893e+16,160086,64,20.7324,17,0.0874089
841,3.68935e+19,4.37512e+16,161635,65,20.8311,17,0.0856623
842,1.51116e+23,1.66074e+20,296316,77,21.9473,18,0.0929008
843,1.84467e+19,5.83538e+16,6.71706e+07,64,25.0713,26,0.101515
844,5.90296e+20,6.01001e+17,3.36139e+07,69,24.0732,25,0.0959382
845,9.44473e+21,9.28378e+18,6.71681e+07,73,25.4434,26,0.104538
846,2.95148e+20,3.80591e+17,2.14173e+06,68,22.8271,21,0.0956898
847,3.09485e+26,3.02233e+23,4.24407e+06,88,23.4805,22,0.101344
848,5.90296e+20,6.68762e+17,4.24061e+06,69,23.2188,22,0.10095
849,3.02231e+23,2.96791e+20,1.09058e+06,78,22.2109,20,0.0957504
850,5.90296e+20,5.98193e+17,559301,69,21.7979,19,0.100444
851,4.72237e+21,4.63914e+18,562748,72,21.3535,19,0.0946132
852,3.02231e+23,2.96342e+20,559083,78,21.1758,19,0.0959983
853,4.72237e+21,5.21501e+18,294819,72,20.75,18,0.0948535
854,5.90296e+20,6.44219e+17,1.08263e+06,69,20.8682,20,0.100995
855,5.90296e+20,8.20728e+17,291882,69,20.3604,18,0.0967927
856,1.88895e+22,2.48356e+19,549223,74,21.0869,19,0.100855
857,7.92282e+28,7.73904e+25,546918,96,21.9609,19,0.105132
858,3.77789e+22,6.08542e+19,561515,75,22.1719,19,0.106647
859,1.88895e+22,3.88686e+19,2.12802e+06,74,22.9863,21,0.10565
860,1.88895e+22,1.88319e+19,1.08986e+06,74,22.0527,20,0.104047
861,1.54743e+26,1.5584e+23,157569,87,20.1777,17,0.094052
862,3.68935e+19,9.96816e+16,53832.2,65,19.2324,15,0.0930357
863,2.95148e+20,3.845e+17,1.08142e+06,68,22.2305,20,0.104961
864,4.72237e+21,5.89186e+18,4.23801e+06,72,23.2236,22,0.108123
865,1.88895e+22,1.96845e+19,557536,74,21.5059,19,0.104344
866,3.77789e+22,4.86504e+19,2.13711e+06,75,22.4531,21,0.104301
867,3.68935e+19,1.01985e+17,1.08644e+06,65,21.4014,20,0.0996794
868,5.90296e+20,1.04093e+18,1.08639e+06,69,22.0068,20,0.100897
869,1.88895e+22,2.9195e+19,8.42647e+06,74,24.0195,23,0.108382
870,2.95148e+20,3.70679e+17,556590,68,21.9268,19,0.102074
871,7.92282e+28,7.73713e+25,159251,96,20.6445,17,0.0941595
872,7.55579e+22,1.16109e+20,1.08451e+06,76,22.417,20,0.105036
873,5.90296e+20,2.84887e+18,561598,69,21.9785,19,0.101754
874,3.02231e+23,3.02219e+20,8.42948e+06,78,23.5195,23,0.108279
875,7.73713e+25,7.64633e+22,1.68357e+07,86,24.9062,24,0.114816
876,2.41785e+24,2.36166e+21,4.23319e+06,81,22.5215,22,0.104932
877,9.44473e+21,1.49213e+19,8.4377e+06,73,23.6396,23,0.111696
878,3.09485e+26,3.02286e+23,6.7175e+07,88,26.3271,26,0.124409
879,6.1897e+26,6.06466e+23,158362,89,22.6133,17,0.109754
880,2.41785e+24,3.56495e+21,1.08577e+06,81,24.6279,20,0.123423
881,2.41785e+24,3.63397e+21,4.24017e+06,81,25.334,22,0.122091
882,1.51116e+23,1.99374e+20,2.14447e+06,77,24.8818,21,0.116559
883,1.23794e+27,2.7213e+24,3.36136e+07,90,27.2939,25,0.130821
884,7.55579e+22,1.41959e+20,5.36936e+08,76,28.9639,29,0.139791
885,7.92282e+28,7.7678e+25,3.36036e+07,96,26.7598,25,0.125909
886,3.09485e+26,3.45624e+23,4.23499e+06,88,26.1279,22,0.129213
887,1.93428e+25,3.95867e+22,558381,84,24.249,19,0.114479
888,4.8357e+24,7.29416e+21,4.23464e+06,82,25.0771,22,0.125406
889,3.77789e+22,1.34293e+20,8.43274e+06,75,25.7148,23,0.125255
890,3.02231e+23,4.05361e+20,1.08258e+06,78,24.1621,20,0.114862
891,3.02231e+23,3.63238e+20,4.24055e+06,78,25.0811,22,0.118629
892,4.8357e+24,6.79015e+21,2.14064e+06,82,23.9404,21,0.113216
893,7.55579e+22,1.35342e+20,1.34283e+08,76,27.6211,27,0.129848
894,3.02231e+23,4.70232e+20,6.71685e+07,78,27.374,26,0.127966
895,9.67141e+24,1.0694e+22,3.36133e+07,83,26.5518,25,0.122996
896,6.1897e+26,6.59293e+23,5.36948e+08,89,29.0898,29,0.140171
897,4.95176e+27,4.84592e+24,2.14756e+09,92,30.3584,31,0.143154
898,3.86856e+25,5.21167e+22,4.29507e+09,85,31.9092,32,0.145256
899,7.92282e+28,7.85803e+25,8.59001e+09,96,31.7539,33,0.1507
900,7.92282e+28,7.86585e+25,5.36934e+08,96,29.7451,29,0.144665
901,6.1897e+26,6.0638e+23,2.68508e+08,89,28.9424,28,0.141909
902,3.02231e+23,5.81595e+20,2.68472e+08,78,27.6328,28,0.131921
903,7.92282e+28,7.76783e+25,5.36947e+08,96,29.2129,29,0.143847
904,7.73713e+25,7.83522e+22,2.14755e+09,86,31.2412,31,0.144546
905,6.04463e+23,1.09319e+21,2.68492e+08,79,29.0938,28,0.134408
906,7.92282e+28,7.73724e+25,5.36935e+08,96,29.8232,29,0.140565
907,1.54743e+26,2.00797e+23,1.07382e+09,87,30.7168,30,0.145829
908,3.77789e+22,7.14929e+19,1.07381e+09,75,30.668,30,0.145144
909,7.73713e+25,1.9019e+23,8.59001e+09,86,31.8506,33,0.145911
910,6.04463e+23,7.31266e+20,8.59002e+09,79,31.9434,33,0.147383
911,3.86856e+25,7.60719e+22,1.37439e+11,85,34.9473,37,0.161528
912,7.92282e+28,7.75231e+25,1.718e+10,96,32.2998,34,0.154762
913,7.92282e+28,7.73715e+25,3.43598e+10,96,32.5742,35,0.15152
914,7.92282e+28,7.8663e+25,2.68505e+08,96,30.3389,28,0.14321
915,2.47588e+27,2.42087e+24,4.29504e+09,91,31.7461,32,0.143368
916,1.93428e+25,2.03106e+22,3.43598e+10,84,32.9326,35,0.153642
917,1.9807e+28,1.93821e+25,1.718e+10,94,33.1074,34,0.15086
918,4.95176e+27,6.04662e+24,8.59004e+09,92,32.5771,33,0.154582
919,3.09485e+26,3.87565e+23,5.36949e+08,88,30.1426,29,0.139842
920,1.93428e+25,2.13897e+22,3.36077e+07,84,27.9717,25,0.130269
921,1.51116e+23,1.73447e+20,6.71716e+07,77,28.04,26,0.131252
922,7.92282e+28,7.73727e+25,3.35988e+07,96,27.7061,25,0.131015
923,3.02231e+23,6.72289e+20,1.34284e+08,78,28.9834,27,0.135724
924,3.02231e+23,5.58548e+20,1.34283e+08,78,28.5303,27,0.134427
925,2.41785e+24,6.02536e+21,1.34279e+08,81,28.5713,27,0.133652
926,3.02231e+23,7.78939e+20,1.07382e+09,78,30.3525,30,0.137055
927,2.41785e+24,2.88934e+21,5.36956e+08,81,30.3525,29,0.140948
928,4.8357e+24,1.24292e+22,5.36942e+08,82,30.5605,29,0.136825
929,3.09485e+26,3.02535e+23,5.36941e+08,88,30.4541,29,0.136549
930,1.20893e+24,1.34506e+21,1.07382e+09,80,31.5322,30,0.138864
931,1.93428e+25,2.43246e+22,2.14757e+09,84,31.6953,31,0.142769
932,1.9807e+28,1.93436e+25,1.07384e+09,94,31.4375,30,0.142477
933,7.92282e+28,7.73769e+25,2.14755e+09,96,30.9092,31,0.137533
934,1.54743e+26,2.47224e+23,4.29506e+09,87,32.1709,32,0.145858
935,9.67141e+24,1.48288e+22,2.14757e+09,83,30.9707,31,0.139821
936,7.92282e+28,7.73713e+25,5.3694e+08,96,29.3203,29,0.135293
937,2.47588e+27,2.4179e+24,2.14756e+09,91,30.8652,31,0.13996
938,3.02231e+23,6.83268e+20,2.14757e+09,78,31.4512,31,0.143559
939,3.86856e+25,4.7459e+22,2.68505e+08,85,29.1494,28,0.135659
940,3.09485e+26,4.53909e+23,5.36955e+08,88,30.3584,29,0.141993
941,6.04463e+23,6.68523e+20,5.36955e+08,79,30.0742,29,0.1401
942,1.93428e+25,1.92909e+22,1.07382e+09,84,30.4629,30,0.137782
943,4.8357e+24,5.33318e+21,2.14755e+09,82,30.0264,31,0.132905
944,7.92282e+28,7.73716e+25,5.36957e+08,96,29.1992,29,0.129648
945,4.72237e+21,1.46726e+19,1.07382e+09,72,29.9023,30,0.138191
946,3.02231e+23,4.25713e+20,1.07382e+09,78,30.0674,30,0.134805
947,3.77789e+22,4.83194e+19,1.07382e+09,75,29.6592,30,0.133621
948,9.44473e+21,2.72323e+19,1.07383e+09,73,30.4258,30,0.142369
949,1.88895e+22,5.16613e+19,6.71794e+07,74,27.6885,26,0.128235
950,4.8357e+24,4.77734e+21,1.07383e+09,82,29.5625,30,0.136701
951,3.02231e+23,6.89715e+20,1.07381e+09,78,29.2949,30,0.130597
952,2.41785e+24,4.89625e+21,1.34296e+08,81,27.6592,27,0.126217
953,7.73713e+25,8.03277e+22,5.3694e+08,86,28.5811,29,0.130369
954,9.90352e+27,9.67263e+24,2.14756e+09,93,30.749,31,0.135539
955,7.92282e+28,7.73955e+25,1.34286e+08,96,27.9131,27,0.124566
956,9.44473e+21,3.02257e+19,5.3695e+08,73,29.7314,29,0.135216
957,7.92282e+28,7.73905e+25,2.68505e+08,96,28.2998,28,0.126255
958,9.67141e+24,9.54206e+21,2.14757e+09,83,31.5176,31,0.134409
959,1.20893e+24,1.28255e+21,2.685e+08,80,29.3398,28,0.131787
960,1.51116e+23,2.52332e+20,1.07382e+09,77,30.5635,30,0.13261
961,3.77789e+22,4.10145e+19,2.68511e+08,75,28.0039,28,0.121187
962,1.51116e+23,1.59916e+20,5.36955e+08,77,29.627,29,0.135007
963,7.73713e+25,7.90153e+22,1.6836e+07,86,24.2803,24,0.108705
964,3.86856e+25,3.79478e+22,292988,85,22.2764,18,0.102087
965,3.77789e+22,6.52386e+19,291550,75,22.5146,18,0.107498
966,6.04463e+23,1.19964e+21,3.3611e+07,79,25.0176,25,0.118021
967,9.67141e+24,2.40228e+22,2.68498e+08,83,27.665,28,0.125181
968,3.86856e+25,3.84656e+22,6.71779e+07,85,26.8271,26,0.121628
969,3.09485e+26,3.2254e+23,8.59004e+09,88,32.5811,33,0.146347
970,7.92282e+28,7.73735e+25,4.29506e+09,96,31.5234,32,0.141273
971,4.8357e+24,5.38125e+21,8.59003e+09,82,32.1221,33,0.141636
972,6.04463e+23,1.20546e+21,8.59002e+09,79,32.9756,33,0.145346
973,7.92282e+28,7.7372e+25,1.07383e+09,96,29.8096,30,0.131943
974,6.1897e+26,6.13989e+23,2.14758e+09,89,31.7529,31,0.137116
975,4.8357e+24,5.0066e+21,2.14757e+09,82,30.5674,31,0.134172
976,3.77789e+22,4.16189e+19,4.29505e+09,75,31.2734,32,0.133332
977,7.73713e+25,7.57532e+22,2.14759e+09,86,31.9873,31,0.143696
978,3.09485e+26,3.40087e+23,2.14757e+09,88,31.4551,31,0.136572
979,9.67141e+24,1.1924e+22,8.59002e+09,83,32.6904,33,0.141853
980,1.51116e+23,1.98772e+20,2.14757e+09,77,31.4756,31,0.143661
981,6.1897e+26,6.07755e+23,1.07382e+09,89,29.8916,30,0.138396
982,1.20893e+24,1.50604e+21,5.36954e+08,80,29.583,29,0.135418
983,6.1897e+26,6.0458e+23,1.0738e+09,89,29.752,30,0.131303
984,1.88895e+22,6.04718e+19,2.14754e+09,74,30.8486,31,0.134413
985,1.93428e+25,1.89314e+22,1.07382e+09,84,29.7051,30,0.131863
986,3.09485e+26,3.04985e+23,1.07382e+09,88,30.3828,30,0.138007
987,6.04463e+23,1.35651e+21,4.29506e+09,79,32.4297,32,0.145486
988,6.1897e+26,6.24047e+23,2.14757e+09,89,31.1602,31,0.137352
989,4.8357e+24,4.91945e+21,4.29505e+09,82,31.2812,32,0.138773
990,9.90352e+27,9.70945e+24,4.29506e+09,93,32.1846,32,0.14159
991,7.55579e+22,2.01789e+20,1.718e+10,76,33.1084,34,0.148172
992,7.55579e+22,1.21945e+20,5.36939e+08,76,28.3584,29,0.123296
993,3.86856e+25,3.78141e+22,4.29505e+09,85,31.1113,32,0.139631
994,3.77789e+22,7.25926e+19,1.07382e+09,75,30.5762,30,0.138353
995,3.02231e+23,2.99266e+20,5.36959e+08,78,29.4883,29,0.133988
996,6.04463e+23,1.04778e+21,4.29504e+09,79,31.4541,32,0.1377
997,2.41785e+24,2.66868e+21,1.07383e+09,81,30.4766,30,0.138685
998,2.41785e+24,3.26719e+21,1.68296e+07,81,25.9756,24,0.118556
999,1.93428e+25,1.95167e+22,4.29505e+09,84,31.3877,32,0.142991
1000,7.92282e+28,7.73725e+25,8.43372e+06,96,25.4541,23,0.1137
1001,2.47588e+27,2.49358e+24,2.14755e+09,91,30.5986,31,0.136176
1002,1.54743e+26,1.56032e+23,5.36938e+08,87,29.8574,29,0.138959
1003,7.92282e+28,1.54743e+26,5.36934e+08,96,29.4668,29,0.129514
1004,7.55579e+22,1.35108e+20,1.34276e+08,76,28.0156,27,0.122435
1005,6.04463e+23,9.01157e+20,1.34271e+08,79,27.417,27,0.121981
1006,2.41785e+24,2.6405e+21,5.36955e+08,81,29.5762,29,0.128785
1007,3.86856e+25,5.67335e+22,1.07382e+09,85,29.957,30,0.131679
1008,7.73713e+25,7.57922e+22,1.07383e+09,86,29.667,30,0.129807
1009,2.47588e+27,2.41881e+24,1.68304e+07,91,26.1689,24,0.12033
1010,6.04463e+23,7.18919e+20,8.44441e+06,79,25.8301,23,0.117457
1011,3.86856e+25,3.78855e+22,8.44083e+06,85,25.6484,23,0.119121
1012,3.86856e+25,4.91176e+22,8.43945e+06,85,25.0859,23,0.112523
1013,3.96141e+28,3.8686e+25,6.71646e+07,95,25.9902,26,0.119709
1014,7.73713e+25,7.62081e+22,1.68327e+07,86,25.8965,24,0.116537
1015,7.92282e+28,1.00202e+26,4.24039e+06,96,25.4336,22,0.114533
1016,7.92282e+28,1.55122e+26,8.44225e+06,96,25.9268,23,0.113603
1017,1.93428e+25,4.19703e+22,3.36145e+07,84,27.1758,25,0.122297
1018,7.92282e+28,8.23027e+25,1.08353e+06,96,24.3711,20,0.109354
1019,2.47588e+27,2.42065e+24,1.34279e+08,91,27.2139,27,0.121471
1020,7.92282e+28,7.80717e+25,8.43156e+06,96,25.6709,23,0.111924
1021,3.86856e+25,4.98649e+22,4.24526e+06,85,26.8164,22,0.119202
1022,9.67141e+24,9.58056e+21,3.36142e+07,83,27.4443,25,0.123449
1023,7.92282e+28,8.22863e+25,1.34279e+08,96,28.0254,27,0.121501
1024,2.47588e+27,3.16139e+24,2.68504e+08,91,29.0107,28,0.132596
1025,6.1897e+26,6.16931e+23,5.36941e+08,89,28.6377,29,0.123868
1026,3.86856e+25,5.79281e+22,8.43864e+06,85,25.2568,23,0.107654
1027,4.95176e+27,4.88119e+24,8.43928e+06,92,25.6162,23,0.110382
1028,2.47588e+27,3.11864e+24,561054,91,23.5742,19,0.105561
1029,6.1897e+26,6.32232e+23,159434,89,21.9248,17,0.0967989
1030,3.02231e+23,4.72359e+20,34987.3,78,18.8828,14,0.0821438
1031,3.86856e+25,4.27208e+22,1.08586e+06,85,24,20,0.104771
1032,7.92282e+28,7.73775e+25,6.71747e+07,96,27.4668,26,0.118956
1033,9.67141e+24,1.80769e+22,3.36044e+07,83,26.5664,25,0.119664
1034,3.86856e+25,3.97203e+22,6.71634e+07,85,26.2773,26,0.121089
1035,3.09485e+26,3.0724e+23,1.34287e+08,88,28.6045,27,0.1283
1036,7.92282e+28,8.7062e+25,8.43286e+06,96,26.7393,23,0.117531
1037,3.86856e+25,8.20325e+22,1.07383e+09,85,30.041,30,0.128788
1038,6.1897e+26,6.80684e+23,1.34288e+08,89,28.5273,27,0.12929
1039,4.95176e+27,6.43273e+24,6.71747e+07,92,27.7285,26,0.124687
1040,1.23794e+27,1.36689e+24,1.34279e+08,90,27.7812,27,0.124294
1041,2.47588e+27,2.92947e+24,3.36053e+07,91,25.6162,25,0.119276
1042,7.92282e+28,8.71201e+25,6.71676e+07,96,26.9453,26,0.118864
1043,7.92282e+28,7.79985e+25,1.34272e+08,96,27.9893,27,0.126249
1044,9.90352e+27,1.10538e+25,5.36952e+08,93,30.4014,29,0.139489
1045,2.47588e+27,2.88301e+24,2.685e+08,91,29.0576,28,0.131718
1046,9.90352e+27,1.15324e+25,2.68489e+08,93,29.0352,28,0.13171
1047,1.54743e+26,2.40864e+23,1.07382e+09,87,30.1494,30,0.132698
1048,7.92282e+28,7.73874e+25,8.44419e+06,96,26.6045,23,0.115829
1049,2.47588e+27,2.73145e+24,1.68331e+07,91,26.7539,24,0.118379
1050,9.90352e+27,1.21087e+25,2.68496e+08,93,27.5713,28,0.120804
1051,2.47588e+27,2.54897e+24,5.36944e+08,91,28.9629,29,0.130496
1052,1.93428e+25,2.72873e+22,2.68514e+08,84,28.6992,28,0.131454
1053,3.09485e+26,3.22872e+23,2.68497e+08,88,29.4785,28,0.136039
1054,1.20893e+24,3.26851e+21,2.68513e+08,80,27.833,28,0.12804
1055,3.09485e+26,5.30079e+23,2.685e+08,88,28.124,28,0.127596
1056,3.02231e+23,7.9759e+20,3.36139e+07,78,26.335,25,0.118627
1057,2.47588e+27,2.4215e+24,8.44214e+06,91,25.1055,23,0.114412
1058,7.92282e+28,1.35715e+26,3.36042e+07,96,26.0254,25,0.120726
1059,1.54743e+26,1.9982e+23,4.24577e+06,87,25.4541,22,0.117232
1060,6.1897e+26,6.05964e+23,3.3617e+07,89,25.5586,25,0.119152
1061,3.86856e+25,8.10326e+22,1.07381e+09,85,29.6182,30,0.131536
1062,2.47588e+27,2.47675e+24,1.34274e+08,91,27.4766,27,0.127986
1063,7.92282e+28,1.54939e+26,5.36932e+08,96,29.0898,29,0.130196
1064,2.41785e+24,4.07682e+21,2.68506e+08,81,28.6768,28,0.125755
1065,2.47588e+27,3.06569e+24,2.68501e+08,91,28.0625,28,0.123807
1066,7.92282e+28,7.798e+25,8.43512e+06,96,23.9541,23,0.105401
1067,2.41785e+24,2.95831e+21,90710.5,81,20.7051,16,0.0957655
1068,2.41785e+24,4.2881e+21,6.71692e+07,81,26.8604,26,0.118374
1069,7.92282e+28,7.73889e+25,3.36135e+07,96,26.2744,25,0.118525
1070,7.92282e+28,7.7495e+25,8.44009e+06,96,26.2559,23,0.118861
1071,7.92282e+28,7.77147e+25,2.14757e+09,96,31.9111,31,0.140336
1072,1.23794e+27,2.4211e+24,4.29506e+09,90,32.3672,32,0.141239
1073,1.54743e+26,2.2723e+23,2.14756e+09,87,31.1211,31,0.136886
1074,2.47588e+27,2.46347e+24,1.34291e+08,91,28.249,27,0.123403
1075,1.9807e+28,2.18299e+25,2.68504e+08,94,27.9834,28,0.126505
1076,1.23794e+27,1.51574e+24,3.36036e+07,90,25.374,25,0.114673
1077,1.23794e+27,1.2919e+24,5.36936e+08,90,28.6553,29,0.129348
1078,3.09485e+26,4.59624e+23,5.36942e+08,88,28.9043,29,0.129088
1079,7.92282e+28,1.16078e+26,1.0788e+06,96,23.8037,20,0.106532
1080,3.09485e+26,3.59926e+23,8.43758e+06,88,26.6846,23,0.118672
1081,1.23794e+27,1.21108e+24,2.68502e+08,90,27.9355,28,0.128036
1082,7.92282e+28,7.76759e+25,2.14757e+09,96,30.6748,31,0.143371
1083,1.9807e+28,1.9652e+25,1.34286e+08,94,28.8643,27,0.127177
1084,1.93428e+25,3.15088e+22,6.71694e+07,84,27.1895,26,0.118143
1085,6.1897e+26,9.10413e+23,6.7175e+07,89,27.1885,26,0.119029
1086,7.92282e+28,8.2512e+25,6.7166e+07,96,27.7559,26,0.125272
1087,7.92282e+28,7.88838e+25,8.43445e+06,96,26.5332,23,0.118535
1088,9.90352e+27,9.77489e+24,34707.2,93,23.4648,14,0.10921
1089,7.92282e+28,1.93963e+26,160408,96,25.7969,17,0.117049
1090,1.93428e+25,1.92112e+22,92367.8,84,23.8584,16,0.109106
1091,7.92282e+28,7.73762e+25,2.14395e+06,96,26.3311,21,0.119355
1092,9.90352e+27,1.2113e+25,1.08644e+06,93,24.4834,20,0.110756
1093,4.8357e+24,8.60034e+21,1.09013e+06,82,25.6494,20,0.113199
1094,7.92282e+28,8.70584e+25,2.14271e+06,96,25.4941,21,0.110838
1095,1.54743e+26,2.72579e+23,1.68268e+07,87,27.8965,24,0.125513
1096,9.67141e+24,1.33061e+22,4.23818e+06,83,26.9492,22,0.119977
1097,7.92282e+28,7.73738e+25,8.44614e+06,96,27.1338,23,0.121179
1098,2.47588e+27,4.98136e+24,5.36957e+08,91,30.668,29,0.131821
1099,2.47588e+27,3.22187e+24,4.29507e+09,91,31.9131,32,0.144925
1100,7.92282e+28,7.75492e+25,1.34294e+08,96,30.0967,27,0.134079
1101,7.92282e+28,7.76908e+25,5.36946e+08,96,31.1758,29,0.137593
1102,7.92282e+28,9.68944e+25,4.29507e+09,96,32.6602,32,0.142605
1103,1.9807e+28,1.95977e+25,2.68508e+08,94,30.2578,28,0.136991
1104,7.73713e+25,1.75549e+23,5.36953e+08,86,30.3135,29,0.136328
1105,7.92282e+28,1.60873e+26,1.68396e+07,96,28.3633,24,0.134058
1106,7.92282e+28,1.56472e+26,2.13994e+06,96,26.9639,21,0.120627
1107,7.92282e+28,9.67259e+25,3.36271e+07,96,28.1182,25,0.128175
1108,7.92282e+28,8.23416e+25,6.71715e+07,96,29.0459,26,0.126775
1109,3.09485e+26,6.5826e+23,1.08738e+06,88,26.8535,20,0.115831
1110,7.92282e+28,2.32455e+26,1.08577e+06,96,26.332,20,0.113848
1111,3.09485e+26,4.26289e+23,4.23818e+06,88,26.6436,22,0.119166
1112,1.23794e+27,1.2567e+24,2.14212e+06,90,26.5352,21,0.115534
1113,7.92282e+28,1.55059e+26,2.14423e+06,96,25.9766,21,0.117004
1114,4.95176e+27,5.22163e+24,1.34292e+08,92,28.0791,27,0.124174
1115,7.92282e+28,8.26848e+25,2.68495e+08,96,28.9863,28,0.128423
1116,3.09485e+26,3.67781e+23,2.68515e+08,88,28.4697,28,0.124368
1117,7.92282e+28,8.24445e+25,5.36966e+08,96,30.1045,29,0.129612
1118,1.54743e+26,2.01722e+23,1.68334e+07,87,27.2363,24,0.121454
1119,7.92282e+28,1.58268e+26,2.14758e+09,96,32.2588,31,0.143381
1120,7.92282e+28,1.54891e+26,1.3429e+08,96,29.7676,27,0.13133
1121,7.92282e+28,1.57199e+26,2.14756e+09,96,31.4727,31,0.138135
1122,7.92282e+28,1.62117e+26,1.07383e+09,96,30.4492,30,0.134609
1123,7.92282e+28,3.19799e+26,1.09309e+06,96,26.7715,20,0.124913
1124,1.54743e+26,1.69349e+23,3.36186e+07,87,29.4268,25,0.126618
1125,7.92282e+28,1.54836e+26,1.07381e+09,96,31.6709,30,0.138347
1126,4.95176e+27,5.37134e+24,4.29506e+09,92,33.1973,32,0.147367
1127,7.92282e+28,2.32868e+26,3.43598e+10,96,34.3965,35,0.154504
1128,1.9807e+28,2.39127e+25,1.07382e+09,94,32.1143,30,0.140705
1129,9.90352e+27,1.11968e+25,5.36948e+08,93,31.4756,29,0.142116
1130,7.92282e+28,2.53533e+26,8.59003e+09,96,32.9541,33,0.146181
1131,7.92282e+28,1.66785e+26,8.59003e+09,96,33.167,33,0.148702
1132,2.47588e+27,4.47427e+24,2.14758e+09,91,32.1309,31,0.142935
1133,7.92282e+28,3.15826e+26,2.14758e+09,96,32.9678,31,0.142812
1134,7.92282e+28,3.26653e+26,1.07383e+09,96,31.7549,30,0.14268
1135,7.92282e+28,2.75241e+26,5.36951e+08,96,30.7432,29,0.13672
1136,7.92282e+28,7.7507e+25,2.6851e+08,96,30.5479,28,0.137057
1137,4.95176e+27,6.13963e+24,5.36953e+08,92,31.1855,29,0.143637
1138,7.92282e+28,3.97632e+26,8.59002e+09,96,34.4277,33,0.152042
1139,9.90352e+27,1.36527e+25,4.29508e+09,93,33.874,32,0.151104
1140,7.92282e+28,3.25237e+26,2.14757e+09,96,32.8369,31,0.141762
1141,7.92282e+28,2.66737e+26,2.14757e+09,96,32.7402,31,0.14457
1142,7.92282e+28,2.61348e+26,6.71727e+07,96,30.1494,26,0.137133
1143,1.23794e+27,2.86576e+24,5.36947e+08,90,30.9111,29,0.140241
1144,7.92282e+28,2.42715e+26,5.36956e+08,96,31.3105,29,0.135415
1145,7.92282e+28,8.74098e+25,3.36109e+07,96,29.749,25,0.13465
1146,7.92282e+28,2.33679e+26,4.29508e+09,96,32.9424,32,0.146954
1147,7.92282e+28,1.55521e+26,2.14758e+09,96,32.4697,31,0.146597
1148,7.92282e+28,1.57639e+26,2.68513e+08,96,30.9268,28,0.142545
1149,7.92282e+28,2.39631e+26,2.68518e+08,96,31.2881,28,0.142801
1150,7.92282e+28,9.93353e+25,8.44314e+06,96,28.6377,23,0.135178
1151,7.92282e+28,2.54273e+26,3.36222e+07,96,29.2646,25,0.129399
1152,7.92282e+28,1.65286e+26,2.68502e+08,96,30.1855,28,0.135074
1153,7.92282e+28,3.70691e+26,6.71745e+07,96,29.6299,26,0.128965
1154,7.92282e+28,8.01166e+25,1.34285e+08,96,29.6367,27,0.133306
1155,7.92282e+28,7.78271e+25,2.14222e+06,96,27.4766,21,0.123524
1156,7.92282e+28,8.49303e+25,1.3429e+08,96,30.3057,27,0.131921
1157,7.92282e+28,3.10415e+26,1.07383e+09,96,31.8135,30,0.135171
1158,7.92282e+28,8.1812e+25,6.71756e+07,96,28.4385,26,0.12122
1159,6.1897e+26,6.5219e+23,5.36956e+08,89,30.8203,29,0.131998
1160,7.92282e+28,1.56298e+26,1.34299e+08,96,29.624,27,0.130135
1161,7.92282e+28,1.93846e+26,2.13521e+06,96,26.667,21,0.114365
1162,7.92282e+28,7.74677e+25,5.36936e+08,96,29.9521,29,0.126903
1163,7.92282e+28,7.86142e+25,2.68509e+08,96,29.3828,28,0.125813
1164,3.86856e+25,1.34511e+23,6.71754e+07,85,28.3418,26,0.123202
1165,7.92282e+28,7.81667e+25,2.14024e+06,96,25.7666,21,0.112167
1166,7.92282e+28,1.6011e+26,1.3429e+08,96,29.1758,27,0.12934
1167,6.1897e+26,1.85669e+24,1.34291e+08,89,29.0938,27,0.128781
1168,7.92282e+28,7.7405e+25,5.36956e+08,96,29.9941,29,0.131796
1169,7.92282e+28,2.37086e+26,1.07383e+09,96,30.9971,30,0.140405
1170,7.92282e+28,3.86872e+26,6.7178e+07,96,28.7539,26,0.132173
1171,7.92282e+28,1.83925e+26,3.36159e+07,96,27.5635,25,0.123038
1172,7.92282e+28,3.1504e+26,3.36145e+07,96,28.4854,25,0.127794
1173,7.92282e+28,4.75447e+26,2.68509e+08,96,30.1064,28,0.137696
1174,1.58456e+29,2.35841e+26,4.23968e+06,97,27.5332,22,0.125089
1175,7.92282e+28,3.2479e+26,1.08625e+06,96,26.084,20,0.121187
1176,7.92282e+28,1.41517e+26,1.08896e+06,96,25.8672,20,0.128571
1177,7.92282e+28,6.19741e+26,2.68506e+08,96,28.3779,28,0.126189
1178,7.92282e+28,4.76806e+26,1.08538e+06,96,25.79,20,0.113545
1179,7.92282e+28,3.17704e+26,4.23354e+06,96,26.0654,22,0.116068
1180,7.92282e+28,1.82139e+26,561764,96,25.5918,19,0.119541
1181,7.92282e+28,6.96962e+26,6.71785e+07,96,28.5312,26,0.127165
1182,7.92282e+28,3.90212e+26,4.24039e+06,96,26.9111,22,0.120389
1183,7.92282e+28,3.86947e+26,3.36119e+07,96,28.1963,25,0.134299
1184,7.92282e+28,1.08253e+26,6.71732e+07,96,28.2471,26,0.127712
1185,7.92282e+28,3.14678e+26,6.71749e+07,96,29.7744,26,0.135569
1186,7.92282e+28,2.93257e+26,6.7176e+07,96,29.7061,26,0.131647
1187,7.92282e+28,2.57985e+26,3.36113e+07,96,28.4482,25,0.132723
1188,7.92282e+28,6.38921e+26,1.68303e+07,96,28.4238,24,0.129185
1189,7.92282e+28,2.8706e+26,8.43372e+06,96,27.4805,23,0.124874
1190,7.92282e+28,5.863e+26,2.68514e+08,96,30.1299,28,0.134579
1191,7.92282e+28,2.40095e+26,4.24099e+06,96,27.9609,22,0.127842
1192,7.92282e+28,5.43769e+26,3.36103e+07,96,28.3262,25,0.133388
1193,7.92282e+28,6.80221e+26,6.71769e+07,96,29.6689,26,0.141298
1194,7.92282e+28,3.57898e+26,6.71715e+07,96,29.0654,26,0.136712
1195,7.92282e+28,8.23714e+25,6.71771e+07,96,29.3633,26,0.136723
1196,7.92282e+28,7.67551e+26,1.718e+10,96,34.4697,34,0.156171
1197,7.92282e+28,4.15377e+26,4.29507e+09,96,32.0879,32,0.141657
1198,7.92282e+28,4.84494e+26,1.718e+10,96,32.6533,34,0.147753
1199,7.92282e+28,5.8453e+26,1.718e+10,96,32.999,34,0.149541
1200,7.92282e+28,4.90002e+26,2.14757e+09,96,31.9854,31,0.152135
1201,7.92282e+28,4.32892e+26,4.29507e+09,96,32.707,32,0.150297
1202,7.92282e+28,1.85336e+26,4.29506e+09,96,32.0674,32,0.148661
1203,7.92282e+28,5.62921e+26,6.87196e+10,96,35.3467,36,0.164579
1204,7.92282e+28,5.24991e+26,1.718e+10,96,34.4219,34,0.157675
1205,7.92282e+28,4.65506e+26,1.718e+10,96,33.8281,34,0.153602
1206,7.92282e+28,6.70028e+26,4.29507e+09,96,33.1172,32,0.158769
1207,7.92282e+28,7.57212e+26,8.58999e+09,96,32.2266,33,0.150407
1208,7.92282e+28,5.32839e+26,8.59003e+09,96,33.1533,33,0.150613
1209,7.92282e+28,4.32431e+26,8.59003e+09,96,32.54,33,0.152311
1210,7.92282e+28,5.82247e+26,3.43599e+10,96,34.4219,35,0.161229
1211,7.92282e+28,1.17424e+27,3.43598e+10,96,34.4922,35,0.170535
1212,7.92282e+28,5.50861e+26,4.29507e+09,96,32.5674,32,0.152922
1213,7.92282e+28,7.24918e+26,8.59002e+09,96,32.7207,33,0.155217
1214,7.92282e+28,9.71363e+26,2.14757e+09,96,31.3389,31,0.145436
1215,7.92282e+28,2.60516e+26,2.14755e+09,96,31.1113,31,0.143617
1216,7.92282e+28,6.2956e+26,1.07383e+09,96,30.2158,30,0.141216
1217,7.92282e+28,1.74467e+26,1.07382e+09,96,30.7002,30,0.143748
1218,7.92282e+28,8.40264e+26,2.14757e+09,96,32.0947,31,0.14527
1219,7.92282e+28,3.17903e+26,5.36952e+08,96,30.1953,29,0.137895
1220,7.92282e+28,9.49841e+26,2.14756e+09,96,31.5312,31,0.146088
1221,7.92282e+28,9.03661e+26,1.07381e+09,96,30.6777,30,0.137287
1222,7.92282e+28,6.37485e+26,6.71803e+07,96,29.0859,26,0.132778
1223,7.92282e+28,9.00653e+26,2.14757e+09,96,31.5049,31,0.143108
1224,7.92282e+28,7.61768e+26,5.36947e+08,96,29.916,29,0.13861
1225,7.92282e+28,1.17217e+27,2.68492e+08,96,29.9463,28,0.151047
1226,7.92282e+28,8.6965e+26,5.36943e+08,96,30.0352,29,0.135262
1227,7.92282e+28,5.49472e+26,2.68513e+08,96,29.9316,28,0.137682
1228,7.92282e+28,1.09119e+27,2.14755e+09,96,31.8047,31,0.144575
1229,7.92282e+28,9.38473e+26,6.71662e+07,96,28.7461,26,0.130787
1230,7.92282e+28,7.94453e+26,6.71645e+07,96,28.4668,26,0.130337
1231,7.92282e+28,1.07345e+27,6.7175e+07,96,27.9111,26,0.129397
1232,7.92282e+28,7.83461e+26,2.68512e+08,96,30.7637,28,0.14004
1233,7.92282e+28,9.1407e+26,5.36943e+08,96,30.5186,29,0.139183
1234,7.92282e+28,8.93262e+26,6.71698e+07,96,28.4922,26,0.129022
1235,7.92282e+28,1.02455e+27,1.07382e+09,96,31.291,30,0.144324
1236,7.92282e+28,7.12654e+26,1.34282e+08,96,29.1758,27,0.138798
1237,7.92282e+28,1.06516e+27,5.36949e+08,96,31.2061,29,0.144774
1238,7.92282e+28,8.19336e+26,2.68507e+08,96,29.8936,28,0.136593
1239,7.92282e+28,8.58772e+26,2.68497e+08,96,29.8691,28,0.138718
1240,7.92282e+28,9.21336e+26,5.36957e+08,96,30.9229,29,0.139574
1241,7.92282e+28,8.49493e+26,5.36932e+08,96,30.5293,29,0.14131
1242,7.92282e+28,9.71861e+26,1.07383e+09,96,31.915,30,0.151401
1243,7.92282e+28,1.18545e+27,2.14756e+09,96,31.8594,31,0.144993
1244,7.92282e+28,1.36771e+27,1.718e+10,96,34.8496,34,0.163701
1245,7.92282e+28,1.02985e+27,1.07383e+09,96,31.9941,30,0.14911
1246,7.92282e+28,1.45652e+27,4.29502e+09,96,32.498,32,0.152013
1247,7.92282e+28,1.18989e+27,1.07383e+09,96,31.4521,30,0.145556
1248,7.92282e+28,1.37506e+27,2.14757e+09,96,31.4336,31,0.146834
1249,7.92282e+28,8.9305e+26,2.14756e+09,96,31.5469,31,0.150603
1250,7.92282e+28,1.75253e+27,2.14757e+09,96,31.5693,31,0.144943
1251,7.92282e+28,1.61919e+27,1.07382e+09,96,31.2041,30,0.147319
1252,7.92282e+28,7.72155e+26,1.07383e+09,96,31.5332,30,0.143204
1253,7.92282e+28,9.97751e+26,2.68515e+08,96,30.7861,28,0.142608
1254,7.92282e+28,8.84867e+26,1.34284e+08,96,29.8623,27,0.138335
1255,7.92282e+28,1.26165e+27,2.14757e+09,96,32.1816,31,0.148227
1256,7.92282e+28,1.04228e+27,5.36942e+08,96,30.8887,29,0.145477
1257,7.92282e+28,1.24266e+27,2.68506e+08,96,30.4199,28,0.13642
1258,7.92282e+28,5.26952e+26,1.07383e+09,96,31.8525,30,0.14959
1259,7.92282e+28,1.40795e+27,8.59003e+09,96,33.9141,33,0.15656
1260,7.92282e+28,1.79801e+27,8.59004e+09,96,33.749,33,0.161686
1261,7.92282e+28,2.11241e+27,4.29506e+09,96,33.2041,32,0.1544
1262,7.92282e+28,1.04835e+27,2.14757e+09,96,32.1074,31,0.147753
1263,7.92282e+28,2.03728e+27,4.29506e+09,96,32.7549,32,0.154707
1264,7.92282e+28,1.67566e+27,2.14758e+09,96,33.2441,31,0.154071
1265,7.92282e+28,1.15253e+27,2.14756e+09,96,32.1025,31,0.147637
1266,7.92282e+28,1.08554e+27,5.36932e+08,96,30.8301,29,0.149068
1267,7.92282e+28,1.3814e+27,8.59002e+09,96,33.4902,33,0.158058
1268,7.92282e+28,1.08921e+27,1.07381e+09,96,31.8066,30,0.14604
1269,7.92282e+28,1.26239e+27,1.07381e+09,96,31.3574,30,0.146472
1270,7.92282e+28,1.56642e+27,8.59002e+09,96,33.5713,33,0.155659
1271,7.92282e+28,1.61207e+27,4.29504e+09,96,33.1875,32,0.152939
1272,7.92282e+28,2.2116e+27,5.36939e+08,96,31.8906,29,0.152609
1273,7.92282e+28,1.69004e+27,2.14757e+09,96,32.8115,31,0.156133
1274,7.92282e+28,1.17531e+27,1.07383e+09,96,32.2783,30,0.155577
1275,7.92282e+28,1.41036e+27,5.36946e+08,96,31.9424,29,0.147428
1276,7.92282e+28,1.61144e+27,2.14758e+09,96,33.5322,31,0.156787
1277,7.92282e+28,2.54181e+27,4.29505e+09,96,33.4873,32,0.157325
1278,7.92282e+28,1.71412e+27,2.14758e+09,96,32.7139,31,0.1569
1279,7.92282e+28,2.4143e+27,4.29505e+09,96,33.7363,32,0.156756
1280,7.92282e+28,1.72027e+27,4.29506e+09,96,33.4092,32,0.156582
1281,7.92282e+28,2.22965e+27,1.718e+10,96,34.6357,34,0.163979
1282,7.92282e+28,1.7845e+27,1.718e+10,96,34.8936,34,0.168992
1283,7.92282e+28,2.20123e+27,5.36959e+08,96,32.0332,29,0.147982
1284,7.92282e+28,1.40404e+27,8.59003e+09,96,33.2676,33,0.156945
1285,7.92282e+28,1.94583e+27,4.29506e+09,96,33.8867,32,0.159419
1286,7.92282e+28,2.10572e+27,2.14756e+09,96,32.8516,31,0.15898
1287,7.92282e+28,2.01264e+27,1.718e+10,96,34.2979,34,0.158726
1288,7.92282e+28,2.00433e+27,1.71799e+10,96,34.499,34,0.159388
1289,7.92282e+28,2.28913e+27,1.718e+10,96,34.7197,34,0.160984
1290,7.92282e+28,2.15992e+27,1.718e+10,96,35.4912,34,0.165294
1291,7.92282e+28,2.14443e+27,1.718e+10,96,34.5244,34,0.162399
1292,7.92282e+28,1.09362e+27,2.14757e+09,96,33.5625,31,0.166866
1293,7.92282e+28,1.91851e+27,4.29506e+09,96,33.6494,32,0.161801
1294,7.92282e+28,2.46949e+27,4.29505e+09,96,33.71,32,0.161696
1295,7.92282e+28,1.43583e+27,8.59003e+09,96,33.0908,33,0.158501
1296,7.92282e+28,1.92584e+27,1.718e+10,96,34.8369,34,0.168023
1297,7.92282e+28,2.17477e+27,8.59004e+09,96,35.25,33,0.168062
1298,7.92282e+28,2.04091e+27,3.43598e+10,96,35.8193,35,0.173791
1299,3.16913e+29,2.71609e+27,8.59003e+09,98,34.5742,33,0.161212
1300,7.92282e+28,3.6959e+27,6.87196e+10,96,37.7529,36,0.181783
1301,7.92282e+28,2.85615e+27,1.718e+10,96,36.168,34,0.166703
1302,7.92282e+28,2.55051e+27,1.71799e+10,96,35.3252,34,0.168367
1303,7.92282e+28,2.58458e+27,8.59004e+09,96,35.7891,33,0.169198
1304,7.92282e+28,2.27041e+27,8.59002e+09,96,34.8027,33,0.164139
1305,7.92282e+28,2.71019e+27,8.59001e+09,96,34.9844,33,0.164151
1306,7.92282e+28,2.86082e+27,2.14756e+09,96,34.0127,31,0.156993
1307,7.92282e+28,2.84132e+27,4.29506e+09,96,35.0312,32,0.16779
1308,7.92282e+28,2.73506e+27,1.718e+10,96,35.29,34,0.163342
1309,7.92282e+28,1.9899e+27,2.14757e+09,96,33.3936,31,0.153973
1310,7.92282e+28,2.37114e+27,8.59002e+09,96,34.4756,33,0.165306
1311,7.92282e+28,2.1817e+27,8.59004e+09,96,34.3809,33,0.164587
1312,7.92282e+28,1.6318e+27,4.29506e+09,96,33.6465,32,0.157436
1313,7.92282e+28,3.00255e+27,1.718e+10,96,35.4668,34,0.165209
1314,7.92282e+28,2.81657e+27,4.29506e+09,96,34.3574,32,0.165667
1315,7.92282e+28,2.85038e+27,1.718e+10,96,35.1963,34,0.163195
1316,7.92282e+28,3.48659e+27,8.59004e+09,96,35.2812,33,0.167039
1317,7.92282e+28,2.69726e+27,4.29507e+09,96,34.1387,32,0.161168
1318,7.92282e+28,2.62548e+27,8.59005e+09,96,34.8525,33,0.170634
1319,7.92282e+28,2.58506e+27,1.718e+10,96,35.2646,34,0.170009
1320,7.92282e+28,2.01079e+27,2.14754e+09,96,33.9141,31,0.157553
1321,7.92282e+28,2.91869e+27,3.43598e+10,96,35.9805,35,0.171556
1322,7.92282e+28,2.06145e+27,8.59001e+09,96,34.2529,33,0.160614
1323,7.92282e+28,3.80017e+27,1.718e+10,96,36.3516,34,0.173422
1324,7.92282e+28,2.31383e+27,4.29508e+09,96,33.9043,32,0.164525
1325,7.92282e+28,2.65018e+27,1.718e+10,96,35.3633,34,0.16312
1326,7.92282e+28,2.34967e+27,4.29506e+09,96,33.3301,32,0.155782
1327,7.92282e+28,3.33218e+27,8.59002e+09,96,35.2734,33,0.178231
1328,7.92282e+28,2.31188e+27,1.718e+10,96,34.5459,34,0.162178
1329,7.92282e+28,2.63425e+27,1.718e+10,96,34.8252,34,0.160838
1330,7.92282e+28,2.645e+27,3.43598e+10,96,35.4863,35,0.168086
1331,7.92282e+28,3.05494e+27,1.37439e+11,96,37.2119,37,0.172842
1332,7.92282e+28,4.32045e+27,1.718e+10,96,36.9531,34,0.178972
1333,7.92282e+28,3.39054e+27,8.59003e+09,96,35.8789,33,0.172309
1334,7.92282e+28,3.76276e+27,3.43598e+10,96,37.0098,35,0.174005
1335,7.92282e+28,3.87013e+27,1.718e+10,96,35.415,34,0.159782
1336,7.92282e+28,3.20289e+27,3.43599e+10,96,36.248,35,0.169026
1337,7.92282e+28,3.34999e+27,6.87196e+10,96,37.1523,36,0.171555
1338,7.92282e+28,3.80645e+27,6.87196e+10,96,37.8564,36,0.178707
1339,7.92282e+28,4.04472e+27,6.87196e+10,96,38.1621,36,0.178833
1340,7.92282e+28,3.36797e+27,6.87196e+10,96,37.0977,36,0.174405
1341,7.92282e+28,3.77364e+27,1.718e+10,96,36.7324,34,0.172395
1342,7.92282e+28,4.18415e+27,3.43598e+10,96,37.3975,35,0.175907
1343,7.92282e+28,4.22065e+27,6.87196e+10,96,38.5283,36,0.177874
1344,7.92282e+28,3.56336e+27,3.43598e+10,96,37.6309,35,0.176222
1345,7.92282e+28,4.32432e+27,1.37439e+11,96,39.2881,37,0.181016
1346,7.92282e+28,3.98664e+27,1.37439e+11,96,39.1113,37,0.178645
1347,3.16913e+29,4.68346e+27,3.43599e+10,98,38.4229,35,0.177007
1348,7.92282e+28,4.8331e+27,3.43598e+10,96,37.8799,35,0.178089
1349,7.92282e+28,3.58986e+27,6.87196e+10,96,38.1533,36,0.179868
1350,7.92282e+28,4.95865e+27,5.49756e+11,96,39.9424,39,0.186602
1351,7.92282e+28,5.34311e+27,2.74878e+11,96,40.7754,38,0.193406
1352,7.92282e+28,4.66672e+27,2.74878e+11,96,39.8594,38,0.190397
1353,7.92282e+28,5.82207e+27,1.09951e+12,96,42.3994,40,0.20298
1354,7.92282e+28,4.99585e+27,5.49756e+11,96,42.0635,39,0.195755
1355,7.92282e+28,5.39805e+27,1.09951e+12,96,42.8154,40,0.201033
1356,7.92282e+28,4.90106e+27,1.09951e+12,96,41.8301,40,0.203281
1357,7.92282e+28,5.24048e+27,5.49756e+11,96,41.7852,39,0.200055
1358,7.92282e+28,6.08241e+27,2.19902e+12,96,43.2061,41,0.214276
1359,7.92282e+28,5.64785e+27,1.75922e+13,96,44.2266,44,0.207148
1360,7.92282e+28,6.92997e+27,8.79609e+12,96,45.291,43,0.215644
1361,7.92282e+28,6.29616e+27,4.39805e+12,96,44.7217,42,0.20858
1362,7.92282e+28,6.31298e+27,1.75922e+13,96,45.0176,44,0.210456
1363,7.92282e+28,7.1697e+27,7.03687e+13,96,46.7676,46,0.229403
1364,7.92282e+28,7.1074e+27,1.75922e+13,96,45.7676,44,0.212712
1365,7.92282e+28,7.44769e+27,7.03687e+13,96,46.8086,46,0.222888
1366,7.92282e+28,7.44762e+27,3.51844e+13,96,46.3604,45,0.228738
1367,7.92282e+28,8.11867e+27,7.03687e+13,96,47.5322,46,0.220329
1368,7.92282e+28,7.96647e+27,1.75922e+13,96,46.373,44,0.215931
1369,1.58456e+29,8.2246e+27,8.79609e+12,97,46,43,0.22606
1370,7.92282e+28,7.71767e+27,4.39805e+12,96,44.7793,42,0.216783
1371,7.92282e+28,7.68967e+27,8.79609e+12,96,45.8105,43,0.215701
1372,7.92282e+28,7.13419e+27,3.51844e+13,96,46.3291,45,0.217465
1373,7.92282e+28,8.43958e+27,4.39805e+12,96,45.1963,42,0.211057
1374,7.92282e+28,7.8047e+27,1.75922e+13,96,45.2266,44,0.216091
1375,7.92282e+28,8.88734e+27,1.75922e+13,96,46.9551,44,0.229188
1376,7.92282e+28,7.2049e+27,8.79609e+12,96,45.3828,43,0.214973
1377,7.92282e+28,7.14751e+27,4.39805e+12,96,44.833,42,0.215244
1378,1.58456e+29,7.15186e+27,8.79609e+12,97,45.4883,43,0.216575
1379,7.92282e+28,6.95096e+27,8.79609e+12,96,44.499,43,0.210167
1380,3.16913e+29,7.84915e+27,1.75922e+13,98,45.4355,44,0.220993
1381,7.92282e+28,6.91656e+27,8.79609e+12,96,44.6885,43,0.212512
1382,7.92282e+28,6.41689e+27,1.75922e+13,96,44.9746,44,0.216668
1383,7.92282e+28,9.00592e+27,7.03687e+13,96,46.6904,46,0.226902
1384,7.92282e+28,7.35179e+27,1.75922e+13,96,45.3115,44,0.213877
1385,7.92282e+28,7.39581e+27,1.75922e+13,96,45.9414,44,0.222284
1386,7.92282e+28,6.36564e+27,8.79609e+12,96,44.835,43,0.216269
1387,7.92282e+28,6.54396e+27,1.75922e+13,96,45.71,44,0.216715
1388,7.92282e+28,6.15575e+27,8.79609e+12,96,44.8516,43,0.213482
1389,7.92282e+28,7.06892e+27,3.51844e+13,96,45.5234,45,0.220416
1390,7.92282e+28,6.70252e+27,3.51844e+13,96,44.9766,45,0.214592
1391,7.92282e+28,7.55521e+27,1.75922e+13,96,44.8154,44,0.215459
1392,7.92282e+28,6.0308e+27,4.39805e+12,96,43.6045,42,0.218909
1393,7.92282e+28,7.072e+27,1.75922e+13,96,45.2607,44,0.215256
1394,7.92282e+28,6.70417e+27,8.79609e+12,96,43.7734,43,0.207451
1395,7.92282e+28,7.47342e+27,3.51844e+13,96,45.7949,45,0.219599
1396,7.92282e+28,6.97931e+27,3.51844e+13,96,47.1846,45,0.218662
1397,7.92282e+28,6.4541e+27,1.75922e+13,96,46.0332,44,0.220929
1398,7.92282e+28,7.03872e+27,3.51844e+13,96,46.5029,45,0.22127
1399,7.92282e+28,6.8219e+27,4.39805e+12,96,44.0869,42,0.212614
1400,7.92282e+28,7.23582e+27,4.39805e+12,96,44.293,42,0.207496
1401,7.92282e+28,8.38072e+27,8.79609e+12,96,45.832,43,0.21016
1402,7.92282e+28,7.9255e+27,1.75922e+13,96,46.8164,44,0.22153
1403,7.92282e+28,7.70904e+27,3.51844e+13,96,45.2402,45,0.215003
1404,7.92282e+28,1.01287e+28,7.03687e+13,96,47.5635,46,0.224475
1405,7.92282e+28,8.28734e+27,8.79609e+12,96,45.5703,43,0.217136
1406,7.92282e+28,7.56627e+27,3.51844e+13,96,45.6758,45,0.22295
1407,7.92282e+28,8.58249e+27,3.51844e+13,96,46.3447,45,0.219755
1408,7.92282e+28,7.26175e+27,1.75922e+13,96,45.5947,44,0.213256
1409,7.92282e+28,8.20653e+27,3.51844e+13,96,47.2832,45,0.228414
1410,7.92282e+28,9.53092e+27,2.81475e+14,96,48.2109,48,0.223382
1411,7.92282e+28,6.63678e+27,2.19902e+12,96,44.5293,41,0.216855
1412,7.92282e+28,8.13849e+27,8.79609e+12,96,46.585,43,0.22023
1413,7.92282e+28,7.99717e+27,1.75922e+13,96,46.502,44,0.218918
1414,7.92282e+28,9.09593e+27,1.75922e+13,96,45.9033,44,0.228549
1415,7.92282e+28,8.43651e+27,4.39805e+12,96,44.9346,42,0.215143
1416,7.92282e+28,6.60715e+27,4.39805e+12,96,44.6719,42,0.211622
1417,7.92282e+28,8.08221e+27,2.19902e+12,96,44.4746,41,0.214561
1418,7.92282e+28,6.74047e+27,2.19902e+12,96,43.9893,41,0.217311
1419,7.92282e+28,8.71332e+27,3.51844e+13,96,45.9365,45,0.216148
1420,7.92282e+28,8.04478e+27,8.79609e+12,96,45.1475,43,0.217773
1421,7.92282e+28,9.01424e+27,7.03687e+13,96,46.4395,46,0.218456
1422,7.92282e+28,7.90052e+27,3.51844e+13,96,46.1104,45,0.222731
1423,7.92282e+28,9.32603e+27,3.51844e+13,96,47.1934,45,0.218498
1424,3.16913e+29,7.16074e+27,8.79609e+12,98,44.9346,43,0.211702
1425,7.92282e+28,8.20764e+27,7.03687e+13,96,46.5908,46,0.226048
1426,7.92282e+28,8.31187e+27,1.75922e+13,96,46.1914,44,0.221118
1427,7.92282e+28,8.95944e+27,3.51844e+13,96,46.4463,45,0.21619
1428,7.92282e+28,8.80971e+27,3.51844e+13,96,46.1826,45,0.217674
1429,7.92282e+28,8.76238e+27,1.75922e+13,96,45.7002,44,0.226296
1430,1.58456e+29,7.89923e+27,1.09951e+12,97,43.4668,40,0.205743
1431,7.92282e+28,7.81422e+27,1.75922e+13,96,46.4756,44,0.223901
1432,7.92282e+28,8.32481e+27,1.09951e+12,96,44.3975,40,0.207963
1433,7.92282e+28,7.61025e+27,8.79609e+12,96,45.7656,43,0.214266
1434,7.92282e+28,7.47521e+27,7.03687e+13,96,45.9668,46,0.215034
1435,3.16913e+29,9.08141e+27,1.75922e+13,98,46.002,44,0.227425
1436,7.92282e+28,7.97666e+27,4.39805e+12,96,44.5049,42,0.211666
1437,7.92282e+28,1.00481e+28,1.75922e+13,96,46.0752,44,0.214748
1438,7.92282e+28,7.81532e+27,7.03687e+13,96,47.5029,46,0.2266
1439,7.92282e+28,8.81771e+27,1.40737e+14,96,47.6172,47,0.220729
1440,7.92282e+28,9.3988e+27,3.51844e+13,96,46.9639,45,0.217816
1441,3.16913e+29,7.43799e+27,1.75922e+13,98,44.959,44,0.210861
1442,7.92282e+28,7.53878e+27,1.75922e+13,96,45.6357,44,0.215721
1443,7.92282e+28,9.07598e+27,4.39805e+12,96,44.6045,42,0.21063
1444,7.92282e+28,7.87146e+27,3.51844e+13,96,46.1357,45,0.221305
1445,7.92282e+28,8.17933e+27,7.03687e+13,96,45.9053,46,0.214006
1446,7.92282e+28,8.42284e+27,1.75922e+13,96,45.6377,44,0.21635
1447,7.92282e+28,8.26019e+27,3.51844e+13,96,46.6865,45,0.219988
1448,7.92282e+28,9.37028e+27,1.40737e+14,96,47.2373,47,0.230249
1449,7.92282e+28,7.7669e+27,2.81475e+14,96,47.3096,48,0.222236
1450,7.92282e+28,9.15845e+27,1.75922e+13,96,46.9033,44,0.22144
1451,7.92282e+28,9.38623e+27,7.03687e+13,96,46.668,46,0.22084
1452,7.92282e+28,8.43145e+27,4.39805e+12,96,45.042,42,0.216626
1453,7.92282e+28,8.93954e+27,1.75922e+13,96,45.8545,44,0.211217
1454,7.92282e+28,9.44345e+27,3.51844e+13,96,46.9326,45,0.217105
1455,7.92282e+28,9.15203e+27,1.75922e+13,96,45.7744,44,0.213961
1456,7.92282e+28,8.24771e+27,4.39805e+12,96,44.7031,42,0.208834
1457,7.92282e+28,8.5268e+27,3.51844e+13,96,46.4717,45,0.217001
1458,7.92282e+28,8.13832e+27,1.75922e+13,96,45.5176,44,0.213124
1459,7.92282e+28,9.44329e+27,7.03687e+13,96,47.1582,46,0.222821
1460,7.92282e+28,8.58757e+27,1.75922e+13,96,46.1055,44,0.214678
1461,7.92282e+28,7.70633e+27,1.09951e+12,96,43.8096,40,0.203919
1462,7.92282e+28,7.7437e+27,1.75922e+13,96,44.9824,44,0.209297
1463,7.92282e+28,8.35837e+27,7.03687e+13,96,46.4717,46,0.215167
1464,7.92282e+28,1.00247e+28,1.75922e+13,96,46.418,44,0.215954
1465,7.92282e+28,9.74535e+27,1.40737e+14,96,47.5723,47,0.227555
1466,7.92282e+28,8.96481e+27,1.75922e+13,96,46.7881,44,0.219397
1467,7.92282e+28,8.98163e+27,2.81475e+14,96,47.3145,48,0.222462
1468,7.92282e+28,7.7253e+27,7.03687e+13,96,45.9902,46,0.222022
1469,7.92282e+28,8.60305e+27,1.75922e+13,96,45.6162,44,0.212983
1470,7.92282e+28,8.16025e+27,1.75922e+13,96,46.6553,44,0.216787
1471,7.92282e+28,9.45936e+27,1.40737e+14,96,47.2363,47,0.216812
1472,7.92282e+28,9.31311e+27,2.81475e+14,96,47.1611,48,0.225505
1473,7.92282e+28,8.54663e+27,1.40737e+14,96,48.0225,47,0.22142
1474,7.92282e+28,9.28269e+27,1.40737e+14,96,47.8799,47,0.221868
1475,7.92282e+28,1.08252e+28,7.03687e+13,96,47.3975,46,0.220397
1476,7.92282e+28,9.54944e+27,8.79609e+12,96,45.5088,43,0.215168
1477,7.92282e+28,8.83333e+27,4.39805e+12,96,45.5869,42,0.215115
1478,7.92282e+28,8.21331e+27,3.51844e+13,96,45.9824,45,0.217457
1479,7.92282e+28,9.22975e+27,7.03687e+13,96,46.7383,46,0.232545
1480,7.92282e+28,7.63462e+27,3.51844e+13,96,46.4531,45,0.213979
1481,3.16913e+29,7.96491e+27,3.51844e+13,98,45.0186,45,0.20964
1482,7.92282e+28,9.84159e+27,5.6295e+14,96,48.3701,49,0.228874
1483,7.92282e+28,9.00399e+27,2.81475e+14,96,47.9443,48,0.225588
1484,7.92282e+28,7.97516e+27,7.03687e+13,96,46.7646,46,0.217589
1485,7.92282e+28,8.45232e+27,7.03687e+13,96,47.2627,46,0.225223
1486,7.92282e+28,8.56995e+27,7.03687e+13,96,47.083,46,0.220414
1487,7.92282e+28,8.5901e+27,1.75922e+13,96,45.5654,44,0.216873
1488,7.92282e+28,1.00838e+28,3.51844e+13,96,46.3076,45,0.222968
1489,7.92282e+28,9.67372e+27,2.81475e+14,96,47.6025,48,0.222376
1490,7.92282e+28,8.25956e+27,8.79609e+12,96,44.667,43,0.203941
1491,7.92282e+28,9.59913e+27,3.51844e+13,96,46.8818,45,0.22613
1492,7.92282e+28,9.3586e+27,1.75922e+13,96,46.2139,44,0.217057
1493,7.92282e+28,9.6738e+27,2.81475e+14,96,47.3525,48,0.221795
1494,7.92282e+28,1.00925e+28,3.51844e+13,96,47.0176,45,0.222912
1495,7.92282e+28,9.59551e+27,4.39805e+12,96,44.999,42,0.208217
1496,7.92282e+28,8.60778e+27,3.51844e+13,96,46.1162,45,0.215175
1497,7.92282e+28,9.99481e+27,2.81475e+14,96,47.001,48,0.223867
1498,7.92282e+28,9.2178e+27,1.40737e+14,96,47.0684,47,0.219813
1499,7.92282e+28,8.77405e+27,7.03687e+13,96,46.6934,46,0.218486
