88.7726
0,434.639,7.56688,4,2,0.0332031,0,0.00460525
1,435.127,10.5888,4,2,0.0527344,0,0.00446616
2,111.425,9.08554,5,1,0.0410156,0,0.00450393
3,435.149,11.0977,5,2,0.0546875,0,0.00446871
4,115.729,9.43644,5,1,0.0458984,0,0.00453343
5,434.954,9.23827,5,2,0.0371094,0,0.00443169
6,434.818,9.73258,5,2,0.0449219,0,0.00438294
7,434.818,9.66091,5,2,0.0429688,0,0.00436509
8,434.639,10.1896,5,2,0.0498047,0,0.00440331
9,434.954,10.3178,5,2,0.046875,0,0.00446527
10,435.127,10.3648,5,2,0.0449219,0,0.00448021
11,435.149,10.154,6,2,0.0429688,0,0.00464035
12,435.151,12.6738,5,2,0.0644531,0,0.00448484
13,435.149,12.2841,6,2,0.0605469,0,0.0045027
14,434.781,11.033,6,2,0.0498047,0,0.00463291
15,435,12.2647,6,2,0.0625,0,0.00453696
16,435.117,12.0222,6,2,0.0595703,0,0.00452815
17,112.44,9.89698,6,1,0.0439453,0,0.00451845
18,435.151,11.4588,6,2,0.0527344,0,0.00445507
19,434.129,10.9847,6,2,0.0498047,0,0.00452091
20,435.076,11.2122,6,2,0.0488281,0,0.00458276
21,434.639,11.6235,6,2,0.0585938,0,0.00454257
22,434.818,11.2783,6,2,0.0527344,0,0.00448935
23,434.639,11.695,6,2,0.0585938,0,0.00456328
24,435.151,11.1381,6,2,0.0537109,0,0.00444249
25,435.151,11.7205,6,2,0.0585938,0,0.00448875
26,435.149,11.788,6,2,0.0566406,0,0.00452326
27,434.639,11.3514,6,2,0.0527344,0,0.00448933
28,1009.59,12.2259,6,3,0.0556641,0,0.00449561
29,434.954,10.7363,6,2,0.046875,0,0.00444742
30,435.151,14.2285,6,2,0.0722656,0,0.00454182
31,110.371,12.0434,6,1,0.0625,0,0.00450982
32,435,11.9884,6,2,0.0576172,0,0.00453799
33,112.44,11.8037,6,1,0.0595703,0,0.00452816
34,435.151,12.3979,6,2,0.0595703,0,0.00448547
35,435.127,14.4079,6,2,0.0751953,0,0.00451673
36,435.151,13.0642,6,2,0.0654297,0,0.0045048
37,110.903,11.1423,6,1,0.0507812,0,0.00461532
38,109.829,11.832,6,1,0.0595703,0,0.0045028
39,435.151,14.0049,6,2,0.0712891,0,0.00451934
40,434.412,12.2925,6,2,0.0615234,0,0.00454857
41,435.127,12.671,6,2,0.0566406,0,0.00451907
42,435.151,13.4537,6,2,0.0673828,0,0.00459753
43,435.151,15.5894,6,2,0.0878906,0,0.00455259
44,435.117,11.9879,6,2,0.0537109,0,0.0046228
45,435.117,13.556,6,2,0.0693359,0,0.00449605
46,435.117,12.6655,6,2,0.0605469,0,0.00456101
47,435.149,12.1699,7,2,0.0566406,0,0.0045561
48,435.127,14.3338,7,2,0.0712891,0,0.00465928
49,435.151,13.5321,7,2,0.0634766,0,0.00468569
50,1010.79,12.2748,7,3,0.0498047,0,0.00455998
51,435.151,12.6045,7,2,0.0566406,0,0.00456172
52,435.149,13.6565,7,2,0.0693359,0,0.0045466
53,435.127,14.2067,7,2,0.0751953,0,0.00459751
54,435.149,14.3014,7,2,0.0712891,0,0.00460649
55,435.127,13.3803,7,2,0.0664062,0,0.00454328
56,111.937,12.6269,7,1,0.0625,0,0.0046466
57,435.127,13.3905,7,2,0.0625,0,0.00456959
58,435.149,15.3009,7,2,0.0791016,0,0.00459208
59,110.903,12.5871,7,1,0.0615234,0,0.00472605
60,435.151,13.699,7,2,0.0722656,0,0.00462203
61,1011.31,15.8936,7,3,0.0791016,0,0.00463675
62,435.151,14.7106,7,2,0.0761719,0,0.00458934
63,434.818,13.7587,7,2,0.0664062,0,0.00463477
64,1011.31,17.1785,7,3,0.0878906,0,0.00466606
65,1009.59,17.2675,7,3,0.0869141,0,0.00461485
66,435.151,15.5264,8,2,0.0820312,0,0.00467711
67,435.151,16.0966,7,2,0.0771484,0,0.00466871
68,435.053,14.1143,7,2,0.0683594,0,0.00463373
69,434.954,13.3543,7,2,0.0644531,0,0.00460938
70,435.149,15.5377,8,2,0.0830078,0,0.00461346
71,435.149,14.76,8,2,0.0693359,0,0.00462995
72,435.127,15.2374,8,2,0.078125,0,0.00486198
73,435.149,15.4816,8,2,0.0742188,0,0.00464411
74,435.149,15.5469,8,2,0.0791016,0,0.00462286
75,435.053,15.2508,8,2,0.0810547,0,0.00465073
76,435.117,15.6385,7,2,0.0820312,0,0.00465083
77,435.151,17.0597,8,2,0.0839844,0,0.00468107
78,435.151,17.9822,8,2,0.0947266,0,0.00462499
79,435.151,16.7277,8,2,0.0820312,0,0.00466073
80,435.149,15.7759,8,2,0.0820312,0,0.00468631
81,435.127,15.8472,8,2,0.0859375,0,0.00464374
82,435.149,15.964,8,2,0.0810547,0,0.00470557
83,435.151,16.4862,8,2,0.0888672,0,0.00478579
84,435.053,16.7794,8,2,0.0908203,0,0.00479453
85,435.151,15.9078,7,2,0.0791016,0,0.00465307
86,435.151,15.6044,8,2,0.0761719,0,0.0047061
87,435.151,17.7338,8,2,0.0947266,0,0.00474605
88,435.127,14.8754,7,2,0.0791016,0,0.0046553
89,435.053,15.7194,8,2,0.0859375,0,0.00470176
90,435.149,15.4626,8,2,0.0722656,0,0.00468085
91,435.149,16.3474,8,2,0.0849609,0,0.00470602
92,435.149,18.4858,8,2,0.0957031,0,0.00474673
93,435.149,17.8169,8,2,0.09375,0,0.00470012
94,435.151,18.0164,8,2,0.0957031,0,0.00470195
95,1007.46,18.598,8,3,0.0927734,0,0.0047908
96,435.127,17.1554,8,2,0.0976562,0,0.0047019
97,435.151,18.5849,8,2,0.0947266,0,0.00473568
98,435.127,17.6189,8,2,0.0947266,0,0.0047303
99,435.053,15.0331,8,2,0.0761719,0,0.00468585
100,435.149,17.0099,8,2,0.0947266,0,0.00470904
101,1010.79,22.1193,8,3,0.123047,0,0.00479535
102,435.151,18.6949,8,2,0.100586,0,0.00472521
103,435.151,18.7845,8,2,0.101562,0,0.00476804
104,435.127,18.5315,8,2,0.0996094,0,0.00479085
105,435.149,18.2641,8,2,0.100586,0,0.00478593
106,435.053,17.9196,8,2,0.0986328,0,0.00477
107,435.127,19.9343,8,2,0.106445,0,0.00481399
108,435.149,17.5976,8,2,0.0947266,0,0.00479787
109,109.829,15.7753,8,1,0.0820312,0,0.0048188
110,435.151,18.6204,8,2,0.103516,0,0.00478333
111,1010.21,22.6311,9,3,0.125,0,0.0048157
112,435.151,18.447,9,2,0.0927734,0,0.00478123
113,1009.59,20.6399,9,3,0.103516,0,0.00476528
114,435.151,20.1543,9,2,0.108398,0,0.00487394
115,435.149,21.961,9,2,0.124023,0,0.00489563
116,435.151,20.9954,9,2,0.119141,0,0.00479649
117,435.149,19.3902,8,2,0.106445,0,0.00480961
118,435.149,19.9109,9,2,0.105469,0,0.00486126
119,435.151,23.3206,9,2,0.133789,0,0.00482297
120,435.151,21.7305,9,2,0.121094,0,0.00484459
121,435.149,23.1913,9,2,0.131836,0,0.00493689
122,1008.92,22.4088,9,3,0.119141,0,0.00493146
123,435.149,20.8952,9,2,0.119141,0,0.00500055
124,1011.31,22.2417,9,3,0.119141,0,0.00487088
125,435.151,22.2313,9,2,0.125977,0,0.00491583
126,435.151,21.6732,9,2,0.128906,0,0.00499772
127,435.151,23.0755,9,2,0.132812,0,0.00505835
128,1009.59,24.2377,9,3,0.139648,0,0.00484485
129,435.151,22.7503,9,2,0.136719,0,0.00494327
130,435.151,23.8094,9,2,0.140625,0,0.00489462
131,435.151,25.8851,9,2,0.147461,0,0.00493893
132,435.149,22.0932,9,2,0.129883,0,0.0048925
133,1011.31,25.3582,9,3,0.140625,0,0.00490137
134,435.151,23.3386,9,2,0.138672,0,0.00493764
135,435.151,29.4197,9,2,0.173828,0,0.00494189
136,1010.21,27.721,9,3,0.161133,0,0.00488885
137,1011.31,29.7216,9,3,0.166992,0,0.00497884
138,1008.92,29.8151,9,3,0.176758,0,0.00491678
139,1011.31,29.0352,9,3,0.172852,0,0.00491182
140,435.151,30.1898,9,2,0.186523,0,0.00500864
141,435.151,28.3815,9,2,0.171875,0,0.00495467
142,1011.31,28.8789,9,3,0.169922,0,0.00496367
143,1009.59,29.7439,9,3,0.177734,0,0.00499897
144,435.149,28.0136,9,2,0.171875,0,0.00498691
145,1011.31,30.0553,9,3,0.181641,0,0.00498629
146,1008.92,29.4842,9,3,0.178711,0,0.0049535
147,1011.78,32.2126,9,3,0.207031,0,0.00501326
148,1009.59,32.4523,9,3,0.194336,0,0.00502621
149,435.151,32.6137,9,2,0.189453,0,0.00499735
150,435.151,29.3585,9,2,0.185547,0,0.00504047
151,435.151,31.8905,9,2,0.201172,0,0.00498577
152,1008.92,32.9499,9,3,0.199219,0,0.00494776
153,435.151,29.2877,9,2,0.177734,0,0.00501399
154,435.151,30.5541,9,2,0.19043,0,0.00506853
155,435.151,32.6302,9,2,0.199219,0,0.005016
156,435.151,31.0429,9,2,0.199219,0,0.00500065
157,435.151,32.887,9,2,0.208008,0,0.00503598
158,1009.59,32.1603,9,3,0.198242,0,0.00500249
159,435.151,34.3327,9,2,0.224609,0,0.00500122
160,435.151,34.978,9,2,0.208008,0,0.00507485
161,435.151,32.6903,9,2,0.208008,0,0.00510065
162,435.151,37.5011,10,2,0.235352,0,0.00507309
163,435.151,35.2266,9,2,0.228516,0,0.00504757
164,1008.92,34.6269,9,3,0.213867,0,0.00507442
165,435.151,34.4986,9,2,0.228516,0,0.00509149
166,435.151,33.0493,9,2,0.208008,0,0.00508368
167,1011.31,40.2841,9,3,0.251953,0,0.00504414
168,435.149,33.1381,9,2,0.205078,0,0.00505036
169,435.149,36.2166,9,2,0.239258,0,0.00511299
170,435.151,36.3148,9,2,0.232422,0,0.00505894
171,1008.92,39.6104,9,3,0.246094,0,0.00505621
172,435.151,37.8402,10,2,0.245117,0,0.00507683
173,435.151,39.876,9,2,0.259766,0,0.00509497
174,1011.31,40.9281,10,3,0.254883,0,0.00515981
175,1008.92,38.6618,9,3,0.249023,0,0.00512074
176,1011.31,37.9926,9,3,0.253906,0,0.00511599
177,1011.78,38.5179,9,3,0.240234,0,0.00510201
178,1011.78,40.0481,9,3,0.25,0,0.00506779
179,1008.92,42.3533,10,3,0.275391,0,0.00513812
180,435.151,38.6826,9,2,0.245117,0,0.00499046
181,435.151,38.4093,10,2,0.250977,0,0.00511354
182,435.151,37.0603,9,2,0.243164,0,0.00506866
183,1008.92,40.435,11,3,0.264648,0,0.0050965
184,1010.21,40.4216,9,3,0.243164,0,0.0050967
185,1008.92,48.3975,11,3,0.296875,0,0.00510144
186,1008.92,41.4545,10,3,0.25,0,0.00515087
187,1008.92,43.8559,11,3,0.276367,0,0.00509697
188,435.151,41.4236,9,2,0.256836,0,0.0051194
189,1008.92,43.4853,10,3,0.279297,0,0.00514721
190,435.151,44.5618,10,2,0.294922,0,0.00511179
191,435.151,44.6315,11,2,0.292969,0,0.00510343
192,1009.59,41.8329,10,3,0.263672,0,0.0053263
193,1008.92,45.2286,11,3,0.292969,0,0.0052827
194,1843.9,45.4458,10,4,0.28125,0,0.00519315
195,1008.92,49.2071,11,3,0.305664,0,0.00511
196,1010.21,42.8904,11,3,0.272461,0,0.00515326
197,435.151,41.9627,10,2,0.282227,0,0.00516733
198,1843.9,42.4485,10,4,0.264648,0,0.00515408
199,1009.59,39.7712,11,3,0.238281,0,0.00515308
200,1008.92,36.473,10,3,0.235352,0,0.00525648
201,1008.92,45.6644,11,3,0.291992,0,0.00526332
202,1008.92,43.1942,9,3,0.275391,0,0.00507537
203,1009.59,46.4522,11,3,0.300781,0,0.00515793
204,435.151,40.0376,11,2,0.270508,0,0.00514546
205,1000.23,42.3558,10,3,0.273438,0,0.0052331
206,1008.92,39.397,9,3,0.25293,0,0.00511039
207,1008.92,45.6295,11,3,0.299805,0,0.00515826
208,1008.92,42.3755,10,3,0.270508,0,0.00518445
209,1008.92,39.4633,11,3,0.259766,0,0.00512632
210,1008.92,43.1268,10,3,0.265625,0,0.00519249
211,1008.92,41.6818,10,3,0.270508,0,0.00516343
212,1012.18,46.8989,11,3,0.295898,0,0.00523751
213,1008.92,40.539,11,3,0.265625,0,0.00515315
214,1012.18,42.4422,11,3,0.279297,0,0.00517281
215,1008.92,42.7572,10,3,0.274414,0,0.00514268
216,1010.79,46.5517,11,3,0.293945,0,0.00523694
217,1008.92,43.4865,11,3,0.286133,0,0.0051494
218,1009.59,42.5997,11,3,0.271484,0,0.0052149
219,1008.92,44.5818,11,3,0.296875,0,0.00520843
220,435.151,44.1646,11,2,0.28125,0,0.0052446
221,1009.59,43.9284,11,3,0.28418,0,0.00517945
222,1011.31,48.111,11,3,0.294922,0,0.00518176
223,1008.92,46.7794,12,3,0.298828,0,0.0052599
224,1008.92,44.0033,11,3,0.286133,0,0.00519014
225,435.151,43.0253,11,2,0.28125,0,0.00520594
226,1008.92,46.156,12,3,0.302734,0,0.00527305
227,435.151,41.8085,12,2,0.283203,0,0.00527907
228,1012.52,46.5555,12,3,0.302734,0,0.00519609
229,1010.21,50.5722,12,3,0.332031,0,0.00517111
230,1011.31,50.0747,12,3,0.319336,0,0.00517148
231,435.151,43.5809,11,2,0.285156,0,0.00514101
232,1008.92,46.3983,12,3,0.30957,0,0.0052819
233,1008.92,41.2232,11,3,0.269531,0,0.00516414
234,1008.92,43.6388,12,3,0.288086,0,0.00519143
235,435.151,49.3588,12,2,0.326172,0,0.00526517
236,1008.92,47.5171,12,3,0.305664,0,0.00520551
237,1008.92,44.3402,11,3,0.279297,0,0.00514903
238,1008.92,49.4702,12,3,0.314453,0,0.00523355
239,1009.59,47.767,12,3,0.3125,0,0.00523175
240,1008.92,47.188,12,3,0.297852,0,0.00529778
241,435.151,40.7943,11,2,0.265625,0,0.00527088
242,1008.92,44.5099,11,3,0.291016,0,0.00521591
243,1008.92,46.4677,11,3,0.299805,0,0.00523949
244,1005.85,45.5623,12,3,0.294922,0,0.00519449
245,1011.31,49.6419,12,3,0.3125,0,0.00515943
246,435.151,45.9214,11,2,0.295898,0,0.00524536
247,1011.31,46.0835,11,3,0.291992,0,0.00522546
248,435.151,43.3395,11,2,0.268555,0,0.0052148
249,1009.59,47.9174,12,3,0.321289,0,0.00516736
250,1008.92,48.1666,12,3,0.31543,0,0.00530232
251,435.151,41.4881,12,2,0.262695,0,0.00523964
252,1008.92,45.0898,11,3,0.283203,0,0.00519066
253,435.151,46.6517,12,2,0.301758,0,0.00525402
254,1008.92,45.6498,13,3,0.297852,0,0.00524477
255,435.151,43.0642,12,2,0.291992,0,0.00524686
256,1008.92,45.1352,12,3,0.283203,0,0.00520887
257,1843.9,45.9157,12,4,0.290039,0,0.00521296
258,1843.9,46.5582,12,4,0.295898,0,0.00527434
259,1009.59,45.6725,12,3,0.291016,0,0.00521461
260,1008.92,48.3127,12,3,0.311523,0,0.00537488
261,1009.59,42.5979,12,3,0.275391,0,0.00519679
262,1008.92,47.7503,12,3,0.310547,0,0.00525846
263,1008.92,47.5476,13,3,0.30957,0,0.00525071
264,1008.92,46.5829,11,3,0.291992,0,0.00518155
265,1009.59,45.2202,12,3,0.307617,0,0.00525089
266,1012.18,43.2493,12,3,0.280273,0,0.00516301
267,1008.92,43.014,12,3,0.282227,0,0.00521426
268,435.151,39.9049,11,2,0.257812,0,0.00519144
269,1009.59,47.6189,13,3,0.313477,0,0.00515191
270,435.151,45.0786,12,2,0.304688,0,0.00541946
271,1008.92,43.753,12,3,0.28418,0,0.00518536
272,1011.31,43.6529,12,3,0.283203,0,0.00522593
273,1008.92,49.3986,12,3,0.308594,0,0.00522062
274,435.151,46.4796,13,2,0.316406,0,0.00524938
275,1008.92,43.0215,11,3,0.27832,0,0.00514967
276,1008.92,47.1117,12,3,0.308594,0,0.00534226
277,1010.21,48.2202,13,3,0.30957,0,0.00523174
278,435.149,43.3775,13,2,0.28418,0,0.00528277
279,1009.59,53.4135,13,3,0.333008,0,0.00530564
280,435.151,44.3679,13,2,0.301758,0,0.00528287
281,1011.31,50.2586,13,3,0.320312,0,0.0053409
282,1837.92,49.7118,13,4,0.318359,0,0.00529414
283,1000.23,48.2542,13,3,0.31543,0,0.00525247
284,1011.31,49.5462,12,3,0.303711,0,0.00531721
285,1008.92,50.0388,13,3,0.327148,0,0.0054077
286,1008.92,47.1227,13,3,0.310547,0,0.00561633
287,1008.92,49.6165,13,3,0.318359,0,0.00568397
288,1008.92,49.1849,13,3,0.321289,0,0.0058261
289,1009.59,52.3916,13,3,0.333984,0,0.00551985
290,1011.78,50.9945,13,3,0.333984,0,0.00567027
291,1009.59,49.9859,12,3,0.320312,0,0.00553668
292,1012.52,48.5487,12,3,0.322266,0,0.00550543
293,1008.92,52.4126,13,3,0.349609,0,0.00555061
294,1011.31,51.3826,13,3,0.341797,0,0.00559712
295,1008.92,48.8301,13,3,0.332031,0,0.00575649
296,1009.59,51.0274,12,3,0.322266,0,0.00573762
297,435.151,44.1618,12,2,0.292969,0,0.00561243
298,435.151,48.7549,13,2,0.30957,0,0.00596711
299,1008.92,46.9566,12,3,0.310547,0,0.00591218
300,1008.92,50.4967,13,3,0.34668,0,0.00566768
301,1010.21,50.3933,13,3,0.323242,0,0.00546546
302,1843.9,52.3042,13,4,0.348633,0,0.00548306
303,1008.92,48.5164,13,3,0.316406,0,0.00553741
304,1011.31,47.4065,13,3,0.3125,0,0.00537071
305,435.151,54.099,13,2,0.352539,0,0.00524922
306,1011.31,54.2716,13,3,0.348633,0,0.00526697
307,1005.85,48.5001,13,3,0.317383,0,0.00529379
308,1005.85,46.3901,13,3,0.310547,0,0.00538784
309,1008.92,49.7009,13,3,0.330078,0,0.00533761
310,1008.92,49.5392,13,3,0.319336,0,0.00526827
311,1008.92,51.639,13,3,0.338867,0,0.00548783
312,1010.21,52.5146,13,3,0.318359,0,0.00536861
313,1008.92,46.4251,13,3,0.28125,0,0.00542617
314,1010.21,51.8212,13,3,0.326172,0,0.00545354
315,1008.92,51.0248,13,3,0.326172,0,0.00551586
316,1843.9,49.2478,13,4,0.301758,0,0.00538595
317,1008.92,55.3414,13,3,0.349609,0,0.00547136
318,1008.92,55.7001,13,3,0.347656,0,0.00542236
319,1008.92,57.2692,13,3,0.350586,0,0.00558809
320,1005.85,56.4394,13,3,0.354492,0,0.00556561
321,1010.79,52.8313,13,3,0.333008,0,0.00575303
322,1011.31,54.1268,13,3,0.338867,0,0.00545709
323,1827.51,55.3219,13,4,0.333008,0,0.00588421
324,1010.21,54.1565,15,3,0.333008,0,0.00586044
325,1008.92,54.1109,15,3,0.338867,0,0.00555266
326,1009.59,53.4941,15,3,0.338867,0,0.00558119
327,1007.46,59.0247,15,3,0.358398,0,0.0056324
328,1010.79,62.4326,16,3,0.388672,0,0.00579959
329,1823.71,59.5308,15,4,0.349609,0,0.00566467
330,1008.92,61.9265,16,3,0.375977,0,0.00581553
331,1008.92,61.6238,17,3,0.376953,0,0.00579612
332,1827.51,61.741,15,4,0.363281,0,0.00607541
333,1841.02,60.9083,16,4,0.351562,0,0.00611878
334,1008.21,61.9535,17,3,0.375977,0,0.00623361
335,1834.62,68.0304,17,4,0.398438,0,0.00603948
336,1834.62,65.1715,17,4,0.376953,0,0.00598177
337,1815.68,75.9897,19,4,0.448242,0,0.00599952
338,1007.46,63.8339,17,3,0.383789,0,0.00594279
339,1008.92,65.219,17,3,0.391602,0,0.0060186
340,1004.1,71.4912,18,3,0.404297,0,0.00614797
341,1007.46,70.1216,18,3,0.40918,0,0.00612944
342,1829.35,73.6527,18,4,0.423828,0,0.00607555
343,1010.21,69.6521,19,3,0.388672,0,0.00615737
344,1008.92,69.9343,19,3,0.399414,0,0.00615746
345,1004.1,64.4406,19,3,0.375,0,0.00626717
346,1773.62,71.474,21,4,0.411133,0,0.00633068
347,1813.59,77.4727,21,4,0.43457,0,0.00632273
348,1817.74,70.1135,19,4,0.40625,0,0.0063756
349,2909.97,85.8695,22,5,0.47168,0,0.00675013
350,2891.12,81.4853,21,5,0.438477,0,0.00651035
351,1802.66,77.4952,23,4,0.43457,0,0.00655255
352,1823.71,88.6797,23,4,0.489258,0,0.00671885
353,1757.8,76.6173,23,4,0.44043,0,0.00663181
354,1827.51,88.1729,23,4,0.472656,0,0.00668889
355,998.128,78.9156,24,3,0.439453,0,0.00671954
356,1837.92,84.3838,23,4,0.454102,0,0.00674288
357,1823.71,98.6786,28,4,0.518555,0,0.00716913
358,1776.18,87.6704,28,4,0.488281,0,0.0070972
359,1809.31,91.1671,27,4,0.487305,0,0.00728436
360,1827.51,96.8938,33,4,0.518555,0,0.00737657
361,1783.71,86.7794,27,4,0.454102,0,0.00703295
362,1807.12,97.5002,29,4,0.5,0,0.00716488
363,1781.23,97.6699,30,4,0.499023,0,0.00736223
364,1819.76,93.6124,33,4,0.511719,0,0.00737203
365,1827.51,103.955,33,4,0.516602,0,0.00763776
366,1800.39,99.794,37,4,0.547852,0,0.00746922
367,1798.09,99.7178,32,4,0.514648,0,0.00741496
368,1827.51,91.853,31,4,0.491211,0,0.00771268
369,2897.56,114.559,35,5,0.571289,0,0.00762801
370,1811.47,104.895,36,4,0.540039,0,0.00783898
371,1827.51,87.2125,33,4,0.469727,0,0.00775964
372,1009.59,89.8404,35,3,0.483398,0,0.00781266
373,1827.51,94.1071,39,4,0.521484,0,0.00807548
374,1738.37,106.101,43,4,0.556641,0,0.00808879
375,1815.68,102.71,38,4,0.527344,0,0.00794558
376,1831.15,108.363,37,4,0.5625,0,0.00791655
377,2740.66,113.387,43,5,0.575195,0,0.00806841
378,1776.18,110.14,43,4,0.572266,0,0.00780047
379,1752.35,97.5092,35,4,0.495117,0,0.00803463
380,1831.15,104.327,42,4,0.553711,0,0.0080829
381,2778.96,107.681,43,5,0.545898,0,0.00798995
382,1811.47,110.631,41,4,0.569336,0,0.00800677
383,2842.09,116.188,43,5,0.572266,0,0.00815839
384,1819.76,107.769,47,4,0.545898,0,0.00801576
385,1793.4,101.827,39,4,0.518555,0,0.00807316
386,2842.09,127.541,50,5,0.621094,0,0.00812444
387,1778.72,102.04,38,4,0.524414,0,0.00831781
388,1788.61,115.674,49,4,0.586914,0,0.0082777
389,1007.46,112.667,50,3,0.59082,0,0.00814496
390,1798.09,113.242,44,4,0.56543,0,0.0081412
391,4140.23,112.309,51,6,0.56543,0,0.0083227
392,1815.68,127.022,53,4,0.633789,0,0.0082696
393,1813.59,99.9566,38,4,0.508789,0,0.00820865
394,1755.09,114.045,47,4,0.564453,0,0.00838014
395,1819.76,113.196,49,4,0.574219,0,0.00845798
396,1815.68,118.167,50,4,0.574219,0,0.00873494
397,2856.74,127.185,47,5,0.598633,0,0.00837048
398,1793.4,113.579,53,4,0.59082,0,0.00860652
399,2838.35,134.918,61,5,0.647461,0,0.00854884
400,1813.59,109.199,49,4,0.552734,0,0.0087384
401,1825.63,108.804,49,4,0.550781,0,0.00863737
402,1829.35,123.288,53,4,0.605469,0,0.00864741
403,1837.92,118.405,51,4,0.589844,0,0.00852745
404,1798.09,111.876,50,4,0.569336,0,0.00853891
405,2826.95,111.05,50,5,0.557617,0,0.00866036
406,1815.68,120.084,64,4,0.614258,0,0.0086678
407,1819.76,117.04,52,4,0.583984,0,0.0088776
408,1773.62,115.244,53,4,0.580078,0,0.00878798
409,2903.85,128.31,49,5,0.604492,0,0.00845069
410,2849.48,118.78,101,5,0.618164,0,0.00873204
411,1802.66,115.759,53,4,0.589844,0,0.00866576
412,2439.84,114.319,51,5,0.575195,0,0.00874688
413,1829.35,122.347,54,4,0.604492,0,0.00895756
414,2909.97,125.578,51,5,0.580078,0,0.00891252
415,2856.74,126.006,101,5,0.625977,0,0.00890584
416,1811.47,110.826,54,4,0.560547,0,0.00871851
417,2823.1,132.075,53,5,0.612305,0,0.00902707
418,1735.52,122.73,101,4,0.619141,0,0.00919497
419,1807.12,113.912,50,4,0.568359,0,0.00886947
420,1821.75,129.777,101,4,0.62207,0,0.00892786
421,1815.68,123.464,54,4,0.597656,0,0.00873982
422,1752.35,113.413,51,4,0.558594,0,0.00902788
423,1802.66,120.091,69,4,0.582031,0,0.00961263
424,2909.97,118.646,53,5,0.56543,0,0.00912987
425,2401.49,118.602,54,5,0.570312,0,0.00905347
426,2783.1,125.288,101,5,0.606445,0,0.00923311
427,1831.15,132.904,76,4,0.613281,0,0.00920056
428,4298.58,129.959,101,6,0.613281,0,0.00960814
429,1802.66,125.208,101,4,0.598633,0,0.00908341
430,1819.76,115.816,54,4,0.5625,0,0.00920766
431,2894.36,122.551,101,5,0.589844,0,0.00953643
432,1813.59,124.286,101,4,0.598633,0,0.00945822
433,2887.84,128.883,101,5,0.607422,0,0.00906073
434,3962.71,138.625,101,6,0.639648,0,0.00907256
435,3999.03,127.959,101,6,0.602539,0,0.00932252
436,5290.53,139.013,101,7,0.630859,0,0.00954361
437,4320.86,132.204,101,6,0.608398,0,0.00987382
438,1821.75,128.772,101,4,0.597656,0,0.00995254
439,2891.12,138.139,101,5,0.625,0,0.00992873
440,1811.47,132.537,101,4,0.606445,0,0.0100072
441,1795.76,112.794,101,4,0.557617,0,0.0100058
442,2915.92,131.873,101,5,0.604492,0,0.0100448
443,1773.62,125.035,101,4,0.564453,0,0.00984028
444,1732.64,117.52,101,4,0.55957,0,0.0103573
445,1827.51,122.317,101,4,0.583008,0,0.00995756
446,2842.09,134.442,101,5,0.582031,0,0.00981174
447,2434.4,118.364,101,5,0.578125,0,0.0101105
448,2830.78,125.086,101,5,0.586914,0,0.00982839
449,4145.5,120.023,101,6,0.583984,0,0.00943377
450,1809.31,120.758,101,4,0.591797,0,0.00941108
451,1823.71,125.966,101,4,0.592773,0,0.00941797
452,1825.63,122.307,101,4,0.597656,0,0.0101366
453,2891.12,134.786,101,5,0.617188,0,0.0103396
454,2903.85,126.782,101,5,0.604492,0,0.00988405
455,2881.17,131.071,101,5,0.608398,0,0.00946152
456,2834.58,136.57,101,5,0.628906,0,0.00967734
457,2874.36,125.894,101,5,0.579102,0,0.00994719
458,2830.78,128.24,101,5,0.591797,0,0.0100683
459,2877.78,127.192,101,5,0.566406,0,0.00987911
460,1831.15,139.644,101,4,0.649414,0,0.0105585
461,2921.69,129.388,101,5,0.605469,0,0.00954484
462,5601.59,141.472,101,7,0.638672,0,0.00929731
463,2853.13,127.215,101,5,0.609375,0,0.00990995
464,2545.44,128.379,101,5,0.59668,0,0.00954166
465,2807.41,132.944,101,5,0.603516,0,0.00967122
466,3550.8,136.468,101,6,0.629883,0,0.0105461
467,1661.63,116.256,101,4,0.567383,0,0.00957053
468,2803.43,124.858,101,5,0.592773,0,0.0100759
469,2877.78,136.773,101,5,0.616211,0,0.0100121
470,2877.78,138.827,101,5,0.649414,0,0.0103113
471,3762.35,143.477,101,6,0.662109,0,0.0103222
472,2897.56,132.61,101,5,0.640625,0,0.00978548
473,2912.97,131.55,101,5,0.644531,0,0.00955927
474,5653.06,149.076,101,7,0.668945,0,0.00986152
475,3439.35,132.101,101,6,0.629883,0,0.0101519
476,2787.22,135.455,101,5,0.640625,0,0.00955511
477,2811.38,141.326,101,5,0.645508,0,0.0100628
478,3944.23,144.53,101,6,0.649414,0,0.0102276
479,1800.39,134.053,101,4,0.637695,0,0.0104323
480,2863.89,139.241,101,5,0.637695,0,0.0105099
481,2819.22,142.024,101,5,0.633789,0,0.0102611
482,2853.13,134.981,101,5,0.602539,0,0.0105186
483,2514.4,141.032,101,5,0.644531,0,0.0107213
484,2834.58,146.768,101,5,0.637695,0,0.010629
485,16022.8,181.803,101,11,0.703125,0,0.0104282
486,2842.44,152.827,101,6,0.689453,0,0.0107686
487,2877.78,141.891,101,5,0.636719,0,0.0100317
488,4379.45,144.971,101,7,0.672852,0,0.0102854
489,5349.14,161.442,106.306,7,0.716797,1,0.0103712
490,4046.07,145.049,101,6,0.681641,0,0.0102285
491,2529.99,138.959,101,5,0.637695,0,0.0101973
492,3735.08,158.212,101,6,0.680664,0,0.0109458
493,2181.95,158.212,101,5,0.706055,0,0.0102373
494,4005,147.556,101,6,0.672852,0,0.010527
495,6232.54,159.341,101,8,0.708984,0,0.0101293
496,2412.51,139.088,101,5,0.661133,0,0.0104403
497,4140.23,153.502,101,6,0.705078,0,0.0103527
498,11359.7,182.25,101,10,0.724609,0,0.0103123
499,9606.16,154.823,101,9,0.662109,0,0.0105511
500,18524.4,178.84,101,12,0.71582,0,0.0117485
501,3987.02,169.446,101,6,0.707031,0,0.0111553
502,12506.4,177.673,101,10,0.722656,0,0.0111396
503,4151.11,172.418,101,7,0.733398,0,0.0108761
504,5730.85,193.675,103.594,7,0.773438,1,0.0118539
505,8420.29,238.663,109.275,9,0.862305,1,0.0113384
506,5601.59,199.704,108.13,7,0.804688,1,0.0119105
507,5090.44,200.726,101,7,0.770508,0,0.0111719
508,23375.4,253.829,105.663,13,0.849609,1,0.0120938
509,5063.53,239.889,109.829,7,0.895508,1,0.0114919
510,9060.14,255.275,109.829,9,0.916016,1,0.0122521
511,14155.9,277.785,101,11,0.883789,0,0.0126248
512,17522.7,306.279,109.829,12,0.951172,1,0.0121587
513,5710.03,321.019,111.425,7,1.04199,1,0.0125051
514,56292.3,415.768,111.425,15,1.08301,1,0.0128688
515,14629.5,367.749,113.419,11,1.11621,1,0.0128933
516,1.09128e+06,1599.81,112.934,20,1.25977,1,0.0132087
517,34847.6,748.441,121.334,14,1.59766,1,0.0149601
518,297099,1228.43,122.047,18,1.68359,1,0.0154581
519,568067,1872.39,137.17,19,1.9668,1,0.0167805
520,555354,2158.59,137.796,19,2.00488,1,0.0179646
521,2.1447e+06,6082.83,138.675,21,2.24121,1,0.0178888
522,3.36205e+07,35266,139.867,25,2.47656,1,0.0188053
523,1.0895e+06,2882.41,369.909,20,2.61523,2,0.018963
524,2.14698e+06,5074.24,357.18,21,2.54688,2,0.0185133
525,563829,2387.43,323.495,19,2.40527,2,0.0179106
526,297099,2033.11,359.354,18,2.55176,2,0.0188372
527,4.24142e+06,5856.37,344.87,22,2.52246,2,0.0193657
528,564338,2479.46,139.723,19,2.53906,1,0.0200143
529,2.14409e+06,4422.63,342.569,21,2.50684,2,0.0195046
530,298613,2437.91,329.58,18,2.60449,2,0.0197238
531,1.68426e+07,35307.3,139.867,24,2.42676,1,0.0190599
532,561764,2838.93,139.648,19,2.52148,1,0.0195547
533,2.14352e+06,4061.29,140.864,21,2.41797,1,0.0186187
534,301589,3070.79,329.58,18,2.52539,2,0.0182609
535,300052,2804.09,319.791,18,2.58984,2,0.0189358
536,1.68428e+07,20584.4,139.49,24,2.61621,1,0.0192464
537,1.09416e+06,5701.17,139.796,20,2.56543,1,0.0189679
538,4.24776e+06,7751.65,367.841,22,2.76562,2,0.0197757
539,301216,2299.72,141.046,18,2.41309,1,0.0181465
540,1.09249e+06,3525.62,137.796,20,2.30371,1,0.0173117
541,4.25001e+06,7394.37,138.573,22,2.41406,1,0.0177294
542,164425,2445.3,139.49,17,2.57715,1,0.0177038
543,300250,2913.78,138.254,18,2.53711,1,0.0179633
544,1.68379e+07,20025.6,361.507,24,2.85742,2,0.0192722
545,3.36261e+07,62016.1,364.698,25,2.97949,2,0.0191874
546,1.68395e+07,26416,412.972,24,3.10254,2,0.019557
547,8.44603e+06,18384.7,367.841,23,3.07715,2,0.0185759
548,1.34304e+08,171347,359.354,27,2.90918,2,0.0182508
549,2.14178e+06,6513.67,398.158,21,3.04297,2,0.0183405
550,1.09552e+06,8085.75,341.411,20,2.81055,2,0.0183907
551,2.14645e+06,10201.9,389.352,21,3.00293,2,0.0189365
552,4.24864e+06,9066.11,350.539,22,3.03418,2,0.018869
553,4.24997e+06,19469.9,368.878,22,3.0918,2,0.0190841
554,4.24854e+06,18675.7,347.152,22,2.90625,2,0.0178956
555,4.24801e+06,11136.2,363.639,22,2.91504,2,0.0193439
556,2.14936e+06,10136.5,358.27,21,2.87988,2,0.0181505
557,8.44353e+06,21611.2,351.658,23,2.98926,2,0.0184274
558,3.36214e+07,55446.1,377.964,25,2.91309,2,0.0183714
559,6.71841e+07,162163,423.179,26,3.56543,2,0.0214007
560,2.68525e+08,502076,426.375,28,3.83105,2,0.0227458
561,1.34299e+08,195216,430.013,27,3.86035,2,0.0218047
562,1.68425e+07,45663.1,424.286,24,3.56836,2,0.0200134
563,1.09133e+06,8220.59,360.433,20,3.41016,2,0.0213026
564,2.68517e+08,425922,421.443,28,3.65527,2,0.0215383
565,2.68522e+08,389721,429.175,28,3.64746,2,0.0207951
566,4.24474e+06,22684.6,432.209,22,3.89258,2,0.0224455
567,3.36172e+07,62815.5,426.87,25,3.72754,2,0.0213924
568,1.34295e+08,267698,431.532,27,3.75293,2,0.021968
569,3.36243e+07,154614,738.964,25,4.08301,3,0.0221311
570,1.68444e+07,46760.8,433.384,24,3.93555,2,0.0219974
571,1.68433e+07,74536.4,429.175,24,3.83887,2,0.0215641
572,1.343e+08,258893,434.781,27,4.22168,2,0.0225754
573,1.343e+08,192347,566.721,27,4.14258,3,0.0221752
574,2.14759e+09,2.19069e+06,939.138,31,4.62598,3,0.0217874
575,6.71821e+07,295408,1480.89,26,5.3457,4,0.0225601
576,5.36966e+08,677434,733.702,29,4.4248,3,0.0217414
577,1.34301e+08,373754,949.639,27,4.60254,3,0.0209255
578,6.71804e+07,167974,434.781,26,4.44141,2,0.019925
579,1.343e+08,378370,1236.66,27,4.93262,4,0.0222808
580,6.71869e+07,144612,994.777,26,4.98242,3,0.0226276
581,2.68527e+08,327136,933.708,28,4.53906,3,0.0218091
582,5.36964e+08,893791,970.606,29,4.89062,3,0.0231192
583,2.68522e+08,519820,984.827,28,5.28809,3,0.0252103
584,5.36956e+08,1.07076e+06,987.443,29,5.48438,3,0.0253797
585,5.36965e+08,965368,976.512,29,5.15332,3,0.0254084
586,2.68521e+08,720626,1530.88,28,5.56738,4,0.0268874
587,5.36966e+08,1.2592e+06,1534.65,29,5.84473,4,0.0278227
588,1.07384e+09,1.98395e+06,1515.71,30,5.89648,4,0.0272525
589,8.59005e+09,9.77928e+06,1560.66,33,5.85645,4,0.0277994
590,1.34298e+08,474984,1610.84,27,5.93262,4,0.0268663
591,6.71816e+07,349848,1726.84,26,6.03809,4,0.0277419
592,8.59005e+09,9.5006e+06,1744.03,33,6.33398,4,0.0280401
593,2.14758e+09,4.20881e+06,1768.44,31,6.46094,4,0.0290935
594,6.87196e+10,9.78592e+07,1298.52,36,6.04004,4,0.0297477
595,2.14759e+09,3.30899e+06,1738.37,31,6.49805,4,0.0292519
596,5.36965e+08,3.15215e+06,1800.39,29,6.85742,4,0.0308312
597,2.14759e+09,8.96846e+06,1687.34,31,6.48438,4,0.0303711
598,6.87196e+10,7.27696e+07,1473.03,36,6.40723,4,0.0311552
599,8.59005e+09,3.19449e+07,2498.67,33,7.68359,5,0.0388864
600,3.43598e+10,9.44451e+07,1726.84,35,7.2666,4,0.0360879
601,3.43599e+10,1.00755e+08,1765.81,35,7.48438,4,0.0345136
602,6.87196e+10,1.96778e+08,2294.02,36,7.94727,5,0.0372031
603,1.37439e+11,2.96365e+08,2723.05,37,8.63672,5,0.0397099
604,4.39805e+12,6.76791e+09,2677.57,42,8.55371,5,0.0372643
605,5.49756e+11,7.0349e+08,2477.49,39,8.31445,5,0.0362007
606,2.19902e+12,3.49464e+09,2328.47,41,7.8877,5,0.0340141
607,1.75922e+13,1.9577e+10,2625.3,44,8.23828,5,0.0374786
608,8.59006e+09,3.76379e+07,3324.44,33,8.48926,6,0.0355542
609,1.718e+10,4.39508e+07,2770.61,34,8.28125,5,0.0351691
610,6.87196e+10,1.17169e+08,2282.43,36,7.93555,5,0.0346205
611,2.74878e+11,5.40182e+08,3141.98,38,8.91211,6,0.0382187
612,4.39805e+12,9.03811e+09,3424.22,42,8.8125,6,0.0395507
613,3.51844e+13,3.53141e+10,3893.96,45,9.42676,6,0.0407372
614,5.49756e+11,1.41509e+09,3956.58,39,9.6123,6,0.0412659
615,2.81475e+14,3.66177e+11,2807.41,48,9.32715,5,0.0394383
616,3.51844e+13,3.97506e+10,3339.95,45,9.53711,6,0.0413129
617,1.80144e+16,1.76171e+13,5365.98,54,10.54,8,0.0440116
618,8.79609e+12,1.31806e+10,4664.61,43,10.4521,8,0.0440482
619,4.39805e+12,8.01103e+09,5676.24,42,11.1201,8,0.0452383
620,2.81475e+14,3.11334e+11,4842.08,48,10.6924,7,0.0452384
621,7.03687e+13,1.07424e+11,5446.9,46,10.5449,7,0.0464042
622,8.79609e+12,1.09139e+10,2345.52,43,9.3125,5,0.0406673
623,1.1259e+15,1.10522e+12,5777.64,50,10.7539,8,0.0444942
624,8.79609e+12,1.09732e+10,7155.67,43,11.1309,8,0.0451691
625,1.75922e+13,2.75516e+10,7256.07,44,11.0703,8,0.0448865
626,1.40737e+14,1.8756e+11,3658.56,47,9.81152,6,0.0406449
627,1.75922e+13,2.36101e+10,5307.39,44,10.5889,7,0.0422124
628,2.81475e+14,4.21062e+11,7641.71,48,11.5557,9,0.0453507
629,8.79609e+12,1.51227e+10,5560.95,43,10.7451,8,0.0434283
630,1.09951e+12,2.00442e+09,4410.03,40,10.5586,7,0.0434949
631,8.79609e+12,1.22582e+10,7581.83,43,11.3838,9,0.0444618
632,7.03687e+13,8.5008e+10,4580.71,46,10.167,7,0.0412065
633,2.19902e+12,4.48607e+09,3386.14,41,9.48535,6,0.0413215
634,5.49756e+11,2.34869e+09,5510.07,39,10.4395,7,0.0450465
635,1.75922e+13,2.40292e+10,4600.48,44,10.4043,7,0.0448986
636,4.39805e+12,8.29545e+09,5414.7,42,10.3154,7,0.0419964
637,1.75922e+13,2.11885e+10,5802.82,44,10.7969,8,0.0434475
638,3.51844e+13,4.79392e+10,5230.83,45,10.835,7,0.0427538
639,8.79609e+12,1.77007e+10,9072.88,43,11.7031,9,0.0468986
640,4.5036e+15,4.43719e+12,6280.26,52,10.8301,8,0.0428195
641,3.51844e+13,7.18319e+10,5679.86,45,11.3154,9,0.0463079
642,4.39805e+12,1.07952e+10,6268.36,42,11.2568,8,0.0463367
643,3.51844e+13,4.60999e+10,8195.64,45,12.0947,9,0.0481508
644,1.75922e+13,3.87833e+10,6292.15,44,11.834,8,0.0462128
645,4.5036e+15,4.49994e+12,5877.98,52,11.3105,8,0.0464794
646,9.0072e+15,8.89376e+12,11703.2,53,13.2393,11,0.0513633
647,1.1259e+15,1.20909e+12,11573.9,50,13.2188,10,0.0544787
648,9.0072e+15,8.85557e+12,13375.1,53,13.1934,11,0.0496744
649,7.03687e+13,2.10529e+11,18755.9,46,13.7051,12,0.0515038
650,1.80144e+16,1.76247e+13,11971.7,54,13.0195,10,0.0527909
651,5.6295e+14,7.79615e+11,5517.84,49,11.6572,7,0.0479707
652,2.2518e+15,3.96631e+12,5727.07,51,11.4365,8,0.0464486
653,1.1259e+15,1.37848e+12,11297.6,50,12.8564,10,0.0510609
654,2.81475e+14,6.19325e+11,15354.6,48,13.4336,11,0.0518302
655,1.40737e+14,3.49046e+11,10183.9,47,12.6143,10,0.0509184
656,2.81475e+14,3.01815e+11,9685.61,48,11.957,9,0.0467978
657,1.1259e+15,1.44044e+12,15254.3,50,13.668,11,0.0512694
658,7.03687e+13,2.1133e+11,11998.2,46,13.251,11,0.0502109
659,1.40737e+14,1.7002e+11,10671.6,47,12.6826,10,0.0487864
660,7.03687e+13,1.43364e+11,13912.7,46,13.1445,11,0.0508742
661,1.75922e+13,4.45112e+10,13626.9,44,12.8682,11,0.0491842
662,5.6295e+14,6.39587e+11,9696.83,49,12.3564,9,0.0488066
663,1.40737e+14,1.6178e+11,17634.1,47,13.2139,12,0.0499701
664,1.1259e+15,1.48971e+12,12400.9,50,12.7998,10,0.0484554
665,5.6295e+14,6.87199e+11,11482.8,49,12.0625,10,0.0447973
666,3.51844e+13,8.3162e+10,23885.7,45,13.6504,13,0.0503111
667,2.2518e+15,2.26091e+12,15486.6,51,13.2881,11,0.052357
668,7.03687e+13,1.70796e+11,20656.9,46,13.6455,12,0.0484466
669,2.2518e+15,3.33985e+12,25450.3,51,13.4189,13,0.0485301
670,3.51844e+13,1.31696e+11,38097.6,45,14.9141,14,0.0557708
671,1.1259e+15,1.543e+12,18984.1,50,13.5273,12,0.0507589
672,7.03687e+13,1.3181e+11,19086.7,46,13.5742,12,0.0536044
673,7.03687e+13,1.50906e+11,22353.4,46,13.7363,13,0.0526158
674,2.2518e+15,2.90229e+12,14894.4,51,12.8369,11,0.0484146
675,7.03687e+13,1.19186e+11,15744.1,46,13.1162,11,0.0495644
676,1.40737e+14,4.29751e+11,18797.6,47,13.71,12,0.0524352
677,2.81475e+14,3.94213e+11,19390.1,48,13.458,12,0.0508944
678,7.03687e+13,2.17472e+11,15152.8,46,13.4023,11,0.0502935
679,5.6295e+14,8.07713e+11,25237,49,14.2822,13,0.0546854
680,5.6295e+14,9.32087e+11,52499.1,49,14.873,15,0.0571132
681,4.39805e+12,2.34669e+10,25754.3,42,13.8164,13,0.0559402
682,1.75922e+13,4.23563e+10,34987.3,44,14.0547,14,0.055447
683,7.03687e+13,1.15768e+11,24900.7,46,13.7656,13,0.0547089
684,2.2518e+15,2.25242e+12,37927.3,51,14.7969,14,0.0558902
685,2.81475e+14,4.30476e+11,55474.9,48,14.8857,15,0.0580713
686,7.03687e+13,1.38533e+11,26121.5,46,14.7568,13,0.0570156
687,7.20576e+16,7.05548e+13,17833.1,56,13.4785,12,0.0546002
688,2.2518e+15,2.28608e+12,290459,51,16.7246,18,0.0646557
689,2.81475e+14,4.03104e+11,558908,48,17.2725,19,0.0650523
690,2.2518e+15,2.30715e+12,58323.6,51,15.7852,15,0.0637449
691,7.03687e+13,2.83224e+11,295937,46,17.3984,18,0.0678034
692,1.84467e+19,1.8017e+16,293952,64,17.3301,18,0.0673609
693,1.1259e+15,1.99228e+12,162719,50,16.6064,17,0.0631101
694,2.81475e+14,4.76971e+11,160230,48,16.3008,17,0.0620562
695,5.6295e+14,1.65082e+12,90876.6,49,16.1621,16,0.0604306
696,1.80144e+16,1.80942e+13,56292.3,54,15.7686,15,0.0604314
697,4.5036e+15,4.57565e+12,161670,52,17.2227,17,0.0648791
698,1.40737e+14,2.49192e+11,160337,47,16.3984,17,0.0654288
699,1.1259e+15,1.39864e+12,92838.8,50,16.0586,16,0.0629386
700,1.40737e+14,5.25095e+11,91370.3,47,16.2803,16,0.0630231
701,2.81475e+14,3.62939e+11,38266.1,48,15.0117,14,0.0581768
702,1.80144e+16,1.76664e+13,56435.7,54,15.6348,15,0.0626816
703,2.81475e+14,9.46244e+11,56061.3,48,15.5059,15,0.0605227
704,1.40737e+14,4.1336e+11,50281.8,47,15.5703,15,0.0605298
705,2.2518e+15,3.69939e+12,34509.6,51,14.624,14,0.0594306
706,1.75922e+13,6.67522e+10,54173.5,44,15.3975,15,0.0605755
707,2.2518e+15,2.56857e+12,52272.5,51,15.2891,15,0.0594597
708,2.2518e+15,2.79379e+12,162519,51,16.4629,17,0.0627386
709,2.81475e+14,5.1732e+11,163083,48,17.1709,17,0.0654553
710,5.6295e+14,8.43535e+11,297973,49,17.5771,18,0.0676936
711,7.03687e+13,2.36581e+11,293190,46,17.7285,18,0.070871
712,2.81475e+14,4.52721e+11,555631,48,18.1846,19,0.0727028
713,9.0072e+15,8.82217e+12,295092,53,17.6797,18,0.0658089
714,2.81475e+14,4.94503e+11,159507,48,16.9346,17,0.0672378
715,1.75922e+13,4.62498e+10,161944,44,16.793,17,0.0673728
716,1.44115e+17,1.41377e+14,161635,57,16.7441,17,0.0654392
717,2.2518e+15,3.24332e+12,159906,51,16.9092,17,0.0647488
718,7.03687e+13,2.20008e+11,94173.4,46,16.541,16,0.0638219
719,2.81475e+14,4.13013e+11,93332.5,48,16.4355,16,0.0645663
720,7.03687e+13,1.34413e+11,56234.8,46,15.5518,15,0.0612449
721,5.6295e+14,5.85081e+11,56177.1,49,15.4316,15,0.0596633
722,3.51844e+13,1.05028e+11,93332.5,45,15.8672,16,0.0612152
723,1.40737e+14,3.02816e+11,52756.5,47,14.8164,15,0.0586428
724,7.03687e+13,1.74995e+11,54906.6,46,15.167,15,0.0583358
725,1.40737e+14,2.46013e+11,37127.1,47,14.71,14,0.0570912
726,1.40737e+14,2.80738e+11,56916.7,47,15.7354,15,0.0599546
727,4.5036e+15,6.71633e+12,91792.4,52,16.2744,16,0.0611326
728,2.2518e+15,3.72278e+12,159834,51,16.8457,17,0.0653164
729,9.0072e+15,9.51686e+12,156455,53,17.0596,17,0.0676383
730,5.6295e+14,1.07748e+12,159761,49,16.6562,17,0.0673702
731,7.20576e+16,7.05988e+13,56349.8,56,15.7812,15,0.0641322
732,5.6295e+14,1.32205e+12,295478,49,17.4131,18,0.0668551
733,2.81475e+14,6.23595e+11,90173.9,48,16.2969,16,0.0656043
734,1.1259e+15,1.67032e+12,161910,50,17.0625,17,0.067343
735,2.81475e+14,5.09967e+11,292947,48,17.1201,18,0.0675419
736,2.81475e+14,4.7692e+11,90942.9,48,15.9307,16,0.0634707
737,4.5036e+15,6.81107e+12,91500.8,52,16.1504,16,0.0649911
738,4.5036e+15,6.49104e+12,162012,52,17.2549,17,0.0677707
739,1.1259e+15,3.36559e+12,93271.3,50,16.7451,16,0.067254
740,1.44115e+17,1.41162e+14,158734,57,16.8525,17,0.068821
741,1.1259e+15,1.85165e+12,86548.5,50,15.752,16,0.0649722
742,4.5036e+15,6.93647e+12,92177.2,52,16.1133,16,0.0648842
743,4.5036e+15,5.31265e+12,162819,52,17.3145,17,0.0670893
744,1.1259e+15,2.14877e+12,93515.2,50,16.2607,16,0.0626875
745,4.5036e+15,6.94021e+12,53550.4,52,15.2871,15,0.059588
746,2.8823e+17,2.8284e+14,93816.7,58,16.6201,16,0.0657784
747,5.6295e+14,1.06395e+12,157034,49,16.6064,17,0.0643581
748,2.2518e+15,2.75158e+12,159397,51,17.0225,17,0.0659961
749,1.80144e+16,2.01e+13,160586,54,17.127,17,0.0640872
750,3.60288e+16,3.69016e+13,88869.7,55,16.3936,16,0.0632014
751,1.75922e+13,1.40051e+11,56349.8,44,15.3477,15,0.0650022
752,4.5036e+15,5.18461e+12,84199.3,52,15.6396,16,0.0651221
753,2.81475e+14,5.84236e+11,289692,48,16.8906,18,0.0680578
754,4.5036e+15,5.71192e+12,93393.5,52,16.3096,16,0.0645556
755,5.6295e+14,1.14732e+12,159067,49,17.0615,17,0.0665526
756,1.1259e+15,2.71105e+12,92901,50,16.7295,16,0.0658024
757,2.2518e+15,4.00879e+12,92525.7,51,16.5127,16,0.0662949
758,4.61169e+18,4.50683e+15,160122,62,17.4219,17,0.0671686
759,5.76461e+17,5.93484e+14,1.08738e+06,59,19.3311,20,0.0733717
760,7.20576e+16,1.08923e+14,4.24526e+06,56,20.874,22,0.078443
761,1.15292e+18,1.43641e+15,2.13959e+06,60,19.4941,21,0.0743977
762,1.80144e+16,5.20525e+13,2.13913e+06,54,19.708,21,0.074068
763,9.0072e+15,1.89002e+13,1.09189e+06,53,19.3643,20,0.0756277
764,5.76461e+17,5.85209e+14,2.14271e+06,59,20.1162,21,0.0779987
765,7.20576e+16,7.62478e+13,1.08859e+06,56,18.5664,20,0.0724702
766,5.76461e+17,6.28698e+14,4.24752e+06,59,20.7178,22,0.0794681
767,2.8823e+17,3.37434e+14,1.09067e+06,58,19.293,20,0.0757486
768,2.2518e+15,9.07248e+12,90975.9,51,16.8828,16,0.0654624
769,2.8823e+17,4.58279e+14,561306,58,18.9531,19,0.0723835
770,9.0072e+15,3.34751e+13,2.14658e+06,53,19.8643,21,0.0750802
771,7.20576e+16,8.57803e+13,2.14059e+06,56,19.5186,21,0.0744913
772,1.44115e+17,1.82702e+14,563631,57,18.8164,19,0.0717184
773,1.80144e+16,2.31327e+13,161566,54,18.2773,17,0.0691836
774,7.20576e+16,8.51889e+13,2.14153e+06,56,19.8359,21,0.0748827
775,1.84467e+19,1.91587e+16,1.09241e+06,64,19.5498,20,0.0722886
776,5.76461e+17,6.38379e+14,2.13974e+06,59,19.457,21,0.0749321
777,3.60288e+16,5.45781e+13,8.43621e+06,55,20.4639,23,0.0757839
778,1.80144e+16,5.00235e+13,1.08868e+06,54,19.0479,20,0.0729915
779,5.76461e+17,8.21175e+14,4.24742e+06,59,20.416,22,0.0764195
780,1.15292e+18,1.35207e+15,1.6835e+07,60,22.0098,24,0.0818838
781,1.15292e+18,1.41878e+15,1.68308e+07,60,21.957,24,0.0805815
782,1.80144e+16,4.12471e+13,1.68324e+07,54,21.583,24,0.0811999
783,3.60288e+16,4.93144e+13,8.44174e+06,55,20.7412,23,0.0753878
784,1.44115e+17,1.62202e+14,8.44191e+06,57,20.3896,23,0.0767803
785,3.60288e+16,7.35369e+13,4.24577e+06,55,20.1484,22,0.0746429
786,5.76461e+17,6.4245e+14,1.089e+06,59,19.2266,20,0.0727726
787,3.60288e+16,1.19755e+14,560970,55,18.416,19,0.0692217
788,3.60288e+16,5.06019e+13,2.14456e+06,55,19.1641,21,0.0716751
789,2.30584e+18,3.83013e+15,1.09128e+06,61,19.3291,20,0.0735736
790,1.44115e+17,1.81321e+14,1.09031e+06,57,18.8291,20,0.0709738
791,4.61169e+18,4.54726e+15,558777,62,18.2227,19,0.0698038
792,7.20576e+16,1.61745e+14,1.09232e+06,56,19.3857,20,0.0700587
793,1.80144e+16,3.12069e+13,299750,54,18.1318,18,0.0708388
794,1.18059e+21,1.15577e+18,1.0885e+06,70,18.3545,20,0.0677409
795,1.44115e+17,1.80557e+14,2.1429e+06,57,19.0566,21,0.0696783
796,1.15292e+18,1.7275e+15,2.14752e+06,60,19.9375,21,0.0739722
797,3.60288e+16,6.98447e+13,4.24329e+06,55,20.3359,22,0.0758778
798,5.76461e+17,6.63814e+14,2.14498e+06,59,19.2168,21,0.0720386
799,5.76461e+17,5.79113e+14,4.24622e+06,59,20.1328,22,0.0767543
800,4.5036e+15,1.42166e+13,293513,52,18.1719,18,0.0697153
801,1.80144e+16,4.10937e+13,159067,54,17.1689,17,0.0631606
802,7.20576e+16,1.59082e+14,161463,56,17.4854,17,0.0657745
803,7.20576e+16,1.14472e+14,88590,56,16.6152,16,0.0649522
804,2.8823e+17,4.2458e+14,162216,58,18.0146,17,0.0649917
805,3.60288e+16,9.54275e+13,291258,55,17.4033,18,0.0640689
806,3.60288e+16,8.71844e+13,93876.6,55,17.1709,16,0.0655685
807,2.8823e+17,3.42924e+14,56407.1,58,16.5273,15,0.062119
808,5.76461e+17,6.02965e+14,291841,59,17.7266,18,0.0668841
809,3.60288e+16,8.15652e+13,4.23973e+06,55,19.7217,22,0.0757136
810,5.76461e+17,8.95097e+14,2.14104e+06,59,19.5059,21,0.0745654
811,1.15292e+18,1.40004e+15,1.08896e+06,60,19.3369,20,0.0722629
812,3.60288e+16,1.14781e+14,562829,55,18.335,19,0.0707521
813,7.20576e+16,8.57328e+13,1.08799e+06,56,18.7998,20,0.0706914
814,4.61169e+18,6.96287e+15,2.14198e+06,62,19.3271,21,0.0728035
815,9.0072e+15,2.79214e+13,561764,53,18.5303,19,0.0694193
816,4.61169e+18,4.52617e+15,162418,62,18.001,17,0.0693825
817,2.8823e+17,5.01393e+14,2.14009e+06,58,19.0225,21,0.0696844
818,1.15292e+18,1.3747e+15,2.14019e+06,60,19.751,21,0.0730819
819,1.44115e+17,1.6346e+14,2.14237e+06,57,19.1895,21,0.0725453
820,2.30584e+18,2.99199e+15,2.1439e+06,61,19.2393,21,0.0724176
821,2.30584e+18,3.47201e+15,562177,61,17.9326,19,0.0676485
822,3.68935e+19,3.61981e+16,2.14309e+06,65,19.4277,21,0.072712
823,7.20576e+16,2.10144e+14,8.44419e+06,56,21.1777,23,0.0768627
824,2.8823e+17,3.95591e+14,4.2449e+06,58,19.915,22,0.0752966
825,2.30584e+18,2.39944e+15,8.43899e+06,61,20.7988,23,0.0774643
826,1.15292e+18,2.51241e+15,3.36137e+07,60,23.2979,25,0.0870111
827,4.61169e+18,5.76082e+15,1.68369e+07,62,22.9365,24,0.0869955
828,2.8823e+17,6.74066e+14,1.68394e+07,58,23.4287,24,0.0882603
829,1.44115e+17,3.47134e+14,1.68335e+07,57,22.5049,24,0.0860568
830,7.20576e+16,2.38524e+14,1.68319e+07,56,22.3643,24,0.0829501
831,1.80144e+16,5.55951e+13,4.24407e+06,54,20.6133,22,0.0792981
832,1.80144e+16,8.9326e+13,8.4432e+06,54,21.6982,23,0.0825932
833,1.44115e+17,1.86022e+14,4.24791e+06,57,21.249,22,0.0789054
834,4.61169e+18,4.57393e+15,8.44118e+06,62,21.6182,23,0.0795869
835,1.80144e+16,8.12897e+13,1.68277e+07,54,21.3389,24,0.0840883
836,1.15292e+18,1.71886e+15,4.23762e+06,60,20.2988,22,0.0765114
837,2.30584e+18,2.31685e+15,8.43881e+06,61,21.25,23,0.080343
838,1.44115e+17,2.97269e+14,1.68343e+07,57,22.6055,24,0.0847589
839,2.8823e+17,5.02609e+14,4.2426e+06,58,21.0156,22,0.0821654
840,3.60288e+16,5.94881e+13,8.44118e+06,55,21.4805,23,0.0823692
841,2.30584e+18,2.5931e+15,8.44231e+06,61,21.46,23,0.0814863
842,3.60288e+16,1.05772e+14,2.14618e+06,55,20.7021,21,0.0765513
843,1.15292e+18,1.46794e+15,4.24077e+06,60,20.6787,22,0.0764153
844,1.44115e+17,3.59687e+14,2.14563e+06,57,20.7588,21,0.075748
845,1.44115e+17,3.5073e+14,2.143e+06,57,20.6689,21,0.0800823
846,2.30584e+18,5.8432e+15,4.24033e+06,61,21.1543,22,0.0801577
847,1.84467e+19,2.39609e+16,2.14168e+06,64,20.3154,21,0.0776079
848,4.61169e+18,4.88248e+15,8.44485e+06,62,22.0459,23,0.0817263
849,1.47574e+20,1.4591e+17,8.44441e+06,67,21.9219,23,0.0829408
850,1.15292e+18,1.21777e+15,3.36171e+07,60,23.2842,25,0.0925933
851,1.44115e+17,3.76012e+14,1.68398e+07,57,22.9395,24,0.0922985
852,2.8823e+17,6.8913e+14,4.24617e+06,58,20.7285,22,0.0796891
853,7.20576e+16,1.20567e+14,4.24727e+06,56,21.3467,22,0.0799984
854,5.76461e+17,1.01351e+15,1.68343e+07,59,22.4023,24,0.0868613
855,1.15292e+18,1.77616e+15,1.6837e+07,60,22.2178,24,0.0885613
856,2.8823e+17,7.45641e+14,8.44397e+06,58,21.4668,23,0.0824453
857,1.15292e+18,1.28473e+15,4.24028e+06,60,20.3242,22,0.0810358
858,7.20576e+16,3.23514e+14,563472,56,19.0088,19,0.0786783
859,7.3787e+19,7.33081e+16,1.09271e+06,66,19.6494,20,0.0772294
860,3.60288e+16,1.26119e+14,2.14475e+06,55,20.2646,21,0.0809075
861,4.61169e+18,5.5876e+15,2.143e+06,62,20.1729,21,0.0777866
862,1.15292e+18,2.00836e+15,4.24334e+06,60,20.7295,22,0.083665
863,1.80144e+16,5.44306e+13,2.14433e+06,54,19.9443,21,0.0767438
864,3.60288e+16,9.95919e+13,4.24185e+06,55,20.4199,22,0.0787345
865,1.80144e+16,6.60586e+13,2.14386e+06,54,20.1455,21,0.082154
866,1.84467e+19,1.81309e+16,2.14414e+06,64,19.999,21,0.0776754
867,2.8823e+17,6.05823e+14,1.68331e+07,58,22.7168,24,0.0862389
868,7.3787e+19,7.2115e+16,2.13994e+06,66,20.5225,21,0.0804891
869,1.44115e+17,2.84156e+14,1.09128e+06,57,19.8535,20,0.0782529
870,4.61169e+18,4.62486e+15,294388,62,18.4746,18,0.0743621
871,1.15292e+18,1.18018e+15,1.68318e+07,60,22.1221,24,0.0841349
872,1.44115e+17,2.64088e+14,8.43992e+06,57,20.9951,23,0.080728
873,9.22337e+18,9.31762e+15,4.23406e+06,63,20.3828,22,0.0790103
874,1.44115e+17,1.86717e+14,1.08986e+06,57,19.7256,20,0.077859
875,1.15292e+18,1.62236e+15,2.13112e+06,60,20.5234,21,0.0794802
876,1.1259e+15,5.83834e+12,1.09022e+06,50,19.4268,20,0.07505
877,1.80144e+16,3.48576e+13,2.14054e+06,54,20.0977,21,0.0769354
878,1.80144e+16,4.57764e+13,8.43728e+06,54,21.4736,23,0.0807955
879,5.76461e+17,7.68082e+14,4.24612e+06,59,20.9258,22,0.0807705
880,2.30584e+18,2.41319e+15,4.24505e+06,61,21.0645,22,0.0803049
881,3.60288e+16,9.0974e+13,8.44479e+06,55,21.9189,23,0.0842943
882,2.8823e+17,3.78452e+14,4.24727e+06,58,20.8447,22,0.0796099
883,5.76461e+17,1.47526e+15,1.68384e+07,59,21.8428,24,0.0807462
884,3.60288e+16,9.05614e+13,1.09383e+06,55,19.7646,20,0.0752205
885,9.0072e+15,4.41266e+13,2.14348e+06,53,19.75,21,0.0763973
886,5.76461e+17,6.29585e+14,162351,59,18.2578,17,0.0690298
887,3.60288e+16,6.55387e+13,563472,55,19.7871,19,0.0741344
888,1.80144e+16,3.58817e+13,163731,54,18.2383,17,0.0723255
889,2.8823e+17,4.72153e+14,298081,58,18.6689,18,0.069895
890,2.8823e+17,3.08386e+14,2.14338e+06,58,20.1338,21,0.0743621
891,7.20576e+16,8.59986e+13,1.08817e+06,56,19.8652,20,0.0753366
892,1.80144e+16,2.86376e+13,296877,54,18.1123,18,0.0694381
893,1.15292e+18,1.29687e+15,1.09013e+06,60,19.3857,20,0.0722651
894,2.8823e+17,4.34834e+14,2.14338e+06,58,20.3818,21,0.0757367
895,4.61169e+18,5.24709e+15,2.14725e+06,62,20.6514,21,0.0759491
896,9.22337e+18,9.76008e+15,565260,63,19.7021,19,0.0742128
897,1.84467e+19,2.0404e+16,1.68369e+07,64,21.6709,24,0.0857217
898,2.95148e+20,2.88651e+17,2.14232e+06,68,20.2861,21,0.0751953
899,5.76461e+17,1.21394e+15,1.68377e+07,59,22.3936,24,0.0826889
900,2.8823e+17,4.15838e+14,4.24556e+06,58,21.1777,22,0.081631
901,9.0072e+15,2.73045e+13,1.09093e+06,53,20.4795,20,0.0752586
902,4.61169e+18,4.68997e+15,4.24028e+06,62,20.8779,22,0.0798041
903,1.80144e+16,5.55938e+13,6.71802e+07,54,23.4219,26,0.089185
904,2.8823e+17,3.31099e+14,8.43968e+06,58,21.3447,23,0.0801955
905,4.61169e+18,6.86346e+15,4.24391e+06,62,21.0781,22,0.08035
906,1.15292e+18,1.2664e+15,8.44843e+06,60,21.4883,23,0.0829181
907,2.30584e+18,3.02374e+15,4.24567e+06,61,21.9268,22,0.0824736
908,5.76461e+17,1.34211e+15,2.14266e+06,59,21.1631,21,0.0798025
909,4.61169e+18,4.75841e+15,1.0904e+06,62,20.0439,20,0.0785381
910,4.5036e+15,1.91013e+13,2.14114e+06,52,20.6758,21,0.0786781
911,7.20576e+16,1.00124e+14,1.09049e+06,56,19.9492,20,0.0775605
912,9.44473e+21,9.22424e+18,2.14599e+06,73,20.3994,21,0.0757613
913,4.61169e+18,4.70859e+15,2.14183e+06,62,20.3613,21,0.0755878
914,7.3787e+19,7.23792e+16,2.14328e+06,66,20.7705,21,0.0764187
915,3.60288e+16,4.24038e+13,560334,55,18.9922,19,0.0702286
916,7.3787e+19,8.15363e+16,4.24677e+06,66,21.4092,22,0.0806033
917,4.61169e+18,4.78196e+15,3.36151e+07,62,22.834,25,0.08631
918,1.84467e+19,2.0508e+16,3.36199e+07,64,23.5713,25,0.0870085
919,1.15292e+18,2.02092e+15,1.34289e+08,60,25.3652,27,0.0944936
920,1.15292e+18,2.78098e+15,6.71785e+07,60,24.4727,26,0.0936785
921,2.30584e+18,4.66023e+15,1.34284e+08,61,24.5273,27,0.0920544
922,1.47574e+20,1.4429e+17,6.71816e+07,67,24.5107,26,0.0907893
923,4.61169e+18,7.10103e+15,1.68351e+07,62,22.2832,24,0.0818313
924,3.68935e+19,3.65284e+16,3.3611e+07,65,22.9531,25,0.0856124
925,2.8823e+17,9.31001e+14,6.71817e+07,58,24.4404,26,0.093751
926,2.8823e+17,5.59815e+14,6.71714e+07,58,24.0029,26,0.0910526
927,1.15292e+18,1.89148e+15,6.71779e+07,60,24.4873,26,0.0918992
928,1.15292e+18,1.95292e+15,3.36212e+07,60,23.666,25,0.0931445
929,9.22337e+18,1.18907e+16,6.7173e+07,63,23.8477,26,0.0909742
930,7.20576e+16,2.06345e+14,6.71775e+07,56,23.5762,26,0.0899933
931,2.8823e+17,5.02049e+14,6.71785e+07,58,23.6338,26,0.0890005
932,7.20576e+16,3.50128e+14,1.34292e+08,56,25.1816,27,0.0945528
933,1.15292e+18,1.97962e+15,3.36119e+07,60,23.2012,25,0.0916634
934,2.30584e+18,4.13426e+15,4.24249e+06,61,21.2471,22,0.0851855
935,1.44115e+17,3.08033e+14,1.68373e+07,57,22.1826,24,0.0856586
936,3.60288e+16,1.44445e+14,6.71818e+07,55,23.7617,26,0.0899475
937,3.60288e+16,9.67811e+13,6.71758e+07,55,23.3232,26,0.0879684
938,9.22337e+18,1.40539e+16,3.36185e+07,63,22.9785,25,0.0884326
939,7.20576e+16,1.10845e+14,6.71778e+07,56,23.876,26,0.0921869
940,4.61169e+18,6.0406e+15,1.34288e+08,62,24.2188,27,0.0951937
941,5.76461e+17,1.13083e+15,1.34292e+08,59,25.0654,27,0.0960999
942,2.8823e+17,8.21587e+14,6.71817e+07,58,23.8047,26,0.0916092
943,1.44115e+17,5.00666e+14,3.36155e+07,57,22.418,25,0.0875327
944,4.61169e+18,4.64126e+15,1.68399e+07,62,22.2412,24,0.0848173
945,2.8823e+17,6.02994e+14,1.34291e+08,58,25.3818,27,0.0943447
946,1.15292e+18,1.53687e+15,1.34286e+08,60,25.1982,27,0.0933615
947,2.30584e+18,2.38841e+15,6.7175e+07,61,23.2734,26,0.0859986
948,5.76461e+17,8.13273e+14,1.34291e+08,59,25.3613,27,0.0936587
949,5.76461e+17,8.97316e+14,3.36216e+07,59,23.2051,25,0.0868129
950,1.84467e+19,2.28499e+16,3.36233e+07,64,23.4268,25,0.0881016
951,7.3787e+19,7.351e+16,6.71818e+07,66,25.0664,26,0.0915545
952,1.15292e+18,1.31957e+15,1.34291e+08,60,25.4541,27,0.0962715
953,9.22337e+18,1.01955e+16,6.71822e+07,63,24.6904,26,0.0897072
954,2.30584e+18,2.56049e+15,8.44292e+06,61,21.0674,23,0.0787386
955,1.44115e+17,1.55382e+14,8.44853e+06,57,21.7979,23,0.0818652
956,2.8823e+17,5.22879e+14,6.71746e+07,58,23.4004,26,0.0877324
957,1.44115e+17,3.53495e+14,6.71765e+07,57,24.0586,26,0.0868977
958,5.76461e+17,1.19894e+15,3.36155e+07,59,22.5674,25,0.0832836
959,1.15292e+18,2.75996e+15,3.36194e+07,60,23.082,25,0.0844681
960,2.30584e+18,2.74222e+15,3.3618e+07,61,22.707,25,0.0866543
961,3.60288e+16,5.12141e+13,3.36213e+07,55,22.6992,25,0.0835964
962,9.22337e+18,9.15086e+15,3.36136e+07,63,22.1846,25,0.0922853
963,1.47574e+20,1.44375e+17,6.71758e+07,67,23.4561,26,0.0990119
964,5.76461e+17,9.84577e+14,1.68369e+07,59,22.6523,24,0.0840173
965,4.61169e+18,4.67825e+15,1.6838e+07,62,22.2754,24,0.082185
966,2.8823e+17,4.88826e+14,1.68395e+07,58,22.2207,24,0.082057
967,3.68935e+19,3.72299e+16,3.36167e+07,65,22.9209,25,0.0893312
968,2.8823e+17,5.86948e+14,4.2494e+06,58,20.4238,22,0.0791926
969,7.3787e+19,7.23127e+16,4.24657e+06,66,20.6025,22,0.0789821
970,5.90296e+20,5.7708e+17,4.24815e+06,69,20.1064,22,0.0794404
971,3.68935e+19,3.74219e+16,89355,65,16.8701,16,0.0664285
972,7.20576e+16,1.0792e+14,157493,56,16.9717,17,0.0678583
973,2.8823e+17,3.40913e+14,2.14433e+06,58,19.5752,21,0.0732835
974,5.76461e+17,9.68101e+14,1.68321e+07,59,21.8193,24,0.0814254
975,1.44115e+17,2.71352e+14,4.24495e+06,57,20.4209,22,0.0771724
976,3.68935e+19,3.69551e+16,4.23946e+06,65,19.9746,22,0.0763137
977,2.95148e+20,3.24401e+17,8.44688e+06,68,21.4941,23,0.0816597
978,1.15292e+18,2.796e+15,4.24355e+06,60,20.457,22,0.0796069
979,1.44115e+17,2.37808e+14,1.68359e+07,57,21.9912,24,0.0849627
980,4.61169e+18,4.69895e+15,1.09004e+06,62,19.4707,20,0.0738182
981,2.30584e+18,2.28541e+15,4.24061e+06,61,19.9941,22,0.0767976
982,7.20576e+16,1.78878e+14,3.36214e+07,56,22.7607,25,0.0881017
983,4.61169e+18,5.67358e+15,8.44208e+06,62,20.9648,23,0.0799362
984,2.30584e+18,6.20538e+15,6.7172e+07,61,23.4326,26,0.0876216
985,2.30584e+18,3.04004e+15,3.36176e+07,61,22.8086,25,0.0862601
986,1.44115e+17,3.35823e+14,3.3623e+07,57,22.502,25,0.0872323
987,3.60288e+16,1.21933e+14,1.68378e+07,55,21.1777,24,0.0829559
988,1.15292e+18,1.65183e+15,3.36164e+07,60,22.207,25,0.086371
989,5.76461e+17,7.15697e+14,3.36125e+07,59,21.4766,25,0.0822218
990,2.30584e+18,2.52524e+15,6.71807e+07,61,23.8369,26,0.0897342
991,1.15292e+18,1.43863e+15,1.68417e+07,60,22.1689,24,0.0887508
992,9.22337e+18,9.90246e+15,3.36196e+07,63,22.9336,25,0.0905149
993,2.8823e+17,8.08993e+14,1.3428e+08,58,23.7354,27,0.0927011
994,1.15292e+18,3.34549e+15,3.3619e+07,60,22.7656,25,0.0891675
995,1.18059e+21,1.72987e+18,1.68351e+07,70,21.9648,24,0.0852381
996,9.22337e+18,1.06753e+16,3.36154e+07,63,22.3369,25,0.0858937
997,5.76461e+17,8.32138e+14,1.34292e+08,59,24.7764,27,0.0938642
998,2.8823e+17,8.57435e+14,1.34289e+08,58,24.1436,27,0.0967839
999,3.68935e+19,3.85833e+16,1.6835e+07,65,21.957,24,0.0851747
1000,1.84467e+19,1.85973e+16,6.71789e+07,64,23.3799,26,0.0873604
1001,9.22337e+18,1.02006e+16,3.36198e+07,63,21.7373,25,0.085629
1002,4.61169e+18,5.13933e+15,1.6834e+07,62,20.8975,24,0.0797944
1003,1.84467e+19,1.87099e+16,1.34289e+08,64,23.6982,27,0.091932
1004,2.8823e+17,4.66148e+14,1.3428e+08,58,23.5859,27,0.0907126
1005,1.15292e+18,2.83607e+15,3.36213e+07,60,22.5762,25,0.0885107
1006,1.84467e+19,3.8009e+16,1.34286e+08,64,23.8125,27,0.0929845
1007,2.30584e+18,2.90706e+15,6.71773e+07,61,23.3525,26,0.0901652
1008,3.68935e+19,3.66989e+16,6.71708e+07,65,22.9131,26,0.0851025
1009,7.20576e+16,1.69674e+14,3.36147e+07,56,22.1104,25,0.0855455
1010,1.15292e+18,2.93929e+15,6.71781e+07,60,23.5146,26,0.0916236
1011,4.61169e+18,5.80562e+15,3.36262e+07,62,23.127,25,0.0906135
1012,2.8823e+17,3.36341e+14,1.68386e+07,58,22.5361,24,0.0875215
1013,4.61169e+18,1.85022e+16,1.34297e+08,62,25.3467,27,0.0953794
1014,1.47574e+20,1.47228e+17,6.71739e+07,67,23.375,26,0.0892981
1015,5.76461e+17,1.33061e+15,6.7176e+07,59,24.4385,26,0.092344
1016,7.20576e+16,2.96377e+14,3.36239e+07,56,23.5605,25,0.0907703
1017,5.90296e+20,5.77447e+17,6.71775e+07,69,24.0391,26,0.0926006
1018,1.84467e+19,1.96708e+16,3.36172e+07,64,23.3154,25,0.0914771
1019,2.30584e+18,4.59305e+15,1.3429e+08,61,24.6689,27,0.0964726
1020,1.44115e+17,4.17437e+14,1.68387e+07,57,22.0732,24,0.0884518
1021,2.30584e+18,5.22966e+15,3.36202e+07,61,23.4141,25,0.0898909
1022,7.20576e+16,3.35122e+14,6.71793e+07,56,23.9502,26,0.0940067
1023,1.84467e+19,2.28447e+16,6.71729e+07,64,23.1602,26,0.0907574
1024,2.8823e+17,8.13355e+14,1.68356e+07,58,22.5146,24,0.0857929
1025,2.30584e+18,4.32801e+15,1.34293e+08,61,25.0547,27,0.0963693
1026,2.8823e+17,4.18123e+14,6.7175e+07,58,23.3184,26,0.0888577
1027,5.76461e+17,8.19747e+14,1.68355e+07,59,21.5381,24,0.0837254
1028,3.68935e+19,3.69483e+16,6.71765e+07,65,23.2617,26,0.0898252
1029,1.84467e+19,1.85932e+16,3.36155e+07,64,22.9619,25,0.0893484
1030,1.84467e+19,2.42064e+16,3.36178e+07,64,21.9678,25,0.0844367
1031,1.47574e+20,1.53614e+17,3.36155e+07,67,21.9297,25,0.0843472
1032,1.18059e+21,1.16351e+18,6.7184e+07,70,23.3896,26,0.0912577
1033,3.68935e+19,3.68557e+16,3.36202e+07,65,22.0254,25,0.0864239
1034,9.22337e+18,1.69296e+16,5.36948e+08,63,25.8564,29,0.0996177
1035,1.44115e+17,3.66487e+14,3.36235e+07,57,22.7959,25,0.0879655
1036,1.84467e+19,2.10905e+16,1.68372e+07,64,21.9893,24,0.0871987
1037,1.84467e+19,1.81082e+16,159251,64,17.5703,17,0.0702548
1038,4.61169e+18,5.26938e+15,6.71745e+07,62,23.8457,26,0.0920895
1039,1.47574e+20,1.55623e+17,3.36239e+07,67,23.29,25,0.0910466
1040,7.3787e+19,9.29665e+16,6.71786e+07,66,24.9727,26,0.0977617
1041,2.8823e+17,7.58797e+14,6.71807e+07,58,24.3799,26,0.0917115
1042,5.76461e+17,1.28742e+15,6.71756e+07,59,23.2871,26,0.0884699
1043,1.44115e+17,2.80576e+14,3.36209e+07,57,22.6387,25,0.0894273
1044,2.8823e+17,4.35318e+14,6.71763e+07,58,23.3398,26,0.0895915
1045,2.8823e+17,4.61341e+14,3.36181e+07,58,22.0859,25,0.0882785
1046,7.3787e+19,8.14083e+16,8.44517e+06,66,20.7041,23,0.0797624
1047,1.15292e+18,2.04891e+15,3.36166e+07,60,22.5928,25,0.0871244
1048,1.15292e+18,1.25997e+15,8.44197e+06,60,20.7021,23,0.0789774
1049,1.15292e+18,2.16885e+15,6.71705e+07,60,23.0547,26,0.0913638
1050,1.15292e+18,2.60019e+15,8.44403e+06,60,21.1309,23,0.0839235
1051,4.61169e+18,5.46353e+15,1.68374e+07,62,21.8418,24,0.0862753
1052,1.84467e+19,4.55188e+16,1.3429e+08,64,24.0752,27,0.0933719
1053,5.76461e+17,9.79605e+14,8.44259e+06,59,21.3779,23,0.0828123
1054,4.72237e+21,4.61429e+18,1.34291e+08,72,24.7891,27,0.0967029
1055,3.68935e+19,4.61918e+16,1.34298e+08,65,25.8184,27,0.0970056
1056,2.95148e+20,2.99505e+17,6.71794e+07,68,23.9404,26,0.0943218
1057,2.36118e+21,2.46143e+18,1.34286e+08,71,23.7773,27,0.0922074
1058,9.22337e+18,1.3893e+16,1.34292e+08,63,25.292,27,0.0980584
1059,5.76461e+17,1.37164e+15,2.68513e+08,59,25.8369,28,0.0986844
1060,2.30584e+18,4.88345e+15,3.36195e+07,61,23.4707,25,0.0907641
1061,1.84467e+19,2.06793e+16,3.36188e+07,64,23.8154,25,0.0905728
1062,1.84467e+19,2.48231e+16,6.71799e+07,64,24.1709,26,0.0938673
1063,5.76461e+17,1.93061e+15,1.68358e+07,59,22.1768,24,0.0858401
1064,2.95148e+20,2.90858e+17,3.36111e+07,68,23.1748,25,0.0889408
1065,3.68935e+19,3.67811e+16,1.34298e+08,65,24.7637,27,0.0940355
1066,3.68935e+19,3.61617e+16,6.71712e+07,65,22.6768,26,0.0883592
1067,5.76461e+17,1.33984e+15,6.71795e+07,59,23.1338,26,0.0901588
1068,4.61169e+18,5.53464e+15,1.3429e+08,62,24.0674,27,0.0919163
1069,1.47574e+20,1.84356e+17,5.36952e+08,67,26.1719,29,0.101009
1070,9.22337e+18,1.58468e+16,1.34299e+08,63,25.0039,27,0.0974661
1071,9.22337e+18,1.93201e+16,1.34299e+08,63,24.4102,27,0.0937037
1072,3.68935e+19,3.72175e+16,6.71781e+07,65,22.9297,26,0.093314
1073,5.90296e+20,6.14758e+17,5.36946e+08,69,26.1885,29,0.0988673
1074,1.51116e+23,1.47578e+20,5.36957e+08,77,27.6436,29,0.105119
1075,9.22337e+18,2.42989e+16,2.68512e+08,63,24.4697,28,0.0960876
1076,3.68935e+19,3.65457e+16,6.71801e+07,65,23.7207,26,0.0939299
1077,9.22337e+18,1.79872e+16,5.3695e+08,63,26.3057,29,0.104116
1078,1.84467e+19,1.84094e+16,6.71724e+07,64,23.7881,26,0.095327
1079,1.47574e+20,1.45734e+17,1.34292e+08,67,23.2656,27,0.0931511
1080,4.61169e+18,5.51854e+15,5.36955e+08,62,26.4268,29,0.103759
1081,4.61169e+18,5.04199e+15,1.34294e+08,62,24.9053,27,0.0977131
1082,2.30584e+18,3.47785e+15,1.34296e+08,61,24.7266,27,0.0996318
1083,1.18059e+21,1.2996e+18,1.34287e+08,70,24.624,27,0.0995795
1084,9.22337e+18,1.13234e+16,1.68413e+07,63,23.4443,24,0.091403
1085,1.47574e+20,1.46488e+17,3.3621e+07,67,22.8945,25,0.0933477
1086,2.95148e+20,2.99516e+17,1.34287e+08,68,23.9844,27,0.0978486
1087,5.76461e+17,1.4638e+15,1.34283e+08,59,24.3145,27,0.0978235
1088,2.30584e+18,3.83667e+15,1.68403e+07,61,22.2588,24,0.0886544
1089,2.95148e+20,2.9047e+17,4.24329e+06,68,21.251,22,0.0848593
1090,1.15292e+18,2.61076e+15,1.34293e+08,60,23.8369,27,0.0944648
1091,1.84467e+19,2.10839e+16,6.71735e+07,64,22.6855,26,0.0897794
1092,1.44115e+17,6.44381e+14,3.36142e+07,57,21.7607,25,0.0873625
1093,9.22337e+18,1.57253e+16,2.14242e+06,63,20.5312,21,0.0828681
1094,2.30584e+18,4.45229e+15,6.71768e+07,61,23.5215,26,0.0950294
1095,3.68935e+19,4.41417e+16,1.34288e+08,65,24.5889,27,0.0949725
1096,1.44115e+17,2.70405e+14,6.71738e+07,57,24.0439,26,0.0936797
1097,5.76461e+17,1.63668e+15,6.71761e+07,59,23.4678,26,0.0934329
1098,5.76461e+17,1.52589e+15,6.7183e+07,59,23.9941,26,0.103075
1099,2.30584e+18,3.05983e+15,1.34291e+08,61,23.8193,27,0.0932763
1100,2.30584e+18,2.5031e+15,6.71788e+07,61,24.3643,26,0.0929545
1101,4.61169e+18,5.79435e+15,8.44474e+06,62,21.2012,23,0.0838635
1102,2.95148e+20,3.06493e+17,3.362e+07,68,22.5176,25,0.088625
1103,5.90296e+20,6.48571e+17,3.36133e+07,69,21.8457,25,0.0856391
1104,4.61169e+18,5.17259e+15,1.68343e+07,62,21.8057,24,0.0846965
1105,4.61169e+18,5.06498e+15,4.23453e+06,62,19.7559,22,0.0764538
1106,9.22337e+18,1.8432e+16,4.24607e+06,63,20.4238,22,0.0783195
1107,1.88895e+22,1.84618e+19,8.44135e+06,74,21.0088,23,0.082398
1108,2.36118e+21,2.56105e+18,4.25011e+06,71,21.9307,22,0.0871308
1109,5.76461e+17,1.45549e+15,1.09194e+06,59,20.5645,20,0.0833461
1110,4.61169e+18,5.26216e+15,4.23995e+06,62,20.873,22,0.0826769
1111,7.3787e+19,8.19019e+16,3.36178e+07,66,23.1582,25,0.0938968
1112,2.8823e+17,7.26005e+14,1.68379e+07,58,22.0771,24,0.086855
1113,9.22337e+18,1.24028e+16,1.68311e+07,63,22.6289,24,0.0887581
1114,4.61169e+18,1.24953e+16,6.71745e+07,62,23.3857,26,0.0935689
1115,1.15292e+18,1.39722e+15,3.36235e+07,60,24.0098,25,0.0949077
1116,1.15292e+18,2.24296e+15,1.0912e+06,60,21.0605,20,0.0851198
1117,3.60288e+16,1.72617e+14,3.36183e+07,55,23.1543,25,0.0944059
1118,1.15292e+18,2.18731e+15,1.34288e+08,60,24.6436,27,0.0959547
1119,2.8823e+17,8.11545e+14,6.71777e+07,58,24.9316,26,0.0972481
1120,2.30584e+18,2.70709e+15,6.7169e+07,61,23.9443,26,0.0926255
1121,2.8823e+17,7.06581e+14,3.36191e+07,58,22.8926,25,0.0917232
1122,7.3787e+19,1.18485e+17,1.68381e+07,66,22.2695,24,0.0869476
1123,1.15292e+18,1.28503e+15,1.68388e+07,60,22.0684,24,0.0876154
1124,2.8823e+17,3.53976e+14,1.68348e+07,58,22.0654,24,0.0874721
1125,5.76461e+17,1.11607e+15,8.43787e+06,59,21.7266,23,0.086639
1126,2.30584e+18,2.49606e+15,1.68333e+07,61,21.9355,24,0.0857843
1127,2.30584e+18,2.42215e+15,3.36194e+07,61,22.7529,25,0.0928829
1128,1.15292e+18,2.59115e+15,6.7175e+07,60,23.6973,26,0.0925137
1129,1.15292e+18,1.32166e+15,1.68342e+07,60,22.084,24,0.0887268
1130,2.95148e+20,2.88746e+17,6.71732e+07,68,23.5898,26,0.0917867
1131,9.22337e+18,9.4464e+15,1.34281e+08,63,23.8271,27,0.0918757
1132,2.95148e+20,2.98069e+17,1.684e+07,68,22.4307,24,0.0865672
1133,4.61169e+18,5.64451e+15,6.71753e+07,62,22.9121,26,0.0928148
1134,1.84467e+19,2.22777e+16,6.7171e+07,64,23.3916,26,0.0910686
1135,1.47574e+20,1.46069e+17,8.43615e+06,67,20.4004,23,0.0802738
1136,3.68935e+19,4.72414e+16,3.36258e+07,65,23.665,25,0.0906417
1137,2.30584e+18,4.439e+15,1.6837e+07,61,22.6621,24,0.0899686
1138,2.30584e+18,4.79505e+15,3.36248e+07,61,23.4531,25,0.0924921
1139,2.30584e+18,7.68965e+15,3.3618e+07,61,23.4492,25,0.094839
1140,1.84467e+19,1.92796e+16,1.68373e+07,64,22.1045,24,0.0893468
1141,9.22337e+18,1.35238e+16,3.36186e+07,63,23.0088,25,0.0925366
1142,2.30584e+18,4.04686e+15,8.43992e+06,61,21.7471,23,0.0892961
1143,1.15292e+18,2.19848e+15,8.44186e+06,60,21.3916,23,0.0844479
1144,5.76461e+17,1.61225e+15,8.44298e+06,59,21.5186,23,0.0851895
1145,1.84467e+19,1.89994e+16,8.43675e+06,64,20.6865,23,0.0880282
1146,4.61169e+18,6.74642e+15,1.68345e+07,62,22.7617,24,0.090351
1147,5.76461e+17,1.19528e+15,2.14442e+06,59,19.8662,21,0.0794848
1148,2.8823e+17,6.97062e+14,8.43957e+06,58,20.833,23,0.082514
1149,3.77789e+22,3.69153e+19,4.24505e+06,75,21.0215,22,0.0833934
1150,1.84467e+19,1.96994e+16,8.43828e+06,64,20.6689,23,0.0825721
1151,9.22337e+18,1.026e+16,1.09189e+06,63,19.1289,20,0.081458
1152,2.30584e+18,4.29998e+15,8.43261e+06,61,21.3555,23,0.0877041
1153,2.30584e+18,2.42465e+15,4.24355e+06,61,20.71,22,0.0861343
1154,2.30584e+18,2.88392e+15,4.24044e+06,61,19.7676,22,0.0859348
1155,5.90296e+20,5.7672e+17,1.09325e+06,69,19.3633,20,0.0818881
1156,1.84467e+19,1.80667e+16,561515,64,18.2246,19,0.076505
1157,1.44115e+17,3.20022e+14,4.23784e+06,57,20.0762,22,0.0849817
1158,1.15292e+18,2.17504e+15,2.13737e+06,60,18.7842,21,0.0793316
1159,1.15292e+18,1.52732e+15,1.08461e+06,60,18.3691,20,0.0772619
1160,2.30584e+18,2.32249e+15,296051,61,17.6973,18,0.0747203
1161,1.47574e+20,1.44249e+17,54966.9,67,16.4688,15,0.0709476
1162,3.68935e+19,3.69741e+16,2.13903e+06,65,19.4297,21,0.0796371
1163,2.30584e+18,4.84254e+15,1.08887e+06,61,19.1836,20,0.0846487
1164,1.51116e+23,1.47574e+20,559301,77,18.6152,19,0.0790984
1165,1.15292e+18,3.57765e+15,560163,60,18.2598,19,0.0826921
1166,4.72237e+21,4.61395e+18,562829,72,18.6094,19,0.0829314
1167,9.22337e+18,9.79505e+15,34509.6,63,16.2256,14,0.0714801
1168,2.30584e+18,3.67007e+15,33502.9,61,16.7324,14,0.0725305
1169,1.15292e+18,1.91662e+15,90909.8,60,16.5947,16,0.0715771
1170,1.44115e+17,3.82723e+14,292417,57,17.7031,18,0.0752609
1171,2.36118e+21,2.306e+18,158845,71,17.1328,17,0.0750131
1172,2.8823e+17,4.81337e+14,2.13984e+06,58,19.2266,21,0.0797614
1173,2.8823e+17,6.23592e+14,1.08905e+06,58,18.9014,20,0.0786649
1174,5.76461e+17,8.40443e+14,556636,59,17.6191,19,0.07389
1175,7.3787e+19,7.27094e+16,4.24077e+06,66,20.2979,22,0.0844146
1176,4.61169e+18,5.45845e+15,4.24412e+06,62,20.0781,22,0.0837697
1177,2.95148e+20,2.90244e+17,4.2336e+06,68,20.2393,22,0.0842552
1178,1.44115e+17,3.58949e+14,4.24006e+06,57,19.543,22,0.0824023
1179,2.8823e+17,5.54531e+14,4.23614e+06,58,19.9795,22,0.0848864
1180,2.30584e+18,2.68937e+15,1.09031e+06,61,18.3467,20,0.0783217
1181,9.22337e+18,9.53177e+15,8.43669e+06,63,21.1963,23,0.0897864
1182,2.8823e+17,8.58607e+14,1.68318e+07,58,22.0469,24,0.0896735
1183,1.84467e+19,1.91912e+16,4.23207e+06,64,19.8799,22,0.0820341
1184,1.15292e+18,2.55373e+15,1.68319e+07,60,22.6797,24,0.0934726
1185,1.84467e+19,2.71539e+16,4.25117e+06,64,21.6006,22,0.0903436
1186,5.90296e+20,5.7788e+17,2.14044e+06,69,20.1631,21,0.0844905
1187,7.20576e+16,1.48893e+14,8.43579e+06,56,20.8828,23,0.0872231
1188,2.30584e+18,2.62557e+15,2.14119e+06,61,19.6162,21,0.0826325
1189,5.76461e+17,7.00566e+14,8.43734e+06,59,21.2285,23,0.0879342
1190,1.84467e+19,1.88574e+16,1.68342e+07,64,22.0557,24,0.0905311
1191,3.68935e+19,4.57833e+16,1.68413e+07,65,22.8623,24,0.0956691
1192,4.61169e+18,6.98486e+15,4.24443e+06,62,20.2734,22,0.0851261
1193,5.76461e+17,7.29732e+14,1.68314e+07,59,21.3799,24,0.0859601
1194,1.15292e+18,2.77823e+15,3.36176e+07,60,23.1895,25,0.0941009
1195,9.44473e+21,9.23624e+18,1.68279e+07,73,21.3965,24,0.0981788
1196,2.30584e+18,7.27811e+15,2.68512e+08,61,26.4229,28,0.108618
1197,1.20893e+24,1.18061e+21,3.36154e+07,80,23.6221,25,0.0984063
1198,5.76461e+17,1.91137e+15,2.68511e+08,59,26.332,28,0.106231
1199,9.22337e+18,1.04872e+16,6.71668e+07,63,23.1553,26,0.0948786
1200,1.15292e+18,2.39291e+15,1.34279e+08,60,24.7842,27,0.101017
1201,1.47574e+20,1.46309e+17,3.36197e+07,67,22.8486,25,0.0978725
1202,3.68935e+19,4.54205e+16,1.68384e+07,65,21.1035,24,0.0883572
1203,1.47574e+20,1.46293e+17,6.71786e+07,67,23.9551,26,0.105504
1204,3.68935e+19,6.33723e+16,5.36951e+08,65,26.6826,29,0.113859
1205,2.30584e+18,9.09502e+15,1.34288e+08,61,25.4443,27,0.105475
1206,1.47574e+20,1.46064e+17,6.71733e+07,67,23.9258,26,0.0978804
1207,4.72237e+21,5.77617e+18,6.718e+07,72,24.1553,26,0.105855
1208,1.15292e+18,4.28759e+15,1.34284e+08,60,24.2754,27,0.115467
1209,1.84467e+19,2.39466e+16,3.36171e+07,64,22.9189,25,0.0976599
1210,2.41785e+24,2.36124e+21,4.24485e+06,81,21.1006,22,0.0937253
1211,1.84467e+19,2.3218e+16,3.36146e+07,64,23.0527,25,0.102708
1212,9.22337e+18,1.92519e+16,2.14044e+06,63,20.9277,21,0.0922633
1213,4.72237e+21,4.61836e+18,560844,72,19.8701,19,0.0887184
1214,1.84467e+19,2.20219e+16,6.71731e+07,64,24.9072,26,0.105303
1215,2.36118e+21,2.47803e+18,6.71752e+07,71,25.7529,26,0.108006
1216,4.61169e+18,9.38147e+15,3.36104e+07,62,23.8379,25,0.0987815
1217,1.84467e+19,3.9532e+16,6.7182e+07,64,24.4404,26,0.100881
1218,4.72237e+21,4.70761e+18,6.71754e+07,72,24.1582,26,0.0990917
1219,4.61169e+18,6.64016e+15,1.34285e+08,62,25.2422,27,0.101226
1220,1.15292e+18,1.9298e+15,3.36206e+07,60,23.4033,25,0.0964794
1221,4.61169e+18,8.07331e+15,6.71738e+07,62,24.2217,26,0.101899
1222,5.90296e+20,6.02137e+17,1.6839e+07,69,23.1367,24,0.096328
1223,5.76461e+17,1.16017e+15,6.717e+07,59,23.8633,26,0.100126
1224,1.47574e+20,1.60184e+17,6.71665e+07,67,23.7471,26,0.0966544
1225,3.68935e+19,3.67934e+16,6.71796e+07,65,24.9434,26,0.105573
1226,9.22337e+18,1.02702e+16,3.36102e+07,63,22.4922,25,0.0944897
1227,1.84467e+19,2.67799e+16,3.36126e+07,64,22.8721,25,0.0960975
1228,1.47574e+20,1.44554e+17,1.68304e+07,67,22.0723,24,0.0930407
1229,1.84467e+19,1.94803e+16,3.36088e+07,64,22.4082,25,0.0955013
1230,2.36118e+21,2.78098e+18,3.36039e+07,71,22.2285,25,0.0992404
1231,1.47574e+20,1.6703e+17,161324,67,18.8672,17,0.0871694
1232,1.47574e+20,1.81731e+17,2.13897e+06,67,20.3057,21,0.0945775
1233,5.90296e+20,6.57905e+17,289863,69,19.9961,18,0.0893517
1234,9.22337e+18,2.48394e+16,2.14324e+06,63,20.8135,21,0.0921176
1235,3.77789e+22,3.6998e+19,8.44078e+06,75,21.3594,23,0.0932043
1236,2.36118e+21,2.33879e+18,158697,71,19.2549,17,0.0861299
1237,4.61169e+18,8.11023e+15,157721,62,19.3086,17,0.0911659
1238,4.72237e+21,5.20258e+18,11013.2,72,16.5381,10,0.0812291
1239,1.84467e+19,3.1245e+16,24632.7,64,17.9229,13,0.0814088
1240,1.47574e+20,1.54735e+17,559647,67,19.9932,19,0.0927527
1241,9.44473e+21,9.26297e+18,31341.7,73,17.4473,14,0.0784928
1242,2.36118e+21,2.32479e+18,8693.38,71,15.6602,9,0.07266
1243,2.95148e+20,2.94532e+17,1.08553e+06,68,20.498,20,0.0907295
1244,4.72237e+21,4.81191e+18,1.68264e+07,72,22.8086,24,0.101819
1245,2.36118e+21,2.34862e+18,1.34283e+08,71,25.2744,27,0.116188
1246,1.88895e+22,1.84673e+19,2.68508e+08,74,25.4443,28,0.110748
1247,9.44473e+21,9.8458e+18,3.36101e+07,73,22.5391,25,0.105318
1248,7.3787e+19,1.37094e+17,1.09018e+06,66,20.8408,20,0.0993887
1249,1.18059e+21,2.32678e+18,6.71762e+07,70,24.5576,26,0.111635
1250,1.18059e+21,1.83121e+18,2.68504e+08,70,25.9072,28,0.111931
1251,3.68935e+19,6.8863e+16,1.6832e+07,65,21.9365,24,0.0986625
1252,7.55579e+22,7.38373e+19,6.71717e+07,76,24.3828,26,0.110551
1253,1.51116e+23,1.59691e+20,3.36113e+07,77,22.7021,25,0.0997689
1254,4.72237e+21,4.87452e+18,1.34281e+08,72,24.0957,27,0.106509
1255,9.44473e+21,1.39205e+19,2.68504e+08,73,26.3525,28,0.114229
1256,2.95148e+20,3.49542e+17,2.68497e+08,68,25.9512,28,0.113647
1257,1.93428e+25,1.88899e+22,3.36134e+07,84,23.8916,25,0.106631
1258,1.47574e+20,2.02325e+17,2.68507e+08,67,26.4131,28,0.116268
1259,1.18059e+21,1.7561e+18,6.71727e+07,70,24.168,26,0.108354
1260,4.72237e+21,5.87891e+18,8.43193e+06,72,22.7168,23,0.100828
1261,7.3787e+19,1.75871e+17,559906,66,20.7988,19,0.0984338
1262,1.47574e+20,1.92263e+17,2.13727e+06,67,21.9023,21,0.0989477
1263,1.47574e+20,3.25262e+17,2.14251e+06,67,22.0938,21,0.10536
1264,3.68935e+19,5.39359e+16,293029,65,19.7686,18,0.0930513
1265,4.8357e+24,5.31499e+21,8.43645e+06,82,23.5752,23,0.105079
1266,1.88895e+22,2.77961e+19,4.24126e+06,74,23.0459,22,0.103596
1267,1.18059e+21,1.17818e+18,558601,70,22.0068,19,0.105147
1268,6.04463e+23,5.90414e+20,2.13617e+06,79,21.8438,21,0.102545
1269,3.77789e+22,3.75999e+19,8.43934e+06,75,24.0098,23,0.105953
1270,6.04463e+23,5.92881e+20,290670,79,21.3066,18,0.101306
1271,4.72237e+21,6.03303e+18,8.43274e+06,72,23.8838,23,0.109041
1272,3.02231e+23,2.95697e+20,1.68256e+07,78,24.3574,24,0.111922
1273,1.18059e+21,1.9845e+18,1.68272e+07,70,24.2236,24,0.110424
1274,1.18059e+21,1.35318e+18,1.68226e+07,70,24.082,24,0.113962
1275,4.72237e+21,5.45705e+18,1.68274e+07,72,23.9512,24,0.10913
1276,5.90296e+20,8.41825e+17,3.36124e+07,69,24.834,25,0.113675
1277,1.93428e+25,1.89427e+22,4.23671e+06,84,22.6846,22,0.106123
1278,1.51116e+23,1.54579e+20,2.13129e+06,77,21.1807,21,0.100316
1279,4.72237e+21,5.12644e+18,8.43567e+06,72,22.6855,23,0.11251
1280,5.90296e+20,5.95034e+17,2.14309e+06,69,21.8477,21,0.102532
1281,9.44473e+21,9.29751e+18,8.43834e+06,73,22.7979,23,0.112218
1282,1.47574e+20,1.94454e+17,8.4303e+06,67,21.2207,23,0.103198
1283,7.3787e+19,1.09386e+17,2.13223e+06,66,21.3164,21,0.101407
1284,3.77789e+22,3.69219e+19,2.1331e+06,75,21.0664,21,0.103932
1285,7.3787e+19,1.24595e+17,149918,66,18.4033,17,0.0898878
1286,9.44473e+21,1.02898e+19,4.2379e+06,73,22.1191,22,0.107078
1287,4.72237e+21,4.81212e+18,8.44055e+06,72,23.0039,23,0.109842
1288,5.90296e+20,1.19952e+18,8.42711e+06,69,21.6191,23,0.103599
1289,3.77789e+22,3.70268e+19,8.43323e+06,75,21.6885,23,0.100335
1290,3.68935e+19,8.76374e+16,3.36119e+07,65,24.1523,25,0.109655
1291,2.36118e+21,2.43499e+18,1.68359e+07,71,23.0928,24,0.108643
1292,1.88895e+22,3.32074e+19,6.71679e+07,74,25.8359,26,0.124261
1293,5.90296e+20,1.60476e+18,8.44066e+06,69,22.9873,23,0.110067
1294,1.88895e+22,3.26956e+19,1.34287e+08,74,26.1777,27,0.125931
1295,4.72237e+21,6.09989e+18,3.36149e+07,72,24.126,25,0.117805
1296,3.68935e+19,7.36035e+16,557088,65,21.5312,19,0.10139
1297,7.55579e+22,7.39843e+19,4.2375e+06,76,22.623,22,0.113545
1298,7.3787e+19,1.05584e+17,6.71666e+07,66,25.0479,26,0.115568
1299,1.18059e+21,3.01424e+18,1.68276e+07,70,22.1523,24,0.105942
1300,1.18059e+21,1.52704e+18,8.43817e+06,70,21.9883,23,0.103379
1301,1.93428e+25,1.88989e+22,8.43323e+06,84,21.8115,23,0.107342
1302,3.86856e+25,3.77856e+22,6.71679e+07,85,24.6523,26,0.111409
1303,1.18059e+21,2.60849e+18,1.34285e+08,70,25.9795,27,0.117375
1304,5.90296e+20,9.45606e+17,1.34277e+08,69,25.6816,27,0.119892
1305,3.09485e+26,3.02241e+23,1.68328e+07,88,23.8691,24,0.108618
1306,2.36118e+21,2.47957e+18,8.44049e+06,71,22.2266,23,0.101383
1307,1.18059e+21,1.43121e+18,1.34285e+08,70,25.9053,27,0.117719
1308,1.93428e+25,1.89322e+22,3.35992e+07,84,22.5586,25,0.102294
1309,3.77789e+22,4.19199e+19,6.71795e+07,75,24.7109,26,0.115587
1310,1.18059e+21,1.35687e+18,6.71739e+07,70,24.4912,26,0.110356
1311,1.47574e+20,6.18293e+17,5.36958e+08,67,28.1104,29,0.128378
1312,4.72237e+21,5.14483e+18,1.34279e+08,72,25.1191,27,0.116954
1313,5.90296e+20,9.14878e+17,4.29506e+09,69,28.8154,32,0.129859
1314,5.90296e+20,8.30838e+17,3.36147e+07,69,24.0625,25,0.109202
1315,3.77789e+22,4.87105e+19,5.36943e+08,75,26.6641,29,0.123736
1316,7.55579e+22,1.53419e+20,8.59003e+09,76,29.2754,33,0.134616
1317,3.02231e+23,2.96123e+20,8.43506e+06,78,23.085,23,0.107348
1318,3.77789e+22,3.85978e+19,2.14756e+09,75,27.6367,31,0.12475
1319,1.18059e+21,3.17709e+18,2.68491e+08,70,27.8516,28,0.125213
1320,1.47574e+20,2.96984e+17,1.34272e+08,67,25.6494,27,0.118081
1321,4.72237e+21,4.78907e+18,6.71664e+07,72,25.6396,26,0.116107
1322,4.72237e+21,1.65768e+19,1.34283e+08,72,25.5469,27,0.113585
1323,4.72237e+21,8.10981e+18,5.36945e+08,72,27.2734,29,0.122585
1324,3.02231e+23,3.04905e+20,1.34277e+08,78,27.4316,27,0.126518
1325,5.90296e+20,1.07047e+18,1.07382e+09,69,29.332,30,0.132878
1326,7.55579e+22,7.71674e+19,2.68506e+08,76,28.1426,28,0.12609
1327,2.36118e+21,6.56705e+18,2.68493e+08,71,29.5029,28,0.132767
1328,1.18059e+21,1.77854e+18,2.14757e+09,70,30.4336,31,0.136894
1329,5.90296e+20,9.38493e+17,5.36933e+08,69,28.9912,29,0.129044
1330,1.47574e+20,5.06851e+17,1.34287e+08,67,27.9053,27,0.124395
1331,3.77789e+22,4.74305e+19,5.36949e+08,75,28.0498,29,0.125251
1332,9.44473e+21,1.02404e+19,4.29505e+09,73,30.2734,32,0.134744
1333,3.02231e+23,2.98829e+20,4.29506e+09,78,28.9053,32,0.13039
1334,2.95148e+20,3.66513e+17,1.718e+10,68,32.0059,34,0.141621
1335,3.77789e+22,4.27029e+19,4.29506e+09,75,31.542,32,0.137804
1336,9.44473e+21,1.02438e+19,8.59003e+09,73,31.2441,33,0.138794
1337,1.23794e+27,1.20894e+24,3.43599e+10,90,32.1299,35,0.140165
1338,1.18059e+21,2.40596e+18,3.43599e+10,70,31.8945,35,0.139238
1339,7.55579e+22,1.52627e+20,1.718e+10,76,31.1055,34,0.140257
1340,2.36118e+21,3.75193e+18,6.87196e+10,71,31.9668,36,0.141025
1341,6.04463e+23,7.6119e+20,8.59004e+09,79,29.8574,33,0.131461
1342,9.67141e+24,9.50618e+21,3.43598e+10,83,31.1699,35,0.137012
1343,1.18059e+21,1.77246e+18,1.718e+10,70,30.7285,34,0.139147
1344,4.72237e+21,5.14867e+18,3.43598e+10,72,31.7764,35,0.143168
1345,1.18059e+21,3.35004e+18,8.59003e+09,70,30.0879,33,0.136699
1346,7.73713e+25,7.55907e+22,2.14757e+09,86,29.0625,31,0.134665
1347,1.88895e+22,3.18601e+19,2.14758e+09,74,28.9395,31,0.130873
1348,6.04463e+23,6.04431e+20,2.14757e+09,79,29.0811,31,0.130571
1349,1.88895e+22,2.65914e+19,1.718e+10,74,32.2529,34,0.147192
1350,9.44473e+21,2.05661e+19,4.29505e+09,73,28.9873,32,0.130345
1351,7.55579e+22,7.57349e+19,8.59003e+09,76,30.5605,33,0.149232
1352,3.02231e+23,3.15585e+20,1.718e+10,78,31.5342,34,0.144317
1353,1.18059e+21,2.22306e+18,5.36952e+08,70,27.917,29,0.128787
1354,1.51116e+23,1.63225e+20,1.07381e+09,77,28.2461,30,0.131214
1355,3.77789e+22,4.01271e+19,1.34276e+08,75,27.333,27,0.123432
1356,9.44473e+21,1.40906e+19,1.34289e+08,73,26.833,27,0.123165
1357,4.72237e+21,7.96749e+18,2.68506e+08,72,27.5693,28,0.126624
1358,6.04463e+23,5.98986e+20,1.07381e+09,79,29.5977,30,0.134548
1359,3.77789e+22,5.53591e+19,6.87196e+10,75,33.5098,36,0.149759
1360,4.72237e+21,1.16032e+19,3.43598e+10,72,33.8945,35,0.147541
1361,7.73713e+25,7.56471e+22,4.29506e+09,86,30.7285,32,0.136349
1362,1.51116e+23,1.75683e+20,1.37439e+11,77,34.7734,37,0.15176
1363,9.44473e+21,1.4217e+19,6.87196e+10,73,32.8652,36,0.143895
1364,6.04463e+23,1.1572e+21,6.87196e+10,79,32.3369,36,0.143966
1365,3.02231e+23,4.58025e+20,1.718e+10,78,30.6855,34,0.135778
1366,1.23794e+27,1.20894e+24,1.37439e+11,90,32.5684,37,0.145615
1367,3.02231e+23,2.9996e+20,1.718e+10,78,30.0352,34,0.135768
1368,1.20893e+24,1.29899e+21,1.09951e+12,80,37.376,40,0.164936
1369,1.20893e+24,1.19944e+21,1.37439e+11,80,31.8145,37,0.138081
1370,1.93428e+25,2.36709e+22,1.09951e+12,84,36.834,40,0.168586
1371,1.20893e+24,1.2528e+21,5.49756e+11,80,35.1992,39,0.159197
1372,6.1897e+26,6.04842e+23,5.49756e+11,89,36.0312,39,0.161203
1373,3.86856e+25,6.63817e+22,2.74878e+11,85,36.3271,38,0.168715
1374,6.04463e+23,7.3722e+20,1.718e+10,79,30.2334,34,0.138702
1375,4.8357e+24,4.83718e+21,1.37439e+11,82,34.4365,37,0.160093
1376,1.51116e+23,3.81765e+20,3.43599e+10,77,32.2529,35,0.151382
1377,2.41785e+24,3.14434e+21,1.718e+10,81,30.8389,34,0.142031
1378,6.1897e+26,6.09578e+23,6.87196e+10,89,33.5732,36,0.153206
1379,3.77789e+22,7.23232e+19,1.07382e+09,75,27.542,30,0.129886
1380,3.09485e+26,3.02907e+23,8.59003e+09,88,31.4404,33,0.146133
1381,7.73713e+25,8.04573e+22,1.718e+10,86,31.4297,34,0.148268
1382,2.41785e+24,2.84466e+21,1.37439e+11,81,33.8623,37,0.158694
1383,6.04463e+23,6.48806e+20,1.37439e+11,79,32.7256,37,0.151301
1384,6.04463e+23,1.02495e+21,6.87196e+10,79,33.7861,36,0.154197
1385,6.1897e+26,6.18842e+23,1.718e+10,89,32.6582,34,0.150382
1386,1.54743e+26,1.56157e+23,1.37439e+11,87,33.2568,37,0.152331
1387,1.54743e+26,1.51222e+23,3.43598e+10,87,32.668,35,0.161204
1388,1.23794e+27,1.20974e+24,6.87196e+10,90,35.3916,36,0.169921
1389,7.92282e+28,7.73822e+25,1.718e+10,96,33.7178,34,0.161621
1390,4.8357e+24,5.41318e+21,2.14757e+09,82,31.5664,31,0.14998
1391,6.1897e+26,6.16571e+23,4.29505e+09,89,32.0518,32,0.155442
1392,1.93428e+25,2.85168e+22,4.29505e+09,84,32.0264,32,0.152234
1393,1.51116e+23,3.21989e+20,3.43598e+10,77,33.0664,35,0.152224
1394,9.67141e+24,1.26789e+22,8.59001e+09,83,31.8848,33,0.147903
1395,9.90352e+27,9.67264e+24,2.14756e+09,93,30.332,31,0.144301
1396,1.51116e+23,2.74561e+20,1.37439e+11,77,33.748,37,0.160097
1397,3.77789e+22,4.6646e+19,2.14757e+09,75,30.8857,31,0.143036
1398,9.67141e+24,9.49945e+21,8.59003e+09,83,31.8848,33,0.146103
1399,1.9807e+28,1.93475e+25,8.59004e+09,94,31.8574,33,0.147358
1400,7.55579e+22,1.19173e+20,8.59002e+09,76,30.5957,33,0.145492
1401,1.20893e+24,1.21969e+21,8.59003e+09,80,31.5938,33,0.150643
1402,3.96141e+28,3.86881e+25,8.59003e+09,95,30.4609,33,0.145696
1403,9.90352e+27,9.97367e+24,3.43599e+10,93,31.9736,35,0.14951
1404,4.8357e+24,7.39591e+21,6.87196e+10,82,33.7715,36,0.157615
1405,2.41785e+24,3.05997e+21,1.718e+10,81,32.3213,34,0.150705
1406,6.1897e+26,6.23765e+23,1.07382e+09,89,29.5576,30,0.136947
1407,1.51116e+23,4.67106e+20,8.59003e+09,77,31.75,33,0.149265
1408,3.77789e+22,1.13011e+20,2.14756e+09,75,30.5938,31,0.150436
1409,3.86856e+25,4.80461e+22,5.36934e+08,85,28.5381,29,0.138706
1410,1.93428e+25,3.30677e+22,2.14757e+09,84,30.4541,31,0.145713
1411,1.93428e+25,2.02482e+22,5.36943e+08,84,29.0781,29,0.14023
1412,1.51116e+23,2.69627e+20,5.3692e+08,77,29.3408,29,0.140355
1413,7.92282e+28,7.74102e+25,1.34288e+08,96,27.8662,27,0.133902
1414,3.02231e+23,3.66588e+20,3.43598e+10,78,33.5967,35,0.156825
1415,3.09485e+26,3.07508e+23,6.87196e+10,88,33.7168,36,0.16406
1416,7.92282e+28,7.73717e+25,1.37439e+11,96,35.7305,37,0.162736
1417,1.54743e+26,1.55318e+23,1.37439e+11,87,35.3584,37,0.160967
1418,3.02231e+23,7.11606e+20,6.87196e+10,78,34.8711,36,0.1625
1419,9.90352e+27,9.97899e+24,1.718e+10,93,31.6592,34,0.152064
1420,2.47588e+27,2.42583e+24,1.718e+10,91,32.7129,34,0.152315
1421,7.92282e+28,9.19262e+25,1.718e+10,96,32.1582,34,0.157553
1422,9.67141e+24,1.53666e+22,1.34281e+08,83,26.8359,27,0.131709
1423,7.92282e+28,7.73737e+25,8.59003e+09,96,32.2725,33,0.151035
1424,1.9807e+28,2.21356e+25,8.59002e+09,94,31.1357,33,0.149184
1425,7.92282e+28,1.60051e+26,1.37439e+11,96,35.3232,37,0.161515
1426,9.67141e+24,9.82539e+21,4.29505e+09,83,32.1299,32,0.149696
1427,4.95176e+27,5.46156e+24,2.14756e+09,92,29.0977,31,0.138295
1428,1.93428e+25,1.9479e+22,1.718e+10,84,33.4131,34,0.163465
1429,6.1897e+26,6.52673e+23,6.87196e+10,89,34.751,36,0.16189
1430,6.1897e+26,6.06024e+23,8.59e+09,89,32.2441,33,0.14717
1431,6.1897e+26,6.2579e+23,3.43598e+10,89,32.5986,35,0.150527
1432,4.95176e+27,5.44561e+24,2.68497e+08,92,29.0723,28,0.135875
1433,7.92282e+28,1.54744e+26,4.29506e+09,96,31.6846,32,0.147124
1434,7.92282e+28,7.73815e+25,1.07383e+09,96,30.4307,30,0.14758
1435,7.92282e+28,7.79772e+25,8.59004e+09,96,31.3105,33,0.153214
1436,1.93428e+25,2.45254e+22,1.718e+10,84,32.3584,34,0.154845
1437,6.04463e+23,1.42244e+21,2.68487e+08,79,27.7031,28,0.130315
1438,9.67141e+24,1.10233e+22,5.36952e+08,83,29.0312,29,0.136753
1439,2.47588e+27,2.41896e+24,5.36953e+08,91,28.8779,29,0.135119
1440,6.1897e+26,6.14808e+23,1.718e+10,89,32.7549,34,0.154188
1441,4.8357e+24,1.31095e+22,6.87196e+10,82,33.8398,36,0.156071
1442,4.8357e+24,5.63077e+21,8.59003e+09,82,31.2578,33,0.148566
1443,6.1897e+26,9.07422e+23,1.718e+10,89,33.0371,34,0.151185
1444,4.95176e+27,5.18124e+24,4.29504e+09,92,31.4023,32,0.144109
1445,2.47588e+27,3.02752e+24,3.43598e+10,91,33.1152,35,0.151277
1446,3.96141e+28,4.84333e+25,8.59003e+09,95,30.8311,33,0.137841
1447,1.51116e+23,2.0817e+20,1.718e+10,77,31.1807,34,0.146085
1448,1.88895e+22,7.93931e+19,4.29506e+09,74,29.2686,32,0.144624
1449,1.93428e+25,1.92514e+22,2.68508e+08,84,27.4746,28,0.134092
1450,3.86856e+25,4.25421e+22,1.07382e+09,85,29.1074,30,0.139229
1451,7.92282e+28,9.68691e+25,4.29504e+09,96,31.377,32,0.150178
1452,4.95176e+27,5.17252e+24,1.07382e+09,92,30.2197,30,0.140521
1453,7.92282e+28,7.74092e+25,2.68492e+08,96,26.7246,28,0.123691
1454,6.1897e+26,1.81871e+24,2.68495e+08,89,26.8828,28,0.126914
1455,9.90352e+27,9.84216e+24,1.07381e+09,93,29.3496,30,0.136392
1456,4.95176e+27,4.85503e+24,1.07382e+09,92,29.2012,30,0.137965
1457,4.95176e+27,4.84516e+24,4.29505e+09,92,29.7197,32,0.13753
1458,1.9807e+28,1.94996e+25,4.29504e+09,94,32.2803,32,0.148036
1459,2.41785e+24,2.9263e+21,5.36936e+08,81,28.7266,29,0.133324
1460,1.9807e+28,1.94942e+25,1.07382e+09,94,30.4834,30,0.143708
1461,7.92282e+28,7.77222e+25,5.36948e+08,96,31.0322,29,0.14675
1462,4.8357e+24,5.38985e+21,4.29506e+09,82,32.9004,32,0.150846
1463,9.90352e+27,9.69211e+24,1.07382e+09,93,31.9668,30,0.144979
1464,7.92282e+28,8.46459e+25,1.07381e+09,96,31.6484,30,0.146621
1465,6.1897e+26,9.85825e+23,5.36949e+08,89,30.1465,29,0.14374
1466,3.09485e+26,3.0741e+23,2.68501e+08,88,28.5078,28,0.136298
1467,4.95176e+27,7.57605e+24,1.34284e+08,92,29.1094,27,0.139538
1468,7.92282e+28,7.75108e+25,1.34286e+08,96,28.7842,27,0.136778
1469,7.92282e+28,8.28553e+25,6.71722e+07,96,27.8086,26,0.138284
1470,3.96141e+28,3.86999e+25,3.36101e+07,95,26.4287,25,0.131325
1471,9.90352e+27,1.02784e+25,1.68292e+07,93,26.1934,24,0.131721
1472,3.09485e+26,3.50098e+23,555906,88,22.377,19,0.121387
1473,7.73713e+25,9.58292e+22,3.3608e+07,86,25.2822,25,0.122135
1474,2.41785e+24,3.80337e+21,6.71541e+07,81,26.9023,26,0.127994
1475,1.20893e+24,1.31033e+21,1.68287e+07,80,25.1729,24,0.122019
1476,1.23794e+27,1.20894e+24,2.13234e+06,90,23.5723,21,0.114679
1477,7.92282e+28,7.73728e+25,2.68498e+08,96,29.0957,28,0.138025
1478,7.92282e+28,7.98327e+25,3.36088e+07,96,25.8604,25,0.12523
1479,2.41785e+24,2.40193e+21,2.13862e+06,81,23.582,21,0.115467
1480,7.92282e+28,7.73869e+25,1.34278e+08,96,26.7002,27,0.124588
1481,7.92282e+28,1.54766e+26,4.23401e+06,96,24.4844,22,0.118141
1482,7.92282e+28,7.73722e+25,6.71682e+07,96,25.5146,26,0.124699
1483,2.47588e+27,5.14328e+24,2.68505e+08,91,28.3213,28,0.138793
1484,9.90352e+27,9.68099e+24,6.71735e+07,93,26.3906,26,0.126261
1485,7.73713e+25,1.18513e+23,2.14756e+09,86,31.0537,31,0.147063
1486,7.92282e+28,8.22076e+25,1.34275e+08,96,27.3242,27,0.130715
1487,1.9807e+28,1.93456e+25,558821,94,22.6797,19,0.110457
1488,6.1897e+26,6.06144e+23,1.68254e+07,89,25.5068,24,0.128274
1489,7.92282e+28,7.74485e+25,6.7161e+07,96,26.7744,26,0.133273
1490,7.92282e+28,1.55727e+26,2.13669e+06,96,24.748,21,0.119835
1491,7.92282e+28,1.56105e+26,3.36101e+07,96,26.9912,25,0.137008
1492,7.92282e+28,1.66838e+26,6.71617e+07,96,26.7314,26,0.133293
1493,4.95176e+27,6.1203e+24,2.1263e+06,92,24.0361,21,0.121239
1494,7.92282e+28,7.77512e+25,1.34269e+08,96,27.3232,27,0.133663
1495,7.92282e+28,2.56374e+26,6.71737e+07,96,27.7988,26,0.138742
1496,7.92282e+28,7.73749e+25,1.08577e+06,96,24.1836,20,0.125447
1497,4.95176e+27,5.65166e+24,1.68149e+07,92,24.8916,24,0.12459
1498,7.92282e+28,1.16057e+26,1.08397e+06,96,22.5791,20,0.112178
1499,1.54743e+26,3.12036e+23,8.43156e+06,87,24.7607,23,0.123029
