11.7588
0,435.117,8.38149,4,2,0.0351562,0,0.00459873
1,434.818,8.12207,4,2,0.0351562,0,0.00421921
2,434.412,9.47888,5,2,0.0458984,0,0.00424245
3,111.425,8.73015,4,1,0.0410156,0,0.00425217
4,435.053,9.81187,5,2,0.0439453,0,0.00432478
5,114.828,9.21276,5,1,0.0429688,0,0.00431515
6,435.127,9.71092,5,2,0.0419922,0,0.00429803
7,434.639,10.9179,5,2,0.0537109,0,0.0043828
8,116.603,10.6072,5,1,0.0556641,0,0.00429008
9,1012.52,12.6771,5,3,0.0683594,0,0.00433415
10,435.127,10.3587,5,2,0.0458984,0,0.00433368
11,435.151,10.5299,6,2,0.0439453,0,0.00440195
12,435.151,11.5345,6,2,0.0566406,0,0.00437352
13,435.076,10.9217,6,2,0.0517578,0,0.00440995
14,434.818,10.8009,6,2,0.0498047,0,0.00447623
15,435.151,11.5518,6,2,0.0527344,0,0.00443175
16,435.053,11.5221,6,2,0.0566406,0,0.00436737
17,435.127,10.819,6,2,0.0478516,0,0.00439817
18,434.954,10.9685,6,2,0.0498047,0,0.00432109
19,435.151,9.73917,6,2,0.0371094,0,0.00438344
20,1011.78,12.1674,6,3,0.0576172,0,0.00434967
21,435.117,11.8616,6,2,0.0566406,0,0.00438807
22,111.937,10.4392,6,1,0.0458984,0,0.0044725
23,434.954,12.1534,6,2,0.0595703,0,0.00445468
24,435.149,13.3833,6,2,0.0605469,0,0.00445743
25,434.954,11.4398,6,2,0.0566406,0,0.00435202
26,435.053,10.9175,6,2,0.0478516,0,0.0044738
27,112.44,11.9034,6,1,0.0615234,0,0.00445578
28,1009.59,13.2035,6,3,0.0556641,0,0.00443248
29,435.053,9.91715,6,2,0.0400391,0,0.00442717
30,435.149,14.0858,6,2,0.0742188,0,0.00450346
31,435.149,11.4814,6,2,0.0537109,0,0.00438808
32,435.151,12.2218,6,2,0.0576172,0,0.00436372
33,435.127,13.2959,6,2,0.0654297,0,0.00443799
34,435.151,11.605,6,2,0.0507812,0,0.00443455
35,435.151,12.4501,6,2,0.0615234,0,0.00439091
36,1010.21,12.8518,6,3,0.0585938,0,0.00441584
37,435.151,12.1815,6,2,0.0566406,0,0.00444272
38,435.151,13.8155,6,2,0.0712891,0,0.00467798
39,435.149,13.3228,6,2,0.0644531,0,0.00449124
40,117.03,10.9756,6,1,0.0517578,0,0.00438915
41,434.818,13.1169,6,2,0.0644531,0,0.00444839
42,1008.92,16.5207,6,3,0.0839844,0,0.00444967
43,435.149,10.6978,6,2,0.0439453,0,0.0044767
44,435,12.5952,6,2,0.0605469,0,0.00453857
45,997.036,13.3243,6,3,0.0634766,0,0.00447262
46,434.902,12.3685,6,2,0.0566406,0,0.00451656
47,435.053,12.3554,6,2,0.0576172,0,0.00451858
48,435.149,14.8418,6,2,0.0751953,0,0.00450075
49,435.053,13.8895,6,2,0.0654297,0,0.00448489
50,1008.92,12.565,6,3,0.0546875,0,0.00483085
51,435.127,12.3306,6,2,0.0576172,0,0.00450339
52,435.127,12.4873,6,2,0.0595703,0,0.00455263
53,435.117,13.6819,7,2,0.0664062,0,0.00444691
54,435.117,13.4096,7,2,0.0664062,0,0.00446205
55,435.149,13.5981,7,2,0.0644531,0,0.00451493
56,435.151,14.4127,7,2,0.0732422,0,0.00445038
57,435.149,14.8702,7,2,0.0771484,0,0.00447926
58,435.117,11.4553,6,2,0.0498047,0,0.00444668
59,1011.31,16.8385,7,3,0.0859375,0,0.0045341
60,434.476,13.1153,7,2,0.0654297,0,0.00447056
61,434.954,14.6518,7,2,0.0810547,0,0.00458331
62,435.149,13.8466,7,2,0.0683594,0,0.0045116
63,1011.31,16.6446,7,3,0.0810547,0,0.00453965
64,435.149,13.3819,7,2,0.0654297,0,0.00452339
65,435.151,14.1115,7,2,0.0683594,0,0.00449678
66,435.151,13.6485,7,2,0.0634766,0,0.00453778
67,435.151,16.0134,7,2,0.0800781,0,0.00451715
68,435.117,16.2023,7,2,0.0869141,0,0.00450011
69,435.127,13.9541,7,2,0.0683594,0,0.00448685
70,110.903,12.6359,7,1,0.0625,0,0.00453695
71,435.149,14.3841,7,2,0.0722656,0,0.00460553
72,435.151,15.0379,7,2,0.0839844,0,0.00458468
73,435.149,15.2662,7,2,0.0839844,0,0.00459624
74,435.151,13.2703,7,2,0.0605469,0,0.0045813
75,435.127,16.3293,7,2,0.0898438,0,0.00463161
76,435.151,15.3732,8,2,0.0742188,0,0.00464565
77,435.053,15.049,7,2,0.0791016,0,0.00469181
78,1010.79,16.4055,7,3,0.0849609,0,0.00461839
79,435.127,15.6344,8,2,0.0791016,0,0.00463282
80,435.117,14.9251,8,2,0.0722656,0,0.0047315
81,435.053,13.204,8,2,0.0576172,0,0.00469005
82,435.127,14.7995,8,2,0.0742188,0,0.00460886
83,435.127,15.966,8,2,0.0810547,0,0.00466286
84,435.127,17.9904,8,2,0.0996094,0,0.0047359
85,435.127,16.1837,8,2,0.0830078,0,0.00470963
86,435.151,16.0112,8,2,0.078125,0,0.00475102
87,434.818,15.264,8,2,0.078125,0,0.00469986
88,435.127,15.4445,8,2,0.0732422,0,0.00470369
89,435.151,17.5858,8,2,0.0986328,0,0.00463472
90,435.151,18.1964,8,2,0.101562,0,0.00468884
91,435.151,16.1557,8,2,0.0869141,0,0.00477682
92,435.149,18.1186,8,2,0.0976562,0,0.00475175
93,435.151,15.3718,8,2,0.0722656,0,0.00472826
94,435.151,17.3935,8,2,0.09375,0,0.00472822
95,435.117,16.754,8,2,0.0859375,0,0.00471301
96,435.151,15.9414,8,2,0.0839844,0,0.00483113
97,435.127,14.8838,8,2,0.0732422,0,0.00475013
98,435.151,15.84,8,2,0.0771484,0,0.00472839
99,435.151,19.673,8,2,0.107422,0,0.00473584
100,435.149,19.0557,8,2,0.102539,0,0.00478487
101,1009.59,18.2222,8,3,0.0917969,0,0.00484449
102,435.151,19.9994,8,2,0.105469,0,0.00476986
103,435.151,20.4786,8,2,0.115234,0,0.00479085
104,435.151,19.3751,9,2,0.113281,0,0.00484081
105,435.151,19.3981,8,2,0.0996094,0,0.00483378
106,1011.31,20.5138,9,3,0.109375,0,0.00481365
107,435.149,22.1889,9,2,0.125977,0,0.00488621
108,1008.92,23.711,9,3,0.129883,0,0.00495085
109,435.151,18.0017,8,2,0.101562,0,0.00492584
110,435.149,24.4715,9,2,0.141602,0,0.00489382
111,435.151,18.8424,9,2,0.101562,0,0.00501699
112,435.127,21.8499,9,2,0.12207,0,0.00494392
113,1008.92,23.8477,9,3,0.128906,0,0.00480086
114,435.151,20.3844,9,2,0.110352,0,0.0048929
115,435.151,21.4339,9,2,0.123047,0,0.00481203
116,435.151,24.0534,9,2,0.132812,0,0.00482887
117,435.127,22.6816,9,2,0.12793,0,0.00482029
118,435.149,23.14,9,2,0.135742,0,0.00487876
119,435.151,25.6343,9,2,0.15332,0,0.00484973
120,435.149,23.0767,9,2,0.140625,0,0.00484344
121,435.151,21.2892,9,2,0.123047,0,0.00477115
122,435.151,22.7757,9,2,0.12793,0,0.00486214
123,435.151,24.8675,9,2,0.138672,0,0.00491711
124,435.151,22.5193,9,2,0.130859,0,0.00492461
125,435.151,21.8715,9,2,0.120117,0,0.00489266
126,435.151,26.9822,9,2,0.150391,0,0.0050339
127,435.151,26.6199,9,2,0.15625,0,0.00492385
128,435.151,25.0896,9,2,0.143555,0,0.00499014
129,1011.78,24.6058,9,3,0.140625,0,0.00495932
130,435.151,25.0922,9,2,0.146484,0,0.00490831
131,1011.31,28.209,9,3,0.169922,0,0.0048761
132,435.127,26.5397,9,2,0.166016,0,0.00493667
133,435.151,26.0519,9,2,0.157227,0,0.00495322
134,1008.92,27.4892,9,3,0.150391,0,0.00492428
135,1005.85,28.9455,9,3,0.165039,0,0.00494829
136,435.151,27.989,9,2,0.166992,0,0.0049191
137,1008.92,29.7139,9,3,0.166992,0,0.00489919
138,435.151,27.8128,9,2,0.168945,0,0.00492717
139,435.151,27.4454,9,2,0.167969,0,0.00494199
140,1011.78,27.5492,9,3,0.155273,0,0.00492271
141,435.151,31.0321,9,2,0.182617,0,0.00504226
142,1008.92,30.3014,9,3,0.181641,0,0.00491598
143,1009.59,34.3492,9,3,0.211914,0,0.00491958
144,1008.92,29.359,9,3,0.172852,0,0.00490489
145,1010.79,31.4197,9,3,0.185547,0,0.00491667
146,1009.59,32.0664,9,3,0.183594,0,0.00494166
147,1011.78,30.8084,9,3,0.182617,0,0.0049903
148,435.151,27.827,9,2,0.169922,0,0.00496001
149,435.149,31.9756,9,2,0.208008,0,0.00495849
150,1009.59,29.8104,9,3,0.178711,0,0.00499108
151,435.151,33.6512,9,2,0.208984,0,0.00523098
152,1011.78,32.7567,9,3,0.188477,0,0.00490989
153,435.149,29.7563,9,2,0.183594,0,0.00491164
154,1845.26,31.8968,9,4,0.191406,0,0.00502649
155,1008.92,33.2261,9,3,0.206055,0,0.00506998
156,1011.31,38.8656,9,3,0.238281,0,0.00507237
157,435.151,35.4675,9,2,0.224609,0,0.00524551
158,1010.21,36.6917,9,3,0.228516,0,0.00505041
159,1008.92,35.8191,9,3,0.21875,0,0.00500262
160,435.151,36.923,9,2,0.231445,0,0.00502472
161,435.151,33.6479,9,2,0.208008,0,0.00501115
162,1008.92,35.2906,9,3,0.225586,0,0.00498906
163,1010.79,35.5334,9,3,0.229492,0,0.00500982
164,1008.92,38.7526,9,3,0.237305,0,0.00515702
165,991.21,35.2228,9,3,0.226562,0,0.00503233
166,435.151,37.4222,9,2,0.231445,0,0.00503775
167,1010.79,33.8805,9,3,0.222656,0,0.00500015
168,1009.59,40.9911,10,3,0.264648,0,0.00496228
169,1010.21,34.4015,9,3,0.214844,0,0.00499835
170,1010.21,38.3727,9,3,0.246094,0,0.0050017
171,1008.92,39.4113,9,3,0.248047,0,0.00506662
172,1008.92,37.5738,10,3,0.240234,0,0.00505909
173,435.151,35.4464,9,2,0.224609,0,0.00503236
174,1008.92,41.3598,10,3,0.271484,0,0.00508475
175,1010.79,40.2816,9,3,0.249023,0,0.00500612
176,435.151,39.5111,10,2,0.259766,0,0.00511917
177,1008.92,39.0187,9,3,0.244141,0,0.00505506
178,1008.92,43.4349,9,3,0.279297,0,0.00509965
179,1008.92,38.5237,9,3,0.241211,0,0.00508714
180,435.151,40.4905,9,2,0.256836,0,0.00506226
181,435.151,42.4116,10,2,0.288086,0,0.00503521
182,1008.92,43.6565,9,3,0.275391,0,0.00502192
183,1008.92,42.9995,9,3,0.262695,0,0.00502552
184,1008.92,37.987,9,3,0.249023,0,0.00505614
185,435.151,41.4782,9,2,0.262695,0,0.00509045
186,1011.31,43.8846,10,3,0.289062,0,0.00507438
187,435.151,40.5364,10,2,0.273438,0,0.00503858
188,435.151,45.2009,9,2,0.297852,0,0.00500342
189,1011.31,41.6017,10,3,0.275391,0,0.00505423
190,1008.92,39.4152,11,3,0.261719,0,0.00503935
191,1011.31,44.0634,10,3,0.290039,0,0.00506224
192,1011.31,41.5038,10,3,0.269531,0,0.00504273
193,435.151,43.0312,10,2,0.289062,0,0.00509683
194,1010.21,40.0932,10,3,0.263672,0,0.00504953
195,435.151,44.0863,11,2,0.290039,0,0.00503105
196,1010.79,43.6702,10,3,0.285156,0,0.0050732
197,1008.92,46.6039,11,3,0.302734,0,0.00508735
198,1011.78,45.8094,10,3,0.298828,0,0.00507963
199,1012.18,45.5416,10,3,0.286133,0,0.00506701
200,1011.78,40.1326,9,3,0.264648,0,0.00500533
201,1011.31,43.68,10,3,0.283203,0,0.00503881
202,1009.59,43.2182,11,3,0.273438,0,0.00520353
203,435.151,41.9475,10,2,0.274414,0,0.00516313
204,1010.21,40.7415,9,3,0.265625,0,0.00502474
205,1010.21,43.5279,11,3,0.292969,0,0.00511387
206,435.151,45.1438,11,2,0.294922,0,0.00512747
207,1010.21,46.4944,10,3,0.294922,0,0.00508832
208,435.151,46.0174,11,2,0.307617,0,0.00506329
209,1010.79,49.9765,11,3,0.317383,0,0.00510746
210,1845.26,50.1957,11,4,0.311523,0,0.00509937
211,1010.21,48.9087,11,3,0.316406,0,0.00507345
212,1008.92,39.4971,9,3,0.25293,0,0.00502648
213,435.151,42.9807,10,2,0.287109,0,0.00512806
214,1010.21,43.6668,11,3,0.277344,0,0.00507438
215,1008.92,40.6848,11,3,0.275391,0,0.00509039
216,1010.21,44.9511,11,3,0.295898,0,0.00510237
217,1843.9,52.6885,11,4,0.320312,0,0.00515668
218,1009.59,45.2508,11,3,0.298828,0,0.00505425
219,1011.31,45.3521,11,3,0.310547,0,0.00508751
220,1010.21,45.8228,12,3,0.305664,0,0.00514957
221,435.151,45.9331,10,2,0.293945,0,0.00507631
222,1008.92,48.5865,12,3,0.317383,0,0.00515982
223,1011.31,48.7504,11,3,0.31543,0,0.005205
224,1008.92,46.8535,11,3,0.306641,0,0.0051618
225,1011.31,41.1204,11,3,0.280273,0,0.00508432
226,1011.31,42.1023,11,3,0.277344,0,0.00512671
227,1008.92,42.6232,11,3,0.270508,0,0.00512498
228,1008.92,48.484,11,3,0.325195,0,0.00511424
229,1008.92,44.6863,11,3,0.291016,0,0.00514751
230,435.151,52.3025,12,2,0.338867,0,0.00519131
231,1009.59,48.3007,11,3,0.299805,0,0.00510564
232,1846.55,53.4683,12,4,0.329102,0,0.00512261
233,1012.18,51.1728,12,3,0.328125,0,0.00517099
234,1011.31,51.5224,12,3,0.333008,0,0.00510182
235,1008.92,41.8317,11,3,0.27832,0,0.00512752
236,1008.92,49.3852,11,3,0.314453,0,0.00512494
237,1008.92,49.1783,12,3,0.316406,0,0.00511021
238,435.151,43.0301,11,2,0.288086,0,0.00515415
239,1008.92,48.8544,12,3,0.319336,0,0.00518122
240,435.151,47.6196,12,2,0.321289,0,0.00514316
241,1008.92,45.5061,11,3,0.306641,0,0.0050704
242,1008.92,41.4495,11,3,0.264648,0,0.00510232
243,435.151,49.7162,12,2,0.331055,0,0.00514341
244,1010.21,49.7879,12,3,0.317383,0,0.00511997
245,1011.31,47.2224,11,3,0.305664,0,0.00511744
246,1008.92,50.4805,12,3,0.330078,0,0.00509873
247,1008.92,52.395,12,3,0.344727,0,0.00513597
248,1011.78,49.1451,12,3,0.326172,0,0.00516871
249,1008.92,46.6184,12,3,0.31543,0,0.00511252
250,1008.92,46.6743,11,3,0.303711,0,0.00509789
251,1008.92,47.8983,12,3,0.307617,0,0.00516764
252,1010.21,51.5363,12,3,0.341797,0,0.00511844
253,1009.59,48.019,12,3,0.300781,0,0.00515701
254,1010.79,45.3683,12,3,0.291992,0,0.00516001
255,1010.21,49.2549,12,3,0.329102,0,0.00511706
256,1012.18,46.7723,12,3,0.31543,0,0.00517705
257,1009.59,50.609,12,3,0.331055,0,0.0051603
258,435.151,42.9449,10,2,0.280273,0,0.00513886
259,1010.21,46.1378,12,3,0.320312,0,0.00515048
260,1008.92,51.2267,12,3,0.321289,0,0.00519046
261,1009.59,52.1885,12,3,0.337891,0,0.00511667
262,1010.79,52.388,12,3,0.34082,0,0.00512721
263,1008.92,46.0771,12,3,0.299805,0,0.00510131
264,435.151,51.4583,12,2,0.345703,0,0.00513979
265,1011.31,52.7221,12,3,0.330078,0,0.00520717
266,435.151,45.8606,12,2,0.302734,0,0.00511795
267,1009.59,47.9214,12,3,0.333984,0,0.00518728
268,1011.78,53.9457,12,3,0.34375,0,0.00514242
269,1011.31,49.5258,12,3,0.328125,0,0.00518317
270,1008.92,48.7139,12,3,0.31543,0,0.00519856
271,1011.31,52.9673,12,3,0.345703,0,0.00516849
272,1008.92,45.4928,11,3,0.298828,0,0.00514049
273,1008.92,52.0909,12,3,0.345703,0,0.00514388
274,1011.31,50.88,12,3,0.341797,0,0.00518718
275,1839.49,48.7988,12,4,0.302734,0,0.00520135
276,1008.92,46.9279,12,3,0.310547,0,0.00514856
277,435.151,50.118,12,2,0.327148,0,0.00520753
278,1010.21,50.794,12,3,0.331055,0,0.00514953
279,1009.59,46.2971,12,3,0.298828,0,0.00513365
280,1011.31,48.7737,12,3,0.329102,0,0.0051961
281,1011.31,48.8897,12,3,0.341797,0,0.00517263
282,1011.31,47.9902,12,3,0.307617,0,0.00514344
283,435.151,46.9422,12,2,0.320312,0,0.00516853
284,1008.92,48.1625,12,3,0.314453,0,0.00517232
285,435.151,48.0258,12,2,0.321289,0,0.00518545
286,435.151,48.8397,12,2,0.335938,0,0.00514147
287,1008.92,45.5145,11,3,0.303711,0,0.0051254
288,1008.92,45.29,12,3,0.292969,0,0.0052064
289,1008.92,47.1177,12,3,0.301758,0,0.0051942
290,1009.59,50.0211,12,3,0.313477,0,0.00529622
291,1011.78,53.2349,12,3,0.349609,0,0.00521911
292,1009.59,57.3079,12,3,0.376953,0,0.00510044
293,1008.92,45.7743,12,3,0.306641,0,0.00516419
294,435.151,49.4706,12,2,0.335938,0,0.00515315
295,1008.92,50.0026,12,3,0.320312,0,0.00516678
296,1011.31,48.2256,11,3,0.305664,0,0.00512919
297,1848.92,49.0613,11,4,0.324219,0,0.00516304
298,1011.31,48.5635,12,3,0.321289,0,0.00513756
299,1011.31,49.4452,12,3,0.327148,0,0.00514571
300,435.151,47.7237,12,2,0.325195,0,0.00518627
301,435.151,45.2749,12,2,0.3125,0,0.00515029
302,435.151,48.6337,12,2,0.328125,0,0.00510826
303,435.151,51.5787,13,2,0.34668,0,0.0052333
304,435.151,45.7191,11,2,0.291992,0,0.00514729
305,1009.59,44.8937,12,3,0.292969,0,0.00513558
306,1008.92,52.8895,12,3,0.344727,0,0.00517325
307,1009.59,52.3953,13,3,0.352539,0,0.00519195
308,435.151,50.2394,12,2,0.327148,0,0.00525007
309,1011.31,52.7084,13,3,0.351562,0,0.00518195
310,1008.92,52.397,12,3,0.34082,0,0.00513241
311,435.151,47.776,12,2,0.329102,0,0.00525049
312,1008.92,55.26,12,3,0.359375,0,0.0052478
313,1008.92,50.2408,12,3,0.333008,0,0.00522523
314,1008.92,49.2988,12,3,0.333984,0,0.00513804
315,1010.21,50.042,12,3,0.326172,0,0.00519951
316,1010.79,51.8163,12,3,0.333984,0,0.00525927
317,1011.31,53.8749,12,3,0.352539,0,0.00513687
318,1008.92,45.0064,12,3,0.305664,0,0.00518011
319,1008.92,54.0642,12,3,0.352539,0,0.00522422
320,1843.9,51.189,13,4,0.337891,0,0.00512309
321,1011.31,52.3464,13,3,0.34082,0,0.00518742
322,1011.31,53.1154,13,3,0.356445,0,0.00521317
323,1843.9,51.7857,12,4,0.328125,0,0.00518527
324,1008.92,52.034,13,3,0.34668,0,0.00525125
325,1009.59,48.191,12,3,0.313477,0,0.00522045
326,1011.31,47.6034,12,3,0.320312,0,0.00530596
327,1010.21,54.1784,13,3,0.350586,0,0.00516862
328,1008.92,51.0266,13,3,0.335938,0,0.00523567
329,435.151,48.108,12,2,0.320312,0,0.00523033
330,1009.59,50.6666,12,3,0.325195,0,0.00513783
331,1011.31,51.7728,12,3,0.34082,0,0.00518909
332,435.151,46.8923,12,2,0.303711,0,0.00538595
333,1009.59,53.8098,12,3,0.351562,0,0.005232
334,1009.59,50.1662,13,3,0.326172,0,0.00532012
335,1009.59,54.7402,13,3,0.34668,0,0.00531029
336,1008.92,52.8561,13,3,0.354492,0,0.00530103
337,1011.78,52.6822,13,3,0.354492,0,0.00520724
338,1011.31,43.7543,12,3,0.290039,0,0.00536343
339,1008.92,47.3748,12,3,0.319336,0,0.00525703
340,1011.31,54.5196,13,3,0.356445,0,0.00523834
341,435.151,46.7051,12,2,0.320312,0,0.00518894
342,1008.92,46.1353,12,3,0.298828,0,0.00521392
343,1011.31,55.7988,13,3,0.361328,0,0.00517028
344,1011.31,56.5956,13,3,0.387695,0,0.00531306
345,1008.92,49.2139,13,3,0.332031,0,0.00536108
346,435.151,49.6244,13,2,0.330078,0,0.00520672
347,435.151,51.1844,13,2,0.342773,0,0.00536739
348,1008.92,47.1729,12,3,0.313477,0,0.00521527
349,1009.59,53.2659,12,3,0.329102,0,0.00516937
350,1008.92,49.7517,13,3,0.333008,0,0.00519161
351,1008.92,48.1832,12,3,0.321289,0,0.00520631
352,1011.31,51.6343,11,3,0.34082,0,0.00519684
353,435.151,48.2514,12,2,0.319336,0,0.00515288
354,1010.21,46.4792,12,3,0.311523,0,0.00519689
355,1008.92,50.2437,12,3,0.347656,0,0.00518934
356,1011.31,52.9001,12,3,0.351562,0,0.00517898
357,1008.92,48.8925,12,3,0.339844,0,0.00522988
358,1011.31,51.8052,13,3,0.339844,0,0.00516668
359,1009.59,53.7325,12,3,0.354492,0,0.00526171
360,1845.26,50.5237,13,4,0.325195,0,0.00522458
361,1011.31,52.9793,12,3,0.330078,0,0.00517173
362,1843.9,50.0217,13,4,0.328125,0,0.00515451
363,435.151,50.2737,13,2,0.34375,0,0.0052288
364,1008.92,53.8522,13,3,0.358398,0,0.00523053
365,1011.31,48.5063,12,3,0.319336,0,0.00515607
366,1008.92,54.8391,13,3,0.357422,0,0.00527114
367,1011.31,54.4511,13,3,0.34668,0,0.00515658
368,1009.59,53.072,13,3,0.349609,0,0.0051963
369,435.151,45.2042,12,2,0.302734,0,0.00511792
370,1008.92,49.4565,12,3,0.324219,0,0.00511719
371,1011.31,52.9497,13,3,0.348633,0,0.00512779
372,435.151,48.7879,12,2,0.327148,0,0.00510658
373,1008.92,51.4625,13,3,0.349609,0,0.00528809
374,435.151,50.1786,13,2,0.342773,0,0.00520301
375,1011.31,49.8879,12,3,0.327148,0,0.00513991
376,1008.92,55.8487,13,3,0.367188,0,0.00513058
377,1011.31,47.2145,13,3,0.320312,0,0.0051284
378,1008.92,49.9755,12,3,0.329102,0,0.00524527
379,1843.9,50.7999,12,4,0.338867,0,0.00515356
380,1009.59,53.2114,12,3,0.333984,0,0.00521808
381,1011.31,52.1358,13,3,0.333008,0,0.00522462
382,1843.9,52.7475,13,4,0.330078,0,0.00524758
383,1008.92,52.4808,13,3,0.34082,0,0.00522331
384,1008.92,48.0789,13,3,0.311523,0,0.00528984
385,1008.92,48.789,12,3,0.319336,0,0.00517907
386,1008.92,48.3461,13,3,0.314453,0,0.00514915
387,1011.31,47.6946,13,3,0.317383,0,0.00514638
388,1008.92,49.1099,13,3,0.331055,0,0.00521677
389,1845.26,50.1033,13,4,0.322266,0,0.0051065
390,1008.92,50.3951,13,3,0.337891,0,0.0052132
391,1008.92,50.6618,13,3,0.342773,0,0.00512843
392,1843.9,50.9316,13,4,0.335938,0,0.00513433
393,1009.59,48.5557,12,3,0.305664,0,0.00507982
394,1008.92,52.204,13,3,0.34668,0,0.00516472
395,1008.92,52.5729,13,3,0.353516,0,0.00514945
396,1011.31,50.7538,13,3,0.328125,0,0.00513207
397,1008.92,49.8596,13,3,0.333008,0,0.00512883
398,1011.31,51.6955,13,3,0.348633,0,0.00526844
399,1008.92,52.0352,13,3,0.342773,0,0.00512456
400,1008.92,53.0483,13,3,0.34668,0,0.00515054
401,1843.9,51.5408,13,4,0.341797,0,0.00518795
402,1011.31,51.2966,13,3,0.331055,0,0.00515045
403,1008.92,51.801,13,3,0.333984,0,0.00511554
404,1008.92,51.525,13,3,0.34375,0,0.00511963
405,1008.92,48.6187,13,3,0.320312,0,0.00512744
406,1008.92,51.5022,13,3,0.353516,0,0.00510572
407,1008.92,51.4502,13,3,0.334961,0,0.00512463
408,1011.31,52.8894,13,3,0.34375,0,0.00532235
409,1008.92,45.8577,13,3,0.297852,0,0.00516356
410,1011.31,49.0017,13,3,0.333008,0,0.00514365
411,1008.92,51.2736,13,3,0.334961,0,0.00515304
412,435.151,49.0501,13,2,0.332031,0,0.00517173
413,1008.92,52.2113,13,3,0.34082,0,0.00514461
414,1008.92,46.2714,12,3,0.302734,0,0.00518953
415,1009.59,51.1047,13,3,0.335938,0,0.0051064
416,1008.92,57.2441,13,3,0.360352,0,0.00516839
417,1011.31,53.9519,13,3,0.356445,0,0.00510273
418,1011.31,54.3244,13,3,0.360352,0,0.00536626
419,1010.21,50.1619,12,3,0.327148,0,0.00521193
420,1008.92,49.295,13,3,0.342773,0,0.00522671
421,1008.92,47.9412,13,3,0.30957,0,0.00528296
422,1011.31,53.9581,13,3,0.354492,0,0.00529486
423,435.151,48.0685,13,2,0.318359,0,0.00527729
424,1008.92,52.2369,13,3,0.341797,0,0.00523702
425,1008.92,52.7096,13,3,0.34375,0,0.00521581
426,1009.59,54.2306,13,3,0.347656,0,0.00522052
427,1011.31,52.8627,13,3,0.34668,0,0.00524329
428,435.151,56.9286,13,2,0.373047,0,0.00530513
429,1011.31,50.3144,13,3,0.328125,0,0.00528606
430,1011.31,55.5678,13,3,0.362305,0,0.00525481
431,1011.31,51.7177,13,3,0.332031,0,0.00525773
432,1008.92,53.3935,13,3,0.347656,0,0.00525667
433,435.151,50.5494,13,2,0.339844,0,0.00519116
434,1008.92,53.0409,13,3,0.333984,0,0.00522587
435,1008.92,49.4975,13,3,0.330078,0,0.00526523
436,1008.92,51.3637,13,3,0.323242,0,0.00526759
437,1008.92,50.846,13,3,0.339844,0,0.00517179
438,1011.31,50.8972,13,3,0.333008,0,0.00535653
439,1011.31,49.5502,13,3,0.324219,0,0.00522358
440,1008.92,57.2058,13,3,0.357422,0,0.00531905
441,1011.31,53.9926,13,3,0.347656,0,0.00524715
442,1008.92,45.5869,13,3,0.294922,0,0.00524995
443,1843.9,50.5808,13,4,0.326172,0,0.00525435
444,1008.92,47.5994,13,3,0.325195,0,0.00525621
445,1011.31,53.041,13,3,0.353516,0,0.00521466
446,1008.92,55.9131,13,3,0.361328,0,0.00531146
447,1010.21,49.5053,13,3,0.336914,0,0.00530021
448,1008.92,51.9866,13,3,0.350586,0,0.00524233
449,1011.31,54.4683,13,3,0.353516,0,0.0052097
450,1008.92,53.9149,13,3,0.361328,0,0.005248
451,1008.92,46.7768,13,3,0.302734,0,0.00534462
452,1011.31,52.1978,13,3,0.332031,0,0.00526322
453,1008.92,53.5045,13,3,0.34668,0,0.00530133
454,1008.92,52.2956,13,3,0.335938,0,0.00529156
455,1008.92,51.0569,13,3,0.320312,0,0.00525172
456,1008.92,47.8977,13,3,0.319336,0,0.0052795
457,1008.92,51.2181,13,3,0.328125,0,0.00523037
458,1843.9,52.473,13,4,0.339844,0,0.0053847
459,1008.92,49.7493,13,3,0.320312,0,0.00530592
460,1008.92,47.4742,13,3,0.314453,0,0.00523952
461,1011.31,46.8289,13,3,0.307617,0,0.00524628
462,1009.59,54.6493,13,3,0.359375,0,0.00525306
463,1008.92,48.1307,13,3,0.31543,0,0.00527396
464,1843.9,53.4289,13,4,0.342773,0,0.00522532
465,1008.92,53.0479,13,3,0.347656,0,0.00528237
466,1843.9,49.4583,13,4,0.322266,0,0.00526534
467,1011.31,52.1672,13,3,0.333008,0,0.00526319
468,1011.31,55.0159,13,3,0.362305,0,0.00534098
469,1009.59,58.1032,13,3,0.371094,0,0.00532376
470,1010.79,55.466,13,3,0.360352,0,0.00526947
471,1008.92,52.7002,13,3,0.342773,0,0.00524683
472,1011.31,54.6674,13,3,0.354492,0,0.00525435
473,1011.31,54.1285,13,3,0.353516,0,0.0052796
474,435.149,50.9885,13,2,0.329102,0,0.00525628
475,1008.92,49.7414,13,3,0.316406,0,0.00527194
476,1008.92,48.6838,13,3,0.316406,0,0.00523181
477,1011.31,57.1859,13,3,0.373047,0,0.00527889
478,1008.92,49.69,13,3,0.328125,0,0.00535108
479,1008.92,52.7039,13,3,0.34668,0,0.00529507
480,1008.92,55.8471,13,3,0.355469,0,0.0052358
481,1008.92,48.9726,13,3,0.313477,0,0.00529597
482,1008.92,51.6156,13,3,0.334961,0,0.00526709
483,1009.59,47.3226,13,3,0.304688,0,0.00528784
484,1011.31,52.9374,13,3,0.338867,0,0.00524524
485,1008.92,45.3072,13,3,0.302734,0,0.00526103
486,1011.31,51.4054,13,3,0.335938,0,0.00532602
487,1843.9,53.6587,13,4,0.350586,0,0.00526033
488,1843.9,48.0147,13,4,0.308594,0,0.0055219
489,1008.92,50.346,13,3,0.333008,0,0.00530554
490,1008.92,51.6888,13,3,0.333984,0,0.00525349
491,435.151,57.3447,13,2,0.376953,0,0.00534522
492,1011.31,48.978,13,3,0.318359,0,0.0052694
493,435.151,46.9925,13,2,0.323242,0,0.00526571
494,1848.92,49.142,13,4,0.313477,0,0.00525048
495,1008.92,50.7921,13,3,0.323242,0,0.00526547
496,1011.31,54.588,13,3,0.344727,0,0.00528681
497,1008.92,49.0603,13,3,0.319336,0,0.00522364
498,1011.31,52.5954,13,3,0.332031,0,0.00539586
499,1008.92,49.7216,13,3,0.324219,0,0.0052807
500,1011.31,48.7978,13,3,0.327148,0,0.00528584
501,435.151,53.9657,13,2,0.362305,0,0.00527386
502,1008.92,54.6537,13,3,0.363281,0,0.0052653
503,1008.92,46.8912,13,3,0.311523,0,0.00527667
504,1011.31,50.5802,13,3,0.319336,0,0.00528375
505,1008.92,52.9375,13,3,0.341797,0,0.00529434
506,1008.92,55.6404,13,3,0.351562,0,0.0052475
507,1011.31,51.8791,13,3,0.330078,0,0.00526248
508,1009.59,54.7155,13,3,0.344727,0,0.0054294
509,1010.21,49.9767,13,3,0.333984,0,0.00527688
510,1011.31,55.239,13,3,0.370117,0,0.00530372
511,1008.92,48.2949,13,3,0.318359,0,0.00529539
512,1008.92,50.4343,13,3,0.333984,0,0.00530227
513,1009.59,54.8595,13,3,0.353516,0,0.0053445
514,1008.92,58.1292,13,3,0.369141,0,0.00524958
515,1008.92,54.7477,13,3,0.349609,0,0.00533632
516,1008.92,52.2407,13,3,0.333008,0,0.00530372
517,1009.59,52.2922,13,3,0.328125,0,0.00525241
518,1008.92,52.3774,13,3,0.342773,0,0.00540984
519,1008.92,51.6737,13,3,0.329102,0,0.005332
520,1843.9,54.0509,13,4,0.344727,0,0.00529045
521,1011.31,53.2919,13,3,0.350586,0,0.00538922
522,1011.31,47.9576,13,3,0.313477,0,0.00527399
523,435.127,48.6313,13,2,0.331055,0,0.00529459
524,1843.9,52.1631,13,4,0.348633,0,0.00523183
525,1011.31,56.7583,13,3,0.360352,0,0.00523634
526,435.151,45.5333,13,2,0.313477,0,0.00527523
527,1008.92,55.527,13,3,0.357422,0,0.00529427
528,1008.92,54.575,13,3,0.359375,0,0.00537
529,1008.92,49.0031,13,3,0.318359,0,0.00527494
530,1843.9,52.9405,13,4,0.342773,0,0.00532113
531,1010.21,48.3084,13,3,0.3125,0,0.00530921
532,1011.31,50.5122,13,3,0.327148,0,0.00528926
533,435.151,45.3554,13,2,0.300781,0,0.00534743
534,1011.31,47.2786,13,3,0.305664,0,0.00528811
535,1008.92,49.4291,13,3,0.311523,0,0.00526885
536,1009.59,51.7431,13,3,0.335938,0,0.00533861
537,435.149,48.5123,13,2,0.318359,0,0.00526048
538,1008.92,51.9404,13,3,0.34375,0,0.00543155
539,435.151,49.5445,13,2,0.342773,0,0.00528095
540,1008.92,54.5464,13,3,0.354492,0,0.00529656
541,1008.92,50.2258,13,3,0.322266,0,0.00539034
542,1010.21,57.7953,13,3,0.367188,0,0.00539739
543,1008.92,50.6356,13,3,0.336914,0,0.00527852
544,1008.92,52.3213,13,3,0.327148,0,0.00534511
545,1011.31,49.6795,13,3,0.319336,0,0.00525013
546,1008.92,52.7707,13,3,0.351562,0,0.00538088
547,1008.92,55.0987,13,3,0.352539,0,0.00534548
548,435.149,50.67,13,2,0.324219,0,0.00542506
549,1008.92,49.3992,13,3,0.327148,0,0.00526677
550,435.151,50.8229,13,2,0.341797,0,0.00525888
551,1008.92,56.5606,13,3,0.34668,0,0.00533115
552,1008.92,52.9191,13,3,0.353516,0,0.00529257
553,1011.31,50.7605,13,3,0.321289,0,0.00530471
554,435.151,47.2391,13,2,0.327148,0,0.00530596
555,435.127,47.085,13,2,0.31543,0,0.00520443
556,1008.92,54.8917,13,3,0.363281,0,0.00525776
557,1843.9,48.8781,13,4,0.321289,0,0.00531296
558,1011.31,53.8806,13,3,0.352539,0,0.00533093
559,1011.31,50.8399,13,3,0.314453,0,0.00534249
560,1008.92,46.9979,13,3,0.314453,0,0.00526574
561,1008.92,49.56,13,3,0.326172,0,0.0052688
562,435.149,47.873,13,2,0.323242,0,0.0052285
563,435.151,48.1962,13,2,0.325195,0,0.00517751
564,1008.92,49.7707,13,3,0.326172,0,0.00532283
565,1010.21,48.5974,13,3,0.31543,0,0.00529154
566,435.151,48.7331,13,2,0.327148,0,0.00530396
567,1008.92,50.6479,13,3,0.34082,0,0.0053237
568,1008.92,48.4354,13,3,0.323242,0,0.00536391
569,1011.31,46.975,13,3,0.301758,0,0.0052707
570,1008.92,45.7813,13,3,0.296875,0,0.00524174
571,1008.92,44.4204,13,3,0.277344,0,0.00529226
572,1008.92,52.1869,13,3,0.347656,0,0.00534169
573,435.127,50.1851,13,2,0.325195,0,0.00528452
574,1008.92,53.5244,13,3,0.344727,0,0.00526296
575,1009.59,51.4135,13,3,0.354492,0,0.00536832
576,1011.31,49.7801,13,3,0.316406,0,0.00527884
577,1008.92,49.7444,13,3,0.321289,0,0.00525276
578,1011.31,52.6945,13,3,0.342773,0,0.00548615
579,1008.92,56.3698,13,3,0.364258,0,0.00523724
580,1008.92,56.4508,13,3,0.364258,0,0.00532756
581,1011.31,52.0225,13,3,0.34668,0,0.00529076
582,435.151,50.6723,13,2,0.342773,0,0.00532105
583,1008.92,48.6758,13,3,0.323242,0,0.00524865
584,1011.31,50.7882,13,3,0.332031,0,0.00535689
585,1008.92,46.9928,13,3,0.305664,0,0.00531158
586,1008.92,55.7689,13,3,0.366211,0,0.00533707
587,1009.59,48.3683,13,3,0.304688,0,0.00530414
588,1008.92,49.6292,13,3,0.3125,0,0.00536245
589,1008.92,46.0014,13,3,0.311523,0,0.00525522
590,1843.9,58.8304,13,4,0.371094,0,0.00525915
591,1011.31,53.1731,13,3,0.344727,0,0.00531268
592,1008.92,53.3157,13,3,0.34375,0,0.00531497
593,1008.92,55.0337,13,3,0.370117,0,0.00531543
594,1008.92,52.302,13,3,0.336914,0,0.00530729
595,1008.92,52.1693,13,3,0.341797,0,0.0053137
596,1008.92,55.6542,13,3,0.367188,0,0.00524418
597,1843.9,52.5056,13,4,0.336914,0,0.00537714
598,1009.59,53.9602,13,3,0.342773,0,0.00544574
599,1008.92,55.4758,13,3,0.362305,0,0.00533907
600,1008.92,47.5478,13,3,0.311523,0,0.00535408
601,1009.59,54.4866,13,3,0.352539,0,0.00524942
602,1011.31,52.7584,13,3,0.345703,0,0.00533597
603,1843.9,49.1619,13,4,0.313477,0,0.00525562
604,1011.31,56.6376,13,3,0.361328,0,0.00536892
605,435.151,51.9867,13,2,0.34668,0,0.00528608
606,1011.31,50.3908,13,3,0.326172,0,0.00533352
607,1008.92,55.6988,13,3,0.345703,0,0.00533176
608,1008.92,49.3443,13,3,0.325195,0,0.00552885
609,1843.9,53.5363,13,4,0.336914,0,0.00530907
610,435.127,47.9569,13,2,0.320312,0,0.00530854
611,1008.92,56.4353,13,3,0.352539,0,0.00528875
612,1008.92,51.9992,13,3,0.330078,0,0.00539035
613,1008.92,54.0431,13,3,0.34375,0,0.00532361
614,1008.92,54.4741,13,3,0.357422,0,0.00532772
615,1011.31,49.9998,13,3,0.331055,0,0.00526792
616,1008.92,49.3786,13,3,0.330078,0,0.0053066
617,435.151,52.1169,13,2,0.355469,0,0.00532104
618,1011.31,52.3686,13,3,0.344727,0,0.00535679
619,1010.21,53.2189,13,3,0.348633,0,0.00528685
620,435.151,48.6381,13,2,0.325195,0,0.00530335
621,1011.31,48.8163,13,3,0.307617,0,0.00532136
622,435.127,50.8417,13,2,0.327148,0,0.00531654
623,1008.92,56.9609,13,3,0.363281,0,0.00537678
624,1008.92,53.1094,13,3,0.350586,0,0.00527601
625,1005.85,51.5235,13,3,0.336914,0,0.00527696
626,1009.59,54.8664,13,3,0.34668,0,0.00533484
627,1008.92,53.3756,13,3,0.337891,0,0.0053112
628,1008.92,54.2771,13,3,0.34668,0,0.00532027
629,1008.92,50.312,13,3,0.320312,0,0.00530555
630,1008.92,56.0442,13,3,0.352539,0,0.00523866
631,1008.92,53.6662,13,3,0.338867,0,0.00523651
632,1008.92,50.431,13,3,0.324219,0,0.00533653
633,1009.59,50.7178,13,3,0.325195,0,0.00527517
634,1008.92,47.5544,13,3,0.304688,0,0.00533081
635,1008.92,49.0515,13,3,0.317383,0,0.00534677
636,435.151,47.2905,13,2,0.318359,0,0.00527401
637,435.151,49.5899,13,2,0.325195,0,0.00541035
638,1008.92,50.4759,13,3,0.327148,0,0.00539082
639,435.151,50.7025,13,2,0.331055,0,0.0053728
640,1008.92,49.0986,13,3,0.325195,0,0.00538131
641,1011.31,52.726,13,3,0.341797,0,0.00532994
642,1011.31,53.3958,13,3,0.332031,0,0.00533386
643,1008.92,52.6671,13,3,0.327148,0,0.00529918
644,1011.31,49.0115,13,3,0.318359,0,0.00531715
645,1009.59,57.7862,13,3,0.367188,0,0.00527943
646,1008.92,50.1839,13,3,0.337891,0,0.00537262
647,1007.46,45.8986,13,3,0.291016,0,0.0053769
648,435.151,54.1215,13,2,0.349609,0,0.00542262
649,1008.92,53.2198,13,3,0.34375,0,0.00536616
650,1008.92,51.5416,13,3,0.339844,0,0.00532178
651,1008.92,59.1019,13,3,0.364258,0,0.00536281
652,1008.92,52.2995,13,3,0.332031,0,0.0053555
653,435.151,46.5314,13,2,0.3125,0,0.00532266
654,1010.21,53.6092,13,3,0.34082,0,0.00538582
655,1841.02,49.1368,13,4,0.322266,0,0.00536137
656,1006.68,54.2937,13,3,0.358398,0,0.00530477
657,1011.31,57.4113,13,3,0.373047,0,0.00541867
658,1009.59,52.5532,13,3,0.347656,0,0.0055203
659,1002.23,53.9133,13,3,0.349609,0,0.00544796
660,1010.79,56.1043,13,3,0.363281,0,0.00551032
661,1011.31,60.8494,13,3,0.373047,0,0.00552558
662,1011.31,61.9381,13,3,0.371094,0,0.00556558
663,435.151,55.4152,14,2,0.355469,0,0.00554363
664,1009.59,58.8722,15,3,0.373047,0,0.00561289
665,1007.46,55.9702,14,3,0.344727,0,0.00557087
666,1010.79,49.8313,15,3,0.30957,0,0.00564925
667,1002.23,55.6925,15,3,0.357422,0,0.00564761
668,1010.21,63.4352,15,3,0.393555,0,0.00575983
669,1006.68,55.4858,15,3,0.353516,0,0.0056133
670,1009.59,64.5693,15,3,0.382812,0,0.00569529
671,1008.21,65.3964,17,3,0.401367,0,0.00570945
672,1007.46,61.4442,15,3,0.37207,0,0.00562756
673,1010.21,60.9667,17,3,0.384766,0,0.0057262
674,1008.92,62.2312,17,3,0.391602,0,0.00570822
675,1007.46,64.5086,17,3,0.399414,0,0.00583001
676,1007.46,67.4191,17,3,0.414062,0,0.0059359
677,1004.1,65.2639,17,3,0.391602,0,0.00572661
678,1802.66,66.0106,17,4,0.405273,0,0.00583086
679,1010.21,69.6759,17,3,0.408203,0,0.00599354
680,1011.78,61.8677,17,3,0.389648,0,0.00591072
681,1008.92,64.0518,17,3,0.396484,0,0.00580797
682,1007.46,66.8093,17,3,0.40625,0,0.00577967
683,1009.59,68.3077,17,3,0.401367,0,0.00577762
684,1011.31,65.4862,17,3,0.408203,0,0.00577917
685,1005.85,58.0295,17,3,0.368164,0,0.00596556
686,1010.21,63.593,17,3,0.385742,0,0.00580336
687,1008.92,64.5897,17,3,0.395508,0,0.00593305
688,1002.23,59.4578,17,3,0.388672,0,0.00579331
689,1819.76,65.9957,17,4,0.388672,0,0.00585103
690,1802.66,70.9375,17,4,0.417969,0,0.0059615
691,1827.51,65.9844,17,4,0.402344,0,0.00586786
692,1831.15,72.1015,17,4,0.432617,0,0.00590745
693,1008.92,60.064,17,3,0.369141,0,0.00589346
694,1005.85,64.2953,17,3,0.386719,0,0.00596825
695,1008.92,69.1857,17,3,0.420898,0,0.00599293
696,1005.85,59.085,17,3,0.376953,0,0.00592087
697,1007.46,62.0101,17,3,0.379883,0,0.00585606
698,1004.99,66.5269,17,3,0.420898,0,0.00587227
699,1005.85,65.3715,17,3,0.411133,0,0.00600059
700,1004.99,63.0655,17,3,0.384766,0,0.00592692
701,1010.21,64.6954,17,3,0.391602,0,0.00596786
702,983.489,68.1141,17,3,0.422852,0,0.0059656
703,1819.76,68.4986,17,4,0.392578,0,0.00612623
704,1010.21,72.0518,19,3,0.4375,0,0.00600664
705,1823.71,72.6131,17,4,0.418945,0,0.00602059
706,1005.85,67.18,19,3,0.431641,0,0.00601005
707,1823.71,72.1785,17,4,0.442383,0,0.00600871
708,1811.47,73.8307,17,4,0.432617,0,0.0059429
709,1008.21,68.7518,19,3,0.412109,0,0.00621151
710,1004.1,74.9259,19,3,0.456055,0,0.00613777
711,1798.09,70.4854,17,4,0.414062,0,0.00632204
712,1834.62,76.8486,19,4,0.464844,0,0.00616663
713,1815.68,75.2692,19,4,0.44043,0,0.00611419
714,1008.92,74.265,19,3,0.452148,0,0.00619567
715,1008.92,75.3479,19,3,0.452148,0,0.00632027
716,1827.51,77.449,19,4,0.443359,0,0.00617373
717,1841.02,81.4995,19,4,0.478516,0,0.0061995
718,1802.66,73.4358,19,4,0.4375,0,0.00616417
719,1011.31,70.4477,19,3,0.421875,0,0.00624703
720,1009.59,80.6328,21,3,0.475586,0,0.00626024
721,1007.46,77.7309,21,3,0.46582,0,0.00629966
722,1827.51,76.8917,21,4,0.451172,0,0.00645988
723,1783.71,82.6505,21,4,0.473633,0,0.00656532
724,1005.85,76.2013,20,3,0.442383,0,0.00636568
725,1004.1,80.7432,21,3,0.476562,0,0.00639869
726,1010.79,77.9534,21,3,0.455078,0,0.00644271
727,1004.1,74.9384,21,3,0.453125,0,0.00648869
728,1832.91,85.087,21,4,0.477539,0,0.00657822
729,1802.66,75.1064,21,4,0.432617,0,0.00653762
730,1831.15,77.0965,21,4,0.455078,0,0.00658553
731,1006.68,78.0641,21,3,0.454102,0,0.00655449
732,1007.46,80.5512,22,3,0.447266,0,0.00654188
733,1834.62,82.226,23,4,0.462891,0,0.00671761
734,1010.21,76.6922,23,3,0.455078,0,0.00664017
735,1788.61,77.1798,24,4,0.457031,0,0.00695635
736,1006.68,84.5418,23,3,0.458008,0,0.00682263
737,1004.1,86.8453,26,3,0.495117,0,0.00693459
738,1815.68,95.7582,26,4,0.504883,0,0.00682662
739,4155.95,87.224,25,6,0.458984,0,0.00689694
740,1000.23,96.2047,31,3,0.541016,0,0.00748076
741,1811.47,89.5503,28,4,0.494141,0,0.00738952
742,1760.49,91.1277,27,4,0.473633,0,0.00767208
743,1846.55,92.1669,30,4,0.476562,0,0.00753676
744,1798.09,94.6706,31,4,0.5,0,0.00766856
745,1752.35,96.9165,33,4,0.522461,0,0.00756508
746,2877.78,109.011,33,5,0.549805,0,0.00766498
747,1788.61,89.3279,33,4,0.478516,0,0.00771658
748,1819.76,83.4999,33,4,0.446289,0,0.00768394
749,1778.72,86.4856,33,4,0.46875,0,0.00785361
750,1008.92,85.8913,34,3,0.462891,0,0.00774751
751,1005.85,88.3211,35,3,0.476562,0,0.00786576
752,1819.76,91.7221,35,4,0.475586,0,0.00784579
753,1823.71,105.185,38,4,0.524414,0,0.00785196
754,2811.38,96.7976,39,5,0.50293,0,0.00800295
755,2912.97,112.376,41,5,0.558594,0,0.00843193
756,2867.41,101.892,39,5,0.532227,0,0.00824199
757,2842.09,112.713,45,5,0.563477,0,0.00838341
758,2856.74,102.779,41,5,0.515625,0,0.00838466
759,2803.43,98.0633,43,5,0.504883,0,0.00827083
760,1837.92,100.845,39,4,0.512695,0,0.00825294
761,1813.59,103.136,41,4,0.522461,0,0.00832352
762,1800.39,107.971,49,4,0.570312,0,0.0083644
763,1821.75,98.1172,43,4,0.523438,0,0.00820931
764,1005.85,102.912,43,3,0.540039,0,0.00838928
765,1000.23,103.623,48,3,0.551758,0,0.00842444
766,1773.62,111.769,47,4,0.572266,0,0.0085494
767,2787.22,117.175,46,5,0.578125,0,0.00847112
768,2823.1,99.0773,41,5,0.521484,0,0.0083243
769,1783.71,102.415,48,4,0.529297,0,0.00875526
770,1819.76,114.699,45,4,0.5625,0,0.0083568
771,1002.23,106.73,48,3,0.553711,0,0.00841358
772,1741.21,105.4,47,4,0.535156,0,0.00874631
773,1788.61,107.658,47,4,0.53418,0,0.00882413
774,1807.12,115.106,51,4,0.581055,0,0.00879183
775,1793.4,99.6851,51,4,0.52832,0,0.00886366
776,1827.51,111.682,48,4,0.543945,0,0.00876443
777,1798.09,112.062,51,4,0.564453,0,0.00892339
778,1783.71,116.971,50,4,0.570312,0,0.00879037
779,1819.76,120.282,50,4,0.575195,0,0.00899561
780,1793.4,116.333,53,4,0.588867,0,0.00911494
781,2830.78,128.425,54,5,0.609375,0,0.0090736
782,2774.8,117.926,53,5,0.583984,0,0.00885677
783,1793.4,118.583,51,4,0.574219,0,0.00886637
784,1763.17,107.057,53,4,0.554688,0,0.00882504
785,2823.1,114.1,51,5,0.553711,0,0.00882223
786,1823.71,117.638,51,4,0.567383,0,0.00893634
787,2845.8,116.315,52,5,0.570312,0,0.0088085
788,1817.74,105.764,50,4,0.52832,0,0.00902274
789,1815.68,113.467,53,4,0.55957,0,0.00937359
790,5867.34,119.03,53,7,0.558594,0,0.00928928
791,1717.99,111.045,54,4,0.554688,0,0.00948533
792,2845.8,120.414,53,5,0.570312,0,0.00952107
793,1815.68,126.131,68,4,0.612305,0,0.00930021
794,2856.74,130.029,61,5,0.615234,0,0.00946103
795,995.918,114.716,54,3,0.580078,0,0.00943393
796,1729.75,114.871,55,4,0.564453,0,0.00988203
797,2870.9,124.201,70,5,0.594727,0,0.00951243
798,1786.17,119.82,53,4,0.567383,0,0.00993453
799,1802.66,119.114,53,4,0.557617,0,0.00953429
800,2853.13,120.264,68,5,0.579102,0,0.00941689
801,2811.38,131.854,101,5,0.640625,0,0.00989876
802,2884.52,130.502,59,5,0.594727,0,0.00942113
803,4191.47,125.919,54,6,0.578125,0,0.00957488
804,2830.78,122.162,101,5,0.592773,0,0.0102063
805,1834.62,121.286,101,4,0.608398,0,0.00988485
806,2834.58,118.479,54,5,0.56543,0,0.00927732
807,1829.35,117.314,101,4,0.578125,0,0.00971929
808,1776.18,110.793,76,4,0.547852,0,0.00964866
809,1802.66,106.112,54,4,0.508789,0,0.00965247
810,1781.23,116.381,101,4,0.555664,0,0.0104644
811,1715,122.802,101,4,0.561523,0,0.0105095
812,1817.74,123.801,101,4,0.583984,0,0.0100454
813,3855.34,122.016,101,6,0.558594,0,0.0104084
814,1807.12,113.539,101,4,0.540039,0,0.010156
815,1823.71,123.68,101,4,0.571289,0,0.0103622
816,1823.71,127.778,101,4,0.605469,0,0.00994098
817,4150.74,121.713,101,6,0.576172,0,0.00960838
818,1831.15,126.109,101,4,0.584961,0,0.010221
819,1831.15,116.908,101,4,0.5625,0,0.0099463
820,1834.62,116.915,101,4,0.541016,0,0.00959759
821,1811.47,128.81,101,4,0.607422,0,0.00986768
822,2906.93,123.044,101,5,0.569336,0,0.00988112
823,1773.62,117.009,101,4,0.551758,0,0.00983311
824,1843.9,114.357,101,4,0.537109,0,0.0103716
825,1827.51,126.007,101,4,0.567383,0,0.0104429
826,1804.91,125.816,101,4,0.581055,0,0.0104545
827,1798.09,125.796,101,4,0.569336,0,0.0105095
828,2863.89,134.476,101,5,0.597656,0,0.0107396
829,4096.95,123.051,101,6,0.575195,0,0.0106446
830,1821.75,114.091,101,4,0.53418,0,0.0105262
831,1839.49,123.007,101,4,0.567383,0,0.0106386
832,1831.15,130.421,101,4,0.594727,0,0.0108684
833,1817.74,135.395,101,4,0.611328,0,0.0107203
834,4270.03,126.597,101,6,0.59082,0,0.0101624
835,4085.84,134.571,101,6,0.608398,0,0.010679
836,1741.21,129.874,101,4,0.620117,0,0.0103311
837,1837.92,116.605,101,4,0.560547,0,0.0100527
838,3637.32,134.291,101,6,0.619141,0,0.010035
839,1007.46,126.6,101,3,0.628906,0,0.0101533
840,1813.59,130.586,101,4,0.600586,0,0.0101004
841,2823.1,124.373,101,5,0.582031,0,0.0102675
842,1809.31,125.254,101,4,0.62793,0,0.00978529
843,1781.23,128.323,101,4,0.621094,0,0.00959912
844,1807.12,136.532,101,4,0.635742,0,0.00981972
845,1793.4,137.341,101,4,0.65625,0,0.00990559
846,1802.66,131.396,101,4,0.623047,0,0.00972359
847,1788.61,137.645,101,4,0.65918,0,0.00980364
848,1819.76,124.941,101,4,0.611328,0,0.00958514
849,2838.35,129.42,101,5,0.615234,0,0.00954664
850,1834.62,128.26,101,4,0.631836,0,0.00974485
851,1825.63,132.801,101,4,0.630859,0,0.0095017
852,2867.41,140.778,101,5,0.654297,0,0.0097228
853,2870.9,135.056,101,5,0.640625,0,0.00972027
854,2853.13,133.122,101,5,0.639648,0,0.00933283
855,1776.18,143.962,101,4,0.674805,0,0.0100594
856,1811.47,130.849,101,4,0.651367,0,0.00953609
857,2903.85,128.62,101,5,0.630859,0,0.00929513
858,2849.48,132.575,101,5,0.644531,0,0.00927584
859,1783.71,131.757,101,4,0.65332,0,0.00942807
860,2807.41,133.782,102.835,5,0.654297,1,0.00961935
861,2881.17,121.194,101,5,0.623047,0,0.00928787
862,1821.75,128.536,101,4,0.628906,0,0.00949579
863,1795.76,139.921,101,4,0.669922,0,0.00994636
864,2870.9,121.202,101,5,0.618164,0,0.00956715
865,1831.15,113.557,56,4,0.575195,0,0.00927274
866,1815.68,125.909,101,4,0.62207,0,0.0095192
867,1715,131.046,101,4,0.634766,0,0.00955532
868,4215.78,127.626,101,6,0.607422,0,0.00965862
869,7410.92,144.957,101,8,0.676758,0,0.00959861
870,2877.78,148.012,101,5,0.6875,0,0.00947785
871,1804.91,119.591,101,4,0.611328,0,0.00916777
872,2887.84,130.323,102.835,5,0.652344,1,0.00943586
873,1809.31,133.665,101,4,0.652344,0,0.00971938
874,2853.13,135.253,101,5,0.647461,0,0.0092353
875,1788.61,132.401,101,4,0.645508,0,0.00944788
876,4220.53,142.72,105,6,0.676758,1,0.00936184
877,1817.74,136.303,101,4,0.667969,0,0.00897869
878,2912.97,140.497,109.829,5,0.699219,1,0.00891514
879,2877.78,130.046,101,5,0.645508,0,0.00875179
880,1788.61,126.873,101,4,0.641602,0,0.00908348
881,1811.47,138.54,106.93,4,0.682617,1,0.00894435
882,1836.29,136.479,101,4,0.665039,0,0.0086928
883,2799.41,132.825,101,5,0.646484,0,0.00860458
884,1793.4,114.239,106.306,4,0.624023,1,0.00853325
885,1829.35,136.648,101,4,0.664062,0,0.00885528
886,2867.41,146.15,107.538,5,0.703125,1,0.00868353
887,4051.83,139.641,101,6,0.674805,0,0.00876996
888,2877.78,129.824,101,5,0.652344,0,0.0091989
889,2877.78,129.774,101,5,0.642578,0,0.00897682
890,2853.13,138.794,106.306,5,0.678711,1,0.00927103
891,1715,121.658,101,4,0.639648,0,0.00892864
892,2903.85,123.306,67,5,0.614258,0,0.00885108
893,2903.85,127.066,54,5,0.608398,0,0.00903006
894,1807.12,132.374,105.663,4,0.661133,1,0.00946215
895,4040.28,156.072,108.709,6,0.717773,1,0.00902592
896,1827.51,135.262,101,4,0.661133,0,0.00904859
897,2909.97,144.646,110.371,5,0.711914,1,0.00906046
898,2935.25,137.122,101,5,0.675781,0,0.00917981
899,1811.47,133.522,101,4,0.666016,0,0.00905125
900,1800.39,131.685,106.93,4,0.671875,1,0.00904862
901,2887.84,132.929,104.312,5,0.662109,1,0.00884214
902,4239.12,147.613,110.371,6,0.716797,1,0.00891543
903,2853.13,143.434,111.937,5,0.720703,1,0.00897782
904,1823.71,138.753,109.275,4,0.695312,1,0.00902943
905,1741.21,128.075,109.275,4,0.658203,1,0.00917338
906,1825.63,133.136,106.306,4,0.665039,1,0.00898938
907,1832.91,139.296,110.371,4,0.698242,1,0.00886563
908,1813.59,137.526,101,4,0.674805,0,0.00889565
909,2845.8,140.938,109.275,5,0.696289,1,0.00877274
910,1791.02,136.358,110.371,4,0.700195,1,0.00912705
911,2826.95,141.178,109.275,5,0.692383,1,0.00892719
912,1837.92,153.086,111.425,4,0.749023,1,0.00874722
913,1802.66,132.467,110.903,4,0.692383,1,0.0090577
914,1815.68,135.849,108.709,4,0.686523,1,0.00881807
915,1798.09,139.193,108.709,4,0.685547,1,0.0092415
916,1798.09,132.327,108.13,4,0.669922,1,0.00889225
917,1788.61,139.794,109.275,4,0.705078,1,0.00912576
918,1802.66,139.837,109.829,4,0.696289,1,0.00896188
919,1815.68,129.358,108.709,4,0.667969,1,0.00900168
920,1807.12,129.216,109.275,4,0.677734,1,0.00889943
921,1773.62,122.225,101,4,0.632812,0,0.00885621
922,2740.66,144.674,110.371,5,0.705078,1,0.00896271
923,2853.13,149.473,109.829,5,0.72168,1,0.0089194
924,1831.15,140.465,109.275,4,0.696289,1,0.00878503
925,1804.91,141.32,110.371,4,0.708984,1,0.00899783
926,2845.8,151.046,111.425,5,0.734375,1,0.00912791
927,2811.38,143.486,101,5,0.686523,0,0.00883941
928,1834.62,128.305,105,4,0.652344,1,0.00890585
929,4210.99,138.382,110.371,6,0.698242,1,0.00883754
930,1827.51,148.212,110.903,4,0.713867,1,0.00908005
931,1807.12,138.28,110.371,4,0.696289,1,0.00893209
932,2900.72,139.812,109.829,5,0.699219,1,0.00905621
933,1793.4,140.913,108.709,4,0.699219,1,0.0090297
934,4274.26,147.838,110.371,6,0.71875,1,0.00907236
935,1815.68,135.122,109.829,4,0.685547,1,0.00902261
936,1788.61,148.659,110.903,4,0.731445,1,0.00918783
937,2853.13,149.803,109.275,5,0.707031,1,0.00940017
938,2842.09,137.462,106.306,5,0.68457,1,0.00903874
939,2842.09,144.281,110.371,5,0.704102,1,0.00900356
940,1783.71,143.855,111.937,4,0.713867,1,0.00955428
941,2834.58,152.658,111.937,5,0.734375,1,0.00932767
942,1802.66,136.939,112.934,4,0.712891,1,0.00919446
943,1821.75,140.171,110.903,4,0.691406,1,0.009206
944,2811.38,152.096,111.937,5,0.733398,1,0.00924105
945,1819.76,146.016,111.425,4,0.719727,1,0.00947665
946,4176.45,151.329,111.425,6,0.727539,1,0.00928731
947,1819.76,137.459,111.937,4,0.696289,1,0.00926312
948,1819.76,143.503,109.275,4,0.696289,1,0.0091637
949,1815.68,139.98,110.903,4,0.692383,1,0.00943869
950,1813.59,139.223,112.934,4,0.713867,1,0.00957352
951,2897.56,150.158,110.903,5,0.714844,1,0.00979212
952,1811.47,147.493,110.903,4,0.709961,1,0.00952249
953,2842.09,143.115,111.425,5,0.709961,1,0.00931521
954,1825.63,125.11,58,4,0.617188,0,0.00941368
955,2803.43,155.272,109.829,5,0.723633,1,0.0094335
956,1832.91,137.445,108.13,4,0.671875,1,0.00949767
957,4234.53,148.68,110.371,6,0.702148,1,0.00957081
958,2766.4,137.727,108.709,5,0.675781,1,0.00975225
959,2863.89,149.216,110.371,5,0.713867,1,0.00981625
960,1813.59,145.674,110.371,4,0.708984,1,0.0094511
961,1793.4,124.968,68,4,0.633789,0,0.00934516
962,1821.75,133.865,106.93,4,0.665039,1,0.00952913
963,1786.17,140.515,107.538,4,0.688477,1,0.00926046
964,2853.13,162.529,110.903,5,0.74707,1,0.00922018
965,1795.76,141.797,107.538,4,0.69043,1,0.00928472
966,1815.68,136.598,111.937,4,0.704102,1,0.00929429
967,4124.23,148.231,110.903,6,0.710938,1,0.00953906
968,1819.76,136.196,110.903,4,0.681641,1,0.00939218
969,1846.55,151.707,111.937,4,0.735352,1,0.00940124
970,4107.95,147.796,110.903,6,0.709961,1,0.00957325
971,2884.52,140.313,110.903,5,0.694336,1,0.0097484
972,1778.72,142.799,108.709,4,0.694336,1,0.00927715
973,2870.9,146.28,111.425,5,0.713867,1,0.00917205
974,2668.24,149.243,110.903,5,0.711914,1,0.00953116
975,1827.51,143.481,110.903,4,0.707031,1,0.00943853
976,2853.13,149.928,109.275,5,0.705078,1,0.0092868
977,1825.63,145.33,111.937,4,0.712891,1,0.009377
978,1817.74,142.643,111.937,4,0.708984,1,0.00913431
979,1819.76,159.076,112.934,4,0.757812,1,0.00957605
980,1807.12,150.693,111.937,4,0.727539,1,0.00943118
981,1834.62,146.295,109.275,4,0.703125,1,0.00926596
982,1815.68,140.234,109.829,4,0.691406,1,0.00932338
983,2887.84,144.997,109.275,5,0.695312,1,0.00922309
984,2834.58,139.686,111.937,5,0.699219,1,0.00933348
985,1783.71,143.943,107.538,4,0.701172,1,0.0093486
986,4150.74,148.929,111.937,6,0.727539,1,0.00946304
987,1809.31,134.354,71,4,0.661133,0,0.00949693
988,1823.71,146.557,111.937,4,0.744141,1,0.00929243
989,1823.71,138.86,70,4,0.668945,0,0.00932315
990,1800.39,141.058,111.425,4,0.707031,1,0.00932262
991,1802.66,153.539,111.937,4,0.743164,1,0.00937865
992,2863.89,148.653,112.44,5,0.734375,1,0.00912047
993,2903.85,146.265,109.829,5,0.701172,1,0.00923146
994,2778.96,133.042,58,5,0.647461,0,0.00927209
995,1813.59,147.982,111.937,4,0.724609,1,0.0093698
996,1795.76,143.135,110.371,4,0.699219,1,0.00901894
997,1811.47,137.534,110.903,4,0.698242,1,0.00897547
998,1771.04,144.14,111.937,4,0.717773,1,0.00928079
999,1800.39,141.437,107.538,4,0.685547,1,0.00942666
1000,4124.23,164.939,112.934,6,0.774414,1,0.00964041
1001,4145.5,149.409,110.371,6,0.713867,1,0.00964543
1002,2787.22,153.89,111.937,5,0.728516,1,0.00948011
1003,1811.47,152.764,111.937,4,0.732422,1,0.00977649
1004,2867.41,155.237,112.44,5,0.735352,1,0.00937513
1005,1802.66,141.572,111.937,4,0.71875,1,0.00953849
1006,1819.76,145.244,109.275,4,0.696289,1,0.0098647
1007,4118.83,160.64,113.897,6,0.766602,1,0.00988843
1008,2867.41,143.768,112.934,5,0.71875,1,0.00975849
1009,1802.66,135.715,66,4,0.669922,0,0.00966117
1010,1834.62,148.452,111.937,4,0.717773,1,0.0097887
1011,1821.75,147.076,111.937,4,0.722656,1,0.00980255
1012,4107.95,153.636,114.828,6,0.755859,1,0.00970104
1013,1804.91,155.499,112.934,4,0.741211,1,0.0099346
1014,2736.29,153.742,111.937,5,0.727539,1,0.00964144
1015,2823.1,150.563,113.419,5,0.730469,1,0.00988357
1016,1798.09,149.969,114.828,4,0.745117,1,0.00998735
1017,2795.37,149.011,112.44,5,0.71875,1,0.0101003
1018,2900.72,158.382,114.828,5,0.758789,1,0.00982462
1019,1809.31,161.448,114.366,4,0.759766,1,0.00992948
1020,2856.74,152.364,113.897,5,0.722656,1,0.0102359
1021,4107.95,151.297,112.934,6,0.724609,1,0.00995925
1022,2795.37,150.81,111.937,5,0.724609,1,0.0100207
1023,1821.75,149.387,114.366,4,0.743164,1,0.010191
1024,2766.4,150.322,114.366,5,0.732422,1,0.00998839
1025,1802.66,131.543,76,4,0.645508,0,0.0101641
1026,2842.09,145.533,107.538,5,0.692383,1,0.0100563
1027,2819.22,145.372,109.829,5,0.695312,1,0.0103095
1028,2811.38,135.354,112.934,5,0.685547,1,0.0101279
1029,2891.12,156.529,110.903,5,0.730469,1,0.00990703
1030,2830.78,151.906,114.366,5,0.744141,1,0.0100283
1031,2830.78,149.42,110.903,5,0.712891,1,0.00998116
1032,1800.39,144.038,110.371,4,0.696289,1,0.0102329
1033,2807.41,149.971,113.419,5,0.719727,1,0.0101011
1034,2826.95,136.417,106.306,5,0.669922,1,0.00999703
1035,2856.74,134.8,110.903,5,0.677734,1,0.00987671
1036,2856.74,147.57,109.829,5,0.696289,1,0.00995953
1037,1788.61,151.397,114.828,4,0.729492,1,0.0101109
1038,1783.71,142.997,111.425,4,0.705078,1,0.00979808
1039,1791.02,145.27,113.897,4,0.724609,1,0.010036
1040,4113.41,146.724,110.903,6,0.695312,1,0.0101133
1041,2766.4,162.293,115.282,5,0.772461,1,0.0100805
1042,1807.12,144.441,111.425,4,0.705078,1,0.0100242
1043,2803.43,152.808,111.425,5,0.710938,1,0.0101765
1044,1819.76,150.64,113.419,4,0.727539,1,0.010141
1045,1821.75,157.843,113.419,4,0.748047,1,0.0100021
1046,1802.66,154.308,110.903,4,0.723633,1,0.0100476
1047,1800.39,143.513,113.419,4,0.71875,1,0.00994964
1048,1795.76,150.685,113.897,4,0.735352,1,0.00984835
1049,1791.02,151.885,113.897,4,0.75,1,0.00966872
1050,2918.83,142.581,111.937,5,0.696289,1,0.00981878
1051,2803.43,151.173,114.366,5,0.74707,1,0.0100887
1052,2783.1,146.214,112.44,5,0.708984,1,0.00961515
1053,2731.9,148.049,113.897,5,0.730469,1,0.00978534
1054,1793.4,150.244,115.282,4,0.748047,1,0.0102155
1055,2774.8,148.464,115.282,5,0.736328,1,0.0103385
1056,1802.66,150.342,113.897,4,0.727539,1,0.0101235
1057,2845.8,147.634,110.903,5,0.716797,1,0.0100098
1058,2830.78,156.6,114.828,5,0.750977,1,0.00990928
1059,4134.93,156.072,110.903,6,0.730469,1,0.0100582
1060,1802.66,149.801,64,4,0.68457,0,0.00980539
1061,2884.52,149.186,111.937,5,0.717773,1,0.00975931
1062,1815.68,158.592,112.934,4,0.749023,1,0.010188
1063,1809.31,152.708,114.366,4,0.733398,1,0.0100652
1064,1795.76,143.398,111.937,4,0.700195,1,0.0102786
1065,1717.99,142.607,113.897,4,0.723633,1,0.0100553
1066,4186.5,164.972,113.419,6,0.750977,1,0.0101058
1067,2863.89,153.882,116.17,5,0.761719,1,0.0100257
1068,2849.48,149.386,111.937,5,0.708008,1,0.00977959
1069,2778.96,162.404,112.934,5,0.748047,1,0.00988489
1070,1825.63,144.487,111.425,4,0.701172,1,0.00986317
1071,1783.71,152.806,111.937,4,0.728516,1,0.00985695
1072,1811.47,141.143,111.937,4,0.699219,1,0.00994329
1073,1804.91,148.061,112.44,4,0.722656,1,0.0101712
1074,1804.91,136.884,75,4,0.657227,0,0.00987801
1075,2845.8,152.04,110.903,5,0.706055,1,0.0101184
1076,1807.12,149.382,113.897,4,0.714844,1,0.0104686
1077,1807.12,153.188,112.934,4,0.728516,1,0.010022
1078,2838.35,134.978,110.371,5,0.662109,1,0.0097333
1079,1802.66,149.507,114.366,4,0.730469,1,0.00961392
1080,1798.09,144.412,114.828,4,0.728516,1,0.00995065
1081,1729.75,157.807,114.828,4,0.769531,1,0.0101111
1082,1823.71,136.361,110.903,4,0.670898,1,0.010024
1083,4129.59,159.074,111.937,6,0.727539,1,0.0102333
1084,2891.12,145.983,114.828,5,0.713867,1,0.010167
1085,2803.43,142.675,112.44,5,0.702148,1,0.0101265
1086,999.194,138.161,114.828,3,0.707031,1,0.0102191
1087,1798.09,161.553,113.419,4,0.746094,1,0.0102093
1088,1834.62,156.563,114.366,4,0.735352,1,0.0101155
1089,2834.58,163.48,115.729,5,0.766602,1,0.0100515
1090,2826.95,143.191,111.937,5,0.691406,1,0.0102655
1091,1802.66,135.81,110.371,4,0.665039,1,0.0101386
1092,4166.27,155.693,114.828,6,0.733398,1,0.0100484
1093,2807.41,148.205,112.934,5,0.717773,1,0.00989734
1094,1811.47,147.77,111.937,4,0.706055,1,0.00993923
1095,4057.57,155.025,114.828,6,0.741211,1,0.0101674
1096,1788.61,144.383,112.44,4,0.710938,1,0.0103757
1097,2838.35,155.71,115.282,5,0.753906,1,0.0101935
1098,2811.38,155.226,114.828,5,0.74707,1,0.0101323
1099,2830.78,159.178,113.897,5,0.763672,1,0.0100336
1100,2860.33,146.71,111.937,5,0.704102,1,0.0100925
1101,1778.72,144.142,112.934,4,0.706055,1,0.0101066
1102,2795.37,157.55,114.366,5,0.738281,1,0.0102103
1103,2849.48,146.348,111.937,5,0.700195,1,0.0101346
1104,1793.4,145.213,111.937,4,0.695312,1,0.0100769
1105,1819.76,156.072,114.828,4,0.749023,1,0.0100683
1106,1823.71,147.796,111.937,4,0.709961,1,0.0105205
1107,2766.4,149.105,114.828,5,0.717773,1,0.0103924
1108,1798.09,145.074,114.828,4,0.720703,1,0.010328
1109,2900.72,150.843,76,5,0.685547,0,0.0103873
1110,2887.84,160.738,114.828,5,0.757812,1,0.010204
1111,1757.8,152.888,116.603,4,0.769531,1,0.0104077
1112,1786.17,147.552,114.828,4,0.71582,1,0.0105629
1113,1815.68,151.759,114.828,4,0.720703,1,0.0106202
1114,4176.45,154.705,111.937,6,0.71582,1,0.0107046
1115,4166.27,156.225,116.603,6,0.75293,1,0.0105795
1116,2877.78,147.68,115.729,5,0.727539,1,0.0102411
1117,2870.9,145.518,116.17,5,0.738281,1,0.0103649
1118,4140.23,158.827,115.729,6,0.753906,1,0.0104481
1119,1778.72,151.912,114.828,4,0.732422,1,0.0104692
1120,1786.17,147.452,101,4,0.689453,0,0.0105189
1121,1778.72,147.32,115.729,4,0.734375,1,0.0103758
1122,2787.22,154.433,115.729,5,0.756836,1,0.0103831
1123,4113.41,154.123,114.828,6,0.725586,1,0.0104238
1124,2860.33,156.429,112.44,5,0.720703,1,0.0104244
1125,1788.61,160.004,115.729,4,0.750977,1,0.0106135
1126,1807.12,157.987,115.282,4,0.738281,1,0.0104382
1127,1793.4,144.19,116.17,4,0.72168,1,0.0104997
1128,1802.66,136.677,114.828,4,0.689453,1,0.0103308
1129,1752.35,144.106,76,4,0.672852,0,0.0106837
1130,1813.59,146.217,113.897,4,0.708008,1,0.0102742
1131,2795.37,138.434,109.275,5,0.673828,1,0.0106014
1132,2749.33,152.511,111.425,5,0.71875,1,0.010425
1133,2774.8,147.828,111.937,5,0.701172,1,0.0103662
1134,1807.12,144.09,110.371,4,0.697266,1,0.0104871
1135,1827.51,145.144,114.828,4,0.705078,1,0.0106426
1136,2807.41,153.269,114.828,5,0.733398,1,0.0106764
1137,1765.81,158.821,114.828,4,0.748047,1,0.0105627
1138,1705.93,154.761,115.729,4,0.75293,1,0.0104261
1139,1005.85,138.99,115.282,3,0.705078,1,0.0107835
1140,2791.31,158.158,113.897,5,0.740234,1,0.0105827
1141,1788.61,150.588,116.603,4,0.728516,1,0.0106305
1142,1793.4,165.846,116.603,4,0.768555,1,0.010845
1143,2881.17,151.816,112.934,5,0.708984,1,0.0104961
1144,2842.09,153.131,116.17,5,0.735352,1,0.010774
1145,4210.99,149.703,113.897,6,0.71582,1,0.0105974
1146,2770.61,157.524,116.603,5,0.749023,1,0.010727
1147,1802.66,146.438,115.729,4,0.71582,1,0.0107069
1148,2900.72,157.251,115.729,5,0.735352,1,0.0107278
1149,2860.33,161.191,113.897,5,0.733398,1,0.0104494
1150,1827.51,158.778,114.828,4,0.74707,1,0.0103004
1151,2731.9,157.052,116.17,5,0.769531,1,0.0102627
1152,1802.66,150.767,115.729,4,0.729492,1,0.0105176
1153,1793.4,160.524,116.17,4,0.759766,1,0.0107313
1154,1765.81,152.106,114.366,4,0.723633,1,0.0104686
1155,1817.74,165.115,111.937,4,0.741211,1,0.0102653
1156,1802.66,159.125,115.729,4,0.754883,1,0.0103184
1157,2870.9,146.989,112.44,5,0.699219,1,0.0104099
1158,1783.71,152.638,116.17,4,0.750977,1,0.0104812
1159,1771.04,148.813,114.828,4,0.725586,1,0.0107477
1160,1778.72,153.447,114.828,4,0.728516,1,0.0107884
1161,2891.12,160.254,115.282,5,0.74707,1,0.0104213
1162,2795.37,151.406,114.828,5,0.724609,1,0.0104197
1163,2778.96,159.986,116.17,5,0.759766,1,0.0103269
1164,2897.56,157.67,113.897,5,0.728516,1,0.0104689
1165,2891.12,158.769,114.828,5,0.739258,1,0.0102925
1166,2842.09,148.347,115.729,5,0.725586,1,0.010654
1167,2791.31,162.119,116.17,5,0.766602,1,0.0107094
1168,1804.91,163.894,118.675,4,0.804688,1,0.0106304
1169,2853.13,163.446,117.45,5,0.763672,1,0.0108538
1170,2787.22,169.197,117.865,5,0.77832,1,0.0109168
1171,1795.76,150.164,116.603,4,0.729492,1,0.0109135
1172,2856.74,161.397,115.729,5,0.739258,1,0.0106796
1173,2770.61,149.32,116.17,5,0.724609,1,0.0108585
1174,2766.4,157.557,116.17,5,0.742188,1,0.0109079
1175,1788.61,150.184,116.17,4,0.727539,1,0.0106101
1176,1786.17,146.936,115.729,4,0.71582,1,0.0106198
1177,2867.41,153.892,116.603,5,0.741211,1,0.0107945
1178,2811.38,147.066,115.282,5,0.709961,1,0.0107623
1179,2826.95,160.272,116.17,5,0.753906,1,0.0110942
1180,1783.71,148.909,114.828,4,0.711914,1,0.0107658
1181,2856.74,135.584,101,5,0.655273,0,0.0107165
1182,1798.09,153.603,115.282,4,0.725586,1,0.0108177
1183,1815.68,150.026,115.282,4,0.717773,1,0.010717
1184,1793.4,146.674,114.828,4,0.714844,1,0.0105061
1185,2803.43,170.614,117.03,5,0.789062,1,0.0104094
1186,2787.22,152.313,114.366,5,0.71875,1,0.0104575
1187,4239.12,164.978,115.729,6,0.763672,1,0.0106252
1188,4186.5,161.419,115.282,6,0.739258,1,0.0108272
1189,1773.62,147.969,116.603,4,0.730469,1,0.0106978
1190,1809.31,152.859,116.17,4,0.75293,1,0.0106814
1191,2842.09,155.013,113.897,5,0.724609,1,0.010566
1192,2823.1,151.431,116.603,5,0.737305,1,0.0107171
1193,2830.78,148.762,111.937,5,0.697266,1,0.0108577
1194,4107.95,160.63,117.865,6,0.771484,1,0.0107926
1195,4155.95,159.718,104.312,6,0.705078,1,0.0107297
1196,2823.1,139.273,115.729,5,0.695312,1,0.0107069
1197,1821.75,152.526,116.603,4,0.732422,1,0.0110018
1198,1823.71,163.559,118.675,4,0.78125,1,0.0110181
1199,1802.66,152.313,115.282,4,0.72168,1,0.011008
1200,2778.96,161.689,117.45,5,0.763672,1,0.0109527
1201,1783.71,158.457,117.45,4,0.762695,1,0.0109564
1202,2731.9,157.76,115.282,5,0.738281,1,0.0107019
1203,1776.18,152.012,116.17,4,0.732422,1,0.0109556
1204,1839.49,161.463,115.729,4,0.751953,1,0.0111169
1205,2838.35,145.783,116.603,5,0.716797,1,0.0110678
1206,2819.22,148.25,118.675,5,0.736328,1,0.0111175
1207,1735.52,132.975,76,4,0.644531,0,0.0109095
1208,2860.33,158.961,117.865,5,0.744141,1,0.011026
1209,1823.71,146.213,117.45,4,0.724609,1,0.0110209
1210,1763.17,157.8,115.729,4,0.736328,1,0.0109984
1211,1765.81,150.195,116.17,4,0.727539,1,0.0110995
1212,2803.43,157.974,116.603,5,0.744141,1,0.0107973
1213,1778.72,149.482,117.865,4,0.732422,1,0.0111503
1214,2795.37,160.637,116.17,5,0.729492,1,0.0113334
1215,1735.52,154.028,117.45,4,0.751953,1,0.0113371
1216,2826.95,134.583,76,5,0.647461,0,0.011006
1217,4057.57,162.054,117.865,6,0.758789,1,0.0110479
1218,1757.8,161.489,118.273,4,0.754883,1,0.0110971
1219,1800.39,156.469,117.45,4,0.746094,1,0.0110687
1220,1804.91,153.525,118.273,4,0.742188,1,0.0111337
1221,1788.61,155.667,116.17,4,0.736328,1,0.0111845
1222,1720.96,145.172,76,4,0.670898,0,0.011531
1223,2787.22,155.969,118.675,5,0.751953,1,0.0111871
1224,1793.4,157.886,117.865,4,0.755859,1,0.0113562
1225,1773.62,156.301,116.603,4,0.740234,1,0.0112662
1226,2823.1,159.086,117.03,5,0.750977,1,0.0115618
1227,1715,147.898,117.45,4,0.71875,1,0.0113071
1228,2766.4,156.709,112.934,5,0.707031,1,0.0112937
1229,2791.31,154.675,116.17,5,0.723633,1,0.0114262
1230,2731.9,144.522,111.425,5,0.692383,1,0.0110944
1231,2811.38,155.737,116.603,5,0.743164,1,0.0111201
1232,2830.78,155.508,118.273,5,0.741211,1,0.0111229
1233,2787.22,157.839,117.45,5,0.753906,1,0.0112262
1234,2731.9,152.279,116.17,5,0.723633,1,0.010913
1235,4068.96,163.512,118.675,6,0.771484,1,0.0112117
1236,1786.17,149.41,116.603,4,0.719727,1,0.0111574
1237,1807.12,161.765,118.675,4,0.758789,1,0.011205
1238,2826.95,152.796,119.071,5,0.746094,1,0.0116087
1239,2774.8,167.942,119.071,5,0.775391,1,0.0112687
1240,2877.78,156.309,115.729,5,0.71875,1,0.0112721
1241,2770.61,150.044,114.828,5,0.699219,1,0.0113105
1242,4181.49,146.678,115.729,6,0.693359,1,0.0111476
1243,2791.31,160.838,115.282,5,0.731445,1,0.0110581
1244,2749.33,166.425,119.462,5,0.789062,1,0.0113394
1245,1781.23,153.63,118.273,4,0.735352,1,0.0113624
1246,1768.44,147.53,117.865,4,0.72168,1,0.0111722
1247,1768.44,153.377,116.603,4,0.726562,1,0.011656
1248,1773.62,157.872,118.675,4,0.751953,1,0.0112127
1249,2787.22,152.259,118.273,5,0.723633,1,0.0112833
1250,1798.09,164.036,119.847,4,0.790039,1,0.0117004
1251,1768.44,159.066,116.17,4,0.732422,1,0.0114254
1252,1708.97,158.115,119.071,4,0.754883,1,0.0115628
1253,1819.76,155.989,118.273,4,0.744141,1,0.0113919
1254,2887.84,160.725,119.071,5,0.74707,1,0.0112412
1255,1783.71,156.312,119.847,4,0.762695,1,0.0113982
1256,1755.09,158.334,119.847,4,0.768555,1,0.0117275
1257,1757.8,143.061,119.071,4,0.716797,1,0.0112711
1258,2807.41,155.397,114.828,5,0.710938,1,0.0111865
1259,4201.3,166.395,118.273,6,0.760742,1,0.0114762
1260,4210.99,165.809,119.071,6,0.765625,1,0.0115259
1261,4057.57,166.181,119.071,6,0.757812,1,0.0112945
1262,2860.33,155.007,119.071,5,0.739258,1,0.0112461
1263,1783.71,158.209,119.847,4,0.763672,1,0.0115119
1264,1788.61,149.554,119.071,4,0.734375,1,0.0114254
1265,1802.66,156.701,119.071,4,0.75,1,0.0113288
1266,1765.81,159.296,115.282,4,0.733398,1,0.0111669
1267,1802.66,163.459,119.071,4,0.770508,1,0.0112103
1268,4129.59,157.047,118.675,6,0.744141,1,0.0112488
1269,1811.47,142.421,117.45,4,0.698242,1,0.0112493
1270,2778.96,160.301,119.462,5,0.750977,1,0.0112704
1271,1755.09,154.579,118.273,4,0.741211,1,0.011367
1272,2795.37,163.196,119.071,5,0.753906,1,0.011521
1273,2842.09,160.153,119.071,5,0.746094,1,0.0113729
1274,1773.62,148.412,117.45,4,0.713867,1,0.0110763
1275,2740.66,157.336,116.603,5,0.726562,1,0.0115345
1276,2762.17,164.189,119.071,5,0.776367,1,0.0113243
1277,4171.38,165.179,118.273,6,0.74707,1,0.0113973
1278,1802.66,152.261,119.071,4,0.736328,1,0.0113254
1279,2811.38,159.646,116.603,5,0.728516,1,0.0114935
1280,1690.48,153.912,119.071,4,0.751953,1,0.0112492
1281,2766.4,143.715,115.729,5,0.696289,1,0.0114464
1282,5842.69,156.522,115.282,7,0.71582,1,0.0114293
1283,1783.71,154.037,118.273,4,0.728516,1,0.0113892
1284,1788.61,153.644,118.273,4,0.734375,1,0.0113525
1285,1809.31,159.517,119.071,4,0.749023,1,0.0112328
1286,2774.8,148.727,118.273,5,0.712891,1,0.0111709
1287,1807.12,155.89,116.17,4,0.726562,1,0.0112238
1288,1771.04,155.862,118.273,4,0.744141,1,0.0113278
1289,2887.84,146.465,116.603,5,0.699219,1,0.0112204
1290,2736.29,158.028,116.603,5,0.730469,1,0.0112712
1291,1802.66,158.202,119.071,4,0.748047,1,0.0115245
1292,2860.33,161.241,119.847,5,0.770508,1,0.0115044
1293,2778.96,163.901,119.071,5,0.767578,1,0.0113805
1294,4134.93,165.414,119.071,6,0.772461,1,0.0112712
1295,1781.23,158.363,116.17,4,0.731445,1,0.0113786
1296,2770.61,159.893,117.45,5,0.739258,1,0.0114355
1297,1798.09,147.239,119.071,4,0.732422,1,0.0113568
1298,4080.24,156.161,118.273,6,0.736328,1,0.0113388
1299,1802.66,171.141,119.071,4,0.777344,1,0.0112494
1300,1778.72,150.267,118.273,4,0.728516,1,0.0113662
1301,2736.29,170.24,119.462,5,0.795898,1,0.0111182
1302,1717.99,146.506,115.282,4,0.698242,1,0.0112322
1303,2740.66,158.813,117.865,5,0.751953,1,0.0111302
1304,1788.61,156.819,116.603,4,0.733398,1,0.0111519
1305,2834.58,147.414,115.282,5,0.712891,1,0.011171
1306,2731.9,151.571,116.17,5,0.710938,1,0.0113539
1307,1763.17,152.791,117.45,4,0.723633,1,0.0112068
1308,1757.8,148.262,115.729,4,0.708984,1,0.0110834
1309,1726.84,142.715,117.45,4,0.692383,1,0.0114191
1310,1726.84,156.964,119.462,4,0.759766,1,0.0115161
1311,2731.9,143.954,114.828,5,0.683594,1,0.0118179
1312,2731.9,158.818,118.675,5,0.745117,1,0.0115379
1313,2731.9,158.602,119.071,5,0.75,1,0.0113851
1314,1755.09,164.555,119.847,4,0.78125,1,0.0115572
1315,1732.64,155.468,116.17,4,0.720703,1,0.0112732
1316,2731.9,154.064,118.273,5,0.716797,1,0.0111664
1317,2762.17,160.162,118.273,5,0.75293,1,0.0113004
1318,2774.8,157.104,117.865,5,0.71875,1,0.0114488
1319,1815.68,162.879,118.273,4,0.760742,1,0.0111268
1320,2774.8,170.74,119.847,5,0.795898,1,0.0114077
1321,2826.95,157.326,118.675,5,0.749023,1,0.0114154
1322,2838.35,151.846,119.462,5,0.74707,1,0.0114869
1323,1763.17,153.516,119.071,4,0.740234,1,0.0113246
1324,2819.22,158.202,117.03,5,0.730469,1,0.0114285
1325,2791.31,151,117.45,5,0.723633,1,0.0115197
1326,4201.3,156.958,118.273,6,0.733398,1,0.0116911
1327,2815.31,149.212,118.675,5,0.714844,1,0.0116845
1328,2736.29,158.192,118.273,5,0.739258,1,0.0116063
1329,1795.76,157.607,119.071,4,0.750977,1,0.0115061
1330,1768.44,149.797,117.03,4,0.716797,1,0.0112846
1331,2881.17,153.392,119.071,5,0.737305,1,0.0113092
1332,1781.23,163.389,119.462,4,0.765625,1,0.0115625
1333,1768.44,163.959,119.462,4,0.774414,1,0.0116809
1334,2753.63,152.936,119.071,5,0.730469,1,0.0114647
1335,2731.9,149.184,119.462,5,0.738281,1,0.0111451
1336,1773.62,155.541,119.847,4,0.751953,1,0.0119047
1337,1755.09,146.818,119.071,4,0.716797,1,0.011783
1338,2766.4,155.617,119.462,5,0.739258,1,0.0116912
1339,1809.31,159.847,119.071,4,0.75293,1,0.0116294
1340,1802.66,159.686,119.071,4,0.74707,1,0.0119931
1341,1802.66,148.277,115.729,4,0.69043,1,0.0116686
1342,1768.44,146.548,117.45,4,0.693359,1,0.0117943
1343,1773.62,163.399,119.847,4,0.776367,1,0.0114327
1344,1788.61,156.442,118.675,4,0.735352,1,0.0116192
1345,2811.38,150.657,116.17,5,0.703125,1,0.0115556
1346,1800.39,153.051,117.03,4,0.708008,1,0.011668
1347,2731.9,152.235,116.17,5,0.716797,1,0.0113326
1348,2834.58,166.087,117.45,5,0.75,1,0.0116321
1349,1720.96,155.036,119.847,4,0.760742,1,0.0114578
1350,1807.12,150.258,119.071,4,0.732422,1,0.0110862
1351,2757.91,169.688,119.462,5,0.780273,1,0.0115304
1352,4220.53,163.845,118.273,6,0.745117,1,0.0114702
1353,2803.43,186.977,119.847,5,0.862305,1,0.0117472
1354,2791.31,160.062,119.847,5,0.751953,1,0.0116155
1355,1800.39,152.918,119.462,4,0.733398,1,0.0116045
1356,2826.95,163.185,119.071,5,0.758789,1,0.0114993
1357,1757.8,156.762,118.675,4,0.735352,1,0.011663
1358,1757.8,159.161,119.847,4,0.769531,1,0.0116611
1359,2787.22,157.365,119.071,5,0.741211,1,0.0114921
1360,2826.95,167.426,119.847,5,0.775391,1,0.0114518
1361,2826.95,170.626,119.462,5,0.777344,1,0.0116646
1362,1768.44,153.555,118.273,4,0.724609,1,0.011561
1363,2834.58,169.159,119.847,5,0.783203,1,0.0114629
1364,2826.95,166.518,119.071,5,0.768555,1,0.0116153
1365,2849.48,155.764,119.847,5,0.745117,1,0.0115686
1366,986.145,143.64,118.273,3,0.702148,1,0.0114446
1367,1757.8,151.254,116.17,4,0.705078,1,0.0115356
1368,1800.39,161.704,119.847,4,0.765625,1,0.0116619
1369,1720.96,143.43,118.675,4,0.702148,1,0.0115743
1370,2823.1,156.414,118.675,5,0.735352,1,0.0114022
1371,2799.41,162.085,119.847,5,0.757812,1,0.0118203
1372,4118.83,158.244,119.847,6,0.753906,1,0.0115736
1373,2766.4,167.381,119.071,5,0.765625,1,0.0115261
1374,2749.33,167.89,119.847,5,0.777344,1,0.0117404
1375,1781.23,162.017,119.847,4,0.760742,1,0.0116329
1376,1744.03,157.048,118.273,4,0.735352,1,0.0116177
1377,1757.8,159.148,118.273,4,0.738281,1,0.0117623
1378,4096.95,156.35,118.675,6,0.72168,1,0.0116571
1379,2731.9,158.346,119.071,5,0.741211,1,0.0116753
1380,2740.66,164.039,119.071,5,0.756836,1,0.0115821
1381,1798.09,156.335,119.071,4,0.740234,1,0.0116293
1382,2753.63,163.656,118.273,5,0.743164,1,0.0115412
1383,4063.27,155.622,119.462,6,0.742188,1,0.0115279
1384,2766.4,155.923,119.071,5,0.740234,1,0.0116678
1385,2766.4,146.99,119.071,5,0.714844,1,0.0117296
1386,2731.9,156.278,119.071,5,0.728516,1,0.011648
1387,1811.47,163.069,119.847,4,0.767578,1,0.0117119
1388,1807.12,165.836,119.847,4,0.780273,1,0.0115972
1389,1811.47,157.372,119.847,4,0.769531,1,0.0116004
1390,2731.9,151.097,117.03,5,0.706055,1,0.0114727
1391,2867.41,157.303,119.847,5,0.744141,1,0.0114696
1392,1763.17,168.286,119.847,4,0.8125,1,0.0113497
1393,1757.8,165.444,120.227,4,0.799805,1,0.0118143
1394,1768.44,152.728,118.675,4,0.738281,1,0.0115289
1395,2749.33,158.164,119.847,5,0.751953,1,0.0115634
1396,2731.9,164.273,119.071,5,0.769531,1,0.0115953
1397,2823.1,166.973,119.071,5,0.776367,1,0.0117398
1398,2830.78,169.207,119.847,5,0.777344,1,0.0115279
1399,2823.1,163.001,119.462,5,0.753906,1,0.0114178
1400,1738.37,150.77,119.847,4,0.734375,1,0.011465
1401,1802.66,149.059,118.273,4,0.711914,1,0.0116135
1402,4091.41,167.811,119.847,6,0.775391,1,0.0117728
1403,2791.31,169.262,120.601,5,0.807617,1,0.0118503
1404,1768.44,158.091,118.675,4,0.736328,1,0.0114144
1405,4181.49,186.705,121.334,6,0.847656,1,0.0118559
1406,1763.17,158.42,118.675,4,0.727539,1,0.0116823
1407,2787.22,153.124,76,5,0.69043,0,0.0115645
1408,1765.81,149.574,119.847,4,0.729492,1,0.011693
1409,2731.9,161.583,117.45,5,0.733398,1,0.0116231
1410,2731.9,165.174,119.071,5,0.767578,1,0.0116513
1411,2731.9,155.932,118.273,5,0.72168,1,0.0119585
1412,4080.24,175.361,119.847,6,0.794922,1,0.011783
1413,1768.44,151.327,119.847,4,0.729492,1,0.0119932
1414,2731.9,159.131,119.847,5,0.764648,1,0.011744
1415,2770.61,153.623,119.847,5,0.745117,1,0.0116979
1416,1757.8,154.621,119.847,4,0.736328,1,0.0117343
1417,1788.61,150.97,119.847,4,0.736328,1,0.011703
1418,2731.9,158.654,119.847,5,0.742188,1,0.0117373
1419,1744.03,151.39,119.847,4,0.732422,1,0.0117285
1420,4265.75,157.614,119.847,6,0.739258,1,0.0115185
1421,5688.91,157.112,119.847,7,0.735352,1,0.0116636
1422,2774.8,176.542,120.227,5,0.799805,1,0.011797
1423,1807.12,151.262,119.847,4,0.737305,1,0.0119822
1424,1757.8,153.157,119.071,4,0.71875,1,0.0116512
1425,5688.91,167.366,117.865,7,0.738281,1,0.0116028
1426,2749.33,165.75,120.601,5,0.8125,1,0.0119053
1427,1776.18,161.018,119.847,4,0.757812,1,0.0119052
1428,2834.58,154.046,119.071,5,0.726562,1,0.01145
1429,2823.1,163.94,119.462,5,0.757812,1,0.0116085
1430,1746.82,159.908,119.847,4,0.760742,1,0.0115574
1431,2842.09,151.578,118.675,5,0.708984,1,0.0115676
1432,1807.12,156.596,119.847,4,0.770508,1,0.0117274
1433,1800.39,161.886,119.071,4,0.740234,1,0.011571
1434,1693.6,159.062,119.847,4,0.751953,1,0.0116444
1435,1757.8,158.368,119.847,4,0.750977,1,0.0117521
1436,2803.43,175.48,119.847,5,0.795898,1,0.0117485
1437,1757.8,160.117,119.462,4,0.746094,1,0.0116281
1438,1760.49,149.231,119.847,4,0.744141,1,0.0118624
1439,1800.39,140.912,118.675,4,0.686523,1,0.0116531
1440,2823.1,165.754,120.227,5,0.782227,1,0.0116443
1441,4068.96,164.31,119.847,6,0.759766,1,0.0120234
1442,2740.66,152.991,119.847,5,0.744141,1,0.0118162
1443,2803.43,161.62,119.847,5,0.766602,1,0.0117514
1444,1778.72,157.284,119.847,4,0.753906,1,0.0118048
1445,2749.33,165.044,119.847,5,0.764648,1,0.0119552
1446,2811.38,151.32,119.462,5,0.71582,1,0.0117665
1447,2731.9,161.845,119.847,5,0.767578,1,0.0115786
1448,1809.31,153.935,119.462,4,0.723633,1,0.0116126
1449,4181.49,153.331,119.071,6,0.720703,1,0.0115569
1450,2731.9,171.279,119.847,5,0.786133,1,0.0120235
1451,2826.95,161.572,119.847,5,0.751953,1,0.0119776
1452,4063.27,149.944,118.273,6,0.707031,1,0.0117975
1453,1800.39,166.58,120.227,4,0.804688,1,0.0118029
1454,2731.9,157.721,119.847,5,0.756836,1,0.0116961
1455,4057.57,163.968,119.847,6,0.750977,1,0.0116003
1456,2842.09,154.602,118.675,5,0.71875,1,0.0115489
1457,1755.09,149.944,119.847,4,0.717773,1,0.0115784
1458,1800.39,151.567,119.847,4,0.728516,1,0.0116615
1459,1781.23,159.529,119.071,4,0.740234,1,0.0117901
1460,2731.9,151.95,119.847,5,0.719727,1,0.0117613
1461,1771.04,158.02,119.847,4,0.758789,1,0.0118631
1462,2803.43,164.122,119.071,5,0.75293,1,0.0118612
1463,2731.9,158.58,119.847,5,0.756836,1,0.0116071
1464,1800.39,167.523,119.847,4,0.786133,1,0.0117448
1465,4113.41,156.903,119.847,6,0.736328,1,0.0118322
1466,1800.39,166.228,120.227,4,0.789062,1,0.011949
1467,2826.95,173.859,120.227,5,0.791992,1,0.0120165
1468,1778.72,151.079,119.847,4,0.728516,1,0.0118527
1469,2731.9,156.353,119.847,5,0.748047,1,0.0120929
1470,1800.39,172.644,120.227,4,0.823242,1,0.0119349
1471,1802.66,157.661,119.847,4,0.74707,1,0.0120648
1472,4220.53,169.11,119.462,6,0.755859,1,0.0118931
1473,1778.72,147.267,119.071,4,0.719727,1,0.0118536
1474,4068.96,153.239,119.462,6,0.725586,1,0.0117801
1475,2903.85,154.12,119.847,5,0.740234,1,0.0119141
1476,1778.72,155.092,119.847,4,0.74707,1,0.0117197
1477,1755.09,156.794,117.45,4,0.71875,1,0.0117863
1478,1757.8,154.958,118.273,4,0.709961,1,0.0116654
1479,2731.9,156.441,119.071,5,0.730469,1,0.0119964
1480,4057.57,159.787,101,6,0.707031,0,0.0118553
1481,2853.13,151.764,117.865,5,0.709961,1,0.0117281
1482,2731.9,156.397,119.847,5,0.757812,1,0.0117188
1483,2731.9,164.167,119.847,5,0.771484,1,0.0117954
1484,1755.09,163.021,119.847,4,0.761719,1,0.0119129
1485,1705.93,157.209,119.847,4,0.750977,1,0.0119703
1486,1717.99,146.842,119.847,4,0.708984,1,0.0116304
1487,4129.59,167.778,120.227,6,0.771484,1,0.0119878
1488,1800.39,164.245,119.847,4,0.760742,1,0.0121662
1489,2891.12,161.371,119.847,5,0.740234,1,0.0118931
1490,2826.95,161.115,119.847,5,0.738281,1,0.0119884
1491,2731.9,164.546,120.227,5,0.769531,1,0.0118446
1492,2749.33,166.675,119.462,5,0.75,1,0.0120264
1493,2826.95,160.555,119.847,5,0.735352,1,0.0116002
1494,2826.95,164.575,120.227,5,0.772461,1,0.0119002
1495,4107.95,166.568,119.847,6,0.75,1,0.0120774
1496,1800.39,164.756,120.227,4,0.786133,1,0.0120751
1497,1802.66,160.4,120.227,4,0.770508,1,0.0121661
1498,2909.97,175.775,120.227,5,0.798828,1,0.0119156
1499,1755.09,156.733,119.462,4,0.731445,1,0.0121855
