204.611
0,435.149,8.52994,4,2,0.0371094,0,0.00458464
1,109.829,8.90254,4,1,0.0458984,0,0.00430345
2,435.149,9.12278,4,2,0.0410156,0,0.00425543
3,432.526,9.20956,5,2,0.0429688,0,0.00424458
4,435.117,11.196,5,2,0.0537109,0,0.00446447
5,113.419,9.91466,5,1,0.0419922,0,0.00447333
6,435.127,10.4553,5,2,0.0439453,0,0.00444286
7,435.053,10.8188,5,2,0.0429688,0,0.00465114
8,435.127,12.9416,5,2,0.0449219,0,0.0048697
9,435,17.3716,6,2,0.0517578,0,0.00557657
10,435.053,23.1444,6,2,0.0634766,0,0.00604736
11,434.954,33.9574,8,2,0.0732422,0,0.00797501
12,435.151,53.8294,14,2,0.0927734,0,0.0104689
13,1004.99,62.5608,101,3,0.104492,0,0.0114899
14,1802.66,70.3572,101,4,0.0966797,0,0.0126364
15,435.151,70.2819,101,2,0.115234,0,0.0125196
16,435.127,71.6481,101,2,0.100586,0,0.0129403
17,435.076,69.2584,101,2,0.0771484,0,0.0130973
18,1001.24,73.7238,101,3,0.108398,0,0.0132067
19,435.151,77.3232,101,2,0.111328,0,0.0131715
20,435.151,76.6817,101,2,0.102539,0,0.0138871
21,1813.59,73.6111,101,4,0.108398,0,0.0131558
22,1010.79,76.2597,101,3,0.112305,0,0.0137151
23,434.902,72.2021,101,2,0.0761719,0,0.0133892
24,435.149,75.2206,101,2,0.102539,0,0.0137211
25,435.151,74.7133,101,2,0.0732422,0,0.0139615
26,435.149,77.4137,101,2,0.0859375,0,0.0137827
27,435.149,79.212,101,2,0.104492,0,0.0141514
28,977.944,76.9481,101,3,0.0791016,0,0.0138203
29,1836.29,78.2485,101,4,0.09375,0,0.0141881
30,1010.21,77.5381,101,3,0.0869141,0,0.0142503
31,435.151,77.8511,101,2,0.0947266,0,0.0144682
32,435.117,78.7119,101,2,0.0927734,0,0.0140392
33,435.117,79.3487,101,2,0.0839844,0,0.0143646
34,1007.46,82.6538,101,3,0.101562,0,0.0141099
35,435.149,81.4807,101,2,0.0917969,0,0.0145936
36,435.151,77.5879,101,2,0.0761719,0,0.0141963
37,435.149,78.1915,101,2,0.0742188,0,0.0143698
38,435.149,80.233,101,2,0.0830078,0,0.0146102
39,1831.15,82.9339,101,4,0.0917969,0,0.0149253
40,435.149,81.315,101,2,0.0859375,0,0.0143977
41,992.422,79.1355,101,3,0.0800781,0,0.0145045
42,434.476,78.247,101,2,0.078125,0,0.0147089
43,435.151,80.6744,101,2,0.0927734,0,0.0145578
44,435.076,79.1573,101,2,0.0791016,0,0.0142813
45,1008.21,81.7059,101,3,0.0791016,0,0.0143131
46,435.151,81.023,101,2,0.0966797,0,0.0147894
47,774.992,80.7303,101,3,0.0878906,0,0.0146607
48,435.149,79.7839,101,2,0.0908203,0,0.0147557
49,1006.68,83.7872,101,3,0.0957031,0,0.0149783
50,435.149,77.8159,101,2,0.0966797,0,0.0144089
51,890.612,81.6456,101,3,0.0957031,0,0.0145114
52,435.076,81.6993,101,2,0.0966797,0,0.0145255
53,1002.23,81.949,101,3,0.0693359,0,0.0149188
54,1000.23,81.8583,101,3,0.0849609,0,0.0147263
55,1392.11,80.367,101,4,0.0849609,0,0.0145239
56,953.029,82.7587,101,3,0.0771484,0,0.0151603
57,1821.75,84.8411,101,4,0.110352,0,0.0142856
58,995.918,83.481,101,3,0.0878906,0,0.0150542
59,1006.68,81.5266,101,3,0.0800781,0,0.0150071
60,435.076,80.09,101,2,0.0820312,0,0.0144267
61,435.076,81.3916,101,2,0.0927734,0,0.0146083
62,435.127,79.2433,101,2,0.0810547,0,0.0145751
63,918.682,84.6774,101,3,0.0810547,0,0.0150263
64,979.358,86.2172,101,3,0.109375,0,0.0148871
65,1638.33,83.5417,101,4,0.0869141,0,0.0148438
66,984.827,89.1206,101,3,0.114258,0,0.0148539
67,435.149,81.3984,101,2,0.0869141,0,0.0151147
68,1010.21,85.5228,101,3,0.0898438,0,0.0151771
69,435.151,83.9104,101,2,0.0888672,0,0.015082
70,1007.46,84.6052,101,3,0.0947266,0,0.0146429
71,435.149,82.3433,101,2,0.0830078,0,0.0150265
72,435.149,83.7046,101,2,0.0947266,0,0.015022
73,435.151,86.3047,101,2,0.103516,0,0.0148205
74,1004.99,86.0014,101,3,0.0996094,0,0.0149571
75,435.151,88.4428,101,2,0.0917969,0,0.0153954
76,998.128,86.4343,101,3,0.0927734,0,0.01555
77,435.053,87.4259,101,2,0.0957031,0,0.0151419
78,435.151,85.8954,101,2,0.0888672,0,0.0151907
79,1004.1,86.1474,101,3,0.0888672,0,0.0161749
80,435.149,85.1199,101,2,0.0742188,0,0.015497
81,1002.23,90.5444,101,3,0.104492,0,0.0156295
82,991.21,89.2045,101,3,0.0878906,0,0.0164762
83,998.128,88.9001,101,3,0.0820312,0,0.0158285
84,1000.23,89.6797,101,3,0.102539,0,0.0156777
85,435.149,88.03,101,2,0.0761719,0,0.016441
86,973.593,89.7493,101,3,0.114258,0,0.015708
87,994.777,89.0853,101,3,0.0908203,0,0.015493
88,1008.21,88.1788,101,3,0.0917969,0,0.0161313
89,1008.21,93.4718,101,3,0.117188,0,0.0155678
90,1000.23,89.3752,101,3,0.0888672,0,0.0159774
91,1005.85,91.8825,101,3,0.109375,0,0.0161002
92,435.151,87.9701,101,2,0.0849609,0,0.0164686
93,1009.59,91.0151,101,3,0.0839844,0,0.0177122
94,435.149,87.9806,101,2,0.0800781,0,0.0244241
95,994.777,91.1529,101,3,0.0957031,0,0.0188004
96,999.194,90.1321,101,3,0.0927734,0,0.0166276
97,1010.79,94.3631,101,3,0.121094,0,0.0179846
98,435.149,88.4802,101,2,0.0849609,0,0.0221592
99,1010.79,89.0197,101,3,0.0917969,0,0.0190442
100,435.149,93.1149,101,2,0.102539,0,0.0247337
101,992.422,91.3656,101,3,0.100586,0,0.0274756
102,435.151,89.5827,101,2,0.0830078,0,0.0320333
103,1000.23,90.7088,101,3,0.0927734,0,0.0253513
104,1007.46,89.9283,101,3,0.0996094,0,0.0242004
105,994.777,88.3706,101,3,0.0771484,0,0.0263459
106,984.827,93.9036,101,3,0.114258,0,0.023477
107,1006.68,90.2749,101,3,0.116211,0,0.0213857
108,435.149,89.1741,101,2,0.101562,0,0.0225948
109,435.151,90.3854,101,2,0.0976562,0,0.0159402
110,1008.92,89.5187,101,3,0.111328,0,0.0158688
111,435.151,89.5137,101,2,0.101562,0,0.0161746
112,435.149,87.3757,101,2,0.09375,0,0.0160663
113,1004.99,90.9513,101,3,0.0810547,0,0.0166347
114,435.149,89.8451,101,2,0.0888672,0,0.0162228
115,435.151,91.434,101,2,0.0888672,0,0.0173016
116,1715,92.1276,101,4,0.0986328,0,0.017185
117,435.149,93.8492,101,2,0.0976562,0,0.01682
118,944.449,92.332,101,3,0.106445,0,0.0168036
119,1006.68,89.8815,101,3,0.09375,0,0.0169343
120,435.127,93.6252,101,2,0.107422,0,0.0171682
121,997.036,90.4567,101,3,0.101562,0,0.0165854
122,1009.59,90.9345,101,3,0.0888672,0,0.0174146
123,999.194,91.8231,101,3,0.0957031,0,0.0247884
124,989.976,91.5825,101,3,0.0947266,0,0.0168863
125,435.127,91.0094,101,2,0.106445,0,0.0170415
126,1008.92,94.5652,101,3,0.105469,0,0.0172016
127,914.806,90.9737,101,3,0.078125,0,0.0173931
128,434.093,91.4049,101,2,0.0849609,0,0.0173164
129,995.918,94.8923,101,3,0.0986328,0,0.0176372
130,1416.82,95.3115,101,4,0.09375,0,0.0174646
131,435.149,88.5003,101,2,0.0888672,0,0.0166663
132,435.053,90.3632,101,2,0.0859375,0,0.0169941
133,1004.1,95.2436,101,3,0.110352,0,0.017435
134,435,89.9267,101,2,0.0917969,0,0.0176916
135,1744.03,95.598,101,4,0.0966797,0,0.0170308
136,993.611,95.2565,101,3,0.125,0,0.0166095
137,962.849,92.2323,101,3,0.0947266,0,0.0169925
138,988.72,95.8167,101,3,0.107422,0,0.0169763
139,1005.85,91.5312,101,3,0.0839844,0,0.018058
140,435.151,90.8547,101,2,0.0849609,0,0.0174879
141,1005.85,92.8869,101,3,0.0996094,0,0.0168728
142,972.108,96.1523,101,3,0.119141,0,0.0172538
143,1012.52,95.7364,101,3,0.112305,0,0.0174295
144,898.85,92.6788,101,3,0.102539,0,0.0165494
145,1008.21,92.4415,101,3,0.0927734,0,0.0186049
146,687.856,94.7917,101,3,0.110352,0,0.0260663
147,1800.39,94.4969,101,4,0.102539,0,0.0218142
148,1004.99,95.0154,101,3,0.110352,0,0.0168654
149,1010.21,98.0504,101,3,0.123047,0,0.017173
150,435.076,94.1001,101,2,0.110352,0,0.0173346
151,1004.99,96.0058,101,3,0.115234,0,0.0183691
152,435.149,95.7325,101,2,0.114258,0,0.0181393
153,1007.46,96.6692,101,3,0.117188,0,0.0171848
154,988.72,96.9982,101,3,0.0957031,0,0.017515
155,435.151,94.7972,101,2,0.118164,0,0.0171764
156,1007.46,94.1729,101,3,0.104492,0,0.0170113
157,1800.39,97.7782,101,4,0.119141,0,0.017138
158,987.443,95.4789,101,3,0.0927734,0,0.017699
159,1000.23,97.2417,101,3,0.124023,0,0.0180973
160,435.149,95.7412,101,2,0.113281,0,0.0198682
161,993.611,96.5108,101,3,0.107422,0,0.0182181
162,1007.46,97.1021,101,3,0.110352,0,0.0205896
163,1009.59,99.2717,101,3,0.125977,0,0.0199455
164,1783.71,95.6346,101,4,0.121094,0,0.0202977
165,989.976,94.4743,101,3,0.107422,0,0.0175567
166,989.976,96.1027,101,3,0.131836,0,0.0236719
167,1005.85,96.3011,101,3,0.12207,0,0.0249853
168,1841.02,105.234,101,4,0.151367,0,0.0224619
169,989.976,96.865,101,3,0.0966797,0,0.0253327
170,435.127,96.2036,101,2,0.125,0,0.0227803
171,1445.18,101.121,101,4,0.137695,0,0.01746
172,994.777,100.691,101,3,0.142578,0,0.0174182
173,935.531,96.0027,101,3,0.112305,0,0.0172195
174,1827.51,98.6812,101,4,0.125977,0,0.0178839
175,983.489,95.1368,101,3,0.12793,0,0.024084
176,914.806,97.1284,101,3,0.135742,0,0.0170095
177,1007.46,97.1911,101,3,0.129883,0,0.0176213
178,435.151,95.221,101,2,0.142578,0,0.0168781
179,1811.47,97.3048,101,4,0.136719,0,0.0171337
180,995.918,95.5268,101,3,0.126953,0,0.0212789
181,1469.09,101.4,101,4,0.146484,0,0.0172102
182,1010.21,95.7472,101,3,0.131836,0,0.0166
183,1008.21,99.8259,101,3,0.150391,0,0.0168605
184,986.145,98.9101,101,3,0.143555,0,0.0166901
185,1008.92,98.9136,101,3,0.155273,0,0.0172602
186,961.25,97.206,101,3,0.139648,0,0.0169302
187,1008.21,100.008,101,3,0.155273,0,0.016801
188,1012.52,103.3,101,3,0.180664,0,0.0166395
189,1791.02,102.323,101,4,0.181641,0,0.0160658
190,1060.53,104.177,101,4,0.18457,0,0.0160823
191,4140.23,102.909,101,6,0.163086,0,0.0161656
192,1825.63,104.041,101,4,0.196289,0,0.0162665
193,1009.59,101.836,101,3,0.205078,0,0.0230519
194,1791.02,102.079,101,4,0.178711,0,0.0169735
195,1735.52,100.805,101,4,0.213867,0,0.0170918
196,1641.71,104.984,101,4,0.236328,0,0.0208015
197,1813.59,101.378,101,4,0.216797,0,0.020928
198,1453.19,104.9,101,4,0.255859,0,0.0155512
199,2877.78,103.014,101,5,0.254883,0,0.0175214
200,1755.09,105.401,101,4,0.269531,0,0.0185234
201,1795.76,115.298,101,4,0.299805,0,0.0235389
202,995.918,113.282,101,3,0.318359,0,0.0213161
203,3900.32,123.084,101,6,0.34668,0,0.015274
204,4150.74,123.825,101,6,0.352539,0,0.0154779
205,11634.1,145.811,101,10,0.398438,0,0.0151464
206,5533.32,141.793,101,7,0.447266,0,0.0151724
207,5865.5,151.244,101,8,0.487305,0,0.0210753
208,57794.5,216.247,101,15,0.516602,0,0.0149094
209,5836.42,209.405,101,7,0.652344,0,0.0149206
210,17877.1,226.581,101,12,0.654297,0,0.0140659
211,34847.6,337.2,101,14,0.791992,0,0.0157335
212,15712.4,273.468,101,11,0.810547,0,0.0209142
213,93332.5,438.201,101,16,0.945312,0,0.0205889
214,94954.7,776.93,108.13,16,1.15234,1,0.0152353
215,294348,934.308,113.419,18,1.41016,1,0.0155399
216,297648,1897.79,116.603,18,1.61621,1,0.0170961
217,1.0954e+06,4015.95,137.037,20,2.06348,1,0.0191722
218,564182,4766.36,137.17,19,2.30078,1,0.0210852
219,2.14676e+06,13569.7,350.539,21,3.2832,2,0.0237938
220,1.68418e+07,36569.2,412.261,24,3.69043,2,0.0234145
221,2.14503e+06,24863.7,433.637,21,4.20703,2,0.0259821
222,8.44802e+06,43395,951.342,23,4.94531,3,0.0270719
223,1.68413e+07,68134,1227.69,24,5.25098,4,0.0285126
224,8.45039e+06,51914.3,984.827,23,5.31738,3,0.0281229
225,8.44782e+06,66596.4,1668.15,23,5.99023,4,0.0291821
226,3.36266e+07,88571.5,1693.6,25,5.81543,4,0.0285021
227,4.24088e+06,41704.7,1726.84,22,5.74707,4,0.0282388
228,4.25015e+06,54681.9,1726.84,22,5.91797,4,0.0282062
229,8.44894e+06,72685.7,2102.81,23,6.33301,5,0.0301088
230,3.36238e+07,87856.1,2439.84,25,6.51465,5,0.0352737
231,1.68443e+07,85928.2,2610.66,24,6.50684,5,0.048515
232,3.36277e+07,180871,2762.17,25,6.71582,5,0.0315095
233,3.36197e+07,178942,2808.18,25,7.07617,6,0.0330135
234,1.34295e+08,415702,3644.42,27,7.63965,6,0.0342006
235,2.68511e+08,793797,3238.09,28,7.69141,6,0.0358663
236,1.34296e+08,922812,4600.48,27,8.5,7,0.0460091
237,1.34299e+08,1.14722e+06,5178.81,27,8.74121,7,0.0408782
238,2.14759e+09,3.45553e+06,3900.32,31,8.36816,6,0.0551819
239,4.29508e+09,9.58165e+06,7457.75,32,9.74609,8,0.052628
240,5.36967e+08,4.29851e+06,10605.4,29,10.3564,10,0.0474689
241,2.14759e+09,9.67792e+06,11558.8,31,10.6318,10,0.0541582
242,4.29508e+09,1.32746e+07,11708.8,32,10.7783,10,0.0460771
243,4.29508e+09,1.15017e+07,18545.6,32,11.4648,12,0.0487639
244,2.14758e+09,7.85659e+06,9889.85,31,10.5303,10,0.0441617
245,1.07383e+09,4.99958e+06,10948.9,30,10.6934,10,0.0498894
246,2.14759e+09,1.19564e+07,9442.57,31,10.4229,9,0.0692
247,4.29508e+09,9.59897e+06,8209.83,32,10.1621,9,0.0550926
248,5.36961e+08,4.77614e+06,7521.66,29,9.8916,9,0.0583216
249,4.29507e+09,1.75776e+07,7063.08,32,10.3018,8,0.0531427
250,1.718e+10,5.20849e+07,7531.03,34,10.543,8,0.0442986
251,8.59006e+09,2.75592e+07,7641.71,33,10.3076,9,0.0429065
252,8.59005e+09,2.8035e+07,7907.55,33,10.5791,9,0.0439611
253,1.718e+10,4.09664e+07,5681.8,34,9.83496,7,0.0410523
254,6.87196e+10,1.52858e+08,5681.8,36,10.1543,7,0.0533571
255,8.59006e+09,4.55531e+07,9236.12,33,10.7871,9,0.0615233
256,4.29508e+09,3.99595e+07,10932.8,32,11.002,10,0.054033
257,3.43599e+10,9.1292e+07,12099.5,35,11.6299,10,0.0600342
258,6.87196e+10,1.12506e+08,12141.5,36,11.7168,10,0.0453352
259,8.59006e+09,5.00807e+07,12000.3,33,11.3018,10,0.0450175
260,8.59006e+09,4.25748e+07,12902.9,33,11.2021,10,0.0442891
261,1.718e+10,6.07266e+07,9211.3,34,10.6768,9,0.0427663
262,3.43599e+10,1.13174e+08,9767.12,35,10.915,10,0.0416403
263,1.37439e+11,2.13485e+08,11856,37,11.4551,10,0.0428393
264,1.718e+10,7.27361e+07,12440.7,34,11.9697,10,0.0453627
265,8.59006e+09,6.21895e+07,9719.16,33,11.0508,9,0.0416365
266,6.87196e+10,1.94842e+08,10354.1,36,11.1445,10,0.0427608
267,6.87196e+10,2.05342e+08,9309.92,36,11.3125,9,0.043392
268,8.59006e+09,7.15799e+07,11856,33,11.6143,10,0.0440107
269,1.718e+10,6.72843e+07,15152.8,34,11.875,11,0.0440564
270,3.43599e+10,1.05793e+08,10286.2,35,11.373,10,0.0426701
271,8.59005e+09,7.78129e+07,12937.8,33,11.6123,10,0.0439063
272,1.718e+10,9.31363e+07,10371,34,11.1338,10,0.0419465
273,3.43599e+10,1.20785e+08,13218.1,35,11.8311,11,0.0430992
274,1.718e+10,8.59502e+07,9560.04,34,11.1787,9,0.0435883
275,1.718e+10,1.42343e+08,9850.21,34,11.6621,9,0.0441391
276,1.718e+10,1.14105e+08,10522.2,34,11.2861,10,0.0418248
277,2.19902e+12,2.29634e+09,10438.4,41,11.7627,10,0.0430756
278,1.718e+10,1.37313e+08,24583.6,34,12.958,13,0.046345
279,1.718e+10,9.56324e+07,20033.2,34,12.7979,12,0.0452317
280,5.49756e+11,7.08114e+08,18693.1,39,12.6221,12,0.0463133
281,6.87196e+10,3.11725e+08,15915.8,36,13.0195,11,0.0469993
282,6.87196e+10,2.75484e+08,28004.2,36,13.8271,13,0.0493916
283,6.87196e+10,3.45366e+08,25846.8,36,13.5703,13,0.0484978
284,2.74878e+11,5.21462e+08,25473.9,38,13.1748,13,0.0474739
285,6.87196e+10,2.03469e+08,25450.3,36,12.8838,13,0.0487451
286,6.87196e+10,2.75064e+08,22829.4,36,12.7236,13,0.0473633
287,3.43599e+10,2.58529e+08,26302.1,35,13.332,13,0.0482309
288,6.87196e+10,3.85045e+08,20386.9,36,13.0791,12,0.0491727
289,1.37439e+11,3.25252e+08,12248,37,11.9287,11,0.0464147
290,6.87196e+10,2.22036e+08,12747,36,11.9648,10,0.0450185
291,1.37439e+11,4.79905e+08,20477.9,37,12.8887,12,0.0495393
292,6.87196e+10,2.76391e+08,18693.1,36,12.6572,12,0.0470675
293,5.49756e+11,1.01471e+09,25754.3,39,13.3594,13,0.0516434
294,1.37439e+11,5.46278e+08,24681.6,37,13.4424,13,0.050954
295,6.87196e+10,7.7525e+08,15519.2,36,12.9229,11,0.0496396
296,6.87196e+10,5.44232e+08,27444,36,13.709,13,0.0519034
297,2.74878e+11,1.25986e+09,37101.6,38,14.0244,14,0.0529262
298,2.74878e+11,9.04386e+08,20202.3,38,13.3008,12,0.0494869
299,6.87196e+10,6.35918e+08,9924.2,36,12.4365,9,0.0479018
300,2.74878e+11,1.98062e+09,19309.8,38,13.6025,12,0.0521505
301,2.74878e+11,1.22311e+09,20071,38,13.6055,12,0.0515002
302,1.37439e+11,1.09606e+09,25661.3,37,13.541,13,0.0510095
303,1.09951e+12,2.21036e+09,20674.5,40,13.6777,12,0.0526118
304,1.37439e+11,1.1799e+09,15775.6,37,13.2266,11,0.050876
305,1.37439e+11,1.19522e+09,20368.6,37,13.5674,12,0.0519696
306,1.09951e+12,4.34961e+09,18439.5,40,13.3721,12,0.051555
307,1.09951e+12,3.87663e+09,20071,40,13.6738,12,0.0519352
308,2.74878e+11,1.68648e+09,27024.8,38,14.2598,13,0.0544221
309,5.49756e+11,2.27699e+09,23961.5,39,13.7959,13,0.053081
310,2.74878e+11,2.40817e+09,19745.2,38,13.6699,12,0.0514561
311,1.09951e+12,4.135e+09,20276.6,40,13.8564,12,0.0530908
312,5.49756e+11,2.26602e+09,19370.1,39,13.8594,12,0.05337
313,1.09951e+12,2.76239e+09,19025.2,40,13.4033,12,0.0514931
314,5.49756e+11,2.17075e+09,15884.9,39,13.3975,11,0.0524678
315,5.49756e+11,2.64764e+09,19918.9,39,13.6729,12,0.0509683
316,5.49756e+11,2.81946e+09,14789.2,39,13.2715,11,0.0506193
317,5.49756e+11,2.3729e+09,38480,39,14.8584,14,0.0542456
318,2.19902e+12,5.67895e+09,25567.8,41,14.4443,13,0.0536702
319,8.79609e+12,1.34645e+10,25497.4,43,14.1455,13,0.0517337
320,1.09951e+12,4.05622e+09,25355.8,40,14.4932,13,0.0539608
321,7.03687e+13,7.45219e+10,19764.6,46,14.0566,12,0.0515669
322,2.19902e+12,9.67844e+09,37531.6,41,14.9434,14,0.0567814
323,8.79609e+12,1.28687e+10,15946.6,43,14.3965,11,0.0548626
324,4.39805e+12,1.28312e+10,38385.3,42,15.4209,14,0.0585847
325,5.49756e+11,3.54961e+09,36531.3,39,14.46,14,0.0561119
326,4.39805e+12,1.09833e+10,25544.4,42,14.5439,13,0.0577535
327,1.40737e+14,1.44809e+11,36921.8,47,15.3096,14,0.0598357
328,2.19902e+12,1.46293e+10,24137.3,41,15.8896,13,0.0586971
329,5.49756e+11,1.13485e+10,56748,39,16.292,15,0.0598809
330,4.39805e+12,1.75231e+10,27965.3,42,16.0156,13,0.0627108
331,1.09951e+12,1.45055e+10,162046,40,17.0029,17,0.0623849
332,4.39805e+12,4.02579e+10,27423.4,42,16.251,13,0.0677594
333,4.39805e+12,2.24506e+10,92620,42,16.8574,16,0.062494
334,2.19902e+12,1.32544e+10,93271.3,41,16.7432,16,0.0644875
335,4.39805e+12,2.6233e+10,300217,42,17.748,18,0.0643714
336,8.79609e+12,3.49666e+10,58192.8,43,16.8779,15,0.063274
337,1.75922e+13,3.91964e+10,23478.2,44,15.833,13,0.0597082
338,4.39805e+12,2.02789e+10,26982.1,42,16.0967,13,0.0605289
339,4.39805e+12,2.8557e+10,94495.4,42,16.8213,16,0.0612368
340,8.79609e+12,2.55337e+10,38000.5,43,16.002,14,0.0598899
341,4.39805e+12,2.78776e+10,55027.1,42,16.416,15,0.061764
342,8.79609e+12,4.06007e+10,158623,43,17.2451,17,0.0637715
343,8.79609e+12,5.44443e+10,57139.6,43,16.6348,15,0.0635199
344,4.39805e+12,2.91526e+10,56492.8,42,16.3076,15,0.0619996
345,1.75922e+13,8.25695e+10,52499.1,44,16.1367,15,0.0629372
346,4.39805e+12,2.00633e+10,90777.1,42,16.5723,16,0.0638617
347,7.03687e+13,2.22696e+11,91824.7,46,16.625,16,0.0636739
348,3.51844e+13,4.8199e+10,16610.8,45,15.1475,12,0.0594143
349,7.03687e+13,1.08279e+11,12155.5,46,14.6406,10,0.0592875
350,8.79609e+12,5.58763e+10,162452,43,17.4307,17,0.0658473
351,1.75922e+13,6.28178e+10,37804.6,44,16.2637,14,0.0623995
352,3.51844e+13,1.00342e+11,38313.9,45,16.6162,14,0.0634273
353,7.03687e+13,1.37471e+11,56916.7,46,16.7354,15,0.0620491
354,8.79609e+12,6.94708e+10,1.09485e+06,43,19.0615,20,0.0712158
355,1.75922e+13,5.72201e+10,561306,44,18.3027,19,0.0684689
356,3.51844e+13,6.65246e+10,558821,45,18.1494,19,0.0664311
357,8.79609e+12,3.87879e+10,564494,43,18.2549,19,0.0681084
358,1.75922e+13,5.19718e+10,564260,44,18.7383,19,0.0686753
359,1.75922e+13,8.11147e+10,2.14203e+06,44,19.8057,21,0.0700305
360,4.39805e+12,3.44136e+10,8.44474e+06,42,20.3516,23,0.0729831
361,3.51844e+13,8.74115e+10,4.24567e+06,45,20.1611,22,0.0745155
362,1.75922e+13,3.97034e+10,1.08877e+06,44,18.7402,20,0.0688597
363,1.75922e+13,3.92435e+10,4.24323e+06,44,19.7822,22,0.0732877
364,7.03687e+13,9.6251e+10,1.09313e+06,46,18.8203,20,0.0701777
365,2.19902e+12,2.69701e+10,2.14572e+06,41,19.4668,21,0.0705633
366,3.51844e+13,6.43556e+10,296951,45,17.8643,18,0.0668557
367,1.75922e+13,4.19127e+10,563392,44,18.7031,19,0.0698236
368,4.39805e+12,2.07343e+10,292988,42,17.7744,18,0.0686239
369,8.79609e+12,3.61398e+10,294111,43,17.9307,18,0.069093
370,1.75922e+13,5.07842e+10,293713,44,17.9336,18,0.0683509
371,4.39805e+12,2.05848e+10,90777.1,42,16.6006,16,0.0623185
372,8.79609e+12,4.2275e+10,156416,43,17.5674,17,0.0678
373,3.51844e+13,4.86291e+10,55474.9,45,16.29,15,0.0650259
374,3.51844e+13,4.8746e+10,158623,45,17.1768,17,0.0671116
375,2.81475e+14,3.222e+11,558601,48,18.7568,19,0.0731044
376,1.75922e+13,5.51072e+10,91337.6,44,17.6553,16,0.0669474
377,7.03687e+13,1.18956e+11,159942,46,18.3066,17,0.0724146
378,8.79609e+12,4.12342e+10,56691.5,43,17.2168,15,0.0660609
379,2.19902e+12,2.31775e+10,87812,41,17.0176,16,0.0638901
380,5.6295e+14,6.07741e+11,91075,49,16.9473,16,0.0673367
381,8.79609e+12,3.85222e+10,91598.3,43,17.3945,16,0.0699708
382,8.79609e+12,3.95763e+10,24187.3,43,15.7158,13,0.0626098
383,1.1259e+15,1.12027e+12,37406.1,50,16.7236,14,0.0642547
384,8.79609e+12,4.44922e+10,93086.8,43,17.6504,16,0.0677228
385,7.03687e+13,1.54794e+11,55027.1,46,17,15,0.0670774
386,4.39805e+12,2.50025e+10,38121.8,42,16.4297,14,0.0630922
387,8.79609e+12,2.20001e+10,37305.1,43,16.5117,14,0.0631989
388,3.51844e+13,4.87703e+10,26030.4,45,15.3701,13,0.0600154
389,7.03687e+13,1.11996e+11,55027.1,46,16.5488,15,0.0638307
390,7.03687e+13,1.23425e+11,59500.3,46,16.5039,15,0.0652073
391,4.39805e+12,2.63533e+10,58113.9,42,16.9707,15,0.066785
392,4.39805e+12,4.15585e+10,27688.1,42,16.374,13,0.066644
393,3.51844e+13,8.02022e+10,27382.1,45,15.9561,13,0.063133
394,7.03687e+13,1.04061e+11,24657.2,46,15.8164,13,0.0624137
395,3.51844e+13,7.26046e+10,38313.9,45,16.6445,14,0.0659518
396,3.51844e+13,6.0061e+10,34537.9,45,15.8545,14,0.0636028
397,7.03687e+13,1.02151e+11,34679,46,16.0684,14,0.063197
398,1.40737e+14,1.4914e+11,37101.6,47,16.167,14,0.0660146
399,4.39805e+12,1.27196e+10,17455.6,42,15.0693,12,0.0635223
400,1.75922e+13,7.33824e+10,35319.9,44,16.2217,14,0.0670494
401,7.03687e+13,9.44568e+10,38550.7,46,16.5244,14,0.0682463
402,1.40737e+14,2.77769e+11,89732.4,47,17.2539,16,0.0699636
403,4.39805e+12,3.02187e+10,56944.7,42,17.2207,15,0.0711029
404,4.39805e+12,2.45169e+10,52207.5,42,16.4668,15,0.0693604
405,1.75922e+13,4.06185e+10,38737.3,44,16.4248,14,0.11575
406,5.6295e+14,5.73282e+11,26279.7,49,15.7031,13,0.0826441
407,8.79609e+12,4.91056e+10,293833,43,18.3525,18,0.0732582
408,1.75922e+13,5.93303e+10,90743.8,44,16.8965,16,0.0671674
409,1.40737e+14,3.0048e+11,38361.6,47,16.0752,14,0.0665137
410,2.81475e+14,3.30115e+11,23885.7,48,15.1836,13,0.0645494
411,7.03687e+13,3.5555e+11,55563.7,46,16.9736,15,0.0880221
412,5.6295e+14,1.11818e+12,37780,49,17.1299,14,0.0729709
413,7.03687e+13,4.05974e+11,56061.3,46,17.2461,15,0.0915392
414,1.1259e+15,1.54147e+12,27464.5,50,16.1104,13,0.0832412
415,1.40737e+14,4.00933e+11,10770.2,47,14.6377,10,0.0694759
416,2.81475e+14,5.95547e+11,13453,48,14.8984,11,0.0945377
417,3.51844e+13,2.95293e+11,6111.95,45,13.1826,8,0.0637757
418,1.40737e+14,4.64696e+11,6998.99,47,13.5801,9,0.0925619
419,5.6295e+14,1.4291e+12,7716.16,49,13.8506,9,0.0878993
420,1.1259e+15,1.40889e+12,8181.42,50,13.5352,9,0.0639527
421,1.1259e+15,1.44993e+12,6421.63,50,12.624,8,0.0810286
422,1.1259e+15,1.78038e+12,7293.5,50,13.6729,9,0.0624662
423,7.03687e+13,5.24086e+11,8110.04,46,13.5029,9,0.0800455
424,1.40737e+14,3.90668e+11,5927.75,47,12.7598,8,0.0599092
425,1.40737e+14,2.71474e+11,5695.98,47,12.3027,7,0.0607713
426,7.03687e+13,3.56344e+11,4860.94,46,12.165,7,0.0579827
427,1.1259e+15,2.64857e+12,8530.59,50,13.1094,9,0.0631072
428,2.81475e+14,1.07379e+12,6548.77,48,12.457,8,0.059608
429,1.40737e+14,5.78894e+11,10704.6,47,14.3018,10,0.0654216
430,1.1259e+15,3.29882e+12,8406.41,50,13.7578,9,0.0633605
431,4.5036e+15,7.52597e+12,6172.47,52,12.9395,8,0.06252
432,2.81475e+14,1.1185e+12,8138.65,48,13.8984,9,0.0670984
433,4.5036e+15,9.95274e+12,13874.9,52,14.8398,11,0.0671075
434,2.2518e+15,3.08796e+12,17477.9,51,15.2969,12,0.069237
435,2.2518e+15,4.51325e+12,17920.9,51,15.5264,12,0.0690127
436,7.20576e+16,1.13439e+14,37024.7,56,16.9941,14,0.0891902
437,1.44115e+17,2.64332e+14,37076,57,17.9307,14,0.0784407
438,2.30584e+18,2.42277e+15,22539.3,61,16.7285,13,0.0728249
439,7.20576e+16,1.57278e+14,163635,56,19.1963,17,0.105758
440,1.15292e+18,1.33585e+15,56263.6,60,18.2236,15,0.0782475
441,4.61169e+18,5.17675e+15,91598.3,62,18.1387,16,0.103492
442,7.20576e+16,2.58615e+14,19686.7,56,16.0947,12,0.100549
443,1.84467e+19,1.9019e+16,91760.2,64,17.9941,16,0.0978676
444,2.8823e+17,8.12488e+14,90409.6,58,17.3496,16,0.0753089
445,2.8823e+17,4.14204e+14,12392.4,58,15.0469,11,0.0703187
446,2.8823e+17,2.88311e+14,15271.1,58,15.0752,11,0.0959373
447,7.20576e+16,1.6016e+14,11745.6,56,13.9736,11,0.0849892
448,1.15292e+18,1.75448e+15,19208.8,60,16.3076,12,0.0891691
449,7.20576e+16,7.6213e+13,17811.1,56,15.4521,12,0.071626
450,1.84467e+19,1.8035e+16,15084.5,64,15.1436,11,0.0683996
451,2.30584e+18,2.41695e+15,8957.3,61,14.7227,9,0.0692486
452,1.80144e+16,5.4962e+13,24730.5,54,15.5342,13,0.0692539
453,1.80144e+16,4.13693e+13,18545.6,54,15.2158,12,0.0658575
454,4.5036e+15,1.61828e+13,15080.9,52,14.8379,12,0.0669257
455,2.30584e+18,2.33462e+15,11856,61,14.9922,10,0.0688173
456,7.20576e+16,1.0758e+14,8392.5,56,14.5674,9,0.0718923
457,1.44115e+17,3.97249e+14,6861.13,57,14.2422,8,0.0652571
458,5.76461e+17,1.21865e+15,7834.31,59,15.0566,9,0.0670194
459,5.76461e+17,8.51426e+14,13472.4,59,15.6758,11,0.065568
460,4.61169e+18,4.56218e+15,16022.8,62,16.708,11,0.0695356
461,7.20576e+16,1.64802e+14,18439.5,56,15.958,12,0.0707527
462,4.61169e+18,8.19154e+15,16083,62,16.2666,11,0.071341
463,2.8823e+17,5.10379e+14,18396.8,58,17.0732,12,0.0728742
464,2.8823e+17,3.77278e+14,35181.8,58,16.7695,14,0.0750303
465,9.22337e+18,1.01356e+16,9442.57,63,14.9521,9,0.0696542
466,5.76461e+17,1.33449e+15,27566.7,59,16.9463,13,0.0743945
467,5.76461e+17,6.73943e+14,10320.2,59,15.124,10,0.0693215
468,5.76461e+17,6.46976e+14,7042.23,59,14.4082,8,0.0639491
469,3.60288e+16,1.15438e+14,12920.2,55,15.4619,11,0.0677548
470,2.30584e+18,2.51543e+15,13549.9,61,15.8506,11,0.0692886
471,1.15292e+18,2.11762e+15,7819.61,60,14.7158,9,0.0696207
472,2.8823e+17,4.43956e+14,4639.85,58,13.1963,7,0.0636134
473,1.15292e+18,1.26183e+15,7507.85,60,14.6592,10,0.0656096
474,1.44115e+17,3.81866e+14,14321.9,57,16.4404,11,0.0720188
475,2.8823e+17,3.73868e+14,16118,58,16.5879,12,0.0735408
476,2.30584e+18,4.59076e+15,10201,61,15.1338,10,0.0693351
477,5.76461e+17,6.42004e+14,10132.4,59,14.7598,10,0.0675654
478,1.15292e+18,1.27853e+15,14211.5,60,15.6328,11,0.0712513
479,2.30584e+18,3.54966e+15,27024.8,61,17.8389,13,0.0780213
480,2.8823e+17,4.13612e+14,20368.6,58,16.8125,12,0.0744612
481,2.30584e+18,5.07508e+15,26166.8,61,17.6211,13,0.0766404
482,5.76461e+17,9.39779e+14,16494.3,59,16.9375,12,0.0752526
483,1.15292e+18,1.78752e+15,18942.9,60,16.8018,12,0.0740295
484,3.68935e+19,3.69098e+16,26613.2,65,17.9414,13,0.0776136
485,4.61169e+18,5.0766e+15,11375.2,62,15.5615,10,0.0745336
486,7.20576e+16,1.94104e+14,11124.7,56,16.0537,10,0.0766971
487,9.22337e+18,1.45183e+16,9590.16,63,15.209,10,0.0708693
488,3.60288e+16,1.12709e+14,3762.35,55,12.9395,6,0.0649698
489,7.20576e+16,1.71859e+14,10098,56,15.2754,10,0.0684931
490,9.22337e+18,9.96458e+15,4410.03,63,13.3691,7,0.0653707
491,2.95148e+20,3.13978e+17,8124.35,68,16.0586,9,0.0746818
492,5.76461e+17,2.52706e+15,10819.2,59,15.8076,10,0.0731995
493,2.95148e+20,3.3432e+17,13988,68,17.084,11,0.0749772
494,4.61169e+18,7.75434e+15,4307.57,62,14.3379,7,0.0671913
495,5.76461e+17,8.09646e+14,2139.58,59,12.2178,5,0.0590114
496,3.86856e+25,3.7779e+22,5676.24,85,13.5615,8,0.0663225
497,7.3787e+19,7.54311e+16,9103.05,66,14.2236,10,0.0671169
498,1.47574e+20,5.45505e+17,7745.81,67,13.9404,9,0.0675887
499,1.47574e+20,2.64978e+17,9594.67,67,14.7158,9,0.0678183
500,4.72237e+21,4.68891e+18,8866.02,72,15.0146,9,0.0701368
501,1.88895e+22,1.8556e+19,10166.7,74,15.2285,10,0.0704664
502,3.68935e+19,5.1466e+16,7293.5,65,14.0352,9,0.0663274
503,9.22337e+18,1.06037e+16,5902.9,63,13.3008,8,0.0653701
504,2.30584e+18,1.00203e+16,10522.2,61,15.8184,10,0.0713131
505,1.84467e+19,2.32184e+16,9411.3,64,15.2598,10,0.0703012
506,4.72237e+21,5.12683e+18,6256.44,72,14.8867,8,0.0708926
507,2.36118e+21,2.34384e+18,10132.4,71,16.54,10,0.0738417
508,1.47574e+20,1.75197e+17,11693.9,67,16.8701,10,0.080954
509,1.47574e+20,2.70954e+17,7186.07,67,16.5107,8,0.0753035
510,1.47574e+20,1.77928e+17,7400.46,67,16.0801,9,0.074502
511,1.84467e+19,3.84157e+16,9907.31,64,17.3428,10,0.0774777
512,5.90296e+20,5.86788e+17,9375.31,69,16.3652,10,0.0790686
513,9.44473e+21,9.29029e+18,12144.3,73,17.7881,11,0.0815571
514,2.36118e+21,3.76006e+18,5989.58,71,16.0449,8,0.0775447
515,1.18059e+21,1.71815e+18,12155.5,70,18.2178,10,0.0837995
516,1.47574e+20,1.88556e+17,11753.3,67,17.4219,10,0.0863954
517,1.18059e+21,1.33366e+18,8882.35,70,16.7549,10,0.0813415
518,5.90296e+20,7.13775e+17,9802.29,69,18.5303,10,0.0905416
519,1.47574e+20,3.37536e+17,12144.3,67,18.292,11,0.08548
520,9.22337e+18,2.5708e+16,9643.45,63,17.3965,10,0.082747
521,9.22337e+18,2.2868e+16,8905.29,63,16.4717,9,0.0794697
522,2.30584e+18,6.07526e+15,13988,61,17.1592,11,0.080614
523,3.68935e+19,5.68276e+16,10753.8,65,17.0303,10,0.0779185
524,1.84467e+19,2.70523e+16,10354.1,64,16.1553,10,0.0737948
525,9.22337e+18,1.43965e+16,10080.8,63,16.4355,10,0.0784889
526,3.77789e+22,3.92869e+19,11390.7,75,16.0215,10,0.0759283
527,9.22337e+18,2.75987e+16,7330.32,63,15.0244,10,0.0777707
528,5.90296e+20,8.8548e+17,9186.37,69,16.1602,9,0.0788865
529,1.88895e+22,2.79863e+19,10730.8,74,16.624,11,0.0779057
530,2.95148e+20,9.45185e+17,9749.51,68,16.4219,10,0.0786661
531,5.90296e+20,1.05349e+18,7111.69,69,15.2842,10,0.0730435
532,7.55579e+22,7.39063e+19,9212.44,76,15.7529,10,0.0753026
533,4.72237e+21,5.16002e+18,5339.73,72,14.1025,8,0.0702185
534,4.61169e+18,1.05106e+16,5865.5,62,14.5586,8,0.0767246
535,1.47574e+20,2.06407e+17,6409.96,67,14.9912,8,0.0768902
536,1.18059e+21,1.17158e+18,4057.57,70,12.9297,6,0.0673899
537,1.84467e+19,4.05166e+16,4500.95,64,12.7588,7,0.0661775
538,4.61169e+18,6.64463e+15,6172.47,62,13.5879,8,0.0709907
539,7.55579e+22,7.41235e+19,8378.58,76,14.8545,9,0.0706726
540,1.18059e+21,1.6007e+18,9889.85,70,15.0146,10,0.0724661
541,9.22337e+18,1.95634e+16,6075.42,63,13.6533,8,0.0680517
542,1.47574e+20,3.1161e+17,6784.62,67,14.0146,8,0.0697258
543,1.84467e+19,5.617e+16,4610.35,64,13.0908,7,0.0652315
544,3.68935e+19,5.26763e+16,4926.38,65,12.5459,7,0.0643699
545,3.68935e+19,4.41164e+16,7536.73,65,14.124,9,0.0700457
546,1.84467e+19,2.05702e+16,5802.82,64,13.4902,8,0.0686059
547,1.88895e+22,1.92631e+19,6099.79,74,13.9424,8,0.0725145
548,1.84467e+19,4.02904e+16,3409.04,64,12.042,6,0.0628565
549,1.15292e+18,2.45265e+15,5256.55,60,12.6533,7,0.0676399
550,1.84467e+19,2.66086e+16,7611.81,64,13.7783,9,0.0715083
551,1.18059e+21,1.44635e+18,6111.95,70,13.0137,8,0.0675771
552,1.18059e+21,1.23061e+18,9837.37,70,14.8789,10,0.0715358
553,2.95148e+20,3.22302e+17,17002.7,68,15.7178,12,0.075216
554,5.90296e+20,5.88468e+17,15371.2,69,15.502,11,0.0732621
555,2.30584e+18,4.24662e+15,15838.3,61,16.502,11,0.0771261
556,2.95148e+20,3.02241e+17,17700.6,68,15.8184,12,0.0757019
557,9.44473e+21,1.01818e+19,9854.89,73,14.4814,10,0.0725396
558,1.15292e+18,2.15327e+15,11679,60,15.082,10,0.0741265
559,1.84467e+19,5.63553e+16,10354.1,64,14.7451,10,0.077103
560,9.22337e+18,1.40275e+16,9714.23,63,14.459,10,0.071709
561,1.18059e+21,1.15867e+18,12371.9,70,14.3311,11,0.0674868
562,3.77789e+22,3.70581e+19,10965,75,13.8291,10,0.0643901
563,3.77789e+22,6.51278e+19,11693.9,75,14.5977,10,0.0732443
564,2.95148e+20,6.87313e+17,10802.9,68,14.2393,10,0.0698156
565,2.36118e+21,3.32777e+18,9223.72,71,13.2988,9,0.0648082
566,9.44473e+21,9.66568e+18,10286.2,73,13.9199,10,0.065666
567,4.61169e+18,1.19733e+16,3550.8,62,10.3887,6,0.0509309
568,7.3787e+19,9.71289e+16,8195.64,66,12.9277,9,0.0607023
569,5.90296e+20,6.32379e+17,6099.79,69,11.9814,8,0.0603748
570,1.84467e+19,2.43576e+16,5638.51,64,11.3105,7,0.061212
571,2.95148e+20,2.88509e+17,7834.31,68,11.2002,9,0.0598931
572,3.68935e+19,4.78974e+16,5688.97,65,11.5322,8,0.0601764
573,3.68935e+19,5.89222e+16,6571.63,65,11.085,8,0.0582779
574,1.18059e+21,1.2461e+18,9501.69,70,12.5732,9,0.0621382
575,2.95148e+20,3.74111e+17,8693.38,68,13.2959,9,0.0672548
576,2.95148e+20,6.33343e+17,7730.99,68,14.2158,9,0.0733708
577,7.3787e+19,1.10852e+17,7745.81,66,13.5371,9,0.0672233
578,2.30584e+18,3.68444e+15,5586.68,61,12.5303,8,0.0635257
579,2.95148e+20,2.91284e+17,5431.35,68,12.5693,8,0.0626616
580,2.95148e+20,2.90384e+17,9223.72,68,14.1602,9,0.0680982
581,1.15292e+18,3.83063e+15,7334.42,60,13.5312,8,0.0659906
582,1.15292e+18,2.08509e+15,7878.31,60,13.4463,9,0.0650143
583,2.30584e+18,3.01907e+15,5009.19,61,12.4385,7,0.0633271
584,2.95148e+20,4.47042e+17,3915.92,68,12.1729,7,0.0607292
585,1.47574e+20,1.46556e+17,2181.95,67,12.0957,5,0.0615768
586,7.3787e+19,9.74231e+16,3956.58,66,12.9785,6,0.0655035
587,1.18059e+21,2.30854e+18,4051.83,70,13.0518,6,0.0674582
588,6.04463e+23,5.94912e+20,4550.92,79,13.1436,7,0.0678889
589,7.3787e+19,1.4122e+17,9536.7,66,15.4512,10,0.0797612
590,3.68935e+19,6.45666e+16,4669.19,65,13.6846,7,0.0674951
591,1.47574e+20,1.84377e+17,7611.81,67,14.4424,9,0.0724542
592,7.3787e+19,8.13999e+16,6421.63,66,14.0576,8,0.071475
593,1.18059e+21,1.16068e+18,6684.68,70,13.584,8,0.0674066
594,2.95148e+20,3.03215e+17,7626.77,68,14.2539,9,0.0719718
595,1.84467e+19,3.76449e+16,6882.78,64,14.5176,8,0.0692241
596,2.8823e+17,2.11363e+15,5714.39,58,13.8711,8,0.0685085
597,4.61169e+18,9.90635e+15,8640.46,62,14.7617,10,0.0729184
598,2.36118e+21,3.606e+18,6662.24,71,14.2549,8,0.0674865
599,1.18059e+21,1.81459e+18,7536.73,70,14.3604,9,0.0691345
600,6.04463e+23,5.94912e+20,4012.93,79,12.8604,7,0.0634864
601,7.55579e+22,7.61824e+19,8720.2,76,15.1182,9,0.0716617
602,9.44473e+21,1.44166e+19,9411.3,73,15.752,10,0.0772195
603,4.61169e+18,1.10135e+16,13099.5,62,15.6055,11,0.0770805
604,1.47574e+20,4.4324e+17,14081.5,67,16.4727,11,0.0828228
605,1.88895e+22,2.77348e+19,11639.5,74,16.2881,11,0.0781845
606,2.95148e+20,6.41804e+17,8516.87,68,15.2832,9,0.0734095
607,1.18059e+21,1.56405e+18,8009.27,70,15.1699,9,0.0745402
608,5.90296e+20,1.21082e+18,12556.3,69,16.5498,11,0.0851783
609,1.47574e+20,2.78083e+17,8357.82,67,15.2695,10,0.0731531
610,7.55579e+22,7.58226e+19,9465.16,76,14.791,10,0.0717985
611,1.20893e+24,1.18107e+21,6172.47,80,13.7373,8,0.0733733
612,9.22337e+18,1.59491e+16,8266.41,63,13.2822,9,0.0691792
613,5.90296e+20,1.62687e+18,9266.89,69,14.1162,10,0.0710369
614,1.51116e+23,1.47593e+20,7476.34,77,13.2158,9,0.0677105
615,1.88895e+22,3.75586e+19,8666.47,74,15.1094,9,0.0739929
616,9.44473e+21,1.04828e+19,10387.9,73,16.001,10,0.0756552
617,1.47574e+20,3.19052e+17,5765.02,67,14.1973,8,0.075477
618,9.44473e+21,1.04943e+19,7201.15,73,15.6182,9,0.0768743
619,2.95148e+20,3.77966e+17,10320.2,68,16.8496,10,0.0851958
620,4.72237e+21,4.66158e+18,14876.9,72,17.4082,11,0.0821004
621,5.90296e+20,6.73461e+17,8066.97,69,16.0654,9,0.0799483
622,3.68935e+19,9.10839e+16,6244.5,65,14.9883,8,0.0751888
623,5.90296e+20,1.41641e+18,6795.62,69,14.998,8,0.0756653
624,4.72237e+21,5.0053e+18,7506.57,72,15.2168,9,0.0755994
625,1.18059e+21,2.5384e+18,4898.44,70,13.5557,7,0.0688819
626,2.36118e+21,2.35124e+18,5815.39,71,13.6836,8,0.0686297
627,7.92282e+28,7.73713e+25,5444.38,96,13.5762,8,0.070317
628,5.90296e+20,1.20766e+18,3969.95,69,12.4551,7,0.0657447
629,4.72237e+21,7.2666e+18,5865.5,72,13.751,8,0.0713588
630,4.72237e+21,1.08927e+19,5234.12,72,12.999,8,0.0649311
631,5.90296e+20,8.15574e+17,6292.15,69,13.6543,8,0.0692876
632,1.51116e+23,1.66473e+20,6268.36,77,13.5342,8,0.0655742
633,5.90296e+20,7.72074e+17,8357.82,69,16.1367,10,0.0780884
634,1.20893e+24,1.18531e+21,9994.29,80,16.623,10,0.0788495
635,9.44473e+21,1.23543e+19,7994.8,73,16.4883,9,0.0793798
636,1.88895e+22,2.73283e+19,4255.78,74,13.5557,7,0.0696789
637,9.44473e+21,1.71048e+19,7446.04,73,15.2031,9,0.0767078
638,9.44473e+21,1.00902e+19,5273.83,73,14.7451,8,0.0731726
639,7.3787e+19,2.23722e+17,4480.86,66,12.5859,7,0.0639961
640,4.8357e+24,5.02426e+21,7491.47,82,14.543,9,0.0730299
641,5.90296e+20,1.52745e+18,6363.06,69,14.6436,8,0.0701201
642,4.72237e+21,6.48185e+18,7922.13,72,14.6611,9,0.0761596
643,7.55579e+22,7.49776e+19,7611.81,76,14.4258,9,0.0706442
644,3.77789e+22,5.66604e+19,7031.77,75,15.627,8,0.0766466
645,1.51116e+23,2.31524e+20,5915.33,77,14.8467,8,0.0729055
646,1.20893e+24,1.18176e+21,4733.69,80,14.4756,8,0.0719309
647,1.47574e+20,2.74589e+17,4214.08,67,13.8369,7,0.0695948
648,3.77789e+22,3.8275e+19,4220.53,75,13.2998,6,0.0679528
649,3.77789e+22,6.02309e+19,9661.17,75,16.499,10,0.0805626
650,7.55579e+22,7.66066e+19,9942.16,76,15.7402,10,0.0760362
651,7.92282e+28,7.73761e+25,9173.87,96,15.9316,9,0.0793999
652,1.88895e+22,2.15672e+19,11250.8,74,16.6523,10,0.0858554
653,1.93428e+25,1.88926e+22,4727.44,84,13.7031,7,0.0723119
654,3.77789e+22,8.8888e+19,3133.88,75,12.2842,6,0.0632624
655,1.51116e+23,2.23823e+20,6794.05,77,14.8799,9,0.0754644
656,4.72237e+21,9.37729e+18,5339.73,72,14.5557,8,0.0733691
657,6.04463e+23,5.92309e+20,9248.76,79,15.8291,10,0.0796953
658,1.51116e+23,3.9127e+20,10046.2,77,16.123,10,0.085033
659,9.44473e+21,1.13049e+19,7045.89,73,14.6299,9,0.0804856
660,3.02231e+23,3.13491e+20,9854.89,78,15.7949,10,0.0787443
661,3.77789e+22,7.80158e+19,8900.84,75,15.9766,10,0.0769662
662,9.90352e+27,9.67231e+24,10655.1,93,15.9336,10,0.0767697
663,2.41785e+24,3.79127e+21,7114.77,81,15.8418,8,0.0833313
664,3.86856e+25,4.11186e+22,7010.77,85,15.6387,8,0.0839698
665,3.02231e+23,3.47109e+20,10404.7,78,16.8877,10,0.0806139
666,9.67141e+24,1.00718e+22,7108.2,83,15.2393,9,0.0808196
667,1.23794e+27,1.21072e+24,6124.09,90,14.5967,8,0.0724765
668,3.02231e+23,5.47994e+20,9889.85,78,15.7402,10,0.0775655
669,3.77789e+22,6.26781e+19,7975.25,75,14.3564,10,0.0743752
670,7.92282e+28,7.73713e+25,6172.47,96,13.3252,8,0.068605
671,1.51116e+23,1.47918e+20,5339.73,77,12.3145,8,0.0617166
672,6.04463e+23,6.8167e+20,5952.54,79,13.665,8,0.0696647
673,1.51116e+23,2.43846e+20,9121.32,77,14.8242,10,0.0730816
674,7.55579e+22,8.92312e+19,9907.31,76,16.1396,10,0.0843467
675,9.44473e+21,1.52885e+19,7611.81,73,15.5957,9,0.077345
676,1.23794e+27,1.24936e+24,9321.18,90,17.1348,10,0.0829396
677,7.55579e+22,1.69795e+20,7476.34,76,14.8867,9,0.0743765
678,3.02231e+23,4.1267e+20,9339.24,78,17.2246,10,0.0849996
679,9.44473e+21,3.06656e+19,8280.5,73,15.5879,9,0.078673
680,3.96141e+28,3.86859e+25,7878.61,95,15.7188,10,0.079511
681,3.02231e+23,4.88047e+20,10098,78,17.0869,10,0.0908658
682,3.77789e+22,9.27924e+19,6268.36,75,16.0771,8,0.0831015
683,6.04463e+23,6.86688e+20,9103.05,79,15.4912,10,0.0801549
684,7.92282e+28,7.73716e+25,6806.59,96,15.543,8,0.0797074
685,7.73713e+25,9.44993e+22,10455.2,86,16.7285,10,0.085989
686,2.47588e+27,4.91181e+24,10971.8,91,16.6172,11,0.0844811
687,6.04463e+23,1.21347e+21,9731.88,79,15.624,10,0.0828244
688,2.41785e+24,4.13385e+21,9784.72,81,15.7119,10,0.0802007
689,1.20893e+24,1.23414e+21,10269.2,80,16.0967,10,0.0836974
690,1.51116e+23,2.23947e+20,13912.7,77,19.2109,11,0.0968218
691,9.67141e+24,9.75009e+21,15712.4,83,18.0459,12,0.087369
692,3.09485e+26,3.0725e+23,21352.9,88,17.6768,13,0.0904609
693,6.04463e+23,5.9762e+20,34053.2,79,18.5234,14,0.0888073
694,9.90352e+27,9.67419e+24,16587.5,93,18.5742,12,0.0927212
695,1.20893e+24,1.43823e+21,87883.3,80,20.7451,16,0.101275
696,6.1897e+26,6.6161e+23,161289,89,22.252,17,0.105513
697,6.1897e+26,6.05889e+23,157303,89,21.4355,17,0.104496
698,3.86856e+25,5.72248e+22,293992,85,23.2979,18,0.110419
699,1.54743e+26,1.51519e+23,2.13831e+06,87,24.1211,21,0.116312
700,1.54743e+26,1.51978e+23,1.09053e+06,87,24.0078,20,0.114342
701,1.54743e+26,1.51439e+23,4.24702e+06,87,25.2314,22,0.122021
702,3.86856e+25,3.83495e+22,3.36171e+07,85,26.2588,25,0.128689
703,2.47588e+27,2.7206e+24,1.68226e+07,91,27.7471,24,0.135575
704,9.90352e+27,9.85942e+24,294071,93,25.3584,18,0.121417
705,1.9807e+28,1.9374e+25,52109.9,94,23.7637,15,0.118414
706,7.92282e+28,1.54746e+26,35621.4,96,23.8799,14,0.120731
707,7.92282e+28,9.68388e+25,4.23739e+06,96,25.041,22,0.11791
708,4.95176e+27,4.8417e+24,91107.9,92,23.4287,16,0.110437
709,3.86856e+25,1.17433e+23,4.23973e+06,85,24.4951,22,0.117045
710,7.92282e+28,1.55198e+26,162752,96,23.4844,17,0.115608
711,1.23794e+27,1.45726e+24,8.43823e+06,90,24.5928,23,0.113674
712,9.90352e+27,9.75887e+24,1.08475e+06,93,23.0518,20,0.11376
713,7.92282e+28,1.74446e+26,6.71631e+07,96,26.8359,26,0.126102
714,1.9807e+28,2.91797e+25,6.71649e+07,94,26.6602,26,0.121396
715,7.92282e+28,7.96375e+25,6.71676e+07,96,26.6719,26,0.125178
716,7.92282e+28,8.37347e+25,5.36951e+08,96,30.7432,29,0.141051
717,7.92282e+28,8.75507e+25,1.07383e+09,96,31.5049,30,0.144946
718,7.92282e+28,1.55221e+26,2.68509e+08,96,29.6484,28,0.137071
719,7.92282e+28,1.56338e+26,6.71523e+07,96,26.8203,26,0.126932
720,7.92282e+28,3.0958e+26,1.34288e+08,96,28.9551,27,0.1363
721,7.92282e+28,1.84998e+26,1.34284e+08,96,28.2617,27,0.131764
722,7.92282e+28,8.32331e+25,1.34274e+08,96,27.8809,27,0.125914
723,7.92282e+28,1.68091e+26,1.07382e+09,96,32.0713,30,0.148471
724,7.92282e+28,9.93702e+25,1.07382e+09,96,31.2549,30,0.143876
725,7.92282e+28,7.75778e+25,5.36934e+08,96,30.6055,29,0.15019
726,7.92282e+28,1.57333e+26,2.68505e+08,96,30.3701,28,0.142238
727,7.92282e+28,2.92311e+26,3.36195e+07,96,28.5273,25,0.138585
728,9.90352e+27,1.03419e+25,6.71606e+07,93,27.3271,26,0.127553
729,7.92282e+28,3.12674e+26,2.68506e+08,96,29.417,28,0.137841
730,7.92282e+28,7.74753e+25,4.24747e+06,96,25.4482,22,0.123864
731,7.92282e+28,3.98848e+26,3.36111e+07,96,27.2705,25,0.133243
732,7.92282e+28,3.28698e+26,1.68286e+07,96,26.9414,24,0.134527
733,7.92282e+28,7.82787e+25,2.13685e+06,96,24.9385,21,0.124078
734,7.92282e+28,3.87714e+26,564182,96,23.6318,19,0.114179
735,7.92282e+28,7.90163e+25,561390,96,24.2119,19,0.118833
736,7.92282e+28,2.34183e+26,1.3428e+08,96,28.1289,27,0.134225
737,7.92282e+28,3.14722e+26,8.43518e+06,96,25.1475,23,0.120681
738,7.92282e+28,7.74486e+25,4.23929e+06,96,24.5732,22,0.119721
739,7.92282e+28,3.12519e+26,4.23626e+06,96,25.7529,22,0.132934
740,7.92282e+28,3.48508e+26,553532,96,24.252,19,0.115016
741,7.92282e+28,1.59743e+26,89008.9,96,22.8857,16,0.110835
742,7.92282e+28,8.70682e+25,295555,96,23.2939,18,0.116664
743,7.92282e+28,2.92132e+26,2.13294e+06,96,25.3037,21,0.12686
744,7.92282e+28,3.09817e+26,160904,96,22.8555,17,0.113525
745,7.92282e+28,1.18048e+26,155476,96,22.708,17,0.113127
746,7.92282e+28,2.54805e+26,159177,96,23.2207,17,0.115059
747,7.92282e+28,1.54776e+26,152193,96,22.2109,17,0.107059
748,7.92282e+28,3.90942e+26,2.1343e+06,96,23.4766,21,0.118208
749,3.96141e+28,5.3581e+25,1.08977e+06,95,23.5938,20,0.116665
750,7.92282e+28,7.81756e+25,559647,96,22.6602,19,0.108869
751,7.92282e+28,7.86335e+25,8.4384e+06,96,25.7734,23,0.125106
752,7.92282e+28,9.93252e+25,1.34272e+08,96,29.3281,27,0.141723
753,7.92282e+28,1.55743e+26,4.23557e+06,96,26.1787,22,0.126457
754,7.92282e+28,7.90042e+25,292540,96,24.3164,18,0.114466
755,7.92282e+28,1.18722e+26,294348,96,23.4785,18,0.115463
756,7.92282e+28,1.6443e+26,1.08841e+06,96,24.5869,20,0.118781
757,7.92282e+28,2.45053e+26,4.23453e+06,96,26.207,22,0.125013
758,7.92282e+28,8.76761e+25,1.08243e+06,96,23.7588,20,0.113603
759,7.92282e+28,7.88325e+25,3.3599e+07,96,27.1777,25,0.131823
760,7.92282e+28,2.3371e+26,1.34291e+08,96,28.3691,27,0.134498
761,7.92282e+28,8.84336e+25,1.34273e+08,96,28.584,27,0.131741
762,7.92282e+28,1.56062e+26,1.07382e+09,96,29.9121,30,0.139877
763,6.1897e+26,7.58414e+23,4.23212e+06,89,24.7539,22,0.12752
764,7.92282e+28,3.2426e+26,6.71781e+07,96,27.4795,26,0.129262
765,7.92282e+28,2.33046e+26,5.36952e+08,96,28.9648,29,0.133322
766,7.92282e+28,3.93385e+26,5.36947e+08,96,29.3721,29,0.136778
767,7.92282e+28,3.48802e+26,1.34279e+08,96,28.3467,27,0.132891
768,7.92282e+28,9.70227e+25,1.34279e+08,96,28.2549,27,0.129632
769,7.92282e+28,2.74089e+26,3.36175e+07,96,27.1836,25,0.132995
770,7.92282e+28,1.56813e+26,1.68304e+07,96,27.332,24,0.129355
771,7.92282e+28,3.94377e+26,6.71622e+07,96,28.6816,26,0.130949
772,7.92282e+28,1.94953e+26,1.34277e+08,96,27.7119,27,0.127239
773,7.92282e+28,5.67738e+26,294467,96,25.6426,18,0.123437
774,7.92282e+28,2.68764e+26,1.68222e+07,96,26.8691,24,0.126636
775,7.92282e+28,7.73848e+25,4.23973e+06,96,25.9004,22,0.118853
776,7.92282e+28,2.51477e+26,6.7173e+07,96,26.7988,26,0.123525
777,7.92282e+28,1.95499e+26,3.36117e+07,96,26.918,25,0.129589
778,7.92282e+28,5.5144e+26,4.2426e+06,96,26.4141,22,0.119913
779,7.92282e+28,4.64564e+26,1.08982e+06,96,24.7705,20,0.11309
780,7.92282e+28,2.32618e+26,4.24371e+06,96,25.9736,22,0.119167
781,7.92282e+28,7.79855e+25,1.08752e+06,96,24.9512,20,0.115632
782,7.92282e+28,2.39747e+26,1.08461e+06,96,26.0654,20,0.120477
783,7.92282e+28,4.91594e+26,91075,96,24.4492,16,0.11629
784,7.92282e+28,8.24689e+25,90677.2,96,23.4014,16,0.115763
785,7.92282e+28,1.17965e+26,1.08909e+06,96,25.0898,20,0.117424
786,7.92282e+28,1.60062e+26,294467,96,24.002,18,0.110043
787,7.92282e+28,1.59891e+26,2.13321e+06,96,24.8066,21,0.110271
788,7.92282e+28,3.88551e+26,557670,96,23.8496,19,0.108309
789,7.92282e+28,5.03104e+26,295899,96,23.082,18,0.109475
790,7.92282e+28,2.3213e+26,1.09262e+06,96,23.8721,20,0.108975
791,7.92282e+28,7.8626e+25,555447,96,23.7598,19,0.117167
792,7.92282e+28,5.65865e+26,88273.3,96,21.6904,16,0.103389
793,7.92282e+28,2.52067e+26,50349.5,96,21.7197,15,0.10127
794,7.92282e+28,7.76824e+25,56606.6,96,20.7754,15,0.0955033
795,7.92282e+28,3.88175e+26,1.08663e+06,96,25.2559,20,0.117221
796,7.92282e+28,7.7798e+26,553343,96,25.0498,19,0.116129
797,7.92282e+28,6.32425e+26,1.08639e+06,96,24.9941,20,0.117026
798,7.92282e+28,2.80565e+26,2.13327e+06,96,25.3623,21,0.122855
799,7.92282e+28,1.59304e+26,1.09045e+06,96,25.5957,20,0.1172
800,7.92282e+28,5.61746e+26,158099,96,24.7432,17,0.114343
801,1.58456e+29,4.74743e+26,297575,97,24.0615,18,0.117594
802,7.92282e+28,5.81095e+26,158548,96,23.709,17,0.107394
803,7.92282e+28,3.14746e+26,294975,96,23.1074,18,0.107173
804,7.92282e+28,3.29019e+26,160373,96,22.9062,17,0.108335
805,1.23794e+27,1.54773e+24,290965,90,22.6162,18,0.103375
806,7.92282e+28,2.82549e+26,1.08529e+06,96,24.8955,20,0.122264
807,7.92282e+28,3.14467e+26,296165,96,23.4453,18,0.112662
808,7.92282e+28,4.00496e+26,554845,96,24.6182,19,0.115821
809,7.92282e+28,1.9439e+26,556997,96,23.8662,19,0.11709
810,7.92282e+28,2.62609e+26,555216,96,23.1816,19,0.11046
811,7.92282e+28,1.57543e+26,555308,96,23.667,19,0.115033
812,7.92282e+28,2.47425e+26,295670,96,23.2432,18,0.109718
813,7.92282e+28,2.81378e+26,552963,96,22.8311,19,0.108962
814,7.92282e+28,1.55386e+26,161289,96,21.1328,17,0.101293
815,7.92282e+28,3.58648e+26,554191,96,23.041,19,0.107236
816,7.92282e+28,1.98616e+26,1.08238e+06,96,23.8574,20,0.106934
817,7.92282e+28,2.33708e+26,2.13994e+06,96,25.5869,21,0.116872
818,7.92282e+28,2.35908e+26,562423,96,23.5547,19,0.106715
819,7.92282e+28,4.71846e+26,2.1359e+06,96,25.9512,21,0.11747
820,7.92282e+28,1.93662e+26,2.13953e+06,96,24.8047,21,0.116053
821,7.92282e+28,8.04852e+26,2.13774e+06,96,24.4189,21,0.1096
822,7.92282e+28,5.51372e+26,2.14285e+06,96,25.8809,21,0.12193
823,7.92282e+28,9.30904e+26,1.07781e+06,96,24.1641,20,0.109525
824,7.92282e+28,5.75188e+26,1.0912e+06,96,24.8584,20,0.113761
825,7.92282e+28,8.25573e+26,2.13112e+06,96,25.8359,21,0.129667
826,7.92282e+28,5.46895e+26,4.23545e+06,96,25.0605,22,0.112996
827,7.92282e+28,6.97312e+26,561012,96,23.7021,19,0.112218
828,7.92282e+28,7.08837e+26,1.08009e+06,96,25.083,20,0.112735
829,7.92282e+28,5.53325e+26,1.07828e+06,96,23.9707,20,0.110382
830,7.92282e+28,7.25524e+26,560759,96,23.7441,19,0.108369
831,7.92282e+28,6.42724e+26,2.13278e+06,96,25.0029,21,0.117967
832,7.92282e+28,5.85516e+26,2.1382e+06,96,24.4307,21,0.110115
833,7.92282e+28,7.74564e+26,559344,96,23.8516,19,0.111838
834,7.92282e+28,6.42783e+26,1.08918e+06,96,24.4541,20,0.112158
835,7.92282e+28,9.08806e+26,4.24169e+06,96,25.958,22,0.119283
836,7.92282e+28,1.49383e+27,4.24099e+06,96,26.6602,22,0.124515
837,7.92282e+28,9.68044e+26,2.13717e+06,96,25.5459,21,0.117466
838,7.92282e+28,6.37138e+26,4.24201e+06,96,26.6699,22,0.123301
839,7.92282e+28,1.66665e+26,4.24001e+06,96,25.2686,22,0.115771
840,7.92282e+28,8.67208e+26,2.13414e+06,96,25.085,21,0.115875
841,7.92282e+28,8.55336e+26,2.14545e+06,96,24.7168,21,0.115752
842,7.92282e+28,7.20096e+26,2.13706e+06,96,25.0498,21,0.116049
843,7.92282e+28,5.08096e+26,2.14004e+06,96,25.3848,21,0.116046
844,7.92282e+28,1.70965e+27,4.24276e+06,96,26.8828,22,0.119914
845,7.92282e+28,1.26899e+27,4.23453e+06,96,26.1201,22,0.127618
846,7.92282e+28,1.21024e+27,2.14232e+06,96,25.5879,21,0.117596
847,7.92282e+28,1.15831e+27,1.68179e+07,96,26.9268,24,0.120841
848,7.92282e+28,6.11917e+26,2.14304e+06,96,24.7754,21,0.118165
849,7.92282e+28,6.80685e+26,2.13397e+06,96,24.5068,21,0.115231
850,7.92282e+28,4.99329e+26,2.14188e+06,96,24.7627,21,0.110677
851,7.92282e+28,7.51105e+26,1.68298e+07,96,27.1104,24,0.124202
852,7.92282e+28,8.52416e+26,1.6828e+07,96,26.498,24,0.119191
853,7.92282e+28,1.0316e+27,1.68297e+07,96,27.6182,24,0.124885
854,7.92282e+28,1.00192e+27,3.36158e+07,96,28.7881,25,0.13014
855,7.92282e+28,1.09738e+27,4.24761e+06,96,27.0254,22,0.123135
856,7.92282e+28,1.2945e+27,3.36164e+07,96,28.5244,25,0.128132
857,7.92282e+28,1.02105e+27,6.71766e+07,96,29.5869,26,0.134355
858,7.92282e+28,1.12057e+27,3.36092e+07,96,28.1436,25,0.126188
859,7.92282e+28,1.28641e+27,3.36155e+07,96,28.7324,25,0.131006
860,7.92282e+28,8.19332e+26,4.24997e+06,96,26.873,22,0.12359
861,7.92282e+28,1.37906e+27,3.36147e+07,96,28.5713,25,0.133291
862,7.92282e+28,4.84824e+26,8.43899e+06,96,27.1406,23,0.12267
863,7.92282e+28,7.17907e+26,1.68395e+07,96,27.6641,24,0.121524
864,7.92282e+28,1.40302e+27,6.71676e+07,96,28.9688,26,0.127268
865,7.92282e+28,1.13645e+27,1.3427e+08,96,29.165,27,0.132073
866,7.92282e+28,1.38106e+27,1.34283e+08,96,29.29,27,0.131651
867,7.92282e+28,1.10919e+27,6.71707e+07,96,29.127,26,0.128578
868,7.92282e+28,8.75964e+26,3.36167e+07,96,27.9961,25,0.130123
869,7.92282e+28,7.81977e+26,6.71703e+07,96,27.8643,26,0.126567
870,7.92282e+28,9.60374e+26,1.68384e+07,96,26.5508,24,0.116193
871,7.92282e+28,1.43671e+27,1.68296e+07,96,27.8447,24,0.130814
872,7.92282e+28,1.5459e+27,6.71703e+07,96,28.583,26,0.132712
873,7.92282e+28,7.7819e+26,1.68346e+07,96,27.9521,24,0.125322
874,7.92282e+28,1.22143e+27,4.23973e+06,96,26.9219,22,0.117954
875,7.92282e+28,1.50297e+27,4.24381e+06,96,27.1445,22,0.126893
876,7.92282e+28,1.55306e+27,3.36194e+07,96,28.5791,25,0.126926
877,7.92282e+28,1.89405e+27,3.36117e+07,96,28.6338,25,0.125871
878,7.92282e+28,1.19052e+27,3.36068e+07,96,28.1855,25,0.127196
879,7.92282e+28,1.7632e+27,1.34263e+08,96,29.7568,27,0.133107
880,7.92282e+28,1.93973e+27,2.68504e+08,96,30.3887,28,0.139592
881,7.92282e+28,1.72675e+27,6.71738e+07,96,28.168,26,0.126147
882,1.58456e+29,1.58955e+27,6.71697e+07,97,28.2529,26,0.130367
883,7.92282e+28,2.43737e+27,6.71733e+07,96,29.0674,26,0.131732
884,7.92282e+28,2.02371e+27,1.34288e+08,96,28.7285,27,0.130266
885,7.92282e+28,1.71896e+27,6.71673e+07,96,27.9932,26,0.123431
886,7.92282e+28,2.34869e+27,1.34288e+08,96,29.4902,27,0.136497
887,7.92282e+28,1.58704e+27,1.34288e+08,96,29.0928,27,0.133382
888,7.92282e+28,1.7251e+27,1.34284e+08,96,30.293,27,0.141797
889,7.92282e+28,2.13457e+27,5.36951e+08,96,31.6074,29,0.140683
890,7.92282e+28,2.40188e+27,2.68516e+08,96,31.5977,28,0.140267
891,7.92282e+28,1.99113e+27,5.36942e+08,96,31.3398,29,0.140802
892,7.92282e+28,2.8913e+27,2.68503e+08,96,30.9121,28,0.135288
893,7.92282e+28,2.20819e+27,1.34282e+08,96,30.3164,27,0.132386
894,7.92282e+28,1.96365e+27,2.68494e+08,96,30.9639,28,0.140237
895,7.92282e+28,1.82017e+27,2.68508e+08,96,30.9219,28,0.14148
896,7.92282e+28,2.30539e+27,2.68509e+08,96,30.5342,28,0.142592
897,7.92282e+28,2.32819e+27,5.36943e+08,96,31.6543,29,0.142051
898,7.92282e+28,1.73396e+27,5.36945e+08,96,31.5068,29,0.139243
899,7.92282e+28,2.30505e+27,4.29506e+09,96,33.875,32,0.154163
900,7.92282e+28,2.46015e+27,4.29505e+09,96,33.7031,32,0.163592
901,7.92282e+28,3.14261e+27,1.07382e+09,96,33.127,30,0.158315
902,3.16913e+29,2.25323e+27,2.14756e+09,98,33.3008,31,0.225667
903,7.92282e+28,2.64044e+27,5.36948e+08,96,33.0879,29,0.177582
904,7.92282e+28,2.87468e+27,2.68506e+08,96,31.6387,28,0.149133
905,7.92282e+28,2.3455e+27,1.07382e+09,96,32.6602,30,0.15227
906,7.92282e+28,2.23647e+27,5.3695e+08,96,31.6367,29,0.149081
907,7.92282e+28,3.39454e+27,2.68505e+08,96,32.7383,28,0.153957
908,3.16913e+29,3.85983e+27,1.07381e+09,98,33.1406,30,0.157003
909,7.92282e+28,3.61274e+27,1.07382e+09,96,34.0596,30,0.195815
910,7.92282e+28,3.24403e+27,1.07382e+09,96,33.3242,30,0.160001
911,7.92282e+28,2.65821e+27,1.07382e+09,96,32.8154,30,0.160987
912,7.92282e+28,2.26373e+27,5.36943e+08,96,31.835,29,0.151708
913,7.92282e+28,2.88629e+27,5.36948e+08,96,32.1973,29,0.153762
914,7.92282e+28,2.95883e+27,1.07382e+09,96,32.8086,30,0.178687
915,7.92282e+28,3.16283e+27,1.07383e+09,96,33.999,30,0.162759
916,7.92282e+28,3.31517e+27,5.36957e+08,96,33.1523,29,0.191097
917,7.92282e+28,3.79621e+27,2.14756e+09,96,34.582,31,0.165596
918,7.92282e+28,3.57369e+27,1.07382e+09,96,33.7949,30,0.225393
919,7.92282e+28,3.38928e+27,2.68513e+08,96,33.2578,28,0.160521
920,7.92282e+28,2.93447e+27,1.07381e+09,96,33.665,30,0.16417
921,7.92282e+28,4.02156e+27,2.14755e+09,96,35.0527,31,0.16579
922,7.92282e+28,3.42821e+27,5.36953e+08,96,33.7988,29,0.158762
923,7.92282e+28,3.71382e+27,2.685e+08,96,33,28,0.157437
924,7.92282e+28,4.58132e+27,1.07382e+09,96,34.9834,30,0.163815
925,7.92282e+28,4.4994e+27,2.14758e+09,96,35.8643,31,0.169822
926,7.92282e+28,3.69448e+27,2.14757e+09,96,34.5039,31,0.157378
927,7.92282e+28,4.1318e+27,1.07384e+09,96,34.835,30,0.157436
928,7.92282e+28,3.63139e+27,2.14757e+09,96,35.3398,31,0.16692
929,7.92282e+28,3.57207e+27,1.07382e+09,96,34.7451,30,0.159252
930,7.92282e+28,3.90928e+27,2.14757e+09,96,35.3926,31,0.158776
931,7.92282e+28,3.75957e+27,1.718e+10,96,37.0371,34,0.170038
932,7.92282e+28,3.79192e+27,8.59002e+09,96,36.6709,33,0.165811
933,7.92282e+28,4.86188e+27,1.718e+10,96,37.5791,34,0.16554
934,7.92282e+28,4.05125e+27,1.71799e+10,96,37.0928,34,0.168886
935,7.92282e+28,4.85157e+27,1.718e+10,96,37.7617,34,0.172147
936,7.92282e+28,3.52378e+27,4.29505e+09,96,36.3867,32,0.171901
937,7.92282e+28,4.72784e+27,1.718e+10,96,38.1748,34,0.170818
938,7.92282e+28,4.72825e+27,4.29505e+09,96,37.332,32,0.176042
939,7.92282e+28,4.23481e+27,8.59e+09,96,37.4492,33,0.176455
940,7.92282e+28,5.25193e+27,1.718e+10,96,37.7305,34,0.171845
941,7.92282e+28,4.80816e+27,1.718e+10,96,38.4053,34,0.170198
942,7.92282e+28,4.40368e+27,1.718e+10,96,37.3213,34,0.170693
943,7.92282e+28,4.52669e+27,1.718e+10,96,37.96,34,0.175144
944,3.16913e+29,4.30243e+27,3.43598e+10,98,38.4873,35,0.183116
945,7.92282e+28,4.28371e+27,6.87196e+10,96,39.8711,36,0.183551
946,7.92282e+28,5.04025e+27,3.43598e+10,96,39.0166,35,0.179789
947,7.92282e+28,4.76784e+27,3.43598e+10,96,39.7021,35,0.177031
948,7.92282e+28,5.30393e+27,3.43599e+10,96,39.8887,35,0.184867
949,7.92282e+28,4.73871e+27,6.87196e+10,96,40.0908,36,0.185999
950,7.92282e+28,5.44342e+27,6.87196e+10,96,39.7197,36,0.18753
951,7.92282e+28,4.32484e+27,1.718e+10,96,39.1387,34,0.178
952,7.92282e+28,4.25148e+27,1.718e+10,96,38.3613,34,0.176522
953,7.92282e+28,5.13966e+27,1.718e+10,96,38.6562,34,0.172466
954,7.92282e+28,4.16297e+27,1.718e+10,96,38.5781,34,0.171467
955,7.92282e+28,4.96366e+27,1.718e+10,96,39.0967,34,0.172883
956,7.92282e+28,4.43337e+27,1.718e+10,96,38.3359,34,0.176179
957,7.92282e+28,4.62002e+27,6.87196e+10,96,40.3672,36,0.181408
958,7.92282e+28,4.25419e+27,1.718e+10,96,38.1289,34,0.173266
959,7.92282e+28,3.97957e+27,1.71799e+10,96,38.0039,34,0.171857
960,1.58456e+29,4.80635e+27,1.718e+10,97,38.8154,34,0.177177
961,3.16913e+29,6.3041e+27,3.43598e+10,98,40.2207,35,0.181833
962,7.92282e+28,5.24664e+27,1.718e+10,96,38.666,34,0.181309
963,7.92282e+28,5.49796e+27,3.43598e+10,96,39.7666,35,0.177227
964,7.92282e+28,6.00704e+27,1.37439e+11,96,41.8389,37,0.186209
965,7.92282e+28,4.3089e+27,4.29506e+09,96,37.5186,32,0.172033
966,7.92282e+28,3.94485e+27,1.718e+10,96,38.0391,34,0.180505
967,7.92282e+28,4.93071e+27,3.43598e+10,96,38.9082,35,0.18555
968,7.92282e+28,5.90238e+27,2.74878e+11,96,41.0205,38,0.222057
969,7.92282e+28,5.63643e+27,3.43598e+10,96,38.8213,35,0.180868
970,7.92282e+28,5.16385e+27,3.43598e+10,96,39.0859,35,0.19178
971,7.92282e+28,4.30338e+27,1.718e+10,96,38.1611,34,0.209383
972,7.92282e+28,4.18053e+27,8.59004e+09,96,37.7822,33,0.241557
973,7.92282e+28,3.86748e+27,3.43598e+10,96,38.8721,35,0.185525
974,7.92282e+28,6.22931e+27,1.37439e+11,96,41.791,37,0.195353
975,7.92282e+28,6.25386e+27,5.49756e+11,96,41.2051,39,0.196856
976,7.92282e+28,6.4659e+27,2.74878e+11,96,41.4014,38,0.197119
977,7.92282e+28,5.08094e+27,1.71799e+10,96,37.8984,34,0.179603
978,7.92282e+28,5.06459e+27,6.87196e+10,96,39.7666,36,0.22946
979,7.92282e+28,5.68306e+27,6.87196e+10,96,40.1914,36,0.23113
980,7.92282e+28,5.86685e+27,6.87196e+10,96,40.1309,36,0.190595
981,7.92282e+28,5.33165e+27,3.43598e+10,96,38.2861,35,0.224679
982,7.92282e+28,5.43545e+27,1.37439e+11,96,40.9209,37,0.193992
983,7.92282e+28,4.93556e+27,6.87196e+10,96,40.0059,36,0.187971
984,7.92282e+28,5.77303e+27,3.43598e+10,96,39.9912,35,0.190744
985,7.92282e+28,5.26247e+27,1.718e+10,96,38.4443,34,0.179508
986,7.92282e+28,4.64459e+27,3.43599e+10,96,39.1279,35,0.177766
987,7.92282e+28,5.7683e+27,4.29506e+09,96,37.8105,32,0.172426
988,7.92282e+28,4.90222e+27,1.718e+10,96,38.1006,34,0.193407
989,7.92282e+28,5.10645e+27,1.718e+10,96,38.0869,34,0.184401
990,7.92282e+28,4.91835e+27,6.87196e+10,96,39.249,36,0.189479
991,7.92282e+28,5.53999e+27,3.43598e+10,96,39.251,35,0.175808
992,3.16913e+29,4.84927e+27,3.43598e+10,98,38.9727,35,0.182816
993,7.92282e+28,5.41741e+27,1.718e+10,96,39.2793,34,0.189466
994,7.92282e+28,6.22011e+27,1.37439e+11,96,41.207,37,0.190679
995,7.92282e+28,5.83173e+27,3.43598e+10,96,38.9951,35,0.176303
996,7.92282e+28,5.53991e+27,3.43599e+10,96,39.4502,35,0.180979
997,7.92282e+28,4.98402e+27,3.43599e+10,96,39.127,35,0.179148
998,7.92282e+28,5.62734e+27,3.43598e+10,96,39.3672,35,0.184882
999,7.92282e+28,6.64682e+27,6.87196e+10,96,40.8281,36,0.185609
1000,7.92282e+28,5.45211e+27,1.718e+10,96,38.7256,34,0.174991
1001,7.92282e+28,5.9585e+27,3.43598e+10,96,39.6045,35,0.184408
1002,7.92282e+28,5.59119e+27,1.718e+10,96,38.9785,34,0.178592
1003,7.92282e+28,6.2201e+27,3.43599e+10,96,40.0752,35,0.1821
1004,7.92282e+28,7.55481e+27,1.37439e+11,96,42.4199,37,0.187494
1005,7.92282e+28,7.1285e+27,1.37439e+11,96,41.8164,37,0.188436
1006,7.92282e+28,6.34848e+27,2.74878e+11,96,42.2754,38,0.195711
1007,7.92282e+28,6.57456e+27,6.87196e+10,96,41.1289,36,0.183556
1008,7.92282e+28,8.09748e+27,5.49756e+11,96,42.7695,39,0.193983
1009,7.92282e+28,6.02739e+27,6.87196e+10,96,39.7666,36,0.182214
1010,7.92282e+28,7.20143e+27,1.37439e+11,96,41.9033,37,0.190844
1011,7.92282e+28,6.0517e+27,3.43599e+10,96,40.5615,35,0.185433
1012,7.92282e+28,6.96829e+27,6.87196e+10,96,40.9912,36,0.185004
1013,7.92282e+28,6.91018e+27,2.74878e+11,96,42.749,38,0.198297
1014,7.92282e+28,5.78936e+27,1.37439e+11,96,41.0615,37,0.18772
1015,3.16913e+29,6.66805e+27,6.87196e+10,98,40.5986,36,0.190312
1016,7.92282e+28,7.24541e+27,2.74878e+11,96,41.5977,38,0.196881
1017,7.92282e+28,7.27026e+27,2.74878e+11,96,41.4629,38,0.190734
1018,7.92282e+28,6.80934e+27,1.37439e+11,96,42.3516,37,0.190806
1019,7.92282e+28,7.0511e+27,1.37439e+11,96,41.2559,37,0.185701
1020,7.92282e+28,7.22904e+27,6.87196e+10,96,41.8076,36,0.193318
1021,7.92282e+28,6.12776e+27,6.87196e+10,96,41.0938,36,0.188536
1022,7.92282e+28,6.98209e+27,2.74878e+11,96,41.7061,38,0.185566
1023,7.92282e+28,6.81795e+27,6.87196e+10,96,41.7998,36,0.188685
1024,7.92282e+28,6.96112e+27,5.49756e+11,96,41.7197,39,0.19016
1025,7.92282e+28,7.43713e+27,5.49756e+11,96,42.4521,39,0.196888
1026,7.92282e+28,6.66654e+27,1.37439e+11,96,41.4092,37,0.190067
1027,7.92282e+28,6.92116e+27,6.87196e+10,96,41.168,36,0.186061
1028,7.92282e+28,6.77297e+27,6.87196e+10,96,41.3047,36,0.192705
1029,7.92282e+28,6.81901e+27,1.37439e+11,96,41.4766,37,0.189496
1030,7.92282e+28,6.71237e+27,2.74878e+11,96,42.5898,38,0.196546
1031,7.92282e+28,7.26343e+27,6.87196e+10,96,41.5391,36,0.194684
1032,7.92282e+28,6.09402e+27,6.87196e+10,96,40.542,36,0.189018
1033,7.92282e+28,7.95822e+27,2.74878e+11,96,42.1553,38,0.191969
1034,7.92282e+28,6.71218e+27,2.74878e+11,96,42.7969,38,0.191751
1035,7.92282e+28,6.8384e+27,1.09951e+12,96,42.8691,40,0.195676
1036,7.92282e+28,7.12092e+27,5.49756e+11,96,42.3242,39,0.191416
1037,7.92282e+28,6.33448e+27,3.43598e+10,96,40.251,35,0.191254
1038,7.92282e+28,6.64939e+27,1.37439e+11,96,41.6807,37,0.196162
1039,7.92282e+28,7.83223e+27,5.49756e+11,96,43.3311,39,0.2025
1040,7.92282e+28,6.39025e+27,6.87196e+10,96,41.2959,36,0.189312
1041,7.92282e+28,7.48577e+27,1.37439e+11,96,42.3047,37,0.189061
1042,7.92282e+28,5.63629e+27,6.87196e+10,96,41.1992,36,0.194829
1043,7.92282e+28,6.91647e+27,5.49756e+11,96,42.8701,39,0.196975
1044,7.92282e+28,7.94148e+27,5.49756e+11,96,43.7568,39,0.199998
1045,7.92282e+28,6.16895e+27,2.74878e+11,96,42.4404,38,0.198754
1046,7.92282e+28,6.90448e+27,5.49756e+11,96,42.6211,39,0.192338
1047,7.92282e+28,6.42886e+27,2.19902e+12,96,43.793,41,0.204647
1048,7.92282e+28,6.14778e+27,1.09951e+12,96,42.6885,40,0.192131
1049,7.92282e+28,6.97407e+27,2.74878e+11,96,42.9717,38,0.193494
1050,7.92282e+28,7.39658e+27,1.09951e+12,96,44.2305,40,0.196798
1051,7.92282e+28,7.44835e+27,4.39805e+12,96,44.9443,42,0.206034
1052,7.92282e+28,7.3126e+27,4.39805e+12,96,44.4961,42,0.20536
1053,7.92282e+28,6.87417e+27,2.19902e+12,96,43.4951,41,0.198233
1054,7.92282e+28,8.0111e+27,4.39805e+12,96,44.2314,42,0.198607
1055,7.92282e+28,7.17969e+27,8.79609e+12,96,44.5801,43,0.206103
1056,7.92282e+28,8.80285e+27,1.75922e+13,96,46.0049,44,0.21103
1057,7.92282e+28,6.90615e+27,5.49756e+11,96,44.4053,39,0.20273
1058,7.92282e+28,7.79719e+27,1.09951e+12,96,43.7207,40,0.201031
1059,7.92282e+28,8.20904e+27,4.39805e+12,96,44.4893,42,0.203574
1060,7.92282e+28,8.46251e+27,8.79609e+12,96,45.2607,43,0.206097
1061,7.92282e+28,6.70894e+27,3.51844e+13,96,45.127,45,0.208499
1062,7.92282e+28,8.13283e+27,8.79609e+12,96,45.835,43,0.206983
1063,7.92282e+28,8.48117e+27,3.51844e+13,96,45.9648,45,0.20993
1064,7.92282e+28,7.28005e+27,2.81475e+14,96,46.915,48,0.211393
1065,7.92282e+28,9.15549e+27,5.6295e+14,96,48.627,49,0.221782
1066,7.92282e+28,9.35208e+27,1.40737e+14,96,47.4512,47,0.212336
1067,7.92282e+28,9.43924e+27,5.6295e+14,96,48.5205,49,0.223636
1068,7.92282e+28,8.78097e+27,1.40737e+14,96,46.6172,47,0.21123
1069,7.92282e+28,8.43018e+27,7.03687e+13,96,45.8887,46,0.212767
1070,3.16913e+29,9.46642e+27,4.39805e+12,98,46.292,42,0.206609
1071,1.58456e+29,9.27009e+27,1.75922e+13,97,46.0635,44,0.212204
1072,7.92282e+28,8.24435e+27,5.6295e+14,96,48.2744,49,0.221837
1073,7.92282e+28,9.91979e+27,7.03687e+13,96,47.9893,46,0.220511
1074,7.92282e+28,9.72345e+27,3.51844e+13,96,47.3701,45,0.220743
1075,7.92282e+28,8.01452e+27,7.03687e+13,96,47.0986,46,0.21823
1076,7.92282e+28,9.73827e+27,5.6295e+14,96,48.3525,49,0.225748
1077,7.92282e+28,8.77686e+27,5.6295e+14,96,47.9297,49,0.213986
1078,7.92282e+28,8.72297e+27,7.03687e+13,96,47.9258,46,0.216351
1079,7.92282e+28,1.07361e+28,9.0072e+15,96,50.041,53,0.223895
1080,7.92282e+28,1.05064e+28,1.1259e+15,96,49.6602,50,0.226927
1081,7.92282e+28,9.68751e+27,1.1259e+15,96,48.4971,50,0.221886
1082,7.92282e+28,9.32314e+27,5.6295e+14,96,48.7002,49,0.223802
1083,7.92282e+28,9.44835e+27,2.81475e+14,96,48.6914,48,0.22266
1084,7.92282e+28,8.85825e+27,2.81475e+14,96,48.5029,48,0.220608
1085,7.92282e+28,9.69962e+27,2.81475e+14,96,48.2305,48,0.223994
1086,1.58456e+29,1.18932e+28,4.5036e+15,97,50.4277,52,0.23093
1087,7.92282e+28,1.0814e+28,1.1259e+15,96,49.0615,50,0.22436
1088,7.92282e+28,1.14048e+28,5.6295e+14,96,49.7676,49,0.225074
1089,7.92282e+28,1.12265e+28,1.1259e+15,96,49.9023,50,0.229169
1090,7.92282e+28,1.16129e+28,2.2518e+15,96,49.4102,51,0.222804
1091,7.92282e+28,1.27717e+28,1.80144e+16,96,51.4912,54,0.232866
1092,7.92282e+28,1.04315e+28,2.81475e+14,96,48.7686,48,0.223464
1093,7.92282e+28,1.17838e+28,9.0072e+15,96,51.1104,53,0.228753
1094,3.16913e+29,1.13828e+28,1.1259e+15,98,50.5137,50,0.23305
1095,3.16913e+29,1.22558e+28,4.5036e+15,98,50.3584,52,0.226595
1096,7.92282e+28,1.2033e+28,2.2518e+15,96,50.6055,51,0.229818
1097,7.92282e+28,1.24816e+28,9.0072e+15,96,51.8076,53,0.236946
1098,7.92282e+28,1.22779e+28,1.80144e+16,96,51.2998,54,0.233713
1099,7.92282e+28,1.20058e+28,4.5036e+15,96,51.1992,52,0.232737
1100,7.92282e+28,1.10266e+28,1.1259e+15,96,49.5654,50,0.223392
1101,7.92282e+28,1.08456e+28,1.1259e+15,96,49.6631,50,0.225965
1102,7.92282e+28,1.00715e+28,9.0072e+15,96,50.3232,53,0.231182
1103,7.92282e+28,1.19723e+28,1.80144e+16,96,51.1426,54,0.246325
1104,7.92282e+28,1.27087e+28,1.44115e+17,96,52.0898,57,0.240877
1105,7.92282e+28,1.21198e+28,9.0072e+15,96,51.1338,53,0.22835
1106,7.92282e+28,1.25939e+28,3.60288e+16,96,51.8936,55,0.236061
1107,7.92282e+28,1.2873e+28,1.80144e+16,96,51.1719,54,0.240982
1108,7.92282e+28,1.14811e+28,2.2518e+15,96,50.3262,51,0.227586
1109,7.92282e+28,1.36714e+28,7.20576e+16,96,52.3955,56,0.249394
1110,7.92282e+28,1.33072e+28,4.5036e+15,96,51.0469,52,0.234085
1111,7.92282e+28,1.28279e+28,1.80144e+16,96,51.3545,54,0.23697
1112,1.58456e+29,1.30767e+28,2.8823e+17,97,52.7637,58,0.240279
1113,7.92282e+28,1.23047e+28,4.5036e+15,96,51.1025,52,0.23662
1114,7.92282e+28,1.34297e+28,2.2518e+15,96,51.0791,51,0.23363
1115,7.92282e+28,1.27459e+28,7.20576e+16,96,52.0957,56,0.241868
1116,7.92282e+28,1.30208e+28,7.20576e+16,96,51.6143,56,0.239804
1117,7.92282e+28,1.18421e+28,1.80144e+16,96,51.3408,54,0.231528
1118,7.92282e+28,1.40911e+28,2.8823e+17,96,53.7559,58,0.243638
1119,7.92282e+28,1.32135e+28,3.60288e+16,96,51.6953,55,0.237415
1120,7.92282e+28,1.36243e+28,3.60288e+16,96,51.6201,55,0.239306
1121,7.92282e+28,1.37183e+28,1.80144e+16,96,51.8057,54,0.247014
1122,7.92282e+28,1.25009e+28,7.20576e+16,96,51.5703,56,0.232701
1123,7.92282e+28,1.35613e+28,3.60288e+16,96,52.9238,55,0.251577
1124,1.58456e+29,1.34283e+28,7.20576e+16,97,51.9385,56,0.234159
1125,7.92282e+28,1.40937e+28,1.44115e+17,96,52.7881,57,0.240688
1126,7.92282e+28,1.42017e+28,1.44115e+17,96,52.4609,57,0.236863
1127,1.58456e+29,1.45187e+28,9.0072e+15,97,51.7305,53,0.235973
1128,7.92282e+28,1.56094e+28,2.8823e+17,96,54.0967,58,0.253452
1129,7.92282e+28,1.53752e+28,5.76461e+17,96,53.0273,59,0.242052
1130,7.92282e+28,1.56586e+28,1.44115e+17,96,52.8203,57,0.237273
1131,1.58456e+29,1.49675e+28,2.8823e+17,97,53.3223,58,0.239778
1132,3.16913e+29,1.58919e+28,2.30584e+18,98,54.71,61,0.253807
1133,7.92282e+28,1.59987e+28,2.8823e+17,96,53.709,58,0.249944
1134,7.92282e+28,1.57973e+28,1.44115e+17,96,53.8311,57,0.23936
1135,1.58456e+29,1.56214e+28,1.44115e+17,97,52.7617,57,0.252432
1136,3.16913e+29,1.66468e+28,1.84467e+19,98,55.252,64,0.253714
1137,3.16913e+29,1.71684e+28,5.76461e+17,98,54.2383,59,0.246565
1138,7.92282e+28,1.78827e+28,1.84467e+19,96,55.7588,64,0.253174
1139,7.92282e+28,1.70919e+28,1.84467e+19,96,55.6172,64,0.25033
1140,7.92282e+28,1.76648e+28,3.68935e+19,96,55.7979,65,0.252004
1141,7.92282e+28,1.75678e+28,4.61169e+18,96,54.9736,62,0.245021
1142,7.92282e+28,1.78696e+28,4.61169e+18,96,55.3174,62,0.247452
1143,7.92282e+28,1.74692e+28,4.61169e+18,96,55.3008,62,0.250281
1144,7.92282e+28,1.802e+28,1.84467e+19,96,56.2988,64,0.25213
1145,3.16913e+29,1.84872e+28,1.15292e+18,98,54.9775,60,0.252032
1146,3.16913e+29,1.88496e+28,9.22337e+18,98,55.3594,63,0.248339
1147,7.92282e+28,1.6485e+28,7.20576e+16,96,53.2959,56,0.247648
1148,3.16913e+29,1.84776e+28,9.22337e+18,98,55.6309,63,0.25723
1149,3.16913e+29,1.78889e+28,4.61169e+18,98,55.2207,62,0.253694
1150,7.92282e+28,2.05358e+28,1.47574e+20,96,58.0781,67,0.262301
1151,1.58456e+29,1.99078e+28,1.47574e+20,97,56.5479,67,0.254739
1152,3.16913e+29,2.06023e+28,1.84467e+19,98,56.6973,64,0.255314
1153,7.92282e+28,1.9531e+28,9.22337e+18,96,55.9814,63,0.258532
1154,3.16913e+29,2.02206e+28,3.68935e+19,98,55.8906,65,0.252209
1155,1.58456e+29,2.00687e+28,1.84467e+19,97,56.3418,64,0.259717
1156,7.92282e+28,1.81392e+28,9.22337e+18,96,54.6572,63,0.248763
1157,3.16913e+29,1.9352e+28,4.61169e+18,98,55.8398,62,0.250552
1158,7.92282e+28,1.93736e+28,7.3787e+19,96,56.3057,66,0.257291
1159,1.58456e+29,2.06254e+28,9.22337e+18,97,56.3984,63,0.248406
1160,3.16913e+29,1.96502e+28,4.61169e+18,98,55.5088,62,0.249859
1161,3.16913e+29,1.96898e+28,7.3787e+19,98,55.7178,66,0.25694
1162,3.16913e+29,1.96178e+28,1.84467e+19,98,55.874,64,0.253662
1163,7.92282e+28,2.10461e+28,1.84467e+19,96,55.9922,64,0.257868
1164,7.92282e+28,1.94802e+28,5.76461e+17,96,54.9609,59,0.246652
1165,3.16913e+29,2.15386e+28,2.30584e+18,98,56.3057,61,0.249103
1166,3.16913e+29,1.87575e+28,1.15292e+18,98,54.8721,60,0.251553
1167,3.16913e+29,1.7815e+28,4.61169e+18,98,55.1523,62,0.252474
1168,3.16913e+29,1.9403e+28,2.95148e+20,98,56.9189,68,0.255441
1169,7.92282e+28,1.96502e+28,1.15292e+18,96,55.2441,60,0.252725
1170,7.92282e+28,1.873e+28,7.3787e+19,96,56.3662,66,0.254622
1171,3.16913e+29,1.98391e+28,1.84467e+19,98,55.5195,64,0.246114
1172,7.92282e+28,1.87203e+28,7.3787e+19,96,56.2754,66,0.251814
1173,7.92282e+28,1.88636e+28,1.47574e+20,96,56.7549,67,0.254847
1174,7.92282e+28,2.12519e+28,1.47574e+20,96,57.9707,67,0.263701
1175,7.92282e+28,2.03195e+28,3.68935e+19,96,56.0439,65,0.251776
1176,7.92282e+28,2.00641e+28,1.47574e+20,96,57.0068,67,0.255504
1177,7.92282e+28,2.07361e+28,1.18059e+21,96,58.4385,70,0.263447
1178,7.92282e+28,2.18576e+28,5.90296e+20,96,56.9395,69,0.254769
1179,3.16913e+29,2.02763e+28,3.68935e+19,98,55.8223,65,0.256922
1180,3.16913e+29,2.03872e+28,1.47574e+20,98,56.5439,67,0.252514
1181,3.16913e+29,2.00897e+28,1.47574e+20,98,56.2305,67,0.253413
1182,3.16913e+29,1.98857e+28,7.3787e+19,98,56.2715,66,0.253106
1183,7.92282e+28,1.87954e+28,1.84467e+19,96,55.6201,64,0.250336
1184,7.92282e+28,2.1888e+28,2.95148e+20,96,58.0732,68,0.260664
1185,7.92282e+28,2.02538e+28,5.90296e+20,96,57.9102,69,0.257335
1186,1.58456e+29,2.12535e+28,2.95148e+20,97,57.918,68,0.259121
1187,7.92282e+28,2.27115e+28,7.3787e+19,96,57.0801,66,0.261028
1188,3.16913e+29,2.05577e+28,1.84467e+19,98,55.6758,64,0.257301
1189,7.92282e+28,2.17832e+28,2.95148e+20,96,57.2109,68,0.255215
1190,7.92282e+28,2.17222e+28,1.18059e+21,96,58.4424,70,0.261009
1191,3.16913e+29,2.41373e+28,5.90296e+20,98,58.1387,69,0.264475
1192,7.92282e+28,2.10631e+28,5.90296e+20,96,57.8926,69,0.268348
1193,3.16913e+29,2.16783e+28,1.47574e+20,98,57.835,67,0.261131
1194,7.92282e+28,2.2626e+28,5.90296e+20,96,57.9561,69,0.261195
1195,7.92282e+28,2.16283e+28,5.90296e+20,96,57.5752,69,0.264057
1196,7.92282e+28,2.21986e+28,5.90296e+20,96,57.9658,69,0.258626
1197,7.92282e+28,2.17874e+28,1.18059e+21,96,57.999,70,0.262269
1198,7.92282e+28,2.11761e+28,7.3787e+19,96,57.0098,66,0.253467
1199,7.92282e+28,2.08426e+28,2.95148e+20,96,57.5059,68,0.257625
1200,3.16913e+29,2.09281e+28,4.61169e+18,98,55.5684,62,0.249938
1201,3.16913e+29,2.04244e+28,1.47574e+20,98,56.8271,67,0.251895
1202,1.58456e+29,2.14242e+28,3.68935e+19,97,56.5156,65,0.257399
1203,7.92282e+28,2.10107e+28,9.22337e+18,96,56.0654,63,0.248337
1204,7.92282e+28,2.10437e+28,2.95148e+20,96,57.7666,68,0.257842
1205,7.92282e+28,1.9498e+28,3.68935e+19,96,55.2773,65,0.244643
1206,1.58456e+29,2.25704e+28,5.90296e+20,97,57.6963,69,0.26912
1207,3.16913e+29,2.23282e+28,3.68935e+19,98,56.457,65,0.256812
1208,7.92282e+28,2.035e+28,2.36118e+21,96,58.5225,71,0.258176
1209,7.92282e+28,2.24303e+28,5.90296e+20,96,57.7949,69,0.262488
1210,3.16913e+29,1.99949e+28,3.68935e+19,98,56.0605,65,0.261576
1211,3.16913e+29,2.20473e+28,1.18059e+21,98,57.5293,70,0.262978
1212,7.92282e+28,2.13233e+28,1.18059e+21,96,58.8398,70,0.268794
1213,7.92282e+28,2.14282e+28,2.36118e+21,96,58.3838,71,0.263143
1214,7.92282e+28,2.18531e+28,2.36118e+21,96,57.6797,71,0.259845
1215,7.92282e+28,2.04549e+28,3.68935e+19,96,56.0947,65,0.254504
1216,7.92282e+28,2.17387e+28,2.95148e+20,96,57.8438,68,0.257198
1217,3.16913e+29,2.18989e+28,2.95148e+20,98,58.1113,68,0.268068
1218,1.58456e+29,2.27251e+28,1.18059e+21,97,58.1865,70,0.260141
1219,1.58456e+29,2.17556e+28,4.72237e+21,97,59.624,72,0.27145
1220,7.92282e+28,2.11563e+28,5.90296e+20,96,57.1426,69,0.256326
1221,3.16913e+29,2.40367e+28,5.90296e+20,98,57.9922,69,0.256259
1222,7.92282e+28,2.224e+28,5.90296e+20,96,57.9697,69,0.261017
1223,7.92282e+28,2.19857e+28,2.36118e+21,96,59.0098,71,0.265028
1224,7.92282e+28,2.31686e+28,1.18059e+21,96,57.9512,70,0.262845
1225,3.16913e+29,2.2934e+28,9.44473e+21,98,59.3262,73,0.266902
1226,7.92282e+28,2.15746e+28,7.3787e+19,96,56.9551,66,0.254453
1227,7.92282e+28,2.2618e+28,1.47574e+20,96,57.5342,67,0.258367
1228,7.92282e+28,2.12293e+28,1.18059e+21,96,57.9639,70,0.268294
1229,7.92282e+28,2.22978e+28,5.90296e+20,96,57.6758,69,0.260798
1230,7.92282e+28,2.32967e+28,9.44473e+21,96,58.8799,73,0.266233
1231,7.92282e+28,2.2633e+28,2.95148e+20,96,57.6572,68,0.263583
1232,7.92282e+28,2.38925e+28,1.18059e+21,96,58.417,70,0.266706
1233,7.92282e+28,2.42174e+28,9.44473e+21,96,60.543,73,0.272286
1234,7.92282e+28,2.4234e+28,4.72237e+21,96,59.4658,72,0.269732
1235,3.16913e+29,2.51482e+28,9.44473e+21,98,58.7578,73,0.257817
1236,7.92282e+28,2.43578e+28,1.18059e+21,96,57.8271,70,0.259939
1237,3.16913e+29,2.43441e+28,9.44473e+21,98,59.3701,73,0.265409
1238,3.16913e+29,2.36465e+28,5.90296e+20,98,58.2617,69,0.257226
1239,7.92282e+28,2.48295e+28,9.44473e+21,96,58.9746,73,0.263302
1240,3.16913e+29,2.50401e+28,4.72237e+21,98,58.6621,72,0.262823
1241,3.16913e+29,2.48907e+28,4.72237e+21,98,59.3701,72,0.264476
1242,3.16913e+29,2.33229e+28,1.18059e+21,98,58.2256,70,0.256789
1243,3.16913e+29,2.38828e+28,1.18059e+21,98,59.0723,70,0.274096
1244,3.16913e+29,2.40838e+28,1.18059e+21,98,58.5938,70,0.264314
1245,7.92282e+28,2.46653e+28,9.44473e+21,96,60.3203,73,0.276245
1246,1.58456e+29,2.52662e+28,4.72237e+21,97,59.2715,72,0.266291
1247,3.16913e+29,2.42506e+28,2.36118e+21,98,58.7393,71,0.264937
1248,1.58456e+29,2.44502e+28,2.36118e+21,97,58.6914,71,0.261973
1249,7.92282e+28,2.43893e+28,4.72237e+21,96,59.1963,72,0.264338
1250,7.92282e+28,2.25384e+28,2.36118e+21,96,58.7012,71,0.26309
1251,7.92282e+28,2.30404e+28,2.36118e+21,96,57.6484,71,0.260941
1252,7.92282e+28,2.37332e+28,5.90296e+20,96,57.9639,69,0.262021
1253,1.58456e+29,2.36488e+28,1.18059e+21,97,58.2285,70,0.272613
1254,7.92282e+28,2.28366e+28,5.90296e+20,96,57.7959,69,0.257601
1255,7.92282e+28,2.37488e+28,2.95148e+20,96,57.4609,68,0.264267
1256,3.16913e+29,2.57541e+28,2.36118e+21,98,58.9385,71,0.26177
1257,7.92282e+28,2.42264e+28,4.72237e+21,96,59.3037,72,0.263828
1258,7.92282e+28,2.4552e+28,4.72237e+21,96,58.7549,72,0.263743
1259,7.92282e+28,2.40012e+28,4.72237e+21,96,60.0947,72,0.265325
1260,7.92282e+28,2.44317e+28,2.36118e+21,96,58.7803,71,0.258405
1261,3.16913e+29,2.70877e+28,4.72237e+21,98,59.7363,72,0.264616
1262,3.16913e+29,2.50734e+28,4.72237e+21,98,59.3389,72,0.268077
1263,3.16913e+29,2.49778e+28,9.44473e+21,98,59.082,73,0.266512
1264,1.58456e+29,2.70719e+28,3.77789e+22,97,59.9336,75,0.271704
1265,3.16913e+29,2.64348e+28,2.36118e+21,98,58.8809,71,0.263381
1266,7.92282e+28,2.61021e+28,9.44473e+21,96,59.8057,73,0.268068
1267,7.92282e+28,2.58279e+28,1.88895e+22,96,59.9404,74,0.268456
1268,3.16913e+29,2.68937e+28,4.72237e+21,98,58.7256,72,0.268922
1269,3.16913e+29,2.64601e+28,9.44473e+21,98,59.6455,73,0.264593
1270,3.16913e+29,2.56191e+28,4.72237e+21,98,58.9639,72,0.261859
1271,1.58456e+29,2.70279e+28,4.72237e+21,97,59.7617,72,0.26952
1272,7.92282e+28,2.5176e+28,4.72237e+21,96,59.0186,72,0.263221
1273,7.92282e+28,2.58345e+28,9.44473e+21,96,58.5586,73,0.265041
1274,7.92282e+28,2.63904e+28,4.72237e+21,96,59.6318,72,0.263406
1275,3.16913e+29,2.64623e+28,3.77789e+22,98,60.543,75,0.266245
1276,7.92282e+28,2.70325e+28,4.72237e+21,96,59.793,72,0.261416
1277,1.58456e+29,2.57579e+28,9.44473e+21,97,58.8906,73,0.26346
1278,3.16913e+29,2.47249e+28,1.18059e+21,98,58.582,70,0.261169
1279,3.16913e+29,2.71398e+28,9.44473e+21,98,59.9033,73,0.267312
1280,7.92282e+28,2.70096e+28,3.77789e+22,96,60.625,75,0.271283
1281,1.58456e+29,2.87296e+28,1.51116e+23,97,61.2109,77,0.26965
1282,3.16913e+29,2.98637e+28,1.51116e+23,98,61.624,77,0.273408
1283,7.92282e+28,2.80551e+28,1.88895e+22,96,59.9424,74,0.267946
1284,7.92282e+28,2.72911e+28,1.18059e+21,96,59.1084,70,0.262739
1285,7.92282e+28,2.74956e+28,1.88895e+22,96,60.6738,74,0.270631
1286,3.16913e+29,2.98207e+28,7.55579e+22,98,61.4854,76,0.274908
1287,7.92282e+28,2.87989e+28,7.55579e+22,96,60.8779,76,0.272944
1288,3.16913e+29,2.59448e+28,1.88895e+22,98,59.1152,74,0.262474
1289,7.92282e+28,2.75103e+28,1.88895e+22,96,59.6299,74,0.267989
1290,7.92282e+28,2.71122e+28,1.88895e+22,96,59.6582,74,0.267046
1291,3.16913e+29,2.76019e+28,7.55579e+22,98,60.667,76,0.269229
1292,7.92282e+28,2.85017e+28,7.55579e+22,96,61.291,76,0.271995
1293,1.58456e+29,2.93509e+28,1.88895e+22,97,59.332,74,0.268079
1294,7.92282e+28,2.98404e+28,3.77789e+22,96,61.5654,75,0.28639
1295,7.92282e+28,2.96449e+28,7.55579e+22,96,62.2705,76,0.277041
1296,3.16913e+29,2.74645e+28,2.36118e+21,98,59.0801,71,0.262537
1297,3.16913e+29,2.85798e+28,3.77789e+22,98,60.3164,75,0.265213
1298,3.16913e+29,2.82279e+28,7.55579e+22,98,61.8145,76,0.28345
1299,3.16913e+29,2.88263e+28,1.88895e+22,98,59.6631,74,0.262674
1300,1.58456e+29,2.83185e+28,3.77789e+22,97,60.6074,75,0.271557
1301,3.16913e+29,2.66567e+28,4.72237e+21,98,59.1758,72,0.269478
1302,7.92282e+28,2.56048e+28,2.36118e+21,96,59.376,71,0.267268
1303,3.16913e+29,2.70714e+28,4.72237e+21,98,59.8262,72,0.267801
1304,7.92282e+28,2.69586e+28,4.72237e+21,96,59.626,72,0.271001
1305,7.92282e+28,2.6304e+28,2.36118e+21,96,58.5547,71,0.266901
1306,3.16913e+29,2.717e+28,4.72237e+21,98,58.6797,72,0.265726
1307,7.92282e+28,2.75184e+28,1.88895e+22,96,60.1582,74,0.269064
1308,7.92282e+28,2.77881e+28,9.44473e+21,96,59.0537,73,0.261918
1309,7.92282e+28,2.70404e+28,3.77789e+22,96,60.8711,75,0.273031
1310,3.16913e+29,2.83105e+28,3.77789e+22,98,62.0264,75,0.277386
1311,3.16913e+29,2.73116e+28,3.77789e+22,98,60.1865,75,0.275304
1312,7.92282e+28,2.64021e+28,9.44473e+21,96,60.3066,73,0.268317
1313,7.92282e+28,2.67881e+28,4.72237e+21,96,59.3535,72,0.263575
1314,7.92282e+28,2.49662e+28,1.18059e+21,96,58.0068,70,0.25566
1315,7.92282e+28,2.50854e+28,4.72237e+21,96,58.8223,72,0.267042
1316,7.92282e+28,2.58184e+28,1.88895e+22,96,59.8574,74,0.263193
1317,7.92282e+28,2.63896e+28,1.88895e+22,96,60.0605,74,0.26568
1318,7.92282e+28,2.78561e+28,3.77789e+22,96,61.0566,75,0.269277
1319,7.92282e+28,2.82605e+28,3.77789e+22,96,60.1396,75,0.270097
1320,7.92282e+28,2.55639e+28,1.18059e+21,96,58.2363,70,0.274389
1321,3.16913e+29,2.62017e+28,9.44473e+21,98,59.4258,73,0.258799
1322,7.92282e+28,2.70665e+28,9.44473e+21,96,59.2031,73,0.260089
1323,3.16913e+29,2.62806e+28,9.44473e+21,98,59.3311,73,0.267187
1324,7.92282e+28,2.60555e+28,9.44473e+21,96,59.001,73,0.259508
1325,1.58456e+29,2.71383e+28,1.88895e+22,97,60.1641,74,0.262669
1326,3.16913e+29,2.73753e+28,9.44473e+21,98,59.8574,73,0.268488
1327,1.58456e+29,2.75795e+28,1.88895e+22,97,59.792,74,0.267308
1328,3.16913e+29,2.65193e+28,9.44473e+21,98,59.0713,73,0.265221
1329,7.92282e+28,2.76918e+28,7.55579e+22,96,61.0303,76,0.274767
1330,7.92282e+28,2.72523e+28,3.77789e+22,96,60.126,75,0.268993
1331,7.92282e+28,2.84137e+28,7.55579e+22,96,61.418,76,0.275124
1332,3.16913e+29,2.78256e+28,9.44473e+21,98,60.165,73,0.273326
1333,3.16913e+29,2.8508e+28,3.77789e+22,98,60.8389,75,0.266906
1334,7.92282e+28,2.83551e+28,3.77789e+22,96,59.5146,75,0.270305
1335,1.58456e+29,2.8125e+28,1.88895e+22,97,60.3242,74,0.269406
1336,1.58456e+29,2.74422e+28,7.55579e+22,97,60.3955,76,0.266598
1337,7.92282e+28,2.87491e+28,7.55579e+22,96,61.2529,76,0.269952
1338,3.16913e+29,2.92857e+28,3.77789e+22,98,60.7471,75,0.272784
1339,7.92282e+28,3.04155e+28,3.02231e+23,96,62.75,78,0.277782
1340,3.16913e+29,2.94891e+28,1.51116e+23,98,60.749,77,0.276841
1341,7.92282e+28,3.06595e+28,3.77789e+22,96,59.9668,75,0.264483
1342,3.16913e+29,2.86397e+28,7.55579e+22,98,60.0547,76,0.270032
1343,7.92282e+28,2.73968e+28,1.88895e+22,96,60.3691,74,0.265176
1344,1.58456e+29,2.975e+28,1.51116e+23,97,61.4443,77,0.27533
1345,3.16913e+29,3.01088e+28,1.51116e+23,98,61.8232,77,0.278604
1346,7.92282e+28,2.99671e+28,3.77789e+22,96,60.3271,75,0.265815
1347,7.92282e+28,2.93224e+28,3.02231e+23,96,62.2549,78,0.274103
1348,3.16913e+29,2.89142e+28,7.55579e+22,98,61.1279,76,0.270868
1349,1.58456e+29,2.84707e+28,3.77789e+22,97,60.7783,75,0.269841
1350,7.92282e+28,2.81177e+28,7.55579e+22,96,62.1523,76,0.283241
1351,3.16913e+29,3.00141e+28,7.55579e+22,98,60.1836,76,0.271752
1352,7.92282e+28,2.97474e+28,7.55579e+22,96,62.0977,76,0.278184
1353,3.16913e+29,2.84399e+28,7.55579e+22,98,60.7998,76,0.266593
1354,7.92282e+28,2.81357e+28,7.55579e+22,96,61.5342,76,0.276413
1355,7.92282e+28,2.8983e+28,1.51116e+23,96,61.5127,77,0.272221
1356,3.16913e+29,2.75575e+28,1.88895e+22,98,59.9531,74,0.269772
1357,3.16913e+29,3.02225e+28,7.55579e+22,98,61.8486,76,0.27481
1358,7.92282e+28,2.95516e+28,1.88895e+22,96,60.8369,74,0.268121
1359,1.58456e+29,2.8758e+28,3.77789e+22,97,60.8408,75,0.269611
1360,7.92282e+28,2.98152e+28,7.55579e+22,96,60.5117,76,0.267188
1361,7.92282e+28,2.87349e+28,7.55579e+22,96,60.8789,76,0.277532
1362,3.16913e+29,2.75627e+28,1.88895e+22,98,60.6641,74,0.270783
1363,3.16913e+29,2.94277e+28,1.51116e+23,98,61.251,77,0.277645
1364,1.58456e+29,2.94959e+28,7.55579e+22,97,60.999,76,0.275346
1365,7.92282e+28,2.9213e+28,3.77789e+22,96,60.3506,75,0.273433
1366,7.92282e+28,2.97849e+28,3.77789e+22,96,61.334,75,0.278548
1367,7.92282e+28,2.89733e+28,1.88895e+22,96,60.5469,74,0.265811
1368,3.16913e+29,2.87085e+28,9.44473e+21,98,59.9971,73,0.273072
1369,3.16913e+29,3.0479e+28,1.51116e+23,98,61.1963,77,0.277031
1370,7.92282e+28,3.03328e+28,7.55579e+22,96,61.8281,76,0.271173
1371,3.16913e+29,2.89989e+28,1.88895e+22,98,60.2334,74,0.271462
1372,3.16913e+29,2.91539e+28,1.88895e+22,98,59.6035,74,0.27246
1373,3.16913e+29,3.06521e+28,7.55579e+22,98,60.6396,76,0.275871
1374,1.58456e+29,3.01013e+28,7.55579e+22,97,60.8945,76,0.272019
1375,7.92282e+28,3.04742e+28,3.02231e+23,96,62.5752,78,0.277453
1376,7.92282e+28,3.11154e+28,7.55579e+22,96,61.0498,76,0.272824
1377,3.16913e+29,3.06503e+28,1.51116e+23,98,61.752,77,0.273778
1378,7.92282e+28,2.92841e+28,1.88895e+22,96,59.9941,74,0.267177
1379,7.92282e+28,3.10792e+28,7.55579e+22,96,61.5,76,0.271419
1380,3.16913e+29,3.08767e+28,1.51116e+23,98,61.4346,77,0.272085
1381,3.16913e+29,3.01952e+28,3.77789e+22,98,60.9453,75,0.270844
1382,3.16913e+29,2.98457e+28,3.77789e+22,98,61.6982,75,0.2799
1383,1.58456e+29,2.91972e+28,7.55579e+22,97,61.0635,76,0.272428
1384,3.16913e+29,3.0843e+28,7.55579e+22,98,61.1748,76,0.270173
1385,3.16913e+29,2.99826e+28,7.55579e+22,98,61.1748,76,0.271661
1386,3.16913e+29,3.21963e+28,3.02231e+23,98,62.9727,78,0.281816
1387,3.16913e+29,3.0096e+28,7.55579e+22,98,61.1152,76,0.271385
1388,7.92282e+28,3.01461e+28,1.88895e+22,96,60.7988,74,0.272339
1389,3.16913e+29,3.03712e+28,1.51116e+23,98,61.2344,77,0.28605
1390,1.58456e+29,3.09994e+28,1.51116e+23,97,61.9609,77,0.273033
1391,1.58456e+29,3.20163e+28,6.04463e+23,97,62.8076,79,0.283213
1392,7.92282e+28,3.02858e+28,1.51116e+23,96,61.0391,77,0.2705
1393,3.16913e+29,3.12402e+28,1.51116e+23,98,61.3682,77,0.268734
1394,3.16913e+29,3.217e+28,1.51116e+23,98,61.5605,77,0.268003
1395,3.16913e+29,3.27534e+28,7.55579e+22,98,61.8916,76,0.273953
1396,3.16913e+29,3.15624e+28,1.51116e+23,98,61.2949,77,0.270563
1397,7.92282e+28,3.02355e+28,3.02231e+23,96,62.458,78,0.276582
1398,7.92282e+28,3.30078e+28,3.02231e+23,96,62.4893,78,0.280756
1399,1.58456e+29,3.16089e+28,1.20893e+24,97,62.6816,80,0.285341
1400,3.16913e+29,3.15022e+28,3.02231e+23,98,62.2402,78,0.279621
1401,3.16913e+29,3.2201e+28,1.51116e+23,98,61.1104,77,0.266437
1402,3.16913e+29,3.29604e+28,1.20893e+24,98,62.8662,80,0.279389
1403,7.92282e+28,3.36925e+28,1.20893e+24,96,62.0244,80,0.271313
1404,3.16913e+29,3.2365e+28,2.41785e+24,98,62.1904,81,0.273051
1405,3.16913e+29,3.17641e+28,3.02231e+23,98,61.6094,78,0.278824
1406,3.16913e+29,3.17619e+28,6.04463e+23,98,61.5684,79,0.267103
1407,3.16913e+29,3.14046e+28,3.77789e+22,98,60.3955,75,0.26287
1408,3.16913e+29,3.08785e+28,3.77789e+22,98,60.3438,75,0.268644
1409,3.16913e+29,3.12899e+28,7.55579e+22,98,60.4844,76,0.267723
1410,3.16913e+29,3.12096e+28,1.51116e+23,98,61.8838,77,0.276847
1411,3.16913e+29,3.23495e+28,6.04463e+23,98,63.9668,79,0.282214
1412,1.58456e+29,2.97325e+28,3.77789e+22,97,60.9785,75,0.269012
1413,7.92282e+28,3.19618e+28,3.02231e+23,96,62.6191,78,0.27687
1414,3.16913e+29,3.21617e+28,3.02231e+23,98,62.8428,78,0.277984
1415,7.92282e+28,3.32908e+28,1.20893e+24,96,62.0518,80,0.275563
1416,3.16913e+29,3.34812e+28,2.41785e+24,98,63.7236,81,0.27744
1417,3.16913e+29,3.24593e+28,6.04463e+23,98,61.3877,79,0.270371
1418,7.92282e+28,3.13827e+28,6.04463e+23,96,63.3682,79,0.278504
1419,7.92282e+28,3.22687e+28,3.02231e+23,96,61.5,78,0.2726
1420,7.92282e+28,3.15347e+28,6.04463e+23,96,62.0693,79,0.279688
1421,3.16913e+29,3.20297e+28,3.02231e+23,98,61.7676,78,0.273819
1422,7.92282e+28,3.16451e+28,6.04463e+23,96,62.8359,79,0.286274
1423,3.16913e+29,3.28692e+28,1.20893e+24,98,63.5859,80,0.28142
1424,3.16913e+29,3.10125e+28,7.55579e+22,98,60.7148,76,0.272192
1425,3.16913e+29,3.01592e+28,1.88895e+22,98,60.9736,74,0.27404
1426,3.16913e+29,3.08133e+28,3.77789e+22,98,60.9121,75,0.271154
1427,3.16913e+29,3.17898e+28,1.51116e+23,98,62.2891,77,0.276215
1428,3.16913e+29,3.19901e+28,6.04463e+23,98,62.4121,79,0.280953
1429,3.16913e+29,3.18916e+28,7.55579e+22,98,61.4893,76,0.272986
1430,7.92282e+28,3.16102e+28,3.02231e+23,96,61.6162,78,0.274545
1431,7.92282e+28,3.07036e+28,1.51116e+23,96,61.5664,77,0.269016
1432,7.92282e+28,3.07623e+28,3.02231e+23,96,62.3291,78,0.276571
1433,3.16913e+29,3.19225e+28,3.02231e+23,98,61.3135,78,0.274065
1434,3.16913e+29,3.20478e+28,1.51116e+23,98,61.2656,77,0.268573
1435,7.92282e+28,3.24026e+28,6.04463e+23,96,61.5957,79,0.271633
1436,7.92282e+28,3.23527e+28,1.20893e+24,96,62.7188,80,0.281676
1437,7.92282e+28,3.1766e+28,6.04463e+23,96,62.998,79,0.28444
1438,7.92282e+28,3.18474e+28,3.02231e+23,96,61.9648,78,0.274614
1439,3.16913e+29,3.42927e+28,1.20893e+24,98,62.3408,80,0.281278
1440,1.58456e+29,3.26791e+28,3.02231e+23,97,62.1357,78,0.276752
1441,3.16913e+29,3.28408e+28,1.20893e+24,98,63.8584,80,0.280909
1442,3.16913e+29,3.11337e+28,7.55579e+22,98,61.3369,76,0.269967
1443,7.92282e+28,3.17027e+28,3.02231e+23,96,61.3135,78,0.269329
1444,7.92282e+28,3.21387e+28,3.02231e+23,96,62.9756,78,0.280123
1445,7.92282e+28,3.27073e+28,1.51116e+23,96,61.7109,77,0.271934
1446,7.92282e+28,3.27932e+28,6.04463e+23,96,63.0225,79,0.279389
1447,7.92282e+28,3.24279e+28,1.20893e+24,96,62.6396,80,0.276414
1448,3.16913e+29,3.29759e+28,1.20893e+24,98,62.6709,80,0.275613
1449,7.92282e+28,3.1003e+28,1.51116e+23,96,62.4697,77,0.273224
1450,3.16913e+29,3.3136e+28,1.51116e+23,98,61.2305,77,0.270306
1451,3.16913e+29,3.37544e+28,2.41785e+24,98,63.0986,81,0.274749
1452,1.58456e+29,3.28677e+28,1.20893e+24,97,63.0547,80,0.279666
1453,7.92282e+28,3.37862e+28,1.20893e+24,96,63.0312,80,0.285329
1454,1.58456e+29,3.20121e+28,6.04463e+23,97,62.542,79,0.278287
1455,3.16913e+29,3.10662e+28,7.55579e+22,98,61.1279,76,0.277462
1456,3.16913e+29,3.18655e+28,3.02231e+23,98,62.6494,78,0.277348
1457,7.92282e+28,3.20089e+28,6.04463e+23,96,61.9209,79,0.276841
1458,7.92282e+28,3.32363e+28,1.20893e+24,96,63.2383,80,0.281414
1459,1.58456e+29,3.2997e+28,6.04463e+23,97,63.707,79,0.282341
1460,3.16913e+29,3.43306e+28,2.41785e+24,98,62.9834,81,0.276098
1461,3.16913e+29,3.38662e+28,2.41785e+24,98,63.3096,81,0.284216
1462,7.92282e+28,3.27738e+28,3.02231e+23,96,60.9072,78,0.270778
1463,7.92282e+28,3.28719e+28,1.51116e+23,96,62.1172,77,0.269012
1464,3.16913e+29,3.33734e+28,1.20893e+24,98,61.9873,80,0.276189
1465,3.16913e+29,3.36355e+28,2.41785e+24,98,62.3311,81,0.274674
1466,3.16913e+29,3.17685e+28,1.20893e+24,98,62.8662,80,0.276509
1467,7.92282e+28,3.23311e+28,6.04463e+23,96,61.8828,79,0.279875
1468,3.16913e+29,3.33321e+28,3.02231e+23,98,61.5381,78,0.271439
1469,3.16913e+29,3.40376e+28,1.20893e+24,98,62.3613,80,0.279792
1470,7.92282e+28,3.40689e+28,1.20893e+24,96,62.8545,80,0.282158
1471,3.16913e+29,3.50894e+28,4.8357e+24,98,63.8848,82,0.289117
1472,3.16913e+29,3.37297e+28,1.20893e+24,98,61.7891,80,0.270266
1473,3.16913e+29,3.33752e+28,1.20893e+24,98,62.5762,80,0.281329
1474,1.58456e+29,3.14643e+28,7.55579e+22,97,60.71,76,0.266478
1475,3.16913e+29,3.31534e+28,1.20893e+24,98,62.542,80,0.287006
1476,3.16913e+29,3.30716e+28,6.04463e+23,98,62.3135,79,0.27592
1477,3.16913e+29,3.35821e+28,3.02231e+23,98,61.8691,78,0.278611
1478,3.16913e+29,3.39481e+28,1.20893e+24,98,62.9521,80,0.280717
1479,3.16913e+29,3.27805e+28,1.51116e+23,98,62.457,77,0.27531
1480,7.92282e+28,3.12072e+28,7.55579e+22,96,60.415,76,0.266974
1481,3.16913e+29,3.37566e+28,3.02231e+23,98,62.8379,78,0.27753
1482,3.16913e+29,3.35512e+28,6.04463e+23,98,62.1309,79,0.278469
1483,7.92282e+28,3.12201e+28,1.51116e+23,96,62.1123,77,0.274679
1484,3.16913e+29,3.39151e+28,6.04463e+23,98,63.1826,79,0.281176
1485,3.16913e+29,3.45106e+28,2.41785e+24,98,62.9766,81,0.276832
1486,7.92282e+28,3.44576e+28,2.41785e+24,96,62.6064,81,0.28104
1487,1.58456e+29,3.25081e+28,6.04463e+23,97,63.2305,79,0.279052
1488,3.16913e+29,3.22874e+28,7.55579e+22,98,61.5244,76,0.271057
1489,3.16913e+29,3.22448e+28,7.55579e+22,98,60.9434,76,0.274499
1490,3.16913e+29,3.35655e+28,3.02231e+23,98,62.1299,78,0.273515
1491,1.58456e+29,3.21361e+28,2.41785e+24,97,62.3018,81,0.280054
1492,3.16913e+29,3.40884e+28,4.8357e+24,98,63.584,82,0.279887
1493,7.92282e+28,3.27699e+28,3.02231e+23,96,61.8076,78,0.272767
1494,3.16913e+29,3.21213e+28,1.51116e+23,98,62.1719,77,0.27667
1495,7.92282e+28,3.3108e+28,2.41785e+24,96,62.5693,81,0.280232
1496,3.16913e+29,3.5264e+28,4.8357e+24,98,63.2793,82,0.27618
1497,3.16913e+29,3.38025e+28,4.8357e+24,98,63.6406,82,0.279051
1498,7.92282e+28,3.1914e+28,3.02231e+23,96,61.3818,78,0.27224
1499,7.92282e+28,3.37027e+28,4.8357e+24,96,63.3086,82,0.279904
