12.5846
0,435.149,7.47176,4,2,0.0322266,0,0.00478584
1,112.934,7.50345,4,1,0.0302734,0,0.00450213
2,435.127,8.33284,4,2,0.0361328,0,0.00438294
3,111.425,8.63425,5,1,0.0371094,0,0.00442075
4,108.709,8.10002,5,1,0.0332031,0,0.00435065
5,111.425,10.9146,5,1,0.0576172,0,0.00444333
6,112.934,10.1128,5,1,0.0498047,0,0.00449329
7,435.151,11.2579,5,2,0.0556641,0,0.00445469
8,435.149,12.2394,5,2,0.0615234,0,0.00443939
9,434.954,10.9667,5,2,0.0566406,0,0.00438272
10,435.127,11.8393,5,2,0.0566406,0,0.00445144
11,434.818,11.1511,5,2,0.0546875,0,0.00454378
12,435.127,10.8017,5,2,0.0498047,0,0.00454222
13,435.053,10.6777,5,2,0.0527344,0,0.00452874
14,435.151,10.7931,6,2,0.0498047,0,0.00455172
15,435.127,10.7231,6,2,0.0458984,0,0.00456528
16,435.127,11.9314,6,2,0.0595703,0,0.00451807
17,435.149,11.2254,6,2,0.0439453,0,0.00465722
18,435.151,10.442,6,2,0.0419922,0,0.00462189
19,435.053,10.5378,6,2,0.0449219,0,0.00462988
20,435.149,12.5807,6,2,0.0654297,0,0.00465765
21,435.053,10.0525,6,2,0.0429688,0,0.00456071
22,435.117,11.4585,6,2,0.0507812,0,0.00461734
23,110.903,11.004,6,1,0.0507812,0,0.00462435
24,435.149,12.5214,6,2,0.0566406,0,0.00463416
25,434.954,10.6478,6,2,0.0439453,0,0.00456207
26,434.954,12.6189,6,2,0.0654297,0,0.00448316
27,435.076,12.5392,6,2,0.0625,0,0.00453468
28,435.151,11.5564,6,2,0.0478516,0,0.00459727
29,435.127,11.9925,6,2,0.0585938,0,0.00451809
30,435.117,11.9099,6,2,0.0527344,0,0.00457103
31,435.151,13.8171,6,2,0.0644531,0,0.00448796
32,435.151,12.7567,6,2,0.0605469,0,0.00448962
33,435.053,11.3927,6,2,0.0498047,0,0.00449436
34,435.053,12.9692,6,2,0.0585938,0,0.00456583
35,435.127,12.1489,6,2,0.0546875,0,0.00457575
36,435.149,12.0016,6,2,0.0595703,0,0.00453059
37,434.639,13.0572,6,2,0.0673828,0,0.00455164
38,435.117,13.2685,6,2,0.0615234,0,0.00470159
39,435.149,12.986,6,2,0.0673828,0,0.0045698
40,435.151,13.3833,6,2,0.0654297,0,0.00461642
41,113.419,11.9472,7,1,0.0556641,0,0.00473031
42,435.149,11.4792,6,2,0.0498047,0,0.00457537
43,435.117,13.6482,6,2,0.0644531,0,0.00466975
44,435.151,13.2682,7,2,0.0595703,0,0.00464649
45,434.818,11.3591,6,2,0.0478516,0,0.00457153
46,435.149,13.4633,7,2,0.0654297,0,0.00459349
47,435.151,13.3575,7,2,0.0664062,0,0.00460004
48,435.149,16.2242,7,2,0.0849609,0,0.00458441
49,435.151,14.6063,7,2,0.0722656,0,0.00465557
50,435.053,13.5978,7,2,0.0703125,0,0.00459942
51,435.149,12.8397,6,2,0.0615234,0,0.00457974
52,435.149,14.6359,7,2,0.0751953,0,0.00460574
53,1008.92,15.2262,7,3,0.0751953,0,0.00456218
54,435.149,14.5834,7,2,0.0732422,0,0.00462109
55,435.151,14.7283,7,2,0.0751953,0,0.00460351
56,435.127,15.2776,7,2,0.0849609,0,0.00462379
57,435.053,15.7531,7,2,0.0849609,0,0.00465647
58,435.127,13.6983,7,2,0.0673828,0,0.00468079
59,435.149,14.1347,7,2,0.0683594,0,0.0046629
60,435.117,14.248,7,2,0.0732422,0,0.00467023
61,435.149,14.4999,7,2,0.0722656,0,0.00463182
62,435.151,16.5386,8,2,0.0878906,0,0.0046782
63,435.151,13.8325,7,2,0.0654297,0,0.00462224
64,435.151,14.3737,8,2,0.0712891,0,0.00463115
65,434.954,13.8039,7,2,0.0693359,0,0.00462311
66,435.151,14.9718,8,2,0.0742188,0,0.00463507
67,435.151,14.693,8,2,0.0654297,0,0.00476324
68,435.151,17.0644,8,2,0.0830078,0,0.00465202
69,435.151,16.5131,8,2,0.0898438,0,0.00474579
70,435.127,15.5993,8,2,0.078125,0,0.00472905
71,435.149,18.3755,8,2,0.0976562,0,0.00471238
72,435.151,15.8649,8,2,0.0761719,0,0.00479536
73,435.053,17.0882,8,2,0.09375,0,0.00475928
74,435.151,16.9145,8,2,0.0898438,0,0.00473024
75,435.127,18.6442,8,2,0.102539,0,0.00470632
76,435.127,15.1206,8,2,0.078125,0,0.00473111
77,435.117,16.374,8,2,0.0859375,0,0.00471632
78,434.954,15.3036,8,2,0.0751953,0,0.00478996
79,435.151,20.0458,8,2,0.113281,0,0.00473287
80,435.149,19.9016,8,2,0.103516,0,0.0047788
81,435.151,17.9776,8,2,0.0947266,0,0.00477933
82,1004.99,20.8227,8,3,0.106445,0,0.00475779
83,435.151,16.7355,8,2,0.0830078,0,0.00471138
84,435.151,16.4359,8,2,0.0820312,0,0.00481679
85,435.127,18.3681,8,2,0.104492,0,0.00473678
86,435.151,19.6762,8,2,0.113281,0,0.00473472
87,435.053,17.2446,8,2,0.0947266,0,0.00477005
88,435.151,21.3409,8,2,0.12207,0,0.00470809
89,435.149,20.2069,8,2,0.112305,0,0.00478183
90,435.127,19.6831,8,2,0.109375,0,0.00481948
91,435.149,20.8563,8,2,0.119141,0,0.00475669
92,435.151,20.388,8,2,0.117188,0,0.00484575
93,435.127,21.3444,8,2,0.118164,0,0.00478922
94,435.127,21.3055,8,2,0.118164,0,0.00481752
95,435.151,21.7271,9,2,0.126953,0,0.00480973
96,435.151,22.0878,9,2,0.125,0,0.00487048
97,435.149,23.7118,9,2,0.142578,0,0.004858
98,435.151,22.2728,9,2,0.131836,0,0.00488418
99,435.127,20.8038,9,2,0.120117,0,0.00488399
100,1009.59,23.751,9,3,0.137695,0,0.00482395
101,435.151,24.5333,9,2,0.136719,0,0.0048873
102,435.151,22.2333,9,2,0.133789,0,0.00489708
103,1008.92,25.1851,9,3,0.146484,0,0.0049204
104,435.149,25.1169,9,2,0.143555,0,0.00482238
105,435.151,24.3462,9,2,0.145508,0,0.00492848
106,435.151,24.5487,9,2,0.146484,0,0.00489948
107,435.151,25.5307,9,2,0.160156,0,0.0048495
108,435.127,26.1169,9,2,0.154297,0,0.00492882
109,1009.59,30.2667,9,3,0.163086,0,0.00493946
110,435.151,27.1832,9,2,0.162109,0,0.00494007
111,1008.92,24.2853,9,3,0.142578,0,0.00486109
112,1009.59,28.0453,9,3,0.168945,0,0.00488993
113,1009.59,26.026,9,3,0.149414,0,0.0049128
114,1008.92,30.8414,9,3,0.179688,0,0.00495719
115,435.151,25.718,9,2,0.161133,0,0.00492041
116,435.151,26.5926,9,2,0.158203,0,0.00500999
117,435.149,27.145,9,2,0.169922,0,0.00495047
118,435.151,25.9958,9,2,0.160156,0,0.00499072
119,435.151,26.4178,9,2,0.160156,0,0.00489811
120,1008.92,31.1788,9,3,0.188477,0,0.00502587
121,435.151,30.6914,9,2,0.186523,0,0.00491551
122,1008.92,30.6221,9,3,0.19043,0,0.00500941
123,1843.9,34.1238,9,4,0.200195,0,0.00492551
124,435.151,30.5439,9,2,0.1875,0,0.00502547
125,1848.92,31.7144,9,4,0.191406,0,0.00498626
126,435.151,34.0013,9,2,0.220703,0,0.00493584
127,435.151,32.024,9,2,0.210938,0,0.00497316
128,435.149,30.8187,9,2,0.209961,0,0.00502289
129,1009.59,35.9721,9,3,0.224609,0,0.00498018
130,1846.55,35.474,9,4,0.217773,0,0.00505805
131,1008.92,32.9708,9,3,0.209961,0,0.00499857
132,435.151,31.541,9,2,0.195312,0,0.00500229
133,1011.31,39.056,9,3,0.242188,0,0.0050202
134,1009.59,38.5874,9,3,0.242188,0,0.00496672
135,1008.92,35.7918,9,3,0.237305,0,0.00494289
136,1011.31,33.8997,9,3,0.208984,0,0.00499313
137,1011.78,31.3444,9,3,0.194336,0,0.0049656
138,1010.79,35.3719,9,3,0.217773,0,0.00496758
139,1009.59,37.7232,9,3,0.235352,0,0.005006
140,1008.92,35.1621,9,3,0.21875,0,0.00503548
141,1008.92,35.1859,9,3,0.228516,0,0.00500842
142,1009.59,35.8079,9,3,0.225586,0,0.00498809
143,1011.78,37.474,9,3,0.240234,0,0.00496783
144,1011.31,36.4082,9,3,0.229492,0,0.00502316
145,1008.92,37.2877,9,3,0.242188,0,0.00498063
146,1011.31,38.039,9,3,0.242188,0,0.00505258
147,1011.31,37.1424,9,3,0.236328,0,0.0050076
148,435.151,34.9461,9,2,0.237305,0,0.00505094
149,1008.92,40.7885,9,3,0.262695,0,0.00502305
150,435.149,35.4565,9,2,0.239258,0,0.00502797
151,1011.31,40.6427,10,3,0.264648,0,0.00506662
152,1010.21,35.9141,9,3,0.228516,0,0.00502247
153,435.151,40.4283,9,2,0.265625,0,0.00506787
154,1010.21,42.3728,9,3,0.267578,0,0.00505426
155,1843.9,39.8856,9,4,0.254883,0,0.00499109
156,435.151,37.1209,9,2,0.237305,0,0.00501833
157,1011.78,40.7696,10,3,0.260742,0,0.0050524
158,435.151,36.3327,9,2,0.243164,0,0.00504227
159,1008.92,38.6305,10,3,0.249023,0,0.00506177
160,1008.92,43.2724,9,3,0.267578,0,0.00503242
161,435.151,36.7061,9,2,0.244141,0,0.00517891
162,1009.59,40.9943,9,3,0.260742,0,0.00507716
163,1008.92,41.7063,9,3,0.271484,0,0.0050686
164,1010.79,42.0037,9,3,0.262695,0,0.00510651
165,435.151,35.2432,9,2,0.22168,0,0.00506147
166,1011.78,42.4907,9,3,0.262695,0,0.0050349
167,1011.31,44.7521,9,3,0.282227,0,0.00506466
168,1008.92,43.5347,10,3,0.27832,0,0.00504976
169,435.151,43.8675,10,2,0.288086,0,0.00502297
170,435.151,45.6784,10,2,0.286133,0,0.00509318
171,1008.92,44.31,10,3,0.288086,0,0.00507303
172,1008.92,39.7012,9,3,0.25,0,0.00503968
173,435.151,40.2039,10,2,0.265625,0,0.00515569
174,1008.92,36.4524,9,3,0.240234,0,0.00508341
175,1008.92,41.7214,10,3,0.265625,0,0.00507799
176,435.151,43.8934,10,2,0.291016,0,0.0050397
177,435.151,42.1796,10,2,0.282227,0,0.00510964
178,1008.92,44.907,10,3,0.288086,0,0.00510677
179,1009.59,48.9256,11,3,0.308594,0,0.00509619
180,1011.78,47.2151,11,3,0.308594,0,0.00514536
181,1845.26,50.1178,11,4,0.319336,0,0.0051201
182,1008.92,43.096,11,3,0.287109,0,0.00510083
183,1008.92,45.9825,11,3,0.300781,0,0.00514294
184,1011.78,46.2373,10,3,0.293945,0,0.00511402
185,1009.59,41.1157,11,3,0.268555,0,0.00516979
186,435.151,39.9403,11,2,0.255859,0,0.00512147
187,435.151,42.2915,11,2,0.283203,0,0.00511207
188,435.151,44.1871,11,2,0.289062,0,0.00520418
189,1011.31,46.2755,10,3,0.299805,0,0.00508035
190,1008.92,42.4556,10,3,0.276367,0,0.00513041
191,1008.92,45.5397,11,3,0.292969,0,0.00512042
192,435.151,38.5692,9,2,0.254883,0,0.00501691
193,1011.31,48.0244,11,3,0.30957,0,0.00517033
194,1009.59,42.6159,10,3,0.276367,0,0.00507462
195,1843.9,45.7846,10,4,0.291992,0,0.00513744
196,435.151,43.5143,11,2,0.283203,0,0.00515216
197,435.151,41.9208,11,2,0.271484,0,0.00536717
198,1009.59,46.8123,11,3,0.304688,0,0.00523103
199,1011.78,47.1223,11,3,0.306641,0,0.00520322
200,1008.92,44.6072,11,3,0.297852,0,0.00526738
201,435.151,42.3615,11,2,0.264648,0,0.0051435
202,1009.59,43.4103,11,3,0.27832,0,0.00511622
203,1843.9,46.2298,12,4,0.303711,0,0.005177
204,435.151,47.2928,12,2,0.310547,0,0.00517257
205,1008.92,44.8266,11,3,0.291992,0,0.00515328
206,1843.9,47.3069,11,4,0.307617,0,0.00516758
207,435.151,45.995,11,2,0.299805,0,0.00512333
208,435.151,39.7719,10,2,0.275391,0,0.00519596
209,435.151,46.1757,12,2,0.307617,0,0.00526932
210,1008.92,45.9306,12,3,0.303711,0,0.00521627
211,435.151,43.2957,10,2,0.289062,0,0.00545694
212,1011.31,49.0206,12,3,0.322266,0,0.00549609
213,1009.59,48.2284,12,3,0.307617,0,0.00570192
214,1008.92,49.1056,12,3,0.306641,0,0.00584162
215,435.149,45.009,11,2,0.287109,0,0.00562524
216,1008.92,46.8715,11,3,0.296875,0,0.00561427
217,1008.92,49.255,12,3,0.305664,0,0.0056656
218,1008.92,46.2999,12,3,0.300781,0,0.00565776
219,1008.92,50.5159,12,3,0.320312,0,0.00559861
220,1011.31,45.1632,12,3,0.280273,0,0.00562446
221,1008.92,50.4736,13,3,0.337891,0,0.00567091
222,435.151,44.9987,12,2,0.300781,0,0.00566537
223,1008.92,45.2827,12,3,0.304688,0,0.00563339
224,1011.31,47.4718,12,3,0.313477,0,0.00562672
225,435.151,47.9372,13,2,0.313477,0,0.0056951
226,1008.92,49.4477,12,3,0.326172,0,0.00560526
227,1009.59,48.0047,12,3,0.302734,0,0.00551526
228,1011.78,49.1073,12,3,0.31543,0,0.00546895
229,1009.59,47.9768,12,3,0.3125,0,0.00540842
230,1008.92,47.6417,12,3,0.328125,0,0.00560651
231,1009.59,48.9054,12,3,0.30957,0,0.00577328
232,1843.9,50.5147,12,4,0.31543,0,0.00573485
233,1008.92,43.4482,12,3,0.292969,0,0.00552269
234,1011.78,47.4593,11,3,0.314453,0,0.00554623
235,1009.59,47.3695,12,3,0.31543,0,0.00561867
236,1008.92,45.5628,12,3,0.296875,0,0.00520459
237,435.151,42.9391,12,2,0.291992,0,0.00524239
238,1008.92,49.1845,12,3,0.322266,0,0.00550286
239,1008.92,50.0394,12,3,0.321289,0,0.00524387
240,1008.92,52.0529,12,3,0.325195,0,0.0052705
241,1011.31,49.7607,12,3,0.318359,0,0.00525523
242,1011.31,52.6556,12,3,0.348633,0,0.0052661
243,1011.31,52.3846,12,3,0.330078,0,0.00516569
244,435.151,46.2709,12,2,0.307617,0,0.00535629
245,1009.59,48.8172,13,3,0.324219,0,0.00544708
246,435.151,47.3048,12,2,0.317383,0,0.00532582
247,1011.31,49.8791,12,3,0.324219,0,0.00540464
248,1011.31,47.1723,12,3,0.308594,0,0.00521138
249,1008.92,48.4745,12,3,0.30957,0,0.00528366
250,435.151,48.9061,13,2,0.327148,0,0.00528993
251,1008.92,53.4866,13,3,0.348633,0,0.00528982
252,1011.31,52.29,13,3,0.326172,0,0.00536232
253,1008.92,53.2716,13,3,0.338867,0,0.00523875
254,1008.92,49.8646,13,3,0.335938,0,0.00527601
255,435.149,45.2139,12,2,0.306641,0,0.00533584
256,435.151,46.6115,12,2,0.302734,0,0.00532563
257,1008.92,47.4199,13,3,0.313477,0,0.00534967
258,435.151,49.6327,13,2,0.324219,0,0.00550657
259,1011.31,53.0145,13,3,0.332031,0,0.00538551
260,1010.79,52.7573,12,3,0.331055,0,0.00533778
261,1011.31,49.505,12,3,0.318359,0,0.00536337
262,1008.92,49.6564,12,3,0.325195,0,0.00549104
263,1008.92,48.4322,12,3,0.313477,0,0.00542723
264,1011.31,45.937,12,3,0.302734,0,0.00536553
265,1012.18,50.5466,13,3,0.326172,0,0.00548104
266,1009.59,46.5909,12,3,0.301758,0,0.00561691
267,435.151,45.6907,13,2,0.314453,0,0.00536272
268,1011.31,48.5864,12,3,0.313477,0,0.00542037
269,1008.92,53.2616,13,3,0.341797,0,0.00549067
270,1009.59,50.8068,13,3,0.335938,0,0.00543024
271,1011.31,50.0335,13,3,0.330078,0,0.005649
272,1008.92,48.6966,13,3,0.316406,0,0.00542903
273,1008.92,45.3043,12,3,0.291016,0,0.00554638
274,1011.31,49.4128,13,3,0.322266,0,0.00545705
275,1009.59,47.9942,12,3,0.317383,0,0.00554903
276,435.151,41.6099,12,2,0.266602,0,0.00570604
277,435.151,44.7462,12,2,0.28418,0,0.00566609
278,1008.92,47.1382,13,3,0.306641,0,0.00604708
279,1009.59,51.5226,13,3,0.320312,0,0.00577009
280,435.151,46.6435,13,2,0.317383,0,0.00575793
281,1845.26,53.7506,13,4,0.336914,0,0.00572621
282,1008.92,48.5303,13,3,0.311523,0,0.00601467
283,1009.59,53.7578,13,3,0.327148,0,0.00695066
284,1008.92,50.9613,13,3,0.331055,0,0.00577216
285,1008.92,54.7866,13,3,0.341797,0,0.00570695
286,1008.92,48.5155,13,3,0.31543,0,0.00539848
287,1008.92,50.9593,13,3,0.335938,0,0.00558213
288,1008.92,49.0327,13,3,0.304688,0,0.00699687
289,1008.92,45.4404,13,3,0.295898,0,0.00543046
290,1011.31,48.3711,13,3,0.313477,0,0.00571549
291,1008.92,50.6416,13,3,0.324219,0,0.00555995
292,1011.31,51.4166,13,3,0.324219,0,0.00577739
293,1843.9,50.5859,12,4,0.31543,0,0.00581766
294,1843.9,52.0768,13,4,0.342773,0,0.00594369
295,1008.92,51.6388,13,3,0.339844,0,0.00590232
296,1008.92,49.6365,13,3,0.337891,0,0.00735048
297,435.151,51.1812,13,2,0.325195,0,0.00579781
298,1008.92,46.5863,13,3,0.306641,0,0.00603335
299,1011.31,52.6955,13,3,0.339844,0,0.00580142
300,1011.31,48.0866,13,3,0.3125,0,0.00585811
301,1843.9,54.599,13,4,0.337891,0,0.00586762
302,435.151,51.2191,13,2,0.334961,0,0.00580501
303,1008.92,47.4231,13,3,0.313477,0,0.00593065
304,1008.92,51.1279,13,3,0.336914,0,0.00582772
305,1008.92,47.3212,13,3,0.307617,0,0.00588836
306,1008.92,47.7685,13,3,0.319336,0,0.00575438
307,435.127,46.0372,13,2,0.305664,0,0.00576051
308,1011.31,51.5222,13,3,0.325195,0,0.00573071
309,1008.92,50.7028,13,3,0.333008,0,0.00620118
310,435.151,51.5766,13,2,0.338867,0,0.0057304
311,435.151,49.4822,13,2,0.319336,0,0.00564596
312,1008.92,48.663,13,3,0.313477,0,0.00561662
313,435.151,46.6549,13,2,0.3125,0,0.00569606
314,1008.21,47.5604,13,3,0.308594,0,0.00536993
315,1011.31,51.9781,13,3,0.329102,0,0.00530896
316,1008.92,54.4568,13,3,0.34082,0,0.00527102
317,1008.92,47.8484,13,3,0.307617,0,0.00536019
318,1008.92,53.4934,13,3,0.349609,0,0.00543521
319,1008.92,50.8758,13,3,0.318359,0,0.00538003
320,1008.92,51.9153,13,3,0.333008,0,0.00528265
321,1008.92,50.7029,13,3,0.332031,0,0.00526943
322,1009.59,49.6038,13,3,0.323242,0,0.00530577
323,1008.92,49.5217,13,3,0.316406,0,0.00522261
324,1008.92,51.1615,13,3,0.331055,0,0.00524673
325,1843.9,51.9804,13,4,0.323242,0,0.00521853
326,1011.31,51.852,13,3,0.333984,0,0.00525073
327,1011.31,51.4479,13,3,0.329102,0,0.00526737
328,1008.92,53.8036,13,3,0.34082,0,0.00525642
329,1011.31,50.5016,13,3,0.325195,0,0.00528912
330,1843.9,53.2489,13,4,0.333008,0,0.00524822
331,1843.9,51.2011,13,4,0.326172,0,0.00533864
332,435.149,45.8974,13,2,0.307617,0,0.00526396
333,1843.9,53.4674,13,4,0.330078,0,0.00526454
334,435.151,44.2913,13,2,0.306641,0,0.00524167
335,1008.92,49.8951,13,3,0.322266,0,0.00521827
336,1843.9,56.2796,13,4,0.359375,0,0.00527094
337,1008.92,51.38,13,3,0.335938,0,0.00529128
338,1008.92,58.1373,13,3,0.365234,0,0.00528922
339,1008.92,48.3833,13,3,0.303711,0,0.00526203
340,435.151,46.7686,13,2,0.317383,0,0.00525551
341,1008.92,51.0134,13,3,0.333008,0,0.00528606
342,435.149,51.5237,13,2,0.337891,0,0.00541004
343,435.151,48.5571,13,2,0.301758,0,0.00536588
344,435.151,49.6353,13,2,0.330078,0,0.00526253
345,1008.92,48.6531,13,3,0.30957,0,0.00525857
346,435.151,47.9766,13,2,0.31543,0,0.00530724
347,435.151,46.199,13,2,0.301758,0,0.00531294
348,1011.31,48.6466,13,3,0.318359,0,0.00532237
349,1008.92,48.5873,13,3,0.318359,0,0.00528524
350,1008.92,53.9152,13,3,0.338867,0,0.0052971
351,1010.21,53.7008,13,3,0.354492,0,0.00537008
352,1008.92,50.0357,13,3,0.337891,0,0.00530103
353,1008.92,51.1557,13,3,0.325195,0,0.0052805
354,1011.31,46.558,13,3,0.304688,0,0.00527855
355,1008.92,49.9304,13,3,0.321289,0,0.00527631
356,1008.92,50.4218,13,3,0.332031,0,0.0052699
357,1008.92,54.6459,13,3,0.353516,0,0.00528623
358,1011.31,51.5935,13,3,0.336914,0,0.00523211
359,435.151,51.1729,13,2,0.333984,0,0.00530002
360,1008.92,50.7015,13,3,0.333984,0,0.00531028
361,1008.92,50.303,13,3,0.330078,0,0.0054045
362,1008.92,47.9225,13,3,0.320312,0,0.00527295
363,1008.92,52.0872,13,3,0.334961,0,0.00531873
364,1008.92,52.0185,13,3,0.335938,0,0.00537249
365,435.151,48.9455,13,2,0.323242,0,0.00523765
366,1008.92,56.0803,13,3,0.37793,0,0.00525834
367,1009.59,49.8136,13,3,0.328125,0,0.00525296
368,435.127,46.2479,13,2,0.320312,0,0.00529718
369,1008.92,56.6165,13,3,0.362305,0,0.00531003
370,1011.31,49.0475,13,3,0.331055,0,0.00538531
371,1012.18,53.1447,13,3,0.337891,0,0.00526661
372,1011.78,49.5709,13,3,0.325195,0,0.00524392
373,1011.31,51.5744,13,3,0.331055,0,0.00531171
374,1008.92,48.0524,13,3,0.326172,0,0.00528104
375,2951.77,56.233,13,5,0.332031,0,0.00528046
376,1011.31,52.0109,13,3,0.362305,0,0.00529895
377,1008.92,53.6715,13,3,0.356445,0,0.00525899
378,2951.77,51.7611,13,5,0.317383,0,0.00524526
379,1008.92,51.1206,13,3,0.321289,0,0.00529783
380,1009.59,53.6201,13,3,0.349609,0,0.00531767
381,1008.92,50.6966,13,3,0.336914,0,0.00525402
382,1008.92,49.3599,13,3,0.323242,0,0.00536366
383,1009.59,55.2818,13,3,0.366211,0,0.00534939
384,435.151,51.2385,13,2,0.342773,0,0.00529504
385,1008.92,50.147,13,3,0.333984,0,0.00525435
386,1008.92,53.8404,13,3,0.344727,0,0.00528233
387,1008.92,50.2923,13,3,0.324219,0,0.00524626
388,1011.31,49.2598,13,3,0.313477,0,0.00522175
389,1011.31,58.0871,13,3,0.363281,0,0.00528707
390,1011.31,59.5641,13,3,0.368164,0,0.00535819
391,1008.92,47.2817,13,3,0.302734,0,0.00525409
392,1011.31,51.3294,13,3,0.329102,0,0.00526178
393,1008.92,53.2831,13,3,0.338867,0,0.00523143
394,1008.92,55.309,13,3,0.358398,0,0.00565213
395,1008.92,51.329,13,3,0.323242,0,0.00573655
396,1011.31,55.4351,13,3,0.358398,0,0.00584827
397,1012.18,52.441,13,3,0.332031,0,0.0057829
398,435.151,49.748,13,2,0.328125,0,0.00566618
399,1008.92,48.7225,13,3,0.330078,0,0.0057872
400,435.151,55.078,13,2,0.37793,0,0.00593642
401,1008.92,52.2735,13,3,0.338867,0,0.00578751
402,1010.21,52.6957,13,3,0.350586,0,0.00567243
403,1011.31,49.3868,13,3,0.31543,0,0.00564083
404,1010.21,50.5817,13,3,0.333984,0,0.00564255
405,1008.92,53.6031,13,3,0.34082,0,0.00567671
406,1843.9,50.9069,13,4,0.324219,0,0.00552379
407,1008.92,47.8534,13,3,0.323242,0,0.00544937
408,1008.92,48.0268,13,3,0.319336,0,0.00565439
409,435.151,50.2198,13,2,0.338867,0,0.00541209
410,1011.31,54.1408,13,3,0.359375,0,0.00588728
411,1011.31,53.1884,13,3,0.342773,0,0.0058193
412,1008.92,48.8858,13,3,0.323242,0,0.00621976
413,1847.77,49.3996,13,4,0.327148,0,0.00744513
414,1011.31,54.7672,13,3,0.341797,0,0.00585674
415,1008.92,53.0806,13,3,0.339844,0,0.00578266
416,1011.31,50.8753,13,3,0.342773,0,0.00572566
417,1008.92,47.8027,13,3,0.311523,0,0.00575033
418,1008.92,48.7788,13,3,0.301758,0,0.00582854
419,1008.92,54.7282,13,3,0.364258,0,0.00589688
420,1010.79,55.8596,13,3,0.362305,0,0.00577107
421,1008.92,52.5121,13,3,0.342773,0,0.00579495
422,1008.92,51.8988,13,3,0.329102,0,0.00553208
423,1008.92,51.1554,13,3,0.338867,0,0.00570376
424,1008.92,53.8248,13,3,0.342773,0,0.00553097
425,1008.92,49.105,13,3,0.329102,0,0.00537105
426,435.151,52.6104,13,2,0.34375,0,0.00544927
427,1008.92,48.4379,13,3,0.314453,0,0.00538443
428,1011.31,51.7149,13,3,0.335938,0,0.0054242
429,1008.92,50.4021,13,3,0.329102,0,0.00542014
430,435.151,49.818,13,2,0.328125,0,0.00546528
431,1843.9,56.6872,13,4,0.361328,0,0.00536673
432,1843.9,56.2042,13,4,0.329102,0,0.0054875
433,435.151,48.6341,13,2,0.326172,0,0.00550245
434,1011.31,56.216,13,3,0.368164,0,0.00530664
435,1008.92,55.0104,13,3,0.350586,0,0.00538604
436,1008.92,52.4701,13,3,0.34082,0,0.00534167
437,1008.92,53.8626,13,3,0.339844,0,0.00533706
438,1008.92,51.9564,13,3,0.342773,0,0.00532606
439,1843.9,53.6554,13,4,0.332031,0,0.00545122
440,1008.92,52.4901,13,3,0.344727,0,0.00531053
441,1008.92,55.6168,13,3,0.347656,0,0.00531578
442,1011.31,53.5856,13,3,0.34082,0,0.00526637
443,1008.92,54.1399,13,3,0.368164,0,0.00534953
444,1008.92,49.4108,13,3,0.327148,0,0.00537938
445,1008.92,52.6493,13,3,0.351562,0,0.00528628
446,1008.21,52.2136,13,3,0.341797,0,0.00530257
447,1008.92,56.8247,13,3,0.369141,0,0.00528858
448,1008.92,52.1133,13,3,0.351562,0,0.00533303
449,1009.59,54.2766,13,3,0.337891,0,0.00531409
450,1008.92,54.7123,13,3,0.345703,0,0.00536248
451,1008.92,49.8379,13,3,0.327148,0,0.00532302
452,1009.59,52.4196,13,3,0.337891,0,0.00528919
453,1008.92,55.2938,13,3,0.359375,0,0.00542691
454,435.151,48.5748,13,2,0.330078,0,0.00536492
455,1843.9,52.8732,13,4,0.332031,0,0.00532824
456,1008.92,54.4673,13,3,0.347656,0,0.00534463
457,1008.92,49.663,13,3,0.331055,0,0.00536594
458,1011.31,54.7591,13,3,0.339844,0,0.00539755
459,1843.9,52.1984,13,4,0.321289,0,0.00525429
460,1010.21,48.0647,13,3,0.319336,0,0.00529456
461,1009.59,50.8043,13,3,0.336914,0,0.00536013
462,1008.92,51.069,13,3,0.330078,0,0.00531338
463,1008.92,50.2379,13,3,0.330078,0,0.00535349
464,1011.31,47.4547,13,3,0.311523,0,0.00536575
465,435.151,49.6813,13,2,0.333984,0,0.00529459
466,1007.46,52.1116,13,3,0.34082,0,0.00531872
467,1841.02,58.0061,13,4,0.363281,0,0.00534667
468,1009.59,52.9977,13,3,0.344727,0,0.00538756
469,1010.21,52.0121,13,3,0.336914,0,0.00533412
470,1008.92,52.5714,13,3,0.347656,0,0.00535199
471,1011.31,50.526,13,3,0.334961,0,0.00539566
472,1841.02,52.181,13,4,0.319336,0,0.00537719
473,1011.31,53.0907,13,3,0.341797,0,0.00547279
474,1008.92,48.7371,13,3,0.317383,0,0.00536277
475,1008.92,54.6596,13,3,0.338867,0,0.0054323
476,1008.92,58.1155,13,3,0.355469,0,0.00566764
477,1008.92,55.3072,13,3,0.34668,0,0.00536755
478,1008.92,54.9599,13,3,0.342773,0,0.00535194
479,1011.31,59.4531,13,3,0.379883,0,0.0054606
480,1011.31,52.6695,13,3,0.342773,0,0.0054078
481,1000.23,55.4337,13,3,0.358398,0,0.00539311
482,1008.92,53.6344,13,3,0.341797,0,0.00537772
483,1843.9,63.8465,13,4,0.382812,0,0.00542286
484,1010.21,54.5258,13,3,0.333008,0,0.00546817
485,1829.35,59.7388,13,4,0.37793,0,0.00545788
486,1008.92,53.1819,13,3,0.334961,0,0.00545942
487,435.149,55.5871,13,2,0.362305,0,0.00552737
488,1012.18,62.2765,13,3,0.376953,0,0.00555973
489,1009.59,59.3474,14,3,0.37207,0,0.00550733
490,1011.31,53.6656,13,3,0.328125,0,0.00554839
491,1012.52,60.4861,15,3,0.386719,0,0.00550867
492,1009.59,57.4003,15,3,0.353516,0,0.00556198
493,1007.46,60.8847,15,3,0.375977,0,0.00561166
494,1008.92,55.4425,14,3,0.337891,0,0.00557379
495,1837.92,57.544,15,4,0.34668,0,0.00554552
496,1000.23,56.7809,15,3,0.359375,0,0.00572056
497,1008.92,64.0937,15,3,0.380859,0,0.00571091
498,1011.31,62.0796,15,3,0.379883,0,0.00569106
499,1011.31,63.562,15,3,0.385742,0,0.00568177
500,1834.62,61.5703,15,4,0.371094,0,0.0057171
501,1004.1,54.334,15,3,0.333984,0,0.00563813
502,1007.46,64.9695,16,3,0.393555,0,0.00582554
503,1834.62,59.3729,16,4,0.371094,0,0.00575657
504,1831.15,67.9181,15,4,0.389648,0,0.00571255
505,1008.92,61.7519,15,3,0.366211,0,0.00573337
506,1010.21,59.9551,16,3,0.366211,0,0.00574422
507,1011.31,65.523,17,3,0.387695,0,0.00574931
508,1007.46,60.1713,17,3,0.369141,0,0.0058419
509,1002.23,61.9147,17,3,0.37793,0,0.00579652
510,1815.68,65.1349,17,4,0.380859,0,0.00579555
511,1007.46,60.9126,17,3,0.385742,0,0.0058574
512,1831.15,56.6448,15,4,0.34375,0,0.0058037
513,1010.79,61.3182,17,3,0.379883,0,0.00591873
514,1841.02,65.8777,17,4,0.386719,0,0.00582291
515,1011.31,68.4032,17,3,0.410156,0,0.00591446
516,1827.51,63.2821,17,4,0.380859,0,0.00600725
517,1008.92,65.7955,17,3,0.396484,0,0.0060065
518,1006.68,65.367,17,3,0.392578,0,0.00608313
519,1007.46,65.7626,17,3,0.386719,0,0.0059767
520,1009.59,64.3409,17,3,0.386719,0,0.00617485
521,1005.85,63.3415,17,3,0.389648,0,0.00602482
522,1007.46,61.836,17,3,0.373047,0,0.00614385
523,1841.02,69.2146,17,4,0.422852,0,0.00613049
524,1006.68,61.9399,17,3,0.369141,0,0.0061751
525,1004.1,66.9942,17,3,0.40332,0,0.00617273
526,1007.46,67.397,17,3,0.404297,0,0.00602723
527,1007.46,70.7628,17,3,0.414062,0,0.006025
528,1004.1,69.6151,17,3,0.416016,0,0.00608295
529,1004.1,63.9274,17,3,0.401367,0,0.00602764
530,1005.85,59.7428,17,3,0.379883,0,0.00596787
531,1007.46,69.0107,17,3,0.411133,0,0.00614066
532,1011.31,66.0717,17,3,0.384766,0,0.00605063
533,1841.02,70.1148,18,4,0.424805,0,0.00600694
534,1837.92,78.3776,19,4,0.466797,0,0.00602824
535,1834.62,72.7999,19,4,0.425781,0,0.00615154
536,1007.46,75.557,19,3,0.441406,0,0.00649632
537,1831.15,72.1732,17,4,0.415039,0,0.00632544
538,1841.02,70.6821,18,4,0.422852,0,0.00661524
539,1008.92,74.1415,18,3,0.426758,0,0.0065812
540,1007.46,69.1681,19,3,0.415039,0,0.00652233
541,1010.21,68.1602,17,3,0.390625,0,0.00622318
542,1829.35,68.7845,17,4,0.398438,0,0.00621486
543,1009.59,69.2724,18,3,0.419922,0,0.00640351
544,1837.92,76.8167,19,4,0.460938,0,0.00624107
545,1834.62,63.1926,17,4,0.385742,0,0.00616201
546,1012.52,75.2538,18,3,0.443359,0,0.00627831
547,1827.51,76.1107,18,4,0.431641,0,0.00645436
548,1007.46,69.463,19,3,0.424805,0,0.00659938
549,1823.71,70.6166,19,4,0.429688,0,0.00651086
550,1008.21,75.5989,18,3,0.438477,0,0.0068073
551,1011.31,67.7847,17,3,0.404297,0,0.00657706
552,1004.99,66.8052,17,3,0.396484,0,0.00671026
553,1008.21,81.6993,19,3,0.477539,0,0.00676441
554,435.127,68.6431,19,2,0.432617,0,0.00670528
555,1010.21,74.7028,19,3,0.451172,0,0.006519
556,1002.23,72.4697,19,3,0.448242,0,0.0064755
557,1006.68,73.1804,19,3,0.449219,0,0.00677607
558,1007.46,67.5562,18,3,0.410156,0,0.00678692
559,1008.92,75.682,19,3,0.436523,0,0.00709946
560,1008.21,67.7487,18,3,0.398438,0,0.00933836
561,1008.92,79.1294,19,3,0.456055,0,0.00948722
562,2937.8,86.0848,21,5,0.476562,0,0.00886657
563,1834.62,76.9818,19,4,0.451172,0,0.00951291
564,2921.69,75.5533,19,5,0.449219,0,0.0105471
565,1839.49,91.0001,19,4,0.477539,0,0.00904774
566,1834.62,87.5391,21,4,0.489258,0,0.00975128
567,1841.02,84.4528,19,4,0.469727,0,0.0104282
568,1004.99,73.6014,19,3,0.44043,0,0.00939721
569,1831.15,75.2208,19,4,0.428711,0,0.0092697
570,1008.92,69.0308,19,3,0.425781,0,0.00957609
571,1005.85,72.7669,21,3,0.431641,0,0.00907964
572,1834.62,78.6027,19,4,0.443359,0,0.0093906
573,1836.29,79.9121,20,4,0.458008,0,0.00974445
574,1012.77,82.6782,21,3,0.478516,0,0.00941557
575,1006.68,78.3403,21,3,0.46582,0,0.00957873
576,1829.35,84.3066,22,4,0.47168,0,0.00964371
577,1800.39,85.1209,22,4,0.499023,0,0.0100426
578,1836.29,90.3403,21,4,0.490234,0,0.0118251
579,1827.51,83.9211,23,4,0.482422,0,0.0100831
580,1834.62,76.998,21,4,0.450195,0,0.00955856
581,1842.49,87.0438,23,4,0.482422,0,0.0102109
582,1825.63,90.698,23,4,0.506836,0,0.0101093
583,1004.99,77.3142,22,3,0.441406,0,0.0101863
584,1802.66,80.0735,23,4,0.457031,0,0.00965532
585,2856.74,88.4427,25,5,0.490234,0,0.00964205
586,1804.91,90.3729,23,4,0.475586,0,0.0101156
587,1837.92,92.1603,23,4,0.480469,0,0.0112529
588,1006.68,88.1008,25,3,0.492188,0,0.0111474
589,1815.68,90.9653,26,4,0.509766,0,0.0103177
590,1825.63,93.0725,25,4,0.496094,0,0.0113121
591,1811.47,91.125,25,4,0.481445,0,0.0106094
592,1831.15,93.7631,27,4,0.493164,0,0.0116427
593,1837.92,91.2611,26,4,0.496094,0,0.0103933
594,1839.49,96.5941,27,4,0.501953,0,0.0105289
595,2909.97,105.843,34,5,0.550781,0,0.0108804
596,1004.1,86.9002,31,3,0.487305,0,0.0108229
597,1005.85,93.0676,31,3,0.484375,0,0.0105542
598,2897.56,99.5048,31,5,0.498047,0,0.0109913
599,2807.41,97.9736,33,5,0.50293,0,0.0105008
600,1834.62,97.5301,36,4,0.53418,0,0.0118188
601,2770.61,103.152,35,5,0.53418,0,0.0117077
602,1778.72,104.741,37,4,0.546875,0,0.0112856
603,1781.23,99.9388,39,4,0.516602,0,0.0112303
604,1843.9,114.605,40,4,0.571289,0,0.00996012
605,1825.63,103.189,41,4,0.542969,0,0.00823048
606,1746.82,112.586,49,4,0.587891,0,0.00830023
607,2774.8,123.459,47,5,0.594727,0,0.00854548
608,2909.97,111.067,41,5,0.542969,0,0.00826877
609,1757.8,107.382,42,4,0.545898,0,0.00864542
610,2856.74,111.465,47,5,0.56543,0,0.00860611
611,1798.09,114.695,49,4,0.59375,0,0.00862212
612,1006.68,116.515,51,3,0.613281,0,0.00867776
613,1795.76,107.449,45,4,0.5625,0,0.00848618
614,1819.76,114.993,46,4,0.592773,0,0.00839376
615,1813.59,113.548,43,4,0.575195,0,0.00854907
616,1807.12,124.431,53,4,0.629883,0,0.00855091
617,2856.74,116.354,46,5,0.584961,0,0.00875783
618,1819.76,124.089,49,4,0.618164,0,0.0087355
619,1798.09,124.881,53,4,0.640625,0,0.00849859
620,1793.4,113.145,50,4,0.583984,0,0.00885228
621,1807.12,122.746,53,4,0.617188,0,0.00936924
622,1004.1,105.787,46,3,0.553711,0,0.00937296
623,1760.49,108.754,49,4,0.575195,0,0.00900293
624,1827.51,110.19,48,4,0.567383,0,0.00931328
625,1778.72,119.587,53,4,0.617188,0,0.00919035
626,1823.71,123.419,53,4,0.616211,0,0.00936315
627,2819.22,118.066,53,5,0.606445,0,0.00906929
628,1798.09,113.165,48,4,0.577148,0,0.00927727
629,2870.9,124.279,53,5,0.621094,0,0.009307
630,1817.74,115.602,52,4,0.59082,0,0.00887963
631,2849.48,123.375,50,5,0.59668,0,0.00907071
632,2909.97,126.871,57,5,0.62793,0,0.0089974
633,2903.85,136.078,53,5,0.649414,0,0.00882847
634,2935.25,127.348,52,5,0.617188,0,0.0087461
635,2778.96,123.725,53,5,0.616211,0,0.00880847
636,1831.15,123.731,49,4,0.609375,0,0.00898854
637,2863.89,132.364,54,5,0.643555,0,0.0090006
638,1811.47,125.746,52,4,0.62793,0,0.00880021
639,1773.62,115.001,53,4,0.594727,0,0.00913657
640,1776.18,112.921,50,4,0.584961,0,0.00905519
641,2894.36,134.93,101,5,0.665039,0,0.00900522
642,2863.89,121.246,49,5,0.614258,0,0.00910539
643,1813.59,123.488,50,4,0.620117,0,0.0090618
644,1802.66,116.027,52,4,0.592773,0,0.0091244
645,1793.4,115.438,54,4,0.609375,0,0.00934143
646,1834.62,130.087,101,4,0.65625,0,0.00882246
647,1786.17,111.623,47,4,0.561523,0,0.00869522
648,1008.92,113.446,62,3,0.597656,0,0.00919035
649,2795.37,126.154,53,5,0.614258,0,0.00895009
650,1807.12,123.009,55,4,0.630859,0,0.00898534
651,2870.9,137.784,53,5,0.638672,0,0.00904673
652,1823.71,130.58,89,4,0.665039,0,0.00986554
653,1690.48,112.069,53,4,0.59668,0,0.010863
654,4225.24,135.446,65,6,0.651367,0,0.00953623
655,4911.71,136.93,66,8,0.662109,0,0.00957459
656,2909.97,130.414,107.538,5,0.666016,1,0.00923387
657,2811.38,137,106.93,5,0.677734,1,0.0100203
658,1752.35,117.441,53,4,0.602539,0,0.010038
659,1778.72,133.169,101,4,0.669922,0,0.0131235
660,1831.15,128.03,101,4,0.648438,0,0.00916585
661,2929.99,123.644,70,5,0.640625,0,0.00926249
662,2849.48,128.032,101,5,0.647461,0,0.00929896
663,2912.97,136.633,109.275,5,0.686523,1,0.00934525
664,1815.68,128.727,101,4,0.658203,0,0.00913621
665,1823.71,133.129,53,4,0.651367,0,0.00886182
666,2906.93,139.349,60,5,0.673828,0,0.00918052
667,4229.91,141.368,54,6,0.666016,0,0.00868637
668,2897.56,118.689,57,5,0.621094,0,0.00915628
669,2915.92,135.58,101,5,0.662109,0,0.00901327
670,1832.91,133.214,64,4,0.65625,0,0.00869921
671,1837.92,147.307,108.709,4,0.71582,1,0.00904366
672,1783.71,119.867,66,4,0.628906,0,0.00876756
673,4220.53,140.87,106.306,6,0.679688,1,0.00893138
674,2770.61,129.494,68,5,0.651367,0,0.00874962
675,1823.71,129.182,53,4,0.628906,0,0.00865375
676,2897.56,139.077,60,5,0.662109,0,0.00900975
677,1834.62,128.389,58,4,0.638672,0,0.00888668
678,2838.35,134.201,68,5,0.658203,0,0.00917168
679,2887.84,133.956,101,5,0.663086,0,0.00910287
680,1837.92,129.915,66,4,0.650391,0,0.00894877
681,1811.47,128.354,105.663,4,0.662109,1,0.00884733
682,1831.15,132.238,109.829,4,0.681641,1,0.00884432
683,1834.62,135.824,109.829,4,0.693359,1,0.00881468
684,1823.71,133.567,53,4,0.645508,0,0.00913475
685,2884.52,135.597,101,5,0.671875,0,0.00899442
686,2900.72,135.159,66,5,0.668945,0,0.00878564
687,2927.27,144.372,109.275,5,0.699219,1,0.00918166
688,1811.47,136.337,107.538,4,0.679688,1,0.00873705
689,2884.52,136.289,108.709,5,0.689453,1,0.00902421
690,1757.8,130.006,103.594,4,0.669922,1,0.00894303
691,1778.72,124.829,64,4,0.645508,0,0.00969016
692,2929.99,145.229,108.709,5,0.706055,1,0.00931562
693,4186.5,134.922,103.594,6,0.666992,1,0.00933323
694,1793.4,127.642,109.275,4,0.671875,1,0.00909977
695,2842.09,152.653,109.275,5,0.734375,1,0.00900429
696,1798.09,127.368,106.93,4,0.662109,1,0.00890512
697,1817.74,126.245,54,4,0.631836,0,0.00965888
698,1819.76,140.441,109.829,4,0.699219,1,0.00963629
699,2774.8,134.028,65,5,0.662109,0,0.0120671
700,1778.72,128.6,107.538,4,0.669922,1,0.00915345
701,2903.85,141.016,105.663,5,0.692383,1,0.00950606
702,2731.9,130.47,76,5,0.650391,0,0.00954004
703,2884.52,138.34,109.829,5,0.692383,1,0.00978605
704,2932.65,135.118,105.663,5,0.676758,1,0.00972987
705,2912.97,138.324,106.306,5,0.676758,1,0.00965237
706,2903.85,130.652,60,5,0.644531,0,0.0095778
707,5879.4,138.678,109.275,7,0.683594,1,0.00927903
708,2863.89,140.98,110.903,5,0.71875,1,0.00960395
709,1802.66,134.575,110.371,4,0.709961,1,0.00902449
710,1836.29,138.682,109.829,4,0.700195,1,0.00957559
711,1807.12,137.918,109.275,4,0.698242,1,0.00917175
712,2881.17,135.808,106.306,5,0.675781,1,0.00952828
713,1749.6,137.647,109.829,4,0.714844,1,0.00926478
714,1807.12,137.457,107.538,4,0.681641,1,0.0093595
715,1831.15,139.665,108.709,4,0.695312,1,0.00959355
716,2881.17,139.132,108.709,5,0.700195,1,0.00918501
717,2845.8,142.751,107.538,5,0.700195,1,0.00900169
718,1823.71,126.561,106.306,4,0.664062,1,0.00892093
719,1809.31,141.409,109.829,4,0.716797,1,0.0093672
720,1823.71,142.407,108.709,4,0.709961,1,0.00917241
721,4206.17,138.576,109.829,6,0.692383,1,0.0090833
722,2845.8,123.974,57,5,0.631836,0,0.00876566
723,2870.9,130.855,106.93,5,0.669922,1,0.0090603
724,1811.47,148.082,70,4,0.701172,0,0.00876446
725,1817.74,131.688,101,4,0.664062,0,0.00940529
726,1823.71,143.697,109.275,4,0.708008,1,0.00889473
727,1811.47,137.775,108.13,4,0.6875,1,0.00946526
728,2845.8,135.514,106.306,5,0.680664,1,0.00914038
729,1815.68,134.865,109.275,4,0.695312,1,0.00880299
730,2894.36,141.409,108.13,5,0.701172,1,0.00909707
731,1793.4,134.455,101,4,0.670898,0,0.00906382
732,4181.49,143.08,110.903,6,0.713867,1,0.00888105
733,1836.29,159.041,110.903,4,0.762695,1,0.0092415
734,4265.75,143.696,110.903,6,0.723633,1,0.00890727
735,2860.33,151.629,108.709,5,0.713867,1,0.00933608
736,1831.15,132.628,61,4,0.650391,0,0.00866496
737,2877.78,144.844,110.371,5,0.714844,1,0.00884527
738,1811.47,140.414,109.275,4,0.699219,1,0.00875246
739,4270.03,146.728,109.829,6,0.708008,1,0.00901903
740,1834.62,134.58,63,4,0.663086,0,0.00897436
741,2867.41,143.141,110.371,5,0.711914,1,0.0089368
742,1815.68,134.511,108.13,4,0.689453,1,0.00881427
743,2903.85,141.637,105,5,0.686523,1,0.00891581
744,4201.3,138.938,55,6,0.65918,0,0.00906778
745,2897.56,145.509,110.903,5,0.72168,1,0.00933586
746,1793.4,125.083,70,4,0.641602,0,0.00892742
747,1798.09,132.971,109.829,4,0.700195,1,0.00908032
748,2909.97,149.075,110.903,5,0.741211,1,0.00897846
749,1834.62,152.8,109.829,4,0.737305,1,0.00886986
750,1008.92,133.237,108.709,3,0.682617,1,0.00902175
751,2863.89,133.923,109.275,5,0.68457,1,0.00908535
752,1811.47,143.26,111.425,4,0.733398,1,0.0088461
753,2870.9,147.673,106.93,5,0.706055,1,0.00908558
754,1843.9,146.58,110.371,4,0.725586,1,0.00918194
755,1837.92,143.742,111.425,4,0.72168,1,0.00926079
756,2811.38,151.419,111.937,5,0.74707,1,0.00919105
757,2870.9,145.168,110.903,5,0.708984,1,0.00921158
758,1778.72,144.138,110.371,4,0.72168,1,0.00926824
759,1815.68,141.19,110.903,4,0.711914,1,0.00923354
760,1809.31,139.209,109.829,4,0.694336,1,0.00916301
761,1788.61,140.936,110.371,4,0.699219,1,0.00941667
762,1768.44,141.965,109.829,4,0.712891,1,0.0093862
763,1813.59,150.121,109.829,4,0.724609,1,0.00940577
764,1807.12,136.537,109.829,4,0.694336,1,0.00920151
765,1783.71,151.614,111.937,4,0.777344,1,0.00890975
766,1755.09,148.239,110.371,4,0.727539,1,0.00913015
767,1815.68,141.189,110.903,4,0.706055,1,0.00925621
768,1815.68,124.297,108.709,4,0.662109,1,0.00897488
769,4068.96,134.479,76,6,0.666992,0,0.00910699
770,2891.12,144.839,110.903,5,0.716797,1,0.00909632
771,1811.47,152.262,110.371,4,0.726562,1,0.00916108
772,1771.04,140.807,110.371,4,0.72168,1,0.00919175
773,1823.71,135.088,109.829,4,0.685547,1,0.00945137
774,2877.78,138.335,106.93,5,0.68457,1,0.00905549
775,1798.09,137.468,109.829,4,0.698242,1,0.00876305
776,2887.84,135.692,107.538,5,0.683594,1,0.00903981
777,1793.4,138.433,110.371,4,0.701172,1,0.00936682
778,2870.9,142.369,111.937,5,0.722656,1,0.00943567
779,4124.23,144.094,76,6,0.676758,0,0.00944761
780,1809.31,139.011,109.829,4,0.694336,1,0.00912944
781,1823.71,137.491,110.371,4,0.705078,1,0.0090851
782,1813.59,129.134,107.538,4,0.665039,1,0.00914868
783,1807.12,127.486,76,4,0.65332,0,0.00920873
784,1776.18,137.531,109.275,4,0.695312,1,0.00900535
785,4150.74,141.849,106.93,6,0.688477,1,0.00935663
786,1831.15,134.782,109.829,4,0.69043,1,0.00907604
787,1768.44,122.053,56,4,0.634766,0,0.0091895
788,2753.63,135.875,70,5,0.665039,0,0.0093818
789,2766.4,150.614,110.903,5,0.728516,1,0.00934427
790,4145.5,147.544,110.903,6,0.729492,1,0.00936886
791,2894.36,140.059,109.275,5,0.698242,1,0.00901561
792,4201.3,144.287,109.275,6,0.693359,1,0.00909497
793,1825.63,143.386,105.663,4,0.696289,1,0.00915268
794,1793.4,136.825,110.903,4,0.71582,1,0.00919604
795,1827.51,143.253,111.937,4,0.724609,1,0.00925572
796,1815.68,142.677,110.903,4,0.722656,1,0.00919565
797,1831.15,148.616,111.937,4,0.738281,1,0.00947619
798,2891.12,143.836,109.829,5,0.704102,1,0.00942536
799,2863.89,151.21,110.903,5,0.739258,1,0.00927746
800,1783.71,141.968,110.903,4,0.713867,1,0.00948784
801,4068.96,143.299,110.903,6,0.713867,1,0.00945321
802,1815.68,143.418,110.903,4,0.719727,1,0.00928936
803,1804.91,140.653,109.275,4,0.698242,1,0.00918286
804,2842.09,134.885,104.312,5,0.666992,1,0.00920434
805,1817.74,144.123,109.829,4,0.717773,1,0.00921673
806,1802.66,137.772,108.709,4,0.682617,1,0.00940685
807,2849.48,137.458,104.312,5,0.673828,1,0.00932964
808,1802.66,136.492,108.709,4,0.6875,1,0.00927355
809,1807.12,143.745,111.425,4,0.717773,1,0.0093764
810,2874.36,148.611,112.44,5,0.75293,1,0.00920655
811,2849.48,157.819,110.903,5,0.738281,1,0.00947015
812,2870.9,136.792,106.306,5,0.671875,1,0.00932118
813,5855.1,147.352,109.829,7,0.706055,1,0.00925113
814,2811.38,147.024,109.829,5,0.713867,1,0.00931844
815,4229.91,147.669,109.829,6,0.710938,1,0.00933575
816,1827.51,143.7,109.275,4,0.702148,1,0.00944654
817,1817.74,150.249,110.903,4,0.74707,1,0.00923046
818,1827.51,137.698,107.538,4,0.68457,1,0.00925551
819,2887.84,142.689,109.829,5,0.700195,1,0.00935774
820,2929.99,131.459,105,5,0.663086,1,0.00926176
821,1817.74,148.693,109.275,4,0.711914,1,0.00947677
822,1836.29,145.158,111.937,4,0.736328,1,0.00931505
823,1823.71,144.899,108.13,4,0.704102,1,0.00931557
824,1819.76,142.466,108.709,4,0.695312,1,0.00916898
825,2853.13,156.552,112.44,5,0.768555,1,0.00963307
826,2811.38,143.41,109.829,5,0.693359,1,0.00958772
827,1793.4,134.467,111.937,4,0.708984,1,0.00941614
828,1825.63,158.134,110.903,4,0.750977,1,0.00963355
829,1010.21,141.778,110.371,3,0.708984,1,0.00937623
830,2918.83,151.693,110.903,5,0.732422,1,0.00952514
831,4124.23,146.767,109.829,6,0.713867,1,0.00937906
832,1800.39,143.053,69,4,0.681641,0,0.00959403
833,1793.4,148.666,109.829,4,0.717773,1,0.00930506
834,1813.59,140.431,110.371,4,0.697266,1,0.00961293
835,2915.92,150.509,76,5,0.695312,0,0.00944349
836,1832.91,138.184,109.275,4,0.682617,1,0.00939913
837,4282.57,140.331,112.934,6,0.71875,1,0.00931194
838,2849.48,139.649,109.829,5,0.695312,1,0.00952256
839,4229.91,156.506,111.425,6,0.748047,1,0.00979697
840,1823.71,152.577,110.371,4,0.735352,1,0.00948541
841,2740.66,136.416,110.903,5,0.685547,1,0.00950702
842,2856.74,156.811,111.937,5,0.753906,1,0.00965943
843,5688.91,149.471,110.371,7,0.713867,1,0.00963509
844,1837.92,144.923,111.937,4,0.725586,1,0.00945962
845,2906.93,141.995,110.903,5,0.704102,1,0.00948453
846,2803.43,139.77,109.275,5,0.69043,1,0.00940007
847,1815.68,139.35,76,4,0.679688,0,0.00933044
848,1829.35,147.055,107.538,4,0.704102,1,0.00956882
849,2903.85,154.651,109.829,5,0.726562,1,0.00935259
850,4113.41,139.517,108.709,6,0.69043,1,0.00974368
851,1841.02,142.665,105,4,0.6875,1,0.00960063
852,4210.99,148.115,108.709,6,0.703125,1,0.00970131
853,1827.51,142.552,109.829,4,0.69043,1,0.00945854
854,1815.68,148.459,109.829,4,0.708008,1,0.00958384
855,1823.71,142.337,110.903,4,0.709961,1,0.00981255
856,1802.66,143.531,109.275,4,0.697266,1,0.00959492
857,4186.5,154.584,111.937,6,0.742188,1,0.00968224
858,1802.66,142.628,110.371,4,0.712891,1,0.00959163
859,1800.39,145.112,111.937,4,0.734375,1,0.00958828
860,1807.12,148.296,110.371,4,0.711914,1,0.00963584
861,2853.13,142.806,107.538,5,0.6875,1,0.00972126
862,2845.8,135.711,76,5,0.666992,0,0.00963023
863,1815.68,137.546,106.93,4,0.681641,1,0.00954794
864,2731.9,142.627,110.903,5,0.709961,1,0.00950375
865,2915.92,148.189,101,5,0.696289,0,0.00967505
866,2915.92,140.363,109.829,5,0.695312,1,0.00924349
867,1786.17,149.381,110.903,4,0.744141,1,0.00943353
868,1817.74,160.205,109.829,4,0.755859,1,0.00975135
869,1825.63,137.15,110.371,4,0.69043,1,0.00934123
870,2921.69,143.011,106.93,5,0.694336,1,0.00956633
871,1817.74,142.541,110.903,4,0.709961,1,0.00947136
872,1832.91,144.407,110.371,4,0.708984,1,0.00950139
873,4166.27,161.745,111.937,6,0.768555,1,0.00979192
874,1839.49,138.706,106.306,4,0.685547,1,0.00952021
875,2863.89,140.624,109.275,5,0.6875,1,0.00960943
876,2856.74,156.241,110.903,5,0.728516,1,0.00968705
877,1811.47,140.218,110.903,4,0.708984,1,0.00962555
878,2826.95,142.282,110.903,5,0.699219,1,0.00987054
879,1836.29,136.15,107.538,4,0.680664,1,0.00984133
880,2894.36,146.859,110.903,5,0.717773,1,0.0095609
881,2803.43,143.318,111.937,5,0.727539,1,0.00948617
882,1813.59,139.446,110.903,4,0.702148,1,0.00976532
883,2745.01,146.51,110.903,5,0.701172,1,0.0096352
884,1839.49,144.154,112.44,4,0.726562,1,0.00956169
885,2903.85,149.719,110.903,5,0.725586,1,0.00983899
886,2795.37,140.009,107.538,5,0.678711,1,0.00977605
887,1781.23,138.06,111.425,4,0.695312,1,0.00953625
888,1793.4,143.477,111.937,4,0.723633,1,0.00941453
889,1798.09,142.206,110.371,4,0.707031,1,0.00947016
890,1800.39,146.271,110.903,4,0.709961,1,0.00983918
891,2845.8,142.791,112.44,5,0.727539,1,0.00949946
892,4129.59,149.815,109.829,6,0.712891,1,0.00952311
893,1821.75,141.377,111.425,4,0.706055,1,0.00949366
894,1791.02,137.289,109.275,4,0.691406,1,0.00923761
895,4145.5,138.737,105,6,0.667969,1,0.00935833
896,1827.51,149.005,111.937,4,0.736328,1,0.00966227
897,2819.22,151.578,112.934,5,0.742188,1,0.00950896
898,2924.51,156.93,111.937,5,0.740234,1,0.00977776
899,2778.96,148.618,111.425,5,0.729492,1,0.00979044
900,1800.39,140.074,111.937,4,0.707031,1,0.00971454
901,1793.4,137.195,111.425,4,0.698242,1,0.0100149
902,1821.75,141.934,111.937,4,0.711914,1,0.00963182
903,1788.61,139.447,110.903,4,0.69043,1,0.00978901
904,2937.8,148.108,110.371,5,0.700195,1,0.00978549
905,2830.78,160.221,111.937,5,0.768555,1,0.0097386
906,1795.76,145.047,110.903,4,0.710938,1,0.00971521
907,1798.09,139.214,109.829,4,0.689453,1,0.00998037
908,1829.35,142.402,111.937,4,0.702148,1,0.00975272
909,2891.12,151.711,112.44,5,0.739258,1,0.00962823
910,1829.35,143.224,111.425,4,0.704102,1,0.00972813
911,1800.39,133.176,111.937,4,0.681641,1,0.00986857
912,1843.9,143.634,111.937,4,0.712891,1,0.00995531
913,1821.75,145.51,110.371,4,0.702148,1,0.00997875
914,2863.89,148.342,109.829,5,0.707031,1,0.00977608
915,1832.91,158.065,112.934,4,0.764648,1,0.00971348
916,2778.96,152.94,112.44,5,0.742188,1,0.00989498
917,1827.51,140.994,109.829,4,0.694336,1,0.00997212
918,1786.17,142.543,111.937,4,0.71875,1,0.0100271
919,2884.52,148.146,112.934,5,0.732422,1,0.00963929
920,1811.47,142.681,111.937,4,0.713867,1,0.0101047
921,2845.8,149.152,111.425,5,0.714844,1,0.010286
922,1793.4,140.754,111.937,4,0.708984,1,0.00985602
923,1786.17,149.224,110.903,4,0.709961,1,0.0101459
924,1834.62,152.259,113.897,4,0.75293,1,0.0100343
925,2909.97,152.311,112.934,5,0.742188,1,0.00987091
926,2860.33,153.413,111.425,5,0.72168,1,0.010122
927,1819.76,141.185,111.937,4,0.703125,1,0.0101148
928,1809.31,151.261,111.425,4,0.720703,1,0.0100261
929,1007.46,144.365,113.419,3,0.731445,1,0.00996775
930,2819.22,157.439,111.937,5,0.731445,1,0.0101111
931,5791.42,147.377,112.44,7,0.720703,1,0.0101063
932,1811.47,137.131,110.371,4,0.681641,1,0.00989612
933,2860.33,143.014,112.44,5,0.725586,1,0.00971804
934,1807.12,154.326,109.829,4,0.716797,1,0.00976549
935,2912.97,151.862,111.937,5,0.740234,1,0.0100199
936,2860.33,154.707,111.937,5,0.735352,1,0.00991357
937,1819.76,147.913,113.897,4,0.748047,1,0.00979769
938,1832.91,149.771,114.366,4,0.75,1,0.0101753
939,1804.91,152.425,112.934,4,0.731445,1,0.00994289
940,2842.09,149.626,110.903,5,0.712891,1,0.010011
941,1823.71,149.871,113.897,4,0.740234,1,0.00994625
942,2870.9,143.061,107.538,5,0.681641,1,0.0100259
943,2863.89,145.541,112.934,5,0.72168,1,0.010205
944,1807.12,145.653,111.425,4,0.714844,1,0.0100507
945,2749.33,150.952,113.419,5,0.742188,1,0.00991963
946,1798.09,149.703,111.425,4,0.716797,1,0.0100048
947,1765.81,141.201,108.13,4,0.693359,1,0.0098723
948,1807.12,141.469,110.371,4,0.693359,1,0.0099767
949,1809.31,149.257,111.425,4,0.717773,1,0.00992145
950,1778.72,145.473,111.937,4,0.713867,1,0.00995612
951,4243.67,170.47,113.897,6,0.785156,1,0.00977978
952,1773.62,146.735,111.937,4,0.728516,1,0.00978146
953,2894.36,141.4,110.903,5,0.693359,1,0.0100884
954,2870.9,140.142,112.934,5,0.700195,1,0.0100603
955,1793.4,143.153,111.937,4,0.704102,1,0.0099752
956,2778.96,156.759,112.934,5,0.741211,1,0.00997112
957,1783.71,143.145,112.44,4,0.712891,1,0.0101169
958,1815.68,148.14,111.937,4,0.727539,1,0.0101195
959,4145.5,158.26,111.937,6,0.734375,1,0.0101885
960,1807.12,145.221,110.903,4,0.695312,1,0.0101088
961,1811.47,143.809,111.937,4,0.709961,1,0.0100701
962,2826.95,156.272,113.419,5,0.748047,1,0.00997358
963,2870.9,153.548,113.897,5,0.741211,1,0.0101844
964,1819.76,140.556,108.709,4,0.682617,1,0.0102499
965,2877.78,150.168,109.829,5,0.71582,1,0.00998477
966,1798.09,151.451,111.937,4,0.741211,1,0.00991713
967,2874.36,145.387,111.937,5,0.714844,1,0.00985202
968,2811.38,167.943,111.937,5,0.75293,1,0.0102233
969,1825.63,140.794,112.44,4,0.705078,1,0.0100754
970,1800.39,149.324,111.937,4,0.735352,1,0.0100744
971,1807.12,151.051,113.897,4,0.737305,1,0.0101411
972,2731.9,152.401,111.937,5,0.726562,1,0.0101576
973,1783.71,153.762,112.44,4,0.740234,1,0.0101837
974,1843.9,150.666,110.903,4,0.72168,1,0.0102877
975,2870.9,146.001,113.419,5,0.738281,1,0.00994214
976,2830.78,154.573,113.897,5,0.749023,1,0.0100427
977,1798.09,155.431,112.44,4,0.745117,1,0.0102129
978,1819.76,148.639,111.937,4,0.725586,1,0.0102129
979,1793.4,137.694,105,4,0.673828,1,0.0101791
980,2877.78,139.37,110.903,5,0.68457,1,0.0101661
981,2884.52,144.728,105.663,5,0.688477,1,0.0101969
982,2826.95,145.583,112.44,5,0.708008,1,0.00994135
983,1802.66,164.587,114.366,4,0.780273,1,0.0101704
984,1834.62,155.44,111.937,4,0.746094,1,0.0100353
985,1807.12,148.906,111.425,4,0.71582,1,0.00992411
986,2849.48,132.123,105.663,5,0.655273,1,0.00983639
987,1823.71,142.959,111.425,4,0.695312,1,0.00985395
988,1791.02,147.38,114.828,4,0.746094,1,0.00979128
989,1825.63,146.993,111.937,4,0.708008,1,0.010054
990,1802.66,148.623,112.934,4,0.717773,1,0.0100182
991,2860.33,148.417,112.44,5,0.71582,1,0.00991265
992,2863.89,142.063,113.897,5,0.71875,1,0.0100805
993,1827.51,154.197,114.828,4,0.756836,1,0.0103563
994,2860.33,160.856,112.934,5,0.742188,1,0.00997991
995,2906.93,145.682,108.709,5,0.694336,1,0.0103033
996,2918.83,150.92,113.897,5,0.749023,1,0.0104504
997,1786.17,138.507,111.425,4,0.689453,1,0.0104482
998,2795.37,151.413,111.425,5,0.71875,1,0.010018
999,1804.91,146.92,112.934,4,0.71875,1,0.0103311
1000,1807.12,143.707,112.44,4,0.714844,1,0.0104866
1001,1834.62,147.653,113.897,4,0.728516,1,0.010283
1002,1811.47,149.395,113.419,4,0.729492,1,0.0105249
1003,1819.76,164.067,113.897,4,0.775391,1,0.0100966
1004,2906.93,149.34,112.934,5,0.723633,1,0.0103878
1005,1788.61,141.723,109.829,4,0.682617,1,0.0104695
1006,1813.59,163.183,113.897,4,0.765625,1,0.0105771
1007,1791.02,147.781,111.937,4,0.714844,1,0.0103778
1008,2766.4,145.355,112.934,5,0.71875,1,0.0103491
1009,4155.95,153.726,113.419,6,0.729492,1,0.0103229
1010,2921.69,149.207,112.44,5,0.714844,1,0.0104235
1011,2770.61,141.794,113.897,5,0.708008,1,0.0102962
1012,2787.22,149.443,113.897,5,0.726562,1,0.0103141
1013,1821.75,148.235,114.828,4,0.731445,1,0.0101004
1014,2803.43,140.969,107.538,5,0.683594,1,0.0100677
1015,2823.1,152.847,113.897,5,0.741211,1,0.0102056
1016,2787.22,152.794,112.934,5,0.72168,1,0.0108325
1017,1755.09,152.698,112.934,4,0.741211,1,0.0109168
1018,2874.36,157.256,113.419,5,0.742188,1,0.0116824
1019,2811.38,147.064,76,5,0.68457,0,0.0104669
1020,1788.61,156.309,114.828,4,0.760742,1,0.0104088
1021,1811.47,154.432,111.937,4,0.730469,1,0.0101728
1022,1773.62,144.196,113.419,4,0.714844,1,0.0103416
1023,2770.61,153.098,112.934,5,0.728516,1,0.0103815
1024,2815.31,156.242,113.419,5,0.737305,1,0.0102493
1025,2849.48,153.23,113.897,5,0.737305,1,0.0103234
1026,1755.09,142.441,109.275,4,0.682617,1,0.0102032
1027,2826.95,155.076,113.419,5,0.735352,1,0.0102622
1028,1819.76,133.768,108.709,4,0.675781,1,0.0100425
1029,2778.96,159.003,114.366,5,0.761719,1,0.0101687
1030,1793.4,150.612,115.282,4,0.734375,1,0.0102007
1031,2891.12,133.678,67,5,0.636719,0,0.0101607
1032,2918.83,155.173,112.44,5,0.728516,1,0.0101185
1033,2856.74,147.508,112.934,5,0.708008,1,0.0101748
1034,2787.22,152.178,108.709,5,0.708984,1,0.0102808
1035,2842.09,160.623,113.897,5,0.736328,1,0.0107136
1036,1783.71,146.39,111.425,4,0.706055,1,0.0103683
1037,1804.91,142.175,112.934,4,0.703125,1,0.0102958
1038,1813.59,151.833,111.425,4,0.723633,1,0.010197
1039,1005.85,135.941,109.829,3,0.681641,1,0.00994565
1040,1786.17,148.635,113.419,4,0.724609,1,0.0100722
1041,1807.12,139.397,111.937,4,0.695312,1,0.0100985
1042,2826.95,148.639,111.425,5,0.704102,1,0.0100326
1043,4118.83,158.968,113.897,6,0.744141,1,0.0101422
1044,1800.39,144.477,111.937,4,0.700195,1,0.0102354
1045,1768.44,141.129,111.937,4,0.691406,1,0.0100314
1046,2915.92,147.243,113.419,5,0.729492,1,0.0101062
1047,1788.61,140.753,113.419,4,0.711914,1,0.0100069
1048,1778.72,151.7,114.828,4,0.749023,1,0.01007
1049,1795.76,145.477,112.934,4,0.712891,1,0.0102908
1050,4225.24,156.308,109.829,6,0.706055,1,0.0102714
1051,1832.91,155.547,114.828,4,0.757812,1,0.0103563
1052,4057.57,155.071,110.371,6,0.712891,1,0.0104173
1053,4239.12,155.859,114.366,6,0.745117,1,0.0103147
1054,2849.48,154.163,113.419,5,0.732422,1,0.0101107
1055,1800.39,160.602,113.419,4,0.751953,1,0.0100078
1056,2691.43,146.748,109.829,5,0.696289,1,0.0104009
1057,1795.76,152.275,113.897,4,0.737305,1,0.0103313
1058,1773.62,143.679,112.44,4,0.704102,1,0.0104702
1059,1755.09,146.141,113.897,4,0.716797,1,0.0103596
1060,2863.89,153.149,113.897,5,0.737305,1,0.0105244
1061,1845.26,144.321,113.419,4,0.705078,1,0.0102787
1062,1788.61,144.687,111.937,4,0.698242,1,0.0104419
1063,2766.4,138.611,110.903,5,0.68457,1,0.0103324
1064,2811.38,153.458,112.934,5,0.733398,1,0.0107087
1065,2863.89,157.259,111.937,5,0.737305,1,0.0104373
1066,1819.76,148.615,114.366,4,0.727539,1,0.0103987
1067,1827.51,152.631,112.44,4,0.724609,1,0.0104202
1068,1791.02,148.789,113.897,4,0.724609,1,0.0105851
1069,2891.12,156.435,112.44,5,0.734375,1,0.0103682
1070,1788.61,143.597,113.897,4,0.724609,1,0.0102603
1071,1831.15,154.288,112.44,4,0.723633,1,0.0104383
1072,1821.75,149.697,111.937,4,0.713867,1,0.010536
1073,1795.76,144.495,111.425,4,0.69043,1,0.010287
1074,1841.02,151.645,110.903,4,0.706055,1,0.0103885
1075,1795.76,155.24,112.934,4,0.739258,1,0.0102951
1076,1825.63,142.956,112.44,4,0.712891,1,0.0100413
1077,1798.09,143.372,111.937,4,0.707031,1,0.0103043
1078,1783.71,148.155,113.897,4,0.717773,1,0.0103404
1079,2856.74,152.768,112.934,5,0.729492,1,0.010167
1080,1811.47,155.603,114.366,4,0.757812,1,0.0102745
1081,2884.52,148.919,112.934,5,0.722656,1,0.0102221
1082,2853.13,150.45,112.44,5,0.727539,1,0.0103032
1083,1778.72,151.642,113.419,4,0.726562,1,0.0103089
1084,1825.63,147.359,113.897,4,0.729492,1,0.0103233
1085,1802.66,153.342,114.366,4,0.748047,1,0.0104222
1086,2842.09,152.671,112.934,5,0.719727,1,0.0102448
1087,1781.23,149.523,113.897,4,0.740234,1,0.0105403
1088,1825.63,146.013,112.934,4,0.707031,1,0.0104937
1089,1819.76,157.711,114.366,4,0.749023,1,0.0104489
1090,1807.12,148.409,114.366,4,0.731445,1,0.0107047
1091,2924.51,152.674,115.282,5,0.740234,1,0.0103525
1092,2830.78,166.234,113.419,5,0.750977,1,0.0106231
1093,1815.68,146.788,114.366,4,0.729492,1,0.0100751
1094,1778.72,148.404,111.937,4,0.709961,1,0.0104935
1095,1804.91,140.63,102.835,4,0.678711,1,0.0100937
1096,2819.22,145.803,112.934,5,0.708984,1,0.0101728
1097,2863.89,166.55,114.366,5,0.779297,1,0.0104968
1098,1807.12,162.4,113.897,4,0.763672,1,0.0102213
1099,1825.63,145.529,112.934,4,0.710938,1,0.0106803
1100,1811.47,151.093,112.934,4,0.735352,1,0.0101962
1101,1811.47,131.772,109.275,4,0.663086,1,0.0107072
1102,2753.63,154.728,113.897,5,0.746094,1,0.0101217
1103,2842.09,155.769,114.828,5,0.749023,1,0.0104553
1104,1825.63,157.625,113.897,4,0.742188,1,0.0105571
1105,1760.49,148.429,111.937,4,0.708984,1,0.0102589
1106,1836.29,143.038,110.371,4,0.688477,1,0.0103094
1107,2834.58,141.375,111.425,5,0.692383,1,0.0105885
1108,1788.61,135.652,111.937,4,0.688477,1,0.0105228
1109,1807.12,139.426,76,4,0.668945,0,0.0103119
1110,1821.75,154.71,112.44,4,0.732422,1,0.0104047
1111,2815.31,166.487,113.419,5,0.767578,1,0.0101164
1112,1798.09,140.149,109.829,4,0.682617,1,0.0106541
1113,2783.1,142.337,109.829,5,0.689453,1,0.0101329
1114,1788.61,153.516,114.366,4,0.758789,1,0.0104543
1115,2830.78,151.434,113.897,5,0.732422,1,0.0102331
1116,4191.47,155.668,115.282,6,0.763672,1,0.0107885
1117,1813.59,152.886,113.897,4,0.744141,1,0.0104148
1118,2778.96,148.057,112.44,5,0.709961,1,0.0106985
1119,2834.58,174.147,116.603,5,0.813477,1,0.010862
1120,2787.22,150.449,114.828,5,0.741211,1,0.0104422
1121,1793.4,133.301,76,4,0.651367,0,0.010653
1122,2783.1,145.743,112.44,5,0.708984,1,0.0103092
1123,1829.35,154.488,113.897,4,0.741211,1,0.01054
1124,1795.76,154.159,114.828,4,0.746094,1,0.0103374
1125,2877.78,162.176,113.419,5,0.756836,1,0.0102319
1126,2887.84,159.195,114.366,5,0.765625,1,0.0103726
1127,2915.92,168.837,114.828,5,0.790039,1,0.0103711
1128,2870.9,162.818,114.828,5,0.773438,1,0.0104827
1129,2887.84,148.099,114.828,5,0.724609,1,0.0104053
1130,1809.31,136.447,112.44,4,0.700195,1,0.0100569
1131,2740.66,145.129,114.366,5,0.727539,1,0.01056
1132,2842.09,159.595,115.282,5,0.764648,1,0.0104611
1133,2757.91,151.89,112.934,5,0.723633,1,0.0103814
1134,2757.91,150.005,113.897,5,0.725586,1,0.0105061
1135,4210.99,158.78,114.828,6,0.75293,1,0.0107873
1136,2830.78,153.357,111.937,5,0.72168,1,0.0107008
1137,1821.75,143.342,112.44,4,0.699219,1,0.0104206
1138,4181.49,164.538,114.828,6,0.768555,1,0.0103766
1139,1776.18,142.883,112.44,4,0.697266,1,0.0103936
1140,1795.76,145.736,115.282,4,0.723633,1,0.0103505
1141,2731.9,145.062,109.829,5,0.695312,1,0.0103913
1142,4176.45,146.881,114.366,6,0.716797,1,0.0108447
1143,1786.17,138.761,76,4,0.664062,0,0.0104308
1144,1809.31,152.697,110.371,4,0.717773,1,0.010479
1145,1817.74,140.652,109.829,4,0.6875,1,0.0100566
1146,2830.78,148.575,111.937,5,0.714844,1,0.0103679
1147,4080.24,150.716,110.371,6,0.708984,1,0.0100295
1148,1807.12,156.362,106.93,4,0.712891,1,0.0100358
1149,2845.8,147.602,112.44,5,0.724609,1,0.0100606
1150,1783.71,147.75,113.897,4,0.728516,1,0.0101749
1151,4234.53,151.881,110.371,6,0.705078,1,0.0100978
1152,1811.47,156.66,114.828,4,0.750977,1,0.0100136
1153,1831.15,168.337,114.366,4,0.793945,1,0.00997472
1154,2909.97,133.518,108.709,5,0.666992,1,0.00999139
1155,5855.1,149.77,114.366,7,0.740234,1,0.0100462
1156,2937.8,144.782,110.903,5,0.694336,1,0.010195
1157,1712,135.14,111.425,4,0.696289,1,0.00991847
1158,2863.89,149.772,112.44,5,0.724609,1,0.00997458
1159,2853.13,145.96,113.897,5,0.720703,1,0.0100128
1160,1815.68,163.818,113.897,4,0.761719,1,0.010407
1161,1768.44,143.195,115.282,4,0.730469,1,0.010127
1162,1811.47,148.267,114.828,4,0.731445,1,0.0100998
1163,1813.59,156.812,116.17,4,0.773438,1,0.0104557
1164,1834.62,160.063,114.828,4,0.762695,1,0.0102735
1165,1813.59,146.415,113.897,4,0.713867,1,0.0103111
1166,2834.58,147.578,111.937,5,0.71875,1,0.0101629
1167,2894.36,164.769,106.306,5,0.731445,1,0.0101501
1168,1811.47,152.065,112.44,4,0.726562,1,0.0100827
1169,2787.22,142.827,113.897,5,0.716797,1,0.010304
1170,2897.56,144.837,113.897,5,0.708008,1,0.0102631
1171,2870.9,146.616,112.934,5,0.701172,1,0.0104066
1172,1793.4,152.3,114.828,4,0.737305,1,0.0103641
1173,1802.66,144.05,111.425,4,0.703125,1,0.0105838
1174,1809.31,141.181,110.371,4,0.673828,1,0.0104721
1175,1793.4,148.101,105.663,4,0.698242,1,0.0102223
1176,2749.33,163.004,113.419,5,0.742188,1,0.0100145
1177,1793.4,154.488,114.828,4,0.750977,1,0.0104264
1178,1819.76,156.986,115.729,4,0.759766,1,0.0104274
1179,1817.74,147.686,110.903,4,0.704102,1,0.0106129
1180,2863.89,158.006,114.828,5,0.74707,1,0.0104723
1181,1798.09,149.752,113.897,4,0.731445,1,0.0103508
1182,1741.21,144.574,112.934,4,0.707031,1,0.0103444
1183,2897.56,156.511,113.419,5,0.734375,1,0.0103398
1184,2849.48,152.661,111.937,5,0.725586,1,0.0103072
1185,1802.66,143.129,112.44,4,0.697266,1,0.0103423
1186,2877.78,159.078,114.366,5,0.750977,1,0.0103674
1187,1735.52,145.308,110.903,4,0.704102,1,0.0104859
1188,1800.39,140.595,76,4,0.671875,0,0.0104746
1189,2912.97,143.46,113.419,5,0.708984,1,0.0101457
1190,1817.74,130.894,110.371,4,0.662109,1,0.0104437
1191,1817.74,145.104,76,4,0.678711,0,0.0102045
1192,2834.58,149.829,112.44,5,0.710938,1,0.0101261
1193,1793.4,152.151,114.366,4,0.739258,1,0.0100693
1194,1809.31,148.009,112.934,4,0.722656,1,0.0103662
1195,1000.23,145.406,113.897,3,0.720703,1,0.010292
1196,1788.61,140.674,112.934,4,0.702148,1,0.0101986
1197,1763.17,146.961,113.897,4,0.730469,1,0.0101045
1198,2819.22,137.112,112.934,5,0.69043,1,0.0101853
1199,1829.35,140.716,107.538,4,0.674805,1,0.0104318
1200,4091.41,146.076,111.425,6,0.699219,1,0.0101544
1201,2853.13,146.46,112.44,5,0.706055,1,0.0103501
1202,4270.03,150.01,111.937,6,0.707031,1,0.0103028
1203,2856.74,161.41,115.729,5,0.791016,1,0.0103819
1204,2881.17,159.844,112.44,5,0.743164,1,0.0101503
1205,2900.72,148.964,114.366,5,0.724609,1,0.0104303
1206,1829.35,152.518,113.419,4,0.727539,1,0.010336
1207,1783.71,162.872,114.828,4,0.787109,1,0.0101962
1208,2815.31,140.076,111.425,5,0.683594,1,0.0103186
1209,4215.78,146.031,112.44,6,0.696289,1,0.0100894
1210,2877.78,152.891,114.828,5,0.744141,1,0.0100377
1211,1798.09,163.249,114.366,4,0.774414,1,0.0103481
1212,1800.39,153.474,115.282,4,0.744141,1,0.0103815
1213,2870.9,164.55,116.17,5,0.776367,1,0.0103854
1214,1757.8,152.819,113.419,4,0.731445,1,0.0103845
1215,2819.22,164.309,115.729,5,0.779297,1,0.0104694
1216,2849.48,157.574,115.282,5,0.744141,1,0.0105904
1217,1813.59,145.957,112.934,4,0.713867,1,0.0105168
1218,2783.1,147.723,113.897,5,0.720703,1,0.0103692
1219,1795.76,133.726,111.425,4,0.669922,1,0.0105999
1220,1819.76,157.082,114.828,4,0.748047,1,0.0103953
1221,2842.09,148.391,114.366,5,0.728516,1,0.0103355
1222,1821.75,152.422,114.828,4,0.740234,1,0.0105584
1223,2863.89,149.872,112.44,5,0.698242,1,0.0103379
1224,2860.33,147.047,112.934,5,0.712891,1,0.0103034
1225,2770.61,152.972,115.282,5,0.748047,1,0.0103624
1226,1788.61,145.362,113.419,4,0.71582,1,0.0104768
1227,2795.37,141.691,114.828,5,0.71582,1,0.0105694
1228,2918.83,157.229,112.934,5,0.737305,1,0.0102902
1229,1823.71,154.901,112.934,4,0.735352,1,0.0103633
1230,2731.9,152.108,115.729,5,0.730469,1,0.0106094
1231,2778.96,153.968,114.828,5,0.742188,1,0.0102455
1232,2807.41,148.926,112.934,5,0.696289,1,0.0107135
1233,1778.72,143.107,113.897,4,0.708984,1,0.0102926
1234,2884.52,138.336,112.934,5,0.686523,1,0.0104465
1235,4181.49,152.292,112.44,6,0.724609,1,0.0102612
1236,1778.72,150.738,114.828,4,0.739258,1,0.0104693
1237,2826.95,155.644,112.44,5,0.719727,1,0.010668
1238,1815.68,155.536,114.828,4,0.755859,1,0.0103427
1239,2929.99,153.758,114.828,5,0.741211,1,0.0104695
1240,2783.1,143.63,115.282,5,0.720703,1,0.0103895
1241,1723.91,152.588,115.729,4,0.748047,1,0.0104426
1242,2887.84,154.476,115.282,5,0.743164,1,0.0108288
1243,2863.89,160.642,115.282,5,0.756836,1,0.0106669
1244,2757.91,149.036,112.934,5,0.714844,1,0.010592
1245,2909.97,154.586,116.603,5,0.765625,1,0.0107978
1246,1823.71,154.082,116.603,4,0.771484,1,0.0106487
1247,2918.83,152.816,116.17,5,0.737305,1,0.0108319
1248,4150.74,153.776,115.729,6,0.738281,1,0.0109868
1249,1825.63,153.393,116.603,4,0.74707,1,0.0108829
1250,1807.12,156.084,116.17,4,0.746094,1,0.0108501
1251,1783.71,150.875,116.603,4,0.733398,1,0.011088
1252,1788.61,145.795,116.17,4,0.722656,1,0.0107861
1253,2918.83,146.024,112.44,5,0.697266,1,0.0106436
1254,2870.9,149.785,113.897,5,0.723633,1,0.0108069
1255,1773.62,156.827,113.897,4,0.744141,1,0.0108395
1256,1845.26,150.436,116.603,4,0.737305,1,0.0108714
1257,2881.17,155.955,115.729,5,0.744141,1,0.0108736
1258,1778.72,151.875,115.282,4,0.733398,1,0.0107905
1259,1817.74,162.004,116.17,4,0.771484,1,0.0108931
1260,1815.68,143.148,114.828,4,0.705078,1,0.011056
1261,2842.09,153.441,115.282,5,0.729492,1,0.011239
1262,1783.71,157.637,115.282,4,0.75,1,0.0108874
1263,2807.41,153.358,116.17,5,0.735352,1,0.0107389
1264,1807.12,153.627,113.897,4,0.727539,1,0.0105981
1265,2807.41,157.711,115.729,5,0.749023,1,0.0106743
1266,2731.9,147.67,111.425,5,0.703125,1,0.0107916
1267,1831.15,148.318,112.44,4,0.706055,1,0.0108395
1268,1795.76,144.527,113.897,4,0.705078,1,0.010687
1269,2845.8,162.69,114.828,5,0.750977,1,0.0108201
1270,1811.47,159.114,118.273,4,0.787109,1,0.0107904
1271,2884.52,160.071,116.17,5,0.755859,1,0.0107485
1272,1798.09,141.391,111.937,4,0.689453,1,0.0107173
1273,2823.1,149.607,115.282,5,0.734375,1,0.0105821
1274,1793.4,145.429,115.282,4,0.725586,1,0.0106193
1275,2909.97,157.198,114.828,5,0.732422,1,0.010796
1276,1804.91,146.952,114.366,4,0.705078,1,0.0108478
1277,2887.84,149.541,114.366,5,0.716797,1,0.0110104
1278,1773.62,153.956,113.897,4,0.720703,1,0.0110237
1279,1795.76,160.844,112.44,4,0.729492,1,0.0108399
1280,5688.91,163.597,116.17,7,0.753906,1,0.011678
1281,1741.21,146.782,116.17,4,0.717773,1,0.010834
1282,1802.66,153.004,115.282,4,0.725586,1,0.0109918
1283,2830.78,161.371,117.45,5,0.760742,1,0.0107871
1284,1795.76,144.861,116.17,4,0.713867,1,0.0108508
1285,1786.17,149.54,117.865,4,0.740234,1,0.0109913
1286,1755.09,156.746,115.729,4,0.733398,1,0.0112979
1287,2795.37,154.488,116.603,5,0.743164,1,0.0111394
1288,2749.33,155.537,116.603,5,0.756836,1,0.0110178
1289,1786.17,147.176,112.44,4,0.695312,1,0.0111295
1290,2766.4,151.431,116.603,5,0.733398,1,0.0108608
1291,1829.35,150.724,117.45,4,0.746094,1,0.0108343
1292,1802.66,151.659,115.729,4,0.730469,1,0.0108516
1293,2803.43,156.888,115.729,5,0.737305,1,0.0113874
1294,2766.4,152.307,115.282,5,0.71875,1,0.0117224
1295,1773.62,151.613,116.603,4,0.737305,1,0.0113873
1296,1802.66,154.592,117.45,4,0.75,1,0.0109751
1297,2870.9,162.007,116.603,5,0.749023,1,0.0109585
1298,2795.37,152.067,116.603,5,0.728516,1,0.0112153
1299,1760.49,157.144,117.865,4,0.766602,1,0.0110802
1300,4080.24,151.119,116.17,6,0.725586,1,0.0108845
1301,1804.91,152.833,117.865,4,0.739258,1,0.0110714
1302,1831.15,147.367,117.03,4,0.727539,1,0.0111231
1303,1804.91,159.347,115.282,4,0.727539,1,0.0108932
1304,1815.68,155.678,117.865,4,0.767578,1,0.0111139
1305,1793.4,146.266,114.828,4,0.709961,1,0.0110196
1306,1729.75,156.417,116.603,4,0.760742,1,0.0109105
1307,4124.23,158.364,116.603,6,0.744141,1,0.0108866
1308,2918.83,161.415,114.828,5,0.736328,1,0.0108112
1309,2900.72,164.297,113.897,5,0.739258,1,0.0109645
1310,1815.68,145.396,115.729,4,0.711914,1,0.0106897
1311,2774.8,153.484,116.17,5,0.725586,1,0.0110191
1312,1763.17,143.045,115.282,4,0.695312,1,0.0108353
1313,1773.62,149.017,115.729,4,0.717773,1,0.0110644
1314,1746.82,139.37,117.45,4,0.702148,1,0.0111979
1315,1798.09,143.261,114.828,4,0.698242,1,0.0107883
1316,2834.58,153.947,115.729,5,0.723633,1,0.0113244
1317,4118.83,139.749,112.934,6,0.671875,1,0.0110566
1318,1815.68,148.284,116.17,4,0.719727,1,0.0108668
1319,1802.66,144.846,115.729,4,0.700195,1,0.0110302
1320,1755.09,148.89,119.071,4,0.750977,1,0.0109888
1321,4107.95,164.767,116.603,6,0.742188,1,0.0112055
1322,1720.96,140.221,115.729,4,0.699219,1,0.0113927
1323,1819.76,156.719,116.17,4,0.730469,1,0.0110545
1324,2731.9,158.329,118.273,5,0.759766,1,0.0112812
1325,2894.36,154.936,116.603,5,0.722656,1,0.0111844
1326,2757.91,146.403,115.729,5,0.714844,1,0.0112785
1327,2849.48,159.409,114.366,5,0.731445,1,0.0110505
1328,2740.66,161.125,118.273,5,0.769531,1,0.0110196
1329,4286.66,147.739,111.937,6,0.69043,1,0.0109611
1330,2860.33,152.538,115.282,5,0.739258,1,0.0109751
1331,1811.47,166.171,117.865,4,0.782227,1,0.0111562
1332,1819.76,162.042,117.03,4,0.774414,1,0.010799
1333,2842.09,148.261,116.17,5,0.732422,1,0.011015
1334,1811.47,165.428,117.03,4,0.762695,1,0.0111969
1335,2867.41,159.934,116.17,5,0.745117,1,0.0110768
1336,2787.22,147.49,114.366,5,0.702148,1,0.0106898
1337,1795.76,141.632,114.828,4,0.695312,1,0.0107892
1338,4191.47,163.255,116.17,6,0.761719,1,0.0109981
1339,4234.53,159.965,115.282,6,0.746094,1,0.0108354
1340,2731.9,150.665,115.729,5,0.722656,1,0.011025
1341,2842.09,166.519,116.603,5,0.762695,1,0.0110332
1342,1755.09,148.979,114.828,4,0.708984,1,0.0110326
1343,2762.17,160.703,118.273,5,0.78125,1,0.011062
1344,1788.61,143.016,117.45,4,0.71875,1,0.0109703
1345,2731.9,158.284,114.366,5,0.720703,1,0.0111644
1346,4220.53,159.641,113.419,6,0.719727,1,0.0112582
1347,2731.9,147.735,117.03,5,0.731445,1,0.0111843
1348,1804.91,151.272,111.937,4,0.704102,1,0.0123091
1349,2749.33,158.008,116.17,5,0.74707,1,0.0141917
1350,2838.35,159.866,114.828,5,0.732422,1,0.0111173
1351,1708.97,141.08,114.828,4,0.686523,1,0.0113999
1352,4220.53,153.571,116.17,6,0.725586,1,0.011433
1353,2811.38,156.205,113.897,5,0.713867,1,0.0112678
1354,4096.95,157.221,116.603,6,0.741211,1,0.0113429
1355,2842.09,161.701,117.45,5,0.741211,1,0.0113133
1356,1837.92,162.153,117.865,4,0.761719,1,0.011164
1357,1807.12,161.725,118.675,4,0.753906,1,0.0111792
1358,2787.22,156.736,116.603,5,0.729492,1,0.0113345
1359,1807.12,143.422,114.828,4,0.683594,1,0.011439
1360,1825.63,151.352,113.897,4,0.704102,1,0.0112256
1361,2863.89,146.169,117.865,5,0.699219,1,0.0113166
1362,2834.58,151.568,116.17,5,0.709961,1,0.0112539
1363,2774.8,167.809,118.675,5,0.770508,1,0.0113081
1364,1783.71,149.987,115.729,4,0.708008,1,0.0110543
1365,2740.66,159.558,118.273,5,0.749023,1,0.0117286
1366,2795.37,150.621,116.17,5,0.712891,1,0.0115028
1367,2870.9,155.374,119.071,5,0.743164,1,0.0111922
1368,1778.72,149.415,119.071,4,0.737305,1,0.0114862
1369,2778.96,156.542,118.675,5,0.731445,1,0.0114583
1370,1800.39,140.394,116.603,4,0.682617,1,0.0113666
1371,2799.41,168.417,119.071,5,0.780273,1,0.0116362
1372,4129.59,152.764,117.45,6,0.714844,1,0.0114569
1373,1778.72,158.86,119.071,4,0.761719,1,0.0114521
1374,1786.17,159.866,119.462,4,0.763672,1,0.0118293
1375,1791.02,157.888,119.462,4,0.751953,1,0.0115138
1376,4057.57,164.442,119.847,6,0.783203,1,0.0115853
1377,2830.78,156.012,116.603,5,0.729492,1,0.0115715
1378,2757.91,153.92,119.462,5,0.755859,1,0.0113323
1379,4057.57,143.056,118.273,6,0.702148,1,0.0114852
1380,4206.17,150.702,115.282,6,0.701172,1,0.0113461
1381,2823.1,168.979,119.847,5,0.794922,1,0.0115544
1382,1776.18,147.706,116.17,4,0.707031,1,0.0111415
1383,2849.48,140.843,114.828,5,0.685547,1,0.0112299
1384,1768.44,151.12,119.071,4,0.745117,1,0.011348
1385,2856.74,155.518,117.45,5,0.729492,1,0.0111611
1386,1815.68,145.171,115.729,4,0.701172,1,0.011577
1387,1778.72,157.582,117.45,4,0.748047,1,0.0114519
1388,2787.22,163.364,118.273,5,0.765625,1,0.0112438
1389,1800.39,162.544,117.45,4,0.751953,1,0.0112143
1390,4118.83,164.307,117.03,6,0.756836,1,0.0113188
1391,2757.91,155.518,116.603,5,0.740234,1,0.0116029
1392,2834.58,167.601,118.273,5,0.78125,1,0.012146
1393,2770.61,157.349,116.603,5,0.740234,1,0.0120563
1394,2778.96,156.452,117.865,5,0.748047,1,0.0117422
1395,2884.52,161.63,118.273,5,0.754883,1,0.0115084
1396,2766.4,149.016,116.17,5,0.711914,1,0.0111282
1397,1798.09,157.989,116.603,4,0.743164,1,0.0110069
1398,2863.89,168.693,118.273,5,0.775391,1,0.0109728
1399,2897.56,149.508,118.273,5,0.726562,1,0.0107201
1400,2819.22,170.943,118.675,5,0.783203,1,0.0112998
1401,2927.27,144.159,116.17,5,0.686523,1,0.0112808
1402,2783.1,154.513,118.273,5,0.738281,1,0.0111535
1403,1715,151.161,119.071,4,0.749023,1,0.0113243
1404,2749.33,145.816,115.282,5,0.695312,1,0.0113704
1405,2731.9,159.142,119.071,5,0.770508,1,0.0113023
1406,1802.66,150.854,119.071,4,0.730469,1,0.0113182
1407,2731.9,156.797,119.071,5,0.738281,1,0.011365
1408,2766.4,159.067,119.071,5,0.74707,1,0.0115471
1409,1800.39,152.788,119.071,4,0.737305,1,0.0115013
1410,2830.78,153.077,118.273,5,0.725586,1,0.0113812
1411,2787.22,149.945,119.462,5,0.741211,1,0.0114646
1412,1765.81,153.768,118.273,4,0.737305,1,0.0112987
1413,2863.89,154.958,115.729,5,0.720703,1,0.0113498
1414,2783.1,143.257,113.897,5,0.685547,1,0.0114682
1415,2757.91,153.549,116.17,5,0.708984,1,0.0113002
1416,1765.81,151.813,115.282,4,0.713867,1,0.0110387
1417,1763.17,139.231,112.934,4,0.681641,1,0.0113234
1418,1765.81,158.477,119.071,4,0.753906,1,0.0112448
1419,1821.75,147.552,116.17,4,0.708008,1,0.0111926
1420,2826.95,150.074,118.273,5,0.720703,1,0.0111346
1421,2838.35,154.832,114.828,5,0.714844,1,0.0112508
1422,1763.17,145.275,76,4,0.681641,0,0.011125
1423,1696.71,154.509,118.675,4,0.753906,1,0.0114073
1424,2845.8,150.93,116.603,5,0.71875,1,0.0115229
1425,2823.1,157.069,118.273,5,0.744141,1,0.0112279
1426,2783.1,158.024,119.071,5,0.75,1,0.0112041
1427,2834.58,145.601,117.45,5,0.706055,1,0.0110995
1428,2856.74,161.897,119.071,5,0.763672,1,0.0114861
1429,2795.37,152.874,118.273,5,0.731445,1,0.0113679
1430,2799.41,168.569,118.273,5,0.771484,1,0.0112343
1431,1773.62,139.234,118.273,4,0.697266,1,0.0113067
1432,4113.41,161.255,117.865,6,0.742188,1,0.0115658
1433,1708.97,138.814,114.828,4,0.677734,1,0.0114637
1434,1795.76,152.743,118.273,4,0.728516,1,0.0113101
1435,2815.31,155.843,117.03,5,0.713867,1,0.0112197
1436,2819.22,157.402,118.675,5,0.740234,1,0.0112862
1437,2834.58,159.373,114.828,5,0.725586,1,0.0113903
1438,1720.96,146.946,117.865,4,0.713867,1,0.0114245
1439,2826.95,154.21,116.603,5,0.723633,1,0.0112836
1440,2749.33,151.326,116.603,5,0.704102,1,0.0116836
1441,2823.1,146.679,118.273,5,0.71582,1,0.0113728
1442,4080.24,160.419,117.45,6,0.745117,1,0.0115879
1443,2826.95,154.561,118.675,5,0.734375,1,0.0114062
1444,2838.35,161.805,119.847,5,0.785156,1,0.0115293
1445,2783.1,164.249,119.071,5,0.769531,1,0.0114795
1446,2819.22,155.198,119.071,5,0.748047,1,0.0118396
1447,2823.1,160.454,119.071,5,0.749023,1,0.0115202
1448,2853.13,158.112,116.17,5,0.722656,1,0.0118682
1449,1765.81,151.712,118.675,4,0.738281,1,0.0112926
1450,1755.09,156.354,119.462,4,0.759766,1,0.0114617
1451,1763.17,156.101,119.071,4,0.739258,1,0.011641
1452,1813.59,159.171,119.071,4,0.75,1,0.0117779
1453,2740.66,148.929,117.45,5,0.700195,1,0.0114762
1454,4080.24,159.232,115.282,6,0.717773,1,0.0115078
1455,1829.35,146.813,116.17,4,0.701172,1,0.0113869
1456,2819.22,156.617,116.603,5,0.71875,1,0.011536
1457,2838.35,152.91,118.675,5,0.735352,1,0.0116599
1458,2757.91,154.582,119.847,5,0.75293,1,0.0117716
1459,2770.61,160.445,119.847,5,0.773438,1,0.0116065
1460,1783.71,156.28,119.847,4,0.767578,1,0.0115153
1461,1757.8,146.291,117.865,4,0.710938,1,0.0115769
1462,2740.66,154.382,116.603,5,0.710938,1,0.0114813
1463,2740.66,162.959,120.227,5,0.789062,1,0.0116399
1464,1720.96,143.249,76,4,0.676758,0,0.0113771
1465,1773.62,159.806,116.603,4,0.738281,1,0.0116259
1466,1811.47,156.296,116.17,4,0.72168,1,0.0116245
1467,2823.1,163.656,119.071,5,0.760742,1,0.0116583
1468,1755.09,139.068,119.071,4,0.697266,1,0.01167
1469,4129.59,148.7,118.273,6,0.702148,1,0.0116335
1470,2749.33,151.766,119.071,5,0.723633,1,0.0116087
1471,1765.81,146.508,119.462,4,0.722656,1,0.0114908
1472,2834.58,160.182,120.227,5,0.761719,1,0.0116011
1473,2845.8,155.613,119.462,5,0.740234,1,0.0117699
1474,1781.23,145.361,119.071,4,0.711914,1,0.0117273
1475,2731.9,168.686,119.071,5,0.766602,1,0.0116632
1476,2891.12,163.873,119.847,5,0.768555,1,0.0117876
1477,2842.09,166.824,117.865,5,0.737305,1,0.011725
1478,1804.91,156.981,119.462,4,0.749023,1,0.0119322
1479,4057.57,155.563,112.44,6,0.702148,1,0.0116536
1480,1768.44,142.447,112.44,4,0.679688,1,0.0115585
1481,1791.02,145.619,118.273,4,0.705078,1,0.0115596
1482,1778.72,156.153,119.847,4,0.769531,1,0.0115343
1483,1793.4,145.673,116.603,4,0.707031,1,0.0113664
1484,2731.9,161.855,119.071,5,0.760742,1,0.0114515
1485,2823.1,161.715,115.729,5,0.741211,1,0.0114168
1486,2770.61,154.617,119.462,5,0.755859,1,0.0113083
1487,2740.66,153.905,117.45,5,0.717773,1,0.0113791
1488,2909.97,154.142,117.45,5,0.720703,1,0.0112813
1489,1781.23,152.087,116.603,4,0.719727,1,0.011581
1490,2749.33,157.001,117.45,5,0.733398,1,0.0114326
1491,2791.31,143.329,76,5,0.65918,0,0.0113591
1492,4171.38,152.2,116.603,6,0.720703,1,0.0111415
1493,1793.4,153.709,119.071,4,0.740234,1,0.0114937
1494,2838.35,152.108,116.17,5,0.712891,1,0.0114105
1495,1795.76,161.712,119.071,4,0.765625,1,0.0118365
1496,2877.78,172.446,119.462,5,0.779297,1,0.011737
1497,2740.66,169.526,119.071,5,0.775391,1,0.0116745
1498,1755.09,141.163,112.44,4,0.673828,1,0.011554
1499,1768.44,148.646,118.675,4,0.734375,1,0.0117763
