153.559
0,435.127,8.06632,4,2,0.0361328,0,0.00453576
1,435.149,10.3273,4,2,0.0498047,0,0.00422846
2,110.371,8.95717,4,1,0.0449219,0,0.00438994
3,110.903,8.80362,5,1,0.0400391,0,0.00436748
4,109.829,8.16116,5,1,0.0332031,0,0.0043751
5,435.076,9.90854,5,2,0.0458984,0,0.00437807
6,434.412,10.0882,5,2,0.046875,0,0.00439983
7,435.151,11.0599,5,2,0.0576172,0,0.00430621
8,435.149,10.7686,5,2,0.0517578,0,0.00447909
9,435.117,11.1225,5,2,0.0556641,0,0.00456353
10,434.954,9.02817,5,2,0.0332031,0,0.00452134
11,435.149,10.4463,5,2,0.0419922,0,0.00454296
12,434.954,9.99317,5,2,0.0429688,0,0.00474557
13,435.117,12.6132,5,2,0.0605469,0,0.00448607
14,435.053,10.8352,5,2,0.0419922,0,0.00466345
15,434.818,11.4307,6,2,0.0498047,0,0.00454205
16,434.639,12.4508,6,2,0.0556641,0,0.0045485
17,435.127,13.1323,6,2,0.0546875,0,0.00473884
18,435.117,13.2604,6,2,0.0537109,0,0.00471248
19,112.44,12.873,6,1,0.0537109,0,0.00490052
20,435.149,16.3445,6,2,0.0654297,0,0.00505433
21,435.117,17.4055,6,2,0.0615234,0,0.00512702
22,434.954,20.5034,6,2,0.0771484,0,0.00574596
23,434.954,27.673,8,2,0.078125,0,0.00670922
24,976.512,39.046,8,3,0.0888672,0,0.00816497
25,1012.18,48.1908,10,3,0.100586,0,0.00940105
26,1009.59,57.5824,15,3,0.102539,0,0.0107548
27,435.117,63.545,101,2,0.0751953,0,0.0122476
28,1002.23,73.3359,101,3,0.130859,0,0.0129307
29,435.151,71.1206,101,2,0.0898438,0,0.01315
30,435.151,73.875,101,2,0.0839844,0,0.0133813
31,435.127,77.2547,101,2,0.0878906,0,0.0138793
32,992.422,80.3344,101,3,0.104492,0,0.0141559
33,999.194,79.2802,101,3,0.115234,0,0.014029
34,434.902,73.3794,101,2,0.0849609,0,0.0137027
35,954.703,78.3345,101,3,0.0986328,0,0.0140081
36,435.117,76.3043,101,2,0.0957031,0,0.0137557
37,1007.46,81.1342,101,3,0.103516,0,0.0142324
38,435.149,79.689,101,2,0.106445,0,0.0139172
39,435.149,76.1674,101,2,0.0859375,0,0.0141617
40,435.127,77.61,101,2,0.0898438,0,0.0144463
41,1005.85,77.6846,101,3,0.0908203,0,0.0149212
42,992.422,78.2548,101,3,0.0986328,0,0.0149748
43,435.149,78.7554,101,2,0.109375,0,0.0144314
44,1006.68,84.3289,101,3,0.114258,0,0.0142969
45,435.151,79.5663,101,2,0.102539,0,0.0143213
46,946.193,83.0699,101,3,0.0888672,0,0.0152305
47,898.85,82.7169,101,3,0.100586,0,0.014523
48,434.818,80.008,101,2,0.0869141,0,0.0145712
49,435.127,81.727,101,2,0.09375,0,0.0144421
50,435.117,80.9739,101,2,0.101562,0,0.0146229
51,435.151,83.0805,101,2,0.114258,0,0.0143617
52,435,79.7751,101,2,0.0859375,0,0.0144234
53,435.076,81.7356,101,2,0.0957031,0,0.014325
54,1001.24,82.1829,101,3,0.0986328,0,0.0146369
55,1007.46,79.0038,101,3,0.0742188,0,0.0141556
56,995.918,81.9734,101,3,0.0908203,0,0.0149682
57,435.127,82.2504,101,2,0.103516,0,0.0145162
58,435.053,80.5929,101,2,0.09375,0,0.014827
59,435.151,80.3817,101,2,0.113281,0,0.0142194
60,435.076,81.834,101,2,0.0830078,0,0.0152318
61,435.117,80.456,101,2,0.0927734,0,0.0150905
62,435.149,82.6574,101,2,0.0869141,0,0.0149202
63,994.777,84.5126,101,3,0.107422,0,0.0151421
64,1004.99,86.8624,101,3,0.110352,0,0.0153983
65,1005.85,80.9338,101,3,0.111328,0,0.0144749
66,1003.18,84.3469,101,3,0.0751953,0,0.015645
67,1010.21,83.7868,101,3,0.0898438,0,0.0150447
68,988.72,82.7364,101,3,0.109375,0,0.0143447
69,999.194,84.1683,101,3,0.0996094,0,0.0147595
70,1839.49,86.7492,101,4,0.120117,0,0.0145823
71,987.443,81.6968,101,3,0.0927734,0,0.0151523
72,998.128,84.9541,101,3,0.0966797,0,0.0147687
73,1010.79,83.9352,101,3,0.0830078,0,0.0151403
74,1005.85,86.0077,101,3,0.0927734,0,0.0154316
75,435.127,86.4864,101,2,0.107422,0,0.0153776
76,1009.59,85.8966,101,3,0.0927734,0,0.0153164
77,789.982,87.8406,101,3,0.0966797,0,0.0151627
78,982.131,84.2582,101,3,0.0917969,0,0.0151874
79,435.151,84.4654,101,2,0.0966797,0,0.015214
80,435.151,87.3972,101,2,0.101562,0,0.0154453
81,1011.78,84.247,101,3,0.101562,0,0.0152767
82,962.849,87.3163,101,3,0.109375,0,0.0152086
83,435.076,86.3598,101,2,0.0908203,0,0.0155138
84,435.151,86.6384,101,2,0.0859375,0,0.0156688
85,1008.21,88.9478,101,3,0.106445,0,0.0152012
86,826.202,87.8318,101,3,0.105469,0,0.0158039
87,1800.39,96.0378,101,4,0.125977,0,0.0157196
88,984.827,87.7138,101,3,0.100586,0,0.0149844
89,983.489,86.7812,101,3,0.109375,0,0.0154467
90,994.777,87.2883,101,3,0.106445,0,0.0150896
91,964.432,87.5094,101,3,0.0986328,0,0.0154647
92,849.293,84.559,101,3,0.101562,0,0.0149314
93,986.145,87.9134,101,3,0.114258,0,0.0152735
94,835.544,88.3206,101,3,0.0908203,0,0.015691
95,435.151,86.342,101,2,0.0908203,0,0.0159558
96,435.127,86.607,101,2,0.114258,0,0.0152893
97,435.149,87.8082,101,2,0.0976562,0,0.015287
98,435.151,85.2013,101,2,0.111328,0,0.015142
99,435.076,87.1692,101,2,0.0976562,0,0.0156656
100,1821.75,89.0873,101,4,0.106445,0,0.0150688
101,435.053,87.6835,101,2,0.0976562,0,0.0155889
102,976.512,89.1365,101,3,0.110352,0,0.0156698
103,1004.99,88.8883,101,3,0.0947266,0,0.015533
104,435.149,87.6971,101,2,0.123047,0,0.0151263
105,1008.21,87.776,101,3,0.0976562,0,0.0157107
106,1832.91,89.6348,101,4,0.124023,0,0.0154964
107,1004.1,93.6255,101,3,0.109375,0,0.0155771
108,819.107,92.3762,101,3,0.113281,0,0.015738
109,988.72,88.0634,101,3,0.0966797,0,0.0152689
110,1008.92,91.0441,101,3,0.108398,0,0.0157112
111,980.754,93.8178,101,3,0.116211,0,0.0157997
112,980.754,91.9572,101,3,0.107422,0,0.0155896
113,1006.68,88.1832,101,3,0.103516,0,0.015259
114,1001.24,91.5679,101,3,0.09375,0,0.015942
115,1011.31,92.4502,101,3,0.111328,0,0.0161288
116,435.149,90.9912,101,2,0.102539,0,0.0158431
117,1002.23,92.8034,101,3,0.113281,0,0.0159147
118,924.408,90.86,101,3,0.118164,0,0.0161331
119,434.902,90.4213,101,2,0.105469,0,0.0161322
120,994.777,93.7542,101,3,0.111328,0,0.016227
121,1008.92,96.1395,101,3,0.113281,0,0.0162616
122,435.151,94.9214,101,2,0.114258,0,0.0163979
123,998.128,95.8837,101,3,0.120117,0,0.0162166
124,1705.93,100.371,101,4,0.138672,0,0.0162161
125,1004.99,96.9945,101,3,0.141602,0,0.0156449
126,1831.15,97.1319,101,4,0.129883,0,0.0159448
127,1834.62,94.2378,101,4,0.120117,0,0.0159786
128,1001.24,92.896,101,3,0.116211,0,0.0158588
129,1008.21,96.9343,101,3,0.137695,0,0.0158654
130,1005.85,97.9707,101,3,0.154297,0,0.0160571
131,1827.51,97.4091,101,4,0.131836,0,0.0157954
132,1815.68,98.8768,101,4,0.121094,0,0.0163215
133,1008.92,99.3478,101,3,0.144531,0,0.0156604
134,840.162,96.0469,101,3,0.138672,0,0.0160889
135,1004.1,99.3129,101,3,0.15332,0,0.0161805
136,997.036,94.3625,101,3,0.131836,0,0.0157992
137,1527.11,96.9093,101,4,0.148438,0,0.0157635
138,1001.24,97.8658,101,3,0.149414,0,0.0157056
139,954.703,93.6475,101,3,0.138672,0,0.0153037
140,1004.1,96.6718,101,3,0.145508,0,0.0157471
141,1788.61,99.3963,101,4,0.143555,0,0.0158864
142,5914.47,97.2891,101,7,0.140625,0,0.0155856
143,435.151,96.0687,101,2,0.148438,0,0.0160055
144,1008.92,97.684,101,3,0.170898,0,0.0157197
145,1819.76,100.148,101,4,0.170898,0,0.0153628
146,1441.16,98.4737,101,4,0.168945,0,0.0154806
147,1763.17,99.9151,101,4,0.162109,0,0.0155612
148,1004.99,94.6279,101,3,0.132812,0,0.0159089
149,997.036,97.1178,101,3,0.192383,0,0.0148497
150,1677.82,103.736,101,4,0.202148,0,0.0154495
151,999.194,93.9974,101,3,0.166992,0,0.0152861
152,1771.04,102.209,101,4,0.21875,0,0.0151748
153,995.918,98.8873,101,3,0.201172,0,0.015392
154,5631.18,105.803,101,7,0.203125,0,0.015054
155,1823.71,101.447,101,4,0.181641,0,0.0152412
156,1457.18,97.1678,101,4,0.19043,0,0.0148022
157,1815.68,107.308,101,4,0.21582,0,0.0158661
158,1006.68,107.219,101,3,0.22168,0,0.0149864
159,999.194,97.2037,101,3,0.205078,0,0.0152046
160,1781.23,102.505,101,4,0.216797,0,0.0145816
161,1837.92,99.6249,101,4,0.208008,0,0.0149552
162,4028.62,109.106,101,6,0.233398,0,0.0152982
163,1832.91,98.7369,101,4,0.208008,0,0.0148474
164,1798.09,107.904,101,4,0.235352,0,0.0151652
165,3755.56,112.78,101,6,0.261719,0,0.0152058
166,4096.95,113.304,101,6,0.272461,0,0.01466
167,3809.33,121.538,101,6,0.31543,0,0.0146321
168,4068.96,112.397,101,6,0.282227,0,0.0142199
169,7701.31,114.63,101,9,0.292969,0,0.0141735
170,2682.21,108.186,101,5,0.292969,0,0.0138497
171,4068.96,123.648,101,6,0.331055,0,0.0152355
172,4145.5,116.226,101,6,0.336914,0,0.014045
173,12293.2,130.242,101,10,0.364258,0,0.0136232
174,1831.15,127.803,101,4,0.40332,0,0.0133486
175,2906.93,141.562,101,5,0.459961,0,0.0130246
176,7521.98,151.568,101,8,0.474609,0,0.0130808
177,9334.3,164.922,101,9,0.523438,0,0.0127785
178,12747,190.125,101,10,0.585938,0,0.0127256
179,7610.9,193.113,101,8,0.65332,0,0.0122985
180,12252.2,218.966,101,10,0.692383,0,0.0120214
181,10036.5,232.195,101,9,0.708984,0,0.0116534
182,39413.4,262.596,101,14,0.772461,0,0.0114305
183,9741.36,293.711,101,9,0.890625,0,0.0112678
184,16660.2,320.083,105,11,0.94043,1,0.010982
185,57360.3,422.771,105.663,15,1.01172,1,0.0109277
186,19706.2,358.933,107.538,12,1.02539,1,0.0114921
187,164915,728.743,108.13,17,1.12988,1,0.011027
188,94495.4,698.77,110.371,16,1.28809,1,0.0120437
189,1.09633e+06,1901.45,114.366,20,1.50195,1,0.0122877
190,1.09159e+06,3411.29,125.024,20,2.05273,1,0.0152159
191,1.68423e+07,29671,138.03,24,2.44922,1,0.0160454
192,3.36256e+07,46832.9,423.737,25,3.20996,2,0.0196707
193,8.45146e+06,18341.7,433.384,23,3.46875,2,0.0196631
194,1.68404e+07,46287,717.746,24,3.71387,3,0.0207774
195,6.71785e+07,76460.9,916.75,26,3.93262,3,0.0207032
196,3.36275e+07,93299.9,956.362,25,4.55957,3,0.0229707
197,6.71821e+07,140461,799.819,26,4.46387,3,0.0227924
198,1.343e+08,184908,774.992,27,4.18848,3,0.0229259
199,6.71802e+07,249551,970.606,26,4.66211,3,0.0232315
200,6.71855e+07,223710,962.849,26,4.6875,3,0.0229878
201,6.71835e+07,192478,1004.1,26,4.94922,3,0.0228001
202,1.68395e+07,61895.8,958.006,24,4.49707,3,0.0219648
203,6.71906e+07,196673,880.081,26,4.41309,3,0.0238414
204,1.68441e+07,64813.7,785.016,24,4.47852,3,0.0233251
205,2.68524e+08,380871,902.905,28,4.46191,3,0.0223031
206,8.4427e+06,25706.4,912.851,23,4.13379,3,0.0209829
207,3.36221e+07,108373,914.806,25,4.12305,3,0.0217087
208,3.36251e+07,85765.3,953.029,25,4.43457,3,0.0219653
209,1.34302e+08,386308,976.512,27,4.92285,3,0.0232566
210,1.68475e+07,85801.2,977.944,24,4.86328,3,0.0236088
211,3.36281e+07,162779,1008.92,25,5.21094,3,0.0244142
212,1.34301e+08,249662,1350.13,27,5.15625,4,0.0236828
213,6.71858e+07,279231,1668.15,26,5.74512,4,0.0238934
214,1.34304e+08,325966,1441.16,27,5.25195,4,0.0233285
215,3.36258e+07,234894,1333.08,25,5.5127,4,0.0241912
216,1.34299e+08,292652,1383.79,27,5.26465,4,0.023313
217,6.71829e+07,277816,1350.13,26,5.49512,4,0.0225257
218,6.71886e+07,511462,1726.84,26,5.76074,4,0.0235602
219,1.34303e+08,999464,1690.48,27,5.94336,4,0.0238097
220,2.68524e+08,1.1149e+06,1453.19,28,5.55078,4,0.0232615
221,2.68528e+08,688153,1488.71,28,5.47168,4,0.022382
222,2.68524e+08,1.17348e+06,1705.93,28,5.75977,4,0.0249569
223,4.29508e+09,4.57829e+06,1765.81,32,5.92676,4,0.0229397
224,1.34298e+08,1.19038e+06,1726.84,27,6.33496,4,0.0267981
225,2.68523e+08,1.27515e+06,1461.16,28,6.03027,4,0.0236943
226,5.36968e+08,3.29604e+06,1990.12,29,6.86328,5,0.0264291
227,4.29509e+09,6.3098e+06,1651.74,32,6.40137,4,0.0267329
228,1.07384e+09,2.80346e+06,1668.15,30,6.36914,4,0.0259038
229,5.36962e+08,3.33027e+06,1708.97,29,6.66699,4,0.0267779
230,1.07385e+09,2.89578e+06,1465.13,30,6.54395,4,0.0273149
231,2.14759e+09,4.55171e+06,1693.6,31,6.39648,4,0.0255738
232,5.36953e+08,2.44886e+06,1400.38,29,6.07129,4,0.0265487
233,5.36968e+08,2.14664e+06,1542.14,29,6.43555,4,0.0263436
234,2.68523e+08,1.22684e+06,1488.71,28,6.07031,4,0.025729
235,2.68526e+08,2.12231e+06,1638.33,28,6.35156,4,0.0257206
236,5.36967e+08,2.67326e+06,1788.61,29,6.92285,4,0.0273666
237,5.36967e+08,2.57592e+06,1741.21,29,6.78613,4,0.0268859
238,5.36961e+08,2.41418e+06,1729.75,29,6.85156,4,0.0275522
239,2.68524e+08,1.37242e+06,1778.72,28,6.99414,4,0.0286567
240,2.14759e+09,5.74283e+06,1802.66,31,7.06934,4,0.030339
241,2.1476e+09,7.86967e+06,2423.49,31,7.38672,5,0.0297646
242,5.36963e+08,2.9275e+06,1945.37,29,7.15234,5,0.0301321
243,2.14758e+09,4.474e+06,2540.31,31,7.4834,5,0.0307775
244,1.07384e+09,5.11653e+06,2766.4,30,7.79199,5,0.0306493
245,5.36961e+08,2.1534e+06,1795.76,29,6.99902,4,0.0289836
246,5.36966e+08,3.50356e+06,2059.41,29,7.09863,5,0.0293408
247,1.34302e+08,1.47126e+06,3324.44,27,7.93457,6,0.0314307
248,5.36969e+08,2.6089e+06,3277.55,29,7.96875,6,0.0317201
249,5.3696e+08,1.89472e+06,2639.78,29,7.02148,5,0.0303051
250,2.14758e+09,4.66031e+06,2897.56,31,7.79199,5,0.0313031
251,1.07384e+09,5.14095e+06,2407.01,30,7.33496,5,0.0300589
252,4.29509e+09,7.99755e+06,2634.97,32,7.59766,5,0.0310892
253,5.36958e+08,3.3589e+06,2727.49,29,7.64355,5,0.0310538
254,5.36956e+08,3.60028e+06,2766.4,29,7.65332,5,0.0321697
255,2.68526e+08,3.26296e+06,2745.01,28,7.80176,5,0.0306444
256,1.07384e+09,5.07114e+06,2774.8,30,7.73535,5,0.0313934
257,1.07384e+09,4.67118e+06,2838.35,30,7.8125,5,0.0339842
258,2.68526e+08,3.15068e+06,2811.38,28,7.73828,5,0.0312097
259,2.14759e+09,9.17872e+06,2770.61,31,7.99219,5,0.0325685
260,1.07385e+09,6.45327e+06,3514.05,30,7.91602,6,0.0316221
261,2.14759e+09,1.02408e+07,2565.81,31,7.53711,5,0.0318543
262,8.59005e+09,1.51167e+07,2373.67,33,7.38281,5,0.0309499
263,2.14759e+09,1.38027e+07,4255.78,31,8.96875,7,0.0348897
264,2.14759e+09,1.80273e+07,3919.27,31,8.7334,6,0.0351125
265,8.59005e+09,2.02318e+07,4196.4,33,8.81934,6,0.0349677
266,2.14759e+09,1.62139e+07,6514.34,31,9.61426,8,0.0350269
267,8.59006e+09,2.59719e+07,5340.83,33,9.14648,7,0.0379975
268,4.29509e+09,2.22902e+07,4191.47,32,9.20117,6,0.0360084
269,4.29507e+09,2.63821e+07,5861.24,32,9.85742,7,0.0363993
270,2.1476e+09,2.87674e+07,5517.84,31,9.66309,7,0.0356711
271,8.59005e+09,2.70568e+07,5695.98,33,9.9707,7,0.0379692
272,8.59005e+09,5.34278e+07,6762.57,33,10.209,8,0.0353654
273,4.29509e+09,3.45049e+07,6351.29,32,10.127,8,0.0362332
274,4.29508e+09,3.27477e+07,7265.96,32,10.2793,8,0.0360638
275,8.59006e+09,5.60548e+07,9008.92,33,10.8721,9,0.0375588
276,4.29508e+09,3.42955e+07,8266.41,32,10.3047,9,0.0377243
277,4.29508e+09,3.15896e+07,7745.53,32,10.3965,8,0.0366639
278,4.29508e+09,3.28543e+07,8612.39,32,10.7109,9,0.0379266
279,4.29507e+09,3.06289e+07,7125.03,32,10.3857,8,0.0369317
280,3.43599e+10,7.46007e+07,7073.47,35,10.3076,8,0.0373705
281,4.29507e+09,4.16695e+07,7602.16,32,10.3047,8,0.0374614
282,8.59006e+09,7.87188e+07,9536.79,33,10.9873,9,0.0386642
283,4.29508e+09,4.71329e+07,7363.33,32,10.6621,8,0.0370621
284,2.1476e+09,3.95889e+07,9285.43,31,10.8643,9,0.0407228
285,4.29508e+09,4.58402e+07,9583.16,32,10.998,9,0.0396432
286,8.59005e+09,4.16054e+07,7382.45,33,10.4795,8,0.037708
287,1.718e+10,6.68709e+07,8489.39,34,11.0488,9,0.0408426
288,3.43599e+10,9.30663e+07,9406.74,35,11.1562,9,0.0413418
289,8.59005e+09,6.36625e+07,7410.92,33,10.7803,8,0.0396275
290,8.59006e+09,6.79621e+07,11513.2,33,11.5605,10,0.042089
291,3.43599e+10,8.08312e+07,9976.93,35,11.2471,10,0.0389557
292,4.29509e+09,5.248e+07,8612.39,32,10.918,9,0.039951
293,8.59005e+09,3.30296e+07,10235.2,33,11.4307,10,0.0422948
294,1.718e+10,6.53056e+07,9752.4,34,11.3574,9,0.0417892
295,8.59005e+09,6.24735e+07,14824.4,33,12.2383,11,0.0448059
296,8.59005e+09,7.48117e+07,11235.1,33,11.5557,10,0.0409754
297,8.59005e+09,6.93792e+07,11679,33,11.8818,10,0.0426164
298,8.59006e+09,5.32952e+07,12028.8,33,11.8408,10,0.0423065
299,1.718e+10,1.08391e+08,11219.4,34,11.7793,10,0.0419453
300,8.59006e+09,6.039e+07,9489.92,33,11.377,9,0.0408091
301,1.718e+10,8.9252e+07,12558.2,34,12.2695,10,0.0427688
302,1.718e+10,1.05122e+08,11885.1,34,11.7666,10,0.0436556
303,1.718e+10,1.01009e+08,12211,34,11.7266,10,0.0424404
304,3.43599e+10,1.40017e+08,11452.2,35,11.7373,10,0.04262
305,1.718e+10,1.0077e+08,9741.36,34,11.6475,9,0.0412165
306,3.43599e+10,1.82252e+08,11328.7,35,11.9893,10,0.0424204
307,3.43599e+10,1.16597e+08,9442.57,35,11.5293,9,0.041021
308,1.718e+10,1.42859e+08,11513.2,34,11.9023,10,0.0448068
309,3.43599e+10,2.11666e+08,12347.3,35,12.0869,10,0.0453038
310,3.43599e+10,2.33818e+08,16037.9,35,12.8516,11,0.0464236
311,3.43599e+10,1.80364e+08,20165,35,13.3896,12,0.0485542
312,3.43599e+10,2.24409e+08,19938,35,13.3564,12,0.0489386
313,3.43599e+10,2.30012e+08,18460.7,35,13.2158,12,0.0488344
314,6.87196e+10,3.05625e+08,20033.2,36,13.415,12,0.0479879
315,1.718e+10,2.13182e+08,19608.3,34,13.248,12,0.0487166
316,8.59006e+09,1.73536e+08,15900.4,33,12.9121,11,0.0475037
317,1.718e+10,2.2242e+08,12902.9,34,12.5664,10,0.0450799
318,1.718e+10,2.16752e+08,15696.5,34,12.9531,11,0.0478611
319,1.37439e+11,3.22152e+08,12127.6,37,12.0977,10,0.0440831
320,6.87196e+10,3.08267e+08,14539.8,36,12.9883,11,0.0463282
321,1.37439e+11,4.32775e+08,15015.8,37,12.8486,11,0.0471234
322,6.87196e+10,4.37154e+08,20405.2,36,13.9365,12,0.0520877
323,6.87196e+10,4.46553e+08,15822.7,36,12.998,11,0.0500072
324,3.43599e+10,3.56921e+08,17455.6,35,13.1338,12,0.0483573
325,6.87196e+10,4.55678e+08,12014.6,36,12.7666,10,0.04943
326,6.87196e+10,3.40295e+08,16888.1,36,13.2627,12,0.0494087
327,1.37439e+11,6.17027e+08,17920.9,37,13.4873,12,0.0509181
328,3.43599e+10,3.69347e+08,19706.2,35,13.748,12,0.051833
329,6.87196e+10,3.74501e+08,15900.4,36,13.373,11,0.0517625
330,1.37439e+11,6.02444e+08,20727.4,37,13.8096,12,0.0509937
331,3.43599e+10,4.72549e+08,19390.1,35,13.5498,12,0.0514571
332,1.37439e+11,7.18364e+08,14062.9,37,13.2666,11,0.0522461
333,6.87196e+10,5.30784e+08,14859.4,36,13.3027,11,0.0501736
334,6.87196e+10,5.84502e+08,19469.9,36,13.8184,12,0.0522019
335,3.43599e+10,4.85751e+08,11140.6,35,12.7881,10,0.0492152
336,3.43599e+10,3.8786e+08,12000.3,35,12.7461,10,0.0487001
337,1.37439e+11,5.94933e+08,19899.7,37,13.5928,12,0.0530894
338,6.87196e+10,8.12138e+08,19370.1,36,13.9238,12,0.0528662
339,3.43599e+10,5.64772e+08,17410.7,35,13.7139,12,0.0524669
340,3.43598e+10,5.68818e+08,18117.1,35,14.1357,12,0.0540674
341,1.37439e+11,7.4743e+08,17522.7,37,13.9355,12,0.0548894
342,6.87196e+10,7.88064e+08,19509.6,36,14.3369,12,0.0550678
343,6.87196e+10,8.67983e+08,18073.7,36,14.3008,12,0.0553155
344,3.43599e+10,7.58836e+08,18587.9,35,14.0811,12,0.0533227
345,1.37439e+11,7.9145e+08,15927.8,37,13.7715,12,0.0526187
346,3.43599e+10,6.58302e+08,26189.5,35,14.5273,13,0.054748
347,1.37439e+11,9.13889e+08,21185.7,37,14.1602,12,0.0545092
348,6.87196e+10,8.55608e+08,19329.9,36,14.4336,12,0.0565277
349,2.74878e+11,1.2393e+09,26414,38,14.8828,13,0.061108
350,3.43599e+10,9.8624e+08,20441.6,35,14.4014,12,0.057053
351,6.87196e+10,7.84826e+08,20350.3,36,14.0889,12,0.056363
352,6.87196e+10,7.32554e+08,20014.2,36,14.042,12,0.0543746
353,1.37439e+11,1.23691e+09,27607.3,37,14.8594,13,0.0574193
354,6.87196e+10,7.57837e+08,26896.2,36,14.6748,13,0.0563945
355,6.87196e+10,8.70712e+08,20985.9,36,14.4756,12,0.0578414
356,1.37439e+11,1.13642e+09,20146.3,37,14.3975,12,0.0578896
357,1.37439e+11,1.08443e+09,36662.3,37,15.1738,14,0.057622
358,6.87196e+10,9.74428e+08,35973.3,36,15.1787,14,0.0591247
359,2.74878e+11,1.3777e+09,26324.5,38,14.9707,13,0.0575755
360,6.87196e+10,8.91693e+08,27485,36,14.8486,13,0.0597373
361,1.37439e+11,1.17797e+09,37024.7,37,15.0547,14,0.058415
362,6.87196e+10,1.04114e+09,37330.4,36,15.1748,14,0.0590865
363,2.74878e+11,1.51302e+09,25731.1,38,14.9844,13,0.0597014
364,6.87196e+10,1.21918e+09,27627.6,36,14.8613,13,0.056588
365,2.74878e+11,1.42617e+09,35566.8,38,14.9805,14,0.059431
366,6.87196e+10,1.03028e+09,56888.7,36,15.71,15,0.0593032
367,1.37439e+11,1.20122e+09,35648.6,37,14.8906,14,0.0606191
368,5.49756e+11,1.67316e+09,26809.7,39,14.7148,13,0.0579615
369,3.43599e+10,1.1892e+09,37681,35,15.5322,14,0.0610705
370,1.37439e+11,9.52364e+08,38829.6,37,15.3789,14,0.061414
371,1.37439e+11,1.0823e+09,26853,37,14.6768,13,0.0618058
372,3.43599e+10,9.83444e+08,18545.6,35,14.3477,12,0.0548715
373,6.87196e+10,1.00762e+09,24287,36,14.5615,13,0.0566329
374,6.87196e+10,1.06931e+09,27748.2,36,15.0508,13,0.0588195
375,6.87196e+10,1.17028e+09,38760.4,36,15.6582,14,0.0623267
376,6.87196e+10,1.1207e+09,35621.4,36,15.0908,14,0.0626971
377,5.49756e+11,1.45513e+09,34537.9,39,14.9297,14,0.0590356
378,1.37439e+11,1.18562e+09,88695.1,37,15.9941,16,0.0628549
379,2.74878e+11,1.78019e+09,93515.2,38,16.3008,16,0.0625
380,3.43599e+10,1.00286e+09,93240.6,35,15.9238,16,0.0638818
381,3.43599e+10,8.86515e+08,56944.7,35,15.5771,15,0.0612593
382,3.43599e+10,1.0588e+09,36870.1,35,15.2061,14,0.0598291
383,1.37439e+11,1.16696e+09,58140.2,37,15.6533,15,0.0631668
384,6.87196e+10,1.35266e+09,58140.2,36,15.749,15,0.0620997
385,1.37439e+11,1.23786e+09,91500.8,37,16.0605,16,0.0615522
386,6.87196e+10,1.22838e+09,91985.4,36,15.9678,16,0.063241
387,6.87196e+10,9.84964e+08,91042,36,15.9854,16,0.0638956
388,6.87196e+10,1.10719e+09,156026,36,16.5107,17,0.0629473
389,3.43599e+10,1.07456e+09,94611.2,35,16.3486,16,0.0640174
390,6.87196e+10,1.2192e+09,93363,36,16.4326,16,0.063435
391,1.37439e+11,1.18071e+09,88869.7,37,16.0205,16,0.063078
392,1.37439e+11,1.23957e+09,92272.6,37,16.2285,16,0.0643205
393,6.87196e+10,1.44519e+09,162652,36,16.9219,17,0.0668062
394,6.87196e+10,1.03296e+09,160692,36,16.8096,17,0.0651218
395,6.87196e+10,1.61453e+09,298998,36,17.7402,18,0.06873
396,6.87196e+10,1.27601e+09,291384,36,17.0088,18,0.0677426
397,6.87196e+10,1.46265e+09,1.09679e+06,36,18.0576,20,0.0697467
398,6.87196e+10,1.6824e+09,562382,36,17.5693,19,0.0723527
399,2.74878e+11,1.59773e+09,559474,38,17.6816,19,0.067832
400,5.49756e+11,1.77418e+09,1.08877e+06,39,17.8047,20,0.0676517
401,6.87196e+10,1.74525e+09,1.09354e+06,36,17.9287,20,0.0723202
402,1.09951e+12,2.37069e+09,1.08519e+06,40,17.9883,20,0.0685934
403,1.37439e+11,1.87188e+09,561431,37,17.6318,19,0.0676583
404,1.37439e+11,1.80045e+09,564956,37,17.5,19,0.0676201
405,1.37439e+11,1.5579e+09,1.08421e+06,37,17.6689,20,0.0679868
406,5.49756e+11,2.40558e+09,561431,39,17.6914,19,0.0694083
407,1.37439e+11,2.40226e+09,1.09102e+06,37,18.3008,20,0.070536
408,1.37439e+11,1.92063e+09,559257,37,17.959,19,0.0716731
409,6.87196e+10,1.95161e+09,4.24323e+06,36,19.0596,22,0.0746545
410,1.37439e+11,2.19783e+09,1.08964e+06,37,18.1094,20,0.0740128
411,6.87196e+10,2.01295e+09,1.08946e+06,36,17.9844,20,0.0721386
412,6.87196e+10,2.24106e+09,4.23929e+06,36,18.666,22,0.0742905
413,1.37439e+11,3.06594e+09,8.44771e+06,37,19.3721,23,0.0762286
414,1.37439e+11,2.58756e+09,1.6829e+07,37,19.6523,24,0.076365
415,1.37439e+11,3.13214e+09,8.4463e+06,37,19.3379,23,0.0770206
416,5.49756e+11,3.20425e+09,8.44452e+06,39,19.1035,23,0.0732435
417,2.19902e+12,4.92744e+09,1.6833e+07,41,19.5547,24,0.0755391
418,5.49756e+11,4.14582e+09,1.68339e+07,39,19.7686,24,0.0772009
419,2.74878e+11,3.62134e+09,1.6838e+07,38,19.7578,24,0.0774865
420,1.37439e+11,3.15799e+09,1.68365e+07,37,19.8027,24,0.0790665
421,1.37439e+11,3.15467e+09,1.68392e+07,37,19.8086,24,0.0783912
422,2.74878e+11,3.67711e+09,3.36132e+07,38,19.8467,25,0.0813056
423,2.74878e+11,4.18144e+09,6.7176e+07,38,20.6807,26,0.0817349
424,1.37439e+11,4.14393e+09,6.71771e+07,37,20.8486,26,0.0805905
425,1.09951e+12,5.40136e+09,6.71825e+07,40,21.0918,26,0.0825667
426,4.39805e+12,8.28522e+09,6.71737e+07,42,20.6836,26,0.0807786
427,1.37439e+11,3.96855e+09,6.71801e+07,37,20.8896,26,0.0831359
428,5.49756e+11,5.86176e+09,6.71785e+07,39,20.8096,26,0.0812722
429,2.19902e+12,5.91378e+09,3.36147e+07,41,19.7852,25,0.0778165
430,2.74878e+11,4.22459e+09,1.68393e+07,38,20.0967,24,0.077832
431,1.09951e+12,5.79916e+09,3.36156e+07,40,20.332,25,0.0793089
432,2.74878e+11,3.92113e+09,3.3619e+07,38,20.2939,25,0.0812323
433,1.37439e+11,5.13493e+09,3.36218e+07,37,20.4521,25,0.0800822
434,2.74878e+11,3.52934e+09,3.36162e+07,38,19.9648,25,0.0767296
435,1.37439e+11,3.35714e+09,1.68357e+07,37,19.833,24,0.0794071
436,5.49756e+11,4.09492e+09,3.36216e+07,39,20.3887,25,0.0787881
437,2.74878e+11,4.19664e+09,6.71727e+07,38,20.7256,26,0.0816349
438,5.49756e+11,4.76987e+09,6.71734e+07,39,20.8398,26,0.0815898
439,1.09951e+12,5.1084e+09,6.71734e+07,40,20.7939,26,0.0809247
440,2.74878e+11,4.45931e+09,6.71797e+07,38,21.0625,26,0.0832229
441,2.74878e+11,3.92904e+09,1.68417e+07,38,20.2314,24,0.0809049
442,5.49756e+11,4.40593e+09,3.36164e+07,39,20.0977,25,0.078164
443,1.37439e+11,3.97327e+09,6.71734e+07,37,20.957,26,0.0810817
444,2.74878e+11,3.96984e+09,6.71705e+07,38,20.541,26,0.0806169
445,1.37439e+11,4.07272e+09,3.36225e+07,37,20.3926,25,0.0791282
446,1.37439e+11,3.74202e+09,3.36112e+07,37,20.0186,25,0.0776666
447,1.37439e+11,3.82711e+09,3.36246e+07,37,20.5957,25,0.0808619
448,2.74878e+11,4.14303e+09,3.36175e+07,38,20.374,25,0.0815446
449,2.74878e+11,4.30719e+09,6.71699e+07,38,20.5566,26,0.0820302
450,2.74878e+11,3.32861e+09,6.71676e+07,38,20.2725,26,0.078711
451,2.74878e+11,4.33629e+09,1.34286e+08,38,20.9658,27,0.0814636
452,1.37439e+11,3.84431e+09,3.36145e+07,37,19.9961,25,0.0772377
453,2.74878e+11,3.8328e+09,6.71687e+07,38,20.8477,26,0.0800862
454,2.74878e+11,3.97981e+09,6.71727e+07,38,20.7148,26,0.0809154
455,1.37439e+11,3.57398e+09,3.36253e+07,37,20.3623,25,0.079645
456,2.74878e+11,4.16206e+09,3.36176e+07,38,20.0791,25,0.0768228
457,1.37439e+11,4.00927e+09,3.36108e+07,37,20.2412,25,0.0816706
458,2.74878e+11,3.49991e+09,6.71722e+07,38,19.9404,26,0.077802
459,1.37439e+11,3.23967e+09,3.36127e+07,37,20.0273,25,0.0774348
460,1.37439e+11,3.14054e+09,3.36137e+07,37,19.8887,25,0.0794639
461,2.74878e+11,4.11135e+09,1.68413e+07,38,20.1016,24,0.0779607
462,2.74878e+11,3.93991e+09,6.71784e+07,38,20.7021,26,0.0823022
463,2.74878e+11,3.57479e+09,6.71736e+07,38,20.125,26,0.0781138
464,1.37439e+11,3.34519e+09,6.71724e+07,37,20.4805,26,0.0796396
465,1.37439e+11,3.22769e+09,6.71715e+07,37,20.3486,26,0.082745
466,2.74878e+11,4.67418e+09,6.71733e+07,38,20.3096,26,0.0790371
467,2.74878e+11,3.7098e+09,3.36231e+07,38,20.1709,25,0.0787582
468,1.37439e+11,4.52879e+09,6.7173e+07,37,20.7705,26,0.0826326
469,2.74878e+11,3.38253e+09,6.71736e+07,38,20.5459,26,0.0794486
470,1.37439e+11,3.30634e+09,3.36231e+07,37,20.1514,25,0.0792842
471,2.74878e+11,4.03533e+09,3.36212e+07,38,20.3379,25,0.0791336
472,1.09951e+12,5.27143e+09,3.36227e+07,40,19.9922,25,0.08171
473,2.19902e+12,6.83354e+09,6.71812e+07,41,21.1553,26,0.0820462
474,2.74878e+11,4.57831e+09,6.7176e+07,38,20.875,26,0.0821916
475,1.37439e+11,3.72418e+09,6.71807e+07,37,20.5195,26,0.0817114
476,1.09951e+12,5.21979e+09,3.36148e+07,40,20.1826,25,0.080093
477,5.49756e+11,5.20564e+09,6.7164e+07,39,20.2939,26,0.0804313
478,4.39805e+12,1.13947e+10,3.36213e+07,42,20.2324,25,0.0778234
479,1.09951e+12,7.46836e+09,6.71789e+07,40,20.7314,26,0.0794003
480,5.49756e+11,5.83445e+09,6.71706e+07,39,20.7021,26,0.0811399
481,1.09951e+12,5.03873e+09,3.36237e+07,40,20.5449,25,0.0802213
482,2.74878e+11,4.7389e+09,6.71729e+07,38,20.8271,26,0.0799774
483,1.09951e+12,5.01396e+09,3.36178e+07,40,20.1445,25,0.0802884
484,6.87196e+10,3.70527e+09,6.71729e+07,36,20.4814,26,0.0789149
485,5.49756e+11,5.36965e+09,6.71783e+07,39,20.7422,26,0.0825114
486,5.49756e+11,5.70507e+09,6.71716e+07,39,20.8545,26,0.0805267
487,2.74878e+11,3.72694e+09,6.71703e+07,38,20.2939,26,0.0801708
488,2.74878e+11,3.88983e+09,3.36191e+07,38,20,25,0.0797872
489,1.09951e+12,6.63937e+09,1.34281e+08,40,21.7598,27,0.0835414
490,2.74878e+11,3.86408e+09,6.71723e+07,38,20.7041,26,0.0804034
491,1.09951e+12,6.41815e+09,6.71781e+07,40,21.2158,26,0.0852303
492,2.74878e+11,4.53817e+09,6.71716e+07,38,20.7266,26,0.0806124
493,5.49756e+11,4.67459e+09,8.44792e+06,39,19.7002,23,0.0778081
494,2.74878e+11,5.46484e+09,6.717e+07,38,20.3564,26,0.0813338
495,1.09951e+12,6.05384e+09,3.36181e+07,40,20.7021,25,0.081628
496,2.74878e+11,3.32172e+09,3.36178e+07,38,20.0703,25,0.0779294
497,2.19902e+12,6.24395e+09,6.7172e+07,41,20.6348,26,0.0804802
498,5.49756e+11,5.32383e+09,1.34284e+08,39,21.6279,27,0.0853937
499,5.49756e+11,4.96307e+09,6.71763e+07,39,21.1514,26,0.0857945
500,2.74878e+11,4.44549e+09,1.34284e+08,38,21.6924,27,0.0860297
501,5.49756e+11,6.52464e+09,6.71856e+07,39,21.1436,26,0.082403
502,5.49756e+11,5.76836e+09,3.36187e+07,39,20.1787,25,0.0801264
503,4.39805e+12,9.39269e+09,6.71775e+07,42,21.1113,26,0.0839188
504,4.39805e+12,1.29432e+10,6.71756e+07,42,21.0117,26,0.083625
505,1.09951e+12,8.56732e+09,6.7172e+07,40,20.792,26,0.0827407
506,1.09951e+12,7.10914e+09,3.36207e+07,40,20.3086,25,0.0809971
507,5.49756e+11,5.27086e+09,6.71793e+07,39,20.9492,26,0.0820819
508,1.09951e+12,6.8145e+09,3.3623e+07,40,20.2236,25,0.0780811
509,1.09951e+12,6.91954e+09,1.68435e+07,40,19.4756,24,0.0779336
510,2.74878e+11,6.03169e+09,3.36135e+07,38,19.9473,25,0.0790644
511,2.19902e+12,7.42426e+09,3.36167e+07,41,20.2812,25,0.0795324
512,1.09951e+12,6.19734e+09,3.36141e+07,40,19.9717,25,0.0802783
513,2.19902e+12,9.99736e+09,6.71703e+07,41,20.5615,26,0.0802407
514,2.74878e+11,5.41614e+09,3.3616e+07,38,19.9795,25,0.0789317
515,1.09951e+12,4.95795e+09,8.4473e+06,40,19.541,23,0.0775402
516,2.74878e+11,5.76572e+09,3.362e+07,38,20.5576,25,0.0818609
517,4.39805e+12,1.02613e+10,3.36214e+07,42,20.5322,25,0.0811522
518,5.49756e+11,5.50939e+09,6.71799e+07,39,21.043,26,0.083919
519,5.49756e+11,6.95334e+09,3.36134e+07,39,19.8877,25,0.0784368
520,1.09951e+12,8.78914e+09,3.36135e+07,40,20.0508,25,0.0790845
521,2.74878e+11,5.24612e+09,3.36053e+07,38,19.6592,25,0.0762024
522,1.75922e+13,2.53401e+10,3.36183e+07,44,20.4795,25,0.0802415
523,8.79609e+12,1.82934e+10,6.71797e+07,43,20.6475,26,0.0807673
524,2.19902e+12,1.63319e+10,6.71756e+07,41,20.877,26,0.0819218
525,1.75922e+13,2.86826e+10,3.36178e+07,44,19.9951,25,0.0803721
526,1.75922e+13,5.84025e+10,1.3429e+08,44,21.1758,27,0.0813453
527,1.75922e+13,5.25366e+10,2.68516e+08,44,22.1289,28,0.0850946
528,8.79609e+12,4.69686e+10,2.68511e+08,43,22.0811,28,0.0830246
529,4.39805e+12,4.45319e+10,6.7183e+07,42,20.9961,26,0.0781509
530,8.79609e+12,5.0323e+10,2.68506e+08,43,22.084,28,0.085188
531,4.39805e+12,2.67607e+10,6.71793e+07,42,21.248,26,0.0859663
532,1.75922e+13,7.11563e+10,1.34288e+08,44,21.834,27,0.0840068
533,8.79609e+12,6.72533e+10,1.34284e+08,43,21.0635,27,0.0799703
534,1.75922e+13,6.53436e+10,1.68351e+07,44,20.2969,24,0.0785035
535,5.6295e+14,6.10146e+11,6.71715e+07,49,20.7109,26,0.0815723
536,1.40737e+14,2.50204e+11,292907,47,19.2998,18,0.0785747
537,4.39805e+12,3.98568e+10,161910,42,18.708,17,0.0777694
538,4.39805e+12,3.57255e+10,296203,42,19.3379,18,0.077656
539,3.51844e+13,1.37535e+11,3.36156e+07,45,21.5713,25,0.0844841
540,7.03687e+13,1.47812e+11,3.36185e+07,46,21.166,25,0.0853339
541,1.75922e+13,6.94988e+10,6.7166e+07,44,21.2568,26,0.0823682
542,7.03687e+13,1.32857e+11,6.71767e+07,46,21.5342,26,0.0834786
543,3.51844e+13,1.59096e+11,5.36942e+08,45,23.4922,29,0.0916303
544,3.51844e+13,1.46352e+11,2.68507e+08,45,23.127,28,0.0949326
545,7.03687e+13,1.89862e+11,2.68515e+08,46,23.5117,28,0.0924601
546,3.51844e+13,2.20551e+11,5.36955e+08,45,24.7129,29,0.0956025
547,1.40737e+14,5.49761e+11,5.36961e+08,47,24.4541,29,0.0949498
548,1.1259e+15,1.50166e+12,1.07383e+09,50,25.2627,30,0.0964508
549,5.6295e+14,8.83049e+11,1.07383e+09,49,24.6455,30,0.0970956
550,2.81475e+14,6.59461e+11,5.36944e+08,48,23.9453,29,0.0918668
551,2.81475e+14,4.74713e+11,3.3621e+07,48,22.7383,25,0.0867986
552,2.2518e+15,5.14228e+12,2.68513e+08,51,24.4746,28,0.0978778
553,7.03687e+13,6.52473e+11,1.34297e+08,46,24.0537,27,0.0933121
554,2.8823e+17,2.85895e+14,2.68514e+08,58,24.3301,28,0.094221
555,5.76461e+17,5.77054e+14,1.07383e+09,59,25.1689,30,0.0973098
556,7.20576e+16,8.05144e+13,8.59003e+09,56,27.8271,33,0.104381
557,2.8823e+17,3.30979e+14,8.59003e+09,58,27.7754,33,0.106371
558,1.80144e+16,3.25163e+13,5.36954e+08,54,24.3066,29,0.0947485
559,1.80144e+16,4.14929e+13,1.07383e+09,54,24.9346,30,0.0968388
560,1.44115e+17,2.13696e+14,4.29507e+09,57,26.748,32,0.101267
561,3.60288e+16,6.65069e+13,4.29507e+09,55,26.9268,32,0.10524
562,1.80144e+16,5.86634e+13,2.14757e+09,54,26.5859,31,0.100066
563,2.8823e+17,3.37851e+14,4.29507e+09,58,27.3994,32,0.105377
564,1.80144e+16,4.1751e+13,2.14757e+09,54,25.9082,31,0.0967387
565,2.8823e+17,4.28177e+14,1.07383e+09,58,25.875,30,0.0975696
566,1.44115e+17,1.63876e+14,4.29506e+09,57,26.8418,32,0.102626
567,4.5036e+15,1.36884e+13,4.29506e+09,52,26.46,32,0.102049
568,2.8823e+17,2.88817e+14,2.14756e+09,58,26.043,31,0.101565
569,2.2518e+15,8.39261e+12,5.36952e+08,51,25.9453,29,0.0996537
570,9.0072e+15,3.88186e+13,2.14756e+09,53,26.5908,31,0.105849
571,1.80144e+16,2.71442e+13,1.07383e+09,54,26.0303,30,0.0985645
572,9.0072e+15,3.35959e+13,4.29506e+09,53,27.2012,32,0.104056
573,1.80144e+16,4.9433e+13,4.29507e+09,54,27.1826,32,0.104409
574,3.60288e+16,6.29283e+13,1.07382e+09,55,25.8369,30,0.102286
575,7.20576e+16,1.90612e+14,4.29507e+09,56,28.0547,32,0.10695
576,2.8823e+17,5.49954e+14,8.59002e+09,58,27.752,33,0.104119
577,4.61169e+18,4.67445e+15,1.07384e+09,62,26.5928,30,0.100031
578,5.76461e+17,6.96892e+14,1.718e+10,59,29.0537,34,0.109815
579,5.76461e+17,6.45403e+14,1.718e+10,59,29.1309,34,0.117099
580,7.20576e+16,1.68286e+14,8.59005e+09,56,27.5332,33,0.105864
581,5.76461e+17,1.18356e+15,4.29506e+09,59,26.3701,32,0.101353
582,1.44115e+17,5.36452e+14,2.14759e+09,57,26.6641,31,0.103014
583,2.30584e+18,2.69255e+15,4.29507e+09,61,26.7793,32,0.105554
584,4.61169e+18,9.38408e+15,4.29507e+09,62,27.0391,32,0.10436
585,5.76461e+17,9.50188e+14,2.6852e+08,59,24.4512,28,0.0949511
586,5.76461e+17,1.01624e+15,1.34297e+08,59,24.292,27,0.097834
587,5.76461e+17,8.28157e+14,5.3696e+08,59,25.4775,29,0.10062
588,7.20576e+16,2.66177e+14,4.29507e+09,56,27.2109,32,0.104294
589,1.44115e+17,5.42063e+14,2.68518e+08,57,24.7568,28,0.0948597
590,2.8823e+17,7.81397e+14,1.07384e+09,58,26.4873,30,0.102042
591,1.15292e+18,2.68186e+15,2.14758e+09,60,26.2568,31,0.0994105
592,2.8823e+17,1.38495e+15,2.14758e+09,58,26.4473,31,0.0983968
593,4.61169e+18,5.19344e+15,5.36959e+08,62,25.8965,29,0.0997398
594,5.76461e+17,1.13692e+15,1.34294e+08,59,25.2363,27,0.094141
595,4.61169e+18,4.82045e+15,3.36147e+07,62,24.0898,25,0.0892885
596,2.30584e+18,4.00441e+15,2.14759e+09,61,27.6729,31,0.102052
597,1.15292e+18,1.67414e+15,1.718e+10,60,29.6758,34,0.108673
598,9.22337e+18,1.0325e+16,1.718e+10,63,29.9863,34,0.110297
599,7.3787e+19,9.08249e+16,8.59005e+09,66,28.7139,33,0.106257
600,5.76461e+17,1.31938e+15,8.59005e+09,59,27.9971,33,0.10678
601,9.22337e+18,9.52897e+15,4.29507e+09,63,27.2676,32,0.10154
602,4.61169e+18,8.16369e+15,4.29507e+09,62,27.1191,32,0.0988645
603,7.3787e+19,7.32881e+16,5.36953e+08,66,25.6133,29,0.0989373
604,1.47574e+20,1.49244e+17,4.29508e+09,67,28.9307,32,0.110925
605,4.61169e+18,1.37381e+16,1.07384e+09,62,26.9238,30,0.1025
606,1.47574e+20,1.81672e+17,1.07384e+09,67,26.1982,30,0.0981017
607,2.95148e+20,3.03322e+17,2.68522e+08,68,25.6582,28,0.0965271
608,4.61169e+18,1.01342e+16,5.36948e+08,62,26.0195,29,0.0978418
609,2.30584e+18,9.06592e+15,2.68519e+08,61,25.9238,28,0.0979053
610,7.3787e+19,1.10667e+17,1.34287e+08,66,24.875,27,0.0983915
611,2.95148e+20,5.19736e+17,2.68508e+08,68,25.3662,28,0.0965234
612,5.90296e+20,5.90243e+17,5.36952e+08,69,26.1309,29,0.101088
613,7.3787e+19,9.55067e+16,5.36956e+08,66,26.9707,29,0.1066
614,5.90296e+20,1.24879e+18,5.36961e+08,69,26.71,29,0.101755
615,1.47574e+20,1.53875e+17,1.07383e+09,67,26.3086,30,0.0990372
616,7.55579e+22,7.39378e+19,5.36953e+08,76,26.873,29,0.101006
617,4.61169e+18,1.06948e+16,3.36225e+07,62,23.626,25,0.0880957
618,9.22337e+18,2.10164e+16,1.34284e+08,63,25.0107,27,0.095487
619,9.22337e+18,1.97311e+16,3.36234e+07,63,24.4355,25,0.0947459
620,2.36118e+21,2.3866e+18,1.07383e+09,71,27.5107,30,0.104421
621,1.18059e+21,1.21128e+18,4.29507e+09,70,27.4697,32,0.107396
622,1.84467e+19,4.39005e+16,1.07383e+09,64,25.9736,30,0.102371
623,4.72237e+21,6.93522e+18,5.3695e+08,72,25.3828,29,0.100131
624,1.84467e+19,4.57537e+16,2.14758e+09,64,26.5273,31,0.0998744
625,2.30584e+18,6.11089e+15,2.6851e+08,61,24.5391,28,0.0957279
626,2.95148e+20,3.07335e+17,1.07383e+09,68,26.335,30,0.0997356
627,1.84467e+19,3.84636e+16,2.68522e+08,64,25.7949,28,0.0973711
628,3.68935e+19,6.38914e+16,1.343e+08,65,24.793,27,0.0932502
629,5.90296e+20,6.80849e+17,2.68517e+08,69,25.5088,28,0.0970546
630,7.3787e+19,1.23093e+17,1.07383e+09,66,27.5195,30,0.104374
631,3.68935e+19,7.67017e+16,5.36963e+08,65,26.8096,29,0.102767
632,2.95148e+20,3.31107e+17,1.07382e+09,68,26.3701,30,0.101099
633,2.36118e+21,2.3222e+18,8.59003e+09,71,29.0928,33,0.111105
634,1.47574e+20,3.12221e+17,4.29507e+09,67,30.1836,32,0.113958
635,5.90296e+20,9.94646e+17,2.14759e+09,69,29.335,31,0.10913
636,1.18059e+21,2.16524e+18,8.59003e+09,70,29.3252,33,0.111807
637,2.95148e+20,3.68732e+17,1.07384e+09,68,27.998,30,0.111307
638,5.90296e+20,8.4304e+17,4.29507e+09,69,28.4941,32,0.11452
639,3.02231e+23,2.95824e+20,2.68508e+08,78,25.75,28,0.102398
640,1.88895e+22,1.85614e+19,8.44506e+06,74,23.1963,23,0.0925721
641,6.1897e+26,6.04482e+23,5.3696e+08,89,26.5547,29,0.10692
642,9.44473e+21,9.6205e+18,4.29507e+09,73,28.7891,32,0.112854
643,7.55579e+22,7.62652e+19,1.34294e+08,76,25.4688,27,0.0974832
644,1.88895e+22,2.11619e+19,1.68392e+07,74,23.791,24,0.0965954
645,4.72237e+21,9.77612e+18,556089,72,21.1787,19,0.0840277
646,1.88895e+22,4.62422e+19,1.6841e+07,74,23.8789,24,0.0935528
647,7.55579e+22,7.64495e+19,1.68343e+07,76,23.9688,24,0.097069
648,2.95148e+20,4.86662e+17,1.08955e+06,68,21.667,20,0.0858182
649,5.90296e+20,1.57296e+18,4.2482e+06,69,22.374,22,0.0879606
650,2.95148e+20,6.26438e+17,3.36155e+07,68,23.9482,25,0.0953805
651,5.90296e+20,9.08217e+17,6.71815e+07,69,24.3574,26,0.0944013
652,3.68935e+19,7.98296e+16,1.68404e+07,65,22.5215,24,0.0895519
653,5.90296e+20,6.96275e+17,8.44231e+06,69,22.8252,23,0.0932868
654,7.3787e+19,2.43012e+17,297466,66,20.4629,18,0.0831492
655,4.72237e+21,4.78079e+18,2.13959e+06,72,21.1211,21,0.0875318
656,2.36118e+21,2.54008e+18,8.4464e+06,71,23.3154,23,0.0933369
657,4.72237e+21,4.74907e+18,8.44501e+06,72,23.249,23,0.0899566
658,7.3787e+19,1.19463e+17,8.44197e+06,66,22.6348,23,0.086111
659,1.88895e+22,2.02449e+19,8.44447e+06,74,23.0576,23,0.095374
660,5.90296e+20,7.66553e+17,3.362e+07,69,24.3125,25,0.0919189
661,3.09485e+26,3.02251e+23,3.36175e+07,88,24.5615,25,0.0953791
662,2.95148e+20,4.41141e+17,1.6839e+07,68,24.4355,24,0.0988512
663,2.36118e+21,2.80044e+18,8.44703e+06,71,24.0107,23,0.0969118
664,9.44473e+21,1.032e+19,1.68352e+07,73,23.9619,24,0.0937871
665,5.90296e+20,8.216e+17,1.68425e+07,69,23.9102,24,0.0934271
666,5.90296e+20,1.18807e+18,4.25333e+06,69,22.9365,22,0.0897384
667,7.55579e+22,7.76108e+19,1.09583e+06,76,21.9678,20,0.0907335
668,3.77789e+22,3.82031e+19,1.68328e+07,75,24.0459,24,0.0983928
669,1.51116e+23,1.66825e+20,6.71771e+07,77,24.7646,26,0.0975906
670,1.18059e+21,2.821e+18,1.08701e+06,70,21.3311,20,0.0863373
671,6.04463e+23,5.93253e+20,8.4387e+06,79,23.0967,23,0.0913062
672,1.54743e+26,1.51127e+23,8.44049e+06,87,22.498,23,0.0874498
673,3.77789e+22,3.70327e+19,162785,75,19.7148,17,0.0771871
674,4.8357e+24,4.73197e+21,3.36132e+07,82,23.4033,25,0.0917235
675,2.95148e+20,5.04834e+17,3.36184e+07,68,24.1328,25,0.0929962
676,1.51116e+23,1.53571e+20,3.36188e+07,77,24.7793,25,0.0976503
677,2.95148e+20,8.43593e+17,3.36213e+07,68,24.2461,25,0.0946862
678,1.18059e+21,1.93457e+18,1.68386e+07,70,23.2588,24,0.0930735
679,5.90296e+20,6.83177e+17,4.24567e+06,69,21.8223,22,0.0914012
680,1.88895e+22,2.6671e+19,4.24137e+06,74,22.6045,22,0.0908346
681,1.88895e+22,2.51322e+19,4.24131e+06,74,21.6797,22,0.0906138
682,4.72237e+21,8.53671e+18,2.1429e+06,72,21.3262,21,0.0904508
683,3.77789e+22,3.98271e+19,1.08785e+06,75,20.3955,20,0.0854476
684,2.36118e+21,3.33663e+18,1.08817e+06,71,20.918,20,0.0844505
685,4.72237e+21,5.60766e+18,4.24391e+06,72,22.2012,22,0.0868667
686,3.77789e+22,4.99782e+19,558952,75,20.5381,19,0.0859908
687,2.36118e+21,3.64282e+18,160728,71,19.1104,17,0.078333
688,2.36118e+21,2.47497e+18,296354,71,19.3037,18,0.0779151
689,1.88895e+22,4.32864e+19,1.08914e+06,74,21.1553,20,0.0884088
690,3.09485e+26,3.40251e+23,2.1429e+06,88,21.8965,21,0.0892052
691,4.72237e+21,5.92986e+18,1.08991e+06,72,21.0625,20,0.0858101
692,1.47574e+20,2.25325e+17,1.09304e+06,67,21.5215,20,0.0888316
693,4.72237e+21,1.07334e+19,1.08836e+06,72,20.9355,20,0.0872193
694,1.18059e+21,1.93345e+18,562708,70,20.7627,19,0.0849708
695,3.77789e+22,3.84257e+19,559518,75,19.6904,19,0.0832813
696,1.88895e+22,1.87901e+19,1.08672e+06,74,20.9814,20,0.0866861
697,9.44473e+21,1.4037e+19,2.14658e+06,73,21.3096,21,0.0843332
698,1.51116e+23,1.47938e+20,1.09089e+06,77,20.6348,20,0.0823689
699,3.77789e+22,4.83109e+19,2.14319e+06,75,22.1348,21,0.0941151
700,2.36118e+21,3.67195e+18,2.13867e+06,71,21.9795,21,0.0896734
701,2.47588e+27,2.41786e+24,8.44055e+06,91,23.4648,23,0.0979511
702,5.90296e+20,1.41266e+18,2.1454e+06,69,22.0947,21,0.0932421
703,9.44473e+21,1.55933e+19,562300,73,21.4268,19,0.0892939
704,2.95148e+20,5.86196e+17,1.08752e+06,68,21.084,20,0.0893212
705,9.44473e+21,1.56409e+19,561012,73,21.1631,19,0.0891516
706,1.20893e+24,1.48115e+21,294071,80,20.8672,18,0.0877643
707,2.36118e+21,4.1944e+18,557536,71,20.6875,19,0.0904976
708,1.88895e+22,3.02421e+19,2.14024e+06,74,22.5186,21,0.0913387
709,3.77789e+22,4.05008e+19,2.13903e+06,75,21.5498,21,0.0932419
710,9.44473e+21,1.1507e+19,295709,73,21.0371,18,0.0901915
711,4.72237e+21,1.02209e+19,2.14089e+06,72,21.7939,21,0.0909441
712,1.18059e+21,1.69902e+18,561598,70,20.5,19,0.0879056
713,9.44473e+21,1.10902e+19,1.08653e+06,73,20.832,20,0.0863496
714,7.92282e+28,7.73713e+25,1.08964e+06,96,21.9453,20,0.0930658
715,5.90296e+20,9.36436e+17,298045,69,21.6309,18,0.0908921
716,4.72237e+21,5.89723e+18,161910,72,20.8584,17,0.0865192
717,3.02231e+23,3.04448e+20,92651.3,78,20.6709,16,0.0912343
718,5.90296e+20,2.22751e+18,289778,69,21.1191,18,0.0875078
719,3.77789e+22,3.74416e+19,295440,75,20.8994,18,0.0879628
720,2.95148e+20,5.6796e+17,89078.3,68,18.7686,16,0.0881234
721,1.93428e+25,1.88895e+22,93179.2,84,18.8369,16,0.0801
722,1.88895e+22,2.1108e+19,57794.5,74,18.8486,15,0.0780994
723,2.95148e+20,6.47811e+17,36373.2,68,18.5029,14,0.0804029
724,9.44473e+21,1.43279e+19,27173.2,73,17.7422,13,0.0774448
725,2.36118e+21,4.8715e+18,25731.1,71,17.6855,13,0.0776357
726,2.95148e+20,8.58782e+17,36766.4,68,18.3662,14,0.082172
727,7.92282e+28,7.73713e+25,158845,96,18.7754,17,0.088125
728,7.3787e+19,1.61353e+17,11723.6,66,15.8828,10,0.0672048
729,4.72237e+21,7.35718e+18,19568.9,72,17.7129,12,0.0750365
730,1.88895e+22,2.10225e+19,89355,74,19.0947,16,0.0812283
731,1.51116e+23,3.05122e+20,161635,77,19.5156,17,0.0852782
732,2.95148e+20,7.45206e+17,91663.1,68,18.7148,16,0.0818421
733,9.90352e+27,9.67141e+24,56263.6,93,18.6738,15,0.079775
734,7.55579e+22,7.55541e+19,163699,76,19.4453,17,0.0822803
735,9.44473e+21,1.79903e+19,57387.7,73,18.252,15,0.0756391
736,4.72237e+21,5.19778e+18,92963.1,72,18.5967,16,0.0756435
737,7.55579e+22,1.10833e+20,55652.2,76,17.7861,15,0.0736778
738,9.44473e+21,1.18073e+19,26212.1,73,17.1719,13,0.0718764
739,5.90296e+20,1.69114e+18,90004.7,69,18.959,16,0.0800881
740,9.67141e+24,9.45434e+21,91921.2,83,19.4121,16,0.0799859
741,2.95148e+20,6.44497e+17,564494,68,20.3467,19,0.0867647
742,1.18059e+21,1.28368e+18,2.14851e+06,70,21.3271,21,0.0887182
743,7.55579e+22,7.72749e+19,2.13882e+06,76,21.0635,21,0.0866041
744,2.95148e+20,4.71696e+17,8.4347e+06,68,22.1553,23,0.0946102
745,1.54743e+26,1.5112e+23,559777,87,20.4863,19,0.0876546
746,9.44473e+21,1.07764e+19,1.08734e+06,73,21.3008,20,0.0895673
747,2.95148e+20,5.54378e+17,2.14622e+06,68,21.7188,21,0.0898793
748,6.04463e+23,6.09663e+20,2.13489e+06,79,21.04,21,0.0869297
749,4.72237e+21,4.88222e+18,2.14314e+06,72,21.9375,21,0.0890389
750,1.18059e+21,2.21411e+18,1.08864e+06,70,20.627,20,0.0877754
751,1.18059e+21,2.42876e+18,556907,70,19.5244,19,0.0822261
752,1.93428e+25,1.89173e+22,563112,84,20.8516,19,0.0871258
753,3.77789e+22,3.81363e+19,154400,75,19.248,17,0.0794991
754,1.18059e+21,1.84779e+18,158956,70,19.3574,17,0.0852761
755,1.88895e+22,3.33833e+19,53987.7,74,18.3906,15,0.0815134
756,4.72237e+21,6.97343e+18,295937,72,21.168,18,0.0930518
757,7.55579e+22,1.15635e+20,560886,76,21.373,19,0.0907894
758,7.55579e+22,9.37799e+19,89936.8,76,19.7588,16,0.0835981
759,3.02231e+23,2.9685e+20,291965,78,20.707,18,0.0890187
760,6.1897e+26,6.04482e+23,298152,89,21.4639,18,0.0898578
761,4.72237e+21,6.09205e+18,162586,72,19.9883,17,0.0842959
762,3.02231e+23,2.96344e+20,53044.2,78,18.5732,15,0.0817434
763,1.88895e+22,5.89874e+19,558908,74,21.4619,19,0.0927961
764,1.51116e+23,1.53047e+20,37380.9,77,19.0264,14,0.0799437
765,1.18059e+21,2.08902e+18,156533,70,20.3262,17,0.0865736
766,7.92282e+28,8.70804e+25,90510.2,96,19.8379,16,0.0853297
767,3.02231e+23,2.9942e+20,54389,78,18.752,15,0.0857787
768,3.77789e+22,3.92132e+19,10737.4,75,17.2002,10,0.0755231
769,9.44473e+21,1.74299e+19,11124.7,73,17.1797,10,0.0806713
770,1.23794e+27,1.20901e+24,6695.87,90,15.6621,8,0.0700308
771,2.36118e+21,6.66152e+18,57901.6,71,20.1152,15,0.0905333
772,1.51116e+23,1.5155e+20,53424.5,77,19.5244,15,0.0894918
773,3.02231e+23,3.57138e+20,4.23597e+06,78,22.4238,22,0.101884
774,6.04463e+23,9.96597e+20,2.13856e+06,79,22.3789,21,0.0997163
775,7.55579e+22,8.43997e+19,294702,76,20.7949,18,0.0950963
776,3.77789e+22,6.54168e+19,2.14266e+06,75,22.9424,21,0.105433
777,3.02231e+23,3.45453e+20,1.08986e+06,78,22.4502,20,0.102522
778,1.20893e+24,1.49483e+21,8.44512e+06,80,24.4541,23,0.108696
779,1.88895e+22,6.98892e+19,1.68374e+07,74,25.1475,24,0.115128
780,1.54743e+26,1.6074e+23,8.44129e+06,87,24.417,23,0.108633
781,9.67141e+24,1.20505e+22,552391,83,22.6504,19,0.103603
782,1.23794e+27,1.8171e+24,2.13727e+06,90,24.2588,21,0.110693
783,3.86856e+25,4.66808e+22,1.6829e+07,85,24.7998,24,0.113008
784,2.47588e+27,2.41994e+24,8.43881e+06,91,24.4844,23,0.110631
785,2.47588e+27,2.57139e+24,2.13596e+06,91,22.6348,21,0.108041
786,3.86856e+25,4.14961e+22,88379.1,85,21.0029,16,0.0991394
787,7.92282e+28,7.73823e+25,157948,96,21.4072,17,0.101705
788,7.73713e+25,9.96223e+22,1.68237e+07,86,25.6533,24,0.118801
789,1.9807e+28,2.68996e+25,1.09304e+06,94,23.6143,20,0.109286
790,7.92282e+28,7.74119e+25,6.71732e+07,96,26.3428,26,0.123324
791,7.92282e+28,7.90957e+25,1.68269e+07,96,24.8857,24,0.116363
792,7.92282e+28,7.73765e+25,8.43093e+06,96,25.2549,23,0.119719
793,1.23794e+27,1.52816e+24,6.7163e+07,90,26.333,26,0.123613
794,3.09485e+26,3.87483e+23,8.44078e+06,88,25.0566,23,0.123588
795,1.23794e+27,2.72285e+24,1.68183e+07,90,24.8223,24,0.11485
796,9.67141e+24,9.60572e+21,4.24083e+06,83,23.9658,22,0.109491
797,1.20893e+24,1.72258e+21,6.71715e+07,80,26.6064,26,0.123759
798,7.92282e+28,7.76749e+25,1.68334e+07,96,25.7578,24,0.116545
799,9.90352e+27,1.02855e+25,1.68239e+07,93,25.7529,24,0.118411
800,7.92282e+28,7.83112e+25,1.68205e+07,96,25.4219,24,0.12348
801,1.54743e+26,1.53859e+23,8.42897e+06,87,24.8516,23,0.113282
802,3.96141e+28,4.04991e+25,3.36117e+07,95,25.6924,25,0.116573
803,1.20893e+24,3.17986e+21,1.68352e+07,80,25.8818,24,0.119941
804,9.90352e+27,1.58696e+25,4.23545e+06,93,23.8867,22,0.11198
805,2.41785e+24,4.77756e+21,2.13877e+06,81,23.582,21,0.111085
806,3.09485e+26,6.84518e+23,154239,88,21.9072,17,0.103953
807,3.96141e+28,3.93027e+25,291716,95,22.9727,18,0.109924
808,9.90352e+27,9.68096e+24,4.23968e+06,93,24.7275,22,0.117667
809,2.41785e+24,3.2167e+21,1.08426e+06,81,23.7637,20,0.111989
810,6.1897e+26,1.27321e+24,8.42782e+06,89,26.0967,23,0.125541
811,1.54743e+26,2.00462e+23,2.1331e+06,87,24.8564,21,0.123142
812,3.96141e+28,3.87088e+25,153915,95,22.9492,17,0.109114
813,7.92282e+28,8.47005e+25,38145.9,96,21.9902,14,0.115444
814,3.86856e+25,4.80442e+22,4.23534e+06,85,25.8262,22,0.120045
815,7.92282e+28,7.81765e+25,1.68261e+07,96,27.25,24,0.13033
816,7.92282e+28,1.54749e+26,1.08891e+06,96,24.9209,20,0.119287
817,1.23794e+27,1.21507e+24,2.14343e+06,90,25.834,21,0.126686
818,7.92282e+28,8.05623e+25,6.71624e+07,96,27.209,26,0.129872
819,7.92282e+28,1.54743e+26,3.36133e+07,96,27.2871,25,0.130448
820,7.92282e+28,1.55058e+26,1.09254e+06,96,24.9248,20,0.11495
821,3.96141e+28,3.9218e+25,1.34285e+08,95,27.9102,27,0.130065
822,1.54743e+26,1.69993e+23,1.34281e+08,87,27.7891,27,0.125826
823,7.92282e+28,7.80105e+25,1.34281e+08,96,27.4883,27,0.13216
824,1.9807e+28,1.93447e+25,3.36013e+07,94,26.582,25,0.123805
825,7.92282e+28,1.16076e+26,1.68312e+07,96,27.2002,24,0.126887
826,6.1897e+26,9.11539e+23,1.68316e+07,89,26.5156,24,0.125906
827,7.92282e+28,7.73807e+25,292458,96,24.5674,18,0.117617
828,7.92282e+28,8.34405e+25,6.71705e+07,96,27.3672,26,0.134088
829,3.86856e+25,4.06399e+22,56003.3,85,22.9053,15,0.1091
830,7.92282e+28,2.3212e+26,296391,96,24.5186,18,0.11549
831,9.67141e+24,1.83594e+22,53832.2,83,22.5957,15,0.111977
832,1.23794e+27,1.23502e+24,50720.3,90,22.0967,15,0.105261
833,1.54743e+26,1.5234e+23,11390.7,87,19.9697,10,0.0946751
834,9.90352e+27,9.67184e+24,1.08766e+06,93,24.624,20,0.113665
835,3.96141e+28,3.87053e+25,160337,95,23.7266,17,0.110262
836,1.54743e+26,1.78693e+23,8693.38,87,20.9932,9,0.102303
837,7.92282e+28,8.71305e+25,8503.14,96,19.9609,9,0.0994352
838,7.92282e+28,7.79784e+25,8294.58,96,18.5713,9,0.0945012
839,6.1897e+26,8.47022e+23,9123.58,89,20.1504,9,0.103127
840,7.92282e+28,1.93738e+26,12330.7,96,21.0986,11,0.102841
841,3.86856e+25,9.76396e+22,10965,85,19.9473,10,0.100962
842,6.1897e+26,6.48941e+23,4972.57,89,17.9131,7,0.089687
843,1.93428e+25,3.06166e+22,23298,84,21.8984,13,0.109694
844,2.41785e+24,6.2808e+21,18095.4,81,21.2158,12,0.104715
845,9.90352e+27,1.21023e+25,81048.7,93,22.5225,16,0.108864
846,4.95176e+27,4.83628e+24,2.13841e+06,92,24.7637,21,0.124253
847,7.92282e+28,8.34721e+25,55563.7,96,23.6025,15,0.11254
848,4.8357e+24,8.26693e+21,12515.5,82,20.3467,11,0.102702
849,4.8357e+24,9.78672e+21,6628.42,82,17.9561,8,0.0896998
850,2.41785e+24,2.58362e+21,10981.1,81,19.3154,10,0.0956731
851,3.86856e+25,4.5769e+22,13799,85,21.376,11,0.103881
852,6.1897e+26,6.46234e+23,23835.1,89,21.8975,13,0.108139
853,7.92282e+28,7.75264e+25,16023.1,96,20.7949,12,0.104102
854,6.1897e+26,6.09061e+23,35181.8,89,22.8477,14,0.118401
855,7.92282e+28,7.74553e+25,13119.4,96,20.4912,11,0.100708
856,3.96141e+28,3.92955e+25,10932.8,95,18.7676,10,0.0978204
857,7.73713e+25,9.60304e+22,34537.9,86,20.3701,14,0.0998805
858,7.92282e+28,7.73714e+25,13394.6,96,18.0518,11,0.0877476
859,1.20893e+24,1.71014e+21,17184.9,80,18.6865,12,0.0920352
860,7.92282e+28,7.73728e+25,9186.37,96,16.9482,9,0.0840642
861,7.92282e+28,2.32153e+26,11899.6,96,17.7705,10,0.0867338
862,1.23794e+27,1.51212e+24,10421.6,90,18.4814,10,0.0895364
863,1.23794e+27,1.21443e+24,4935.66,90,16.8428,7,0.0879365
864,3.02231e+23,1.05945e+21,14539.8,78,19.9678,11,0.0957923
865,1.54743e+26,1.60924e+23,11513.2,87,18.7627,10,0.0898294
866,6.04463e+23,6.77237e+20,19045.7,79,20.1729,12,0.0968157
867,1.54743e+26,1.52051e+23,13722.8,87,20.2959,11,0.0969819
868,4.8357e+24,1.03509e+22,13277.2,82,19.3535,11,0.0997356
869,3.09485e+26,3.79227e+23,5178.81,88,17.2754,7,0.0841303
870,6.04463e+23,9.968e+20,11899.6,79,18.4219,10,0.0937996
871,3.86856e+25,4.28084e+22,9021.76,85,17.4473,9,0.08349
872,7.92282e+28,7.73723e+25,24262.1,96,20.3213,13,0.0999921
873,6.1897e+26,6.14191e+23,87633.4,89,21.7676,16,0.101155
874,3.09485e+26,3.45124e+23,87526,88,20.8564,16,0.0982322
875,4.8357e+24,8.31835e+21,11390.7,82,18.958,10,0.0901559
876,7.92282e+28,7.73762e+25,24087.1,96,19.7178,13,0.0984015
877,7.55579e+22,9.13462e+19,14789.2,76,17.6475,11,0.0885316
878,2.41785e+24,5.25257e+21,18922.2,81,18.1641,12,0.0869966
879,1.23794e+27,1.51359e+24,17964.7,90,18.2969,12,0.0877273
880,1.54743e+26,1.59834e+23,35237.1,87,19.79,14,0.0976638
881,7.92282e+28,9.67612e+25,33764.7,96,20.1006,14,0.0994155
882,2.41785e+24,3.05862e+21,161289,81,21.7959,17,0.103449
883,3.09485e+26,6.86502e+23,158324,88,23.125,17,0.106696
884,3.09485e+26,3.22119e+23,32973.7,88,20.3232,14,0.0967877
885,2.47588e+27,2.42362e+24,158623,91,23.6787,17,0.116718
886,7.92282e+28,1.54761e+26,560674,96,25.1992,19,0.121982
887,9.90352e+27,9.76233e+24,90443.2,93,24.0088,16,0.115166
888,9.90352e+27,1.75702e+25,2.13617e+06,93,27.1289,21,0.128402
889,7.92282e+28,7.80011e+25,1.68309e+07,96,27.417,24,0.13491
890,3.86856e+25,5.08522e+22,1.34279e+08,85,29.1797,27,0.139566
891,7.92282e+28,7.73756e+25,8.435e+06,96,27.3701,23,0.132313
892,7.92282e+28,7.80197e+25,1.08562e+06,96,25.79,20,0.122105
893,7.92282e+28,8.29073e+25,19350,96,20.9443,12,0.106468
894,3.86856e+25,8.47701e+22,154680,85,23.4277,17,0.1114
895,1.54743e+26,1.5251e+23,291300,87,24.6152,18,0.117698
896,1.23794e+27,1.3077e+24,54018.8,90,22.9375,15,0.11155
897,1.54743e+26,2.79564e+23,1.089e+06,87,25.1543,20,0.119938
898,7.92282e+28,7.73927e+25,55886.7,96,22.2256,15,0.113051
899,1.23794e+27,1.85543e+24,156726,90,23.3604,17,0.112859
900,6.1897e+26,9.95238e+23,56378.4,89,22.418,15,0.112378
901,4.8357e+24,1.60924e+22,54266.1,82,21.8467,15,0.110794
902,7.92282e+28,7.88847e+25,54204.4,96,21.8232,15,0.106963
903,9.67141e+24,2.43816e+22,31310.8,83,21.7285,14,0.11235
904,1.54743e+26,2.35229e+23,22193.1,87,20.9102,13,0.107622
905,7.92282e+28,7.78001e+25,11826.8,96,18.8887,10,0.0963119
906,7.92282e+28,7.75513e+25,24062.1,96,21.8369,13,0.109748
907,7.92282e+28,2.32723e+26,12558.2,96,20.4092,10,0.103717
908,1.54743e+26,1.81894e+23,35237.1,87,22.0186,14,0.106878
909,7.92282e+28,8.02658e+25,17522.7,96,20.2422,12,0.100739
910,7.92282e+28,8.71252e+25,36240.6,96,22.4854,14,0.109911
911,7.92282e+28,7.97411e+25,31923.2,96,21,14,0.10349
912,3.86856e+25,3.99866e+22,24997.3,85,19.915,13,0.0942304
913,1.93428e+25,2.04335e+22,23478.2,84,19.9697,13,0.0966711
914,7.92282e+28,8.71133e+25,37705.8,96,22.4004,14,0.106671
915,7.73713e+25,8.70923e+22,35675.8,86,23.0078,14,0.107053
916,7.92282e+28,7.79796e+25,155397,96,24.0967,17,0.121258
917,7.92282e+28,7.7753e+25,55681.6,96,23.4521,15,0.108154
918,1.54743e+26,1.5749e+23,546411,87,24.8682,19,0.117888
919,7.92282e+28,7.76968e+25,158061,96,23.5312,17,0.120884
920,3.86856e+25,4.28369e+22,156919,85,23.8291,17,0.11932
921,1.54743e+26,1.661e+23,156260,87,24.541,17,0.121034
922,1.9807e+28,2.42556e+25,87021.4,94,23.3145,16,0.113874
923,1.54743e+26,2.32696e+23,21243,87,22.1357,13,0.107802
924,1.54743e+26,3.44139e+23,21270.5,87,21.2148,13,0.107681
925,7.92282e+28,7.75272e+25,14683,96,20.207,11,0.105432
926,7.92282e+28,1.54788e+26,35621.4,96,22.042,14,0.113551
927,7.92282e+28,7.73773e+25,35319.9,96,21.8066,14,0.10744
928,3.86856e+25,5.52019e+22,33793.6,85,20.8789,14,0.106873
929,3.09485e+26,4.93289e+23,23012.5,88,20.6221,13,0.10374
930,6.04463e+23,2.28155e+21,13237.8,79,19.1074,11,0.0963299
931,3.86856e+25,7.9663e+22,17162.2,85,20.4609,12,0.0982915
932,1.23794e+27,1.21081e+24,89595.5,90,23.1104,16,0.114504
933,3.09485e+26,3.55292e+23,37380.9,88,21.2197,14,0.102883
934,7.92282e+28,1.54744e+26,16330.3,96,19.4785,12,0.0980491
935,1.54743e+26,1.5797e+23,17567.3,87,19.8164,12,0.0977528
936,1.23794e+27,1.4041e+24,33003.3,90,20.875,14,0.100735
937,1.23794e+27,1.36733e+24,33619.5,90,21.2676,14,0.103088
938,7.92282e+28,3.13163e+26,23323.8,96,21.5859,13,0.104679
939,3.09485e+26,3.8867e+23,24237.2,88,21.3369,13,0.102567
940,7.73713e+25,1.44837e+23,18182,86,21.6768,12,0.10415
941,7.92282e+28,1.55962e+26,26257.2,96,21.9805,13,0.101922
942,2.47588e+27,3.03617e+24,90643.9,91,23.3477,16,0.107231
943,7.92282e+28,7.75569e+25,19529.4,96,20.7324,12,0.0974704
944,7.92282e+28,1.64816e+26,54633.6,96,22.9961,15,0.105445
945,7.92282e+28,1.01591e+26,23606.2,96,21.2529,13,0.101269
946,1.9807e+28,1.99598e+25,18651.1,94,19.1865,12,0.0891863
947,1.23794e+27,1.28742e+24,6839.38,90,15.9639,8,0.0791472
948,7.92282e+28,8.82564e+25,6468.14,96,15.6807,8,0.08299
949,7.92282e+28,9.68609e+25,14431.3,96,20.0488,11,0.0974027
950,7.73713e+25,1.75649e+23,15975.5,86,20.2207,12,0.098313
951,1.54743e+26,2.55713e+23,161115,87,23.7451,17,0.124168
952,7.92282e+28,3.88884e+26,87847.7,96,23.4189,16,0.112098
953,7.92282e+28,2.75677e+26,88484.7,96,23.0889,16,0.108178
954,7.92282e+28,1.5506e+26,23478.2,96,21.041,13,0.102573
955,7.92282e+28,2.32475e+26,4.23784e+06,96,26.6494,22,0.124716
956,4.8357e+24,1.30378e+22,287825,82,24.1172,18,0.110048
957,7.92282e+28,7.86591e+25,83126.2,96,22.124,16,0.10441
958,7.92282e+28,8.94718e+25,1.68313e+07,96,28.0928,24,0.139354
959,7.92282e+28,1.03405e+26,92113.4,96,24.7031,16,0.120838
960,7.92282e+28,1.35934e+26,85960.8,96,22.9961,16,0.11173
961,7.92282e+28,1.54768e+26,158993,96,23.8594,17,0.119119
962,7.92282e+28,9.88056e+25,52948.5,96,23.2793,15,0.11752
963,9.67141e+24,1.31925e+22,553391,83,23.7744,19,0.120319
964,1.9807e+28,1.94807e+25,292581,94,24.9219,18,0.128394
965,7.92282e+28,8.21851e+25,1.0862e+06,96,26.8984,20,0.129251
966,7.92282e+28,2.6791e+26,2.14309e+06,96,27.5684,21,0.133051
967,9.90352e+27,1.11878e+25,52595.8,93,22.5732,15,0.1081
968,3.09485e+26,5.5931e+23,4.23069e+06,88,26.4531,22,0.127254
969,1.23794e+27,1.41147e+24,6.71663e+07,90,28.4688,26,0.140023
970,6.1897e+26,6.92672e+23,286045,89,25.291,18,0.124383
971,7.92282e+28,8.97625e+25,3.36072e+07,96,28.3145,25,0.138289
972,7.92282e+28,8.01699e+25,1.08203e+06,96,27.0977,20,0.130907
973,4.95176e+27,1.30213e+25,3.36147e+07,92,29.1562,25,0.141515
974,7.92282e+28,1.54908e+26,1.34274e+08,96,28.8057,27,0.142671
975,7.92282e+28,1.75606e+26,2.68499e+08,96,29.6162,28,0.14459
976,7.92282e+28,8.35191e+25,4.29503e+09,96,31.1074,32,0.145638
977,4.95176e+27,5.06447e+24,8.43811e+06,92,28.1709,23,0.139696
978,7.92282e+28,2.33369e+26,5.36937e+08,96,30.5967,29,0.144822
979,7.92282e+28,1.57381e+26,6.71481e+07,96,28.4785,26,0.137005
980,7.92282e+28,2.51515e+26,5.36936e+08,96,30.5869,29,0.145585
981,3.96141e+28,4.00821e+25,5.36945e+08,95,30.7656,29,0.153703
982,7.92282e+28,1.76704e+26,1.34294e+08,96,29.9717,27,0.145185
983,3.96141e+28,5.83889e+25,2.68503e+08,95,29.4404,28,0.144378
984,7.92282e+28,8.49509e+25,1.07381e+09,96,30.8906,30,0.144023
985,2.47588e+27,2.81097e+24,2.68509e+08,91,29.6455,28,0.142701
986,7.92282e+28,7.74261e+25,1.07381e+09,96,30.7031,30,0.145995
987,7.73713e+25,2.04391e+23,3.36104e+07,86,28.9639,25,0.138734
988,7.92282e+28,8.48279e+25,2.68508e+08,96,30.459,28,0.14139
989,3.09485e+26,3.61995e+23,3.36058e+07,88,27.4277,25,0.138788
990,7.92282e+28,8.51544e+25,1.34284e+08,96,29.1328,27,0.142152
991,7.92282e+28,1.58467e+26,3.3613e+07,96,27.5732,25,0.141257
992,7.92282e+28,8.23745e+25,1.68283e+07,96,27.3311,24,0.131002
993,7.92282e+28,9.83242e+25,6.71702e+07,96,29.543,26,0.137784
994,9.90352e+27,1.03697e+25,3.36225e+07,93,28.1943,25,0.13225
995,7.92282e+28,8.53217e+25,34819.6,96,22.7031,14,0.109684
996,3.09485e+26,7.60119e+23,1.08785e+06,88,24.6904,20,0.121886
997,4.8357e+24,7.26733e+21,4.2389e+06,82,25.9912,22,0.129368
998,7.92282e+28,7.76457e+25,8.43249e+06,96,25.8037,23,0.12464
999,7.92282e+28,7.863e+25,2.13095e+06,96,24.3711,21,0.119824
1000,7.92282e+28,1.01593e+26,1.09236e+06,96,24.5195,20,0.114771
1001,7.92282e+28,7.76969e+25,558292,96,24.542,19,0.119688
1002,7.92282e+28,8.70762e+25,8.44745e+06,96,25.1592,23,0.122098
1003,7.92282e+28,7.7433e+25,289606,96,23.4092,18,0.109213
1004,7.92282e+28,7.74142e+25,86767.3,96,21.4932,16,0.102196
1005,7.92282e+28,1.56676e+26,289003,96,23.2363,18,0.114307
1006,7.92282e+28,1.65364e+26,26788,96,22.0176,13,0.105273
1007,2.47588e+27,3.62843e+24,9242.1,91,18.7012,11,0.0943526
1008,7.92282e+28,1.75408e+26,7506.57,96,17.7891,9,0.0911435
1009,1.54743e+26,2.02757e+23,7344.08,87,17.8057,8,0.0902861
1010,7.92282e+28,1.5497e+26,4214.08,96,15.7715,7,0.0848192
1011,7.92282e+28,1.26939e+26,15784.4,96,19.8027,12,0.0982727
1012,9.90352e+27,1.45462e+25,6904.35,93,17.5674,8,0.091466
1013,2.47588e+27,3.96623e+24,14911.8,91,19.8262,11,0.10685
1014,1.23794e+27,1.26219e+24,6560.21,90,18.1777,8,0.0958794
1015,3.09485e+26,5.13153e+23,5701.69,88,17.0352,8,0.0878319
1016,7.73713e+25,1.01518e+23,6639.71,86,16.7568,8,0.0849591
1017,7.92282e+28,8.71256e+25,6244.5,96,16.9414,8,0.0848633
1018,7.92282e+28,7.74012e+25,15050.2,96,19.3027,11,0.0981453
1019,7.92282e+28,2.41864e+26,9661.17,96,18.5,10,0.0950078
1020,7.92282e+28,1.54793e+26,13761,96,18.8828,11,0.0948243
1021,2.47588e+27,3.94936e+24,158099,91,22.459,17,0.112993
1022,7.92282e+28,8.22313e+25,551669,96,24.0625,19,0.115864
1023,1.54743e+26,2.49067e+23,1.07536e+06,87,24.1338,20,0.120462
1024,7.92282e+28,7.85913e+25,291758,96,23.3164,18,0.116804
1025,4.95176e+27,4.94062e+24,292458,92,22.6631,18,0.111055
1026,7.92282e+28,7.8008e+25,90308.8,96,22.1182,16,0.113959
1027,7.92282e+28,8.40741e+25,155987,96,22.5176,17,0.110089
1028,7.92282e+28,7.88975e+25,290162,96,22.4883,18,0.108132
1029,4.95176e+27,4.83705e+24,157379,92,22.084,17,0.109532
1030,7.92282e+28,8.4977e+25,557982,96,23.8135,19,0.121451
1031,7.92282e+28,8.14919e+25,160904,96,22.6406,17,0.109313
1032,2.47588e+27,6.37132e+24,161359,91,22.7656,17,0.111901
1033,3.09485e+26,5.72289e+23,89561.2,88,21.5547,16,0.106668
1034,7.92282e+28,1.6019e+26,52207.5,96,20.8281,15,0.10444
1035,3.09485e+26,3.8399e+23,55828.3,88,20.8057,15,0.100646
1036,7.92282e+28,2.32124e+26,24411,96,19.3203,13,0.0964963
1037,1.23794e+27,1.36247e+24,16956.9,90,18.3848,12,0.0970594
1038,7.92282e+28,1.6472e+26,83319.1,96,20.5781,16,0.101297
1039,7.92282e+28,2.32268e+26,88519.8,96,20.6348,16,0.106206
1040,7.92282e+28,7.74662e+25,22326.7,96,18.8154,13,0.102881
1041,7.92282e+28,1.57237e+26,54142.6,96,20.9766,15,0.107089
1042,7.92282e+28,7.74003e+25,53424.5,96,20.2549,15,0.107123
1043,7.92282e+28,1.54901e+26,13355.5,96,17.8516,11,0.0953174
1044,7.92282e+28,1.60265e+26,12940.2,96,17.835,11,0.0935183
1045,7.92282e+28,8.85214e+25,18524.4,96,19.3154,12,0.100066
1046,7.92282e+28,2.38353e+26,23580.7,96,19.0293,13,0.101182
1047,7.92282e+28,7.80385e+25,35594.1,96,19.1543,14,0.100505
1048,7.92282e+28,8.01526e+25,150557,96,21.502,17,0.114772
1049,7.92282e+28,1.68727e+26,85960.8,96,20.7734,16,0.10716
1050,7.92282e+28,2.38624e+26,54173.5,96,21.7207,15,0.112802
1051,7.92282e+28,1.64477e+26,52044.7,96,21.3096,15,0.116106
1052,7.92282e+28,4.36064e+26,294348,96,24.1143,18,0.118854
1053,7.92282e+28,8.66005e+25,160444,96,23.2588,17,0.119805
1054,7.92282e+28,4.00701e+26,4.23248e+06,96,25.8672,22,0.134788
1055,7.92282e+28,4.7059e+26,92081.5,96,22.9902,16,0.116408
1056,7.92282e+28,8.98444e+25,153305,96,22.3301,17,0.118617
1057,7.92282e+28,1.64204e+26,1.07828e+06,96,24.001,20,0.123952
1058,7.92282e+28,1.56682e+26,555585,96,23.9902,19,0.126686
1059,7.92282e+28,3.88758e+26,556499,96,24.3096,19,0.125963
1060,7.92282e+28,3.29264e+26,296654,96,24.2422,18,0.124704
1061,9.90352e+27,1.11561e+25,1.08009e+06,93,24.249,20,0.122669
1062,7.92282e+28,2.46006e+26,4.23336e+06,96,26.6523,22,0.133078
1063,7.92282e+28,7.89598e+25,4.23626e+06,96,26.8193,22,0.136604
1064,9.90352e+27,1.59337e+25,2.13779e+06,93,25.9434,21,0.134324
1065,7.92282e+28,1.56936e+26,292663,96,24.1602,18,0.121446
1066,7.92282e+28,7.76142e+25,50349.5,96,21.6826,15,0.120027
1067,7.92282e+28,8.2314e+25,34253.6,96,20.5859,14,0.106853
1068,7.92282e+28,8.28905e+25,33995.6,96,20.8193,14,0.10907
1069,7.92282e+28,1.55351e+26,32914.4,96,20.5576,14,0.110944
1070,7.92282e+28,1.76855e+26,16610.8,96,18.8887,12,0.0981476
1071,6.1897e+26,9.9171e+23,18863.6,89,19.6807,13,0.10715
1072,7.92282e+28,8.98346e+25,88025.5,96,21.4375,16,0.111782
1073,7.92282e+28,1.02618e+26,554004,96,23.8867,19,0.122504
1074,7.92282e+28,5.64187e+26,2.12972e+06,96,25.0771,21,0.134096
1075,7.92282e+28,4.07556e+26,289692,96,23.1514,18,0.117383
1076,7.92282e+28,4.71361e+26,557178,96,24.3359,19,0.122971
1077,7.92282e+28,8.51349e+25,545645,96,23.3652,19,0.11912
1078,7.92282e+28,3.1955e+26,557267,96,23.2393,19,0.125109
1079,7.92282e+28,3.10201e+26,90376,96,21.8584,16,0.113284
1080,7.92282e+28,1.79248e+26,84804.7,96,21.2266,16,0.109064
1081,7.92282e+28,2.48667e+26,553721,96,23.5137,19,0.121574
1082,7.92282e+28,2.34757e+26,555493,96,23.5459,19,0.121819
1083,7.92282e+28,3.90436e+26,154840,96,22.5234,17,0.118425
1084,7.92282e+28,9.73926e+25,286000,96,21.8809,18,0.116433
1085,7.92282e+28,4.95617e+26,156299,96,23.4521,17,0.122311
1086,7.92282e+28,1.12103e+26,84992.7,96,21.6055,16,0.114787
1087,7.92282e+28,1.80462e+26,90476.7,96,21.7891,16,0.110788
1088,7.92282e+28,2.71283e+26,36293.8,96,20.9336,14,0.116983
1089,7.92282e+28,2.7634e+26,22671.5,96,19.5625,13,0.107984
1090,2.47588e+27,3.97493e+24,31556.8,91,19.0762,14,0.101192
1091,7.92282e+28,3.8991e+26,21978.2,96,18.3926,13,0.100373
1092,7.92282e+28,5.03566e+26,34763.4,96,19.3633,14,0.101635
1093,7.92282e+28,3.15376e+26,35043,96,18.8633,14,0.0999105
1094,7.92282e+28,2.38043e+26,83280.5,96,21.0205,16,0.114454
1095,7.92282e+28,2.55745e+26,150429,96,21.3057,17,0.113587
1096,7.92282e+28,3.19522e+26,34537.9,96,19.4951,14,0.107158
1097,7.92282e+28,1.55284e+26,32616.6,96,19.4189,14,0.107453
1098,7.92282e+28,2.32598e+26,23038.6,96,17.9727,13,0.10024
1099,7.92282e+28,6.37771e+26,48909,96,19.9717,15,0.106032
1100,7.92282e+28,3.96861e+26,18963.5,96,18.9521,12,0.100545
1101,7.92282e+28,2.00515e+26,22139.5,96,19.8789,13,0.108449
1102,7.92282e+28,4.14864e+26,33062.4,96,20.8613,14,0.111791
1103,7.92282e+28,4.17739e+26,34875.6,96,20.0166,14,0.109202
1104,7.92282e+28,2.49699e+26,49736.9,96,20.5381,15,0.110153
1105,7.92282e+28,2.05744e+26,24803.6,96,19.8457,13,0.105336
1106,7.92282e+28,3.89151e+26,31801.4,96,18.7754,14,0.101159
1107,7.92282e+28,6.59547e+26,21843.2,96,18.8057,13,0.102989
1108,7.92282e+28,3.53666e+26,13277.2,96,18.3311,11,0.103243
1109,7.92282e+28,1.01136e+27,27632.6,96,19.4277,14,0.103779
1110,7.92282e+28,7.48228e+26,13575.2,96,17.9102,12,0.0989587
1111,7.92282e+28,3.90893e+26,16564.2,96,18.7715,12,0.10149
1112,7.92282e+28,6.82745e+26,24534.4,96,19.3682,13,0.108189
1113,7.92282e+28,1.41663e+27,31001.5,96,21.6592,14,0.114543
1114,3.16913e+29,1.15732e+27,21407.7,98,20.3965,13,0.106965
1115,7.92282e+28,1.08475e+27,24187.3,96,21.6006,13,0.116387
1116,7.92282e+28,9.37919e+26,50787.4,96,22.5977,15,0.125547
1117,7.92282e+28,1.01758e+27,23375.4,96,21.2012,13,0.119017
1118,7.92282e+28,1.01794e+27,84313.3,96,21.6455,16,0.117449
1119,7.92282e+28,9.41657e+26,34622.7,96,20.7988,14,0.115156
1120,7.92282e+28,7.43891e+26,53012.3,96,21.6982,15,0.122213
1121,7.92282e+28,1.16883e+27,28811.5,96,21.2676,14,0.114608
1122,7.92282e+28,9.7447e+26,83164.8,96,22.5312,16,0.122325
1123,7.92282e+28,1.13475e+27,34282.2,96,21.3154,14,0.112485
1124,7.92282e+28,1.20104e+27,31679.3,96,21.3916,14,0.117177
1125,7.92282e+28,9.00459e+26,52692.3,96,21.9072,15,0.121813
1126,7.92282e+28,1.23434e+27,32616.6,96,22.2998,14,0.116793
1127,7.92282e+28,1.18464e+27,48244.9,96,22.5303,15,0.121457
1128,7.92282e+28,1.63331e+27,48978.5,96,23.1289,15,0.121488
1129,7.92282e+28,1.07303e+27,30752.5,96,21.3135,14,0.116562
1130,7.92282e+28,1.26586e+27,51387.2,96,23.7354,15,0.128709
1131,7.92282e+28,1.59556e+27,50686.7,96,23.2695,15,0.126807
1132,7.92282e+28,1.74273e+27,30407.9,96,22.7227,14,0.121829
1133,7.92282e+28,1.05789e+27,86840.1,96,23.5312,16,0.125693
1134,7.92282e+28,8.86236e+26,89043.6,96,23.7295,16,0.124617
1135,7.92282e+28,1.19499e+27,285322,96,24.6514,18,0.139448
1136,7.92282e+28,1.12497e+27,84955.2,96,23.708,16,0.128195
1137,7.92282e+28,1.38106e+27,87310.4,96,23.5234,16,0.133481
1138,7.92282e+28,1.55057e+27,86730.9,96,23.0459,16,0.129745
1139,7.92282e+28,1.34475e+27,552199,96,24.7402,19,0.138492
1140,7.92282e+28,1.61883e+27,85217.5,96,24.0283,16,0.132809
1141,7.92282e+28,1.29943e+27,285049,96,23.5771,18,0.130121
1142,7.92282e+28,1.18105e+27,48560.5,96,22.8008,15,0.123849
1143,7.92282e+28,1.01149e+27,49771.1,96,22.4883,15,0.126443
1144,7.92282e+28,1.51169e+27,82699.9,96,22.7764,16,0.122898
1145,3.16913e+29,1.27421e+27,51154.8,98,22.2773,15,0.12026
1146,7.92282e+28,1.31305e+27,90106.3,96,23.7637,16,0.137405
1147,7.92282e+28,1.16149e+27,85404.2,96,23.75,16,0.131221
1148,7.92282e+28,1.3723e+27,154319,96,23.8359,17,0.131166
1149,7.92282e+28,1.10163e+27,84199.3,96,23.0264,16,0.129946
1150,7.92282e+28,1.11768e+27,84502.8,96,23.3438,16,0.132653
1151,7.92282e+28,1.44097e+27,83856.3,96,23.1318,16,0.128209
1152,7.92282e+28,1.80884e+27,288394,96,24.0449,18,0.129606
1153,7.92282e+28,1.32254e+27,152607,96,24.1836,17,0.127918
1154,7.92282e+28,1.83169e+27,90241.4,96,23.5713,16,0.127008
1155,7.92282e+28,2.13379e+27,83703.2,96,23.0361,16,0.125713
1156,7.92282e+28,1.53096e+27,156260,96,23.7373,17,0.127989
1157,7.92282e+28,2.26737e+27,157417,96,24.8887,17,0.130127
1158,7.92282e+28,1.46059e+27,148279,96,23.4023,17,0.131759
1159,7.92282e+28,2.47008e+27,546360,96,25.8604,19,0.137351
1160,7.92282e+28,1.72849e+27,85217.5,96,23.1709,16,0.127994
1161,7.92282e+28,1.66078e+27,156726,96,23.7148,17,0.127522
1162,7.92282e+28,1.82098e+27,81128.2,96,22.7314,16,0.126413
1163,7.92282e+28,2.4788e+27,285684,96,24.7754,18,0.132653
1164,7.92282e+28,2.44688e+27,148061,96,24.377,17,0.127234
1165,7.92282e+28,2.86502e+27,280572,96,25.0674,18,0.13152
1166,7.92282e+28,2.46611e+27,155397,96,25.7588,17,0.14242
1167,7.92282e+28,2.01899e+27,158287,96,24.4561,17,0.13502
1168,7.92282e+28,1.72766e+27,288916,96,24.9795,18,0.136912
1169,7.92282e+28,2.50383e+27,88939.4,96,25.1055,16,0.140229
1170,7.92282e+28,2.5166e+27,153060,96,25.0547,17,0.132655
1171,7.92282e+28,2.68827e+27,279758,96,24.5879,18,0.136997
1172,7.92282e+28,2.5681e+27,149533,96,24.5342,17,0.127702
1173,7.92282e+28,2.40101e+27,91824.7,96,25.1494,16,0.139874
1174,7.92282e+28,2.58898e+27,82114.4,96,23.8682,16,0.131049
1175,7.92282e+28,2.74683e+27,289219,96,25.1045,18,0.134124
1176,3.16913e+29,2.82438e+27,85664.6,98,23.6592,16,0.128698
1177,7.92282e+28,2.28507e+27,147798,96,24.2822,17,0.131799
1178,7.92282e+28,1.86293e+27,83970.8,96,23.1816,16,0.134855
1179,7.92282e+28,1.92376e+27,53456,96,23.2734,15,0.124367
1180,7.92282e+28,2.17912e+27,153591,96,24.3662,17,0.131444
1181,7.92282e+28,1.95925e+27,156571,96,24.083,17,0.133805
1182,7.92282e+28,2.76797e+27,281522,96,25.3672,18,0.132857
1183,7.92282e+28,2.49825e+27,160834,96,24.1162,17,0.130215
1184,7.92282e+28,2.20621e+27,90710.5,96,24.9404,16,0.136687
1185,7.92282e+28,2.24807e+27,146653,96,24.9707,17,0.140467
1186,7.92282e+28,2.54211e+27,289778,96,26.3418,18,0.142394
1187,7.92282e+28,3.502e+27,556681,96,27.3066,19,0.143074
1188,7.92282e+28,3.17039e+27,150557,96,26.4775,17,0.139104
1189,7.92282e+28,2.71335e+27,154400,96,26.1123,17,0.137773
1190,7.92282e+28,2.86065e+27,153713,96,26.4502,17,0.144988
1191,7.92282e+28,1.57638e+27,150642,96,24.4521,17,0.133244
1192,7.92282e+28,2.75522e+27,91760.2,96,25.7256,16,0.140757
1193,7.92282e+28,2.21451e+27,83511.4,96,23.7217,16,0.135083
1194,7.92282e+28,2.76206e+27,154077,96,26.3545,17,0.146705
1195,7.92282e+28,2.96324e+27,290839,96,26.3857,18,0.141073
1196,7.92282e+28,2.58914e+27,553768,96,26.251,19,0.142554
1197,7.92282e+28,3.50722e+27,2.11518e+06,96,27.6943,21,0.143936
1198,7.92282e+28,3.03326e+27,1.0759e+06,96,27.7646,20,0.151887
1199,7.92282e+28,2.90582e+27,2.11838e+06,96,27.3516,21,0.154528
1200,7.92282e+28,3.34969e+27,289391,96,26.8906,18,0.141291
1201,7.92282e+28,2.68364e+27,275748,96,26.6123,18,0.143901
1202,7.92282e+28,3.20887e+27,2.12887e+06,96,27.9795,21,0.146298
1203,7.92282e+28,3.93356e+27,1.08794e+06,96,29.2529,20,0.156579
1204,7.92282e+28,3.28333e+27,1.07807e+06,96,27.2549,20,0.144303
1205,7.92282e+28,3.28234e+27,551282,96,26.9619,19,0.143558
1206,7.92282e+28,2.52367e+27,286984,96,26.7637,18,0.150803
1207,7.92282e+28,2.91412e+27,558513,96,26.9902,19,0.143166
1208,7.92282e+28,4.03098e+27,553011,96,27.7021,19,0.145087
1209,7.92282e+28,3.52133e+27,1.07927e+06,96,27.4121,20,0.145552
1210,7.92282e+28,3.30394e+27,557088,96,26.999,19,0.144432
1211,7.92282e+28,1.72466e+27,287913,96,25.8545,18,0.141547
1212,7.92282e+28,2.49439e+27,4.22134e+06,96,28.0762,22,0.148494
1213,7.92282e+28,2.85745e+27,1.07802e+06,96,27.4463,20,0.147023
1214,7.92282e+28,2.68212e+27,4.22815e+06,96,27.9863,22,0.147912
1215,7.92282e+28,2.77559e+27,557536,96,26.9707,19,0.139779
1216,7.92282e+28,3.57964e+27,2.13184e+06,96,27.5459,21,0.141642
1217,7.92282e+28,3.1611e+27,550258,96,26.3701,19,0.141899
1218,7.92282e+28,3.10174e+27,1.07733e+06,96,28.0742,20,0.14839
1219,7.92282e+28,4.50785e+27,8.42503e+06,96,30.6396,23,0.15909
1220,7.92282e+28,3.20979e+27,1.68255e+07,96,30.6289,24,0.161434
1221,7.92282e+28,3.35747e+27,4.23277e+06,96,28.5967,22,0.148263
1222,7.92282e+28,3.74292e+27,8.43124e+06,96,29.8086,23,0.158363
1223,7.92282e+28,3.26741e+27,4.22475e+06,96,27.8604,22,0.143524
1224,7.92282e+28,3.30246e+27,8.4323e+06,96,29.4102,23,0.149026
1225,7.92282e+28,3.26088e+27,8.42801e+06,96,29.6865,23,0.154454
1226,7.92282e+28,3.39534e+27,8.43024e+06,96,29.1396,23,0.154225
1227,7.92282e+28,3.54168e+27,8.42326e+06,96,29.375,23,0.151978
1228,7.92282e+28,3.16311e+27,1.68284e+07,96,30.4102,24,0.15864
1229,7.92282e+28,3.62212e+27,2.12722e+06,96,27.8584,21,0.144577
1230,7.92282e+28,4.11105e+27,8.42126e+06,96,29.6846,23,0.162934
1231,7.92282e+28,3.56573e+27,8.43452e+06,96,29.3887,23,0.156012
1232,7.92282e+28,3.94344e+27,4.23935e+06,96,30.2109,22,0.166049
1233,7.92282e+28,4.39764e+27,1.68112e+07,96,30.707,24,0.159043
1234,7.92282e+28,3.58114e+27,1.68138e+07,96,30.207,24,0.159672
1235,7.92282e+28,3.89503e+27,8.43036e+06,96,30.2314,23,0.155183
1236,7.92282e+28,3.89105e+27,1.68105e+07,96,30.7295,24,0.156228
1237,7.92282e+28,2.87027e+27,3.36035e+07,96,31.1357,25,0.160269
1238,3.16913e+29,3.57223e+27,1.68255e+07,98,31.5381,24,0.164773
1239,7.92282e+28,3.77865e+27,1.3424e+08,96,32.4883,27,0.170714
1240,7.92282e+28,4.66322e+27,3.35946e+07,96,31.9707,25,0.162279
1241,7.92282e+28,4.58597e+27,6.7136e+07,96,33.0449,26,0.168954
1242,7.92282e+28,4.8993e+27,3.35913e+07,96,33.1465,25,0.167437
1243,7.92282e+28,4.0804e+27,6.71527e+07,96,32.6924,26,0.166433
1244,7.92282e+28,4.36649e+27,1.34277e+08,96,32.7754,27,0.167464
1245,7.92282e+28,3.1329e+27,6.71524e+07,96,31.7422,26,0.160044
1246,7.92282e+28,4.85944e+27,3.36065e+07,96,33.208,25,0.172331
1247,7.92282e+28,3.60804e+27,3.36035e+07,96,32.5811,25,0.167952
1248,7.92282e+28,4.33285e+27,1.34264e+08,96,33.5557,27,0.170436
1249,7.92282e+28,3.66451e+27,6.71571e+07,96,31.5859,26,0.159165
1250,7.92282e+28,3.60373e+27,6.7152e+07,96,32.7783,26,0.16338
1251,7.92282e+28,5.21247e+27,6.71676e+07,96,33.9355,26,0.169986
1252,7.92282e+28,3.84683e+27,6.7165e+07,96,33.2607,26,0.165269
1253,7.92282e+28,4.1535e+27,1.68322e+07,96,33.0566,24,0.16614
1254,7.92282e+28,4.01273e+27,1.34276e+08,96,33.8105,27,0.172544
1255,7.92282e+28,4.49601e+27,3.36067e+07,96,33.2354,25,0.173717
1256,7.92282e+28,4.07896e+27,6.71561e+07,96,32.9141,26,0.169382
1257,7.92282e+28,3.80483e+27,1.68326e+07,96,31.8604,24,0.16456
1258,7.92282e+28,4.14085e+27,3.36079e+07,96,32.6494,25,0.167098
1259,7.92282e+28,4.99972e+27,1.68078e+07,96,32.6279,24,0.163198
1260,7.92282e+28,3.93443e+27,1.34271e+08,96,33.5957,27,0.169898
1261,7.92282e+28,4.61002e+27,1.34252e+08,96,33.9238,27,0.169675
1262,7.92282e+28,4.98405e+27,3.36062e+07,96,32.377,25,0.161178
1263,7.92282e+28,4.57916e+27,1.34275e+08,96,34.2402,27,0.175499
1264,7.92282e+28,3.70351e+27,6.71654e+07,96,33.5283,26,0.171464
1265,7.92282e+28,4.25798e+27,1.34267e+08,96,34.252,27,0.183683
1266,7.92282e+28,4.25977e+27,1.68215e+07,96,32.1543,24,0.16677
1267,7.92282e+28,3.55835e+27,1.68235e+07,96,31.459,24,0.158869
1268,7.92282e+28,4.36573e+27,6.71676e+07,96,32.6602,26,0.16683
1269,7.92282e+28,3.35749e+27,1.6812e+07,96,31.9961,24,0.168128
1270,7.92282e+28,4.46654e+27,2.68499e+08,96,33.915,28,0.181554
1271,7.92282e+28,5.71231e+27,6.71465e+07,96,33.1934,26,0.172597
1272,3.16913e+29,4.7118e+27,6.71621e+07,98,34.1631,26,0.171767
1273,7.92282e+28,5.55848e+27,1.34284e+08,96,34.9414,27,0.178423
1274,7.92282e+28,4.21941e+27,1.68194e+07,96,32.3916,24,0.174388
1275,7.92282e+28,3.3054e+27,3.36076e+07,96,32.2559,25,0.168805
1276,7.92282e+28,4.8961e+27,1.34283e+08,96,33.6084,27,0.173479
1277,7.92282e+28,4.42109e+27,2.68478e+08,96,34.2109,28,0.180233
1278,7.92282e+28,4.62545e+27,6.71603e+07,96,33.0781,26,0.175348
1279,7.92282e+28,5.00314e+27,3.35925e+07,96,32.5049,25,0.170274
1280,7.92282e+28,4.33263e+27,6.71675e+07,96,32.8828,26,0.16759
1281,7.92282e+28,4.79125e+27,1.34266e+08,96,34.9883,27,0.18014
1282,7.92282e+28,5.06635e+27,1.34261e+08,96,34.5254,27,0.181199
1283,7.92282e+28,5.48851e+27,1.68167e+07,96,32.4932,24,0.16429
1284,7.92282e+28,6.04363e+27,2.68474e+08,96,34.9326,28,0.174561
1285,7.92282e+28,4.96386e+27,6.71631e+07,96,33.5869,26,0.171964
1286,7.92282e+28,4.1243e+27,6.71507e+07,96,32.2656,26,0.165607
1287,7.92282e+28,5.05188e+27,3.35991e+07,96,33.207,25,0.17122
1288,7.92282e+28,4.52246e+27,3.36111e+07,96,33.1885,25,0.174649
1289,7.92282e+28,5.39198e+27,1.34247e+08,96,34.1875,27,0.171022
1290,7.92282e+28,5.72736e+27,1.3426e+08,96,34.7959,27,0.184425
1291,7.92282e+28,4.51672e+27,1.34237e+08,96,34.4287,27,0.180815
1292,7.92282e+28,4.45375e+27,2.6849e+08,96,34.9209,28,0.182635
1293,7.92282e+28,5.23504e+27,8.4282e+06,96,32.9092,23,0.175505
1294,7.92282e+28,4.99343e+27,6.71423e+07,96,33.835,26,0.178815
1295,7.92282e+28,6.04105e+27,3.35843e+07,96,33.9414,25,0.181278
1296,7.92282e+28,5.39623e+27,3.35918e+07,96,33.8047,25,0.180828
1297,7.92282e+28,5.2933e+27,6.71417e+07,96,34.0703,26,0.178922
1298,7.92282e+28,4.88711e+27,2.68491e+08,96,35.6426,28,0.186087
1299,7.92282e+28,4.01325e+27,1.68265e+07,96,32.584,24,0.16835
1300,7.92282e+28,6.01132e+27,2.68477e+08,96,36.1133,28,0.187858
1301,7.92282e+28,4.82084e+27,6.71605e+07,96,35.5283,26,0.185559
1302,7.92282e+28,4.80603e+27,1.34269e+08,96,34.8613,27,0.181674
1303,7.92282e+28,5.52208e+27,1.34281e+08,96,36.166,27,0.186408
1304,7.92282e+28,4.58568e+27,1.34252e+08,96,35.292,27,0.176608
1305,7.92282e+28,6.21733e+27,5.36921e+08,96,36.6963,29,0.190952
1306,7.92282e+28,5.13558e+27,1.07383e+09,96,36.6084,30,0.183634
1307,7.92282e+28,5.2694e+27,1.34278e+08,96,35.9785,27,0.190505
1308,7.92282e+28,4.93192e+27,1.34286e+08,96,34.3418,27,0.174826
1309,7.92282e+28,5.11678e+27,6.71572e+07,96,34.8652,26,0.178192
1310,7.92282e+28,5.54385e+27,5.36928e+08,96,36.7363,29,0.185545
1311,7.92282e+28,5.71959e+27,1.34267e+08,96,35.4307,27,0.177932
1312,3.16913e+29,6.22531e+27,2.68487e+08,98,35.21,28,0.179683
1313,7.92282e+28,5.8972e+27,5.36902e+08,96,36.0283,29,0.185024
1314,7.92282e+28,5.48563e+27,1.34254e+08,96,34.9854,27,0.188763
1315,7.92282e+28,6.32323e+27,5.36916e+08,96,35.1406,29,0.176793
1316,7.92282e+28,5.50597e+27,5.36941e+08,96,36.0117,29,0.186565
1317,3.16913e+29,5.68052e+27,1.34276e+08,98,35.6299,27,0.19682
1318,7.92282e+28,5.50823e+27,1.07381e+09,96,36.0508,30,0.180878
1319,7.92282e+28,5.84333e+27,1.0738e+09,96,36.7832,30,0.187345
1320,3.16913e+29,6.12339e+27,4.29501e+09,98,37.167,32,0.190953
1321,7.92282e+28,6.06122e+27,2.68471e+08,96,35.4385,28,0.18095
1322,7.92282e+28,5.28425e+27,1.07382e+09,96,36.6914,30,0.191915
1323,7.92282e+28,5.18059e+27,2.68495e+08,96,35.792,28,0.179029
1324,7.92282e+28,5.98115e+27,2.68479e+08,96,35.9434,28,0.185575
1325,7.92282e+28,5.17145e+27,2.68471e+08,96,35.1367,28,0.180712
1326,7.92282e+28,6.7402e+27,1.07379e+09,96,37.583,30,0.192032
1327,7.92282e+28,7.13042e+27,2.14755e+09,96,38.1709,31,0.197513
1328,7.92282e+28,6.12511e+27,2.6848e+08,96,35.835,28,0.189714
1329,7.92282e+28,5.84954e+27,5.3694e+08,96,37.3008,29,0.198223
1330,7.92282e+28,6.94596e+27,1.0738e+09,96,38.1201,30,0.194245
1331,7.92282e+28,6.04839e+27,1.07377e+09,96,36.8818,30,0.183191
1332,3.16913e+29,6.1716e+27,4.29503e+09,98,38.5449,32,0.192712
1333,7.92282e+28,7.7154e+27,1.0738e+09,96,37.7842,30,0.195295
1334,7.92282e+28,7.39685e+27,8.58999e+09,96,39.0713,33,0.196729
1335,7.92282e+28,6.6534e+27,5.3693e+08,96,37.2256,29,0.192508
1336,7.92282e+28,6.1042e+27,2.14756e+09,96,38.4785,31,0.198554
1337,7.92282e+28,7.35624e+27,1.718e+10,96,40.3135,34,0.200628
1338,7.92282e+28,6.67065e+27,2.14754e+09,96,38.9316,31,0.19896
1339,7.92282e+28,6.09548e+27,4.29503e+09,96,39.0254,32,0.197235
1340,7.92282e+28,6.99354e+27,8.58999e+09,96,39.1152,33,0.193688
1341,3.16913e+29,5.91735e+27,4.29502e+09,98,38.9297,32,0.195333
1342,3.16913e+29,7.07917e+27,4.29504e+09,98,39.001,32,0.194177
1343,3.16913e+29,5.56779e+27,4.29504e+09,98,38.3994,32,0.191264
1344,7.92282e+28,5.56188e+27,4.29506e+09,96,38.7148,32,0.193943
1345,7.92282e+28,6.26278e+27,8.59001e+09,96,39.1152,33,0.195701
1346,7.92282e+28,4.72355e+27,2.14756e+09,96,37.6934,31,0.194096
1347,7.92282e+28,5.63065e+27,1.71799e+10,96,39.1885,34,0.199074
1348,7.92282e+28,5.8453e+27,1.71799e+10,96,39.7109,34,0.197569
1349,7.92282e+28,6.23839e+27,8.59e+09,96,39.2383,33,0.196394
1350,7.92282e+28,5.71823e+27,3.43598e+10,96,39.8066,35,0.200368
1351,7.92282e+28,6.64086e+27,4.29504e+09,96,38.7393,32,0.19183
1352,7.92282e+28,6.34669e+27,8.59e+09,96,39.6465,33,0.20129
1353,7.92282e+28,6.23385e+27,8.59002e+09,96,39.0693,33,0.206012
1354,7.92282e+28,6.65312e+27,2.14755e+09,96,38.3623,31,0.193518
1355,7.92282e+28,6.55222e+27,8.59001e+09,96,40.0146,33,0.207879
1356,7.92282e+28,6.26325e+27,4.29502e+09,96,38.1143,32,0.186695
1357,7.92282e+28,7.26865e+27,4.29503e+09,96,38.8887,32,0.19491
1358,7.92282e+28,6.53298e+27,3.43598e+10,96,40.9883,35,0.202546
1359,7.92282e+28,7.72246e+27,3.43598e+10,96,41.2881,35,0.208784
1360,7.92282e+28,7.00161e+27,6.87196e+10,96,41.2637,36,0.209823
1361,7.92282e+28,7.10842e+27,6.87196e+10,96,41.1826,36,0.205162
1362,7.92282e+28,6.34366e+27,1.37439e+11,96,41.4961,37,0.212226
1363,7.92282e+28,6.34826e+27,1.71799e+10,96,40.4326,34,0.200623
1364,7.92282e+28,5.52958e+27,4.29503e+09,96,38.5625,32,0.195466
1365,3.16913e+29,6.55946e+27,6.87195e+10,98,41.251,36,0.204415
1366,7.92282e+28,5.75317e+27,6.87196e+10,96,41.5244,36,0.214314
1367,7.92282e+28,7.3836e+27,1.718e+10,96,40.9756,34,0.201336
1368,7.92282e+28,7.10746e+27,1.718e+10,96,40.6895,34,0.200086
1369,7.92282e+28,5.90531e+27,1.37439e+11,96,41.4766,37,0.212896
1370,7.92282e+28,6.93019e+27,6.87196e+10,96,41.4492,36,0.203611
1371,7.92282e+28,6.39456e+27,1.718e+10,96,41.3535,34,0.204922
1372,7.92282e+28,5.92762e+27,6.87196e+10,96,41.9648,36,0.210482
1373,7.92282e+28,6.75915e+27,1.37439e+11,96,42.6299,37,0.208171
1374,7.92282e+28,7.02759e+27,1.37439e+11,96,42.6084,37,0.21692
1375,7.92282e+28,7.11988e+27,1.718e+10,96,41.4287,34,0.20398
1376,7.92282e+28,5.79503e+27,4.29505e+09,96,39.0557,32,0.205683
1377,7.92282e+28,5.61871e+27,3.43598e+10,96,40.3242,35,0.206838
1378,1.58456e+29,6.2802e+27,1.718e+10,97,40.2822,34,0.20143
1379,7.92282e+28,6.4163e+27,3.43598e+10,96,41.0674,35,0.205293
1380,7.92282e+28,7.07154e+27,3.43598e+10,96,40.7236,35,0.206114
1381,7.92282e+28,6.50852e+27,1.37439e+11,96,42.1729,37,0.203809
1382,1.58456e+29,7.08237e+27,3.43598e+10,97,41.665,35,0.206454
1383,7.92282e+28,6.8529e+27,3.43598e+10,96,40.7031,35,0.202717
1384,7.92282e+28,6.13095e+27,3.43598e+10,96,41.3848,35,0.202935
1385,7.92282e+28,6.82467e+27,6.87196e+10,96,41.7754,36,0.19887
1386,7.92282e+28,6.60565e+27,6.87196e+10,96,41.3594,36,0.20614
1387,7.92282e+28,4.82832e+27,2.74878e+11,96,41.0488,38,0.20407
1388,7.92282e+28,6.01335e+27,2.74878e+11,96,41.9961,38,0.207184
1389,7.92282e+28,7.10444e+27,3.43598e+10,96,41.2725,35,0.201598
1390,7.92282e+28,7.94074e+27,5.49756e+11,96,43.9902,39,0.215051
1391,7.92282e+28,6.55035e+27,1.37439e+11,96,42.5195,37,0.210309
1392,7.92282e+28,8.06318e+27,1.37439e+11,96,42.3203,37,0.206811
1393,7.92282e+28,7.25933e+27,2.74878e+11,96,43.3496,38,0.22229
1394,1.58456e+29,7.64769e+27,1.09951e+12,97,44.3896,40,0.220843
1395,7.92282e+28,8.66136e+27,3.51844e+13,96,46.1289,45,0.226205
1396,7.92282e+28,6.92219e+27,1.37439e+11,96,42.627,37,0.21451
1397,7.92282e+28,8.44702e+27,4.39805e+12,96,44.6787,42,0.221462
1398,7.92282e+28,7.43347e+27,1.75922e+13,96,45.4365,44,0.229827
1399,7.92282e+28,7.93178e+27,4.39805e+12,96,44.8291,42,0.22171
1400,7.92282e+28,7.37384e+27,2.19902e+12,96,44.0137,41,0.232797
1401,7.92282e+28,8.25519e+27,1.37439e+11,96,43.0215,37,0.217202
1402,7.92282e+28,7.1937e+27,4.39805e+12,96,44.082,42,0.222699
1403,7.92282e+28,7.52847e+27,1.09951e+12,96,44.0049,40,0.216128
1404,7.92282e+28,8.13463e+27,1.75922e+13,96,44.8857,44,0.219043
1405,7.92282e+28,7.61442e+27,2.19902e+12,96,44.4639,41,0.218789
1406,7.92282e+28,8.2745e+27,2.19902e+12,96,45.457,41,0.21959
1407,7.92282e+28,9.00064e+27,3.51844e+13,96,46.5742,45,0.22283
1408,7.92282e+28,8.02706e+27,4.39805e+12,96,44.8809,42,0.216303
1409,7.92282e+28,7.44154e+27,1.75922e+13,96,45.6719,44,0.223616
1410,3.16913e+29,8.64515e+27,3.51844e+13,98,45.9092,45,0.220978
1411,7.92282e+28,8.45384e+27,1.75922e+13,96,46.5771,44,0.228544
1412,7.92282e+28,8.63375e+27,7.03687e+13,96,46.8174,46,0.23205
1413,7.92282e+28,8.96835e+27,4.39805e+12,96,45.7646,42,0.223118
1414,7.92282e+28,8.57264e+27,7.03687e+13,96,46.5801,46,0.227858
1415,3.16913e+29,8.03557e+27,7.03687e+13,98,46.0557,46,0.222843
1416,7.92282e+28,8.12392e+27,2.81475e+14,96,46.8848,48,0.22937
1417,7.92282e+28,1.0661e+28,2.81475e+14,96,48.5781,48,0.233411
1418,7.92282e+28,1.04591e+28,2.81475e+14,96,47.8721,48,0.236111
1419,7.92282e+28,9.32365e+27,2.2518e+15,96,48.3369,51,0.235357
1420,7.92282e+28,8.55344e+27,1.1259e+15,96,47.7168,50,0.228387
1421,7.92282e+28,8.26639e+27,2.81475e+14,96,47.8252,48,0.242776
1422,7.92282e+28,8.29762e+27,2.2518e+15,96,48.1904,51,0.244825
1423,7.92282e+28,8.73017e+27,7.03687e+13,96,46.4775,46,0.221069
1424,7.92282e+28,8.67407e+27,1.40737e+14,96,47.3047,47,0.236424
1425,7.92282e+28,8.18957e+27,7.03687e+13,96,46.999,46,0.230912
1426,7.92282e+28,9.79869e+27,9.0072e+15,96,49.4277,53,0.235931
1427,7.92282e+28,8.27289e+27,1.40737e+14,96,46.8154,47,0.227906
1428,7.92282e+28,8.49176e+27,1.1259e+15,96,48.0791,50,0.241826
1429,1.58456e+29,8.93817e+27,2.81475e+14,97,47.3525,48,0.231882
1430,7.92282e+28,9.25194e+27,8.79609e+12,96,45.3848,43,0.228897
1431,7.92282e+28,8.30627e+27,1.40737e+14,96,46.7959,47,0.23224
1432,7.92282e+28,8.06973e+27,7.03687e+13,96,45.916,46,0.222477
1433,7.92282e+28,8.67558e+27,3.51844e+13,96,46.6611,45,0.235329
1434,7.92282e+28,8.19505e+27,1.40737e+14,96,46.7021,47,0.232689
1435,7.92282e+28,8.04793e+27,1.75922e+13,96,46.3984,44,0.220467
1436,7.92282e+28,7.18494e+27,2.19902e+12,96,44.2578,41,0.215306
1437,7.92282e+28,8.13001e+27,7.03687e+13,96,46.9639,46,0.230148
1438,1.58456e+29,8.81272e+27,1.1259e+15,97,47.5576,50,0.23235
1439,7.92282e+28,8.79594e+27,2.81475e+14,96,48.0732,48,0.236041
1440,7.92282e+28,9.54499e+27,1.40737e+14,96,47.6562,47,0.23546
1441,1.58456e+29,1.01249e+28,2.8823e+17,97,51.1133,58,0.240674
1442,3.16913e+29,1.05175e+28,4.5036e+15,98,49.3926,52,0.243341
1443,7.92282e+28,1.01982e+28,1.40737e+14,96,48.0732,47,0.230511
1444,3.16913e+29,1.06699e+28,2.81475e+14,98,48.418,48,0.232745
1445,7.92282e+28,9.58502e+27,5.6295e+14,96,48.4912,49,0.234267
1446,7.92282e+28,1.05774e+28,1.80144e+16,96,50.0107,54,0.24607
1447,7.92282e+28,9.38795e+27,3.60288e+16,96,49.8496,55,0.24291
1448,1.58456e+29,1.03907e+28,9.0072e+15,97,49.3252,53,0.235714
1449,7.92282e+28,1.16748e+28,2.8823e+17,96,51.4453,58,0.249077
1450,7.92282e+28,1.05014e+28,2.2518e+15,96,49.6387,51,0.248217
1451,7.92282e+28,1.01329e+28,1.80144e+16,96,49.8701,54,0.237827
1452,7.92282e+28,1.07972e+28,5.76461e+17,96,50.8838,59,0.248776
1453,3.16913e+29,1.01574e+28,9.0072e+15,98,49.3008,53,0.239341
1454,7.92282e+28,1.13068e+28,2.8823e+17,96,51.4375,58,0.246346
1455,7.92282e+28,1.03199e+28,1.1259e+15,96,48.8555,50,0.234632
1456,1.58456e+29,1.11892e+28,1.80144e+16,97,50.0488,54,0.248822
1457,7.92282e+28,1.19676e+28,1.80144e+16,96,50.7998,54,0.238989
1458,3.16913e+29,1.11805e+28,3.60288e+16,98,50.1094,55,0.241436
1459,7.92282e+28,1.13961e+28,1.1259e+15,96,48.9395,50,0.24235
1460,3.16913e+29,1.19642e+28,1.1259e+15,98,49.2402,50,0.238027
1461,7.92282e+28,1.14142e+28,4.5036e+15,96,49.3643,52,0.234224
1462,7.92282e+28,1.16011e+28,1.44115e+17,96,52.4658,57,0.257506
1463,7.92282e+28,1.18214e+28,3.60288e+16,96,50.8809,55,0.242639
1464,7.92282e+28,1.29361e+28,5.76461e+17,96,51.1953,59,0.247093
1465,7.92282e+28,1.16586e+28,2.8823e+17,96,51.3105,58,0.243434
1466,3.16913e+29,1.38079e+28,7.20576e+16,98,51.458,56,0.244696
1467,7.92282e+28,1.33854e+28,5.76461e+17,96,52.0254,59,0.247884
1468,7.92282e+28,1.21998e+28,9.0072e+15,96,50.6396,53,0.240705
1469,7.92282e+28,1.27621e+28,2.8823e+17,96,51.7471,58,0.246507
1470,1.58456e+29,1.27763e+28,2.30584e+18,97,53.0771,61,0.25282
1471,7.92282e+28,1.20345e+28,7.20576e+16,96,50.998,56,0.240931
1472,7.92282e+28,1.30808e+28,1.44115e+17,96,51.3516,57,0.25107
1473,7.92282e+28,1.24672e+28,1.80144e+16,96,51.4316,54,0.243889
1474,3.16913e+29,1.33736e+28,7.20576e+16,98,50.8877,56,0.241127
1475,3.16913e+29,1.16325e+28,7.20576e+16,98,51.2295,56,0.24377
1476,7.92282e+28,1.20184e+28,2.8823e+17,96,52.6279,58,0.253347
1477,7.92282e+28,1.28173e+28,7.20576e+16,96,50.79,56,0.247709
1478,7.92282e+28,1.26157e+28,5.76461e+17,96,53.0176,59,0.250836
1479,3.16913e+29,1.15448e+28,2.8823e+17,98,51.916,58,0.251855
1480,7.92282e+28,1.38493e+28,1.15292e+18,96,52.7539,60,0.247224
1481,7.92282e+28,1.26997e+28,2.8823e+17,96,52.2617,58,0.242193
1482,7.92282e+28,1.42071e+28,1.15292e+18,96,52.668,60,0.247718
1483,3.16913e+29,1.39593e+28,2.8823e+17,98,52.416,58,0.247516
1484,1.58456e+29,1.34023e+28,2.8823e+17,97,52.2568,58,0.252178
1485,7.92282e+28,1.18534e+28,5.76461e+17,96,51.2363,59,0.249726
1486,7.92282e+28,1.39028e+28,5.76461e+17,96,51.9844,59,0.242576
1487,7.92282e+28,1.11068e+28,1.44115e+17,96,51.9102,57,0.247409
1488,7.92282e+28,1.23688e+28,1.15292e+18,96,52.5781,60,0.25336
1489,7.92282e+28,1.366e+28,1.44115e+17,96,51.5518,57,0.242499
1490,7.92282e+28,1.26638e+28,1.44115e+17,96,52.1709,57,0.246896
1491,7.92282e+28,1.28003e+28,4.61169e+18,96,52.6426,62,0.261333
1492,7.92282e+28,1.23755e+28,2.8823e+17,96,52.1191,58,0.253382
1493,7.92282e+28,1.22422e+28,2.30584e+18,96,52.0996,61,0.243784
1494,7.92282e+28,1.28385e+28,7.20576e+16,96,52.3594,56,0.249521
1495,3.16913e+29,1.36486e+28,1.80144e+16,98,50.4639,54,0.238143
1496,7.92282e+28,1.34276e+28,4.61169e+18,96,53.3213,62,0.255261
1497,7.92282e+28,1.32344e+28,5.76461e+17,96,52.9023,59,0.256417
1498,7.92282e+28,1.29606e+28,3.60288e+16,96,51.4297,55,0.250862
1499,7.92282e+28,1.45612e+28,9.22337e+18,96,53.5459,63,0.257195
