136.311
0,109.275,7.73662,4,1,0.0351562,0,0.00472279
1,111.937,8.54056,4,1,0.0400391,0,0.00448609
2,434.412,9.16566,5,2,0.0419922,0,0.00437385
3,1011.78,9.74612,5,3,0.0419922,0,0.00433073
4,434.954,8.92598,5,2,0.0371094,0,0.00430846
5,435.151,10.9541,5,2,0.0527344,0,0.00436897
6,435.076,10.2496,5,2,0.0478516,0,0.00431122
7,1011.78,12.3993,5,3,0.0625,0,0.00430014
8,434.639,10.093,5,2,0.046875,0,0.0043562
9,435.151,10.1371,5,2,0.0449219,0,0.00440466
10,434.639,9.24382,6,2,0.0380859,0,0.00443691
11,435.053,10.5663,5,2,0.0488281,0,0.00439975
12,435.053,9.32944,5,2,0.0410156,0,0.00439687
13,435.053,9.85102,5,2,0.0410156,0,0.00432896
14,109.829,9.15275,5,1,0.0410156,0,0.0042839
15,434.639,9.56581,5,2,0.0410156,0,0.00436406
16,434.639,9.76528,5,2,0.0429688,0,0.00430016
17,435.149,8.90024,5,2,0.0361328,0,0.00429349
18,111.937,9.87407,5,1,0.046875,0,0.00442682
19,434.818,11.0309,6,2,0.0546875,0,0.00433293
20,109.829,9.59983,5,1,0.0429688,0,0.0043091
21,109.829,10.1529,6,1,0.0458984,0,0.00440737
22,435.053,13.4504,6,2,0.0761719,0,0.00434304
23,434.638,10.9365,6,2,0.0546875,0,0.00433325
24,435,10.9436,6,2,0.0498047,0,0.00435265
25,435.149,10.916,6,2,0.046875,0,0.00441509
26,112.44,10.8522,6,1,0.0556641,0,0.00429889
27,435.151,10.847,6,2,0.0527344,0,0.00430184
28,435.117,9.85663,6,2,0.0410156,0,0.00445642
29,434.818,12.2103,6,2,0.0634766,0,0.00439922
30,1009.59,12.2559,6,3,0.0556641,0,0.0043812
31,434.412,11.0201,6,2,0.0517578,0,0.00440706
32,435.053,11.7673,6,2,0.0585938,0,0.0043469
33,1012.18,13.876,6,3,0.0654297,0,0.00435217
34,435.151,13.4925,6,2,0.0654297,0,0.00442093
35,435.151,12.7369,6,2,0.0615234,0,0.00437851
36,435.149,10.8835,6,2,0.0498047,0,0.00433926
37,1009.59,12.5665,6,3,0.0595703,0,0.00436095
38,434.818,13.188,6,2,0.0654297,0,0.00435785
39,435.151,12.7948,6,2,0.0605469,0,0.00439611
40,1011.31,14.1037,6,3,0.0664062,0,0.00442979
41,1011.31,12.911,6,3,0.0546875,0,0.00447547
42,434.639,11.897,6,2,0.0566406,0,0.00442023
43,435.127,10.7965,6,2,0.046875,0,0.00437729
44,435.149,11.9858,6,2,0.0576172,0,0.00439279
45,434.902,12.2677,6,2,0.0595703,0,0.00447505
46,435.151,13.4798,6,2,0.0703125,0,0.00439849
47,435.127,11.9654,7,2,0.0517578,0,0.00448482
48,1008.92,12.8511,6,3,0.0576172,0,0.00449566
49,435.053,12.9977,7,2,0.0634766,0,0.00446991
50,435.117,12.7775,7,2,0.0605469,0,0.00444282
51,435.127,14.63,7,2,0.0751953,0,0.00451071
52,435.127,11.9771,7,2,0.0546875,0,0.00444806
53,435.053,14.7731,7,2,0.0771484,0,0.00460042
54,435.151,16.9141,7,2,0.0878906,0,0.0045157
55,435.151,13.4652,7,2,0.0595703,0,0.00445502
56,435.117,15.7241,7,2,0.0820312,0,0.00452888
57,435.149,13.8061,7,2,0.0644531,0,0.00453352
58,435.151,13.392,7,2,0.0625,0,0.00465878
59,435.149,13.9404,8,2,0.0673828,0,0.00458513
60,435.151,14.322,8,2,0.0664062,0,0.00455137
61,434.954,14.2561,8,2,0.0703125,0,0.00461552
62,435.053,14.1602,7,2,0.0693359,0,0.004534
63,434.818,14.1579,8,2,0.0722656,0,0.00457111
64,435.149,15.9657,8,2,0.0820312,0,0.00460369
65,435.127,15.0532,8,2,0.0771484,0,0.00459363
66,435.151,15.534,8,2,0.0791016,0,0.00456365
67,435.127,16.3913,8,2,0.0859375,0,0.00459602
68,435.127,17.1017,8,2,0.0908203,0,0.00472806
69,435.149,15.3362,8,2,0.0761719,0,0.00467408
70,435.151,15.5004,8,2,0.0800781,0,0.00464494
71,435.127,18.0292,8,2,0.103516,0,0.00466865
72,435.076,16.0969,8,2,0.0800781,0,0.00459428
73,1009.59,18.7035,8,3,0.0957031,0,0.00463652
74,1009.59,16.4387,8,3,0.0839844,0,0.00463181
75,435.151,15.9335,8,2,0.0810547,0,0.00461204
76,1008.92,17.5191,8,3,0.0898438,0,0.0046461
77,1011.31,20.9175,8,3,0.113281,0,0.00466463
78,1008.92,19.791,8,3,0.0957031,0,0.00460023
79,435.151,15.7197,8,2,0.0761719,0,0.00465972
80,435.127,17.8016,8,2,0.09375,0,0.00472286
81,435.127,18.5244,8,2,0.0957031,0,0.0046739
82,435.149,18.8694,8,2,0.0957031,0,0.00473129
83,435.149,19.1072,9,2,0.100586,0,0.00470886
84,1008.92,18.7433,9,3,0.101562,0,0.00472363
85,435.127,19.6568,8,2,0.106445,0,0.00466755
86,435.151,19.208,9,2,0.108398,0,0.00474551
87,1008.92,19.3646,8,3,0.106445,0,0.00468411
88,435.151,18.8382,8,2,0.0996094,0,0.00477365
89,435.127,20.5951,9,2,0.113281,0,0.0047396
90,435.151,17.0872,9,2,0.0888672,0,0.00472912
91,435.127,21.9897,9,2,0.125,0,0.00472728
92,435.151,20.2963,9,2,0.110352,0,0.00475506
93,435.127,23.0465,9,2,0.136719,0,0.00483221
94,1010.21,24.2606,9,3,0.135742,0,0.00476135
95,435.151,20.8943,9,2,0.108398,0,0.00478236
96,1008.92,21.7381,9,3,0.124023,0,0.00480581
97,1011.78,26.3259,9,3,0.140625,0,0.00478272
98,1010.79,21.6037,9,3,0.118164,0,0.00478881
99,435.149,22.3773,9,2,0.126953,0,0.00479081
100,1011.78,26.1695,9,3,0.155273,0,0.00477789
101,435.151,24.6917,9,2,0.148438,0,0.00479564
102,435.149,24.7722,9,2,0.147461,0,0.00478751
103,435.151,26.605,9,2,0.162109,0,0.00479703
104,435.149,25.402,9,2,0.160156,0,0.00489221
105,435.151,26.2391,9,2,0.15918,0,0.00477645
106,435.151,25.8907,9,2,0.154297,0,0.00479704
107,435.149,26.3247,9,2,0.15625,0,0.00482577
108,435.151,26.1929,9,2,0.162109,0,0.00486562
109,1009.59,25.7917,9,3,0.141602,0,0.00483831
110,1008.92,28.9323,9,3,0.178711,0,0.0048459
111,1008.92,26.7319,9,3,0.15918,0,0.00488592
112,435.151,27.9749,9,2,0.173828,0,0.00498652
113,1010.21,31.3853,9,3,0.180664,0,0.00497677
114,435.151,28.6847,9,2,0.1875,0,0.00485857
115,435.151,29.5048,9,2,0.186523,0,0.00483852
116,1010.21,30.5985,9,3,0.1875,0,0.00489123
117,1009.59,28.1377,9,3,0.166016,0,0.00484456
118,435.151,28.0491,9,2,0.170898,0,0.00491358
119,1011.31,32.2645,9,3,0.195312,0,0.00489321
120,435.151,28.5397,9,2,0.177734,0,0.00486898
121,1008.92,30.8276,9,3,0.186523,0,0.00485793
122,1849.99,35.9269,9,4,0.207031,0,0.00487192
123,435.151,29.0677,9,2,0.179688,0,0.00477639
124,435.151,30.2793,9,2,0.180664,0,0.00484658
125,435.151,32.8017,9,2,0.208984,0,0.00490542
126,1008.92,34.3423,9,3,0.21875,0,0.00487737
127,1010.21,33.551,9,3,0.21582,0,0.00492812
128,1008.92,33.3947,9,3,0.205078,0,0.00496426
129,435.151,37.073,9,2,0.238281,0,0.00490221
130,1010.21,35.0815,9,3,0.228516,0,0.00497051
131,435.151,34.7381,9,2,0.233398,0,0.0049364
132,435.151,37.3479,9,2,0.243164,0,0.00492397
133,1010.79,32.7009,9,3,0.206055,0,0.00490913
134,435.149,33.4122,9,2,0.216797,0,0.00485904
135,1009.59,34.1092,9,3,0.203125,0,0.00483665
136,1010.79,36.5433,9,3,0.226562,0,0.00495401
137,1009.59,32.9711,9,3,0.210938,0,0.00495363
138,1008.92,36.1131,9,3,0.229492,0,0.00491753
139,435.151,36.8857,9,2,0.236328,0,0.00493068
140,1011.31,36.589,9,3,0.228516,0,0.00492887
141,1010.79,38.3204,9,3,0.243164,0,0.00486702
142,1011.31,39.9889,9,3,0.260742,0,0.00490023
143,435.151,38.0991,9,2,0.25,0,0.00487091
144,1843.9,40.1866,9,4,0.254883,0,0.00493554
145,435.151,37.0368,9,2,0.243164,0,0.00497086
146,1010.79,38.7419,9,3,0.248047,0,0.00488089
147,1845.26,41.2255,9,4,0.250977,0,0.00499765
148,1011.31,36.8692,9,3,0.232422,0,0.00493956
149,1008.92,36.7379,10,3,0.223633,0,0.00494506
150,1008.92,38.2099,9,3,0.25,0,0.00493414
151,1010.21,40.9587,9,3,0.268555,0,0.00490747
152,1008.92,37.9734,10,3,0.240234,0,0.00494851
153,1011.31,40.4708,9,3,0.256836,0,0.0050213
154,1009.59,46.2334,10,3,0.288086,0,0.00495651
155,1009.59,41.3508,10,3,0.270508,0,0.00501398
156,1012.18,40.2573,9,3,0.245117,0,0.00495967
157,1009.59,37.4873,9,3,0.246094,0,0.00493241
158,1010.79,39.7965,10,3,0.265625,0,0.00494936
159,1010.79,45.6012,10,3,0.290039,0,0.00512106
160,435.151,36.096,9,2,0.234375,0,0.00497089
161,435.151,41.0794,9,2,0.270508,0,0.0048593
162,1009.59,36.1371,10,3,0.234375,0,0.00494359
163,1011.31,40.5306,10,3,0.248047,0,0.00496955
164,435.151,38.2653,10,2,0.25,0,0.00494378
165,1011.31,40.1741,10,3,0.253906,0,0.00494178
166,435.151,44.6625,10,2,0.288086,0,0.00495993
167,435.151,40.9707,9,2,0.260742,0,0.00495445
168,1010.21,41.204,10,3,0.266602,0,0.00491356
169,435.151,42.5354,10,2,0.283203,0,0.00502557
170,1848.92,44.7285,10,4,0.263672,0,0.00496684
171,1005.85,42.9178,10,3,0.287109,0,0.00501077
172,1846.55,41.4762,10,4,0.262695,0,0.00497353
173,1009.59,45.8658,11,3,0.291992,0,0.00499654
174,1008.92,43.0631,11,3,0.290039,0,0.00507176
175,1008.92,49.3841,11,3,0.313477,0,0.00499833
176,1009.59,44.2815,11,3,0.287109,0,0.00495307
177,1008.92,39.4024,11,3,0.270508,0,0.0049209
178,1009.59,40.5517,10,3,0.269531,0,0.0049141
179,435.151,42.81,10,2,0.28125,0,0.00497463
180,435.151,42.0481,10,2,0.273438,0,0.00499675
181,1011.31,46.3745,10,3,0.288086,0,0.00499403
182,435.151,43.417,10,2,0.275391,0,0.00501208
183,1011.31,43.9342,10,3,0.286133,0,0.00501229
184,1012.52,43.379,10,3,0.282227,0,0.00496053
185,1008.92,39.9922,10,3,0.256836,0,0.00496626
186,1011.78,48.0988,10,3,0.313477,0,0.00501015
187,1008.92,43.0876,11,3,0.296875,0,0.0050581
188,1009.59,48.4097,11,3,0.299805,0,0.00498995
189,1009.59,45.1058,11,3,0.290039,0,0.00499335
190,1011.31,46.3624,11,3,0.296875,0,0.00509404
191,1011.31,44.2389,11,3,0.294922,0,0.00515996
192,1008.92,50.1055,11,3,0.321289,0,0.00510709
193,1011.31,53.0495,11,3,0.34082,0,0.00519559
194,1008.92,45.9996,11,3,0.28418,0,0.0052716
195,1011.78,50.7181,11,3,0.328125,0,0.00517994
196,1011.78,46.3573,11,3,0.296875,0,0.00514561
197,1846.55,48.2245,11,4,0.305664,0,0.00522567
198,1843.9,55.9654,11,4,0.338867,0,0.00529525
199,1008.92,51.1186,11,3,0.323242,0,0.00510031
200,1843.9,50.9306,11,4,0.323242,0,0.0052065
201,435.151,47.3372,11,2,0.310547,0,0.00514847
202,1010.79,47.0836,11,3,0.308594,0,0.00520476
203,1010.79,50.5865,11,3,0.304688,0,0.00532054
204,1009.59,44.4693,11,3,0.291016,0,0.00528262
205,1010.79,51.2064,11,3,0.321289,0,0.00526148
206,1008.92,44.6015,11,3,0.286133,0,0.0051811
207,1009.59,48.7721,12,3,0.3125,0,0.00526476
208,1008.92,53.2369,12,3,0.326172,0,0.00533805
209,1004.1,46.4078,11,3,0.295898,0,0.00529099
210,435.151,44.9295,11,2,0.299805,0,0.00529738
211,435.151,51.4208,12,2,0.327148,0,0.00520988
212,435.151,47.0445,11,2,0.28418,0,0.00544148
213,1008.21,47.1168,12,3,0.302734,0,0.00544011
214,1008.92,46.3395,12,3,0.294922,0,0.00545595
215,1005.85,54.3475,13,3,0.338867,0,0.00540001
216,1008.92,54.0617,12,3,0.329102,0,0.00530036
217,1010.21,47.0584,12,3,0.303711,0,0.00531794
218,1008.92,49.0554,12,3,0.308594,0,0.00544601
219,1006.68,48.8667,12,3,0.311523,0,0.00536885
220,1009.59,48.8858,13,3,0.314453,0,0.00545497
221,1011.31,52.3609,13,3,0.330078,0,0.00541844
222,1008.92,56.094,13,3,0.350586,0,0.00557391
223,1841.02,56.275,13,4,0.333984,0,0.00540873
224,1008.21,49.2656,13,3,0.313477,0,0.00548164
225,1009.59,53.4169,13,3,0.327148,0,0.00557341
226,1011.31,51.3298,13,3,0.305664,0,0.00544882
227,1841.02,54.2154,13,4,0.345703,0,0.00541776
228,1007.46,53.1732,13,3,0.323242,0,0.00555305
229,1005.85,50.8811,13,3,0.321289,0,0.00563022
230,435.151,55.8039,15,2,0.370117,0,0.00564923
231,1008.92,50.2753,13,3,0.319336,0,0.0055872
232,1841.02,57.3973,13,4,0.34375,0,0.00579601
233,1008.92,57.813,13,3,0.344727,0,0.00558664
234,1010.79,58.7734,13,3,0.344727,0,0.00571684
235,1008.21,52.726,13,3,0.311523,0,0.00564471
236,1842.49,58.5412,13,4,0.352539,0,0.00547247
237,1008.92,57.054,14,3,0.34375,0,0.00574082
238,1009.59,58.6669,15,3,0.366211,0,0.00565033
239,1817.74,60.2959,15,4,0.351562,0,0.00572651
240,1773.62,62.2919,15,4,0.360352,0,0.00574787
241,1839.49,62.5159,15,4,0.366211,0,0.00603016
242,1010.21,63.8775,16,3,0.382812,0,0.00595176
243,1006.68,59.7037,15,3,0.373047,0,0.00582937
244,1007.46,66.3456,15,3,0.395508,0,0.00586309
245,1008.92,68.1416,15,3,0.384766,0,0.00595224
246,1009.59,63.034,15,3,0.359375,0,0.00615473
247,1831.15,64.2651,17,4,0.375977,0,0.00635198
248,1004.99,59.7867,15,3,0.338867,0,0.0062514
249,1005.85,64.4854,16,3,0.37793,0,0.00618387
250,1843.9,65.6144,17,4,0.37207,0,0.00654706
251,1831.15,67.4503,16,4,0.360352,0,0.00651671
252,1008.92,61.9122,17,3,0.358398,0,0.00677051
253,1829.35,76.9015,18,4,0.408203,0,0.00664257
254,1006.68,67.7288,20,3,0.379883,0,0.00698344
255,1011.31,73.346,23,3,0.396484,0,0.00724444
256,1614.33,75.3255,21,4,0.390625,0,0.00744441
257,1786.17,70.3042,21,4,0.365234,0,0.00735898
258,1813.59,74.2105,24,4,0.393555,0,0.00757686
259,1829.35,79.5797,28,4,0.396484,0,0.00834717
260,1008.21,83.8103,46,3,0.423828,0,0.0083489
261,1804.91,81.021,32,4,0.391602,0,0.00845951
262,1006.68,84.4711,28,3,0.397461,0,0.00841717
263,1802.66,87.7733,37,4,0.395508,0,0.00886775
264,1624.7,87.104,78,4,0.410156,0,0.00879067
265,1837.92,87.2375,59,4,0.386719,0,0.00889772
266,1800.39,88.2705,63,4,0.387695,0,0.00899831
267,1006.68,92.3547,101,3,0.414062,0,0.00957668
268,1804.91,86.3925,101,4,0.382812,0,0.00986152
269,1823.71,91.286,101,4,0.398438,0,0.00923615
270,1800.39,92.1173,101,4,0.37793,0,0.00956686
271,1715,93.5936,101,4,0.416016,0,0.0097488
272,1809.31,91.2376,101,4,0.40625,0,0.00980387
273,1836.29,102.604,101,4,0.428711,0,0.00961598
274,1843.9,94.3826,101,4,0.395508,0,0.00988159
275,1783.71,96.7035,101,4,0.418945,0,0.00966348
276,1839.49,95.63,101,4,0.424805,0,0.00963234
277,1807.12,97.0482,101,4,0.410156,0,0.00952667
278,1746.82,99.4303,101,4,0.43457,0,0.00999632
279,1465.13,95.6519,101,4,0.407227,0,0.0101942
280,1712,97.5895,101,4,0.421875,0,0.00995851
281,2815.31,103.663,101,5,0.448242,0,0.010091
282,1836.29,105.499,101,4,0.458984,0,0.0100096
283,4155.95,107.363,101,6,0.462891,0,0.0103001
284,1010.79,109.851,101,3,0.458008,0,0.0102967
285,1008.21,100.625,101,3,0.43457,0,0.0107199
286,1831.15,104.768,101,4,0.447266,0,0.0102469
287,1005.85,101.062,101,3,0.416992,0,0.0105221
288,1008.21,102.406,101,3,0.4375,0,0.0108215
289,1800.39,108.692,101,4,0.451172,0,0.0108576
290,2823.1,118.453,101,5,0.493164,0,0.0108387
291,1841.02,115.605,101,4,0.496094,0,0.0101988
292,1000.23,117.485,101,3,0.499023,0,0.0109595
293,2803.43,124.603,101,5,0.520508,0,0.0106779
294,2509.17,119.763,101,5,0.507812,0,0.0113196
295,1823.71,117.444,101,4,0.511719,0,0.010558
296,9965.62,134.918,101,9,0.529297,0,0.0112831
297,2853.13,129.065,101,5,0.537109,0,0.0104284
298,7305.25,140.339,101,8,0.576172,0,0.0105982
299,1815.68,124.571,101,4,0.5625,0,0.0104172
300,2906.93,143.231,101,5,0.572266,0,0.0104544
301,2853.13,139.502,101,5,0.608398,0,0.0106596
302,4080.24,141.487,101,6,0.595703,0,0.0108172
303,2877.78,135.298,101,5,0.580078,0,0.0102891
304,12043,151.864,101,10,0.603516,0,0.0110615
305,2863.89,140.888,101,5,0.605469,0,0.0102782
306,5631.18,152.175,101,7,0.617188,0,0.0108669
307,4270.03,149.929,101,6,0.59668,0,0.0103667
308,5563.94,164.187,101,7,0.660156,0,0.010594
309,2915.92,159.572,101,5,0.652344,0,0.0114155
310,2644.57,157.525,101,5,0.675781,0,0.0104212
311,2924.51,174.406,101,5,0.689453,0,0.0110171
312,9839.49,189.308,101,9,0.742188,0,0.0106986
313,4248.17,173.317,101,6,0.68457,0,0.0106287
314,5265.08,171.509,101,7,0.732422,0,0.0102822
315,5462.84,172.855,101,7,0.717773,0,0.0104386
316,4274.26,189.981,103.594,6,0.78125,1,0.0105284
317,5778.21,186.918,101,7,0.763672,0,0.0104271
318,5836.42,203.266,106.93,7,0.803711,1,0.010523
319,5638.51,195.121,101,7,0.773438,0,0.0104703
320,9959.56,208.777,106.306,10,0.820312,1,0.010841
321,7645.47,198.612,106.93,8,0.811523,1,0.0107706
322,9986.08,230.428,106.93,9,0.875,1,0.010581
323,5653.06,219.04,106.93,7,0.84668,1,0.0106674
324,9774.39,263.201,109.275,9,0.942383,1,0.0106415
325,5674.67,247.344,107.538,7,0.890625,1,0.011389
326,7494.65,239.751,109.829,8,0.912109,1,0.0107685
327,7704.53,296.67,110.371,8,1.00195,1,0.0110104
328,4129.59,256.875,109.829,6,0.962891,1,0.0111376
329,7512.9,281.871,111.425,8,1.0166,1,0.011443
330,8760.25,300.253,111.937,9,1.05078,1,0.0116872
331,7382.45,269.387,111.425,8,0.981445,1,0.0112435
332,5645.8,353.199,114.828,7,1.17578,1,0.0115932
333,9489.92,325.735,112.934,9,1.05957,1,0.0116539
334,7031.77,344.491,113.419,8,1.13672,1,0.0116727
335,12558.2,383.548,116.603,10,1.22266,1,0.0116506
336,13472.4,428.643,116.603,11,1.26465,1,0.0122894
337,9411.3,415.412,114.366,10,1.25195,1,0.0127108
338,12480.2,427.919,117.03,10,1.30859,1,0.0120869
339,8364.63,398.939,117.03,9,1.26074,1,0.0126248
340,18818.5,456.663,119.071,12,1.34863,1,0.0123984
341,10066.3,479.267,120.97,9,1.42285,1,0.0128421
342,35457.4,481.416,116.603,14,1.3291,1,0.0125423
343,9466.31,436.96,119.071,9,1.3252,1,0.0122862
344,19568.9,528.386,117.865,12,1.43945,1,0.0127414
345,22353.4,555.862,119.847,13,1.46094,1,0.0128484
346,15680.5,537.962,122.396,11,1.4707,1,0.012708
347,25731.1,672.408,136.482,13,1.65723,1,0.0131512
348,19350,727.722,136.764,12,1.70508,1,0.0136103
349,564764,1240.82,120.601,19,1.5957,1,0.0134055
350,36947.6,816.37,136.764,14,1.76562,1,0.0136271
351,26831.4,673.386,131.606,13,1.64941,1,0.0139263
352,36662.3,786.929,125.938,14,1.68652,1,0.0140769
353,37050.4,835.761,136.902,14,1.78809,1,0.0145808
354,162752,1058.09,137.675,17,1.87109,1,0.0150766
355,55177.1,1223.98,139.238,15,2.14844,1,0.0157622
356,39500.5,1329.81,362.576,14,2.32617,2,0.0157504
357,162182,1422.79,401.495,17,2.30566,2,0.0157697
358,161670,1565,369.909,17,2.42676,2,0.0165906
359,93876.6,1634.28,370.936,16,2.52539,2,0.0167031
360,93332.5,1677.19,405.507,16,2.46973,2,0.0166169
361,35919.4,1712.91,419.622,14,2.69629,2,0.0183539
362,92462.6,1927.59,425.352,16,2.82031,2,0.0184914
363,164143,2324.57,424.286,17,2.90918,2,0.0179793
364,1.09485e+06,3517.16,430.799,20,3.15527,2,0.0185041
365,93666.4,3166.93,431.173,16,3.3916,2,0.020468
366,164456,3437.5,433.637,17,3.38965,2,0.0212016
367,1.0878e+06,4635.22,720.422,20,3.66895,3,0.0206312
368,92651.3,3426.51,856.046,16,3.82227,3,0.0220561
369,92399.4,3787.7,949.639,16,4.09863,3,0.0239539
370,160904,4676.58,962.849,17,4.3125,3,0.0228385
371,162686,4903.79,969.087,17,4.32227,3,0.0235165
372,559863,5902.85,999.194,19,4.51367,3,0.0253351
373,1.09525e+06,7500.69,1664.9,20,4.89355,4,0.0256774
374,297246,6504.79,1749.6,18,5.08789,4,0.0260488
375,295899,6581.6,1693.6,18,5.09375,4,0.0256041
376,561764,8592.17,2600.81,19,5.55664,5,0.027855
377,297757,8129.02,2598.72,18,5.79492,6,0.0285771
378,297393,8600.93,2736.29,18,5.91406,5,0.0297319
379,564532,9673.31,2853.13,19,6.00391,5,0.0285441
380,1.08977e+06,10252.1,2756.43,20,5.98633,6,0.0286587
381,2.14054e+06,10913.4,2736.29,21,5.91113,5,0.028539
382,2.1469e+06,13227,2770.61,21,5.97656,5,0.0283415
383,2.13685e+06,14468.5,2740.66,21,6.02246,5,0.0287024
384,1.08752e+06,11613.2,2677.57,20,5.84961,5,0.0292903
385,2.144e+06,14499.8,2669.26,21,5.85449,6,0.0290294
386,3.36185e+07,54914.6,3085.02,25,6.31152,6,0.0288097
387,1.093e+06,17816.2,3931.8,20,6.78418,6,0.0312898
388,1.68396e+07,36754.8,3521.43,24,6.39844,6,0.0293483
389,1.09089e+06,15921.3,3401.42,20,6.34375,6,0.0310028
390,2.14367e+06,17274.9,3601.57,21,6.44824,6,0.0307008
391,1.08446e+06,10364.2,2795.37,20,6.13184,5,0.0295648
392,1.68446e+07,29175.9,2795.37,24,6.22949,5,0.0299054
393,3.36178e+07,48733.2,4085.84,25,6.87891,6,0.0326058
394,2.14409e+06,12243.7,2658.83,21,5.91895,5,0.0282401
395,2.14371e+06,18322.2,2766.4,21,6.18848,5,0.0307447
396,4.24642e+06,21565,3769.12,22,6.55957,6,0.0310816
397,1.68332e+07,36073.1,4255.78,24,6.92578,7,0.0330389
398,8.44506e+06,29182,3912.98,23,6.7666,6,0.032298
399,4.24526e+06,24756.6,4926.38,22,7.03223,7,0.0325545
400,8.44083e+06,38131.8,4470.79,23,6.91211,7,0.0327117
401,2.14009e+06,18676.3,3987.02,21,6.87402,6,0.032887
402,8.44375e+06,31442.3,3815.97,23,6.71191,6,0.0326402
403,8.44436e+06,34365.5,3651.5,23,6.54883,6,0.0315482
404,2.14163e+06,23426.4,3900.32,21,6.74609,6,0.0328369
405,2.14489e+06,22881,3868.3,21,6.77246,6,0.0329231
406,2.143e+06,23709.5,4659.43,21,7.06152,7,0.0327687
407,4.24147e+06,23029.6,3881.17,22,6.68262,6,0.0319747
408,2.14672e+06,20879,3950.42,21,6.84082,6,0.0319682
409,8.44009e+06,33069.4,4307.57,23,6.94336,7,0.0345582
410,2.14442e+06,19489.6,4460.7,21,6.9375,7,0.035222
411,1.68265e+07,38211.5,4055.7,24,6.88086,7,0.0340148
412,2.14707e+06,18903.7,3775.87,21,6.69727,6,0.032578
413,2.14466e+06,22223.7,3993.04,21,6.81445,6,0.0324102
414,1.09437e+06,20710.9,4860.94,20,7.08887,7,0.0335486
415,2.14285e+06,19103.2,4420.2,21,6.95312,7,0.0350857
416,8.44474e+06,37640.3,4600.48,23,6.9873,7,0.0325728
417,1.08909e+06,17828,4348.73,20,6.96875,7,0.0332079
418,4.24292e+06,16946.4,3469.42,22,6.3418,6,0.0314564
419,1.68409e+07,46098.8,3748.75,24,6.61133,6,0.0315521
420,4.24137e+06,20648.6,3912.98,22,6.77637,6,0.0318117
421,1.6836e+07,46562.2,4907.77,24,7.03906,7,0.0345852
422,4.24945e+06,30553.8,3931.8,22,6.99219,6,0.033955
423,1.68366e+07,59959.7,5009.19,24,7.21289,7,0.0350403
424,1.68321e+07,43665.8,5517.84,24,7.45117,7,0.0377568
425,3.36227e+07,62030,5290.53,25,7.34961,7,0.0350134
426,8.44326e+06,45279.6,5108.27,23,7.40723,7,0.0340468
427,1.68388e+07,114482,5382.11,24,7.67969,7,0.0360079
428,8.43518e+06,58721.1,5315.79,23,7.65723,7,0.0359127
429,1.6838e+07,77197.8,6196.55,24,7.85449,8,0.0384991
430,1.68349e+07,64674.4,6684.68,24,7.97754,8,0.0387005
431,1.34293e+08,212501,6773.61,27,8.27148,8,0.040212
432,1.68337e+07,76140.1,6514.34,24,8.12402,8,0.038131
433,3.36223e+07,124054,7611.81,25,8.75098,9,0.0411126
434,3.36187e+07,168508,8706.8,25,9.02148,9,0.0429064
435,3.36108e+07,107689,9554.54,25,9.08105,10,0.0418507
436,3.36134e+07,155026,10671.6,25,9.60059,10,0.0441449
437,3.36103e+07,156508,9572.36,25,9.47266,10,0.0446223
438,3.36181e+07,154360,11282,25,9.8125,10,0.0456482
439,3.3609e+07,170241,10840.6,25,9.87012,11,0.0450811
440,3.36229e+07,185824,10505.5,25,9.50879,10,0.0437734
441,1.68422e+07,144752,9976.93,24,9.40039,10,0.0427346
442,6.71743e+07,203692,10387.9,26,9.54395,10,0.0436768
443,6.71777e+07,251194,9236.12,26,9.33691,9,0.043204
444,8.44386e+06,118777,9959.56,23,9.60938,10,0.044462
445,3.36246e+07,193663,10337.1,25,9.62012,10,0.0446198
446,3.36237e+07,237530,9752.4,25,9.3418,9,0.0433431
447,1.34295e+08,290218,9802.29,27,9.43066,10,0.04587
448,6.71754e+07,232381,9976.93,26,9.2373,10,0.0437928
449,1.68374e+07,143396,11344.3,24,9.77148,10,0.0440088
450,3.36233e+07,194977,10149.6,25,9.69727,10,0.0448808
451,6.71786e+07,289018,11013.2,26,9.59863,10,0.0431108
452,2.68523e+08,516167,8918.33,28,9.10547,9,0.0410612
453,3.36173e+07,237955,12634.8,25,10.0938,10,0.0445889
454,6.71732e+07,254498,9802.29,26,9.57812,10,0.0431748
455,1.68354e+07,216803,9784.72,24,9.45898,10,0.0422936
456,1.3429e+08,310857,9176.05,27,9.48047,10,0.0418193
457,5.36944e+08,882788,11797.5,29,10.04,10,0.0449255
458,5.36959e+08,840911,11679,29,10.0674,10,0.0460988
459,1.3429e+08,575210,12127.6,27,10.1729,10,0.0465274
460,5.36961e+08,907800,11738.5,29,10.126,10,0.0452547
461,1.34286e+08,334568,11957.3,27,9.85938,10,0.0449805
462,1.07383e+09,1.2635e+06,10488.7,30,9.76172,10,0.0434153
463,6.71745e+07,229580,9123.58,26,9.0459,9,0.0429798
464,6.71728e+07,356870,9148.78,26,9.25391,9,0.0449073
465,6.71815e+07,568388,8598.81,26,9.32031,9,0.0428466
466,3.36231e+07,286188,9047.37,25,9.33301,9,0.043793
467,2.14758e+09,2.43111e+06,9714.23,31,9.44336,10,0.043962
468,2.68513e+08,777778,9157.82,28,9.53613,10,0.0439325
469,1.07384e+09,1.62521e+06,8773.55,30,9.15332,9,0.0430335
470,5.36965e+08,798614,8516.87,29,9.05957,9,0.0403223
471,1.3429e+08,459554,9034.58,27,9.2832,9,0.0422571
472,1.34293e+08,491901,8167.18,27,9.11426,9,0.0402869
473,1.34296e+08,423324,7031.77,27,8.72656,8,0.0408897
474,1.34284e+08,580535,6525.84,27,8.58105,8,0.0395816
475,2.14759e+09,2.75122e+06,7760.61,31,9.02637,9,0.041293
476,1.34291e+08,506150,6628.42,27,8.37891,8,0.0383958
477,1.68366e+07,242941,6947.2,24,8.70801,8,0.0388902
478,3.36132e+07,270526,6828.47,25,8.51367,8,0.0389412
479,2.68514e+08,725979,7246.15,28,8.66602,8,0.0393717
480,1.07384e+09,1.62379e+06,11436.8,30,9.84277,10,0.0433628
481,2.68517e+08,624616,9483.07,28,9.53125,10,0.0410456
482,1.07384e+09,1.86663e+06,11093,30,9.85059,10,0.042038
483,1.34296e+08,740760,7334.42,27,8.90137,8,0.0386847
484,5.36954e+08,1.45381e+06,8585.21,29,9.10742,9,0.0389087
485,2.14757e+09,2.9977e+06,9346.44,31,9.58789,9,0.0404185
486,2.68517e+08,1.24154e+06,9173.87,28,9.41016,9,0.0410702
487,2.68508e+08,823063,9889.85,28,9.47949,10,0.0409455
488,5.36955e+08,1.07893e+06,9594.67,29,9.6875,9,0.0416423
489,2.14758e+09,4.97451e+06,10622,31,9.9502,10,0.0432917
490,2.14758e+09,2.8969e+06,12169.4,31,10.123,10,0.0437564
491,2.14759e+09,4.02329e+06,9236.12,31,9.41699,9,0.0420817
492,1.34303e+08,826306,8364.63,27,9.4668,9,0.0408753
493,1.07384e+09,3.2215e+06,8530.59,30,9.24023,9,0.0416048
494,1.07384e+09,2.15414e+06,9370.65,30,9.67871,9,0.0418298
495,1.07384e+09,1.98538e+06,9021.76,30,9.41113,9,0.0412088
496,5.3696e+08,1.81674e+06,10098,29,9.75488,10,0.0440883
497,4.29507e+09,7.23843e+06,9148.78,32,9.54395,9,0.0425405
498,1.07383e+09,2.68418e+06,8706.8,30,9.24316,9,0.0417302
499,1.07383e+09,2.38695e+06,11766.8,30,10.1562,11,0.044144
500,8.59005e+09,1.13052e+07,11421.5,33,10.3447,10,0.0475556
501,4.29507e+09,9.9002e+06,11102.4,32,10.3115,11,0.0466818
502,3.43599e+10,3.74714e+07,11513.2,35,10.6562,10,0.0476993
503,1.07382e+09,5.0192e+06,14611.6,30,10.8613,11,0.0474893
504,2.14759e+09,6.22538e+06,10320.2,31,10.0312,10,0.0467807
505,2.14758e+09,8.13817e+06,11498,31,10.168,10,0.0446396
506,2.68514e+08,1.03119e+06,7730.99,28,9.26758,9,0.0439218
507,2.14758e+09,5.69865e+06,9731.88,31,9.875,10,0.0443467
508,2.14758e+09,4.9403e+06,7936.71,31,9.44238,9,0.0432015
509,4.29507e+09,1.17328e+07,7965.79,32,9.35645,9,0.0448821
510,3.43599e+10,5.8513e+07,9854.89,35,9.82227,10,0.0452844
511,2.14758e+09,5.19794e+06,10835.5,31,10.042,10,0.0453922
512,4.29507e+09,9.93958e+06,10028.9,32,9.82715,10,0.0459618
513,4.29506e+09,9.5875e+06,8919.31,32,9.75195,10,0.0455051
514,4.29508e+09,7.63681e+06,7512.9,32,9.41309,8,0.0451264
515,2.14757e+09,8.74807e+06,7391.97,31,9.47852,8,0.04478
516,1.07383e+09,4.78655e+06,7201.15,30,9.4668,9,0.0437888
517,4.29506e+09,1.11179e+07,7010.77,32,9.29004,8,0.043331
518,1.07384e+09,4.24358e+06,6409.96,30,8.92285,8,0.0435458
519,1.718e+10,3.5713e+07,7980.3,34,9.62305,9,0.0434181
520,1.07384e+09,6.41162e+06,9959.56,30,9.99707,10,0.0456348
521,4.29507e+09,1.30103e+07,10555.5,32,10.1973,10,0.0458966
522,2.14759e+09,1.1373e+07,11856,31,10.4053,10,0.0446305
523,2.14759e+09,1.02302e+07,9358.56,31,9.98633,9,0.0460098
524,8.59005e+09,2.09028e+07,11203.7,33,10.2363,10,0.0455468
525,1.07384e+09,6.68942e+06,10997.1,30,10.6348,10,0.0466351
526,2.14758e+09,5.9569e+06,9889.85,31,10.1318,10,0.0456545
527,4.29506e+09,1.70834e+07,9741.36,32,10.4746,9,0.0464695
528,1.718e+10,3.07164e+07,11693.9,34,10.7197,10,0.0466889
529,1.07384e+09,9.36727e+06,12028.8,30,10.9141,10,0.0470677
530,2.14758e+09,1.10173e+07,12495,31,11.0674,11,0.0480259
531,4.29506e+09,1.10827e+07,11679,32,10.8057,10,0.0459516
532,3.43599e+10,4.97505e+07,13969.2,35,11.3389,11,0.049009
533,1.07384e+09,1.06869e+07,14062.9,30,11.458,11,0.0473618
534,4.29508e+09,2.12912e+07,11768,32,10.876,10,0.0452556
535,4.29507e+09,1.15084e+07,11077.1,32,10.6816,10,0.0458502
536,8.59005e+09,1.60713e+07,11797.5,33,10.6846,10,0.0441272
537,4.29507e+09,1.70306e+07,11856,32,10.9033,10,0.0455877
538,8.59004e+09,2.38679e+07,9198.85,33,10.0527,9,0.0447213
539,1.07384e+09,7.99865e+06,11554.4,30,10.7412,11,0.0458317
540,8.59005e+09,2.10778e+07,11513.2,33,10.9326,10,0.0450859
541,1.718e+10,3.96751e+07,11219.4,34,10.7354,10,0.0436236
542,1.718e+10,3.39678e+07,14006.7,34,11.667,11,0.0487751
543,6.87196e+10,9.05034e+07,13511.2,36,11.165,11,0.0459835
544,8.59003e+09,2.06089e+07,9297.69,33,10.0869,9,0.0411129
545,1.718e+10,4.70906e+07,12028.8,34,11.1943,10,0.0452599
546,1.718e+10,3.54935e+07,11942.9,34,10.7734,10,0.0449007
547,8.59004e+09,3.00448e+07,15404.3,33,11.6826,11,0.0459416
548,4.29507e+09,1.81566e+07,11870.6,32,11.0371,10,0.0447025
549,8.59006e+09,2.73353e+07,14753.9,33,11.3848,11,0.0476109
550,2.14759e+09,1.56492e+07,14911.8,31,11.627,11,0.0473355
551,8.59005e+09,2.64347e+07,11885.1,33,11.0801,10,0.0472604
552,6.87196e+10,8.28078e+07,13874.9,36,11.5059,11,0.0485331
553,4.29507e+09,1.43195e+07,14485.7,32,11.4951,11,0.0491184
554,1.718e+10,4.66079e+07,16377.3,34,12.0381,12,0.0489861
555,8.59005e+09,4.0285e+07,15519.2,33,11.9092,11,0.0488291
556,8.59004e+09,3.074e+07,15470.2,33,11.415,11,0.0476415
557,1.718e+10,4.79282e+07,14266.8,34,11.5703,11,0.0463935
558,4.29508e+09,2.8922e+07,13893.8,32,11.2031,11,0.0457565
559,6.87196e+10,1.10741e+08,11971.7,36,11.0508,10,0.0457194
560,3.43598e+10,8.75176e+07,15321.3,35,11.791,11,0.0488682
561,8.59005e+09,5.41265e+07,15519.5,33,11.8389,12,0.0496984
562,3.43599e+10,8.81054e+07,16842.1,35,12,12,0.0483672
563,1.718e+10,5.40196e+07,14303.5,34,11.4648,11,0.0480086
564,8.59004e+09,5.34646e+07,13530.5,33,11.5068,11,0.0466725
565,2.74878e+11,3.12156e+08,12839.9,38,11.6025,11,0.0466251
566,1.718e+10,7.28825e+07,9103.05,34,10.4072,10,0.0451954
567,3.43599e+10,7.96347e+07,11738.5,35,11.4775,10,0.0482578
568,1.718e+10,5.53416e+07,14118.8,34,11.8125,11,0.0490875
569,4.29508e+09,3.30125e+07,13626.9,32,11.7344,11,0.0482435
570,3.43598e+10,9.13931e+07,11826.8,35,11.1582,10,0.0462006
571,8.59004e+09,3.81019e+07,11156.4,33,10.96,10,0.046905
572,2.14759e+09,2.47239e+07,14665.2,31,11.5996,11,0.0482033
573,3.43599e+10,1.05488e+08,17184.9,35,12.2285,12,0.049901
574,3.43599e+10,1.16074e+08,17388.2,35,12.6709,12,0.0505094
575,3.43599e+10,9.17769e+07,15084.5,35,12.2529,11,0.0512125
576,1.718e+10,6.83374e+07,15337.9,34,12.3789,11,0.0500109
577,8.59005e+09,4.33294e+07,13355.5,33,11.8398,11,0.0504401
578,1.718e+10,9.75814e+07,12413,34,11.6328,11,0.0493468
579,3.43599e+10,1.17649e+08,15033,35,11.9736,11,0.0491878
580,1.718e+10,7.89296e+07,14211.5,34,11.7852,11,0.0469363
581,1.718e+10,1.0103e+08,13530.5,34,11.5498,11,0.0471178
582,1.718e+10,7.26594e+07,12596.7,34,11.7539,10,0.0487483
583,4.29507e+09,4.8046e+07,14557.8,32,11.9961,11,0.0480074
584,6.87196e+10,9.4289e+07,13950.4,36,11.6924,11,0.047905
585,1.718e+10,9.6197e+07,19938,34,13.084,12,0.051712
586,3.43599e+10,9.3847e+07,16388.3,35,12.4932,11,0.0500207
587,4.29507e+09,4.41136e+07,13684.5,32,12.082,11,0.0494017
588,1.718e+10,7.52821e+07,16657.2,34,12.2451,12,0.0513194
589,1.718e+10,5.51048e+07,19390.1,34,12.459,12,0.0496983
590,6.87196e+10,2.02274e+08,14876.9,36,12.2783,11,0.0487226
591,4.39805e+12,4.39685e+09,14683,42,12.1582,11,0.050161
592,1.718e+10,2.018e+08,14894.4,34,12.582,11,0.0512997
593,1.718e+10,7.8872e+07,10997.1,34,11.4971,10,0.0478278
594,3.43599e+10,1.1057e+08,13375.1,35,12.0791,11,0.0486687
595,1.718e+10,1.14176e+08,14789.2,34,12.4951,11,0.0515207
596,1.718e+10,1.04627e+08,18182,34,12.6016,12,0.053228
597,1.37439e+11,2.0088e+08,14700.8,37,11.8682,11,0.0501857
598,1.718e+10,1.28604e+08,21978.2,34,13.1113,13,0.0538185
599,6.87196e+10,1.91379e+08,17899,36,12.9844,12,0.0525395
600,3.43599e+10,1.39794e+08,14376.7,35,12.002,11,0.0511792
601,6.87196e+10,1.91034e+08,17025.6,36,12.6484,12,0.0518353
602,6.87196e+10,2.66853e+08,14539.8,36,12.2246,11,0.0506357
603,8.59004e+09,9.61561e+07,16680.4,33,12.6885,12,0.0523537
604,3.43599e+10,1.79501e+08,15568,35,12.3896,11,0.0508261
605,1.37439e+11,2.65382e+08,14539.8,37,12.3457,11,0.051231
606,3.43599e+10,1.57801e+08,20127.5,35,13.4951,12,0.0560944
607,6.87196e+10,2.13641e+08,15437.3,36,12.958,11,0.0520361
608,6.87196e+10,2.44879e+08,17942.8,36,13.1445,12,0.0530276
609,1.37439e+11,3.57231e+08,19568.9,37,13.5225,12,0.0539632
610,1.718e+10,1.38219e+08,15680.5,34,12.877,11,0.053458
611,2.74878e+11,4.85732e+08,17139.5,38,13.165,12,0.0541037
612,6.87196e+10,2.58203e+08,13139.2,36,12.2461,11,0.0545492
613,1.718e+10,2.50498e+08,17139.5,34,13.166,12,0.0555894
614,1.718e+10,1.43779e+08,10320.2,34,11.7285,10,0.049957
615,1.718e+10,1.23032e+08,13856,34,12.6826,11,0.0540692
616,1.09951e+12,1.57525e+09,18630.1,40,13.1084,12,0.0535812
617,5.49756e+11,7.30963e+08,22881.8,39,13.8691,13,0.0560621
618,3.43599e+10,1.69319e+08,19086.7,35,13.6104,12,0.0539367
619,3.43599e+10,2.08744e+08,23116.6,35,13.6514,13,0.0534519
620,3.43599e+10,1.78896e+08,17899,35,13.3994,12,0.0530356
621,3.43599e+10,2.36717e+08,13511.2,35,12.8721,11,0.0535069
622,6.87196e+10,2.64073e+08,15354.6,36,12.8564,11,0.0555841
623,3.43599e+10,1.85252e+08,20994.6,35,13.3779,13,0.0552359
624,3.43599e+10,2.14189e+08,23555.1,35,13.8701,13,0.0559131
625,3.43599e+10,2.28267e+08,16007.6,35,12.7354,11,0.0520378
626,1.37439e+11,4.81295e+08,21002.8,37,13.7676,12,0.0560478
627,3.43599e+10,2.71674e+08,18942.9,35,13.623,12,0.0549454
628,1.37439e+11,5.52949e+08,17634.1,37,13.0059,12,0.0526492
629,6.87196e+10,3.43218e+08,19229.1,36,13.499,12,0.0575187
630,6.87196e+10,4.00422e+08,21707.7,36,13.748,13,0.0567512
631,1.37439e+11,3.12449e+08,18225.2,37,13.1504,12,0.0551112
632,1.37439e+11,3.14432e+08,19025.2,37,13.0645,12,0.0535218
633,5.49756e+11,1.12198e+09,24534.4,39,13.8896,13,0.0563428
634,5.49756e+11,1.34042e+09,19208.8,39,13.8252,12,0.0566079
635,1.09951e+12,2.34871e+09,21762,40,13.9395,13,0.0570848
636,1.09951e+12,1.99541e+09,23682.8,40,14.4727,13,0.0614619
637,1.37439e+11,1.06145e+09,14929.2,37,13.2725,11,0.0580447
638,2.19902e+12,4.07763e+09,15101.6,41,13.2559,11,0.0575102
639,1.37439e+11,1.03013e+09,12855.8,37,12.75,10,0.0572939
640,1.09951e+12,2.96087e+09,10622,40,12.4443,10,0.0556652
641,2.19902e+12,3.18895e+09,11893.3,41,12.7617,11,0.0560445
642,2.74878e+11,1.17543e+09,8516.87,38,12.291,9,0.0546407
643,2.74878e+11,2.0762e+09,15321.3,38,13.7607,11,0.0591648
644,1.09951e+12,3.27458e+09,13665.4,40,13.6982,11,0.0606092
645,2.19902e+12,4.16139e+09,17500.3,41,14.166,12,0.0609521
646,8.79609e+12,1.44019e+10,22273.3,43,15.3057,13,0.0645373
647,1.09951e+12,7.55309e+09,17700.6,40,15.2002,12,0.0658647
648,2.19902e+12,5.07396e+09,17139.5,41,14.7637,12,0.0658975
649,1.09951e+12,6.13187e+09,13079.7,40,14.0459,11,0.0620546
650,2.19902e+12,8.22595e+09,12839.9,41,14.0605,11,0.0594089
651,5.49756e+11,4.24074e+09,24011.8,39,15.1035,13,0.0638527
652,5.49756e+11,5.14608e+09,18797.6,39,14.9717,12,0.0631822
653,4.39805e+12,7.65717e+09,12860,42,13.7402,11,0.0645422
654,5.49756e+11,7.73043e+09,23401.1,39,15.9766,13,0.0661286
655,1.09951e+12,5.16025e+09,23631.8,40,15.5469,13,0.0643294
656,2.19902e+12,1.14451e+10,20386.9,41,15.4951,12,0.0647925
657,2.19902e+12,1.77972e+10,30721.2,41,16.5205,14,0.066367
658,8.79609e+12,2.53511e+10,25069.5,43,15.7744,13,0.0679676
659,8.79609e+12,2.29021e+10,24287,43,15.7754,13,0.0660481
660,4.39805e+12,1.15469e+10,36267.2,42,15.8057,14,0.0658101
661,1.09951e+12,8.23142e+09,55057.2,40,16.3486,15,0.0692643
662,2.19902e+12,1.00766e+10,35784.4,41,15.9189,14,0.0634189
663,4.39805e+12,1.77618e+10,39035,42,16.1387,14,0.066683
664,1.75922e+13,3.11377e+10,53298.1,44,16.2822,15,0.0666892
665,2.19902e+12,1.53101e+10,54111.7,41,16.6963,15,0.0677323
666,2.19902e+12,9.60058e+09,34110.6,41,15.8057,14,0.0681151
667,1.09951e+12,1.07822e+10,37456.4,40,16.249,14,0.0659813
668,4.39805e+12,1.92958e+10,34847.6,42,15.9443,14,0.0647366
669,1.75922e+13,3.11735e+10,54906.6,44,16.9502,15,0.06942
670,2.19902e+12,1.40053e+10,34819.6,41,16.3154,14,0.0668625
671,4.39805e+12,2.02737e+10,20071,42,15.8359,12,0.0660629
672,3.51844e+13,4.46814e+10,36766.4,45,16.418,14,0.0697457
673,4.39805e+12,1.55227e+10,37656.2,42,16.4316,14,0.0695608
674,3.51844e+13,4.4674e+10,26007.6,45,15.668,13,0.0656899
675,8.79609e+12,2.37654e+10,289606,43,18.0713,18,0.0729134
676,3.51844e+13,6.55775e+10,34110.6,45,15.9727,14,0.0674782
677,2.19902e+12,1.12593e+10,157188,41,17.417,17,0.0741834
678,2.19902e+12,1.29477e+10,290755,41,17.7295,18,0.0738677
679,4.39805e+12,1.55489e+10,158287,42,17.5361,17,0.0727416
680,4.39805e+12,2.71784e+10,293513,42,17.5977,18,0.0711063
681,8.79609e+12,3.06211e+10,160692,43,17.5615,17,0.0722374
682,4.39805e+12,1.65462e+10,163409,42,17.1768,17,0.0727828
683,3.51844e+13,5.37552e+10,292663,45,17.5244,18,0.0713935
684,2.19902e+12,2.15026e+10,294467,41,17.79,18,0.0721403
685,8.79609e+12,3.91422e+10,291342,43,17.4453,18,0.0722137
686,4.39805e+12,2.52747e+10,158474,42,17.3984,17,0.0709711
687,4.39805e+12,2.1287e+10,90140.1,42,16.8428,16,0.0689077
688,2.19902e+12,1.56866e+10,53107.8,41,16.373,15,0.0680957
689,1.75922e+13,5.76851e+10,56916.7,44,16.7314,15,0.0679596
690,8.79609e+12,3.14155e+10,57848.2,43,16.46,15,0.0693786
691,8.79609e+12,3.57342e+10,35621.4,43,16.1895,14,0.0688625
692,2.19902e+12,2.48298e+10,54173.5,41,16.5566,15,0.0696552
693,8.79609e+12,3.10358e+10,37152.7,43,16.4121,14,0.0695386
694,7.03687e+13,1.34297e+11,92304.4,46,17.0986,16,0.0695926
695,8.79609e+12,3.78266e+10,91239.4,43,17.1045,16,0.0708337
696,4.39805e+12,2.40025e+10,156299,42,17.2705,17,0.0699378
697,3.51844e+13,7.03582e+10,92177.2,45,16.7686,16,0.0691751
698,7.03687e+13,1.28016e+11,159978,46,17.7021,17,0.0701777
699,1.75922e+13,7.22776e+10,1.08328e+06,44,18.6426,20,0.0758662
700,8.79609e+12,4.81853e+10,157721,43,17.0498,17,0.0707945
701,8.79609e+12,7.51677e+10,561888,43,18.5391,19,0.0741918
702,7.03687e+13,1.07551e+11,561222,46,18.4902,19,0.0727369
703,1.40737e+14,2.11624e+11,2.13979e+06,47,19.1826,21,0.0775715
704,2.81475e+14,4.74303e+11,1.09275e+06,48,19.5254,20,0.0780939
705,1.75922e+13,9.465e+10,4.2483e+06,44,19.7852,22,0.0785671
706,1.40737e+14,2.49913e+11,560674,47,18.792,19,0.077255
707,3.51844e+13,1.77099e+11,4.2358e+06,45,19.9307,22,0.0756927
708,7.03687e+13,2.83303e+11,4.2389e+06,46,19.5381,22,0.076738
709,1.40737e+14,4.25839e+11,1.68368e+07,47,20.7803,24,0.0803514
710,3.51844e+13,2.04639e+11,4.23365e+06,45,19.3281,22,0.0763462
711,1.75922e+13,1.70699e+11,4.24592e+06,44,19.7666,22,0.0762894
712,1.40737e+14,3.08228e+11,297503,47,18.6504,18,0.0743407
713,2.81475e+14,5.28009e+11,8.4475e+06,48,20.1504,23,0.0785804
714,1.40737e+14,3.4968e+11,3.362e+07,47,21.333,25,0.0798833
715,7.03687e+13,3.36233e+11,3.36171e+07,46,21.3379,25,0.0798774
716,3.51844e+13,1.56502e+11,8.44032e+06,45,20.2207,23,0.0774585
717,3.51844e+13,1.43455e+11,3.36139e+07,45,20.9824,25,0.0798604
718,1.40737e+14,4.58438e+11,3.36176e+07,47,21.1875,25,0.0801118
719,3.51844e+13,1.96427e+11,1.68432e+07,45,20.9297,24,0.0797179
720,7.03687e+13,3.50932e+11,3.36216e+07,46,21.5586,25,0.0810446
721,7.03687e+13,3.28469e+11,1.68297e+07,46,20.9092,24,0.0800735
722,3.51844e+13,2.11474e+11,3.36198e+07,45,21.1816,25,0.0807471
723,4.5036e+15,4.60066e+12,1.68402e+07,52,20.7852,24,0.0805252
724,1.40737e+14,4.10729e+11,2.68517e+08,47,23.96,28,0.0906775
725,1.40737e+14,3.69343e+11,6.71807e+07,47,22.1943,26,0.0852932
726,5.6295e+14,1.25696e+12,2.68511e+08,49,23.126,28,0.0845719
727,2.81475e+14,5.41528e+11,6.71835e+07,48,22.792,26,0.0850561
728,2.2518e+15,2.685e+12,1.34298e+08,51,23.251,27,0.0888371
729,2.81475e+14,4.98652e+11,6.71727e+07,48,21.3486,26,0.0814914
730,2.81475e+14,6.82925e+11,1.34282e+08,48,22.3037,27,0.0844159
731,1.40737e+14,5.63389e+11,3.36197e+07,47,21.3193,25,0.079603
732,3.51844e+13,2.13077e+11,3.36227e+07,45,21.4424,25,0.0830057
733,2.81475e+14,1.14722e+12,3.36171e+07,48,21.4697,25,0.0809089
734,3.51844e+13,1.847e+11,1.68305e+07,45,20.9814,24,0.0785587
735,1.40737e+14,2.90058e+11,6.71771e+07,47,22.0645,26,0.0845159
736,1.40737e+14,4.76259e+11,8.4456e+06,47,20.7393,23,0.0793598
737,1.75922e+13,2.45169e+11,6.71797e+07,44,22.6621,26,0.0859108
738,7.03687e+13,2.86842e+11,3.36153e+07,46,21.9033,25,0.082485
739,1.40737e+14,4.83896e+11,6.71736e+07,47,21.8711,26,0.0842935
740,7.03687e+13,3.04274e+11,1.68382e+07,46,21.7598,24,0.0833957
741,7.03687e+13,3.55748e+11,3.36235e+07,46,22.0527,25,0.0866378
742,1.40737e+14,3.61567e+11,6.71814e+07,47,22.2227,26,0.0866885
743,1.40737e+14,3.35848e+11,3.36145e+07,47,21.4971,25,0.0842129
744,7.03687e+13,3.31826e+11,3.36192e+07,46,22.0117,25,0.0837707
745,7.03687e+13,3.16487e+11,1.68326e+07,46,21.3184,24,0.0822122
746,7.03687e+13,1.92541e+11,3.3618e+07,46,21.7109,25,0.082983
747,1.75922e+13,1.29805e+11,1.68394e+07,44,20.9053,24,0.0791431
748,3.51844e+13,2.02887e+11,1.68359e+07,45,20.9961,24,0.0795949
749,7.03687e+13,2.28932e+11,1.68286e+07,46,20.4658,24,0.0772399
750,4.5036e+15,7.35434e+12,3.36158e+07,52,22.1553,25,0.0843867
751,7.03687e+13,2.55525e+11,6.71799e+07,46,22.4209,26,0.086144
752,1.40737e+14,2.92546e+11,6.71722e+07,47,22.1816,26,0.083134
753,3.51844e+13,2.17552e+11,3.3619e+07,45,21.8535,25,0.0830487
754,2.2518e+15,4.68899e+12,3.36201e+07,51,22.2031,25,0.083311
755,1.40737e+14,3.38059e+11,1.68372e+07,47,21.5527,24,0.0825851
756,2.81475e+14,4.51026e+11,3.3623e+07,48,22.0967,25,0.0836281
757,2.81475e+14,1.1832e+12,4.24712e+06,48,21.5137,22,0.0813948
758,7.03687e+13,3.34118e+11,3.3613e+07,46,22.2109,25,0.0864215
759,2.81475e+14,4.67963e+11,1.68357e+07,48,21.4639,24,0.0822751
760,1.75922e+13,2.26854e+11,3.36208e+07,44,22.3594,25,0.0870681
761,7.03687e+13,3.99162e+11,2.148e+06,46,20.5986,21,0.0782116
762,1.40737e+14,4.12307e+11,4.24323e+06,47,20.8359,22,0.0815606
763,7.03687e+13,4.16915e+11,6.71649e+07,46,21.9492,26,0.0843742
764,7.03687e+13,1.52851e+11,4.24381e+06,46,21.0078,22,0.0839208
765,1.40737e+14,4.77375e+11,1.34283e+08,47,22.8799,27,0.0864516
766,7.03687e+13,3.43255e+11,1.34286e+08,46,23.2031,27,0.0887094
767,2.81475e+14,6.27386e+11,1.68384e+07,48,21.7773,24,0.0855499
768,1.40737e+14,6.76301e+11,3.36181e+07,47,22.1182,25,0.0846209
769,5.6295e+14,1.04902e+12,6.71768e+07,49,22.2607,26,0.0855908
770,1.40737e+14,3.50221e+11,6.71821e+07,47,22.7285,26,0.085654
771,1.40737e+14,5.97208e+11,1.34284e+08,47,22.6699,27,0.0875302
772,3.51844e+13,3.51598e+11,6.71792e+07,45,22.751,26,0.087589
773,7.03687e+13,3.78253e+11,6.71769e+07,46,22.999,26,0.0885678
774,2.81475e+14,9.55285e+11,3.3616e+07,48,21.9727,25,0.08655
775,1.40737e+14,7.39593e+11,1.34281e+08,47,22.8984,27,0.0885467
776,2.81475e+14,1.07304e+12,6.71716e+07,48,22.5117,26,0.0885968
777,7.03687e+13,4.88951e+11,1.68376e+07,46,22.0107,24,0.0828933
778,1.40737e+14,5.02044e+11,6.71812e+07,47,22.3037,26,0.0862956
779,2.81475e+14,5.48653e+11,6.71768e+07,48,22.542,26,0.0870578
780,3.51844e+13,3.2399e+11,2.68509e+08,45,23.8516,28,0.0915809
781,4.5036e+15,6.11032e+12,6.7182e+07,52,22.8428,26,0.0913696
782,1.40737e+14,6.6532e+11,2.68527e+08,47,23.8301,28,0.0955529
783,7.03687e+13,4.50315e+11,6.71688e+07,46,22.5146,26,0.0882642
784,2.81475e+14,8.49016e+11,6.7171e+07,48,22.0342,26,0.088582
785,2.81475e+14,6.1522e+11,3.36181e+07,48,22.041,25,0.0869081
786,1.1259e+15,2.98569e+12,3.36153e+07,50,21.1338,25,0.084182
787,1.1259e+15,1.47702e+12,1.68388e+07,50,21.0674,24,0.0840709
788,2.81475e+14,8.10761e+11,4.24239e+06,48,20.749,22,0.0848222
789,1.40737e+14,5.70938e+11,1.68339e+07,47,21.6807,24,0.0853269
790,7.03687e+13,4.17482e+11,8.44353e+06,46,21.1523,23,0.0841281
791,2.2518e+15,3.12731e+12,1.09198e+06,51,20.2754,20,0.0825225
792,4.5036e+15,6.10471e+12,3.36226e+07,52,22.5674,25,0.0917502
793,1.1259e+15,2.48277e+12,5.36952e+08,50,25.3047,29,0.098614
794,7.03687e+13,4.55058e+11,1.68391e+07,46,22.1074,24,0.0862749
795,2.81475e+14,6.18296e+11,6.71753e+07,48,22.666,26,0.0921904
796,7.03687e+13,4.11768e+11,2.68511e+08,46,24.0645,28,0.0938623
797,2.81475e+14,7.75825e+11,2.68511e+08,48,23.6904,28,0.0937894
798,3.51844e+13,3.70386e+11,6.71736e+07,45,21.8857,26,0.0871672
799,3.51844e+13,3.10827e+11,3.36203e+07,45,22.0479,25,0.0871533
800,1.40737e+14,5.30047e+11,1.34286e+08,47,22.8174,27,0.0881743
801,7.03687e+13,5.84344e+11,2.68513e+08,46,23.8965,28,0.09402
802,2.81475e+14,1.21858e+12,5.36952e+08,48,24.6289,29,0.0945835
803,1.1259e+15,2.78021e+12,2.68512e+08,50,23.6758,28,0.0944679
804,5.6295e+14,1.83246e+12,1.07382e+09,49,25.0723,30,0.0999066
805,7.03687e+13,5.21297e+11,5.36959e+08,46,24.624,29,0.0960287
806,1.1259e+15,1.56688e+12,2.68507e+08,50,23.3809,28,0.0911902
807,5.6295e+14,1.38895e+12,2.14758e+09,49,26.0684,31,0.103432
808,2.81475e+14,1.0049e+12,5.36958e+08,48,24.501,29,0.0976446
809,7.03687e+13,3.58381e+11,2.68518e+08,46,23.9062,28,0.0964603
810,1.40737e+14,6.5186e+11,5.36955e+08,47,24.2803,29,0.0943522
811,1.75922e+13,3.20399e+11,5.36956e+08,44,24.6367,29,0.0961252
812,2.81475e+14,7.46274e+11,5.36956e+08,48,25.1396,29,0.0983603
813,1.40737e+14,7.95472e+11,5.36943e+08,47,23.958,29,0.0949899
814,5.6295e+14,1.48905e+12,5.36951e+08,49,24.1582,29,0.0964231
815,5.6295e+14,1.1435e+12,2.68504e+08,49,23.0791,28,0.0941752
816,1.40737e+14,6.9205e+11,1.07383e+09,47,25.04,30,0.0985104
817,7.03687e+13,6.15742e+11,5.36954e+08,46,24.1895,29,0.0946954
818,1.40737e+14,1.07856e+12,1.07382e+09,47,24.3896,30,0.096644
819,2.2518e+15,2.75847e+12,2.14758e+09,51,25.8281,31,0.0987812
820,2.81475e+14,1.60402e+12,2.14758e+09,48,26.3809,31,0.102931
821,2.81475e+14,9.34344e+11,1.07383e+09,48,24.7363,30,0.0972876
822,2.81475e+14,1.15106e+12,2.14757e+09,48,26.1074,31,0.103916
823,1.40737e+14,8.23969e+11,2.14756e+09,47,25.4824,31,0.098789
824,4.5036e+15,6.49405e+12,5.36949e+08,52,24.2861,29,0.0958829
825,5.6295e+14,1.78262e+12,1.07383e+09,49,25.1104,30,0.0971213
826,1.1259e+15,2.17532e+12,2.68511e+08,50,23.5273,28,0.0929786
827,1.1259e+15,2.21413e+12,1.07383e+09,50,24.8516,30,0.0961053
828,2.2518e+15,6.28587e+12,5.36955e+08,51,24.7148,29,0.0959414
829,1.40737e+14,1.19623e+12,1.07383e+09,47,24.8613,30,0.0981362
830,5.6295e+14,2.22957e+12,1.07384e+09,49,25.3662,30,0.100924
831,5.6295e+14,2.22421e+12,2.68517e+08,49,23.5596,28,0.0934487
832,5.6295e+14,1.50443e+12,5.36953e+08,49,24.2852,29,0.0943105
833,2.81475e+14,1.44018e+12,1.07383e+09,48,25.3018,30,0.0968013
834,5.6295e+14,1.52824e+12,1.07384e+09,49,24.7793,30,0.0959496
835,1.1259e+15,1.95924e+12,2.68516e+08,50,24.1309,28,0.0944819
836,1.40737e+14,1.22298e+12,2.68518e+08,47,24.208,28,0.0938966
837,1.80144e+16,1.89834e+13,5.36949e+08,54,24.3379,29,0.0956349
838,7.20576e+16,7.48154e+13,1.718e+10,56,28.1699,34,0.109444
839,2.81475e+14,1.91178e+12,8.59005e+09,48,27.7314,33,0.107947
840,1.40737e+14,1.47756e+12,8.59003e+09,47,26.7529,33,0.105082
841,5.6295e+14,2.74296e+12,4.29506e+09,49,26.1709,32,0.105236
842,5.6295e+14,2.07654e+12,8.59003e+09,49,26.5986,33,0.104244
843,5.6295e+14,2.47467e+12,4.29507e+09,49,26.4492,32,0.103792
844,4.5036e+15,8.42463e+12,8.59004e+09,52,27.0342,33,0.107568
845,2.81475e+14,2.07189e+12,8.59004e+09,48,27.2666,33,0.104665
846,1.1259e+15,3.5194e+12,8.59003e+09,50,26.0557,33,0.101507
847,2.2518e+15,4.74698e+12,1.718e+10,51,27.9502,34,0.109981
848,4.5036e+15,8.035e+12,8.59003e+09,52,26.6621,33,0.104149
849,4.5036e+15,9.01936e+12,1.718e+10,52,26.5381,34,0.106922
850,5.6295e+14,3.21998e+12,4.29507e+09,49,25.8867,32,0.103252
851,2.2518e+15,4.14785e+12,4.29506e+09,51,25.5195,32,0.100439
852,2.81475e+14,1.32928e+12,1.718e+10,48,27.6318,34,0.109334
853,2.2518e+15,6.46408e+12,4.29507e+09,51,25.6533,32,0.10359
854,1.1259e+15,3.32407e+12,4.29506e+09,50,25.7783,32,0.102124
855,5.6295e+14,2.32744e+12,2.14758e+09,49,25.6162,31,0.103194
856,2.81475e+14,1.57641e+12,4.29505e+09,48,25.5176,32,0.102369
857,2.81475e+14,1.36643e+12,2.14758e+09,48,25.2676,31,0.10475
858,1.1259e+15,2.15392e+12,2.14757e+09,50,25.2607,31,0.103586
859,2.81475e+14,1.37667e+12,1.07383e+09,48,24.7842,30,0.097035
860,5.6295e+14,2.32531e+12,1.07384e+09,49,25.1689,30,0.0978706
861,1.1259e+15,2.85541e+12,2.14757e+09,50,25.5391,31,0.100764
862,2.81475e+14,1.14808e+12,4.29506e+09,48,25.9453,32,0.103586
863,5.6295e+14,1.81287e+12,2.14757e+09,49,25.0459,31,0.099303
864,2.81475e+14,2.50085e+12,2.14758e+09,48,25.8203,31,0.101797
865,1.1259e+15,2.38145e+12,1.07383e+09,50,24.8281,30,0.0994006
866,1.40737e+14,1.41807e+12,2.68509e+08,47,24.3193,28,0.0967222
867,5.6295e+14,2.48752e+12,1.07382e+09,49,24.7256,30,0.0971487
868,1.1259e+15,2.47235e+12,1.07381e+09,50,24.7275,30,0.0977804
869,5.6295e+14,2.26317e+12,2.14757e+09,49,25.0654,31,0.0999691
870,2.2518e+15,4.52008e+12,1.07383e+09,51,24.4551,30,0.100284
871,1.1259e+15,4.64644e+12,4.29507e+09,50,27.1094,32,0.107556
872,4.5036e+15,1.0788e+13,4.29507e+09,52,26.0645,32,0.104448
873,1.80144e+16,2.16759e+13,1.718e+10,54,27.5684,34,0.10969
874,1.1259e+15,5.27555e+12,1.718e+10,50,28.8193,34,0.112065
875,3.60288e+16,3.81821e+13,1.718e+10,55,27.9756,34,0.111325
876,2.2518e+15,5.54412e+12,1.07383e+09,51,25.2676,30,0.0985639
877,2.81475e+14,1.98168e+12,8.59004e+09,48,26.9775,33,0.103166
878,1.1259e+15,2.79396e+12,8.59004e+09,50,26.6943,33,0.103858
879,1.1259e+15,3.64582e+12,2.14757e+09,50,26.0635,31,0.100904
880,4.5036e+15,1.21982e+13,8.59002e+09,52,26.6426,33,0.10386
881,1.1259e+15,4.30195e+12,2.14758e+09,50,25.7227,31,0.0990339
882,2.81475e+14,2.84498e+12,4.29507e+09,48,26.5166,32,0.107806
883,1.80144e+16,2.70446e+13,4.29506e+09,54,25.998,32,0.100088
884,7.20576e+16,7.94294e+13,4.29506e+09,56,26.4209,32,0.10421
885,9.0072e+15,1.27873e+13,1.718e+10,53,28.4785,34,0.110118
886,5.6295e+14,2.93047e+12,1.718e+10,49,27.96,34,0.109623
887,2.2518e+15,4.56371e+12,8.59005e+09,51,27.2178,33,0.10615
888,4.5036e+15,6.89109e+12,8.59004e+09,52,27.6162,33,0.107856
889,1.1259e+15,8.35388e+12,1.718e+10,50,27.8457,34,0.10832
890,1.1259e+15,4.15034e+12,1.718e+10,50,27.6377,34,0.105843
891,1.1259e+15,4.9721e+12,1.718e+10,50,27.5557,34,0.107431
892,1.1259e+15,6.91633e+12,4.29505e+09,50,26.5742,32,0.104536
893,1.1259e+15,4.51818e+12,2.14757e+09,50,25.3818,31,0.100181
894,1.1259e+15,3.35339e+12,4.29507e+09,50,26.4854,32,0.105838
895,4.5036e+15,7.21307e+12,8.59003e+09,52,26.9785,33,0.103494
896,1.1259e+15,3.60266e+12,1.718e+10,50,27.498,34,0.107393
897,5.6295e+14,3.96737e+12,4.29507e+09,49,26.7402,32,0.102878
898,9.0072e+15,1.10291e+13,8.59003e+09,53,26.8115,33,0.104622
899,9.0072e+15,1.14998e+13,4.29507e+09,53,27.626,32,0.108655
900,2.2518e+15,5.71181e+12,2.14758e+09,51,27.3779,31,0.10651
901,2.2518e+15,7.05882e+12,2.14758e+09,51,26.1748,31,0.102374
902,9.0072e+15,1.19808e+13,2.14758e+09,53,26.2031,31,0.102356
903,5.6295e+14,4.80439e+12,1.718e+10,49,28.3604,34,0.116247
904,1.1259e+15,4.61491e+12,8.59004e+09,50,26.4697,33,0.105434
905,1.1259e+15,4.48937e+12,8.59004e+09,50,26.7822,33,0.105542
906,4.5036e+15,8.85058e+12,8.59005e+09,52,26.5645,33,0.104303
907,3.60288e+16,4.40264e+13,8.59005e+09,55,26.6357,33,0.109708
908,1.80144e+16,4.32474e+13,1.718e+10,54,27.7607,34,0.108781
909,4.5036e+15,1.68078e+13,8.59004e+09,52,26.75,33,0.105376
910,9.0072e+15,2.57835e+13,2.14757e+09,53,25.2861,31,0.101262
911,9.0072e+15,3.91825e+13,8.59003e+09,53,26.8789,33,0.108682
912,2.8823e+17,3.2211e+14,4.29508e+09,58,26.4248,32,0.106128
913,1.80144e+16,3.38523e+13,1.718e+10,54,29.1387,34,0.116924
914,2.2518e+15,1.38559e+13,8.59003e+09,51,26.2129,33,0.109084
915,1.1259e+15,1.31117e+13,8.59004e+09,50,26.8047,33,0.108339
916,1.80144e+16,4.06862e+13,2.14758e+09,54,25.4893,31,0.10314
917,7.20576e+16,1.2005e+14,1.07383e+09,56,24.7969,30,0.0990256
918,7.20576e+16,9.27469e+13,3.36139e+07,56,22.8037,25,0.0936161
919,3.60288e+16,5.8006e+13,1.07382e+09,55,25.0967,30,0.0996551
920,2.2518e+15,8.46806e+12,1.07382e+09,51,25.3281,30,0.104149
921,1.80144e+16,2.74441e+13,4.29507e+09,54,26.3506,32,0.106797
922,4.5036e+15,2.19133e+13,4.29506e+09,52,26.6328,32,0.105057
923,4.5036e+15,2.36799e+13,1.07383e+09,52,25.8916,30,0.10218
924,2.2518e+15,1.98954e+13,1.07384e+09,51,25.6582,30,0.104052
925,9.0072e+15,1.83536e+13,4.29506e+09,53,26.4551,32,0.105286
926,1.80144e+16,2.89209e+13,8.59004e+09,54,26.7422,33,0.109392
927,3.60288e+16,7.83231e+13,8.59004e+09,55,28.1816,33,0.11128
928,9.0072e+15,2.29923e+13,1.718e+10,53,28.5391,34,0.114299
929,2.2518e+15,1.65683e+13,3.43599e+10,51,29.5889,35,0.11673
930,9.0072e+15,2.43536e+13,8.59005e+09,53,27.0459,33,0.10632
931,9.0072e+15,2.66142e+13,1.718e+10,53,28.6211,34,0.11331
932,9.0072e+15,4.3212e+13,8.59003e+09,53,27.2412,33,0.110184
933,4.5036e+15,1.57211e+13,8.59004e+09,52,27.6211,33,0.10919
934,3.60288e+16,5.49915e+13,1.718e+10,55,27.8652,34,0.11346
935,1.80144e+16,3.05267e+13,3.43598e+10,54,28.4971,35,0.115738
936,7.20576e+16,1.52301e+14,8.59003e+09,56,26.0225,33,0.105675
937,4.5036e+15,1.84506e+13,8.59005e+09,52,27.1943,33,0.110364
938,5.76461e+17,5.76408e+14,1.718e+10,59,28.3271,34,0.114251
939,7.20576e+16,1.55462e+14,1.37439e+11,56,31.9111,37,0.12816
940,4.5036e+15,1.734e+13,6.87196e+10,52,32.0684,36,0.126763
941,7.20576e+16,8.62052e+13,6.87196e+10,56,29.9482,36,0.120354
942,1.44115e+17,1.6608e+14,6.87196e+10,57,31.3643,36,0.124326
943,9.0072e+15,3.58824e+13,6.87196e+10,53,31.8262,36,0.130413
944,9.0072e+15,3.26078e+13,6.87196e+10,53,31.127,36,0.1246
945,2.2518e+15,1.2758e+13,3.43599e+10,51,30.1016,35,0.11919
946,1.80144e+16,4.86386e+13,3.43598e+10,54,29.4023,35,0.117748
947,4.5036e+15,2.48416e+13,1.718e+10,52,28.5176,34,0.115805
948,7.20576e+16,1.12434e+14,3.43598e+10,56,28.9883,35,0.117656
949,3.60288e+16,9.80327e+13,3.43599e+10,55,30.0068,35,0.119983
950,1.80144e+16,4.2243e+13,6.87196e+10,54,30.2568,36,0.122502
951,3.60288e+16,6.50621e+13,3.43598e+10,55,29.1074,35,0.120293
952,9.0072e+15,3.26027e+13,6.87196e+10,53,29.6465,36,0.120126
953,1.44115e+17,2.33712e+14,1.718e+10,57,28.3271,34,0.113919
954,4.5036e+15,2.66192e+13,3.43598e+10,52,28.9072,35,0.116087
955,2.2518e+15,2.20555e+13,3.43598e+10,51,28.3994,35,0.113717
956,3.60288e+16,5.85239e+13,1.718e+10,55,28.6104,34,0.117774
957,5.76461e+17,5.86063e+14,3.43598e+10,59,28.1396,35,0.114987
958,1.80144e+16,5.20896e+13,6.87196e+10,54,29.3037,36,0.119841
959,7.20576e+16,9.32375e+13,3.43599e+10,56,29.1982,35,0.119932
960,3.60288e+16,7.68089e+13,3.43599e+10,55,28.9229,35,0.1217
961,1.80144e+16,4.59066e+13,3.43599e+10,54,29.3047,35,0.12008
962,9.0072e+15,4.4808e+13,3.43598e+10,53,28.7959,35,0.119468
963,9.0072e+15,4.5791e+13,3.43598e+10,53,28.6641,35,0.115792
964,9.0072e+15,3.35361e+13,3.43598e+10,53,28.7734,35,0.121442
965,9.0072e+15,3.58307e+13,1.718e+10,53,28.0283,34,0.116338
966,3.60288e+16,8.36619e+13,3.43599e+10,55,29.2324,35,0.116749
967,9.0072e+15,5.45931e+13,1.718e+10,53,28.6377,34,0.115485
968,9.0072e+15,2.4545e+13,1.718e+10,53,27.792,34,0.11321
969,3.60288e+16,7.73506e+13,3.43598e+10,55,28.8887,35,0.117916
970,9.0072e+15,3.96535e+13,8.59003e+09,53,26.6904,33,0.110266
971,3.60288e+16,7.17555e+13,3.43599e+10,55,29.2705,35,0.118719
972,9.0072e+15,2.88191e+13,3.43598e+10,53,28.7432,35,0.119196
973,9.0072e+15,3.33741e+13,1.718e+10,53,27.5986,34,0.114904
974,4.5036e+15,1.508e+13,8.59005e+09,52,27.0918,33,0.112105
975,9.0072e+15,3.02112e+13,1.718e+10,53,27.4912,34,0.112867
976,3.60288e+16,6.9865e+13,3.43598e+10,55,28.9766,35,0.121086
977,1.80144e+16,4.37988e+13,3.43598e+10,54,28.5762,35,0.120072
978,1.80144e+16,6.34837e+13,3.43599e+10,54,28.9297,35,0.117463
979,1.44115e+17,1.94233e+14,1.718e+10,57,27.8271,34,0.116262
980,1.80144e+16,6.68065e+13,3.43599e+10,54,29.4355,35,0.119921
981,1.44115e+17,2.93561e+14,3.43598e+10,57,29.2402,35,0.118734
982,7.20576e+16,1.2512e+14,3.43598e+10,56,28.5977,35,0.121119
983,1.44115e+17,2.05263e+14,6.87196e+10,57,30.1699,36,0.12181
984,9.0072e+15,3.45151e+13,4.29507e+09,53,26.9453,32,0.108928
985,9.0072e+15,4.7189e+13,8.59004e+09,53,27.6484,33,0.113388
986,9.0072e+15,4.99153e+13,1.718e+10,53,28.5195,34,0.115585
987,7.20576e+16,2.38387e+14,3.43598e+10,56,28.9473,35,0.117718
988,1.80144e+16,5.25485e+13,6.87196e+10,54,30.3711,36,0.123313
989,7.20576e+16,1.1737e+14,1.718e+10,56,28.4365,34,0.1203
990,1.80144e+16,7.79862e+13,1.718e+10,54,28.4775,34,0.114036
991,1.44115e+17,2.04381e+14,1.718e+10,57,28.2695,34,0.113728
992,1.44115e+17,2.74733e+14,1.718e+10,57,28.8887,34,0.115152
993,9.0072e+15,6.5326e+13,3.43598e+10,53,29.4629,35,0.119934
994,3.60288e+16,9.62071e+13,1.718e+10,55,28.9102,34,0.122103
995,1.15292e+18,1.53682e+15,1.718e+10,60,28.3184,34,0.114779
996,3.60288e+16,9.03426e+13,1.718e+10,55,28.9473,34,0.118024
997,5.76461e+17,7.03637e+14,8.59003e+09,59,27.9961,33,0.119532
998,2.8823e+17,4.25277e+14,4.29506e+09,58,26.8623,32,0.110991
999,1.15292e+18,1.23724e+15,4.29506e+09,60,27.9844,32,0.114435
1000,7.20576e+16,1.49229e+14,5.36957e+08,56,25.5293,29,0.108851
1001,1.80144e+16,8.35264e+13,4.29506e+09,54,26.874,32,0.109918
1002,7.20576e+16,1.58152e+14,4.29506e+09,56,27.8066,32,0.113799
1003,1.80144e+16,9.06194e+13,8.59004e+09,54,27.6641,33,0.113213
1004,3.60288e+16,9.94446e+13,3.43598e+10,55,29.001,35,0.11672
1005,5.76461e+17,8.27637e+14,1.718e+10,59,29.5049,34,0.118076
1006,7.20576e+16,1.57182e+14,1.718e+10,56,28.1504,34,0.114124
1007,3.60288e+16,9.40724e+13,1.718e+10,55,28.4785,34,0.116992
1008,9.0072e+15,3.34353e+13,1.718e+10,53,28.1562,34,0.117771
1009,3.60288e+16,7.69789e+13,8.59003e+09,55,27.4473,33,0.113818
1010,2.8823e+17,5.09996e+14,1.718e+10,58,28.5898,34,0.116581
1011,7.20576e+16,2.91347e+14,1.718e+10,56,29.1768,34,0.120759
1012,1.44115e+17,1.80849e+14,1.718e+10,57,28.0889,34,0.115163
1013,7.20576e+16,2.43232e+14,6.87196e+10,56,30.416,36,0.126403
1014,5.76461e+17,6.05981e+14,3.43598e+10,59,29.6016,35,0.125716
1015,7.20576e+16,2.31089e+14,1.37439e+11,56,33.0322,37,0.132835
1016,9.0072e+15,7.147e+13,6.87196e+10,53,31.2646,36,0.12551
1017,2.30584e+18,2.41061e+15,6.87196e+10,61,32.2168,36,0.131663
1018,7.20576e+16,2.6179e+14,2.74878e+11,56,33.2041,38,0.135717
1019,2.8823e+17,5.28376e+14,1.37439e+11,58,32.4785,37,0.130907
1020,3.60288e+16,2.42107e+14,1.37439e+11,55,31.3223,37,0.130866
1021,7.20576e+16,2.02351e+14,1.37439e+11,56,31.5947,37,0.128507
1022,3.60288e+16,1.44246e+14,1.37439e+11,55,31.3398,37,0.128675
1023,1.44115e+17,2.30129e+14,6.87196e+10,57,30.0791,36,0.125343
1024,3.60288e+16,1.42013e+14,1.37439e+11,55,32.666,37,0.134593
1025,7.20576e+16,4.30776e+14,1.37439e+11,56,32.0684,37,0.131812
1026,1.44115e+17,3.16933e+14,6.87196e+10,57,30.998,36,0.128318
1027,9.22337e+18,9.09825e+15,1.37439e+11,63,31.21,37,0.128638
1028,7.20576e+16,2.35572e+14,2.74878e+11,56,33.1348,38,0.13473
1029,5.76461e+17,1.30845e+15,1.37439e+11,59,31.917,37,0.130253
1030,2.30584e+18,2.92486e+15,6.87196e+10,61,29.6299,36,0.121018
1031,7.20576e+16,2.45395e+14,6.87196e+10,56,30.9395,36,0.131245
1032,7.20576e+16,3.64445e+14,1.37439e+11,56,31.6494,37,0.130631
1033,1.84467e+19,2.28425e+16,6.87196e+10,64,30.582,36,0.125257
1034,9.0072e+15,8.87511e+13,6.87196e+10,53,31.459,36,0.127414
1035,7.20576e+16,2.91093e+14,6.87196e+10,56,30.0859,36,0.124489
1036,2.30584e+18,4.01042e+15,3.43599e+10,61,29.3447,35,0.122186
1037,2.8823e+17,5.28812e+14,6.87196e+10,58,30.4971,36,0.126361
1038,5.76461e+17,7.99004e+14,1.718e+10,59,28.25,34,0.115175
1039,7.20576e+16,2.69405e+14,1.718e+10,56,27.9902,34,0.119919
1040,5.76461e+17,7.12908e+14,3.43599e+10,59,28.9375,35,0.119346
1041,1.15292e+18,1.39456e+15,1.37439e+11,60,32.5713,37,0.134445
1042,2.8823e+17,5.82813e+14,1.37439e+11,58,32.3604,37,0.133339
1043,1.44115e+17,4.44438e+14,6.87196e+10,57,31.6143,36,0.129108
1044,2.30584e+18,2.78981e+15,3.43599e+10,61,30.1875,35,0.124612
1045,1.44115e+17,3.31506e+14,3.43598e+10,57,30.417,35,0.127484
1046,4.61169e+18,5.11744e+15,6.87196e+10,62,30.9736,36,0.128808
1047,2.8823e+17,6.69729e+14,3.43599e+10,58,27.0361,35,0.113284
1048,2.30584e+18,3.46003e+15,1.37439e+11,61,30.3701,37,0.12668
1049,1.44115e+17,3.61958e+14,6.87196e+10,57,30.9053,36,0.128578
1050,5.76461e+17,1.09075e+15,6.87196e+10,59,31.1016,36,0.130045
1051,1.15292e+18,2.59836e+15,6.87196e+10,60,30.1865,36,0.125453
1052,7.20576e+16,4.64223e+14,2.74878e+11,56,32.5332,38,0.131922
1053,1.15292e+18,1.47836e+15,6.87196e+10,60,29.9111,36,0.124814
1054,1.44115e+17,4.18428e+14,2.74878e+11,57,32.7432,38,0.137302
1055,5.76461e+17,1.83926e+15,6.87196e+10,59,31.8848,36,0.132967
1056,5.76461e+17,1.11921e+15,3.43598e+10,59,29.8447,35,0.12137
1057,2.8823e+17,7.46347e+14,6.87196e+10,58,31.2393,36,0.129134
1058,1.44115e+17,2.70599e+14,6.87196e+10,57,31.0176,36,0.130471
1059,1.80144e+16,1.3497e+14,1.37439e+11,54,32.1875,37,0.1322
1060,1.80144e+16,1.81355e+14,6.87196e+10,54,30.3555,36,0.124191
1061,1.15292e+18,2.19894e+15,6.87196e+10,60,31.207,36,0.126402
1062,5.76461e+17,1.56653e+15,6.87196e+10,59,29.7588,36,0.121657
1063,1.15292e+18,2.21937e+15,1.37439e+11,60,30.9648,37,0.127869
1064,1.15292e+18,1.52675e+15,6.87196e+10,60,31.4902,36,0.130328
1065,2.30584e+18,3.43068e+15,1.37439e+11,61,30.5029,37,0.125098
1066,2.30584e+18,2.65811e+15,6.87196e+10,61,29.3066,36,0.122466
1067,1.15292e+18,4.28463e+15,2.74878e+11,60,32.791,38,0.136124
1068,1.44115e+17,9.37619e+14,1.37439e+11,57,31.5332,37,0.127984
1069,5.76461e+17,1.81177e+15,1.37439e+11,59,31.1279,37,0.13247
1070,5.76461e+17,1.03033e+15,6.87196e+10,59,30.8555,36,0.130894
1071,1.44115e+17,6.26344e+14,2.74878e+11,57,31.6094,38,0.130593
1072,2.8823e+17,5.59591e+14,6.87196e+10,58,29.7861,36,0.120405
1073,1.15292e+18,2.15013e+15,3.43598e+10,60,28.6279,35,0.118452
1074,1.44115e+17,4.94123e+14,3.43599e+10,57,29.0254,35,0.1198
1075,2.30584e+18,3.83841e+15,1.37439e+11,61,31.5693,37,0.129399
1076,2.8823e+17,7.11442e+14,6.87196e+10,58,30.0342,36,0.126352
1077,5.76461e+17,1.12807e+15,6.87196e+10,59,30.3291,36,0.125366
1078,1.15292e+18,1.68502e+15,6.87196e+10,60,29.6875,36,0.123025
1079,1.44115e+17,4.17207e+14,3.43599e+10,57,27.5449,35,0.111317
1080,7.20576e+16,3.71989e+14,1.718e+10,56,27.7627,34,0.114551
1081,1.15292e+18,2.02676e+15,3.43599e+10,60,29.2129,35,0.122572
1082,4.61169e+18,5.14189e+15,1.37439e+11,62,31.0781,37,0.126241
1083,1.15292e+18,1.48334e+15,6.87196e+10,60,29.0625,36,0.120618
1084,2.30584e+18,4.58984e+15,1.37439e+11,61,30.2412,37,0.122905
1085,5.76461e+17,1.48175e+15,4.29507e+09,59,26.041,32,0.109861
1086,1.44115e+17,5.89628e+14,6.87196e+10,57,29.5117,36,0.121034
1087,1.84467e+19,1.93137e+16,8.59004e+09,64,26.4844,33,0.110534
1088,5.76461e+17,1.0154e+15,1.37439e+11,59,32.1074,37,0.135818
1089,4.61169e+18,6.17577e+15,6.87196e+10,62,30.0498,36,0.127585
1090,2.8823e+17,8.9314e+14,3.43598e+10,58,28.417,35,0.121655
1091,1.84467e+19,2.05864e+16,6.87196e+10,64,29.1396,36,0.127666
1092,2.8823e+17,1.30274e+15,2.74878e+11,58,33.5938,38,0.141477
1093,7.3787e+19,7.63757e+16,1.37439e+11,66,31.7432,37,0.133109
1094,2.30584e+18,9.39913e+15,2.74878e+11,61,32.7607,38,0.141503
1095,2.8823e+17,1.0559e+15,1.37439e+11,58,32.0879,37,0.136623
1096,9.22337e+18,1.03471e+16,2.74878e+11,63,32.3145,38,0.141327
1097,5.76461e+17,3.20841e+15,2.74878e+11,59,33.2861,38,0.141796
1098,4.61169e+18,9.89167e+15,2.74878e+11,62,31.7354,38,0.13708
1099,4.61169e+18,6.65204e+15,2.74878e+11,62,32.1621,38,0.137584
1100,2.30584e+18,4.51148e+15,1.37439e+11,61,30.208,37,0.12969
1101,2.8823e+17,1.09179e+15,1.37439e+11,58,30.5596,37,0.131684
1102,2.30584e+18,4.928e+15,1.37439e+11,61,31.0869,37,0.138225
1103,5.76461e+17,3.60822e+15,5.49756e+11,59,32.8408,39,0.139476
1104,2.30584e+18,6.11809e+15,2.74878e+11,61,32.6631,38,0.140116
1105,1.44115e+17,1.12266e+15,1.37439e+11,57,30.2178,37,0.134189
1106,2.30584e+18,5.94372e+15,2.74878e+11,61,31.8828,38,0.139461
1107,5.76461e+17,3.21702e+15,5.49756e+11,59,31.7832,39,0.141924
1108,2.30584e+18,7.59311e+15,2.74878e+11,61,31.96,38,0.140509
1109,1.44115e+17,8.86512e+14,2.74878e+11,57,31.7354,38,0.135074
1110,7.3787e+19,1.11317e+17,1.37439e+11,66,31.6338,37,0.138232
1111,2.30584e+18,4.36821e+15,3.43598e+10,61,28.2939,35,0.124264
1112,9.22337e+18,1.78679e+16,6.87196e+10,63,29.0225,36,0.129799
1113,2.30584e+18,3.92514e+15,6.87196e+10,61,29.6602,36,0.130605
1114,1.15292e+18,3.96184e+15,3.43598e+10,60,28.6289,35,0.125065
1115,4.61169e+18,5.73263e+15,6.87196e+10,62,29.8516,36,0.130137
1116,3.68935e+19,3.84211e+16,2.74878e+11,65,31.2842,38,0.135714
1117,3.68935e+19,4.78606e+16,2.74878e+11,65,32.0381,38,0.142514
1118,4.61169e+18,2.04691e+16,1.37439e+11,62,31.333,37,0.136885
1119,9.22337e+18,1.93389e+16,2.74878e+11,63,32.3359,38,0.142263
1120,1.84467e+19,3.7793e+16,2.74878e+11,64,33.7695,38,0.151895
1121,2.30584e+18,1.55193e+16,2.74878e+11,61,33.1416,38,0.142859
1122,1.84467e+19,2.98166e+16,1.37439e+11,64,32.2051,37,0.14062
1123,4.61169e+18,1.55019e+16,6.87196e+10,62,31.0537,36,0.137696
1124,4.61169e+18,1.34441e+16,6.87196e+10,62,32.1055,36,0.141123
1125,9.22337e+18,1.98656e+16,3.43599e+10,63,30.2266,35,0.132349
1126,4.61169e+18,9.83119e+15,3.43599e+10,62,29.3691,35,0.131449
1127,7.3787e+19,1.11683e+17,1.37439e+11,66,31.6104,37,0.144147
1128,2.95148e+20,3.38007e+17,1.37439e+11,68,31.6582,37,0.139026
1129,2.95148e+20,6.34484e+17,6.87196e+10,68,31.0586,36,0.140566
1130,7.3787e+19,1.14419e+17,6.87196e+10,66,30.9062,36,0.134118
1131,1.84467e+19,2.47895e+16,1.37439e+11,64,31.4756,37,0.141631
1132,1.47574e+20,2.0198e+17,2.74878e+11,67,32.2529,38,0.144095
1133,3.68935e+19,6.1055e+16,4.29505e+09,65,27.3027,32,0.118976
1134,1.84467e+19,5.7423e+16,6.87196e+10,64,31.5322,36,0.13566
1135,2.95148e+20,3.66921e+17,1.37439e+11,68,31.416,37,0.136673
1136,7.55579e+22,7.42268e+19,6.87196e+10,76,30.7402,36,0.133875
1137,9.44473e+21,9.7342e+18,2.14757e+09,73,28.8281,31,0.129052
1138,1.47574e+20,2.22741e+17,4.29506e+09,67,29.165,32,0.127007
1139,3.68935e+19,1.91878e+17,5.3694e+08,65,27.0801,29,0.120005
1140,1.18059e+21,1.87846e+18,8.59003e+09,70,28.9512,33,0.128802
1141,1.88895e+22,1.8745e+19,6.87196e+10,74,31.835,36,0.137303
1142,9.44473e+21,1.57508e+19,6.87196e+10,73,33.749,36,0.145822
1143,7.3787e+19,1.30302e+17,6.87196e+10,66,30.8926,36,0.136029
1144,2.41785e+24,2.36426e+21,1.37439e+11,81,33.4785,37,0.145101
1145,5.90296e+20,7.577e+17,1.37439e+11,69,33.9609,37,0.143896
1146,9.44473e+21,9.83073e+18,1.37439e+11,73,33.3857,37,0.145889
1147,5.90296e+20,1.07257e+18,6.87196e+10,69,32.8555,36,0.143406
1148,1.18059e+21,1.83791e+18,1.37439e+11,70,33.9561,37,0.148005
1149,5.90296e+20,9.02573e+17,1.37439e+11,69,32.8682,37,0.144118
1150,5.90296e+20,1.02287e+18,6.87196e+10,69,32.8818,36,0.141039
1151,9.44473e+21,9.50656e+18,6.87196e+10,73,32.3896,36,0.140843
1152,1.18059e+21,1.31965e+18,6.87196e+10,70,31.5137,36,0.13527
1153,1.47574e+20,3.86494e+17,1.718e+10,67,29.1182,34,0.126537
1154,1.18059e+21,1.38051e+18,2.14756e+09,70,27.9111,31,0.124156
1155,1.47574e+20,2.15326e+17,4.29507e+09,67,29.2158,32,0.127211
1156,5.90296e+20,9.89433e+17,3.43598e+10,69,31.6133,35,0.137218
1157,9.44473e+21,9.91374e+18,8.59003e+09,73,29.876,33,0.133431
1158,2.36118e+21,2.43211e+18,1.718e+10,71,29.6133,34,0.127353
1159,1.88895e+22,1.93911e+19,6.87196e+10,74,32.1631,36,0.141606
1160,2.95148e+20,4.84338e+17,1.37439e+11,68,33.4668,37,0.146803
1161,2.95148e+20,1.09771e+18,2.74878e+11,68,33.6494,38,0.145907
1162,9.44473e+21,2.40375e+19,3.43599e+10,73,31.6406,35,0.138211
1163,5.90296e+20,1.14483e+18,6.87196e+10,69,32.3779,36,0.140882
1164,1.18059e+21,2.84223e+18,1.37439e+11,70,33.0283,37,0.143993
1165,9.44473e+21,1.0147e+19,1.37439e+11,73,33.209,37,0.148465
1166,4.72237e+21,9.74165e+18,2.74878e+11,72,34.54,38,0.14828
1167,2.36118e+21,3.83731e+18,5.49756e+11,71,34.9814,39,0.171904
1168,2.95148e+20,1.15929e+18,2.74878e+11,68,34.6006,38,0.149482
1169,1.51116e+23,2.24426e+20,2.74878e+11,77,33.5703,38,0.145777
1170,6.04463e+23,5.96154e+20,2.74878e+11,79,33.1338,38,0.146367
1171,9.44473e+21,2.66554e+19,5.49756e+11,73,33.0957,39,0.143047
1172,3.77789e+22,6.22428e+19,1.37439e+11,75,31.6006,37,0.138986
1173,3.02231e+23,2.96266e+20,1.718e+10,78,29.1719,34,0.127962
1174,2.36118e+21,3.71929e+18,2.74878e+11,71,32.8213,38,0.143232
1175,9.44473e+21,1.08456e+19,6.87196e+10,73,30.9141,36,0.133966
1176,3.77789e+22,4.74038e+19,1.37439e+11,75,34.1328,37,0.150909
1177,9.67141e+24,1.4263e+22,5.49756e+11,83,34.9248,39,0.154493
1178,2.36118e+21,4.52176e+18,2.74878e+11,71,32.916,38,0.143972
1179,7.55579e+22,1.05288e+20,2.74878e+11,76,33.4883,38,0.146146
1180,4.72237e+21,1.24398e+19,1.37439e+11,72,33.1074,37,0.140248
1181,5.90296e+20,1.68989e+18,6.87196e+10,69,31.3525,36,0.135032
1182,2.36118e+21,2.7525e+18,5.49756e+11,71,34.1045,39,0.144896
1183,5.90296e+20,1.16185e+18,2.74878e+11,69,35.1191,38,0.150835
1184,4.72237e+21,6.05264e+18,2.74878e+11,72,34.4932,38,0.146477
1185,2.36118e+21,4.401e+18,1.09951e+12,71,35.6221,40,0.149979
1186,2.36118e+21,3.54364e+18,2.74878e+11,71,33.3301,38,0.14321
1187,2.95148e+20,6.32337e+17,2.74878e+11,68,34.4121,38,0.151365
1188,4.72237e+21,8.37217e+18,2.74878e+11,72,33.4727,38,0.141222
1189,2.36118e+21,7.3013e+18,1.37439e+11,71,32.1992,37,0.138472
1190,7.55579e+22,7.86406e+19,1.09951e+12,76,35.4189,40,0.151121
1191,6.04463e+23,5.98989e+20,1.09951e+12,79,37.7617,40,0.166493
1192,5.90296e+20,1.95554e+18,1.09951e+12,69,35.3311,40,0.155091
1193,3.77789e+22,4.41715e+19,1.09951e+12,75,36.3369,40,0.154731
1194,2.36118e+21,5.6704e+18,5.49756e+11,71,33.7852,39,0.151073
1195,4.72237e+21,6.69258e+18,5.49756e+11,72,34.792,39,0.148942
1196,5.90296e+20,2.04995e+18,5.49756e+11,69,36.7676,39,0.156751
1197,1.88895e+22,3.86617e+19,1.37439e+11,74,33.3096,37,0.142851
1198,6.04463e+23,6.05318e+20,2.74878e+11,79,36.2832,38,0.153706
1199,7.55579e+22,1.58484e+20,1.09951e+12,76,36.6279,40,0.158722
1200,2.41785e+24,2.42254e+21,5.49756e+11,81,36.8047,39,0.156444
1201,6.04463e+23,1.04404e+21,1.09951e+12,79,36.5088,40,0.160823
1202,9.44473e+21,1.19285e+19,2.74878e+11,73,35.0244,38,0.151375
1203,5.90296e+20,2.97106e+18,5.49756e+11,69,36.1045,39,0.154347
1204,2.36118e+21,5.6935e+18,1.37439e+11,71,33.5029,37,0.144374
1205,7.55579e+22,8.45951e+19,2.74878e+11,76,34.8486,38,0.148106
1206,9.44473e+21,2.5586e+19,3.43598e+10,73,31.0977,35,0.132011
1207,1.51116e+23,2.29199e+20,1.37439e+11,77,32.7061,37,0.140836
1208,3.77789e+22,6.29099e+19,5.49756e+11,75,34.9307,39,0.148297
1209,5.90296e+20,2.17872e+18,3.43599e+10,69,31.5928,35,0.133818
1210,3.02231e+23,3.1421e+20,2.74878e+11,78,34.4053,38,0.147202
1211,7.55579e+22,1.13418e+20,5.49756e+11,76,35.001,39,0.150207
1212,2.41785e+24,2.97237e+21,2.74878e+11,81,34.6348,38,0.146388
1213,7.92282e+28,7.73713e+25,5.49756e+11,96,34.8633,39,0.152368
1214,1.51116e+23,1.59131e+20,5.49756e+11,77,36.2129,39,0.153322
1215,9.67141e+24,1.41724e+22,2.74878e+11,83,35.4014,38,0.149795
1216,1.88895e+22,1.96578e+19,6.87196e+10,74,33.3398,36,0.139198
1217,1.51116e+23,1.56649e+20,3.43598e+10,77,32.9424,35,0.141159
1218,7.55579e+22,1.52547e+20,1.37439e+11,76,34.8271,37,0.146281
1219,3.77789e+22,4.3905e+19,1.37439e+11,75,34.3926,37,0.147513
1220,1.20893e+24,1.20173e+21,5.49756e+11,80,34.8477,39,0.149878
1221,7.55579e+22,1.20037e+20,3.43598e+10,76,32.4697,35,0.13886
1222,9.44473e+21,1.1591e+19,3.43599e+10,73,31.667,35,0.137386
1223,1.20893e+24,1.25588e+21,1.37439e+11,80,33.6582,37,0.141456
1224,3.77789e+22,4.88288e+19,6.87196e+10,75,32.1992,36,0.141854
1225,1.88895e+22,3.32594e+19,1.718e+10,74,30.6016,34,0.134163
1226,1.88895e+22,2.97351e+19,1.37439e+11,74,34.4492,37,0.148006
1227,3.02231e+23,3.00658e+20,1.37439e+11,78,33.5215,37,0.143333
1228,3.02231e+23,3.8251e+20,2.74878e+11,78,35.499,38,0.151204
1229,3.77789e+22,5.57104e+19,2.74878e+11,75,35.083,38,0.147308
1230,7.55579e+22,8.09594e+19,2.74878e+11,76,35.2842,38,0.150132
1231,3.77789e+22,7.05005e+19,2.74878e+11,75,34.7207,38,0.145977
1232,2.36118e+21,6.21216e+18,5.49756e+11,71,34.9639,39,0.146752
1233,2.36118e+21,2.98329e+18,1.37439e+11,71,33.6201,37,0.141376
1234,3.02231e+23,3.06398e+20,6.87196e+10,78,31.8311,36,0.132616
1235,2.36118e+21,5.61667e+18,1.37439e+11,71,33.4199,37,0.146934
1236,3.77789e+22,6.16248e+19,3.43599e+10,75,31.5186,35,0.136267
1237,7.55579e+22,1.81205e+20,6.87196e+10,76,32.8018,36,0.141683
1238,2.36118e+21,5.17662e+18,1.37439e+11,71,32.208,37,0.138221
1239,1.88895e+22,3.07966e+19,6.87196e+10,74,32.3809,36,0.139641
1240,1.51116e+23,1.51934e+20,1.37439e+11,77,32.665,37,0.141357
1241,3.77789e+22,5.67864e+19,6.87196e+10,75,32.8115,36,0.140058
1242,3.02231e+23,3.87412e+20,1.718e+10,78,31.3447,34,0.13683
1243,3.77789e+22,6.54486e+19,6.87196e+10,75,33.1094,36,0.140489
1244,1.18059e+21,3.59458e+18,1.37439e+11,70,33.9541,37,0.142829
1245,4.8357e+24,6.12506e+21,1.718e+10,82,30.7695,34,0.132864
1246,9.44473e+21,1.84158e+19,3.43599e+10,73,32.7568,35,0.139479
1247,7.55579e+22,9.89598e+19,6.87196e+10,76,33.2734,36,0.144783
1248,1.51116e+23,2.14973e+20,1.718e+10,77,32.2422,34,0.140471
1249,7.55579e+22,9.80011e+19,6.87196e+10,76,32.7227,36,0.143536
1250,9.67141e+24,9.67898e+21,1.718e+10,83,31.2158,34,0.132538
1251,3.02231e+23,3.21195e+20,1.37439e+11,78,33.7148,37,0.142215
1252,3.77789e+22,6.25428e+19,1.718e+10,75,32.4727,34,0.14003
1253,7.55579e+22,7.77925e+19,6.87196e+10,76,33.7432,36,0.142966
1254,1.88895e+22,6.2254e+19,1.37439e+11,74,33.1846,37,0.144396
1255,1.88895e+22,3.18916e+19,6.87196e+10,74,33.0244,36,0.139918
1256,2.41785e+24,2.92854e+21,4.29507e+09,81,31.291,32,0.13718
1257,4.8357e+24,4.99091e+21,1.37439e+11,82,33.5068,37,0.14607
1258,1.20893e+24,1.21061e+21,2.14758e+09,80,30.9629,31,0.132369
1259,9.67141e+24,1.0147e+22,2.74878e+11,83,34.3486,38,0.155449
1260,7.92282e+28,2.32116e+26,6.87196e+10,96,33.9209,36,0.148486
1261,1.93428e+25,2.02475e+22,3.43598e+10,84,32.6914,35,0.143955
1262,7.92282e+28,7.74247e+25,2.74878e+11,96,35.1016,38,0.153699
1263,1.93428e+25,3.40465e+22,1.37439e+11,84,35.2344,37,0.155235
1264,1.20893e+24,2.17115e+21,8.59003e+09,80,32.4795,33,0.141632
1265,9.90352e+27,9.67383e+24,2.74878e+11,93,35.624,38,0.154304
1266,4.8357e+24,7.05671e+21,3.43598e+10,82,31.6299,35,0.14289
1267,7.73713e+25,9.76554e+22,6.87196e+10,86,34.2773,36,0.154401
1268,3.86856e+25,4.08826e+22,6.87196e+10,85,34.5518,36,0.152833
1269,7.92282e+28,1.54748e+26,1.37439e+11,96,34.2266,37,0.151239
1270,4.8357e+24,6.08751e+21,1.718e+10,82,31.3242,34,0.138531
1271,1.9807e+28,2.1804e+25,6.87196e+10,94,35.1016,36,0.159924
1272,7.92282e+28,7.74291e+25,2.14757e+09,96,30.8359,31,0.13556
1273,7.92282e+28,1.26106e+26,8.59003e+09,96,30.7021,33,0.140762
1274,7.92282e+28,8.10811e+25,4.29503e+09,96,29.584,32,0.132417
1275,1.54743e+26,2.55819e+23,1.37439e+11,87,35.2676,37,0.155051
1276,7.92282e+28,8.22251e+25,2.74878e+11,96,36.0977,38,0.157071
1277,7.92282e+28,7.98848e+25,2.74878e+11,96,37.0674,38,0.167205
1278,7.92282e+28,2.32137e+26,2.74878e+11,96,38.1377,38,0.166974
1279,7.92282e+28,1.58246e+26,2.19902e+12,96,40.5586,41,0.183555
1280,7.92282e+28,9.92796e+25,1.37439e+11,96,37.6611,37,0.167009
1281,7.92282e+28,2.32508e+26,5.49756e+11,96,39.1465,39,0.173026
1282,7.92282e+28,8.7306e+25,2.74878e+11,96,37.7207,38,0.17133
1283,9.90352e+27,1.41979e+25,2.74878e+11,93,38.6338,38,0.169487
1284,7.92282e+28,8.86181e+25,5.49756e+11,96,39.2871,39,0.173786
1285,7.92282e+28,4.53492e+26,2.19902e+12,96,41.6416,41,0.189471
1286,7.92282e+28,1.62958e+26,1.09951e+12,96,41.126,40,0.185042
1287,7.92282e+28,4.0461e+26,2.19902e+12,96,42.3428,41,0.187895
1288,7.92282e+28,2.43832e+26,5.49756e+11,96,40.0674,39,0.179936
1289,7.92282e+28,5.78532e+26,2.19902e+12,96,42.377,41,0.19104
1290,1.58456e+29,1.01516e+27,2.19902e+12,97,42.1377,41,0.194741
1291,7.92282e+28,7.14713e+26,2.19902e+12,96,41.2207,41,0.18921
1292,7.92282e+28,7.97239e+26,8.79609e+12,96,43.4229,43,0.19851
1293,7.92282e+28,4.73367e+26,2.19902e+12,96,42.3701,41,0.194677
1294,7.92282e+28,8.57761e+26,4.39805e+12,96,42.9883,42,0.194666
1295,7.92282e+28,7.899e+26,2.19902e+12,96,41.666,41,0.188523
1296,7.92282e+28,9.26047e+26,2.19902e+12,96,41.8125,41,0.188677
1297,7.92282e+28,8.96485e+26,2.19902e+12,96,41.1738,41,0.187235
1298,7.92282e+28,9.33318e+26,2.19902e+12,96,42.0605,41,0.191897
1299,7.92282e+28,7.78146e+26,4.39805e+12,96,41.8594,42,0.193828
1300,7.92282e+28,1.00855e+27,2.19902e+12,96,41.5439,41,0.193016
1301,7.92282e+28,5.63811e+26,4.39805e+12,96,42.1748,42,0.197803
1302,7.92282e+28,7.0149e+26,8.79609e+12,96,43.6328,43,0.20571
1303,7.92282e+28,1.1392e+27,4.39805e+12,96,42.6387,42,0.196046
1304,7.92282e+28,1.55678e+27,4.39805e+12,96,42.1855,42,0.196875
1305,7.92282e+28,8.3659e+26,1.09951e+12,96,41.1279,40,0.187556
1306,7.92282e+28,1.48317e+27,2.19902e+12,96,41.8701,41,0.194409
1307,7.92282e+28,8.06209e+26,1.09951e+12,96,40.374,40,0.185951
1308,7.92282e+28,8.41995e+26,1.09951e+12,96,40.251,40,0.19226
1309,7.92282e+28,9.94891e+26,5.49756e+11,96,40.2373,39,0.1894
1310,7.92282e+28,1.44042e+27,2.19902e+12,96,42.3408,41,0.193697
1311,7.92282e+28,1.34942e+27,2.19902e+12,96,41.9365,41,0.195349
1312,7.92282e+28,5.62294e+26,1.09951e+12,96,40.9287,40,0.190851
1313,7.92282e+28,1.36828e+27,1.09951e+12,96,40.5049,40,0.186964
1314,7.92282e+28,1.64809e+27,2.19902e+12,96,42.1553,41,0.205094
1315,3.16913e+29,1.39339e+27,2.19902e+12,98,41.3652,41,0.192504
1316,7.92282e+28,8.91949e+26,2.19902e+12,96,40.9385,41,0.18923
1317,7.92282e+28,1.47207e+27,1.09951e+12,96,41.6162,40,0.194699
1318,7.92282e+28,1.35527e+27,2.19902e+12,96,42.6943,41,0.198426
1319,7.92282e+28,1.99329e+27,5.49756e+11,96,40.9883,39,0.192608
1320,7.92282e+28,1.27788e+27,1.09951e+12,96,41.4053,40,0.192379
1321,7.92282e+28,1.2017e+27,2.19902e+12,96,41.3857,41,0.190733
1322,7.92282e+28,1.4686e+27,4.39805e+12,96,42.7812,42,0.196102
1323,7.92282e+28,1.43684e+27,4.39805e+12,96,42.4893,42,0.203608
1324,7.92282e+28,1.70362e+27,2.19902e+12,96,42.1152,41,0.201166
1325,7.92282e+28,2.5177e+27,4.39805e+12,96,43.9561,42,0.200735
1326,7.92282e+28,1.39577e+27,1.09951e+12,96,42.1689,40,0.194046
1327,7.92282e+28,1.17439e+27,2.19902e+12,96,41.7598,41,0.197015
1328,7.92282e+28,1.45632e+27,8.79609e+12,96,43.0322,43,0.197006
1329,7.92282e+28,1.50816e+27,2.19902e+12,96,41.8496,41,0.192518
1330,7.92282e+28,2.47672e+27,2.19902e+12,96,42.6719,41,0.196822
1331,7.92282e+28,1.77648e+27,2.19902e+12,96,42.9121,41,0.205532
1332,7.92282e+28,1.91403e+27,2.19902e+12,96,43.4883,41,0.205089
1333,7.92282e+28,1.59943e+27,2.19902e+12,96,42.1562,41,0.197607
1334,7.92282e+28,2.16874e+27,8.79609e+12,96,43.2354,43,0.20135
1335,7.92282e+28,1.96965e+27,4.39805e+12,96,42.9971,42,0.209907
1336,7.92282e+28,1.66556e+27,2.19902e+12,96,41.7188,41,0.201059
1337,7.92282e+28,2.18936e+27,1.09951e+12,96,40.7949,40,0.188657
1338,7.92282e+28,1.68882e+27,2.19902e+12,96,42.499,41,0.196629
1339,7.92282e+28,1.31044e+27,2.19902e+12,96,41.4834,41,0.19211
1340,7.92282e+28,2.05567e+27,1.09951e+12,96,41.2773,40,0.188177
1341,7.92282e+28,2.1608e+27,1.09951e+12,96,42.123,40,0.196993
1342,7.92282e+28,1.92349e+27,2.19902e+12,96,42.3115,41,0.198172
1343,7.92282e+28,1.70852e+27,1.09951e+12,96,41.9961,40,0.20435
1344,7.92282e+28,2.03527e+27,2.19902e+12,96,42.4121,41,0.195306
1345,7.92282e+28,1.9166e+27,1.09951e+12,96,40.873,40,0.195308
1346,7.92282e+28,1.75766e+27,4.39805e+12,96,43.2773,42,0.202952
1347,7.92282e+28,1.2619e+27,8.79609e+12,96,42.9639,43,0.20633
1348,7.92282e+28,1.8044e+27,8.79609e+12,96,43.5957,43,0.20789
1349,7.92282e+28,2.23158e+27,2.19902e+12,96,42.5957,41,0.201433
1350,7.92282e+28,2.28631e+27,2.19902e+12,96,43.2197,41,0.202711
1351,7.92282e+28,1.98393e+27,1.09951e+12,96,41.3496,40,0.192758
1352,7.92282e+28,2.03236e+27,1.09951e+12,96,42.1836,40,0.194822
1353,7.92282e+28,1.95099e+27,4.39805e+12,96,42.7871,42,0.198148
1354,7.92282e+28,1.87736e+27,2.19902e+12,96,42.5576,41,0.201456
1355,7.92282e+28,2.27419e+27,1.09951e+12,96,42.3008,40,0.202735
1356,7.92282e+28,2.52569e+27,5.49756e+11,96,41.4609,39,0.194555
1357,7.92282e+28,1.25899e+27,8.79609e+12,96,43.5654,43,0.207747
1358,7.92282e+28,1.81301e+27,1.09951e+12,96,41.9346,40,0.20135
1359,7.92282e+28,1.86807e+27,4.39805e+12,96,42.6797,42,0.19906
1360,7.92282e+28,2.38483e+27,2.19902e+12,96,42.4609,41,0.19737
1361,7.92282e+28,2.74101e+27,2.19902e+12,96,42.2949,41,0.201745
1362,7.92282e+28,2.48958e+27,4.39805e+12,96,43.4619,42,0.207734
1363,7.92282e+28,2.03317e+27,2.19902e+12,96,42.9072,41,0.20267
1364,7.92282e+28,1.66799e+27,4.39805e+12,96,42.9912,42,0.205424
1365,7.92282e+28,2.41234e+27,2.19902e+12,96,42.4473,41,0.203358
1366,7.92282e+28,2.54977e+27,8.79609e+12,96,43.4326,43,0.207934
1367,7.92282e+28,3.14295e+27,1.75922e+13,96,44.6934,44,0.229496
1368,7.92282e+28,2.45943e+27,8.79609e+12,96,44.0176,43,0.203006
1369,7.92282e+28,2.73326e+27,2.19902e+12,96,43.1709,41,0.201063
1370,7.92282e+28,2.96668e+27,4.39805e+12,96,43.876,42,0.207031
1371,7.92282e+28,2.70425e+27,3.51844e+13,96,45.3525,45,0.21127
1372,7.92282e+28,2.99602e+27,1.75922e+13,96,44.7627,44,0.210528
1373,7.92282e+28,2.37616e+27,3.51844e+13,96,45.2344,45,0.215611
1374,7.92282e+28,2.5164e+27,8.79609e+12,96,43.6709,43,0.202186
1375,7.92282e+28,2.97907e+27,1.75922e+13,96,45.083,44,0.208811
1376,7.92282e+28,3.61839e+27,8.79609e+12,96,44.8213,43,0.210368
1377,7.92282e+28,3.44617e+27,4.39805e+12,96,44.6699,42,0.211787
1378,7.92282e+28,4.38337e+27,4.39805e+12,96,44.1436,42,0.20931
1379,7.92282e+28,2.99602e+27,4.39805e+12,96,44.4473,42,0.209277
1380,7.92282e+28,2.82432e+27,1.75922e+13,96,43.9082,44,0.212888
1381,7.92282e+28,3.19182e+27,3.51844e+13,96,45.9297,45,0.216168
1382,1.58456e+29,3.14652e+27,8.79609e+12,97,43.6885,43,0.199226
1383,7.92282e+28,3.37969e+27,1.75922e+13,96,44.8467,44,0.21687
1384,7.92282e+28,4.68641e+27,3.51844e+13,96,45.7764,45,0.216893
1385,7.92282e+28,3.52148e+27,1.75922e+13,96,45.668,44,0.218754
1386,7.92282e+28,4.01232e+27,7.03687e+13,96,46.6035,46,0.228813
1387,7.92282e+28,3.47007e+27,1.75922e+13,96,45.8955,44,0.218014
1388,7.92282e+28,3.21048e+27,3.51844e+13,96,46.1641,45,0.220649
1389,1.58456e+29,3.99279e+27,3.51844e+13,97,45.3535,45,0.217168
1390,7.92282e+28,3.98158e+27,3.51844e+13,96,46.4648,45,0.221461
1391,7.92282e+28,4.31065e+27,7.03687e+13,96,46.2793,46,0.219745
1392,7.92282e+28,3.28401e+27,7.03687e+13,96,46.2646,46,0.219422
1393,7.92282e+28,3.6555e+27,1.40737e+14,96,47.0684,47,0.229729
1394,7.92282e+28,4.03056e+27,7.03687e+13,96,46.6699,46,0.221787
1395,7.92282e+28,4.92276e+27,1.75922e+13,96,46.084,44,0.217151
1396,7.92282e+28,4.1786e+27,3.51844e+13,96,45.8916,45,0.220867
1397,7.92282e+28,4.77189e+27,4.39805e+12,96,45.0449,42,0.21602
1398,7.92282e+28,3.81347e+27,3.51844e+13,96,44.8574,45,0.211763
1399,7.92282e+28,3.86177e+27,2.19902e+12,96,43.752,41,0.209249
1400,7.92282e+28,4.27936e+27,4.39805e+12,96,44.6221,42,0.21224
1401,7.92282e+28,4.47295e+27,8.79609e+12,96,45.2695,43,0.214573
1402,7.92282e+28,5.16488e+27,2.19902e+12,96,44.2275,41,0.20599
1403,7.92282e+28,3.64813e+27,8.79609e+12,96,45.1113,43,0.211407
1404,7.92282e+28,5.3564e+27,3.51844e+13,96,46.6455,45,0.217946
1405,7.92282e+28,5.0928e+27,3.51844e+13,96,46.6094,45,0.220929
1406,7.92282e+28,5.40531e+27,1.75922e+13,96,46.0557,44,0.214291
1407,7.92282e+28,4.99783e+27,1.75922e+13,96,46.0176,44,0.212617
1408,7.92282e+28,5.6343e+27,1.75922e+13,96,46.374,44,0.215689
1409,7.92282e+28,6.72314e+27,7.03687e+13,96,47.0029,46,0.228591
1410,7.92282e+28,5.67957e+27,3.51844e+13,96,46.9756,45,0.218986
1411,7.92282e+28,5.36742e+27,1.75922e+13,96,46.5889,44,0.217597
1412,7.92282e+28,5.35498e+27,2.81475e+14,96,47.6055,48,0.221005
1413,7.92282e+28,4.58739e+27,7.03687e+13,96,46.1514,46,0.217366
1414,7.92282e+28,4.91643e+27,1.75922e+13,96,45.4414,44,0.21073
1415,7.92282e+28,3.49545e+27,8.79609e+12,96,43.8623,43,0.211027
1416,7.92282e+28,5.16101e+27,3.51844e+13,96,46.4131,45,0.216324
1417,7.92282e+28,4.81186e+27,8.79609e+12,96,46.0107,43,0.222784
1418,7.92282e+28,5.58914e+27,7.03687e+13,96,47.9355,46,0.222755
1419,7.92282e+28,4.0342e+27,3.51844e+13,96,46.2021,45,0.216612
1420,7.92282e+28,5.46685e+27,1.75922e+13,96,46.1484,44,0.217208
1421,7.92282e+28,4.91688e+27,1.75922e+13,96,46.0176,44,0.214405
1422,7.92282e+28,4.92394e+27,1.75922e+13,96,45.9961,44,0.219204
1423,7.92282e+28,5.18394e+27,1.75922e+13,96,45.7305,44,0.212596
1424,7.92282e+28,4.89971e+27,1.75922e+13,96,45.874,44,0.213204
1425,7.92282e+28,5.00897e+27,3.51844e+13,96,46.4414,45,0.216667
1426,7.92282e+28,5.3169e+27,2.81475e+14,96,48.9297,48,0.226601
1427,7.92282e+28,6.33837e+27,7.03687e+13,96,47.6025,46,0.220057
1428,7.92282e+28,4.97252e+27,1.40737e+14,96,47.7266,47,0.219464
1429,7.92282e+28,5.62432e+27,1.75922e+13,96,46.4131,44,0.211874
1430,7.92282e+28,5.34482e+27,3.51844e+13,96,47.6943,45,0.222051
1431,7.92282e+28,5.77281e+27,7.03687e+13,96,48.1631,46,0.220359
1432,7.92282e+28,6.90357e+27,2.81475e+14,96,49.458,48,0.230392
1433,7.92282e+28,6.79687e+27,5.6295e+14,96,49.2803,49,0.233053
1434,7.92282e+28,6.90653e+27,2.2518e+15,96,49.7568,51,0.2341
1435,7.92282e+28,7.46355e+27,3.60288e+16,96,52.6934,55,0.242164
1436,7.92282e+28,7.08566e+27,4.5036e+15,96,50.7549,52,0.236904
1437,7.92282e+28,8.62327e+27,1.80144e+16,96,52.1172,54,0.246897
1438,7.92282e+28,9.04642e+27,7.20576e+16,96,53.4121,56,0.260789
1439,7.92282e+28,9.72001e+27,2.8823e+17,96,54.0488,58,0.257587
1440,7.92282e+28,1.006e+28,5.76461e+17,96,54.8184,59,0.263516
1441,1.58456e+29,1.19556e+28,9.22337e+18,97,57.9678,63,0.28064
1442,7.92282e+28,1.18046e+28,5.76461e+17,96,55.082,59,0.25752
1443,7.92282e+28,1.31438e+28,4.61169e+18,96,57.4629,62,0.268681
1444,7.92282e+28,1.17535e+28,5.76461e+17,96,56.5479,59,0.266703
1445,7.92282e+28,1.10081e+28,4.61169e+18,96,58.2246,62,0.27228
1446,7.92282e+28,1.28276e+28,9.22337e+18,96,58.54,63,0.27907
1447,1.58456e+29,1.40073e+28,3.68935e+19,97,60.4902,65,0.28247
1448,7.92282e+28,1.49942e+28,7.3787e+19,96,60.4814,66,0.277135
1449,7.92282e+28,1.41438e+28,9.22337e+18,96,58.791,63,0.281818
1450,7.92282e+28,1.40388e+28,7.3787e+19,96,60.4033,66,0.285408
1451,7.92282e+28,1.43285e+28,1.47574e+20,96,61.6211,67,0.290398
1452,7.92282e+28,1.48882e+28,2.95148e+20,96,61.6602,68,0.29624
1453,3.16913e+29,1.48801e+28,1.18059e+21,98,60.999,70,0.283973
1454,3.16913e+29,1.60658e+28,4.72237e+21,98,62.0166,72,0.287441
1455,7.92282e+28,1.70523e+28,1.18059e+21,96,61.4873,70,0.290711
1456,7.92282e+28,1.51747e+28,3.68935e+19,96,60.6631,65,0.283118
1457,7.92282e+28,1.63736e+28,2.95148e+20,96,61.1992,68,0.283944
1458,7.92282e+28,1.55811e+28,5.90296e+20,96,60.0117,69,0.292094
1459,7.92282e+28,1.47147e+28,7.3787e+19,96,60.1299,66,0.28895
1460,1.58456e+29,1.67208e+28,2.95148e+20,97,61.2715,68,0.282896
1461,7.92282e+28,1.59868e+28,1.84467e+19,96,59.4941,64,0.281673
1462,3.16913e+29,1.52398e+28,1.84467e+19,98,59.7188,64,0.281125
1463,7.92282e+28,1.52317e+28,1.18059e+21,96,61.4131,70,0.282693
1464,7.92282e+28,1.60539e+28,1.47574e+20,96,60.8711,67,0.283006
1465,7.92282e+28,1.64802e+28,5.90296e+20,96,61.5762,69,0.290667
1466,7.92282e+28,1.53433e+28,1.47574e+20,96,59.9883,67,0.283108
1467,1.58456e+29,1.61102e+28,7.3787e+19,97,60.25,66,0.283859
1468,7.92282e+28,1.61794e+28,2.95148e+20,96,61.709,68,0.28693
1469,7.92282e+28,1.52772e+28,1.18059e+21,96,61.3301,70,0.286659
1470,7.92282e+28,1.51295e+28,5.90296e+20,96,60.2656,69,0.283522
1471,7.92282e+28,1.6834e+28,1.84467e+19,96,60.5908,64,0.274417
1472,7.92282e+28,1.65178e+28,1.47574e+20,96,60.0254,67,0.281001
1473,1.58456e+29,1.61532e+28,1.84467e+19,97,59.1221,64,0.275826
1474,7.92282e+28,1.67712e+28,1.47574e+20,96,60.9277,67,0.277807
1475,7.92282e+28,1.63528e+28,1.18059e+21,96,61.0371,70,0.282848
1476,7.92282e+28,1.50635e+28,1.84467e+19,96,59.583,64,0.282129
1477,7.92282e+28,1.59975e+28,9.22337e+18,96,59.7666,63,0.281191
1478,7.92282e+28,1.50874e+28,3.68935e+19,96,59.3896,65,0.273319
1479,7.92282e+28,1.6303e+28,3.68935e+19,96,59.5312,65,0.280506
1480,7.92282e+28,1.74525e+28,1.18059e+21,96,60.8574,70,0.28003
1481,7.92282e+28,1.58825e+28,3.68935e+19,96,59.2695,65,0.273156
1482,3.16913e+29,1.58442e+28,7.3787e+19,98,59.2822,66,0.277623
1483,7.92282e+28,1.53291e+28,1.84467e+19,96,58.8281,64,0.271881
1484,7.92282e+28,1.6567e+28,7.3787e+19,96,59.9629,66,0.275651
1485,3.16913e+29,1.65538e+28,2.95148e+20,98,60.4502,68,0.282029
1486,7.92282e+28,1.57574e+28,1.47574e+20,96,59.3867,67,0.280162
1487,7.92282e+28,1.63797e+28,1.47574e+20,96,60.3164,67,0.284918
1488,7.92282e+28,1.6057e+28,5.90296e+20,96,59.999,69,0.282718
1489,7.92282e+28,1.67609e+28,2.36118e+21,96,61.0215,71,0.278368
1490,7.92282e+28,1.64892e+28,1.84467e+19,96,59.8516,64,0.277926
1491,7.92282e+28,1.56044e+28,3.68935e+19,96,59.2383,65,0.272467
1492,7.92282e+28,1.6399e+28,1.84467e+19,96,59.2529,64,0.275402
1493,7.92282e+28,1.74694e+28,2.95148e+20,96,60.8994,68,0.285208
1494,7.92282e+28,1.72832e+28,1.18059e+21,96,60.4824,70,0.280106
1495,7.92282e+28,1.4704e+28,1.84467e+19,96,58,64,0.27507
1496,1.58456e+29,1.71668e+28,1.84467e+19,97,59.9404,64,0.280572
1497,7.92282e+28,1.51674e+28,3.68935e+19,96,58.2852,65,0.267026
1498,7.92282e+28,1.68104e+28,1.84467e+19,96,58.7021,64,0.266318
1499,7.92282e+28,1.37379e+28,1.84467e+19,96,58.5566,64,0.271344
