163.42
0,111.425,7.29287,4,1,0.03125,0,0.00462482
1,434.954,8.74311,4,2,0.0419922,0,0.00433236
2,434.639,9.4045,5,2,0.0439453,0,0.00440481
3,434.412,8.73366,5,2,0.0361328,0,0.00436688
4,435.127,8.78928,5,2,0.0380859,0,0.00435955
5,435.151,9.91147,5,2,0.0449219,0,0.00441641
6,435.151,10.3666,5,2,0.0458984,0,0.00451954
7,435.149,10.4517,5,2,0.0458984,0,0.00439436
8,434.902,10.9471,5,2,0.0537109,0,0.00432817
9,123.08,10.0227,5,1,0.0478516,0,0.0044643
10,399.003,10.5798,5,2,0.0507812,0,0.00445393
11,435,11.6683,5,2,0.0507812,0,0.00465719
12,926.292,17.746,6,3,0.0878906,0,0.00498068
13,1677.82,26.8064,6,4,0.111328,0,0.0056124
14,1776.18,50.7809,9,4,0.228516,0,0.00710633
15,2600.81,83.5244,27,5,0.352539,0,0.0091275
16,3316.66,116.313,101,6,0.443359,0,0.0112185
17,3370.8,123.059,101,6,0.485352,0,0.0125755
18,2605.75,126.839,101,5,0.476562,0,0.0134614
19,3835.74,141.226,101,6,0.526367,0,0.0133145
20,3796.01,140.919,101,6,0.509766,0,0.0133155
21,3740.81,153.221,101,7,0.579102,0,0.0135166
22,3938.03,144.483,101,6,0.516602,0,0.0137927
23,3543.49,151.373,101,6,0.571289,0,0.0138178
24,7114.77,161.429,101,8,0.561523,0,0.0140462
25,2740.66,153.847,101,5,0.580078,0,0.0136962
26,3222.21,130.235,101,6,0.515625,0,0.013509
27,2658.83,148.002,101,5,0.592773,0,0.0141521
28,4096.95,154.644,101,6,0.566406,0,0.0136559
29,2705.11,168.464,101,5,0.62793,0,0.0134618
30,9454.45,163.047,101,9,0.608398,0,0.0132857
31,3002.56,177.039,101,6,0.625977,0,0.0141671
32,3919.27,182.097,101,6,0.666016,0,0.0139903
33,3962.71,176.939,101,6,0.635742,0,0.0143384
34,7031.77,201.018,101,8,0.705078,0,0.0134011
35,5152.51,198.997,101,7,0.716797,0,0.014054
36,3815.97,211.897,101,6,0.765625,0,0.0138533
37,6707.04,230.579,101,8,0.798828,0,0.013282
38,8879.13,227.289,101,9,0.785156,0,0.013828
39,7485.47,235.711,101,8,0.824219,0,0.0139404
40,7021.28,245.601,101,8,0.802734,0,0.0139726
41,5586.62,213.081,101,7,0.776367,0,0.0146356
42,5563.94,248.046,101,8,0.857422,0,0.0137975
43,5248,243.188,101,7,0.847656,0,0.0141436
44,4022.75,229.294,101,7,0.833008,0,0.0134729
45,3993.04,263.129,106.306,6,0.928711,1,0.0140891
46,5638.51,274.934,101,7,0.911133,0,0.0139926
47,15135.8,303.691,101,11,0.926758,0,0.0144553
48,7010.77,318.233,109.829,8,1.00977,1,0.014497
49,5307.39,342.55,109.275,7,1.06152,1,0.014823
50,9411.3,307.863,107.538,10,0.991211,1,0.0149979
51,9358.56,313.352,109.829,9,1.02051,1,0.0155002
52,9763.41,308.433,103.594,9,0.970703,1,0.0148102
53,7467.02,338.62,106.93,8,1.04688,1,0.0145132
54,11406.1,378.536,111.425,10,1.13867,1,0.0152415
55,20239.6,412.547,111.937,12,1.14844,1,0.015028
56,6751.5,347.693,113.419,8,1.11426,1,0.0153004
57,6839.38,409.597,115.729,8,1.20996,1,0.0153145
58,15271.1,410.172,115.729,11,1.21973,1,0.0150145
59,16274.3,555.98,120.227,11,1.44043,1,0.015575
60,10505.5,467.355,114.366,10,1.26367,1,0.0164788
61,11768,481.748,117.865,10,1.33887,1,0.0158717
62,19045.7,502.146,118.273,12,1.35449,1,0.01551
63,19066.2,475.835,116.603,12,1.32227,1,0.016158
64,9924.74,496.671,117.03,10,1.33203,1,0.0166101
65,57713.8,591.563,117.865,15,1.3916,1,0.015235
66,10965,554.388,122.047,10,1.45312,1,0.0157863
67,11406.1,497.769,117.03,10,1.35059,1,0.015288
68,92336.1,750.548,121.693,16,1.51562,1,0.0158162
69,11421.5,609.117,117.865,10,1.48926,1,0.0156106
70,96597.2,749.932,124.394,16,1.58594,1,0.0160213
71,38242.1,795.519,122.741,14,1.6582,1,0.0158741
72,57056.3,741.13,125.332,15,1.64941,1,0.016629
73,24112.2,769.537,132.668,13,1.69531,1,0.0163641
74,22986.4,769.445,122.047,13,1.66016,1,0.0155549
75,55886.7,950.968,125.637,15,1.77344,1,0.0175017
76,18117.1,860.317,126.815,12,1.78711,1,0.016619
77,36636.1,819.761,128.466,14,1.74512,1,0.0163448
78,92682.7,1014.87,137.553,16,1.92676,1,0.0170375
79,58785.8,1081.4,123.08,15,1.87598,1,0.0168451
80,18545.6,984.967,136.764,12,1.94141,1,0.0169023
81,298402,1351.84,136.482,18,1.96191,1,0.0164522
82,36921.8,1014.06,137.3,14,1.93848,1,0.0166766
83,92145.3,1273.99,136.624,16,2.01367,1,0.0173124
84,55711,1252.46,137.796,15,2.11816,1,0.0173926
85,57981.5,1494.26,138.573,15,2.24316,1,0.0180624
86,164269,1338.74,138.143,17,2.14941,1,0.0173089
87,57686.9,1304.33,137.553,15,2.14551,1,0.0172901
88,89834.7,1494.32,137.553,16,2.17285,1,0.0175805
89,37355.7,1239.74,137.037,14,2.09375,1,0.0167842
90,57497,1550.2,138.573,15,2.29492,1,0.018004
91,92901,1615.13,290.146,16,2.42871,2,0.0176189
92,559949,2448.87,138.143,19,2.2793,1,0.0167213
93,298437,2063.15,138.363,18,2.39062,1,0.0172198
94,564802,2425.17,138.872,19,2.49023,1,0.0167388
95,2.14572e+06,5082.89,358.27,21,2.81543,2,0.0190211
96,563908,3154.22,349.415,19,2.66309,2,0.0174517
97,2.14367e+06,5464.13,354.987,21,2.99414,2,0.0185646
98,2.14188e+06,6877.63,423.737,21,3.29199,2,0.018225
99,1.09045e+06,8575.02,426.375,20,3.56738,2,0.0197541
100,562910,7936.74,426.375,19,3.6875,2,0.0196544
101,8.44152e+06,20429.3,433.114,23,3.91699,2,0.02014
102,1.68418e+07,32219.7,858.278,24,4.46387,3,0.0219726
103,1.09501e+06,14175.8,432.828,20,3.94727,2,0.020443
104,4.2518e+06,25467.7,809.528,22,4.25684,3,0.0209634
105,2.14064e+06,13651,809.528,21,4.26758,3,0.0210503
106,8.44756e+06,26040.6,862.715,23,4.26465,3,0.0213903
107,8.44375e+06,29391.1,882.207,23,4.31445,3,0.0224697
108,1.07384e+09,1.12899e+06,1315.87,30,5.00586,4,0.0236611
109,1.68421e+07,48997,1798.09,24,5.71973,4,0.0279723
110,1.68377e+07,45224.6,1699.8,24,5.44922,4,0.0277032
111,1.6837e+07,48191.7,1687.34,24,5.28613,4,0.027088
112,1.68401e+07,65034.2,1658.35,24,5.42871,4,0.0264335
113,6.71788e+07,115770,1404.51,26,5.33301,4,0.0274092
114,3.36152e+07,88681.1,1004.1,25,5.50488,3,0.0279097
115,6.71743e+07,125921,1457.18,26,5.50391,4,0.0271839
116,3.36164e+07,96349.9,1424.97,25,5.60547,4,0.0279171
117,1.68333e+07,51371,1603.83,24,5.64355,4,0.0293351
118,1.68357e+07,73358.1,1328.79,24,5.41211,4,0.0279474
119,1.68349e+07,70826.9,1607.34,24,5.60254,4,0.0276326
120,6.7182e+07,135924,1276.63,26,5.4541,4,0.0272034
121,3.3622e+07,149583,1396.25,25,5.45801,4,0.0291242
122,1.34292e+08,233090,1760.49,27,6.03711,4,0.0302461
123,1.68367e+07,100435,961.25,24,5.26074,3,0.0281935
124,1.68306e+07,72426.3,970.606,24,5.38379,3,0.0279662
125,1.34294e+08,216576,1302.87,27,5.63867,4,0.028538
126,6.71868e+07,156202,959.636,26,5.41992,3,0.0286363
127,2.6852e+08,459116,1254.51,28,5.67188,4,0.0280784
128,6.71805e+07,493419,1523.32,26,6.33105,4,0.0317061
129,1.07384e+09,1.56524e+06,1732.64,30,6.62793,4,0.0311435
130,1.07384e+09,1.83971e+06,1302.87,30,6.44043,4,0.031491
131,5.36965e+08,1.00177e+06,1735.52,29,6.79492,4,0.03112
132,2.14758e+09,3.88205e+06,1311.55,31,6.5,4,0.0316739
133,8.59005e+09,1.41604e+07,2672.92,33,7.47266,5,0.0350288
134,1.07384e+09,2.57573e+06,1763.17,30,7.18457,4,0.0332194
135,8.59005e+09,1.89012e+07,1825.63,33,7.14453,4,0.0324677
136,2.68523e+08,988508,2264.96,28,7.17188,5,0.0327244
137,5.36965e+08,1.02246e+06,1712,29,6.67969,4,0.0300214
138,1.07384e+09,1.75269e+06,3416.64,30,7.57129,6,0.0324912
139,5.36957e+08,1.14996e+06,2686.83,29,7.33105,5,0.0310228
140,8.59005e+09,1.38311e+07,3665.61,33,7.6084,6,0.0322626
141,1.07384e+09,4.11237e+06,3707.51,30,7.75195,6,0.0324815
142,2.14759e+09,2.89218e+06,2299.79,31,7.23438,5,0.0317676
143,4.29508e+09,1.07427e+07,3925.55,32,8.02637,6,0.0331585
144,1.07384e+09,2.55511e+06,3835.74,30,7.86133,6,0.0322055
145,1.07384e+09,1.99056e+06,3809.33,30,7.74121,6,0.0318752
146,1.718e+10,3.14122e+07,3893.96,34,7.90625,6,0.0321895
147,2.14758e+09,5.09671e+06,5494.43,31,8.63477,7,0.0352106
148,4.29508e+09,8.44784e+06,5601.59,32,8.94531,7,0.0351884
149,3.43598e+10,4.72925e+07,4338.46,35,8.33008,7,0.0343556
150,4.29507e+09,1.73966e+07,4717.77,32,8.75586,7,0.0373824
151,2.14759e+09,5.21611e+06,4124.23,31,8.41309,6,0.0363656
152,2.14758e+09,6.99844e+06,5612.35,31,8.86816,8,0.0367343
153,8.59004e+09,2.20658e+07,5298.97,33,8.9043,7,0.0369496
154,4.29507e+09,1.14738e+07,3919.27,32,8.28125,6,0.0357035
155,4.29508e+09,1.1393e+07,3987.02,32,8.3125,6,0.0358087
156,2.14759e+09,1.0271e+07,3944.23,31,8.39258,6,0.0357439
157,4.29507e+09,1.01401e+07,2727.49,32,7.98047,5,0.0337227
158,8.59005e+09,1.81698e+07,3308.87,33,8.23145,6,0.0348961
159,5.36961e+08,4.91693e+06,3019.15,29,8.12988,6,0.0346373
160,8.59005e+09,1.8333e+07,3665.61,33,7.80566,6,0.0332561
161,4.29506e+09,2.74854e+07,4708.09,32,8.80566,7,0.0361772
162,1.718e+10,9.01127e+07,4794.62,34,9.08984,7,0.0374756
163,3.43599e+10,1.36784e+08,3809.33,35,8.5332,6,0.0358337
164,1.718e+10,4.8952e+07,3980.98,34,8.80469,6,0.0361736
165,8.59005e+09,3.91971e+07,3060.42,33,8.69141,6,0.0374304
166,3.43599e+10,6.21613e+07,3386.14,35,8.53906,6,0.0358988
167,1.718e+10,8.52907e+07,2906.93,34,8.51074,5,0.0364272
168,3.43599e+10,1.43751e+08,3829.17,35,8.84277,6,0.0379789
169,3.43599e+10,1.28957e+08,3906.66,35,8.94238,6,0.0381156
170,3.43599e+10,1.58165e+08,4172.16,35,9.15625,7,0.0389544
171,3.43599e+10,1.33837e+08,7246.15,35,10,8,0.0411506
172,3.43598e+10,1.31827e+08,4016.86,35,9.02539,6,0.0372323
173,1.718e+10,1.11451e+08,7324.72,34,9.81055,8,0.0412411
174,6.87196e+10,1.50912e+08,5714.39,36,9.66016,8,0.0411093
175,3.43599e+10,1.67544e+08,5462.84,35,9.51758,7,0.0400731
176,3.43599e+10,1.60779e+08,6861.13,35,9.74023,8,0.0401639
177,6.87196e+10,2.31744e+08,7021.28,36,10.123,8,0.0428018
178,3.43598e+10,2.59885e+08,7094.17,35,10.1748,8,0.0428775
179,3.43599e+10,3.31407e+08,6124.09,35,10.3564,8,0.0423032
180,3.43599e+10,4.08259e+08,6784.62,35,10.2891,8,0.0426905
181,6.87196e+10,2.50559e+08,6232.54,36,10.085,8,0.0427901
182,3.43599e+10,1.82957e+08,5256.55,35,9.6084,7,0.0405705
183,3.43599e+10,2.88555e+08,5616.45,35,9.91699,7,0.0405724
184,6.87196e+10,4.22817e+08,7073.47,36,10.4805,8,0.04588
185,3.43599e+10,3.34972e+08,7042.23,35,10.3945,8,0.0444968
186,3.43599e+10,3.44791e+08,7344.08,35,10.4932,8,0.0431215
187,1.718e+10,3.56407e+08,7994.8,34,10.9932,9,0.0461505
188,1.718e+10,2.56064e+08,5625.16,34,10.1641,8,0.0426108
189,1.37439e+11,4.59293e+08,6925.82,37,10.4951,8,0.045844
190,3.43599e+10,2.73209e+08,6160.4,35,10.1201,8,0.04193
191,6.87196e+10,4.87663e+08,10868,36,11.626,10,0.0465667
192,3.43599e+10,4.33641e+08,9548.43,35,11.1025,9,0.0458535
193,1.37439e+11,8.2308e+08,9513.42,37,11.252,9,0.0463123
194,3.43599e+10,5.75518e+08,7114.77,35,10.8867,8,0.0451774
195,3.43599e+10,6.05058e+08,10572.2,35,11.4072,10,0.0460778
196,6.87196e+10,5.75715e+08,9560.04,36,11.0693,9,0.0457325
197,3.43599e+10,4.37307e+08,7819.61,35,10.7471,9,0.0456766
198,3.43599e+10,4.58058e+08,8336.67,35,10.6758,9,0.0447757
199,3.43599e+10,4.43424e+08,9583.16,35,11.0537,9,0.0463484
200,6.87196e+10,3.4564e+08,8944.33,36,10.751,9,0.0441523
201,6.87196e+10,6.0192e+08,7878.31,36,10.957,9,0.0450397
202,6.87196e+10,5.26043e+08,10555.5,36,11.4502,10,0.0466659
203,6.87196e+10,3.6357e+08,9418.71,36,11.041,9,0.0445725
204,3.43599e+10,5.65644e+08,9651.76,35,11.2852,9,0.0484452
205,6.87196e+10,5.51392e+08,9060.14,36,11.1973,9,0.0456316
206,1.37439e+11,6.71025e+08,11077.1,37,11.6357,10,0.0469381
207,3.43598e+10,4.20131e+08,9454.45,35,10.9238,9,0.0474495
208,3.43599e+10,4.64309e+08,8475.61,35,10.9189,9,0.0459376
209,6.87196e+10,5.4132e+08,9123.58,36,11.2178,9,0.0461249
210,2.74878e+11,8.62137e+08,8461.81,38,10.9492,9,0.0468882
211,3.43599e+10,4.18993e+08,8983.16,35,11.2197,9,0.0487136
212,3.43599e+10,4.15855e+08,9072.88,35,11.0781,9,0.0476668
213,6.87196e+10,6.12486e+08,8652.99,36,11.0967,9,0.0487627
214,1.37439e+11,6.67214e+08,8336.67,37,11.0518,9,0.0500832
215,6.87196e+10,6.99408e+08,8364.63,36,11.1221,9,0.0470536
216,3.43599e+10,4.67555e+08,9211.3,35,11.291,9,0.0470649
217,3.43599e+10,6.05113e+08,9430.66,35,11.4258,9,0.0504974
218,6.87196e+10,7.62642e+08,11634.1,36,12.0596,10,0.0504513
219,6.87196e+10,7.60365e+08,15337.9,36,12.4766,11,0.052942
220,1.37439e+11,9.13665e+08,11421.5,37,12.0869,10,0.0507618
221,1.37439e+11,9.01194e+08,11928.5,37,12.4131,10,0.0531045
222,1.37439e+11,1.19523e+09,18503.2,37,13.3262,12,0.0572654
223,3.43599e+10,9.12426e+08,20089.9,35,13.2422,12,0.0554906
224,3.43599e+10,9.24195e+08,26144.2,35,13.5674,13,0.057146
225,6.87196e+10,1.15326e+09,18963.5,36,13.4072,12,0.0578541
226,6.87196e+10,9.64584e+08,19289.7,36,13.0889,12,0.056902
227,3.43599e+10,1.21387e+09,35946.4,35,14.5361,14,0.0614907
228,6.87196e+10,1.28247e+09,34424.5,36,14.2412,14,0.0593346
229,6.87196e+10,1.07176e+09,25661.3,36,13.7686,13,0.0572836
230,6.87196e+10,1.12366e+09,19588.6,36,13.4561,12,0.0556912
231,6.87196e+10,9.31571e+08,34081.9,36,14.0703,14,0.0575313
232,6.87196e+10,1.15089e+09,26189.5,36,13.7686,13,0.0579381
233,6.87196e+10,9.79483e+08,22273.3,36,13.4482,13,0.0573575
234,1.37439e+11,1.23265e+09,23835.1,37,13.7939,13,0.0585176
235,6.87196e+10,1.42553e+09,24997.3,36,13.79,13,0.0570954
236,6.87196e+10,1.19543e+09,26391.7,36,13.8945,13,0.0568622
237,1.37439e+11,1.41181e+09,27236.3,37,14.0488,13,0.0574845
238,6.87196e+10,1.45675e+09,33851.5,36,14.0605,14,0.057609
239,6.87196e+10,1.35558e+09,36027,36,14.5762,14,0.0599423
240,6.87196e+10,1.50141e+09,33677.6,36,14.043,14,0.0589474
241,6.87196e+10,1.29629e+09,30376.5,36,14.0918,14,0.0586547
242,6.87196e+10,1.54012e+09,32825.3,36,13.8799,14,0.0594943
243,3.43599e+10,1.10029e+09,32676.4,35,13.7314,14,0.0558706
244,3.43599e+10,1.22763e+09,38574.1,35,14.5088,14,0.0602035
245,6.87196e+10,1.28753e+09,24559,36,13.8096,13,0.0580566
246,3.43599e+10,1.46417e+09,34566.2,35,14.3926,14,0.0606478
247,3.43599e+10,1.48475e+09,35675.8,35,14.5029,14,0.0600505
248,6.87196e+10,1.53693e+09,33677.6,36,14.1758,14,0.0595367
249,2.74878e+11,1.47372e+09,34931.5,38,14.2783,14,0.0607411
250,2.74878e+11,1.79376e+09,49941.9,38,14.6846,15,0.061621
251,6.87196e+10,1.41129e+09,34875.6,36,14.502,14,0.0628023
252,6.87196e+10,1.84946e+09,55740.4,36,15.1553,15,0.0626665
253,6.87196e+10,1.69679e+09,55057.2,36,15.1299,15,0.065055
254,6.87196e+10,1.60323e+09,57360.3,36,15.4805,15,0.064524
255,6.87196e+10,1.63749e+09,38644.3,36,14.9668,14,0.0650799
256,2.74878e+11,1.89649e+09,35484.8,38,14.8086,14,0.0615731
257,6.87196e+10,1.94191e+09,56378.4,36,15.6152,15,0.0657881
258,1.37439e+11,1.98153e+09,52109.9,37,15.2627,15,0.0633306
259,3.43599e+10,1.55162e+09,57578.6,35,15.3926,15,0.0651767
260,3.43599e+10,1.53833e+09,57387.7,35,15.2979,15,0.0641721
261,1.37439e+11,1.98777e+09,56090.3,37,15.3584,15,0.0644118
262,6.87196e+10,2.04271e+09,55563.7,36,15.291,15,0.0631996
263,1.37439e+11,2.47808e+09,89664,37,15.9766,16,0.0662219
264,3.43599e+10,1.85061e+09,87238.3,35,15.4932,16,0.0646788
265,6.87196e+10,2.18669e+09,59011.7,36,15.7266,15,0.0661607
266,6.87196e+10,2.2585e+09,89970.7,36,15.9414,16,0.0657644
267,1.37439e+11,2.15402e+09,90677.2,37,15.7549,16,0.068449
268,6.87196e+10,1.98418e+09,85664.6,36,15.6045,16,0.0659574
269,1.37439e+11,2.27645e+09,89970.7,37,16.1182,16,0.068007
270,6.87196e+10,2.37343e+09,155515,36,16.6084,17,0.0689157
271,1.37439e+11,2.2425e+09,84123.3,37,15.71,16,0.0672033
272,6.87196e+10,2.24244e+09,158249,36,16.6943,17,0.0687499
273,6.87196e+10,2.19424e+09,58735.1,36,15.5205,15,0.0673285
274,6.87196e+10,2.15499e+09,159324,36,16.4951,17,0.0697928
275,6.87196e+10,2.52667e+09,156299,36,16.5518,17,0.0690191
276,6.87196e+10,2.15228e+09,156065,36,16.3896,17,0.0696501
277,6.87196e+10,2.07061e+09,55799,36,15.7715,15,0.0668908
278,1.37439e+11,2.39927e+09,158623,37,16.71,17,0.0681835
279,3.43599e+10,2.23561e+09,285140,35,16.9521,18,0.0702376
280,1.37439e+11,2.81861e+09,159834,37,17.0186,17,0.0717418
281,6.87196e+10,2.89623e+09,290204,36,17.1611,18,0.0715427
282,6.87196e+10,2.43292e+09,161601,36,16.7412,17,0.0713992
283,1.37439e+11,3.12442e+09,291592,37,17.1064,18,0.0733287
284,6.87196e+10,2.3704e+09,291882,36,17.1045,18,0.0736384
285,1.37439e+11,2.85122e+09,155791,37,16.4512,17,0.0691759
286,6.87196e+10,2.76765e+09,287162,36,17.0967,18,0.0709871
287,6.87196e+10,2.31335e+09,154319,36,16.3564,17,0.069115
288,6.87196e+10,2.94934e+09,290034,36,17.2754,18,0.0735436
289,1.37439e+11,2.94159e+09,161532,37,17.1279,17,0.0749595
290,6.87196e+10,2.95248e+09,293311,36,17.3975,18,0.0751302
291,6.87196e+10,3.19049e+09,291716,36,17.1338,18,0.0731136
292,2.74878e+11,3.48033e+09,160265,38,16.8555,17,0.0713827
293,1.37439e+11,3.39321e+09,550649,37,17.8408,19,0.0756435
294,1.37439e+11,2.97485e+09,290416,37,17.167,18,0.0744172
295,6.87196e+10,3.10802e+09,294819,36,17.3867,18,0.0733793
296,1.37439e+11,3.26919e+09,296165,37,17.415,18,0.0744286
297,6.87196e+10,3.0913e+09,92994.1,36,17.0635,16,0.0738052
298,1.37439e+11,3.10717e+09,292703,37,17.3369,18,0.0728696
299,1.37439e+11,3.38128e+09,290289,37,17.4424,18,0.0750369
300,1.37439e+11,3.77811e+09,560121,37,17.9971,19,0.074737
301,1.09951e+12,4.63009e+09,555308,40,17.5039,19,0.0757568
302,1.37439e+11,3.71649e+09,560759,37,18.1299,19,0.0762488
303,6.87196e+10,3.90714e+09,2.13387e+06,36,18.5898,21,0.0781638
304,6.87196e+10,3.60814e+09,1.08776e+06,36,18.4463,20,0.0774505
305,1.37439e+11,3.73343e+09,1.08762e+06,37,18.4941,20,0.0772186
306,1.37439e+11,4.17048e+09,1.08372e+06,37,18.3125,20,0.0794006
307,2.74878e+11,4.07589e+09,293713,38,17.9521,18,0.0754968
308,6.87196e+10,3.81353e+09,560035,36,18.085,19,0.0768231
309,6.87196e+10,3.41096e+09,1.08882e+06,36,18.1494,20,0.0774377
310,6.87196e+10,3.47923e+09,1.08672e+06,36,18.3369,20,0.0768139
311,1.37439e+11,4.1243e+09,564026,37,18.5439,19,0.0781128
312,2.74878e+11,4.21957e+09,2.13478e+06,38,18.4551,21,0.0819006
313,1.37439e+11,4.07384e+09,561390,37,18.2188,19,0.0790662
314,1.37439e+11,4.13735e+09,1.09189e+06,37,18.5898,20,0.0783287
315,1.37439e+11,4.15974e+09,1.08677e+06,37,18.5117,20,0.0789938
316,6.87196e+10,4.46946e+09,1.08914e+06,36,18.5137,20,0.078552
317,1.37439e+11,4.11429e+09,2.13654e+06,37,18.7002,21,0.079957
318,5.49756e+11,4.61797e+09,1.08639e+06,39,18.2588,20,0.0801849
319,1.37439e+11,4.03991e+09,1.08278e+06,37,18.2861,20,0.0793006
320,6.87196e+10,4.03361e+09,1.08485e+06,36,18.2002,20,0.0777621
321,2.74878e+11,4.60682e+09,1.08738e+06,38,18.2539,20,0.0771187
322,1.37439e+11,4.08463e+09,295823,37,17.7031,18,0.075817
323,6.87196e+10,4.22252e+09,1.08397e+06,36,18.4014,20,0.0791689
324,6.87196e+10,3.91508e+09,1.08932e+06,36,18.3184,20,0.077395
325,2.74878e+11,4.50639e+09,1.08937e+06,38,18.1064,20,0.0758324
326,2.74878e+11,4.17286e+09,559863,38,17.877,19,0.0775278
327,1.37439e+11,4.0813e+09,559344,37,18.1221,19,0.0794821
328,1.37439e+11,4.02566e+09,2.13743e+06,37,18.6543,21,0.0801183
329,1.37439e+11,4.09815e+09,2.13305e+06,37,18.4521,21,0.0794242
330,2.74878e+11,4.32785e+09,1.08896e+06,38,18.5859,20,0.079669
331,1.37439e+11,3.73524e+09,556408,37,17.7822,19,0.0773488
332,1.37439e+11,4.7244e+09,2.13727e+06,37,18.8184,21,0.0832806
333,1.37439e+11,4.48695e+09,4.24169e+06,37,19.4346,22,0.0814881
334,1.37439e+11,4.42332e+09,1.08748e+06,37,18.5244,20,0.0785446
335,6.87196e+10,4.55589e+09,4.23829e+06,36,18.873,22,0.0806176
336,5.49756e+11,4.9761e+09,1.09245e+06,39,18.5879,20,0.0838603
337,1.37439e+11,4.65842e+09,4.23688e+06,37,19.0322,22,0.0816813
338,1.37439e+11,4.72551e+09,1.08112e+06,37,18.2686,20,0.0776229
339,6.87196e+10,4.73348e+09,4.25242e+06,36,19.5635,22,0.0871158
340,1.37439e+11,5.17698e+09,2.14124e+06,37,19.2471,21,0.0811297
341,6.87196e+10,5.20475e+09,8.43433e+06,36,19.8418,23,0.0859308
342,6.87196e+10,5.28445e+09,8.44186e+06,36,19.7842,23,0.0857696
343,2.74878e+11,5.17605e+09,8.43781e+06,38,19.5391,23,0.0851196
344,1.37439e+11,5.12355e+09,1.68348e+07,37,19.9551,24,0.0877046
345,1.37439e+11,5.78515e+09,3.36114e+07,37,20.2441,25,0.0871658
346,1.37439e+11,5.66143e+09,3.36024e+07,37,19.9785,25,0.0850106
347,2.74878e+11,5.91024e+09,1.68349e+07,38,20.0381,24,0.0846126
348,1.37439e+11,5.7724e+09,3.36041e+07,37,20.0723,25,0.0850514
349,6.87196e+10,5.83124e+09,8.43555e+06,36,19.4961,23,0.0836283
350,2.74878e+11,5.8252e+09,1.6833e+07,38,19.6826,24,0.0860889
351,6.87196e+10,6.0992e+09,1.68355e+07,36,20.1689,24,0.0885411
352,6.87196e+10,5.90294e+09,1.68316e+07,36,20.208,24,0.0854524
353,1.37439e+11,5.72956e+09,1.68242e+07,37,19.6016,24,0.0849516
354,6.87196e+10,5.80972e+09,1.68317e+07,36,20.0498,24,0.0868404
355,6.87196e+10,5.40158e+09,1.68261e+07,36,19.6348,24,0.0859341
356,6.87196e+10,5.695e+09,8.44614e+06,36,19.8379,23,0.0864009
357,1.37439e+11,6.07415e+09,1.68248e+07,37,19.6943,24,0.086735
358,1.37439e+11,5.58289e+09,3.36067e+07,37,19.9297,25,0.0882023
359,2.74878e+11,6.37144e+09,3.36069e+07,38,20.2412,25,0.0885618
360,1.37439e+11,5.99485e+09,3.36082e+07,37,19.9717,25,0.0907807
361,1.37439e+11,6.12656e+09,1.68365e+07,37,20.1992,24,0.0872959
362,1.37439e+11,5.56304e+09,3.36077e+07,37,19.8877,25,0.0864161
363,2.74878e+11,5.8186e+09,3.36044e+07,38,19.8857,25,0.09012
364,6.87196e+10,6.09389e+09,1.68331e+07,36,19.8389,24,0.0863486
365,1.37439e+11,5.96108e+09,3.36083e+07,37,20.3262,25,0.0880954
366,5.49756e+11,7.2479e+09,1.68348e+07,39,20.1426,24,0.0857069
367,2.74878e+11,6.58145e+09,3.36123e+07,38,20.4678,25,0.0908117
368,1.37439e+11,6.68491e+09,3.36107e+07,37,20.4258,25,0.0895046
369,1.37439e+11,6.80321e+09,1.68324e+07,37,20.0518,24,0.0863372
370,1.37439e+11,6.59417e+09,3.36082e+07,37,20.5195,25,0.086513
371,1.37439e+11,6.08754e+09,3.36107e+07,37,20.1377,25,0.0870447
372,6.87196e+10,5.98157e+09,3.36074e+07,36,20.2734,25,0.0863433
373,1.37439e+11,7.10683e+09,3.36141e+07,37,20.874,25,0.089138
374,2.74878e+11,6.63395e+09,1.68319e+07,38,20.3291,24,0.0877213
375,2.74878e+11,7.05444e+09,3.36053e+07,38,20.2812,25,0.0886006
376,1.37439e+11,7.18848e+09,6.71675e+07,37,21.2773,26,0.0922755
377,1.37439e+11,7.28833e+09,3.3609e+07,37,20.6572,25,0.0947853
378,1.37439e+11,6.87307e+09,6.71662e+07,37,21.3564,26,0.0961778
379,1.37439e+11,6.73677e+09,3.36115e+07,37,20.5244,25,0.0892682
380,1.37439e+11,7.37909e+09,6.71614e+07,37,21.1328,26,0.0897172
381,6.87196e+10,6.60437e+09,1.68274e+07,36,20.3574,24,0.0891976
382,1.37439e+11,6.61957e+09,3.36125e+07,37,20.6064,25,0.0910262
383,1.37439e+11,7.28163e+09,6.71773e+07,37,21.4902,26,0.0952377
384,1.37439e+11,7.11603e+09,6.71672e+07,37,21.0762,26,0.0916622
385,2.74878e+11,7.28946e+09,1.68332e+07,38,20.4736,24,0.087564
386,1.37439e+11,6.79113e+09,3.36124e+07,37,20.9072,25,0.0911561
387,1.37439e+11,6.95288e+09,6.71709e+07,37,21.252,26,0.0911604
388,1.37439e+11,7.22828e+09,3.36081e+07,37,20.6738,25,0.089891
389,1.37439e+11,6.98869e+09,3.36182e+07,37,20.8516,25,0.0918111
390,2.74878e+11,7.11663e+09,6.71614e+07,38,21.084,26,0.0984828
391,1.37439e+11,7.14418e+09,3.36177e+07,37,20.8916,25,0.0921098
392,1.37439e+11,7.75329e+09,6.71724e+07,37,21.1328,26,0.0924829
393,1.37439e+11,7.61527e+09,6.71646e+07,37,20.7822,26,0.0905567
394,1.37439e+11,7.73052e+09,1.34285e+08,37,21.6504,27,0.0959481
395,1.37439e+11,7.34635e+09,6.71723e+07,37,20.9902,26,0.0929762
396,6.87196e+10,7.42503e+09,6.71702e+07,36,21.167,26,0.0904068
397,1.37439e+11,7.64572e+09,6.71669e+07,37,20.9473,26,0.0923686
398,1.37439e+11,7.6915e+09,6.71574e+07,37,21.1562,26,0.0928718
399,6.87196e+10,7.59964e+09,6.71775e+07,36,21.1416,26,0.0920166
400,2.74878e+11,7.21785e+09,6.71625e+07,38,20.6729,26,0.0889315
401,1.09951e+12,8.98817e+09,6.71652e+07,40,21.0244,26,0.0915753
402,2.74878e+11,7.29682e+09,3.36127e+07,38,20.8262,25,0.0904303
403,2.74878e+11,7.85892e+09,6.71693e+07,38,21.4355,26,0.0932025
404,1.37439e+11,7.89019e+09,1.34274e+08,37,21.0469,27,0.0926045
405,6.87196e+10,6.83357e+09,6.7164e+07,36,21.1211,26,0.0931084
406,1.37439e+11,8.0305e+09,1.34283e+08,37,21.7471,27,0.0933527
407,1.37439e+11,7.72819e+09,6.71668e+07,37,20.8799,26,0.092579
408,2.74878e+11,7.76093e+09,3.36204e+07,38,21.001,25,0.0906625
409,1.37439e+11,7.9988e+09,3.36182e+07,37,20.9697,25,0.093927
410,5.49756e+11,7.9043e+09,6.71842e+07,39,21.4668,26,0.0912691
411,1.37439e+11,7.33852e+09,3.36088e+07,37,20.6094,25,0.0885472
412,6.87196e+10,7.68905e+09,1.34283e+08,36,21.4883,27,0.0943808
413,1.37439e+11,7.21871e+09,3.36088e+07,37,20.2607,25,0.087464
414,1.37439e+11,7.1535e+09,3.3614e+07,37,20.7871,25,0.0904035
415,6.87196e+10,7.75964e+09,6.71757e+07,36,21.375,26,0.0920609
416,1.37439e+11,7.03647e+09,3.36193e+07,37,20.9707,25,0.08866
417,1.37439e+11,7.79398e+09,3.36141e+07,37,20.8242,25,0.0883383
418,1.37439e+11,8.29693e+09,1.34275e+08,37,21.4062,27,0.0941128
419,1.37439e+11,8.06966e+09,2.68497e+08,37,21.75,28,0.0925735
420,1.37439e+11,7.85715e+09,6.7167e+07,37,21.1309,26,0.0927718
421,1.37439e+11,8.06922e+09,6.71754e+07,37,21.2998,26,0.0957434
422,6.87196e+10,7.53865e+09,1.3428e+08,36,21.4287,27,0.0932946
423,6.87196e+10,7.62614e+09,3.36187e+07,36,20.8193,25,0.0911234
424,1.37439e+11,7.90246e+09,6.71676e+07,37,20.6377,26,0.0926091
425,1.37439e+11,7.60353e+09,3.36221e+07,37,21.0732,25,0.0919452
426,2.74878e+11,8.38643e+09,1.34284e+08,38,21.7432,27,0.0964043
427,1.37439e+11,7.65531e+09,6.71752e+07,37,21.0557,26,0.0911477
428,1.37439e+11,7.794e+09,6.71744e+07,37,21.6943,26,0.0944487
429,1.37439e+11,7.77685e+09,3.36192e+07,37,20.7529,25,0.0883674
430,2.74878e+11,7.78693e+09,1.34275e+08,38,21.6768,27,0.0961977
431,1.37439e+11,7.99485e+09,1.34279e+08,37,21.4424,27,0.0984286
432,1.37439e+11,7.8054e+09,2.68504e+08,37,21.7676,28,0.0930321
433,1.37439e+11,7.86157e+09,6.7174e+07,37,21.6152,26,0.0932876
434,6.87196e+10,7.45585e+09,6.71717e+07,36,21.0752,26,0.0940853
435,1.37439e+11,7.88915e+09,1.34274e+08,37,21.4453,27,0.0934701
436,1.37439e+11,8.12758e+09,1.34288e+08,37,21.7412,27,0.0951852
437,2.74878e+11,8.06072e+09,2.68499e+08,38,21.3682,28,0.0924618
438,1.37439e+11,8.45834e+09,1.34291e+08,37,21.8936,27,0.0952687
439,1.37439e+11,8.41328e+09,1.34294e+08,37,21.8174,27,0.0943184
440,2.19902e+12,9.97964e+09,1.34287e+08,41,21.6279,27,0.0951962
441,1.37439e+11,8.3972e+09,1.34291e+08,37,21.3975,27,0.0932332
442,2.74878e+11,8.73678e+09,5.36948e+08,38,21.9697,29,0.0945514
443,6.87196e+10,7.85723e+09,1.3428e+08,36,21.6162,27,0.0936018
444,2.74878e+11,8.22189e+09,1.34276e+08,38,20.8076,27,0.0914727
445,1.37439e+11,8.3841e+09,1.34279e+08,37,21.4814,27,0.0923235
446,1.37439e+11,8.07526e+09,1.34287e+08,37,21.8584,27,0.0938235
447,6.87196e+10,7.56703e+09,1.34276e+08,36,21.2832,27,0.0935773
448,1.37439e+11,8.15336e+09,1.34285e+08,37,21.0176,27,0.0921013
449,5.49756e+11,8.50459e+09,6.71754e+07,39,21.0117,26,0.0932117
450,1.09951e+12,8.83889e+09,6.71634e+07,40,20.8652,26,0.0933884
451,1.37439e+11,8.05566e+09,6.71666e+07,37,21.3184,26,0.0923908
452,2.74878e+11,8.43205e+09,1.34273e+08,38,21.6738,27,0.0931734
453,2.74878e+11,8.50243e+09,5.36941e+08,38,21.5098,29,0.0926109
454,1.37439e+11,8.92782e+09,2.6851e+08,37,21.7305,28,0.0950319
455,1.37439e+11,8.52949e+09,2.68505e+08,37,21.3457,28,0.0935132
456,5.49756e+11,8.80326e+09,2.68511e+08,39,21.7539,28,0.0955396
457,1.37439e+11,8.67541e+09,1.34283e+08,37,21.5508,27,0.0956392
458,1.37439e+11,8.54109e+09,1.34287e+08,37,21.3457,27,0.0934638
459,6.87196e+10,8.55639e+09,2.68506e+08,36,21.624,28,0.0933506
460,1.37439e+11,8.43797e+09,2.68508e+08,37,21.791,28,0.0955654
461,2.74878e+11,8.68206e+09,2.68517e+08,38,21.877,28,0.094389
462,5.49756e+11,1.00259e+10,5.36955e+08,39,21.9814,29,0.097128
463,2.74878e+11,9.32314e+09,1.07382e+09,38,21.9893,30,0.0966291
464,1.37439e+11,8.59499e+09,2.68501e+08,37,21.7549,28,0.092606
465,1.37439e+11,9.32181e+09,1.07382e+09,37,22.6572,30,0.0979036
466,6.87196e+10,8.20595e+09,1.34291e+08,36,21.5527,27,0.0958011
467,2.74878e+11,9.76497e+09,2.6851e+08,38,21.665,28,0.0936275
468,1.37439e+11,9.25018e+09,1.07382e+09,37,22.3711,30,0.0961237
469,1.37439e+11,9.10361e+09,2.68513e+08,37,22.1914,28,0.0954204
470,2.74878e+11,9.41263e+09,2.68512e+08,38,21.9551,28,0.0955102
471,1.37439e+11,8.45708e+09,5.36961e+08,37,21.9756,29,0.0951705
472,2.74878e+11,9.31013e+09,1.07382e+09,38,22.5225,30,0.0977213
473,2.74878e+11,9.96256e+09,1.07382e+09,38,22.4531,30,0.0965886
474,1.37439e+11,9.00659e+09,1.07382e+09,37,22.1777,30,0.0961296
475,2.74878e+11,8.72429e+09,6.7184e+07,38,21.4531,26,0.0952273
476,2.74878e+11,9.24921e+09,5.36944e+08,38,22.0957,29,0.0959054
477,6.87196e+10,8.93616e+09,1.07381e+09,36,22.4014,30,0.0977758
478,2.74878e+11,9.43388e+09,5.36944e+08,38,21.5684,29,0.0953812
479,2.74878e+11,9.07962e+09,1.07381e+09,38,21.9209,30,0.0951315
480,1.37439e+11,8.61018e+09,5.36942e+08,37,22.0312,29,0.0964005
481,2.74878e+11,9.22296e+09,1.07382e+09,38,22.0898,30,0.0951346
482,2.74878e+11,9.0392e+09,5.3695e+08,38,22.0527,29,0.0957499
483,1.37439e+11,8.56711e+09,2.68511e+08,37,21.7871,28,0.0964429
484,2.74878e+11,9.46626e+09,1.07382e+09,38,22.4619,30,0.0954328
485,1.37439e+11,9.09961e+09,5.36946e+08,37,21.667,29,0.0950083
486,2.74878e+11,9.02013e+09,2.68498e+08,38,21.667,28,0.0980866
487,2.74878e+11,9.05373e+09,1.07382e+09,38,22.2236,30,0.0939325
488,6.87196e+10,8.14321e+09,5.36943e+08,36,21.918,29,0.0962935
489,1.37439e+11,8.37936e+09,1.34295e+08,37,21.8301,27,0.0952505
490,6.87196e+10,8.23459e+09,1.07381e+09,36,21.7822,30,0.0970382
491,1.37439e+11,8.7907e+09,2.68509e+08,37,21.9141,28,0.0965737
492,1.37439e+11,9.71669e+09,2.14757e+09,37,22.4805,31,0.0976396
493,2.74878e+11,9.41628e+09,1.07382e+09,38,21.998,30,0.0980712
494,1.37439e+11,8.56936e+09,2.68511e+08,37,21.5029,28,0.0949609
495,2.74878e+11,9.22574e+09,5.3695e+08,38,21.9395,29,0.0972952
496,6.87196e+10,9.19923e+09,1.07382e+09,36,22.5146,30,0.0982051
497,2.74878e+11,9.38683e+09,2.68513e+08,38,21.5566,28,0.0950322
498,5.49756e+11,9.41722e+09,1.07383e+09,39,21.9922,30,0.0945225
499,1.37439e+11,9.03392e+09,1.07382e+09,37,22.1152,30,0.0954521
500,1.37439e+11,9.13516e+09,1.07382e+09,37,22.6641,30,0.0993979
501,6.87196e+10,8.86505e+09,1.07382e+09,36,22.2139,30,0.0977511
502,1.37439e+11,8.91846e+09,1.07383e+09,37,22.4189,30,0.0970746
503,2.74878e+11,1.00309e+10,2.14757e+09,38,22.6631,31,0.0964226
504,1.37439e+11,9.39795e+09,1.07383e+09,37,22.5801,30,0.100319
505,1.37439e+11,9.70269e+09,2.14757e+09,37,22.709,31,0.0988885
506,1.37439e+11,8.93092e+09,5.36947e+08,37,21.6855,29,0.0946603
507,1.37439e+11,9.27413e+09,1.07383e+09,37,22.3672,30,0.0963951
508,1.37439e+11,9.32683e+09,2.14755e+09,37,22.7227,31,0.100328
509,6.87196e+10,9.51105e+09,1.07383e+09,36,22.2021,30,0.09664
510,2.74878e+11,8.98803e+09,5.36958e+08,38,21.8213,29,0.0978469
511,1.37439e+11,9.29223e+09,2.14756e+09,37,22.5654,31,0.0981911
512,1.09951e+12,1.09529e+10,1.07382e+09,40,22.3545,30,0.0969294
513,1.37439e+11,1.04347e+10,4.29505e+09,37,22.4941,32,0.0979574
514,1.37439e+11,8.77943e+09,1.07382e+09,37,22.2793,30,0.0971627
515,1.37439e+11,9.1443e+09,2.685e+08,37,21.8779,28,0.0972676
516,2.74878e+11,1.02944e+10,4.29504e+09,38,23.1035,32,0.102618
517,2.74878e+11,9.69123e+09,2.14757e+09,38,22.8242,31,0.0973785
518,1.37439e+11,9.84993e+09,4.29506e+09,37,22.8682,32,0.103136
519,5.49756e+11,1.00631e+10,5.36944e+08,39,21.7461,29,0.0956209
520,2.74878e+11,9.86596e+09,4.29506e+09,38,23.0693,32,0.0996015
521,1.37439e+11,9.76798e+09,2.14757e+09,37,22.6875,31,0.0967802
522,1.37439e+11,9.32492e+09,1.07381e+09,37,22.1279,30,0.0965527
523,1.37439e+11,9.23359e+09,2.14757e+09,37,22.6826,31,0.0982067
524,1.37439e+11,9.69652e+09,4.29504e+09,37,22.4395,32,0.0984444
525,2.74878e+11,1.07224e+10,4.29506e+09,38,22.583,32,0.101299
526,1.37439e+11,9.64613e+09,2.14755e+09,37,22.3555,31,0.0974028
527,1.37439e+11,9.64825e+09,1.07382e+09,37,22.1797,30,0.0956149
528,1.37439e+11,9.39082e+09,1.07382e+09,37,22.4512,30,0.104588
529,1.37439e+11,9.94914e+09,4.29505e+09,37,22.6494,32,0.101957
530,6.87196e+10,9.25316e+09,4.29505e+09,36,22.7773,32,0.0984925
531,2.74878e+11,1.07593e+10,4.29505e+09,38,22.5205,32,0.098003
532,1.37439e+11,9.65365e+09,2.14757e+09,37,22.2979,31,0.0974462
533,1.37439e+11,9.49504e+09,4.29505e+09,37,22.6084,32,0.108043
534,2.19902e+12,1.20859e+10,2.14758e+09,41,22.1826,31,0.103333
535,1.37439e+11,9.89013e+09,4.29505e+09,37,22.4189,32,0.0971617
536,1.37439e+11,1.02088e+10,4.29505e+09,37,22.9795,32,0.100557
537,1.37439e+11,1.0671e+10,4.29506e+09,37,23.1143,32,0.101462
538,1.37439e+11,9.64433e+09,1.07382e+09,37,22.2314,30,0.0953623
539,5.49756e+11,1.00354e+10,4.29505e+09,39,22.5654,32,0.0979597
540,1.37439e+11,1.02835e+10,4.29506e+09,37,22.3135,32,0.098087
541,1.37439e+11,9.4083e+09,4.29503e+09,37,22.6475,32,0.100686
542,1.37439e+11,1.00854e+10,4.29505e+09,37,22.6729,32,0.0973436
543,1.37439e+11,1.01074e+10,4.29505e+09,37,22.707,32,0.0974922
544,1.37439e+11,9.96532e+09,4.29506e+09,37,22.9336,32,0.0974827
545,6.87196e+10,9.82823e+09,4.29506e+09,36,23.0566,32,0.0987166
546,1.37439e+11,9.97851e+09,4.29504e+09,37,22.6641,32,0.0988323
547,1.37439e+11,1.05039e+10,4.29506e+09,37,22.4062,32,0.0984868
548,2.74878e+11,1.13138e+10,8.59002e+09,38,23.4316,33,0.0992529
549,5.49756e+11,1.11122e+10,4.29507e+09,39,22.833,32,0.0980394
550,1.37439e+11,1.0546e+10,4.29506e+09,37,23.0439,32,0.100378
551,6.87196e+10,9.30371e+09,1.07383e+09,36,22.1719,30,0.0977247
552,2.74878e+11,1.06465e+10,4.29506e+09,38,22.8291,32,0.0989587
553,1.37439e+11,1.00551e+10,4.29506e+09,37,23.0654,32,0.101185
554,2.74878e+11,1.01937e+10,4.29505e+09,38,22.4707,32,0.0981986
555,1.37439e+11,1.08231e+10,4.29506e+09,37,23.2715,32,0.10189
556,1.37439e+11,1.05363e+10,4.29506e+09,37,22.5264,32,0.0964335
557,2.74878e+11,1.14378e+10,8.59002e+09,38,23.4639,33,0.103072
558,2.74878e+11,1.18437e+10,8.59002e+09,38,23.3369,33,0.100252
559,2.74878e+11,1.08669e+10,4.29507e+09,38,23.0693,32,0.0997251
560,1.37439e+11,1.0241e+10,4.29506e+09,37,22.8809,32,0.0999668
561,2.74878e+11,1.08632e+10,4.29506e+09,38,22.7305,32,0.0985888
562,1.37439e+11,1.02206e+10,4.29506e+09,37,23.3955,32,0.101143
563,4.39805e+12,1.50079e+10,4.29507e+09,42,23.0039,32,0.1016
564,1.37439e+11,1.03295e+10,4.29508e+09,37,22.9014,32,0.100066
565,2.74878e+11,1.04095e+10,4.29505e+09,38,22.4238,32,0.0991119
566,2.74878e+11,1.14317e+10,8.59003e+09,38,23.749,33,0.103196
567,2.74878e+11,1.09492e+10,4.29506e+09,38,22.6982,32,0.10135
568,1.37439e+11,1.11632e+10,8.59001e+09,37,23.4326,33,0.102137
569,1.37439e+11,1.03962e+10,4.29507e+09,37,23.0176,32,0.100685
570,1.37439e+11,1.06678e+10,8.59002e+09,37,22.9805,33,0.0984346
571,6.87196e+10,1.04091e+10,4.29507e+09,36,23.0947,32,0.101958
572,2.74878e+11,1.15753e+10,8.59003e+09,38,23.4131,33,0.100815
573,1.37439e+11,1.08675e+10,4.29506e+09,37,23.0029,32,0.101221
574,1.37439e+11,1.02819e+10,4.29505e+09,37,22.6475,32,0.0998718
575,1.37439e+11,1.14734e+10,8.59003e+09,37,23.3018,33,0.1015
576,2.74878e+11,1.12937e+10,4.29506e+09,38,22.9307,32,0.100359
577,1.37439e+11,1.12268e+10,8.59004e+09,37,23.2461,33,0.100016
578,1.37439e+11,1.10485e+10,8.59003e+09,37,23.3721,33,0.10013
579,1.09951e+12,1.22283e+10,8.59003e+09,40,23.3945,33,0.104578
580,6.87196e+10,1.09125e+10,8.59003e+09,36,23.3604,33,0.0996974
581,2.74878e+11,1.11354e+10,8.59003e+09,38,24.0283,33,0.104786
582,2.74878e+11,1.17554e+10,8.59005e+09,38,23.5283,33,0.103872
583,2.74878e+11,1.07006e+10,4.29506e+09,38,22.9463,32,0.101175
584,6.87196e+10,1.09046e+10,8.59003e+09,36,23.5459,33,0.102241
585,2.74878e+11,1.08744e+10,8.59002e+09,38,23.2861,33,0.103376
586,1.37439e+11,1.13961e+10,1.71799e+10,37,23.4512,34,0.0998689
587,2.74878e+11,1.10892e+10,4.29507e+09,38,23.0518,32,0.100319
588,1.37439e+11,1.11734e+10,8.59001e+09,37,22.6787,33,0.10102
589,6.87196e+10,1.05775e+10,8.59003e+09,36,23.0176,33,0.10252
590,2.74878e+11,1.14986e+10,1.718e+10,38,23.2578,34,0.100736
591,2.74878e+11,1.17831e+10,8.59004e+09,38,23.8643,33,0.104153
592,1.09951e+12,1.19117e+10,1.71799e+10,40,23.5723,34,0.102637
593,2.74878e+11,1.22578e+10,8.59004e+09,38,23.5527,33,0.102005
594,1.37439e+11,1.09239e+10,1.71799e+10,37,23.5967,34,0.105041
595,2.74878e+11,1.17166e+10,1.71799e+10,38,23.3682,34,0.102885
596,2.74878e+11,1.16208e+10,1.71799e+10,38,23.043,34,0.101171
597,1.37439e+11,1.13497e+10,8.59004e+09,37,23.3115,33,0.100839
598,2.74878e+11,1.16321e+10,1.71799e+10,38,23.3936,34,0.10197
599,1.37439e+11,1.08756e+10,8.59004e+09,37,23.5391,33,0.101269
600,2.74878e+11,1.24017e+10,1.718e+10,38,24.2119,34,0.104719
601,1.09951e+12,1.28046e+10,1.71799e+10,40,23.5703,34,0.102081
602,1.37439e+11,1.11557e+10,8.59002e+09,37,22.4082,33,0.10202
603,2.74878e+11,1.24983e+10,1.71799e+10,38,23.3408,34,0.100561
604,2.74878e+11,1.0862e+10,8.59003e+09,38,23.3164,33,0.101862
605,2.74878e+11,1.21862e+10,8.59004e+09,38,22.9824,33,0.103463
606,2.74878e+11,1.19703e+10,1.718e+10,38,23.8047,34,0.102739
607,2.74878e+11,1.1432e+10,8.59004e+09,38,22.9619,33,0.101637
608,2.74878e+11,1.12649e+10,8.59004e+09,38,23.4854,33,0.10156
609,1.37439e+11,1.07367e+10,8.59003e+09,37,22.916,33,0.10098
610,1.37439e+11,1.073e+10,4.29506e+09,37,22.7432,32,0.098956
611,1.37439e+11,1.11634e+10,8.59003e+09,37,23.0479,33,0.100984
612,2.74878e+11,1.19834e+10,1.71799e+10,38,23.5889,34,0.100843
613,1.37439e+11,1.13579e+10,1.718e+10,37,23.751,34,0.104447
614,5.49756e+11,1.33155e+10,1.71799e+10,39,23.2891,34,0.102599
615,1.37439e+11,1.1756e+10,1.718e+10,37,23.6865,34,0.102709
616,5.49756e+11,1.26836e+10,1.718e+10,39,23.71,34,0.103942
617,1.37439e+11,1.19135e+10,1.718e+10,37,23.9326,34,0.102886
618,1.37439e+11,1.10224e+10,8.59004e+09,37,23.6338,33,0.103416
619,1.37439e+11,1.20679e+10,1.718e+10,37,23.7988,34,0.103237
620,1.09951e+12,1.28618e+10,1.71799e+10,40,23.623,34,0.104723
621,2.74878e+11,1.26705e+10,1.718e+10,38,23.8428,34,0.10379
622,2.74878e+11,1.16646e+10,1.71799e+10,38,23.3252,34,0.104941
623,5.49756e+11,1.2155e+10,8.59002e+09,39,22.9795,33,0.0990644
624,1.37439e+11,1.23143e+10,1.718e+10,37,23.5801,34,0.104934
625,1.37439e+11,1.24021e+10,1.71799e+10,37,23.3828,34,0.102431
626,1.37439e+11,1.16303e+10,1.71799e+10,37,23.7988,34,0.105757
627,2.74878e+11,1.25517e+10,1.718e+10,38,23.6104,34,0.10257
628,1.37439e+11,1.14766e+10,1.71799e+10,37,23.3174,34,0.101628
629,2.74878e+11,1.20141e+10,8.59003e+09,38,23.0645,33,0.101348
630,1.37439e+11,1.1594e+10,1.718e+10,37,23.3789,34,0.101733
631,2.74878e+11,1.13194e+10,8.59005e+09,38,23.2148,33,0.099362
632,1.37439e+11,1.2053e+10,1.718e+10,37,23.6484,34,0.106154
633,1.37439e+11,1.1121e+10,8.59002e+09,37,23.0381,33,0.102055
634,5.49756e+11,1.24103e+10,1.718e+10,39,23.793,34,0.104001
635,1.37439e+11,1.11902e+10,8.59004e+09,37,23.3359,33,0.101814
636,6.87196e+10,1.1587e+10,1.718e+10,36,23.5654,34,0.101797
637,2.74878e+11,1.2164e+10,1.718e+10,38,23.8184,34,0.102677
638,1.37439e+11,1.12078e+10,1.71799e+10,37,23.1689,34,0.100797
639,1.09951e+12,1.32874e+10,8.59002e+09,40,23.4785,33,0.104518
640,1.09951e+12,1.38436e+10,1.718e+10,40,24.3691,34,0.108275
641,5.49756e+11,1.27867e+10,1.718e+10,39,23.7432,34,0.103685
642,5.49756e+11,1.29637e+10,8.59003e+09,39,23.2852,33,0.102973
643,2.74878e+11,1.19524e+10,8.59003e+09,38,23.2588,33,0.100009
644,2.74878e+11,1.25195e+10,1.718e+10,38,23.832,34,0.103786
645,5.49756e+11,1.33769e+10,1.718e+10,39,24.0469,34,0.105752
646,2.74878e+11,1.22282e+10,1.71799e+10,38,23.4805,34,0.10313
647,2.74878e+11,1.23072e+10,8.59003e+09,38,23.2666,33,0.101175
648,2.74878e+11,1.27676e+10,1.718e+10,38,23.4404,34,0.102814
649,2.74878e+11,1.24081e+10,8.59003e+09,38,22.8467,33,0.0996883
650,5.49756e+11,1.24652e+10,1.718e+10,39,23.9189,34,0.103692
651,2.74878e+11,1.2237e+10,1.718e+10,38,23.5254,34,0.101748
652,2.74878e+11,1.32326e+10,1.718e+10,38,23.5625,34,0.102594
653,2.74878e+11,1.25964e+10,1.71799e+10,38,23.7812,34,0.10643
654,2.74878e+11,1.25697e+10,8.59002e+09,38,23.1064,33,0.0994632
655,2.74878e+11,1.21478e+10,1.718e+10,38,23.2021,34,0.102677
656,2.74878e+11,1.26095e+10,1.718e+10,38,23.375,34,0.101989
657,2.74878e+11,1.23518e+10,1.71799e+10,38,23.666,34,0.102309
658,1.37439e+11,1.23187e+10,1.71799e+10,37,23.5723,34,0.10295
659,1.37439e+11,1.29863e+10,1.718e+10,37,23.6709,34,0.104073
660,1.37439e+11,1.31873e+10,1.718e+10,37,23.6982,34,0.103723
661,5.49756e+11,1.24792e+10,1.718e+10,39,23.6523,34,0.104154
662,2.74878e+11,1.31895e+10,1.718e+10,38,23.3955,34,0.101163
663,5.49756e+11,1.33745e+10,1.718e+10,39,23.2939,34,0.102178
664,1.37439e+11,1.21823e+10,1.718e+10,37,23.5898,34,0.104795
665,5.49756e+11,1.38976e+10,1.718e+10,39,23.54,34,0.10231
666,5.49756e+11,1.29591e+10,1.71799e+10,39,23.1709,34,0.103045
667,2.74878e+11,1.28111e+10,1.71799e+10,38,23.6367,34,0.105027
668,5.49756e+11,1.38582e+10,1.718e+10,39,23.5645,34,0.100941
669,2.74878e+11,1.30193e+10,8.59003e+09,38,23.2119,33,0.100947
670,5.49756e+11,1.30233e+10,1.71799e+10,39,23.7383,34,0.102766
671,2.74878e+11,1.28737e+10,1.71799e+10,38,23.2012,34,0.101382
672,2.74878e+11,1.30871e+10,1.718e+10,38,23.3457,34,0.101855
673,2.74878e+11,1.32111e+10,1.718e+10,38,23.4316,34,0.10248
674,5.49756e+11,1.34425e+10,8.59004e+09,39,22.6299,33,0.0987854
675,5.49756e+11,1.37476e+10,1.718e+10,39,23.7236,34,0.102147
676,2.74878e+11,1.38777e+10,1.718e+10,38,23.7891,34,0.103157
677,5.49756e+11,1.41792e+10,1.718e+10,39,22.9111,34,0.100169
678,1.37439e+11,1.34653e+10,1.718e+10,37,23.4727,34,0.101173
679,1.37439e+11,1.3372e+10,1.718e+10,37,23.625,34,0.103254
680,1.09951e+12,1.40374e+10,1.718e+10,40,23.2422,34,0.101536
681,5.49756e+11,1.25688e+10,8.59002e+09,39,23.0928,33,0.100625
682,5.49756e+11,1.2504e+10,8.59004e+09,39,23.0713,33,0.0987169
683,2.74878e+11,1.34114e+10,1.71799e+10,38,23.209,34,0.104496
684,1.09951e+12,1.47167e+10,1.718e+10,40,23.5127,34,0.101429
685,1.09951e+12,1.46007e+10,1.718e+10,40,22.9629,34,0.101497
686,5.49756e+11,1.38238e+10,8.59003e+09,39,22.9814,33,0.102193
687,1.09951e+12,1.4972e+10,1.718e+10,40,23.3027,34,0.102408
688,2.74878e+11,1.37769e+10,1.718e+10,38,23.4404,34,0.10177
689,2.74878e+11,1.25398e+10,8.59002e+09,38,22.8633,33,0.0995276
690,2.74878e+11,1.46497e+10,1.718e+10,38,23.5674,34,0.102335
691,1.09951e+12,1.5788e+10,1.718e+10,40,23.5752,34,0.105207
692,2.74878e+11,1.36102e+10,1.718e+10,38,23.2188,34,0.101864
693,2.74878e+11,1.29759e+10,8.59003e+09,38,23.252,33,0.0993131
694,2.74878e+11,1.49135e+10,1.718e+10,38,23.9736,34,0.103945
695,2.74878e+11,1.31252e+10,1.71799e+10,38,23.2832,34,0.102941
696,5.49756e+11,1.42099e+10,1.718e+10,39,23.8096,34,0.104768
697,2.74878e+11,1.38698e+10,1.718e+10,38,23.3867,34,0.101047
698,5.49756e+11,1.33253e+10,1.718e+10,39,23.2461,34,0.102867
699,1.09951e+12,1.41129e+10,4.29506e+09,40,23.0459,32,0.100647
700,1.09951e+12,1.54244e+10,1.718e+10,40,23.7852,34,0.102642
701,1.09951e+12,1.46164e+10,1.718e+10,40,23.1455,34,0.1024
702,2.74878e+11,1.31635e+10,1.718e+10,38,23.248,34,0.101371
703,5.49756e+11,1.46276e+10,1.71799e+10,39,23.2393,34,0.100856
704,2.74878e+11,1.41313e+10,1.718e+10,38,23.5088,34,0.103157
705,2.74878e+11,1.38974e+10,8.59004e+09,38,23.5283,33,0.102953
706,5.49756e+11,1.43913e+10,1.718e+10,39,23.6416,34,0.101661
707,2.19902e+12,1.70871e+10,1.718e+10,41,23.6562,34,0.103189
708,5.49756e+11,1.4908e+10,1.718e+10,39,24.1943,34,0.104736
709,5.49756e+11,1.47259e+10,1.718e+10,39,23.668,34,0.101952
710,2.74878e+11,1.32318e+10,8.59002e+09,38,22.8535,33,0.10229
711,2.74878e+11,1.31936e+10,1.71799e+10,38,23.3086,34,0.105433
712,5.49756e+11,1.43917e+10,1.718e+10,39,23.4189,34,0.101395
713,2.74878e+11,1.43994e+10,1.718e+10,38,23.4102,34,0.10152
714,2.74878e+11,1.38496e+10,1.718e+10,38,23.7256,34,0.102573
715,2.74878e+11,1.36462e+10,1.718e+10,38,23.4199,34,0.107444
716,2.74878e+11,1.44413e+10,1.718e+10,38,23.2812,34,0.110928
717,2.74878e+11,1.41361e+10,1.718e+10,38,23.2793,34,0.103142
718,5.49756e+11,1.48665e+10,1.718e+10,39,23.9629,34,0.102629
719,2.74878e+11,1.4697e+10,1.718e+10,38,23.3828,34,0.103426
720,1.09951e+12,1.66263e+10,1.718e+10,40,23.4775,34,0.10365
721,1.09951e+12,1.64849e+10,1.718e+10,40,23.6465,34,0.102209
722,4.39805e+12,2.06435e+10,1.718e+10,42,23.9111,34,0.103822
723,5.49756e+11,1.48302e+10,1.718e+10,39,23.6514,34,0.103142
724,5.49756e+11,1.50785e+10,1.718e+10,39,23.3516,34,0.101682
725,5.49756e+11,1.63317e+10,1.718e+10,39,23.3975,34,0.102532
726,2.74878e+11,1.5674e+10,1.71799e+10,38,23.9697,34,0.104793
727,2.74878e+11,1.56121e+10,1.718e+10,38,23.6787,34,0.1019
728,1.09951e+12,1.91203e+10,1.718e+10,40,23.9375,34,0.104266
729,5.49756e+11,1.61144e+10,1.718e+10,39,23.6387,34,0.101319
730,2.19902e+12,1.69101e+10,1.718e+10,41,23.1885,34,0.104595
731,1.09951e+12,1.65488e+10,1.71799e+10,40,23.3125,34,0.102084
732,5.49756e+11,1.59568e+10,1.718e+10,39,23.8096,34,0.103298
733,2.19902e+12,1.90799e+10,1.718e+10,41,23.9775,34,0.102753
734,1.09951e+12,1.60611e+10,4.29506e+09,40,22.8154,32,0.103678
735,5.49756e+11,1.57526e+10,1.71799e+10,39,23.1055,34,0.100393
736,1.09951e+12,1.75651e+10,1.718e+10,40,23.1689,34,0.101991
737,4.39805e+12,2.08037e+10,1.718e+10,42,24.0469,34,0.107192
738,1.09951e+12,1.73971e+10,1.718e+10,40,24.0166,34,0.104076
739,5.49756e+11,1.75028e+10,1.718e+10,39,23.7588,34,0.103648
740,2.19902e+12,1.97465e+10,1.718e+10,41,23.7549,34,0.104015
741,1.09951e+12,1.80533e+10,1.718e+10,40,23.6836,34,0.101675
742,5.49756e+11,1.88546e+10,1.718e+10,39,23.3311,34,0.10105
743,2.74878e+11,1.68223e+10,1.718e+10,38,23.335,34,0.101902
744,4.39805e+12,2.19451e+10,1.718e+10,42,23.3555,34,0.100758
745,4.39805e+12,2.19742e+10,1.718e+10,42,23.3457,34,0.102188
746,1.09951e+12,1.78728e+10,1.718e+10,40,23.7363,34,0.102226
747,5.49756e+11,1.98798e+10,1.718e+10,39,23.8311,34,0.10263
748,5.49756e+11,1.7331e+10,1.718e+10,39,23.7432,34,0.103674
749,5.49756e+11,1.66873e+10,1.71799e+10,39,23.6104,34,0.103323
750,1.09951e+12,1.99452e+10,1.718e+10,40,24.1025,34,0.106619
751,2.74878e+11,1.87257e+10,1.718e+10,38,23.6357,34,0.100997
752,2.74878e+11,1.70445e+10,1.718e+10,38,23.1328,34,0.101026
753,1.09951e+12,2.01427e+10,1.718e+10,40,23.8721,34,0.108187
754,1.09951e+12,2.02048e+10,1.718e+10,40,23.541,34,0.102523
755,1.09951e+12,1.89271e+10,1.718e+10,40,24.0293,34,0.104268
756,2.74878e+11,1.8345e+10,1.718e+10,38,23.3164,34,0.101531
757,5.49756e+11,1.78015e+10,1.718e+10,39,23.8232,34,0.103848
758,5.49756e+11,1.91733e+10,1.71799e+10,39,23.6299,34,0.102932
759,1.09951e+12,1.82977e+10,1.718e+10,40,23.7129,34,0.102278
760,1.09951e+12,1.74911e+10,1.718e+10,40,23.7344,34,0.102703
761,2.19902e+12,2.19674e+10,1.718e+10,41,23.7363,34,0.103486
762,1.09951e+12,1.83825e+10,1.718e+10,40,24.0068,34,0.10481
763,1.09951e+12,2.24238e+10,1.718e+10,40,23.9062,34,0.101947
764,2.19902e+12,2.22186e+10,1.718e+10,41,23.585,34,0.103148
765,2.19902e+12,2.71004e+10,1.718e+10,41,23.8867,34,0.104468
766,4.39805e+12,3.29137e+10,1.718e+10,42,23.5928,34,0.101943
767,4.39805e+12,3.76135e+10,1.718e+10,42,25.1279,34,0.106107
768,2.81475e+14,3.29426e+11,1.718e+10,48,23.6719,34,0.104422
769,1.75922e+13,8.72339e+10,1.718e+10,44,28.1514,34,0.118041
770,1.40737e+14,2.50906e+11,1.718e+10,47,25.374,34,0.110315
771,8.79609e+12,7.14085e+10,1.718e+10,43,25.0664,34,0.109272
772,1.75922e+13,1.13446e+11,8.59004e+09,44,24.2744,33,0.101893
773,8.79609e+12,8.07011e+10,1.718e+10,43,25.1943,34,0.105048
774,7.03687e+13,1.44101e+11,1.718e+10,46,24.9365,34,0.106084
775,7.03687e+13,2.78363e+11,1.718e+10,46,24.8369,34,0.105428
776,7.03687e+13,2.62628e+11,1.718e+10,46,25.5811,34,0.106613
777,3.51844e+13,1.93865e+11,1.718e+10,45,24.7998,34,0.102566
778,3.51844e+13,2.40395e+11,1.718e+10,45,25.3301,34,0.107832
779,2.81475e+14,5.48311e+11,1.718e+10,48,25.7529,34,0.105602
780,2.81475e+14,6.92155e+11,1.718e+10,48,26.2959,34,0.10919
781,7.03687e+13,3.48776e+11,1.718e+10,46,27.0156,34,0.115874
782,7.03687e+13,4.30073e+11,1.718e+10,46,26.0947,34,0.10966
783,2.81475e+14,1.24682e+12,1.718e+10,48,25.998,34,0.10823
784,2.81475e+14,8.821e+11,1.718e+10,48,26.2539,34,0.115733
785,2.2518e+15,3.13302e+12,1.718e+10,51,24.2588,34,0.101325
786,2.81475e+14,8.91549e+11,1.718e+10,48,23.6055,34,0.0977139
787,2.81475e+14,1.29481e+12,1.718e+10,48,25.0176,34,0.101013
788,1.1259e+15,2.21292e+12,1.718e+10,50,25.2803,34,0.104538
789,2.81475e+14,1.07644e+12,1.718e+10,48,26.5166,34,0.108358
790,5.6295e+14,2.5478e+12,1.718e+10,49,26.5059,34,0.11139
791,1.1259e+15,2.32899e+12,1.718e+10,50,27.2139,34,0.112386
792,2.81475e+14,7.15166e+11,1.718e+10,48,24.1865,34,0.0961149
793,7.03687e+13,5.2421e+11,1.718e+10,46,25.918,34,0.107494
794,1.1259e+15,2.32902e+12,1.718e+10,50,26.4326,34,0.115967
795,2.2518e+15,3.46079e+12,1.718e+10,51,26.1484,34,0.109203
796,2.2518e+15,5.07836e+12,1.718e+10,51,27.3604,34,0.108069
797,1.1259e+15,2.85157e+12,1.718e+10,50,26.9395,34,0.106994
798,7.20576e+16,1.50545e+14,1.718e+10,56,26.458,34,0.105718
799,9.0072e+15,1.32119e+13,1.718e+10,53,27.1377,34,0.109741
800,2.2518e+15,7.78027e+12,3.43599e+10,51,29.0469,35,0.114485
801,7.20576e+16,8.13266e+13,1.718e+10,56,27.1943,34,0.108401
802,1.1259e+15,8.84002e+12,3.43599e+10,50,28.9561,35,0.114433
803,2.2518e+15,8.87364e+12,3.43598e+10,51,27.832,35,0.110859
804,2.2518e+15,1.14761e+13,3.43598e+10,51,28.4248,35,0.112642
805,2.2518e+15,1.33889e+13,3.43598e+10,51,28.9951,35,0.115567
806,7.20576e+16,9.68205e+13,3.43599e+10,56,29.3447,35,0.115196
807,1.80144e+16,2.37262e+13,1.718e+10,54,26.4688,34,0.104812
808,9.0072e+15,2.21558e+13,3.43599e+10,53,29.7744,35,0.116737
809,1.80144e+16,3.70143e+13,3.43598e+10,54,30.0176,35,0.118527
810,3.60288e+16,4.70711e+13,6.87196e+10,55,32.0879,36,0.123698
811,7.20576e+16,8.19453e+13,6.87196e+10,56,32.1367,36,0.125779
812,1.1259e+15,1.56329e+13,1.37439e+11,50,34.0498,37,0.133241
813,1.1259e+15,1.07756e+13,6.87196e+10,50,31.9951,36,0.127897
814,1.80144e+16,3.2652e+13,6.87196e+10,54,31.4395,36,0.122204
815,2.2518e+15,1.48394e+13,6.87196e+10,51,30.3838,36,0.119932
816,4.5036e+15,2.36304e+13,6.87196e+10,52,31.7578,36,0.123917
817,9.0072e+15,2.29284e+13,6.87196e+10,53,30.5264,36,0.121635
818,9.0072e+15,2.8452e+13,6.87196e+10,53,31.8584,36,0.126167
819,7.20576e+16,9.32492e+13,6.87196e+10,56,31.4023,36,0.126219
820,2.2518e+15,1.22041e+13,3.43598e+10,51,26.8516,35,0.125083
821,1.80144e+16,5.30722e+13,3.43599e+10,54,29.1797,35,0.117695
822,5.6295e+14,4.25723e+12,3.43599e+10,49,30.6592,35,0.124438
823,1.80144e+16,3.4944e+13,3.43599e+10,54,30.2363,35,0.12113
824,9.0072e+15,2.52941e+13,3.43599e+10,53,30.2246,35,0.120135
825,4.5036e+15,1.97272e+13,3.43599e+10,52,29.0732,35,0.115202
826,9.0072e+15,2.09897e+13,3.43599e+10,53,30.0859,35,0.120655
827,4.5036e+15,1.76691e+13,6.87196e+10,52,32.0908,36,0.124342
828,4.5036e+15,1.62385e+13,3.43599e+10,52,29.7441,35,0.119699
829,9.0072e+15,2.02643e+13,3.43598e+10,53,28.7148,35,0.116915
830,4.5036e+15,1.61356e+13,3.43599e+10,52,29.7373,35,0.117356
831,9.0072e+15,3.10603e+13,6.87196e+10,53,31.165,36,0.123558
832,2.2518e+15,1.22264e+13,3.43599e+10,51,30.4014,35,0.121942
833,2.2518e+15,1.61498e+13,6.87196e+10,51,31.6406,36,0.122985
834,4.5036e+15,1.4562e+13,3.43599e+10,52,29.9219,35,0.11918
835,4.5036e+15,1.51578e+13,3.43599e+10,52,28.5908,35,0.114664
836,4.5036e+15,1.67501e+13,3.43598e+10,52,28.2676,35,0.11063
837,1.80144e+16,3.15484e+13,3.43598e+10,54,28.5576,35,0.114625
838,1.44115e+17,1.68172e+14,3.43598e+10,57,27.6514,35,0.112322
839,9.0072e+15,2.09293e+13,6.87196e+10,53,30.8525,36,0.123561
840,4.5036e+15,2.54473e+13,3.43599e+10,52,29.6953,35,0.121106
841,4.5036e+15,1.81806e+13,3.43599e+10,52,29.1865,35,0.11733
842,3.60288e+16,4.84668e+13,3.43598e+10,55,27.1973,35,0.112992
843,7.20576e+16,1.0628e+14,3.43599e+10,56,30.3838,35,0.121269
844,2.2518e+15,1.42951e+13,3.43599e+10,51,30.9736,35,0.125629
845,4.5036e+15,1.50354e+13,3.43599e+10,52,29.377,35,0.120182
846,4.5036e+15,2.64919e+13,3.43599e+10,52,29.0625,35,0.114796
847,4.5036e+15,1.50307e+13,3.43598e+10,52,28.5801,35,0.115843
848,9.0072e+15,3.44991e+13,3.43599e+10,53,29.9717,35,0.118862
849,4.5036e+15,1.52189e+13,3.43598e+10,52,28.0918,35,0.112032
850,4.5036e+15,2.19566e+13,3.43599e+10,52,29.1289,35,0.113959
851,4.5036e+15,1.19921e+13,6.87196e+10,52,30.5088,36,0.121129
852,1.80144e+16,4.81759e+13,3.43598e+10,54,29.1846,35,0.115291
853,3.60288e+16,5.07414e+13,3.43598e+10,55,28.2451,35,0.113699
854,3.60288e+16,1.38022e+14,6.87196e+10,55,32.3184,36,0.126338
855,2.2518e+15,1.39139e+13,6.87196e+10,51,30.6592,36,0.122069
856,3.60288e+16,5.60189e+13,3.43598e+10,55,28.7158,35,0.113828
857,2.2518e+15,1.15798e+13,3.43599e+10,51,29.334,35,0.118949
858,4.5036e+15,1.26224e+13,3.43598e+10,52,28.7021,35,0.11849
859,9.0072e+15,2.4085e+13,3.43598e+10,53,27.46,35,0.109714
860,1.80144e+16,3.17672e+13,3.43598e+10,54,27.6758,35,0.109252
861,3.60288e+16,4.89361e+13,3.43598e+10,55,27.8936,35,0.112738
862,1.80144e+16,4.35441e+13,1.718e+10,54,28.1201,34,0.114981
863,4.5036e+15,1.68832e+13,3.43598e+10,52,27.8213,35,0.113284
864,9.0072e+15,2.75185e+13,3.43598e+10,53,26.874,35,0.106142
865,9.0072e+15,4.0919e+13,3.43598e+10,53,28.4873,35,0.115977
866,3.60288e+16,5.68141e+13,1.718e+10,55,27.0869,34,0.111968
867,1.80144e+16,2.89022e+13,3.43598e+10,54,28.3379,35,0.115282
868,4.5036e+15,1.82981e+13,3.43599e+10,52,30.8027,35,0.124257
869,9.0072e+15,3.89553e+13,3.43598e+10,53,29.0605,35,0.116241
870,9.0072e+15,2.05109e+13,1.718e+10,53,27.9492,34,0.113564
871,4.5036e+15,2.45749e+13,3.43598e+10,52,28.6582,35,0.115721
872,4.5036e+15,1.55107e+13,1.718e+10,52,27.7598,34,0.112058
873,2.8823e+17,3.04598e+14,3.43598e+10,58,28.0352,35,0.11467
874,1.80144e+16,5.30994e+13,6.87196e+10,54,33.752,36,0.133234
875,1.80144e+16,4.2157e+13,6.87196e+10,54,31.5752,36,0.130672
876,1.80144e+16,4.73075e+13,6.87196e+10,54,32.9404,36,0.130044
877,9.0072e+15,4.05775e+13,6.87196e+10,53,30.2021,36,0.123306
878,2.8823e+17,3.57754e+14,1.37439e+11,58,31.9961,37,0.131455
879,9.22337e+18,9.22602e+15,1.37439e+11,63,32.9404,37,0.136407
880,1.15292e+18,1.28433e+15,2.74878e+11,60,34.4941,38,0.141757
881,2.8823e+17,4.32744e+14,5.49756e+11,58,35.1719,39,0.145271
882,1.15292e+18,1.45558e+15,5.49756e+11,60,35.5303,39,0.146899
883,1.80144e+16,1.81178e+14,5.49756e+11,54,35.7275,39,0.147893
884,1.44115e+17,3.65981e+14,2.74878e+11,57,33.709,38,0.139922
885,4.61169e+18,4.92944e+15,5.49756e+11,62,33.5371,39,0.139236
886,2.8823e+17,6.05217e+14,1.09951e+12,58,35.165,40,0.149785
887,2.8823e+17,9.92633e+14,5.49756e+11,58,35.2568,39,0.148421
888,2.8823e+17,5.7336e+14,2.74878e+11,58,32.2266,38,0.134307
889,1.15292e+18,1.83814e+15,2.74878e+11,60,33.1094,38,0.140403
890,4.61169e+18,4.86016e+15,1.37439e+11,62,31.9639,37,0.140779
891,2.8823e+17,9.53527e+14,2.74878e+11,58,34.1133,38,0.157033
892,2.30584e+18,3.03154e+15,2.74878e+11,61,32.9121,38,0.134429
893,1.15292e+18,1.44551e+15,1.09951e+12,60,34.7344,40,0.144216
894,2.8823e+17,9.13138e+14,5.49756e+11,58,34.1826,39,0.142726
895,2.8823e+17,8.86312e+14,2.74878e+11,58,33.0527,38,0.137546
896,5.76461e+17,2.21183e+15,2.74878e+11,59,31.9668,38,0.136612
897,1.44115e+17,9.57238e+14,1.37439e+11,57,32.3428,37,0.134369
898,1.44115e+17,6.79525e+14,2.74878e+11,57,32.7607,38,0.139109
899,1.44115e+17,5.6541e+14,2.74878e+11,57,32.0293,38,0.144497
900,1.44115e+17,4.02414e+14,2.74878e+11,57,31.5732,38,0.137098
901,3.60288e+16,3.72871e+14,1.37439e+11,55,31.7461,37,0.132293
902,2.8823e+17,7.87648e+14,6.87196e+10,58,30.6689,36,0.12734
903,2.8823e+17,7.22243e+14,1.37439e+11,58,30.9795,37,0.130573
904,5.76461e+17,1.46596e+15,1.37439e+11,59,30.8711,37,0.129771
905,5.76461e+17,1.61859e+15,6.87196e+10,59,29.8906,36,0.123418
906,2.8823e+17,5.76125e+14,2.74878e+11,58,30.8662,38,0.130039
907,4.61169e+18,6.52847e+15,2.74878e+11,62,32.1777,38,0.138874
908,4.61169e+18,5.49858e+15,1.37439e+11,62,31.2949,37,0.13055
909,1.15292e+18,2.22956e+15,2.74878e+11,60,32.6797,38,0.139505
910,2.30584e+18,4.96569e+15,5.49756e+11,61,33.0244,39,0.140457
911,1.15292e+18,2.81636e+15,2.74878e+11,60,30.7754,38,0.12946
912,5.76461e+17,2.28708e+15,2.74878e+11,59,32.5283,38,0.136018
913,2.30584e+18,4.83016e+15,1.37439e+11,61,30.4746,37,0.127954
914,2.95148e+20,2.97176e+17,3.43598e+10,68,28.8945,35,0.123572
915,1.84467e+19,2.45623e+16,5.49756e+11,64,34.4707,39,0.144909
916,1.84467e+19,1.95753e+16,2.74878e+11,64,32.0225,38,0.135034
917,5.76461e+17,2.39061e+15,2.74878e+11,59,31.5322,38,0.132393
918,1.84467e+19,2.33644e+16,6.87196e+10,64,30.0771,36,0.1298
919,3.68935e+19,3.83687e+16,1.37439e+11,65,30.8623,37,0.133333
920,2.8823e+17,1.57269e+15,5.49756e+11,58,33.8018,39,0.142004
921,2.30584e+18,7.68615e+15,2.74878e+11,61,32.7227,38,0.138184
922,4.61169e+18,1.19196e+16,1.37439e+11,62,31.5107,37,0.13225
923,1.15292e+18,4.36804e+15,3.43599e+10,60,29.2402,35,0.126219
924,1.15292e+18,2.0047e+15,1.37439e+11,60,31.8984,37,0.136112
925,2.36118e+21,2.30852e+18,2.74878e+11,71,33.7822,38,0.142421
926,9.22337e+18,2.48604e+16,2.74878e+11,63,33.9805,38,0.144709
927,1.47574e+20,1.50731e+17,6.87196e+10,67,31.5029,36,0.134606
928,9.22337e+18,2.77038e+16,5.49756e+11,63,34.8711,39,0.150241
929,4.61169e+18,1.92355e+16,2.74878e+11,62,33.6113,38,0.143382
930,4.61169e+18,2.22253e+16,1.09951e+12,62,33.9736,40,0.145447
931,2.30584e+18,9.24286e+15,5.49756e+11,61,33.5723,39,0.145817
932,9.22337e+18,3.92209e+16,5.49756e+11,63,33.5889,39,0.14381
933,2.95148e+20,3.0699e+17,2.74878e+11,68,32.042,38,0.13902
934,5.90296e+20,6.33355e+17,3.43598e+10,69,29.7646,35,0.129752
935,5.90296e+20,6.16211e+17,6.87196e+10,69,30.1943,36,0.131613
936,7.3787e+19,2.49107e+17,6.87196e+10,66,30.8311,36,0.13892
937,1.47574e+20,1.73223e+17,8.59002e+09,67,27.9014,33,0.126835
938,1.18059e+21,1.83671e+18,4.29505e+09,70,27.9238,32,0.125534
939,1.47574e+20,3.35912e+17,1.07383e+09,67,27.5898,30,0.126352
940,7.3787e+19,1.84071e+17,2.68503e+08,66,26.5059,28,0.120576
941,2.95148e+20,3.71521e+17,1.07382e+09,68,26.7373,30,0.125928
942,1.18059e+21,1.19723e+18,2.14757e+09,70,27.4619,31,0.125774
943,5.90296e+20,1.24521e+18,1.34266e+08,69,27.5527,27,0.125814
944,9.44473e+21,1.20125e+19,2.68511e+08,73,27.668,28,0.1275
945,4.72237e+21,6.27907e+18,1.07381e+09,72,27.8789,30,0.131389
946,1.18059e+21,1.8668e+18,6.71745e+07,70,26.5547,26,0.128102
947,4.72237e+21,8.50863e+18,1.34279e+08,72,26.4717,27,0.131819
948,9.44473e+21,1.34389e+19,2.14757e+09,73,27.6738,31,0.128895
949,7.3787e+19,1.43491e+17,8.44026e+06,66,25.0381,23,0.115572
950,1.18059e+21,1.4188e+18,1.08451e+06,70,23.6943,20,0.112458
951,1.18059e+21,1.32161e+18,13988,70,20.7334,11,0.102917
952,7.3787e+19,1.57461e+17,91304.9,66,22.8428,16,0.110928
953,1.18059e+21,1.99782e+18,5.36965e+08,70,27.0312,29,0.125282
954,7.3787e+19,1.59588e+17,6.71695e+07,66,25.6064,26,0.116794
955,7.3787e+19,2.78283e+17,4.24228e+06,66,24.1133,22,0.113078
956,4.72237e+21,7.20937e+18,2.14756e+09,72,28.7305,31,0.130544
957,4.72237e+21,6.60658e+18,6.71775e+07,72,25.2969,26,0.115593
958,3.77789e+22,5.57719e+19,8.59002e+09,75,29.1943,33,0.131929
959,2.36118e+21,2.7333e+18,4.29507e+09,71,28.9736,32,0.138906
960,4.72237e+21,6.21019e+18,2.14757e+09,72,27.7676,31,0.129713
961,7.3787e+19,1.71267e+17,3.36069e+07,66,25.4141,25,0.120098
962,4.72237e+21,4.79567e+18,1.71799e+10,72,29.292,34,0.131094
963,1.47574e+20,3.65647e+17,5.3694e+08,67,27.2051,29,0.127413
964,2.95148e+20,5.9336e+17,4.29506e+09,68,28.7861,32,0.131176
965,7.92282e+28,7.73713e+25,4.29505e+09,96,28.5576,32,0.132901
966,1.88895e+22,3.2445e+19,3.43598e+10,74,29.7773,35,0.138746
967,7.92282e+28,7.73718e+25,2.74878e+11,96,31.4375,38,0.146482
968,1.51116e+23,2.32769e+20,1.09951e+12,77,33.6924,40,0.153189
969,3.77789e+22,8.40433e+19,6.87196e+10,75,31.3467,36,0.151869
970,1.18059e+21,4.55432e+18,5.49756e+11,70,32.6875,39,0.144919
971,1.88895e+22,1.98009e+19,3.43599e+10,74,30.9805,35,0.147322
972,1.51116e+23,2.24819e+20,6.87196e+10,77,31.0908,36,0.148328
973,9.44473e+21,3.40708e+19,1.718e+10,73,29.6016,34,0.135766
974,6.04463e+23,7.64144e+20,4.29506e+09,79,29.3457,32,0.133463
975,1.20893e+24,1.19907e+21,6.87196e+10,80,30.6895,36,0.139995
976,1.88895e+22,5.28676e+19,2.68495e+08,74,27.54,28,0.128447
977,9.44473e+21,1.44263e+19,4.29505e+09,73,28.3916,32,0.132137
978,7.55579e+22,2.10213e+20,1.07384e+09,76,28.2148,30,0.138136
979,1.51116e+23,2.88341e+20,8.59004e+09,77,30.2158,33,0.141438
980,3.77789e+22,5.93918e+19,4.29506e+09,75,29.4453,32,0.135199
981,3.02231e+23,3.02436e+20,4.29506e+09,78,29.4658,32,0.133059
982,3.02231e+23,2.98035e+20,1.718e+10,78,30.2656,34,0.142041
983,7.55579e+22,1.14169e+20,1.07383e+09,76,28.748,30,0.129623
984,1.88895e+22,4.81523e+19,2.14756e+09,74,29.4014,31,0.143518
985,1.88895e+22,4.76257e+19,5.36955e+08,74,28.0566,29,0.133262
986,7.73713e+25,7.55686e+22,2.14756e+09,86,28.5371,31,0.130795
987,1.20893e+24,1.47878e+21,3.43598e+10,80,31.6533,35,0.151226
988,3.77789e+22,1.02359e+20,2.68507e+08,75,28.918,28,0.138942
989,7.92282e+28,7.73716e+25,4.29505e+09,96,29.8262,32,0.140623
990,9.67141e+24,9.71922e+21,8.59001e+09,83,30.8682,33,0.149305
991,9.67141e+24,1.09639e+22,2.14758e+09,83,29.2812,31,0.143109
992,7.92282e+28,7.7411e+25,1.07383e+09,96,29.9424,30,0.153502
993,4.8357e+24,5.00383e+21,8.43633e+06,82,25.9951,23,0.128423
994,3.09485e+26,3.05029e+23,289305,88,23.9404,18,0.124425
995,7.73713e+25,7.58801e+22,1.6827e+07,86,25.7803,24,0.131936
996,4.95176e+27,4.84338e+24,3.36034e+07,92,26.042,25,0.132815
997,3.96141e+28,4.83622e+25,8.43997e+06,95,25.667,23,0.130894
998,2.41785e+24,2.66384e+21,6.71618e+07,81,27.0859,26,0.135536
999,1.54743e+26,2.29692e+23,2.14183e+06,87,25.2773,21,0.129766
1000,2.41785e+24,4.90099e+21,1.08298e+06,81,24.21,20,0.125939
1001,3.96141e+28,3.87009e+25,4.22581e+06,95,25.0479,22,0.144172
1002,7.73713e+25,8.23585e+22,4.23453e+06,86,25.6484,22,0.131461
1003,1.93428e+25,2.22639e+22,2.13548e+06,84,24.6406,21,0.126568
1004,1.93428e+25,2.11343e+22,8.41944e+06,84,25.6484,23,0.132353
1005,2.47588e+27,2.43737e+24,1.68133e+07,91,25.8428,24,0.13265
1006,1.20893e+24,2.06129e+21,1.68215e+07,80,26.0195,24,0.132389
1007,9.90352e+27,9.71227e+24,1.68194e+07,93,25.7578,24,0.129211
1008,1.54743e+26,1.53844e+23,1.34267e+08,87,27.3037,27,0.138043
1009,3.86856e+25,6.12097e+22,1.34277e+08,85,27.0488,27,0.136677
1010,1.93428e+25,2.54582e+22,1.34281e+08,84,26.5547,27,0.137372
1011,7.92282e+28,7.74525e+25,8.4377e+06,96,25.6572,23,0.129092
1012,7.92282e+28,7.74485e+25,6.71533e+07,96,25.8506,26,0.13331
1013,1.93428e+25,1.99271e+22,25021.4,84,22.6445,13,0.116763
1014,7.92282e+28,7.73767e+25,154400,96,23.1299,17,0.118098
1015,7.92282e+28,7.74157e+25,1.34273e+08,96,26.6963,27,0.130497
1016,7.92282e+28,7.7684e+25,3.35961e+07,96,25.2354,25,0.127667
1017,3.09485e+26,3.06027e+23,5.36942e+08,88,28.8535,29,0.141514
1018,1.23794e+27,1.39012e+24,2.6851e+08,90,28.6006,28,0.14943
1019,7.92282e+28,7.73761e+25,1.68131e+07,96,25.0742,24,0.128424
1020,7.92282e+28,8.70434e+25,5.36943e+08,96,28.5234,29,0.141414
1021,6.1897e+26,7.58328e+23,1.34279e+08,89,27.3701,27,0.137652
1022,7.92282e+28,1.16057e+26,2.685e+08,96,27.7568,28,0.137944
1023,7.92282e+28,1.16212e+26,1.34276e+08,96,26.9834,27,0.133237
1024,7.92282e+28,7.85803e+25,1.34275e+08,96,27.1221,27,0.132715
1025,7.92282e+28,7.73907e+25,2.68504e+08,96,27.5791,28,0.134797
1026,1.51116e+23,3.35947e+20,4.29505e+09,77,30.2402,32,0.146196
1027,3.77789e+22,9.52845e+19,8.59003e+09,75,29.7041,33,0.139815
1028,3.96141e+28,3.86858e+25,4.29508e+09,95,29.4453,32,0.137049
1029,1.54743e+26,2.57251e+23,8.59004e+09,87,31.167,33,0.150701
1030,7.92282e+28,7.73976e+25,1.37439e+11,96,33.541,37,0.158818
1031,4.95176e+27,5.08135e+24,6.87196e+10,92,31.752,36,0.148807
1032,7.92282e+28,1.74415e+26,2.74878e+11,96,33.5186,38,0.156869
1033,7.92282e+28,7.76814e+25,2.74878e+11,96,33.8682,38,0.159071
1034,7.73713e+25,9.56586e+22,6.87196e+10,86,32.0273,36,0.151437
1035,7.73713e+25,1.51299e+23,2.74878e+11,86,34.2939,38,0.159905
1036,7.92282e+28,1.60213e+26,3.43598e+10,96,32.582,35,0.152031
1037,3.86856e+25,4.02486e+22,6.87196e+10,85,32.373,36,0.151711
1038,7.92282e+28,7.73822e+25,5.49756e+11,96,35.3896,39,0.163924
1039,6.1897e+26,6.06644e+23,6.87196e+10,89,34.0703,36,0.156741
1040,2.47588e+27,2.43926e+24,1.09951e+12,91,35.2959,40,0.160182
1041,4.8357e+24,5.45311e+21,2.74878e+11,82,34.832,38,0.163096
1042,4.95176e+27,6.65462e+24,2.74878e+11,92,34.042,38,0.15908
1043,7.92282e+28,8.72161e+25,8.59003e+09,96,31.1338,33,0.151068
1044,3.86856e+25,7.82384e+22,2.14756e+09,85,29.7139,31,0.138284
1045,9.90352e+27,9.67887e+24,1.718e+10,93,31.667,34,0.144914
1046,7.92282e+28,1.74447e+26,2.74878e+11,96,34.293,38,0.159306
1047,7.92282e+28,8.94635e+25,6.87196e+10,96,32.9629,36,0.153892
1048,1.23794e+27,1.55707e+24,2.74878e+11,90,33.9287,38,0.164196
1049,1.54743e+26,1.94994e+23,5.49756e+11,87,35.2539,39,0.163012
1050,4.95176e+27,4.87383e+24,2.74878e+11,92,33.4473,38,0.156446
1051,7.92282e+28,1.55387e+26,6.87196e+10,96,32.0693,36,0.153218
1052,3.02231e+23,7.84016e+20,8.59003e+09,78,30.7344,33,0.145856
1053,4.95176e+27,4.8395e+24,5.36936e+08,92,29.2334,29,0.142121
1054,7.73713e+25,8.63962e+22,1.37439e+11,86,32.29,37,0.155146
1055,6.1897e+26,6.04757e+23,5.36942e+08,89,28.6885,29,0.139099
1056,4.95176e+27,5.14305e+24,1.07382e+09,92,29.1104,30,0.144739
1057,1.9807e+28,1.9358e+25,3.36093e+07,94,26.7764,25,0.128169
1058,3.86856e+25,4.58612e+22,1.71799e+10,85,30.5117,34,0.14622
1059,4.8357e+24,6.48356e+21,5.36938e+08,82,28.9844,29,0.140177
1060,1.23794e+27,1.22562e+24,2.14756e+09,90,29.8408,31,0.141079
1061,7.92282e+28,7.74191e+25,1.07382e+09,96,28.8291,30,0.13244
1062,6.1897e+26,6.62548e+23,2.14756e+09,89,29.4678,31,0.13806
1063,7.92282e+28,7.97992e+25,8.59003e+09,96,30.1934,33,0.144799
1064,7.92282e+28,7.73909e+25,1.718e+10,96,30.9844,34,0.150447
1065,2.47588e+27,5.45973e+24,2.6851e+08,91,28.25,28,0.135706
1066,3.86856e+25,3.77985e+22,6.71687e+07,85,26.2285,26,0.129839
1067,4.95176e+27,6.04555e+24,3.36134e+07,92,25.8242,25,0.127606
1068,1.51116e+23,6.2507e+20,3.36079e+07,77,25.6689,25,0.122905
1069,1.9807e+28,2.65965e+25,3.35987e+07,94,25.6816,25,0.12397
1070,3.09485e+26,3.79153e+23,1.34288e+08,88,27.3682,27,0.130888
1071,9.90352e+27,9.71251e+24,5.36937e+08,93,28.4971,29,0.135936
1072,7.92282e+28,7.81327e+25,5.36938e+08,96,28.9229,29,0.143051
1073,9.90352e+27,1.03343e+25,1.68324e+07,93,25.9951,24,0.128649
1074,3.96141e+28,4.23262e+25,1.3428e+08,95,28.8857,27,0.152268
1075,1.9807e+28,2.4194e+25,1.718e+10,94,31.6748,34,0.15561
1076,1.9807e+28,2.9017e+25,8.59002e+09,94,30.9932,33,0.159667
1077,4.95176e+27,5.02795e+24,1.37439e+11,92,34.3252,37,0.166781
1078,7.92282e+28,1.55521e+26,2.74878e+11,96,34.6738,38,0.167719
1079,7.92282e+28,2.35176e+26,3.43598e+10,96,32.2236,35,0.164046
1080,7.92282e+28,1.01853e+26,6.87196e+10,96,31.626,36,0.155533
1081,7.92282e+28,9.81527e+25,1.37439e+11,96,33.332,37,0.159801
1082,9.90352e+27,1.00688e+25,4.29505e+09,93,30.0176,32,0.14506
1083,9.90352e+27,1.74045e+25,1.37439e+11,93,35.3086,37,0.170406
1084,7.92282e+28,1.21124e+26,1.37439e+11,96,34.2988,37,0.16718
1085,7.92282e+28,9.27895e+25,2.14755e+09,96,30.1182,31,0.149078
1086,7.92282e+28,9.98388e+25,8.59003e+09,96,30.585,33,0.155391
1087,7.92282e+28,1.61394e+26,1.718e+10,96,31.8193,34,0.16045
1088,7.92282e+28,1.65928e+26,4.29502e+09,96,30.0918,32,0.153296
1089,7.92282e+28,1.26132e+26,1.07382e+09,96,30.127,30,0.149452
1090,7.92282e+28,1.05669e+26,1.68177e+07,96,27.291,24,0.139591
1091,3.96141e+28,8.8727e+25,6.71467e+07,95,27.8428,26,0.143436
1092,1.23794e+27,1.29804e+24,5.36931e+08,90,29.6826,29,0.14668
1093,7.92282e+28,9.31118e+25,2.14756e+09,96,30.0625,31,0.149356
1094,3.96141e+28,5.62234e+25,2.68495e+08,95,29.0049,28,0.152924
1095,7.92282e+28,1.94941e+26,2.68499e+08,96,29.0547,28,0.144819
1096,7.92282e+28,1.6467e+26,291216,96,24.5254,18,0.126619
1097,7.92282e+28,1.59051e+26,3.3599e+07,96,27.1162,25,0.143377
1098,7.92282e+28,1.1747e+26,1.71799e+10,96,30.998,34,0.150936
1099,3.09485e+26,3.41659e+23,6.71639e+07,88,27.0771,26,0.137131
1100,7.92282e+28,1.54782e+26,1.07638e+06,96,25.1016,20,0.127831
1101,7.92282e+28,1.16227e+26,2.6849e+08,96,27.874,28,0.146239
1102,7.92282e+28,2.32153e+26,6.71661e+07,96,26.958,26,0.139251
1103,7.92282e+28,8.22638e+25,6.71604e+07,96,26.7344,26,0.139269
1104,7.92282e+28,8.03982e+25,3.43598e+10,96,32.085,35,0.16256
1105,7.92282e+28,2.74664e+26,2.14756e+09,96,29.5137,31,0.14731
1106,2.47588e+27,2.97216e+24,4.29505e+09,91,29.8633,32,0.144479
1107,1.9807e+28,5.34091e+25,1.07382e+09,94,29.4033,30,0.144444
1108,7.92282e+28,1.07313e+26,6.87196e+10,96,33.0625,36,0.158468
1109,6.1897e+26,6.44907e+23,1.718e+10,89,31.2617,34,0.152366
1110,7.92282e+28,2.61359e+26,3.43598e+10,96,32.9062,35,0.155401
1111,7.92282e+28,2.53886e+26,4.29506e+09,96,31.501,32,0.152757
1112,6.1897e+26,8.06688e+23,1.718e+10,89,32.0352,34,0.159182
1113,4.95176e+27,5.59177e+24,3.43598e+10,92,32.2793,35,0.157057
1114,7.92282e+28,1.00399e+26,6.87196e+10,96,34.4355,36,0.168222
1115,7.92282e+28,2.41875e+26,8.59002e+09,96,31.2393,33,0.150775
1116,7.92282e+28,8.85937e+25,4.29506e+09,96,31.9268,32,0.157653
1117,7.92282e+28,1.67064e+26,2.14758e+09,96,30.7441,31,0.154601
1118,7.92282e+28,4.13988e+26,6.87196e+10,96,34.4971,36,0.166342
1119,7.92282e+28,5.14719e+26,8.59001e+09,96,32.7588,33,0.163225
1120,3.96141e+28,9.98859e+25,8.59003e+09,95,32.9619,33,0.164165
1121,7.92282e+28,2.25272e+26,1.07382e+09,96,31.3604,30,0.152758
1122,7.92282e+28,7.99482e+25,1.718e+10,96,32.5117,34,0.1507
1123,7.92282e+28,2.8866e+26,1.37439e+11,96,35.1807,37,0.161007
1124,7.92282e+28,1.98546e+26,1.718e+10,96,32.4414,34,0.154232
1125,7.92282e+28,1.74091e+26,1.718e+10,96,33.252,34,0.155972
1126,7.92282e+28,2.48019e+26,3.43598e+10,96,33.6436,35,0.159744
1127,7.92282e+28,2.66159e+26,1.07381e+09,96,30.2129,30,0.144074
1128,7.92282e+28,2.71254e+26,4.29506e+09,96,31.6094,32,0.150507
1129,7.92282e+28,7.91094e+25,8.59003e+09,96,31.3281,33,0.148559
1130,7.92282e+28,1.1126e+26,2.19902e+12,96,37.1426,41,0.170802
1131,7.92282e+28,1.54747e+26,2.74878e+11,96,34.0225,38,0.166461
1132,7.92282e+28,2.90827e+26,4.29507e+09,96,30.5742,32,0.146559
1133,7.92282e+28,3.0044e+26,6.87195e+10,96,32.4775,36,0.147955
1134,9.90352e+27,1.45253e+25,3.43598e+10,93,31.7803,35,0.147857
1135,7.92282e+28,3.90602e+26,1.37439e+11,96,33.1445,37,0.151321
1136,7.92282e+28,3.09498e+26,1.718e+10,96,32.3174,34,0.148165
1137,1.9807e+28,2.5722e+25,1.718e+10,94,32.4717,34,0.148773
1138,7.92282e+28,1.54784e+26,1.71799e+10,96,31.2725,34,0.151468
1139,7.92282e+28,2.57222e+26,4.29505e+09,96,30.8701,32,0.145383
1140,7.92282e+28,1.70319e+26,2.68507e+08,96,29.1484,28,0.137413
1141,7.92282e+28,2.03112e+26,1.34279e+08,96,28.9756,27,0.141425
1142,7.92282e+28,8.8108e+25,1.34285e+08,96,28.6914,27,0.134344
1143,7.92282e+28,2.72823e+26,3.43598e+10,96,32.9756,35,0.158635
1144,4.95176e+27,5.32137e+24,1.718e+10,92,32.3506,34,0.15231
1145,7.92282e+28,8.47498e+25,1.37439e+11,96,34.9346,37,0.162115
1146,7.92282e+28,8.95467e+25,5.49756e+11,96,36.293,39,0.169663
1147,7.92282e+28,5.92085e+26,2.74878e+11,96,36.208,38,0.169725
1148,7.92282e+28,6.44148e+26,6.87196e+10,96,34.377,36,0.161661
1149,7.92282e+28,5.94363e+26,3.43598e+10,96,33.5674,35,0.156952
1150,7.92282e+28,3.09726e+26,1.0738e+09,96,31.2363,30,0.14777
1151,7.92282e+28,3.26806e+26,8.59002e+09,96,32.1631,33,0.15223
1152,7.92282e+28,1.75373e+26,6.71702e+07,96,29.1836,26,0.140994
1153,7.92282e+28,6.38344e+26,6.7152e+07,96,28.1963,26,0.137669
1154,7.92282e+28,2.2255e+26,3.36113e+07,96,27.9248,25,0.134134
1155,7.92282e+28,4.67878e+26,2.68496e+08,96,29.6494,28,0.139809
1156,7.92282e+28,1.64688e+26,1.68274e+07,96,27.2412,24,0.129384
1157,7.92282e+28,2.02201e+26,6.71612e+07,96,28.6885,26,0.135453
1158,7.92282e+28,4.60615e+26,1.34285e+08,96,29.7158,27,0.14027
1159,7.92282e+28,2.61385e+26,1.3427e+08,96,29.2578,27,0.140965
1160,7.92282e+28,3.96967e+26,8.43218e+06,96,27.5703,23,0.136143
1161,7.92282e+28,1.83949e+26,2.13606e+06,96,25.6953,21,0.123736
1162,7.92282e+28,4.18441e+26,555400,96,24.2051,19,0.117853
1163,7.92282e+28,3.19395e+26,2.13989e+06,96,26.2344,21,0.125944
1164,7.92282e+28,2.53488e+26,553721,96,25.1504,19,0.120054
1165,7.92282e+28,2.43647e+26,292947,96,24.4209,18,0.125758
1166,7.92282e+28,3.2086e+26,158174,96,24.1621,17,0.118661
1167,7.92282e+28,1.75979e+26,287472,96,23.8496,18,0.119574
1168,7.92282e+28,5.66665e+26,554798,96,25.126,19,0.123988
1169,7.92282e+28,3.11174e+26,291091,96,24.3232,18,0.122532
1170,7.92282e+28,3.10208e+26,153509,96,23.1494,17,0.119272
1171,7.92282e+28,2.72918e+26,154400,96,23.751,17,0.116791
1172,7.92282e+28,2.74616e+26,52852.6,96,22.6465,15,0.113517
1173,7.92282e+28,1.66271e+26,88308.6,96,22.624,16,0.115291
1174,7.92282e+28,4.1708e+26,89868.8,96,23.0537,16,0.115668
1175,7.92282e+28,3.25263e+26,154880,96,23.1885,17,0.115097
1176,7.92282e+28,1.60923e+26,1.07487e+06,96,24.9629,20,0.120493
1177,7.92282e+28,3.38888e+26,152566,96,23.5342,17,0.11343
1178,7.92282e+28,3.34876e+26,286269,96,23.8291,18,0.117736
1179,7.92282e+28,1.94036e+26,291675,96,23.7881,18,0.118284
1180,7.92282e+28,3.94218e+26,148886,96,23.96,17,0.122021
1181,7.92282e+28,3.9178e+26,88730.1,96,22.7842,16,0.118153
1182,7.92282e+28,1.19139e+26,36583.8,96,21.5322,14,0.106596
1183,7.92282e+28,2.81717e+26,34735.3,96,22.4072,14,0.118718
1184,7.92282e+28,2.69611e+26,34424.5,96,22.0078,14,0.108038
1185,7.92282e+28,2.91684e+26,51815.7,96,22.7109,15,0.110853
1186,7.92282e+28,3.34128e+26,31094.5,96,21.4502,14,0.106312
1187,7.92282e+28,3.73361e+26,88519.8,96,22.8008,16,0.111618
1188,7.92282e+28,1.5484e+26,33180.4,96,21.1396,14,0.106405
1189,7.92282e+28,3.96605e+26,160657,96,22.9609,17,0.10859
1190,7.92282e+28,2.16101e+26,34819.6,96,20.9385,14,0.10239
1191,7.92282e+28,5.27411e+26,35402.5,96,21.0957,14,0.105198
1192,7.92282e+28,4.67257e+26,84502.8,96,22.4453,16,0.112073
1193,7.92282e+28,4.14075e+26,55974.2,96,22.1318,15,0.106622
1194,7.92282e+28,3.12741e+26,90038.6,96,22.5664,16,0.108225
1195,7.92282e+28,4.75187e+26,159177,96,23.5449,17,0.112026
1196,7.92282e+28,4.61011e+26,89936.8,96,22.6533,16,0.107713
1197,7.92282e+28,3.2449e+26,286090,96,23.8223,18,0.112006
1198,7.92282e+28,3.9677e+26,150642,96,22.5859,17,0.112758
1199,7.92282e+28,3.78624e+26,291965,96,24.0664,18,0.11751
1200,7.92282e+28,4.23315e+26,558071,96,24.6162,19,0.123143
1201,7.92282e+28,5.86406e+26,92209,96,23.2363,16,0.114318
1202,7.92282e+28,6.3629e+26,157531,96,23.9141,17,0.117183
1203,7.92282e+28,4.94973e+26,150811,96,23.4209,17,0.115926
1204,7.92282e+28,5.08063e+26,294269,96,24.2002,18,0.11733
1205,7.92282e+28,6.24155e+26,546512,96,24.6436,19,0.117843
1206,7.92282e+28,4.69116e+26,555077,96,24.5039,19,0.124443
1207,7.92282e+28,5.54948e+26,295247,96,24.0039,18,0.12023
1208,7.92282e+28,3.93053e+26,89286,96,22.4619,16,0.111781
1209,7.92282e+28,4.39961e+26,155673,96,24.2793,17,0.120476
1210,7.92282e+28,6.8517e+26,557178,96,24.4561,19,0.117012
1211,7.92282e+28,8.57849e+26,156065,96,23.415,17,0.119665
1212,9.90352e+27,2.91733e+25,154440,93,23.2461,17,0.119685
1213,7.92282e+28,6.29398e+26,91630.7,96,22.5029,16,0.109016
1214,7.92282e+28,2.95004e+26,159797,96,22.5049,17,0.111457
1215,7.92282e+28,1.87958e+26,87847.7,96,22.4688,16,0.110451
1216,7.92282e+28,4.49961e+26,156416,96,22.6299,17,0.110752
1217,7.92282e+28,5.85542e+26,291384,96,23.6367,18,0.121922
1218,7.92282e+28,1.08395e+27,285684,96,23.793,18,0.114424
1219,7.92282e+28,9.74293e+26,154880,96,23.875,17,0.117883
1220,7.92282e+28,8.39851e+26,152648,96,23.2832,17,0.116549
1221,7.92282e+28,1.5837e+27,147667,96,24.4766,17,0.12344
1222,7.92282e+28,1.0616e+27,55117.2,96,22.3135,15,0.122039
1223,7.92282e+28,1.02811e+27,79321.2,96,22.1611,16,0.112439
1224,7.92282e+28,7.5049e+26,53894.5,96,22.333,15,0.118217
1225,7.92282e+28,1.16998e+27,89251.4,96,23.8867,16,0.121578
1226,7.92282e+28,1.18453e+27,150217,96,24.1465,17,0.125136
1227,1.58456e+29,1.06363e+27,86034.6,97,22.9189,16,0.12002
1228,7.92282e+28,1.45009e+27,84653.9,96,22.9775,16,0.11949
1229,7.92282e+28,1.47108e+27,151148,96,23.7559,17,0.123407
1230,7.92282e+28,1.12009e+27,281946,96,25.1494,18,0.132122
1231,7.92282e+28,1.13436e+27,149790,96,24.3057,17,0.126726
1232,7.92282e+28,1.18687e+27,88974.2,96,24.1064,16,0.122219
1233,7.92282e+28,8.10206e+26,55385.9,96,23.2891,15,0.120339
1234,7.92282e+28,1.01278e+27,84767.1,96,23.4111,16,0.120401
1235,7.92282e+28,7.4899e+26,147535,96,23.2852,17,0.120635
1236,7.92282e+28,9.61944e+26,151400,96,24.0713,17,0.123457
1237,7.92282e+28,1.14333e+27,150089,96,24.4746,17,0.130832
1238,7.92282e+28,1.23798e+27,86658,96,23.7734,16,0.123367
1239,7.92282e+28,1.35427e+27,150895,96,24.0078,17,0.128004
1240,7.92282e+28,1.63261e+27,82271,96,23.1201,16,0.118244
1241,7.92282e+28,1.27463e+27,51848.4,96,22.79,15,0.12374
1242,7.92282e+28,8.76959e+26,89902.8,96,23.5518,16,0.126777
1243,7.92282e+28,1.07228e+27,86402.2,96,22.7314,16,0.118158
1244,7.92282e+28,1.24364e+27,81167.9,96,22.7373,16,0.121314
1245,7.92282e+28,1.31148e+27,33648.6,96,21.9209,14,0.1127
1246,7.92282e+28,1.01214e+27,88939.4,96,23.124,16,0.127194
1247,7.92282e+28,5.80533e+26,87346.4,96,23.1279,16,0.123007
1248,7.92282e+28,7.8134e+26,48665.3,96,21.8291,15,0.118315
1249,7.92282e+28,1.12528e+27,43056.3,96,21.3096,15,0.110211
1250,7.92282e+28,9.23665e+26,86803.7,96,23.1768,16,0.134899
1251,7.92282e+28,1.35155e+27,83856.3,96,22.8545,16,0.117411
1252,7.92282e+28,1.37058e+27,44519,96,22.9658,15,0.121713
1253,7.92282e+28,8.56774e+26,50315.6,96,21.999,15,0.117581
1254,7.92282e+28,1.36568e+27,91598.3,96,24.4014,16,0.126291
1255,7.92282e+28,9.50836e+26,50315.6,96,22.9805,15,0.123182
1256,7.92282e+28,8.68195e+26,150174,96,23.667,17,0.128048
1257,7.92282e+28,1.21119e+27,159870,96,24.3115,17,0.125502
1258,7.92282e+28,1.12224e+27,292663,96,25.2842,18,0.133811
1259,7.92282e+28,1.45842e+27,88834.9,96,24.2861,16,0.122949
1260,7.92282e+28,1.46158e+27,93025,96,24.4385,16,0.120939
1261,7.92282e+28,8.5165e+26,151568,96,23.9111,17,0.119638
1262,7.92282e+28,1.76407e+27,292335,96,26.0693,18,0.134958
1263,7.92282e+28,2.04519e+27,554144,96,26.5479,19,0.138377
1264,7.92282e+28,1.37452e+27,292744,96,25.9883,18,0.133715
1265,7.92282e+28,1.77833e+27,158362,96,24.3135,17,0.127418
1266,7.92282e+28,1.89457e+27,154077,96,25.4785,17,0.130033
1267,7.92282e+28,1.3196e+27,290543,96,25.8193,18,0.129733
1268,7.92282e+28,1.96038e+27,89834.7,96,25.2588,16,0.130583
1269,7.92282e+28,1.38213e+27,87990,96,24.7578,16,0.133749
1270,7.92282e+28,1.72153e+27,86949,96,25.3877,16,0.134463
1271,7.92282e+28,1.90859e+27,559083,96,26.9814,19,0.13634
1272,7.92282e+28,2.10833e+27,4.21928e+06,96,28.0439,22,0.146275
1273,7.92282e+28,2.41491e+27,4.23857e+06,96,29.207,22,0.153252
1274,7.92282e+28,2.90817e+27,4.2333e+06,96,29.4199,22,0.154527
1275,7.92282e+28,2.55119e+27,4.23643e+06,96,28.9502,22,0.14936
1276,7.92282e+28,2.02329e+27,2.13294e+06,96,28.2197,21,0.14299
1277,7.92282e+28,2.3735e+27,1.68179e+07,96,30.2012,24,0.154056
1278,7.92282e+28,3.18062e+27,8.42279e+06,96,29.5977,23,0.152433
1279,7.92282e+28,3.6012e+27,3.36072e+07,96,31.4111,25,0.154527
1280,7.92282e+28,2.7057e+27,8.42878e+06,96,30.4707,23,0.148886
1281,7.92282e+28,2.62821e+27,2.12791e+06,96,29.165,21,0.15172
1282,7.92282e+28,3.89136e+27,3.35945e+07,96,31.0498,25,0.160512
1283,3.16913e+29,3.37272e+27,2.13446e+06,98,29.6221,21,0.155478
1284,7.92282e+28,2.46136e+27,1.07859e+06,96,28.0449,20,0.144318
1285,7.92282e+28,2.1339e+27,4.22827e+06,96,29.1133,22,0.149146
1286,7.92282e+28,2.76441e+27,8.4284e+06,96,29.334,23,0.145165
1287,3.16913e+29,2.69262e+27,8.43916e+06,98,29.2676,23,0.151007
1288,7.92282e+28,2.50014e+27,8.43433e+06,96,29.71,23,0.153519
1289,7.92282e+28,2.14243e+27,8.4224e+06,96,29.165,23,0.148205
1290,7.92282e+28,2.85067e+27,2.14109e+06,96,29.0586,21,0.146657
1291,7.92282e+28,2.4084e+27,2.13327e+06,96,28.7031,21,0.145399
1292,7.92282e+28,1.73945e+27,2.13305e+06,96,28.377,21,0.15445
1293,7.92282e+28,2.7403e+27,3.3586e+07,96,30.7666,25,0.158095
1294,7.92282e+28,2.25546e+27,3.35965e+07,96,30.5684,25,0.15275
1295,7.92282e+28,1.92782e+27,1.68218e+07,96,30.5312,24,0.158545
1296,7.92282e+28,2.48049e+27,6.71598e+07,96,30.9824,26,0.157211
1297,7.92282e+28,3.14246e+27,3.36006e+07,96,30.7549,25,0.160288
1298,7.92282e+28,1.87189e+27,8.43974e+06,96,29.7998,23,0.154901
1299,7.92282e+28,2.48185e+27,4.2221e+06,96,28.9561,22,0.14659
1300,7.92282e+28,2.76991e+27,8.43555e+06,96,29.623,23,0.153683
1301,7.92282e+28,2.2322e+27,1.68333e+07,96,29.6143,24,0.147464
1302,7.92282e+28,2.64671e+27,8.44197e+06,96,30.2773,23,0.155244
1303,7.92282e+28,2.48475e+27,4.23846e+06,96,29.8779,22,0.149435
1304,7.92282e+28,2.01298e+27,2.13553e+06,96,28.2627,21,0.141598
1305,7.92282e+28,2.70442e+27,8.43494e+06,96,29.8799,23,0.153171
1306,7.92282e+28,2.40034e+27,2.13365e+06,96,29.2246,21,0.152467
1307,7.92282e+28,2.64249e+27,8.42692e+06,96,29.5537,23,0.147015
1308,7.92282e+28,2.97546e+27,6.71498e+07,96,31.6777,26,0.15824
1309,7.92282e+28,3.79196e+27,1.68132e+07,96,30.6953,24,0.154054
1310,7.92282e+28,2.51753e+27,3.358e+07,96,30.6221,25,0.153969
1311,7.92282e+28,3.18666e+27,3.35965e+07,96,31.916,25,0.160886
1312,7.92282e+28,2.55248e+27,8.44129e+06,96,30.5029,23,0.153019
1313,7.92282e+28,3.00488e+27,3.36041e+07,96,32,25,0.160078
1314,7.92282e+28,2.93724e+27,4.22809e+06,96,30.3945,22,0.157561
1315,7.92282e+28,3.30954e+27,1.6822e+07,96,30.9287,24,0.157216
1316,7.92282e+28,3.22614e+27,3.35916e+07,96,30.9863,25,0.163349
1317,7.92282e+28,3.89413e+27,8.40773e+06,96,30.4307,23,0.151269
1318,1.58456e+29,3.15677e+27,3.36004e+07,97,31.6367,25,0.159824
1319,7.92282e+28,2.5055e+27,2.12785e+06,96,28.7002,21,0.143567
1320,7.92282e+28,2.57002e+27,1.68042e+07,96,29.6348,24,0.149724
1321,7.92282e+28,2.53227e+27,1.6822e+07,96,30.6396,24,0.154052
1322,7.92282e+28,2.62521e+27,1.68205e+07,96,30.7031,24,0.152136
1323,7.92282e+28,2.9512e+27,3.36032e+07,96,31.8975,25,0.159596
1324,7.92282e+28,2.51608e+27,8.42782e+06,96,29.4814,23,0.153385
1325,7.92282e+28,2.67746e+27,3.36121e+07,96,31.0498,25,0.16103
1326,7.92282e+28,2.91822e+27,3.36132e+07,96,30.4688,25,0.15607
1327,7.92282e+28,2.88673e+27,4.2375e+06,96,29.8818,22,0.145617
1328,7.92282e+28,2.26186e+27,3.35982e+07,96,30.0645,25,0.155301
1329,7.92282e+28,1.92346e+27,1.68291e+07,96,29.7168,24,0.147757
1330,7.92282e+28,2.94196e+27,3.35998e+07,96,30.6123,25,0.151481
1331,7.92282e+28,2.4914e+27,1.6828e+07,96,30.0195,24,0.151561
1332,7.92282e+28,3.0656e+27,1.68165e+07,96,30.418,24,0.153899
1333,7.92282e+28,2.63567e+27,1.68161e+07,96,30.3691,24,0.155873
1334,7.92282e+28,2.24671e+27,3.35771e+07,96,29.9492,25,0.151062
1335,7.92282e+28,2.78929e+27,6.71579e+07,96,31.5928,26,0.163628
1336,7.92282e+28,2.36726e+27,6.71576e+07,96,31.8154,26,0.157915
1337,7.92282e+28,2.31145e+27,3.36023e+07,96,30.4023,25,0.157245
1338,7.92282e+28,2.12373e+27,3.36177e+07,96,30.8887,25,0.157022
1339,7.92282e+28,2.21244e+27,6.71604e+07,96,30.6279,26,0.153154
1340,7.92282e+28,2.53093e+27,1.34254e+08,96,31.9756,27,0.163472
1341,7.92282e+28,2.33653e+27,3.36027e+07,96,30.0752,25,0.152664
1342,7.92282e+28,3.66382e+27,1.34277e+08,96,33.0352,27,0.1653
1343,7.92282e+28,2.92121e+27,6.71645e+07,96,31.5713,26,0.15672
1344,7.92282e+28,2.39727e+27,1.68311e+07,96,30.3574,24,0.1603
1345,7.92282e+28,3.07625e+27,1.34269e+08,96,32.1299,27,0.161664
1346,7.92282e+28,3.07996e+27,1.34266e+08,96,32.1074,27,0.1563
1347,7.92282e+28,3.46483e+27,1.34265e+08,96,32.4404,27,0.159862
1348,7.92282e+28,4.06172e+27,2.68502e+08,96,33.8438,28,0.164365
1349,7.92282e+28,3.72691e+27,1.34266e+08,96,32.665,27,0.158205
1350,7.92282e+28,3.50733e+27,2.68505e+08,96,34.3789,28,0.171609
1351,7.92282e+28,3.85837e+27,1.34276e+08,96,33.7012,27,0.171375
1352,7.92282e+28,3.7901e+27,6.71623e+07,96,32.6699,26,0.160004
1353,7.92282e+28,4.24901e+27,2.68506e+08,96,34.666,28,0.168922
1354,7.92282e+28,4.17205e+27,5.3694e+08,96,35.2285,29,0.176179
1355,3.16913e+29,4.02716e+27,5.36937e+08,98,34.6953,29,0.171463
1356,7.92282e+28,5.03424e+27,4.29503e+09,96,35.9004,32,0.179355
1357,1.58456e+29,4.03186e+27,2.68484e+08,97,33.4932,28,0.164436
1358,7.92282e+28,4.32578e+27,5.36931e+08,96,34.4619,29,0.170706
1359,7.92282e+28,4.18886e+27,2.14757e+09,96,35.2725,31,0.176617
1360,7.92282e+28,5.09353e+27,2.14755e+09,96,36.4492,31,0.178577
1361,7.92282e+28,6.19489e+27,2.14756e+09,96,37.417,31,0.181029
1362,7.92282e+28,5.33294e+27,8.59001e+09,96,37.0371,33,0.182067
1363,7.92282e+28,5.09784e+27,8.59002e+09,96,37.7471,33,0.186927
1364,7.92282e+28,6.06563e+27,8.59001e+09,96,37.9795,33,0.182861
1365,7.92282e+28,4.97922e+27,2.14757e+09,96,36.1934,31,0.176043
1366,7.92282e+28,6.34783e+27,3.43598e+10,96,38.96,35,0.194592
1367,1.58456e+29,4.92252e+27,1.0738e+09,97,36.0879,30,0.177811
1368,7.92282e+28,5.53291e+27,1.71799e+10,96,37.6523,34,0.187578
1369,7.92282e+28,5.50452e+27,1.718e+10,96,37.707,34,0.181483
1370,7.92282e+28,5.36578e+27,8.59002e+09,96,37.7051,33,0.19057
1371,7.92282e+28,5.52469e+27,1.718e+10,96,38.5234,34,0.190161
1372,7.92282e+28,5.73476e+27,1.71799e+10,96,38.7539,34,0.195013
1373,7.92282e+28,5.17467e+27,1.07382e+09,96,36.9551,30,0.182823
1374,7.92282e+28,5.07804e+27,1.718e+10,96,38.626,34,0.188585
1375,7.92282e+28,6.09351e+27,1.71799e+10,96,38.1904,34,0.184479
1376,7.92282e+28,5.52627e+27,8.59003e+09,96,38.0303,33,0.184234
1377,7.92282e+28,4.9682e+27,1.718e+10,96,38.6826,34,0.196394
1378,7.92282e+28,5.4627e+27,3.43598e+10,96,38.5898,35,0.194362
1379,7.92282e+28,5.5936e+27,1.718e+10,96,38.4287,34,0.191278
1380,7.92282e+28,4.81202e+27,4.29504e+09,96,37.4492,32,0.184718
1381,7.92282e+28,5.29305e+27,1.71799e+10,96,39.1885,34,0.198705
1382,7.92282e+28,5.72909e+27,3.43598e+10,96,39.1992,35,0.190966
1383,7.92282e+28,5.84641e+27,1.718e+10,96,38.5361,34,0.185359
1384,7.92282e+28,4.92445e+27,2.14756e+09,96,37.0127,31,0.18295
1385,3.16913e+29,6.85603e+27,1.07382e+09,98,38.0635,30,0.195845
1386,7.92282e+28,5.56802e+27,4.29504e+09,96,37.2588,32,0.181649
1387,7.92282e+28,5.52044e+27,4.29505e+09,96,37.6963,32,0.183754
1388,7.92282e+28,5.49938e+27,1.71799e+10,96,37.5938,34,0.189207
1389,7.92282e+28,5.66185e+27,1.71799e+10,96,38.9189,34,0.190366
1390,7.92282e+28,5.34496e+27,8.59e+09,96,38.375,33,0.189698
1391,7.92282e+28,4.77272e+27,8.59001e+09,96,37.0703,33,0.180559
1392,1.58456e+29,5.91761e+27,1.718e+10,97,37.9824,34,0.18234
1393,7.92282e+28,5.71482e+27,6.87195e+10,96,40.5488,36,0.192467
1394,7.92282e+28,5.98055e+27,6.87196e+10,96,40.6562,36,0.197143
1395,7.92282e+28,5.81711e+27,1.718e+10,96,39.6465,34,0.193388
1396,7.92282e+28,5.69896e+27,1.718e+10,96,39.4561,34,0.195326
1397,7.92282e+28,5.38796e+27,3.43598e+10,96,39.9785,35,0.191074
1398,7.92282e+28,6.40387e+27,3.43598e+10,96,40.333,35,0.201512
1399,3.16913e+29,4.14256e+27,1.718e+10,98,39.0557,34,0.196328
1400,7.92282e+28,5.39551e+27,3.43598e+10,96,39.5703,35,0.195429
1401,7.92282e+28,5.69571e+27,1.718e+10,96,38.998,34,0.188182
1402,7.92282e+28,5.76084e+27,1.718e+10,96,39.5537,34,0.193167
1403,7.92282e+28,5.86468e+27,1.71799e+10,96,39.1367,34,0.186156
1404,7.92282e+28,6.46588e+27,4.29504e+09,96,38.1748,32,0.189062
1405,7.92282e+28,4.8693e+27,8.59002e+09,96,38.625,33,0.192335
1406,7.92282e+28,4.72669e+27,4.29505e+09,96,37.5811,32,0.182213
1407,3.16913e+29,6.39459e+27,5.36937e+08,98,37.7031,29,0.181311
1408,7.92282e+28,4.46879e+27,4.29504e+09,96,38.6611,32,0.195592
1409,7.92282e+28,4.56122e+27,8.59001e+09,96,37.5742,33,0.186091
1410,7.92282e+28,5.92532e+27,1.718e+10,96,38.793,34,0.190443
1411,7.92282e+28,6.09905e+27,1.718e+10,96,39.2637,34,0.19794
1412,7.92282e+28,5.238e+27,8.59001e+09,96,37.9902,33,0.190294
1413,7.92282e+28,6.42119e+27,4.29505e+09,96,37.7803,32,0.18404
1414,7.92282e+28,6.51341e+27,6.87196e+10,96,39.832,36,0.195474
1415,1.58456e+29,6.20886e+27,1.07382e+09,97,38.5342,30,0.190769
1416,7.92282e+28,5.03461e+27,1.71799e+10,96,38.3955,34,0.19133
1417,7.92282e+28,5.24888e+27,3.43598e+10,96,38.5068,35,0.187842
1418,7.92282e+28,6.39181e+27,3.43598e+10,96,38.6797,35,0.187634
1419,7.92282e+28,5.61947e+27,1.718e+10,96,39.416,34,0.19024
1420,7.92282e+28,6.59714e+27,1.718e+10,96,39.1035,34,0.18746
1421,1.58456e+29,4.61317e+27,4.29507e+09,97,37.5088,32,0.182598
1422,7.92282e+28,6.08584e+27,3.43598e+10,96,38.9336,35,0.189693
1423,7.92282e+28,6.46459e+27,1.718e+10,96,39.0215,34,0.186671
1424,7.92282e+28,5.82153e+27,8.59002e+09,96,37.9678,33,0.183834
1425,3.16913e+29,5.67952e+27,8.59001e+09,98,37.9785,33,0.182081
1426,7.92282e+28,6.39033e+27,1.718e+10,96,39.2637,34,0.188938
1427,7.92282e+28,5.67661e+27,3.43598e+10,96,39.3887,35,0.187945
1428,7.92282e+28,6.72739e+27,1.71799e+10,96,39.1904,34,0.192599
1429,7.92282e+28,6.20538e+27,6.87196e+10,96,40.8389,36,0.19414
1430,7.92282e+28,7.0392e+27,1.718e+10,96,39.7842,34,0.194312
1431,7.92282e+28,6.79547e+27,1.37439e+11,96,41.2246,37,0.195806
1432,7.92282e+28,6.63053e+27,6.87196e+10,96,39.9014,36,0.190566
1433,7.92282e+28,7.11956e+27,1.718e+10,96,39.7549,34,0.194743
1434,7.92282e+28,7.33122e+27,3.43598e+10,96,40.1113,35,0.194274
1435,7.92282e+28,6.77253e+27,6.87196e+10,96,40.4941,36,0.190678
1436,7.92282e+28,5.67205e+27,8.59002e+09,96,38.5879,33,0.185132
1437,7.92282e+28,7.2291e+27,6.87196e+10,96,41.5068,36,0.196158
1438,7.92282e+28,7.76071e+27,1.37439e+11,96,41.0986,37,0.203663
1439,7.92282e+28,5.74694e+27,3.43598e+10,96,39.8955,35,0.190287
1440,7.92282e+28,6.93003e+27,3.43598e+10,96,40.2861,35,0.192825
1441,7.92282e+28,6.49218e+27,1.71799e+10,96,39.1641,34,0.189318
1442,7.92282e+28,6.9687e+27,6.87196e+10,96,41.5283,36,0.19802
1443,7.92282e+28,6.76753e+27,6.87196e+10,96,40.4404,36,0.197563
1444,7.92282e+28,6.94043e+27,5.49756e+11,96,41.8271,39,0.199309
1445,7.92282e+28,6.65058e+27,2.74878e+11,96,41.6279,38,0.197298
1446,7.92282e+28,6.03452e+27,3.43599e+10,96,40.7256,35,0.196085
1447,7.92282e+28,7.25358e+27,1.718e+10,96,40.2666,34,0.19657
1448,7.92282e+28,7.37251e+27,1.37439e+11,96,41.1914,37,0.200349
1449,7.92282e+28,6.52851e+27,2.74878e+11,96,41.4082,38,0.206374
1450,7.92282e+28,7.61698e+27,1.37439e+11,96,41.8857,37,0.202412
1451,7.92282e+28,7.04508e+27,3.43598e+10,96,40.6826,35,0.200796
1452,7.92282e+28,7.27993e+27,5.49756e+11,96,41.6162,39,0.205459
1453,7.92282e+28,7.07827e+27,6.87196e+10,96,40.8711,36,0.195655
1454,7.92282e+28,6.77847e+27,6.87196e+10,96,41.0811,36,0.214785
1455,7.92282e+28,7.30332e+27,2.74878e+11,96,41.9834,38,0.2165
1456,7.92282e+28,7.71536e+27,6.87196e+10,96,41.2207,36,0.20196
1457,7.92282e+28,7.70633e+27,1.37439e+11,96,41.3467,37,0.197542
1458,7.92282e+28,7.93921e+27,3.43598e+10,96,41.1748,35,0.197259
1459,7.92282e+28,8.1176e+27,3.43598e+10,96,41.0762,35,0.192755
1460,1.58456e+29,7.91618e+27,3.43598e+10,97,41.6963,35,0.200709
1461,7.92282e+28,6.11251e+27,6.87196e+10,96,40.7402,36,0.204393
1462,7.92282e+28,7.40214e+27,1.718e+10,96,40.8506,34,0.200659
1463,7.92282e+28,7.76042e+27,6.87196e+10,96,41.9668,36,0.207905
1464,7.92282e+28,7.6643e+27,2.74878e+11,96,43.0537,38,0.203645
1465,7.92282e+28,7.22947e+27,2.74878e+11,96,42.29,38,0.207429
1466,7.92282e+28,7.99127e+27,2.74878e+11,96,42.4258,38,0.205684
1467,7.92282e+28,7.41302e+27,5.49756e+11,96,42.3096,39,0.20035
1468,7.92282e+28,7.16667e+27,3.43598e+10,96,40.8076,35,0.197793
1469,7.92282e+28,7.14968e+27,1.09951e+12,96,43.0664,40,0.206955
1470,7.92282e+28,8.46727e+27,5.49756e+11,96,42.4707,39,0.210356
1471,7.92282e+28,7.38437e+27,5.49756e+11,96,42.3545,39,0.20128
1472,7.92282e+28,7.17299e+27,1.37439e+11,96,41.9814,37,0.201257
1473,7.92282e+28,7.4032e+27,5.49756e+11,96,42.6934,39,0.210639
1474,1.58456e+29,7.43272e+27,2.74878e+11,97,42.5137,38,0.200951
1475,7.92282e+28,7.68405e+27,8.79609e+12,96,44.0615,43,0.214303
1476,7.92282e+28,7.68085e+27,1.09951e+12,96,42.3838,40,0.204952
1477,7.92282e+28,7.12207e+27,2.19902e+12,96,43.9023,41,0.213037
1478,7.92282e+28,8.31689e+27,1.09951e+12,96,42.7559,40,0.212239
1479,7.92282e+28,9.42652e+27,8.79609e+12,96,45.2197,43,0.224107
1480,7.92282e+28,8.39373e+27,2.19902e+12,96,43.7129,41,0.220006
1481,7.92282e+28,8.79748e+27,2.74878e+11,96,43.5371,38,0.207106
1482,7.92282e+28,7.37221e+27,1.09951e+12,96,43.665,40,0.20708
1483,7.92282e+28,1.02193e+28,2.19902e+12,96,44.1504,41,0.211041
1484,1.58456e+29,8.93222e+27,2.19902e+12,97,43.5039,41,0.207338
1485,7.92282e+28,9.1762e+27,8.79609e+12,96,45.208,43,0.214764
1486,7.92282e+28,8.62365e+27,2.19902e+12,96,44.3779,41,0.218871
1487,7.92282e+28,9.7075e+27,5.49756e+11,96,43.3584,39,0.206673
1488,7.92282e+28,7.33244e+27,2.74878e+11,96,42.0176,38,0.198618
1489,7.92282e+28,8.8347e+27,8.79609e+12,96,44.7236,43,0.212546
1490,7.92282e+28,8.82103e+27,8.79609e+12,96,44.2373,43,0.213479
1491,7.92282e+28,7.98167e+27,2.19902e+12,96,43.8164,41,0.215787
1492,7.92282e+28,9.04968e+27,4.39805e+12,96,43.9795,42,0.21087
1493,7.92282e+28,8.68942e+27,1.75922e+13,96,44.9707,44,0.21645
1494,7.92282e+28,9.39292e+27,3.51844e+13,96,45.2119,45,0.216654
1495,7.92282e+28,9.0506e+27,4.39805e+12,96,45.291,42,0.22195
1496,7.92282e+28,9.34055e+27,3.51844e+13,96,45.9902,45,0.223182
1497,7.92282e+28,9.47247e+27,8.79609e+12,96,44.8574,43,0.214764
1498,7.92282e+28,9.74355e+27,3.51844e+13,96,45.1455,45,0.213619
1499,3.16913e+29,1.02721e+28,3.51844e+13,98,45.8955,45,0.214058
