67.1752
0,109.829,7.45911,4,1,0.0322266,0,0.00437659
1,113.419,8.32264,4,1,0.0390625,0,0.00429721
2,433.776,8.57823,4,2,0.0380859,0,0.00421174
3,118.273,8.59857,5,1,0.0380859,0,0.00428985
4,109.829,9.41325,5,1,0.0458984,0,0.00430053
5,111.425,9.06496,5,1,0.0419922,0,0.00428194
6,110.371,9.11541,5,1,0.0400391,0,0.00428728
7,110.903,8.61179,5,1,0.0400391,0,0.00417012
8,434.954,9.18192,5,2,0.0410156,0,0.00429019
9,435.149,11.183,5,2,0.0537109,0,0.00427947
10,434.818,10.2933,5,2,0.046875,0,0.004407
11,109.829,8.76776,5,1,0.0380859,0,0.00435439
12,435.117,10.3623,5,2,0.0488281,0,0.00442958
13,435.053,8.72267,5,2,0.0351562,0,0.00446808
14,109.829,8.67701,5,1,0.0371094,0,0.00444415
15,110.371,9.58245,5,1,0.0439453,0,0.00430251
16,109.829,9.67196,5,1,0.0439453,0,0.0044491
17,435.149,11.779,5,2,0.0556641,0,0.00430391
18,435.127,10.0675,5,2,0.0449219,0,0.0042984
19,435.117,10.5673,6,2,0.0449219,0,0.00445
20,435.053,11.392,6,2,0.0595703,0,0.00433377
21,435.149,10.544,6,2,0.0507812,0,0.00435487
22,434.818,10.0824,6,2,0.0458984,0,0.00428554
23,435.053,12.5086,6,2,0.0625,0,0.00434424
24,435.151,12.0271,6,2,0.0546875,0,0.00442277
25,434.129,11.6676,6,2,0.0605469,0,0.00446292
26,435.149,11.4018,6,2,0.0556641,0,0.00434473
27,435.127,11.5284,6,2,0.0556641,0,0.00439738
28,110.371,11.0093,6,1,0.0537109,0,0.0043857
29,433.776,10.98,6,2,0.0527344,0,0.00440042
30,435.053,9.87787,6,2,0.0419922,0,0.00437951
31,435.149,13.0416,6,2,0.0664062,0,0.00441184
32,435.149,13.0627,6,2,0.0634766,0,0.0044577
33,435.151,11.656,6,2,0.0546875,0,0.00441787
34,113.419,12.518,6,1,0.0673828,0,0.00435485
35,434.954,12.0619,6,2,0.0605469,0,0.0043834
36,435.149,13.9416,6,2,0.0761719,0,0.00447299
37,435.127,12.7152,6,2,0.0644531,0,0.00449893
38,435.151,13.163,6,2,0.0644531,0,0.00439573
39,435.149,11.6164,6,2,0.0546875,0,0.00447263
40,435.149,11.4411,6,2,0.0507812,0,0.00444869
41,435.149,12.9595,6,2,0.0625,0,0.00446181
42,435.053,12.7099,6,2,0.0615234,0,0.00442653
43,435.149,12.0043,6,2,0.0498047,0,0.00446677
44,435.127,14.4863,6,2,0.0771484,0,0.00450456
45,435.149,15.2274,6,2,0.0830078,0,0.00440086
46,1010.79,12.8004,6,3,0.0585938,0,0.00436855
47,435.151,11.9792,6,2,0.0546875,0,0.00444468
48,435.127,13.1455,6,2,0.0634766,0,0.00435748
49,435.151,13.3824,6,2,0.0654297,0,0.00441011
50,1007.46,15.4287,6,3,0.0771484,0,0.00442828
51,435.151,12.9262,6,2,0.0634766,0,0.00446632
52,435.053,12.1096,6,2,0.0566406,0,0.00447105
53,1008.92,14.5216,6,3,0.0751953,0,0.00442009
54,433.874,11.8025,7,2,0.0527344,0,0.00444625
55,1011.31,15.2069,7,3,0.0751953,0,0.00451864
56,435.151,15.1116,7,2,0.0761719,0,0.00453914
57,1009.59,14.8508,7,3,0.0673828,0,0.00452827
58,435.151,14.9664,7,2,0.0791016,0,0.00460924
59,435.127,13.8138,7,2,0.0683594,0,0.00449765
60,435.053,13.8611,6,2,0.0644531,0,0.00461843
61,435.053,14.4959,7,2,0.0732422,0,0.00450192
62,435.149,12.7035,6,2,0.0605469,0,0.00446826
63,435.149,15.514,7,2,0.0849609,0,0.00450674
64,435.151,14.6602,7,2,0.0732422,0,0.00444411
65,435.117,13.8238,7,2,0.0683594,0,0.00448133
66,435.117,13.1712,7,2,0.0644531,0,0.00449545
67,435.151,15.1804,7,2,0.078125,0,0.0045153
68,435.127,14.3987,7,2,0.0742188,0,0.00458017
69,435.151,13.9103,7,2,0.0673828,0,0.00452251
70,435.151,13.8496,7,2,0.0654297,0,0.00455175
71,435.127,14.3805,7,2,0.0673828,0,0.00454443
72,435.149,12.6262,7,2,0.0566406,0,0.00477699
73,435.127,14.8177,7,2,0.0751953,0,0.0045365
74,435.151,16.2719,7,2,0.0869141,0,0.00447533
75,435.127,13.6839,7,2,0.0654297,0,0.00453114
76,435.149,14.9774,7,2,0.078125,0,0.0045093
77,435.151,11.5479,7,2,0.0507812,0,0.00448542
78,435.127,14.6066,7,2,0.0712891,0,0.00456084
79,435.053,15.1442,8,2,0.078125,0,0.00456956
80,1009.59,16.1699,7,3,0.0761719,0,0.00450513
81,1010.79,16.5546,8,3,0.0849609,0,0.00453243
82,435.127,15.7244,7,2,0.0830078,0,0.00455477
83,435.151,15.7643,8,2,0.0810547,0,0.00454834
84,110.371,14.1394,8,1,0.0732422,0,0.00460318
85,434.954,13.9406,8,2,0.0693359,0,0.00462693
86,435.149,16.0798,8,2,0.0849609,0,0.00454829
87,435.151,17.2225,8,2,0.0917969,0,0.00455167
88,435.151,16.536,8,2,0.0791016,0,0.00459494
89,435.151,16.553,8,2,0.0849609,0,0.00465821
90,435.127,17.3672,8,2,0.0927734,0,0.00465736
91,434.639,16.5275,8,2,0.0908203,0,0.00467359
92,435.127,15.7727,8,2,0.0820312,0,0.00465877
93,435.151,18.102,8,2,0.0996094,0,0.00464729
94,110.903,16.4026,8,1,0.0927734,0,0.00460979
95,435.151,18.9408,8,2,0.107422,0,0.00469083
96,435.151,19.1145,8,2,0.103516,0,0.00465707
97,435.149,16.9448,8,2,0.0888672,0,0.00463911
98,435.151,19.3,8,2,0.102539,0,0.00466591
99,435.127,18.3429,8,2,0.0996094,0,0.00476044
100,435.151,18.7318,8,2,0.0986328,0,0.0046859
101,435.151,19.0997,8,2,0.0986328,0,0.00483527
102,435.151,19.6451,8,2,0.106445,0,0.00472882
103,435.151,17.4809,8,2,0.0947266,0,0.00465068
104,435.149,21.0918,8,2,0.123047,0,0.00468559
105,435.151,22.4728,8,2,0.116211,0,0.00478385
106,435.149,22.7458,9,2,0.132812,0,0.00476091
107,435.053,20.2415,8,2,0.117188,0,0.00476401
108,435.151,21.2582,8,2,0.129883,0,0.00473692
109,435.149,20.5125,9,2,0.120117,0,0.00484405
110,435.151,21.6917,9,2,0.124023,0,0.00478609
111,435.149,20.1469,9,2,0.112305,0,0.00474584
112,435.151,22.8777,9,2,0.130859,0,0.00480017
113,1010.79,24.2692,9,3,0.135742,0,0.00473258
114,435.151,24.0682,9,2,0.136719,0,0.0047534
115,1011.78,23.1764,9,3,0.125977,0,0.00472789
116,435.149,22.3385,9,2,0.130859,0,0.00472775
117,435.149,22.8744,9,2,0.138672,0,0.00478618
118,1010.79,22.9445,9,3,0.129883,0,0.00487567
119,435.151,21.8545,9,2,0.12793,0,0.0048387
120,1011.31,24.4082,9,3,0.145508,0,0.0047881
121,1008.92,26.3839,9,3,0.15625,0,0.00479746
122,435.151,24.8572,9,2,0.149414,0,0.00478383
123,435.151,24.8373,9,2,0.147461,0,0.00478638
124,435.127,25.095,9,2,0.149414,0,0.00491178
125,435.151,26.4033,9,2,0.152344,0,0.00484284
126,435.151,25.282,9,2,0.152344,0,0.00479919
127,435.127,25.3765,9,2,0.162109,0,0.00492527
128,435.151,28.4133,9,2,0.174805,0,0.00487396
129,435.149,24.8917,9,2,0.147461,0,0.00481799
130,1008.92,26.7611,9,3,0.161133,0,0.00489959
131,1009.59,31.7796,9,3,0.185547,0,0.00485827
132,1011.78,27.5675,9,3,0.164062,0,0.00484686
133,435.151,30.4984,9,2,0.186523,0,0.00486065
134,435.151,32.6458,9,2,0.197266,0,0.00493128
135,1008.92,31.4049,9,3,0.188477,0,0.0048751
136,435.149,29.4402,9,2,0.174805,0,0.00494808
137,1008.92,30.9386,9,3,0.18457,0,0.00495216
138,435.151,32.1542,9,2,0.202148,0,0.00481635
139,1008.92,28.8421,9,3,0.181641,0,0.00479149
140,435.151,30.773,9,2,0.192383,0,0.00495437
141,1010.79,29.9015,9,3,0.18457,0,0.00482441
142,435.151,31.5885,9,2,0.210938,0,0.00488929
143,998.128,33.3742,9,3,0.208008,0,0.00489375
144,435.151,34.1282,9,2,0.212891,0,0.00486194
145,1010.21,30.7901,9,3,0.191406,0,0.00487988
146,1002.23,34.0333,9,3,0.213867,0,0.00485618
147,435.151,33.7477,9,2,0.198242,0,0.0048812
148,1008.92,34.5496,9,3,0.226562,0,0.00489562
149,1009.59,33.5582,9,3,0.217773,0,0.00489447
150,1012.18,34.3132,9,3,0.220703,0,0.00485318
151,1008.92,34.2701,9,3,0.217773,0,0.00493935
152,1010.21,36.9628,9,3,0.234375,0,0.0049243
153,1008.92,36.1602,9,3,0.225586,0,0.00493843
154,1009.59,35.5847,9,3,0.21582,0,0.0049231
155,435.151,34.3618,9,2,0.213867,0,0.00494721
156,1010.79,41.7515,9,3,0.261719,0,0.00490678
157,1008.92,38.9873,9,3,0.25,0,0.00489278
158,1010.21,36.5677,9,3,0.21875,0,0.00492498
159,1011.31,36.8052,9,3,0.234375,0,0.00487884
160,1010.21,41.7097,10,3,0.268555,0,0.00495676
161,1008.92,35.0895,9,3,0.232422,0,0.0050319
162,1010.21,44.0378,9,3,0.269531,0,0.00496909
163,1011.31,35.5486,9,3,0.231445,0,0.00491762
164,1010.79,40.4587,9,3,0.251953,0,0.00494994
165,1843.9,41.7315,9,4,0.256836,0,0.00493252
166,435.151,35.3596,9,2,0.227539,0,0.00491272
167,435.151,39.7978,10,2,0.253906,0,0.00495059
168,1008.92,44.576,10,3,0.286133,0,0.00504724
169,1009.59,39.7576,9,3,0.270508,0,0.0048735
170,1011.78,43.0489,9,3,0.272461,0,0.00497243
171,435.151,35.4622,9,2,0.228516,0,0.00497187
172,1011.31,37.2474,9,3,0.254883,0,0.00505681
173,1009.59,41.9567,10,3,0.267578,0,0.00490747
174,1009.59,40.5933,10,3,0.275391,0,0.00495463
175,1010.79,45.5905,9,3,0.277344,0,0.00489042
176,1009.59,40.085,9,3,0.25293,0,0.00502651
177,1010.21,42.1054,10,3,0.274414,0,0.00504083
178,1009.59,43.3195,10,3,0.291016,0,0.00496005
179,1011.31,44.3573,9,3,0.272461,0,0.00492163
180,435.151,41.9361,10,2,0.264648,0,0.0049559
181,1011.78,38.7277,9,3,0.250977,0,0.00496687
182,1012.18,41.3596,10,3,0.272461,0,0.00500559
183,435.151,40.5975,10,2,0.272461,0,0.00500627
184,435.151,34.9996,9,2,0.229492,0,0.00493556
185,1009.59,44.1426,10,3,0.274414,0,0.00496098
186,1009.59,41.2087,10,3,0.271484,0,0.00499138
187,435.151,39.6239,10,2,0.260742,0,0.00494519
188,435.149,39.69,10,2,0.267578,0,0.0050725
189,1009.59,43.7739,10,3,0.285156,0,0.00493361
190,435.151,42.0188,10,2,0.285156,0,0.00494919
191,1845.26,41.2258,10,4,0.264648,0,0.00504184
192,1008.92,41.2273,10,3,0.270508,0,0.0049795
193,1012.18,43.3675,10,3,0.275391,0,0.00496234
194,1009.59,44.0561,11,3,0.287109,0,0.00514703
195,1009.59,43.8365,10,3,0.282227,0,0.00499053
196,1007.46,43.2779,10,3,0.282227,0,0.00497473
197,1008.92,42.6199,10,3,0.272461,0,0.00503163
198,1849.99,41.0281,10,4,0.260742,0,0.00503041
199,1008.92,43.1493,10,3,0.272461,0,0.00495185
200,1846.55,47.4946,11,4,0.296875,0,0.00494772
201,1843.9,46.2251,10,4,0.291992,0,0.00506251
202,435.151,45.8277,10,2,0.291992,0,0.00502897
203,435.151,43.3012,10,2,0.287109,0,0.00503287
204,1008.92,43.6164,10,3,0.286133,0,0.00514578
205,435.151,39.0623,10,2,0.255859,0,0.00509204
206,435.151,41.4921,10,2,0.264648,0,0.00516855
207,1009.59,44.543,10,3,0.27832,0,0.00509406
208,1010.21,45.8111,11,3,0.283203,0,0.00500662
209,1009.59,50.393,11,3,0.30957,0,0.0050136
210,1011.31,43.6385,10,3,0.27832,0,0.00499167
211,1011.31,48.9033,11,3,0.316406,0,0.0050712
212,1009.59,48.5891,11,3,0.300781,0,0.00504957
213,1009.59,50.8726,11,3,0.330078,0,0.00505229
214,1010.21,44.7027,10,3,0.280273,0,0.00499182
215,1845.26,56.0107,11,4,0.341797,0,0.00510402
216,1008.92,43.1033,11,3,0.290039,0,0.00497821
217,1008.92,42.1958,10,3,0.271484,0,0.00498136
218,435.151,43.7794,10,2,0.276367,0,0.00508896
219,1009.59,45.4192,11,3,0.291992,0,0.0050058
220,1011.78,43.0289,11,3,0.286133,0,0.00506376
221,1008.92,43.0995,11,3,0.273438,0,0.005028
222,1008.92,44.249,11,3,0.287109,0,0.00499548
223,435.151,44.5578,11,2,0.292969,0,0.00510533
224,1832.91,44.6045,11,4,0.292969,0,0.00509595
225,1008.92,46.7571,11,3,0.300781,0,0.00506917
226,1011.31,45.4287,11,3,0.291992,0,0.00501231
227,435.151,42.8385,11,2,0.293945,0,0.004968
228,435.151,41.6692,11,2,0.273438,0,0.00496587
229,435.151,49.8353,11,2,0.319336,0,0.00503689
230,1010.79,47.9153,12,3,0.3125,0,0.00502034
231,1009.59,45.5748,11,3,0.291016,0,0.00506165
232,435.151,46.0681,10,2,0.293945,0,0.00497211
233,1008.92,42.2098,11,3,0.285156,0,0.0050362
234,435.151,46.9168,11,2,0.303711,0,0.00505702
235,1843.9,45.2271,11,4,0.292969,0,0.00512248
236,1008.92,47.0541,11,3,0.3125,0,0.00510865
237,435.151,44.6409,11,2,0.295898,0,0.0050364
238,1008.92,46.055,12,3,0.3125,0,0.00509623
239,1008.92,45.5731,11,3,0.301758,0,0.00514235
240,1011.31,50.174,12,3,0.323242,0,0.00507174
241,1010.21,50.9152,12,3,0.336914,0,0.00518619
242,1009.59,51.738,12,3,0.334961,0,0.00511653
243,1008.92,49.6528,12,3,0.325195,0,0.00509149
244,1010.79,48.5114,12,3,0.326172,0,0.00505391
245,1009.59,47.6251,12,3,0.303711,0,0.00505029
246,1008.92,42.8125,11,3,0.273438,0,0.005067
247,1008.92,51.5258,12,3,0.330078,0,0.00513378
248,435.151,44.2661,12,2,0.297852,0,0.00514329
249,1008.92,51.4045,12,3,0.338867,0,0.00515124
250,1008.92,46.8053,11,3,0.297852,0,0.00527575
251,1008.92,45.101,11,3,0.288086,0,0.00511133
252,1008.92,47.5603,12,3,0.313477,0,0.0051875
253,1008.92,53.2409,12,3,0.333008,0,0.00518524
254,1011.31,46.322,11,3,0.293945,0,0.00522026
255,435.151,50.2856,12,2,0.314453,0,0.00506479
256,1010.21,48.9471,12,3,0.316406,0,0.00520896
257,1010.79,49.372,12,3,0.319336,0,0.00512787
258,1010.21,48.65,12,3,0.314453,0,0.0051181
259,1008.92,45.2234,11,3,0.301758,0,0.00506171
260,1008.92,51.9933,12,3,0.347656,0,0.00501594
261,1846.55,47.7458,12,4,0.294922,0,0.00516537
262,435.151,47.8517,12,2,0.324219,0,0.0052223
263,1011.31,50.4154,12,3,0.318359,0,0.00529504
264,1843.9,47.6526,12,4,0.296875,0,0.00518704
265,1002.23,47.436,12,3,0.313477,0,0.00518394
266,1008.92,45.735,12,3,0.298828,0,0.00522497
267,1007.46,45.9156,12,3,0.297852,0,0.00525403
268,1011.31,50.0841,12,3,0.328125,0,0.00508023
269,1007.46,48.7661,12,3,0.319336,0,0.00507995
270,1010.79,49.2547,12,3,0.308594,0,0.00514752
271,992.422,46.4149,12,3,0.307617,0,0.00520426
272,1008.92,47.4612,12,3,0.308594,0,0.00521961
273,1008.92,52.5434,13,3,0.338867,0,0.00529143
274,1010.21,44.5363,12,3,0.287109,0,0.0052187
275,1009.59,49.0539,12,3,0.313477,0,0.00517612
276,1009.59,44.6193,12,3,0.295898,0,0.00518563
277,435.151,48.9832,12,2,0.320312,0,0.00530834
278,1008.92,46.0714,13,3,0.296875,0,0.00522997
279,1011.31,49.2249,12,3,0.318359,0,0.00525295
280,1011.78,49.0481,13,3,0.318359,0,0.00527501
281,1843.9,49.1166,12,4,0.30957,0,0.00532411
282,1011.31,53.9218,13,3,0.347656,0,0.00525483
283,1008.92,51.5393,12,3,0.328125,0,0.0051309
284,1010.79,49.451,13,3,0.328125,0,0.00531982
285,1010.21,50.9985,13,3,0.325195,0,0.00522463
286,1008.92,48.7833,13,3,0.323242,0,0.00537899
287,1011.31,49.6767,13,3,0.325195,0,0.00532752
288,1008.92,46.1966,13,3,0.306641,0,0.00535512
289,993.611,49.6765,13,3,0.324219,0,0.0053492
290,1841.02,50.1885,13,4,0.313477,0,0.00525222
291,1010.79,51.8024,13,3,0.30957,0,0.00530623
292,1008.92,49.8164,13,3,0.304688,0,0.00529626
293,435.151,49.0458,13,2,0.310547,0,0.00525405
294,1011.31,50.218,13,3,0.314453,0,0.00524992
295,1843.9,55.9626,13,4,0.355469,0,0.00531046
296,435.151,44.6791,13,2,0.279297,0,0.00542319
297,1809.31,56.0713,13,4,0.341797,0,0.00538399
298,1007.46,54.7904,13,3,0.332031,0,0.00530477
299,1005.85,51.0442,13,3,0.319336,0,0.00543859
300,1843.9,51.6455,13,4,0.313477,0,0.00555061
301,1011.31,59.8606,13,3,0.339844,0,0.00552538
302,435.151,51.1946,13,2,0.334961,0,0.00570567
303,1011.31,49.768,13,3,0.298828,0,0.00585843
304,1008.92,52.6413,13,3,0.326172,0,0.00562106
305,1008.92,50.992,13,3,0.303711,0,0.00584371
306,1000.23,55.139,13,3,0.324219,0,0.00565947
307,1842.49,56.0289,14,4,0.332031,0,0.00584962
308,1008.92,53.1172,14,3,0.301758,0,0.00584777
309,1575.26,56.5991,14,4,0.321289,0,0.00631623
310,1008.21,55.2017,15,3,0.333984,0,0.00605598
311,1008.92,56.4254,15,3,0.330078,0,0.00609639
312,1008.92,57.3045,15,3,0.334961,0,0.00603359
313,1007.46,60.7999,16,3,0.333008,0,0.00643283
314,1008.92,62.609,17,3,0.357422,0,0.00664839
315,4010.94,61.9063,17,6,0.331055,0,0.00672445
316,435.149,59.1482,17,2,0.336914,0,0.00687439
317,1778.72,69.5126,17,4,0.362305,0,0.00697091
318,1007.46,66.0803,18,3,0.361328,0,0.00683011
319,1004.1,61.8142,19,3,0.336914,0,0.00690182
320,1821.75,77.7906,22,4,0.414062,0,0.00706928
321,1793.4,71.1147,19,4,0.381836,0,0.00719857
322,1012.18,68.3359,21,3,0.341797,0,0.00750596
323,2929.99,77.6834,23,5,0.389648,0,0.00770257
324,1457.18,73.4558,23,4,0.367188,0,0.0077545
325,1809.31,75.4923,23,4,0.379883,0,0.00793429
326,1791.02,82.1238,29,4,0.40918,0,0.00847667
327,1007.46,81.7368,27,3,0.394531,0,0.0082486
328,1815.68,79.9328,27,4,0.388672,0,0.00842031
329,1836.29,86.5526,32,4,0.382812,0,0.00872428
330,1749.6,82.2099,31,4,0.375977,0,0.00898448
331,1811.47,94.7524,43,4,0.432617,0,0.00915683
332,1008.21,79.2499,37,3,0.361328,0,0.00917623
333,1003.18,87.0478,76,3,0.386719,0,0.00967349
334,1004.1,89.1514,56,3,0.40918,0,0.00918694
335,2807.41,98.6207,101,5,0.430664,0,0.00976592
336,1003.18,86.8223,40,3,0.385742,0,0.00945703
337,2932.65,93.4252,88,5,0.383789,0,0.00956861
338,1004.1,95.4073,101,3,0.399414,0,0.0104967
339,1837.92,96.9768,101,4,0.412109,0,0.0103506
340,1732.64,100.531,101,4,0.443359,0,0.0102787
341,2906.93,96.0736,101,5,0.402344,0,0.0100026
342,1788.61,92.2236,101,4,0.375977,0,0.0106612
343,1003.18,98.3604,101,3,0.422852,0,0.010421
344,1005.85,97.8287,101,3,0.398438,0,0.0101001
345,1781.23,99.1115,101,4,0.413086,0,0.0109612
346,1827.51,97.4234,101,4,0.413086,0,0.0103111
347,1011.31,99.3836,101,3,0.419922,0,0.0105112
348,1009.59,104.129,101,3,0.448242,0,0.010562
349,1819.76,90.1372,101,4,0.373047,0,0.0101867
350,1011.78,91.2774,101,3,0.369141,0,0.0103803
351,2718.6,114.653,101,5,0.466797,0,0.0105975
352,1005.85,105.196,101,3,0.457031,0,0.0105036
353,2894.36,101.87,101,5,0.430664,0,0.00982044
354,3881.17,103.629,101,6,0.418945,0,0.0103878
355,1007.46,102.676,101,3,0.415039,0,0.0106153
356,1674.61,105.481,101,4,0.450195,0,0.0110777
357,1834.62,109.644,101,4,0.453125,0,0.0104661
358,1846.55,104.845,101,4,0.426758,0,0.0108193
359,1829.35,108.857,101,4,0.458008,0,0.0110629
360,2745.01,109.718,101,5,0.439453,0,0.011497
361,1832.91,108.465,101,4,0.424805,0,0.010815
362,1795.76,105.217,101,4,0.44043,0,0.0111889
363,1819.76,116.457,101,4,0.480469,0,0.0114059
364,7410.92,124.754,101,8,0.479492,0,0.0109955
365,1760.49,109.776,101,4,0.464844,0,0.0110494
366,2700.57,119.743,101,5,0.482422,0,0.0111588
367,1827.51,110.091,101,4,0.448242,0,0.0116053
368,2620.44,114.146,101,5,0.482422,0,0.0106527
369,2634.97,117.061,101,5,0.475586,0,0.0114901
370,1836.29,117.961,101,4,0.490234,0,0.0112026
371,2877.78,121.881,101,5,0.49707,0,0.0114237
372,2856.74,120.225,101,5,0.482422,0,0.0116053
373,2700.57,132.381,101,5,0.540039,0,0.0113844
374,1712,121.976,101,4,0.506836,0,0.0110282
375,2807.41,124.317,101,5,0.519531,0,0.0116273
376,2849.48,138.35,101,5,0.543945,0,0.0116398
377,2874.36,135.184,101,5,0.537109,0,0.0119652
378,5674.67,128.597,101,7,0.520508,0,0.0110417
379,5541.02,141.758,101,7,0.549805,0,0.0112844
380,2705.11,136.444,101,5,0.530273,0,0.0115763
381,2757.91,138.743,101,5,0.548828,0,0.0113854
382,9418.71,142.395,101,9,0.563477,0,0.0117277
383,2870.9,133.463,101,5,0.551758,0,0.0112131
384,4270.03,156.766,101,6,0.624023,0,0.0108774
385,4261.42,152.651,101,6,0.638672,0,0.0111905
386,2373.67,135.46,101,5,0.578125,0,0.0110936
387,5897.15,159.832,101,7,0.650391,0,0.0111844
388,5594.12,154.307,101,7,0.625977,0,0.0107972
389,2863.89,157.837,101,5,0.644531,0,0.0106446
390,3829.17,169.016,101,6,0.670898,0,0.0112882
391,4220.53,161.566,101,6,0.65332,0,0.0111493
392,4155.95,165.314,101,6,0.692383,0,0.0113319
393,4215.78,175.953,101,6,0.700195,0,0.0109824
394,4229.91,181.697,101,6,0.716797,0,0.0107834
395,2815.31,182.311,101,5,0.723633,0,0.0115258
396,5688.91,212.987,101,7,0.811523,0,0.0110018
397,12440.7,190.187,101,10,0.719727,0,0.0118094
398,4206.17,218.825,105.663,6,0.830078,1,0.0112614
399,5601.59,209.14,108.13,7,0.832031,1,0.0110759
400,12306.8,219.7,101,10,0.823242,0,0.011222
401,9796.23,239.299,109.829,9,0.884766,1,0.0112784
402,10226.8,248.483,109.275,9,0.911133,1,0.0110419
403,9944.99,238.245,106.93,9,0.884766,1,0.0112678
404,12453.9,275.142,109.829,10,0.943359,1,0.0109849
405,4274.26,266.961,111.425,6,0.983398,1,0.0113514
406,12532.3,304.266,112.44,10,1.03711,1,0.011633
407,9406.74,310.625,111.425,9,1.05566,1,0.0117638
408,10997.1,353.275,113.419,10,1.15332,1,0.0117754
409,12697.5,400.89,113.419,10,1.18457,1,0.011502
410,7114.77,397.496,114.828,8,1.24121,1,0.0119628
411,9785.33,409.233,114.366,9,1.21777,1,0.0125294
412,39478.8,479.898,116.603,14,1.28809,1,0.0130294
413,164456,712.397,119.462,17,1.43359,1,0.0128196
414,295208,1046.83,118.675,18,1.57422,1,0.0135854
415,90140.1,1090.14,125.024,16,1.79883,1,0.0141294
416,8.44899e+06,10506.8,136.902,23,1.93262,1,0.0149297
417,2.14535e+06,7023.59,403.121,21,2.83105,2,0.0178181
418,3.36283e+07,57416.9,424.824,25,3.27344,2,0.0193942
419,8.44797e+06,47707.6,435,23,3.87793,2,0.021462
420,1.68451e+07,42125.8,435.151,24,3.66016,2,0.0220368
421,1.34295e+08,186903,435,27,3.83496,2,0.0215598
422,2.68526e+08,392254,744.199,28,4.23145,3,0.0232748
423,4.25259e+06,37348.5,757.158,22,4.20801,3,0.0244306
424,1.343e+08,205603,696.088,27,4.23633,3,0.0240167
425,2.68527e+08,536152,433.874,28,4.17871,2,0.0246425
426,3.36321e+07,181552,746.805,25,4.19922,3,0.0246766
427,6.71837e+07,214105,434.638,26,4.56641,2,0.0256691
428,2.68526e+08,530358,728.411,28,4.56152,3,0.0249533
429,5.3697e+08,1.10325e+06,741.585,29,4.50879,3,0.0253959
430,1.07385e+09,1.50346e+06,759.728,30,4.51172,3,0.0240632
431,2.68521e+08,548172,804.69,28,4.71875,3,0.0249184
432,5.36963e+08,1.18559e+06,966,29,5.05371,3,0.0252303
433,6.71842e+07,247238,935.531,26,4.85645,3,0.0247479
434,6.71877e+07,193739,930.025,26,4.74805,3,0.0240084
435,3.36251e+07,127233,1341.62,25,5.04199,4,0.0228663
436,2.68521e+08,457291,956.362,28,4.82129,3,0.0232961
437,6.71878e+07,229767,961.25,26,4.96289,3,0.0239599
438,5.36966e+08,1.01552e+06,987.443,29,5.30273,3,0.02395
439,5.36968e+08,1.03166e+06,1476.97,29,6.06836,4,0.027051
440,1.07385e+09,1.86447e+06,926.292,30,5.45312,3,0.0262266
441,5.36967e+08,1.91896e+06,890.612,29,5.72656,3,0.0282068
442,4.29509e+09,7.5068e+06,785.016,32,5.49414,3,0.0316419
443,1.07385e+09,2.93817e+06,1508.05,30,6.61621,4,0.0371774
444,1.07384e+09,2.07968e+06,975.061,30,5.86719,3,0.0318141
445,4.29508e+09,6.20638e+06,976.512,32,6.08594,3,0.0303212
446,5.36973e+08,3.78938e+06,898.85,29,6.0957,3,0.0308137
447,1.07384e+09,3.18885e+06,830.89,30,5.87793,3,0.0296688
448,4.29509e+09,5.75113e+06,962.849,32,6.21973,3,0.0310819
449,2.1476e+09,3.35047e+06,816.724,31,6.24121,3,0.0329343
450,5.3697e+08,4.42007e+06,989.976,29,6.29688,3,0.0302922
451,5.36966e+08,1.6525e+06,928.165,29,5.85645,3,0.0289868
452,5.36967e+08,1.29629e+06,741.585,29,5.34082,3,0.0283611
453,1.07384e+09,2.3695e+06,774.992,30,5.38379,3,0.0286801
454,6.71832e+07,567297,858.278,26,5.76758,3,0.0289634
455,1.34298e+08,622982,882.207,27,5.46875,3,0.0293861
456,5.36971e+08,1.76193e+06,811.935,29,5.42773,3,0.0288577
457,1.07384e+09,2.6665e+06,792.453,30,5.5166,3,0.0282073
458,2.68524e+08,1.08545e+06,797.372,28,5.52832,3,0.0297812
459,1.34291e+08,790994,807.113,27,5.77637,3,0.0290776
460,5.36952e+08,2.4077e+06,814.334,29,5.73926,3,0.0288851
461,2.68525e+08,753602,949.639,28,5.64258,3,0.0284971
462,5.36965e+08,1.47356e+06,1285.41,29,6.03613,4,0.0304061
463,2.68521e+08,1.8622e+06,947.923,28,5.96777,3,0.0294951
464,2.14759e+09,5.44343e+06,994.777,31,6.26855,3,0.0285047
465,1.07384e+09,3.03946e+06,1508.05,30,6.59082,4,0.0306689
466,5.36966e+08,2.29171e+06,1735.52,29,6.77539,4,0.0302919
467,4.29508e+09,7.74e+06,1433.09,32,6.64648,4,0.0320253
468,1.07384e+09,5.14224e+06,2540.31,30,7.69531,5,0.0330828
469,8.59005e+09,2.79195e+07,2356.82,33,7.82129,5,0.0337894
470,2.14759e+09,7.23904e+06,2345.52,31,7.50195,5,0.0331077
471,1.07385e+09,3.48208e+06,2334.17,30,7.50098,5,0.0325036
472,5.36963e+08,6.15541e+06,2423.49,29,7.57715,5,0.0335627
473,8.59006e+09,2.00461e+07,2175.93,33,7.64453,5,0.0338431
474,1.07384e+09,5.49077e+06,1757.8,30,7.27148,4,0.0325285
475,1.07385e+09,5.59057e+06,2529.99,30,7.41113,5,0.0327611
476,4.29508e+09,1.04133e+07,3261.81,32,8.01074,6,0.0349081
477,3.43599e+10,4.65443e+07,2787.22,35,8.13086,5,0.0346161
478,1.718e+10,3.79564e+07,2334.17,34,7.41211,5,0.0327654
479,4.29509e+09,1.66815e+07,2649.34,32,7.93457,5,0.0335035
480,2.14759e+09,1.0572e+07,2774.8,31,8.18945,5,0.034453
481,4.29508e+09,1.81317e+07,2691.43,32,7.96777,5,0.0339983
482,4.29509e+09,1.55386e+07,3043.95,32,8.21973,6,0.034839
483,1.37439e+11,1.50028e+08,2509.17,37,7.86621,5,0.0338988
484,1.718e+10,4.77409e+07,2620.44,34,8.37598,5,0.0351271
485,4.29508e+09,2.66134e+07,2736.29,32,8.47656,5,0.036034
486,8.59006e+09,3.36445e+07,2853.13,33,8.57812,5,0.0354743
487,6.87196e+10,1.4524e+08,3855.34,36,9.46289,6,0.037212
488,2.74878e+11,2.88443e+08,3409.04,38,8.74512,6,0.0360229
489,4.29509e+09,2.42706e+07,3651.5,32,9.00781,6,0.0358439
490,3.43599e+10,7.87034e+07,4215.78,35,9.32324,6,0.0372593
491,4.29508e+09,2.72498e+07,3558.11,32,9.09766,6,0.0364932
492,8.59006e+09,3.37651e+07,4057.57,33,9.46777,6,0.0378121
493,8.59006e+09,3.3179e+07,5222.21,33,9.6123,7,0.037633
494,1.718e+10,6.12545e+07,4002.21,34,8.96875,7,0.0363289
495,6.87196e+10,1.00629e+08,4972.57,36,9.375,7,0.0373278
496,8.59005e+09,3.81383e+07,4034.34,33,9.3125,7,0.0388955
497,2.74878e+11,3.0494e+08,4225.24,38,9.2793,6,0.0383189
498,1.718e+10,3.22625e+07,4510.98,34,9.42285,7,0.0379997
499,1.718e+10,6.11181e+07,5390.29,34,9.68555,7,0.0394788
500,3.43599e+10,6.30436e+07,3301.06,35,8.60742,6,0.0362562
501,3.43599e+10,7.36658e+07,3987.02,35,9.05469,6,0.0392847
502,3.43599e+10,7.20732e+07,3550.8,35,8.52734,6,0.0352188
503,1.718e+10,5.99274e+07,3893.96,34,8.55078,6,0.0366146
504,4.29508e+09,2.1751e+07,3277.55,32,8.29297,6,0.0341387
505,1.718e+10,3.94342e+07,3980.98,34,8.68652,6,0.0360744
506,1.718e+10,7.18288e+07,3332.2,34,8.85449,6,0.0349857
507,8.59004e+09,3.6861e+07,3060.42,33,8.35156,6,0.0343597
508,1.718e+10,1.13275e+08,3416.64,34,8.90918,6,0.0358087
509,3.43599e+10,8.51127e+07,4096.95,35,9.15527,6,0.0368179
510,6.87196e+10,1.43733e+08,4737.09,36,9.28516,7,0.038062
511,1.09951e+12,1.27216e+09,4113.41,40,9.68848,6,0.0384391
512,1.718e+10,9.87598e+07,4040.28,34,9.44531,6,0.0391263
513,1.718e+10,1.30748e+08,3117.65,34,9.03125,6,0.0384081
514,8.59006e+09,7.45988e+07,3416.64,33,8.77441,6,0.0380245
515,6.87196e+10,1.79241e+08,3117.65,36,8.9209,6,0.0374288
516,3.43599e+10,1.2073e+08,3324.44,35,9.00488,6,0.0376829
517,1.09951e+12,2.04424e+09,3815.97,40,9.66016,6,0.0413765
518,1.37439e+11,3.32291e+08,3158.13,37,8.77832,6,0.0364071
519,2.19902e+12,2.526e+09,3491.81,41,9.10254,6,0.0396334
520,1.37439e+11,3.09878e+08,3316.66,37,9.09375,6,0.0382944
521,1.09951e+12,1.26069e+09,3403.75,40,9.19043,7,0.0366992
522,4.39805e+12,4.99902e+09,3558.11,42,8.53906,6,0.0357984
523,2.74878e+11,8.49294e+08,3987.02,38,9.44531,6,0.0376712
524,2.74878e+11,1.14912e+09,4981.75,38,10.208,7,0.0393564
525,5.49756e+11,7.80926e+08,3644.42,39,9.37012,6,0.0367356
526,1.09951e+12,1.6228e+09,3101.36,40,9,6,0.0366979
527,5.49756e+11,1.12111e+09,2783.1,39,8.87598,5,0.0356452
528,2.74878e+11,5.13484e+08,2766.4,38,9.1582,5,0.0374039
529,5.49756e+11,1.12435e+09,3999.03,39,9.30273,6,0.0375064
530,6.87196e+10,2.98146e+08,3782.6,36,9.22852,6,0.036643
531,4.39805e+12,4.77272e+09,2787.22,42,8.72168,5,0.035836
532,2.19902e+12,4.531e+09,3735.08,41,9.77148,6,0.0396909
533,1.37439e+11,7.0695e+08,3514.05,37,9.42773,6,0.0386706
534,1.09951e+12,1.99362e+09,3579.91,40,9.53613,6,0.0370688
535,2.19902e+12,3.70729e+09,3491.81,41,9.54199,6,0.0377087
536,1.09951e+12,2.30097e+09,6148.31,40,10.5557,8,0.0391222
537,5.49756e+11,1.97279e+09,4010.94,39,10.0898,6,0.0396548
538,4.39805e+12,5.78403e+09,6617.1,42,10.8867,8,0.0411887
539,4.39805e+12,5.71338e+09,5438.88,42,10.3633,7,0.0415565
540,4.39805e+12,7.19949e+09,7073.47,42,11.126,8,0.0424068
541,1.09951e+12,3.39517e+09,5486.57,40,10.6514,7,0.0403181
542,1.09951e+12,2.33443e+09,5222.21,40,10.0645,7,0.0383669
543,2.19902e+12,3.0878e+09,7401.46,41,11.0156,8,0.040573
544,1.09951e+12,2.42191e+09,9136.19,40,11.4238,9,0.0418456
545,1.09951e+12,1.90487e+09,7236.2,40,10.79,8,0.0390983
546,4.39805e+12,5.36824e+09,7951.26,42,10.9346,9,0.0400888
547,1.09951e+12,2.25459e+09,8124.35,40,11.3418,9,0.0418492
548,2.74878e+11,8.27235e+08,7256.07,38,10.6562,8,0.0379688
549,5.49756e+11,8.90823e+08,7324.72,39,10.4766,8,0.0377904
550,5.49756e+11,1.32562e+09,6502.82,39,10.3018,8,0.0372702
551,2.19902e+12,4.55993e+09,5631.18,41,10.3252,7,0.0381806
552,1.09951e+12,1.8381e+09,3565.39,40,8.72754,6,0.0339783
553,1.09951e+12,1.79482e+09,5695.98,40,10.2148,7,0.0375197
554,1.09951e+12,1.79871e+09,3829.17,40,9.05957,6,0.0351594
555,1.75922e+13,1.99296e+10,4480.86,44,9.62402,7,0.036967
556,5.49756e+11,1.82221e+09,3999.03,39,9.21777,6,0.0349463
557,8.79609e+12,9.10734e+09,4176.45,43,9.62305,6,0.0367013
558,5.49756e+11,2.12241e+09,4785.07,39,9.40527,7,0.0355131
559,5.49756e+11,1.4843e+09,4010.94,39,9.1543,6,0.0354095
560,5.49756e+11,1.3666e+09,3829.17,39,8.99512,6,0.0362783
561,2.19902e+12,3.97989e+09,2660.49,41,8.11426,6,0.0341222
562,2.19902e+12,4.34451e+09,5758.13,41,10.0947,7,0.0384749
563,2.19902e+12,2.98206e+09,5579.09,41,9.7002,7,0.0372284
564,5.49756e+11,1.19621e+09,5784.84,39,10.2461,7,0.0379089
565,5.49756e+11,1.91651e+09,5187.53,39,9.9707,7,0.0378998
566,1.09951e+12,2.12055e+09,5222.21,40,9.82422,7,0.0386463
567,5.49756e+11,2.12177e+09,7000.23,39,10.7285,8,0.0397767
568,1.09951e+12,2.31699e+09,5586.62,40,10.124,7,0.0394895
569,5.49756e+11,2.03586e+09,7295.47,39,10.5723,8,0.0393413
570,5.49756e+11,1.39522e+09,5525.6,39,10.3535,7,0.0425526
571,2.81475e+14,2.7752e+11,5045.49,48,10.1289,7,0.0381701
572,2.19902e+12,4.87745e+09,4727.44,41,10.1016,7,0.0383951
573,5.49756e+11,1.59578e+09,6828.47,39,10.1377,8,0.0377909
574,2.74878e+11,1.01023e+09,4107.95,38,9.63672,6,0.0393975
575,1.75922e+13,3.74207e+10,4113.41,44,9.55371,6,0.037903
576,2.19902e+12,4.90018e+09,4688.68,41,9.90918,7,0.0397196
577,2.74878e+11,1.46472e+09,5478.69,38,9.92188,7,0.038498
578,5.49756e+11,2.01165e+09,5462.84,39,10.3633,7,0.0419789
579,5.49756e+11,1.52623e+09,5273.59,39,9.94336,7,0.0383673
580,5.49756e+11,1.08702e+09,4091.41,39,9.74512,6,0.0387104
581,4.39805e+12,6.62906e+09,3269.69,42,9.0498,6,0.037678
582,5.49756e+11,1.54152e+09,4369.23,39,9.46094,7,0.0379244
583,8.79609e+12,1.18025e+10,3158.13,43,9.125,6,0.0371541
584,2.19902e+12,3.62992e+09,2187.96,41,8.29688,5,0.0337789
585,4.39805e+12,1.11091e+10,1813.59,42,8.7041,4,0.0358695
586,1.09951e+12,3.06838e+09,1781.23,40,8.32422,4,0.0334377
587,4.39805e+12,7.54635e+09,2053.16,42,8.15137,5,0.0342123
588,1.75922e+13,3.55802e+10,3686.64,44,9.03809,6,0.0350276
589,8.79609e+12,1.24769e+10,2815.31,43,9.32715,5,0.034936
590,2.19902e+12,5.38023e+09,3630.2,41,9.41992,6,0.0365705
591,4.39805e+12,7.15621e+09,2791.31,42,8.67578,5,0.0309785
592,8.79609e+12,1.10972e+10,3925.55,43,9.69531,6,0.0358979
593,2.19902e+12,4.80397e+09,4068.96,41,9.65918,6,0.034142
594,1.75922e+13,2.79649e+10,4669.19,44,10.0059,7,0.0373389
595,2.19902e+12,4.4861e+09,3789.31,41,9.40918,6,0.0357161
596,4.39805e+12,6.23179e+09,2842.09,42,8.82617,5,0.0324588
597,2.19902e+12,3.43689e+09,3615.92,41,9.07324,6,0.0338896
598,2.74878e+11,1.02078e+09,2867.41,38,8.83203,5,0.0319918
599,2.19902e+12,4.78503e+09,2705.11,41,8.05371,5,0.0309402
600,1.75922e+13,2.43832e+10,4022.75,44,9.18262,6,0.0341435
601,2.74878e+11,1.29584e+09,2560.74,38,8.37109,5,0.0317294
602,2.19902e+12,3.37158e+09,2439.84,41,8.1748,5,0.0313369
603,8.79609e+12,1.20927e+10,3835.74,43,9.28809,6,0.035893
604,1.09951e+12,3.02391e+09,2151.74,40,8.1543,5,0.0307927
605,2.74878e+11,1.62358e+09,2644.57,38,8.77637,5,0.0329369
606,4.39805e+12,6.41561e+09,3962.71,42,9.43945,6,0.0331595
607,5.49756e+11,1.3922e+09,4118.83,39,9.39062,6,0.0344943
608,5.49756e+11,1.04191e+09,4028.62,39,9.20605,6,0.0324755
609,1.75922e+13,1.81444e+10,2819.22,44,8.52246,5,0.0341226
610,2.19902e+12,7.26687e+09,5703.02,41,9.94922,7,0.0360165
611,4.39805e+12,5.03095e+09,5256.55,42,10.1611,7,0.0373185
612,1.09951e+12,2.94123e+09,5478.69,40,9.69824,7,0.034994
613,1.09951e+12,3.36681e+09,5454.88,40,9.99219,7,0.0366393
614,1.09951e+12,5.06799e+09,5414.7,40,9.92383,7,0.0365214
615,3.51844e+13,5.03347e+10,5510.07,45,10.042,7,0.037673
616,2.19902e+12,5.49985e+09,5660.3,41,10.082,7,0.0364314
617,8.79609e+12,1.60985e+10,4096.95,43,9.96777,6,0.0367589
618,5.49756e+11,1.56127e+09,4717.77,39,9.88574,7,0.0389915
619,2.74878e+11,7.8861e+08,4046.07,38,9.01562,6,0.0356217
620,2.19902e+12,4.22764e+09,4580.71,41,9.69336,7,0.0365406
621,1.09951e+12,3.94842e+09,5438.88,40,9.75781,7,0.0364193
622,8.79609e+12,1.133e+10,5631.18,43,10.2119,7,0.0374339
623,1.75922e+13,2.30528e+10,7701.31,44,10.708,9,0.038149
624,4.39805e+12,9.69947e+09,5134.88,42,9.34473,7,0.0347505
625,1.37439e+11,9.81656e+08,6315.86,37,10.1318,8,0.0364003
626,2.19902e+12,3.0716e+09,5462.84,41,9.71289,7,0.0341112
627,2.19902e+12,3.92409e+09,7305.25,41,10.4941,8,0.0367382
628,4.39805e+12,8.13126e+09,7256.07,42,11.2031,8,0.0376395
629,2.19902e+12,6.18022e+09,6871.97,41,10.5156,8,0.037687
630,4.39805e+12,7.78696e+09,7557.96,42,11.126,8,0.0381002
631,1.09951e+12,3.25291e+09,7353.72,40,10.498,8,0.0366529
632,1.09951e+12,3.42654e+09,6583.03,40,10.6631,8,0.0381791
633,1.75922e+13,1.93359e+10,5340.83,44,9.95996,7,0.0352763
634,8.79609e+12,2.67163e+10,7236.2,43,10.584,8,0.0378182
635,3.51844e+13,5.47584e+10,7485.47,45,11.1162,8,0.0370469
636,2.19902e+12,5.65269e+09,6979.09,41,10.915,8,0.0404856
637,2.74878e+11,1.67952e+09,5710.03,38,10.4971,7,0.0392622
638,1.09951e+12,5.55182e+09,5638.51,40,10.6182,7,0.03756
639,1.09951e+12,3.39322e+09,5324.16,40,10.0898,7,0.0371053
640,2.19902e+12,3.83542e+09,6684.68,41,10.6465,8,0.0376702
641,4.39805e+12,1.73451e+10,6363.06,42,11.0029,8,0.0388997
642,5.49756e+11,2.07024e+09,5645.8,39,10.5811,7,0.0380514
643,8.79609e+12,1.21208e+10,5382.11,43,10.1455,7,0.0376405
644,8.79609e+12,1.73535e+10,5681.8,43,10.9062,7,0.0401006
645,8.79609e+12,2.32921e+10,6583.03,43,11.2686,8,0.0411018
646,4.39805e+12,7.55741e+09,6989.67,42,11.1504,8,0.0428205
647,3.51844e+13,3.77713e+10,4134.93,45,10.0918,6,0.039572
648,1.75922e+13,1.83945e+10,4870.34,44,9.87891,7,0.0361432
649,8.79609e+12,1.05385e+10,5494.43,43,10.4316,7,0.039447
650,3.51844e+13,6.04837e+10,7094.17,45,11.0225,8,0.0430373
651,8.79609e+12,1.32195e+10,7216.23,43,11.166,8,0.0421519
652,1.75922e+13,2.34222e+10,5414.7,44,10.6201,7,0.0410138
653,2.19902e+12,6.84244e+09,7135.27,41,11.3408,8,0.0444376
654,1.40737e+14,1.53736e+11,5382.11,47,10.835,7,0.045484
655,2.19902e+12,5.0456e+09,7000.23,41,10.8008,8,0.0407806
656,1.09951e+12,7.87709e+09,6795.62,40,10.6426,8,0.0407374
657,4.39805e+12,1.08819e+10,7305.25,42,11.0566,8,0.0403948
658,1.09951e+12,3.89665e+09,6148.31,40,10.8125,8,0.0400655
659,1.80144e+16,1.87832e+13,6904.35,54,10.833,8,0.039117
660,7.03687e+13,7.27379e+10,8557.94,46,11.752,9,0.0430744
661,2.74878e+11,1.64552e+09,9976.93,38,12.0508,10,0.0439705
662,8.79609e+12,1.69798e+10,8612.39,43,11.918,9,0.0423707
663,1.75922e+13,3.73327e+10,11513.2,44,12.3008,10,0.0450325
664,1.75922e+13,3.27967e+10,7344.08,44,11.0605,8,0.0405249
665,7.03687e+13,7.52835e+10,7165.83,46,10.9375,8,0.0395188
666,2.19902e+12,9.39535e+09,7994.8,41,11.2207,9,0.0411605
667,4.39805e+12,8.34532e+09,6560.21,42,10.3936,8,0.038063
668,8.79609e+12,2.68119e+10,8905.29,43,11.3896,9,0.0417672
669,2.19902e+12,4.43991e+09,7186.07,41,10.8926,8,0.0405582
670,1.09951e+12,5.67463e+09,7155.67,40,11.4814,8,0.0423699
671,7.03687e+13,8.7969e+10,7104.48,46,11.1475,8,0.0420608
672,8.79609e+12,1.59834e+10,9850.21,43,12.1748,9,0.0450729
673,1.40737e+14,1.53349e+11,7626.77,47,11.5801,9,0.0420851
674,1.09951e+12,3.20592e+09,8475.61,40,11.3535,9,0.0430123
675,3.51844e+13,4.23885e+10,7401.46,45,10.9873,8,0.0395405
676,2.81475e+14,2.85868e+11,6947.2,48,11.3701,8,0.0422641
677,1.40737e+14,1.62301e+11,11235.1,47,12.585,10,0.0450824
678,2.19902e+12,7.64323e+09,11589,41,12.7051,10,0.0440967
679,4.39805e+12,7.35777e+09,11140.6,42,12.2852,10,0.0419996
680,3.51844e+13,4.99509e+10,10303.2,45,12.2031,10,0.0456068
681,1.75922e+13,3.33629e+10,11664.1,44,12.7305,10,0.0428322
682,4.39805e+12,9.35708e+09,8879.13,42,11.7861,9,0.0427384
683,8.79609e+12,1.86907e+10,7031.77,43,10.6924,8,0.0396228
684,5.49756e+11,5.24704e+09,7662.54,39,11.2744,8,0.0388005
685,8.79609e+12,1.5518e+10,7512.9,43,11.3105,8,0.040355
686,1.09951e+12,3.08056e+09,5927.75,40,10.5537,8,0.0385614
687,1.09951e+12,7.07328e+09,6662.24,40,10.667,8,0.0380804
688,2.19902e+12,4.64107e+09,5817.37,41,10.1191,7,0.0379671
689,2.19902e+12,7.04835e+09,7226.23,41,11.0732,8,0.0395888
690,4.39805e+12,7.72586e+09,6936.52,42,10.9336,8,0.0386839
691,3.51844e+13,4.14304e+10,7175.96,45,11.1885,8,0.0394091
692,5.49756e+11,1.55519e+09,5563.94,39,10.3311,7,0.0362516
693,2.74878e+11,1.81169e+09,6304.01,38,10.1768,8,0.0348715
694,2.74878e+11,1.48325e+09,4610.35,38,9.63672,7,0.0339305
695,1.75922e+13,1.83901e+10,6363.06,44,10.543,8,0.0363895
696,1.75922e+13,2.07596e+10,9322.12,44,11.4619,9,0.0397406
697,5.49756e+11,1.90461e+09,8530.59,39,11.3701,9,0.0373313
698,5.49756e+11,1.90954e+09,11664.1,39,11.4297,10,0.0388988
699,3.51844e+13,3.81827e+10,9976.93,45,11.4883,10,0.0389655
700,1.75922e+13,1.87498e+10,8931.34,44,11.0986,9,0.0394382
701,5.49756e+11,1.44912e+09,7401.46,39,10.582,8,0.0378242
702,1.09951e+12,2.32386e+09,7031.77,40,10.4629,8,0.0372398
703,4.39805e+12,5.37132e+09,8280.5,42,10.751,9,0.038932
704,8.79609e+12,1.606e+10,7679.45,43,11.2588,8,0.038073
705,8.79609e+12,1.65272e+10,8957.3,43,10.8574,9,0.0370565
706,1.75922e+13,1.94515e+10,9571.62,44,11.6836,9,0.040854
707,3.51844e+13,3.98512e+10,9525.12,45,11.0234,9,0.0369834
708,1.09951e+12,2.61981e+09,8866.02,40,11.4141,9,0.0396899
709,4.39805e+12,7.90429e+09,8983.16,42,11.1621,9,0.0384389
710,2.19902e+12,7.53137e+09,10704.6,41,12.2002,10,0.0431399
711,3.51844e+13,4.42372e+10,9752.4,45,11.9141,9,0.0417098
712,1.09951e+12,4.59612e+09,10105.3,40,12.2832,9,0.0423774
713,4.39805e+12,1.32096e+10,11573.9,42,12.7676,10,0.0449495
714,4.39805e+12,7.12602e+09,10421.6,42,12.1777,10,0.0445034
715,5.49756e+11,2.44166e+09,11045.2,39,12.1064,10,0.0423874
716,5.49756e+11,2.87159e+09,7295.47,39,11.0947,8,0.0395439
717,8.79609e+12,2.90166e+10,9173.87,43,11.6621,9,0.043057
718,4.39805e+12,6.1532e+09,13257.5,42,12.3154,11,0.0435617
719,1.09951e+12,4.81241e+09,11885.1,40,12.3242,10,0.044405
720,8.79609e+12,1.42871e+10,9965.62,43,11.8408,9,0.0430324
721,5.49756e+11,2.73543e+09,10555.5,39,12.2471,10,0.0450457
722,2.19902e+12,7.28733e+09,9663.07,41,11.9844,9,0.0436448
723,1.40737e+14,1.4378e+11,12252.2,47,12.167,10,0.0433208
724,2.19902e+12,5.41677e+09,14449.5,41,12.5176,11,0.0445901
725,1.09951e+12,2.73504e+09,9913.74,40,11.9072,9,0.0418648
726,4.39805e+12,1.25484e+10,11266.4,42,11.9062,10,0.0431608
727,7.03687e+13,7.31518e+10,11856,46,12.4014,10,0.0442966
728,4.39805e+12,1.46652e+10,10166.7,42,12.2158,10,0.0461338
729,1.09951e+12,5.76331e+09,9661.17,40,12.3682,10,0.0463885
730,8.79609e+12,1.68428e+10,7448.45,43,11.3027,8,0.0427309
731,1.09951e+12,6.06339e+09,8905.29,40,11.3867,9,0.0442025
732,4.39805e+12,1.70356e+10,9651.76,42,12.1562,9,0.0543394
733,8.79609e+12,1.90067e+10,9696.83,43,12.0752,9,0.0498524
734,8.79609e+12,1.52102e+10,11219.4,43,12.6289,10,0.0469557
735,2.19902e+12,4.52039e+09,9406.74,41,12.4209,9,0.0469195
736,4.39805e+12,8.56998e+09,9606.16,42,12.6211,9,0.048255
737,8.79609e+12,2.97999e+10,14557.8,43,13.2803,11,0.0477828
738,2.19902e+12,4.97546e+09,9525.12,41,12.1006,9,0.0453117
739,1.09951e+12,4.43416e+09,9924.2,40,12.2441,9,0.0447008
740,1.75922e+13,2.94394e+10,9186.37,44,11.6963,9,0.0436897
741,8.79609e+12,2.33441e+10,11664.1,43,12.1221,10,0.0434514
742,3.51844e+13,4.0595e+10,11498,45,12.5264,10,0.0430188
743,2.19902e+12,5.2304e+09,11649.1,41,12.6758,10,0.0455449
744,4.39805e+12,1.71531e+10,11513.2,42,12.2119,10,0.0447965
745,5.49756e+11,2.69248e+09,11957.3,39,12.4912,10,0.0460841
746,2.19902e+12,4.13483e+09,9260.83,41,11.7451,9,0.0457835
747,2.19902e+12,6.35727e+09,9418.71,41,12.2246,9,0.0452688
748,2.19902e+12,4.21827e+09,7729.25,41,11.4727,8,0.0451021
749,4.39805e+12,9.46053e+09,9536.79,42,12.0596,9,0.046422
750,2.19902e+12,5.30928e+09,6989.67,41,10.9902,8,0.041073
751,2.19902e+12,3.67578e+09,9148.78,41,11.1807,9,0.0420941
752,8.79609e+12,1.01827e+10,9548.43,43,12.1367,9,0.0453167
753,8.79609e+12,1.06064e+10,9406.74,43,12.1885,9,0.0453614
754,1.44115e+17,1.40763e+14,12474.5,57,13.3848,11,0.0479137
755,1.40737e+14,2.38402e+11,11406.1,47,12.9434,10,0.0471098
756,1.40737e+14,1.43031e+11,12265.9,47,13.1367,10,0.0486128
757,1.40737e+14,1.43268e+11,8983.16,47,12.0195,9,0.0442794
758,5.49756e+11,2.1231e+09,7232,39,11.1465,9,0.0437177
759,8.79609e+12,1.87653e+10,8322.66,43,11.4521,9,0.0423678
760,7.03687e+13,8.55716e+10,10218.1,46,12.8115,10,0.0479848
761,2.81475e+14,2.87447e+11,9560.04,48,12.4443,9,0.0465581
762,1.09951e+12,8.74879e+09,12071.3,40,13.0898,10,0.0461559
763,5.6295e+14,5.72158e+11,12141.5,49,13.0518,10,0.0467407
764,7.03687e+13,1.19607e+11,11528.4,46,12.46,10,0.0432558
765,3.51844e+13,3.8267e+10,8786.83,45,11.4238,9,0.0407274
766,3.51844e+13,5.32149e+10,9976.93,45,12.0615,10,0.0434942
767,1.75922e+13,2.38674e+10,12571.1,44,13.042,10,0.0456073
768,3.51844e+13,4.13851e+10,12440.7,45,12.792,10,0.0451444
769,1.09951e+12,3.20454e+09,12014.6,40,12.5244,10,0.0453598
770,1.40737e+14,1.54771e+11,9394.74,47,12.0713,9,0.0446681
771,1.09951e+12,4.69412e+09,18693.1,40,14.0303,12,0.0489598
772,1.75922e+13,3.36667e+10,14539.8,44,12.8896,11,0.046122
773,1.75922e+13,3.16698e+10,12014.6,44,12.7871,10,0.0469338
774,4.39805e+12,6.59578e+09,9211.3,42,11.7441,9,0.0425423
775,8.79609e+12,1.43431e+10,12099.5,43,12.7988,10,0.0452911
776,1.40737e+14,1.46131e+11,18735,47,13.6162,12,0.0469813
777,4.39805e+12,1.55987e+10,17025.6,42,13.7705,12,0.0484502
778,8.79609e+12,3.14584e+10,14911.8,43,13.7744,11,0.0503238
779,1.09951e+12,5.60824e+09,15884.9,40,13.582,11,0.0486344
780,8.79609e+12,1.61129e+10,12085.4,43,12.8164,10,0.0462507
781,2.19902e+12,1.62705e+10,11344.3,41,13.127,10,0.0466591
782,8.79609e+12,2.28565e+10,9223.72,43,12.6025,9,0.0458408
783,4.39805e+12,1.54546e+10,15050.2,42,13.4531,11,0.0492987
784,1.75922e+13,4.10861e+10,11942.9,44,13.0938,10,0.0474726
785,3.51844e+13,6.18137e+10,8866.02,45,12.1318,9,0.0463457
786,3.51844e+13,4.88733e+10,9334.3,45,12.5781,9,0.0478151
787,7.03687e+13,1.34103e+11,14081.5,46,13.7041,11,0.0516861
788,8.79609e+12,2.62085e+10,26053.3,43,14.9619,13,0.056052
789,4.5036e+15,6.63855e+12,15519.2,52,14.3154,11,0.0535503
790,3.51844e+13,1.35918e+11,26744.5,45,14.8545,13,0.0535944
791,1.75922e+13,4.09088e+10,18332.6,44,14.5205,12,0.0550304
792,7.03687e+13,9.21779e+10,13139.2,46,13.7393,11,0.0510059
793,2.19902e+12,8.69473e+09,8598.81,41,11.9551,9,0.0494353
794,3.51844e+13,6.25604e+10,14413.1,45,13.6855,11,0.0525979
795,1.75922e+13,4.16741e+10,14789.2,44,13.6221,11,0.052264
796,1.40737e+14,1.55536e+11,11693.9,47,12.9375,10,0.0500368
797,4.39805e+12,1.08962e+10,6001.9,42,10.9902,8,0.0459301
798,1.40737e+14,2.37242e+11,8336.67,47,12.3945,9,0.0483389
799,1.40737e+14,2.44557e+11,8364.63,47,12.6865,9,0.0511337
800,1.40737e+14,1.49078e+11,9029.76,47,12.2852,10,0.0456061
801,8.79609e+12,5.66585e+10,13761,43,13.7793,11,0.0502818
802,3.51844e+13,7.28333e+10,14229.9,45,13.6025,11,0.0489726
803,4.39805e+12,1.40094e+10,14824.4,42,13.1475,11,0.0476941
804,3.51844e+13,5.23513e+10,18630.1,45,13.8252,12,0.0501871
805,3.51844e+13,5.42614e+10,18503.2,45,14.1562,12,0.0518882
806,4.39805e+12,1.76666e+10,23323.8,42,14.3916,13,0.0504929
807,1.40737e+14,1.47807e+11,19309.8,47,13.9424,12,0.0519211
808,1.75922e+13,3.50255e+10,37681,44,15.6025,14,0.0550909
809,1.40737e+14,2.69857e+11,37951.7,47,16.0146,14,0.0554089
810,1.40737e+14,2.27731e+11,35098.6,47,15.4678,14,0.0536685
811,1.75922e+13,3.50185e+10,26347,44,14.5771,13,0.0519233
812,2.19902e+12,1.00138e+10,24876.4,41,14.373,13,0.049853
813,3.51844e+13,4.4593e+10,12279.6,45,12.7441,10,0.046039
814,1.1259e+15,1.12702e+12,26809.7,50,14.7793,13,0.0540412
815,3.51844e+13,1.0098e+11,26414,45,15.2705,13,0.0532312
816,1.75922e+13,3.75669e+10,15354.6,44,13.6064,11,0.0498784
817,1.40737e+14,1.72333e+11,25520.9,47,15.2969,13,0.0542795
818,3.51844e+13,7.69317e+10,18735,45,14.3643,12,0.053241
819,7.03687e+13,8.87252e+10,37902.8,46,15.3574,14,0.054542
820,4.39805e+12,1.9731e+10,36080.6,42,14.6953,14,0.0528061
821,7.03687e+13,8.00338e+10,37305.1,46,15.0371,14,0.0542252
822,4.39805e+12,1.71494e+10,14431.3,42,13.7705,11,0.0510545
823,1.40737e+14,1.95476e+11,19725.7,47,14.2217,12,0.0499743
824,1.75922e+13,2.66493e+10,26874.6,44,15.167,13,0.0531337
825,3.51844e+13,9.51761e+10,38194.1,45,15.1475,14,0.0556101
826,8.79609e+12,2.17808e+10,27215.3,43,14.6455,13,0.0531737
827,8.79609e+12,2.28542e+10,38527.2,43,15.3828,14,0.0564355
828,8.79609e+12,2.92488e+10,55326.4,43,15.5703,15,0.0544851
829,2.19902e+12,1.05664e+10,24087.1,41,14.5215,13,0.0500511
830,4.39805e+12,1.75825e+10,15931.2,42,13.6748,11,0.049046
831,1.75922e+13,2.64701e+10,26076,44,14.8701,13,0.0522268
832,8.79609e+12,2.21407e+10,17589.6,43,14.0898,12,0.0517833
833,1.75922e+13,3.19795e+10,17071.2,44,13.9482,12,0.0497623
834,8.79609e+12,1.7146e+10,20033.2,43,14.4072,12,0.0498295
835,8.79609e+12,2.19952e+10,18714.1,43,13.5781,12,0.0478254
836,1.75922e+13,3.83737e+10,19588.6,44,14.168,12,0.0506018
837,8.79609e+12,2.01343e+10,19229.1,43,13.6924,12,0.0491529
838,1.09951e+12,4.88716e+09,25045.5,40,14.0439,13,0.0519652
839,3.51844e+13,5.02061e+10,25379.5,45,14.3857,13,0.0517561
840,7.03687e+13,1.02708e+11,36921.8,46,15.4775,14,0.0553554
841,8.79609e+12,1.98032e+10,36531.3,43,15.6357,14,0.0544054
842,2.19902e+12,9.30181e+09,19549.2,41,14.2549,12,0.0502736
843,7.03687e+13,1.07066e+11,36346.8,46,15.4971,14,0.0532985
844,8.79609e+12,3.04605e+10,56090.3,43,15.8906,15,0.0554029
845,1.75922e+13,3.85087e+10,37380.9,44,15.5137,14,0.0536488
846,1.75922e+13,3.90792e+10,26212.1,44,14.7773,13,0.0532134
847,1.75922e+13,3.39749e+10,26257.2,44,15.0918,13,0.0532832
848,1.75922e+13,5.25704e+10,36662.3,44,15.5117,14,0.0540548
849,1.75922e+13,3.07044e+10,37976.1,44,15.6475,14,0.0562883
850,2.81475e+14,3.36493e+11,55296.6,48,16.1211,15,0.0571898
851,1.75922e+13,4.08826e+10,92177.2,44,16.6982,16,0.0602606
852,2.81475e+14,3.73703e+11,57167.3,48,16.6152,15,0.0582054
853,2.2518e+15,2.31257e+12,93726.7,51,17.2266,16,0.064174
854,8.79609e+12,3.30957e+10,27587.1,43,15.7314,13,0.0564818
855,1.40737e+14,2.62996e+11,37024.7,47,15.876,14,0.0568289
856,3.51844e+13,6.68151e+10,17942.8,45,14.1719,12,0.0547605
857,1.40737e+14,1.80562e+11,56578.2,47,16.3037,15,0.0591549
858,2.81475e+14,3.98419e+11,15822.7,48,14.4863,11,0.053811
859,3.51844e+13,6.39812e+10,16345.9,45,14.084,11,0.0514069
860,1.75922e+13,4.51524e+10,38527.2,44,15.8594,14,0.056636
861,1.75922e+13,2.88358e+10,37780,44,15.708,14,0.0568565
862,4.39805e+12,1.6733e+10,20014.2,42,14.3896,12,0.0519618
863,1.75922e+13,4.90882e+10,23682.8,44,14.5547,13,0.0538142
864,2.19902e+12,1.20553e+10,25684.6,41,14.6602,13,0.0561106
865,3.51844e+13,5.10901e+10,37101.6,45,15.4365,14,0.0556037
866,7.03687e+13,1.12909e+11,23116.6,46,14.6367,13,0.0541753
867,1.09951e+12,5.83462e+09,54572.6,40,15.4268,15,0.055102
868,1.75922e+13,6.49776e+10,37355.7,44,15.8125,14,0.0599993
869,7.03687e+13,1.09809e+11,26347,46,15.0918,13,0.0551739
870,8.79609e+12,2.99303e+10,35347.5,43,15.1074,14,0.0576997
871,1.75922e+13,4.84177e+10,35375,44,15.374,14,0.0564895
872,3.51844e+13,6.47808e+10,25189.3,45,14.5205,13,0.0542669
873,8.79609e+12,3.10258e+10,53234.8,43,15.5049,15,0.0559081
874,7.03687e+13,7.92976e+10,35675.8,46,15.0244,14,0.0565054
875,8.79609e+12,2.83513e+10,38024.8,43,15.5479,14,0.0557428
876,1.75922e+13,4.18385e+10,26458.5,44,15.2012,13,0.0554421
877,7.03687e+13,1.20366e+11,35973.3,46,15.5039,14,0.0561311
878,9.0072e+15,8.95731e+12,24386.2,53,14.8174,13,0.0550755
879,2.19902e+12,1.22355e+10,25237,41,14.6807,13,0.053936
880,4.39805e+12,1.62639e+10,34167.9,42,14.8418,14,0.055633
881,4.39805e+12,1.85324e+10,27768.1,42,14.7686,13,0.0534712
882,1.40737e+14,1.83357e+11,19208.8,47,14.127,12,0.0527794
883,4.5036e+15,4.41073e+12,25284.6,52,14.6455,13,0.0547931
884,4.5036e+15,4.41853e+12,26788,52,14.9658,13,0.0551108
885,8.79609e+12,2.79487e+10,18524.4,43,13.6055,12,0.0514941
886,8.79609e+12,2.43089e+10,12678.3,43,13.123,11,0.0494863
887,4.39805e+12,1.19691e+10,12374.2,42,12.9365,10,0.0502216
888,5.6295e+14,5.65141e+11,12474.5,49,13.0254,11,0.04928
889,1.75922e+13,3.93743e+10,12374.2,44,13.6562,10,0.0524994
890,8.79609e+12,1.98036e+10,19764.6,43,14.4131,12,0.0536361
891,7.03687e+13,1.72949e+11,14700.8,46,13.6094,11,0.0505662
892,3.51844e+13,5.34531e+10,26874.6,45,14.958,13,0.0568395
893,8.79609e+12,2.15286e+10,35865.5,43,14.5635,14,0.0544094
894,2.19902e+12,1.2256e+10,19784,41,13.8486,12,0.0525044
895,8.79609e+12,2.4423e+10,20033.2,43,14.4961,12,0.0533912
896,8.79609e+12,3.17952e+10,18860,43,14.0166,12,0.0559371
897,3.51844e+13,1.2291e+11,55266.8,45,15.4502,15,0.0582686
898,1.09951e+12,7.6231e+09,16317.4,40,13.6338,11,0.055153
899,4.39805e+12,1.63432e+10,12347.3,42,13.2344,10,0.0521161
900,8.79609e+12,1.7721e+10,20033.2,43,13.875,12,0.0513095
901,1.75922e+13,2.05687e+10,14647.4,44,13.0303,11,0.050384
902,8.79609e+12,3.23443e+10,38073.4,43,15.3193,14,0.0595423
903,4.39805e+12,3.13669e+10,93424,42,16.2256,16,0.0579013
904,2.19902e+12,1.87036e+10,90342.4,41,16.0156,16,0.0582247
905,8.79609e+12,4.75775e+10,92869.9,43,16.332,16,0.0589338
906,1.40737e+14,3.28019e+11,53424.5,47,15.4336,15,0.056239
907,3.51844e+13,1.25393e+11,38620.9,45,15.1855,14,0.0570401
908,8.79609e+12,4.19661e+10,36557.6,43,14.9062,14,0.0546278
909,3.51844e+13,8.13551e+10,37531.6,45,15.2002,14,0.0555804
910,1.40737e+14,1.97429e+11,94812.3,47,16.2939,16,0.058193
911,1.75922e+13,5.04752e+10,58505,44,15.8164,15,0.0573773
912,3.51844e+13,9.51353e+10,56349.8,45,15.5684,15,0.0567914
913,1.75922e+13,3.22138e+10,58530.7,44,15.709,15,0.0558821
914,3.51844e+13,6.33721e+10,91856.9,45,16.4717,16,0.0608078
915,1.75922e+13,4.20139e+10,36240.6,44,14.8447,14,0.0535501
916,8.79609e+12,3.26886e+10,93086.8,43,16.71,16,0.0616624
917,8.79609e+12,5.83661e+10,163409,43,17.04,17,0.0599796
918,1.75922e+13,4.2536e+10,90710.5,44,16.0781,16,0.0584847
919,1.75922e+13,5.07611e+10,92240.9,44,16.127,16,0.0570608
920,8.79609e+12,2.66872e+10,161841,43,16.4414,17,0.0587071
921,1.1259e+15,1.16406e+12,93846.7,50,16.4092,16,0.0580496
922,1.75922e+13,5.13766e+10,296951,44,17.6465,18,0.0611783
923,1.40737e+14,1.65547e+11,163859,47,17.167,17,0.0640408
924,4.39805e+12,2.7826e+10,164794,42,17.3965,17,0.0597584
925,3.51844e+13,8.89764e+10,92714,45,16.7539,16,0.0588347
926,7.03687e+13,1.56482e+11,95011.3,46,16.7812,16,0.0600428
927,1.1259e+15,1.1902e+12,94755.1,50,16.6768,16,0.0581467
928,2.81475e+14,4.84554e+11,36240.6,48,15.834,14,0.0568021
929,1.1259e+15,1.15238e+12,38073.4,50,16.166,14,0.0584989
930,3.51844e+13,9.60184e+10,163570,45,17.5928,17,0.0624198
931,7.03687e+13,1.13832e+11,92745.2,46,16.6436,16,0.058687
932,3.51844e+13,8.56371e+10,57848.2,45,16.1621,15,0.0576621
933,7.03687e+13,1.07965e+11,56407.1,46,16.085,15,0.0563313
934,1.40737e+14,1.70514e+11,94173.4,47,16.5186,16,0.057633
935,7.03687e+13,1.01806e+11,91239.4,46,16.1367,16,0.0597662
936,7.03687e+13,9.6964e+10,92963.1,46,16.2109,16,0.0571894
937,2.2518e+15,2.47972e+12,293912,51,17.3584,18,0.06108
938,3.51844e+13,1.35224e+11,298117,45,18.2734,18,0.0680618
939,3.51844e+13,1.32571e+11,296728,45,17.959,18,0.066563
940,7.03687e+13,1.90234e+11,558996,46,17.9072,19,0.0657659
941,3.51844e+13,9.89067e+10,163311,45,17.6504,17,0.0653102
942,8.79609e+12,4.39933e+10,159797,43,17.1846,17,0.064416
943,7.03687e+13,1.54401e+11,160086,46,16.6855,17,0.0615496
944,2.81475e+14,3.16502e+11,160014,48,16.9775,17,0.0679047
945,3.51844e+13,7.6918e+10,91727.9,45,15.8379,16,0.0594658
946,5.6295e+14,9.15353e+11,157986,49,16.749,17,0.0637413
947,1.75922e+13,6.04444e+10,91663.1,44,16.4102,16,0.0614933
948,1.40737e+14,2.5057e+11,37556.6,47,15.6914,14,0.0609688
949,4.39805e+12,2.49327e+10,92272.6,42,16.4971,16,0.0622758
950,2.81475e+14,4.64436e+11,159978,48,16.6084,17,0.0633849
951,2.2518e+15,2.33037e+12,54724.8,51,15.5742,15,0.0603414
952,8.79609e+12,4.37699e+10,59258.4,43,15.7959,15,0.0633121
953,5.6295e+14,1.1137e+12,36080.6,49,15,14,0.0607624
954,1.40737e+14,3.46743e+11,88974.2,47,16.5195,16,0.0627306
955,1.40737e+14,2.34e+11,92745.2,47,16.8916,16,0.0631999
956,3.51844e+13,1.58678e+11,91824.7,45,16.8662,16,0.0644488
957,3.51844e+13,8.91594e+10,91889.1,45,16.6963,16,0.0639682
958,4.5036e+15,5.37432e+12,58061,52,15.9434,15,0.0617255
959,1.40737e+14,2.2173e+11,86621.6,47,16.8232,16,0.0667093
960,7.03687e+13,1.00999e+11,57442.4,46,16.3906,15,0.0637062
961,1.75922e+13,7.51684e+10,56634.9,44,15.9658,15,0.0619065
962,1.75922e+13,5.57566e+10,55177.1,44,16.2051,15,0.0645692
963,1.75922e+13,8.63104e+10,92240.9,44,16.3779,16,0.0647989
964,2.81475e+14,3.27576e+11,56634.9,48,16.1113,15,0.0649461
965,5.6295e+14,6.56649e+11,90810.3,49,16.9326,16,0.0654287
966,1.40737e+14,3.48167e+11,92651.3,47,17.1367,16,0.0662749
967,5.6295e+14,7.16717e+11,93846.7,49,17.0322,16,0.0649791
968,1.40737e+14,5.66062e+11,56832.5,47,16.6289,15,0.0646507
969,5.6295e+14,9.96268e+11,56061.3,49,16.6309,15,0.0628763
970,2.81475e+14,8.48292e+11,91009,48,17.3223,16,0.0679569
971,7.03687e+13,4.00117e+11,56177.1,46,16.5654,15,0.0642359
972,1.1259e+15,2.47376e+12,34735.3,50,15.6484,14,0.0603469
973,1.40737e+14,5.26425e+11,37829.2,47,16.2646,14,0.0625315
974,2.81475e+14,5.72671e+11,54327.6,48,16.2334,15,0.0607773
975,1.40737e+14,2.03862e+11,52628,47,15.5322,15,0.0596946
976,2.81475e+14,4.57022e+11,38620.9,48,16.3398,14,0.0599748
977,7.03687e+13,3.04828e+11,38667.6,46,15.8613,14,0.0581047
978,2.81475e+14,4.18791e+11,56916.7,48,16.5674,15,0.0638589
979,3.51844e+13,1.32624e+11,33356.7,45,15.5615,14,0.0625839
980,1.40737e+14,3.05794e+11,36426.1,47,15.748,14,0.0599881
981,3.51844e+13,1.25047e+11,57497,45,16.3086,15,0.0636231
982,7.03687e+13,2.36295e+11,37853.8,46,15.9814,14,0.0606971
983,2.81475e+14,6.86347e+11,92209,48,17.0625,16,0.0631082
984,7.03687e+13,1.9949e+11,93055.9,46,16.957,16,0.0640074
985,7.03687e+13,2.89225e+11,53738.5,46,16.1787,15,0.0612338
986,1.1259e+15,1.38042e+12,89182.3,50,16.8818,16,0.0638015
987,3.51844e+13,2.59314e+11,164017,45,17.8887,17,0.0662532
988,2.81475e+14,7.70836e+11,159761,48,17.5469,17,0.0648594
989,3.51844e+13,1.67186e+11,161841,45,17.5977,17,0.0678708
990,2.2518e+15,2.37169e+12,93995.8,51,17.5098,16,0.0670974
991,3.51844e+13,1.64733e+11,294975,45,18.0107,18,0.0670765
992,1.1259e+15,1.35323e+12,164017,50,18.1348,17,0.0660409
993,5.6295e+14,9.03111e+11,1.09279e+06,49,20.3906,20,0.076405
994,2.81475e+14,6.8443e+11,1.09304e+06,48,20.1299,20,0.0727374
995,1.1259e+15,1.52984e+12,2.14409e+06,50,20.3643,21,0.0761175
996,1.40737e+14,6.17093e+11,1.08333e+06,47,20.3643,20,0.074832
997,5.6295e+14,9.43274e+11,4.23918e+06,49,21.1914,22,0.0764459
998,3.60288e+16,4.35359e+13,4.24164e+06,55,21.3838,22,0.0789001
999,5.6295e+14,1.74112e+12,1.68335e+07,49,22.166,24,0.0809686
1000,5.6295e+14,1.64947e+12,4.2412e+06,49,21.4561,22,0.0796624
1001,4.5036e+15,7.84528e+12,8.44582e+06,52,22.1133,23,0.0808585
1002,4.5036e+15,6.51399e+12,4.24217e+06,52,21.2393,22,0.0774767
1003,9.0072e+15,1.42966e+13,4.24329e+06,53,21.6045,22,0.0805094
1004,5.6295e+14,1.644e+12,4.25034e+06,49,21.4561,22,0.0777177
1005,5.6295e+14,1.11522e+12,2.14251e+06,49,20.793,21,0.0749047
1006,3.60288e+16,3.73945e+13,4.24727e+06,55,21.4844,22,0.0773583
1007,5.6295e+14,8.7407e+11,1.09262e+06,49,20.5996,20,0.0751514
1008,1.40737e+14,5.67597e+11,4.24632e+06,47,21.1787,22,0.0775063
1009,5.6295e+14,1.86107e+12,8.43752e+06,49,21.6855,23,0.0789013
1010,2.2518e+15,5.62502e+12,4.24722e+06,51,21.5244,22,0.0778984
1011,5.6295e+14,2.35612e+12,8.43728e+06,49,21.3242,23,0.0767622
1012,9.0072e+15,1.07919e+13,8.43348e+06,53,21.499,23,0.0764968
1013,1.80144e+16,1.8402e+13,2.13984e+06,54,20.1592,21,0.0749836
1014,9.0072e+15,1.29136e+13,6.71803e+07,53,23.959,26,0.0889639
1015,4.5036e+15,5.55305e+12,8.44766e+06,52,21.5518,23,0.0759881
1016,1.80144e+16,1.89654e+13,8.4398e+06,54,21.1826,23,0.0760618
1017,4.5036e+15,6.51118e+12,1.08672e+06,52,19.7207,20,0.0724886
1018,1.1259e+15,2.59702e+12,2.14447e+06,50,20.4434,21,0.075441
1019,5.6295e+14,2.25644e+12,4.24796e+06,49,21.1348,22,0.0765439
1020,2.2518e+15,3.70598e+12,1.6845e+07,51,22.5752,24,0.0801344
1021,2.2518e+15,5.16025e+12,8.43633e+06,51,21.4355,23,0.0768272
1022,2.2518e+15,4.01795e+12,8.4391e+06,51,21.4814,23,0.0796401
1023,2.2518e+15,4.24877e+12,8.44112e+06,51,21.5928,23,0.078939
1024,2.2518e+15,6.53647e+12,8.44608e+06,51,21.667,23,0.0816099
1025,9.0072e+15,1.5777e+13,8.44242e+06,53,21.9355,23,0.0798058
1026,2.2518e+15,4.90814e+12,8.44555e+06,51,21.6895,23,0.078651
1027,1.1259e+15,5.06472e+12,1.68406e+07,50,22.3076,24,0.0831038
1028,4.5036e+15,1.63741e+13,8.44566e+06,52,22.1387,23,0.080889
1029,1.80144e+16,2.92001e+13,1.68366e+07,54,22.3643,24,0.0807213
1030,3.60288e+16,4.31148e+13,8.44152e+06,55,21.5361,23,0.0775687
1031,2.2518e+15,8.41172e+12,6.71785e+07,51,23.5693,26,0.0831672
1032,4.5036e+15,1.09733e+13,8.44651e+06,52,22.2285,23,0.0798939
1033,1.1259e+15,8.59206e+12,1.68331e+07,50,22.7178,24,0.0824846
1034,9.0072e+15,1.48977e+13,1.68373e+07,53,21.9814,24,0.0785087
1035,1.1259e+15,4.27359e+12,8.44688e+06,50,22.2754,23,0.0804788
1036,7.20576e+16,7.21325e+13,8.44419e+06,56,22.0479,23,0.0779913
1037,2.81475e+14,1.99491e+12,2.14508e+06,48,20.6787,21,0.0783872
1038,3.60288e+16,5.98603e+13,4.24412e+06,55,20.9375,22,0.0777544
1039,5.6295e+14,1.76137e+12,1.68325e+07,49,22.4902,24,0.0795721
1040,1.1259e+15,2.20507e+12,4.24883e+06,50,21.7822,22,0.0777572
1041,5.6295e+14,2.46077e+12,4.24233e+06,49,21.4414,22,0.0764469
1042,2.8823e+17,2.92934e+14,2.14295e+06,58,20.792,21,0.0746253
1043,2.2518e+15,7.71786e+12,8.44792e+06,51,21.8584,23,0.0766438
1044,2.30584e+18,2.29516e+15,4.24516e+06,61,20.5635,22,0.0751644
1045,9.0072e+15,1.19977e+13,3.36161e+07,53,23.0039,25,0.0832842
1046,1.1259e+15,5.34802e+12,6.71817e+07,50,23.8828,26,0.0857486
1047,2.2518e+15,4.83562e+12,6.71825e+07,51,23.3545,26,0.0841271
1048,1.80144e+16,3.35182e+13,6.71758e+07,54,23.3926,26,0.0835072
1049,2.2518e+15,6.24664e+12,8.44408e+06,51,21.9775,23,0.0802242
1050,9.0072e+15,1.07626e+13,560078,53,19.2285,19,0.0703958
1051,2.2518e+15,4.82617e+12,1.68324e+07,51,21.9883,24,0.0799966
1052,4.5036e+15,1.20982e+13,1.68385e+07,52,22.9521,24,0.0834699
1053,1.1259e+15,3.26407e+12,3.3621e+07,50,23.4922,25,0.0891014
1054,9.0072e+15,1.70677e+13,1.68417e+07,53,23.0098,24,0.083954
1055,1.15292e+18,1.15236e+15,3.36192e+07,60,23.2412,25,0.0844047
1056,1.15292e+18,1.14798e+15,2.68513e+08,60,25.4365,28,0.0921237
1057,3.60288e+16,5.46237e+13,3.36168e+07,55,23.0029,25,0.083497
1058,5.6295e+14,3.7087e+12,6.71846e+07,49,23.9131,26,0.0874907
1059,1.80144e+16,3.04312e+13,3.3619e+07,54,23.1299,25,0.0838339
1060,4.5036e+15,9.3222e+12,8.44101e+06,52,21.2568,23,0.078625
1061,9.0072e+15,1.31866e+13,3.36193e+07,53,22.6475,25,0.0812616
1062,9.0072e+15,1.67477e+13,3.36154e+07,53,22.5547,25,0.0836511
1063,9.0072e+15,1.77005e+13,1.68334e+07,53,21.4648,24,0.0796045
1064,1.44115e+17,1.62861e+14,1.68324e+07,57,21.8252,24,0.0816737
1065,2.2518e+15,6.97572e+12,1.68331e+07,51,22.1953,24,0.080664
1066,1.80144e+16,3.79321e+13,3.36158e+07,54,22.5459,25,0.0815481
1067,1.80144e+16,3.37672e+13,8.43997e+06,54,21.1689,23,0.0790569
1068,7.20576e+16,9.33659e+13,8.44797e+06,56,21.8809,23,0.0816024
1069,3.60288e+16,4.20603e+13,1.68376e+07,55,22.0967,24,0.0808678
1070,1.1259e+15,3.21636e+12,8.43916e+06,50,20.9805,23,0.0765171
1071,2.2518e+15,7.91916e+12,2.14357e+06,51,20.5479,21,0.0782687
1072,2.2518e+15,5.01186e+12,2.14698e+06,51,20.8789,21,0.0768155
1073,5.6295e+14,3.3669e+12,4.2427e+06,49,20.7207,22,0.0752928
1074,5.6295e+14,3.39129e+12,1.09202e+06,49,19.9424,20,0.0727092
1075,5.6295e+14,2.37399e+12,2.14484e+06,49,20.582,21,0.0744131
1076,2.2518e+15,3.08577e+12,1.0908e+06,51,19.6064,20,0.0748151
1077,2.2518e+15,5.37847e+12,1.09045e+06,51,19.6719,20,0.0783371
1078,1.80144e+16,4.77455e+13,563750,54,18.8145,19,0.0691416
1079,3.60288e+16,4.01016e+13,161566,55,18.1641,17,0.068357
1080,1.80144e+16,1.89334e+13,295053,54,18.416,18,0.0683031
1081,9.0072e+15,1.38189e+13,296579,53,18.3613,18,0.0678511
1082,5.6295e+14,1.66384e+12,158845,49,17.0107,17,0.063862
1083,4.5036e+15,7.18722e+12,38000.5,52,16.7793,14,0.0602941
1084,3.60288e+16,3.78575e+13,296803,55,17.9111,18,0.0675383
1085,1.44115e+17,1.66744e+14,565032,57,19.2305,19,0.0700086
1086,4.5036e+15,1.08585e+13,559949,52,18.54,19,0.0683887
1087,1.1259e+15,5.14003e+12,562789,50,18.9434,19,0.0701287
1088,5.6295e+14,1.87084e+12,296840,49,18.1689,18,0.0668259
1089,9.0072e+15,1.74259e+13,562748,53,19.0371,19,0.0686008
1090,1.80144e+16,2.3855e+13,295131,54,18.3193,18,0.0698259
1091,2.2518e+15,4.45497e+12,55266.8,51,16.7744,15,0.0657144
1092,1.40737e+14,9.4136e+11,53613.2,47,16.7451,15,0.062173
1093,1.1259e+15,3.16546e+12,296013,50,18.5459,18,0.0692792
1094,1.80144e+16,3.18134e+13,164456,54,18.1475,17,0.0653133
1095,1.1259e+15,4.23368e+12,160480,50,17.4004,17,0.0674748
1096,7.20576e+16,1.07307e+14,57686.9,56,17.0947,15,0.0646886
1097,1.1259e+15,5.34806e+12,562910,50,18.667,19,0.0670641
1098,1.40737e+14,1.03264e+12,562300,47,18.8838,19,0.0688533
1099,1.1259e+15,3.97609e+12,160692,50,17.8408,17,0.0640125
1100,2.2518e+15,5.40865e+12,295517,51,18.1855,18,0.0683158
1101,7.20576e+16,1.13914e+14,1.08691e+06,56,19.3037,20,0.0702044
1102,4.5036e+15,1.03834e+13,296988,52,18.752,18,0.0708441
1103,1.80144e+16,4.24603e+13,162250,54,18.8027,17,0.0699462
1104,1.44115e+17,1.44356e+14,162586,57,18.0732,17,0.0683374
1105,7.20576e+16,1.5219e+14,2.14276e+06,56,20.5645,21,0.0744655
1106,1.80144e+16,4.60856e+13,560505,54,19.3887,19,0.0731672
1107,1.15292e+18,2.00396e+15,563071,60,19.3467,19,0.0736669
1108,1.44115e+17,3.97039e+14,4.23459e+06,57,20.6338,22,0.0749461
1109,3.60288e+16,8.89017e+13,556997,55,19.25,19,0.0716296
1110,3.60288e+16,1.54015e+14,562789,55,19.3301,19,0.0752101
1111,9.22337e+18,1.13624e+16,561847,63,18.9043,19,0.0700804
1112,2.30584e+18,2.34951e+15,25777.5,61,16.1787,13,0.0638078
1113,1.44115e+17,2.2308e+14,57332.8,57,17.2412,15,0.0658753
1114,3.60288e+16,5.58662e+13,38000.5,55,16.6738,14,0.0636804
1115,3.60288e+16,1.13223e+14,294819,55,18.8701,18,0.0690829
1116,9.22337e+18,9.57795e+15,557447,63,18.5088,19,0.0705384
1117,2.30584e+18,2.44056e+15,2.14694e+06,61,20.5283,21,0.0764827
1118,7.20576e+16,1.52041e+14,564260,56,19.4512,19,0.0707285
1119,1.80144e+16,3.98315e+13,1.09236e+06,54,20.0703,20,0.0714625
1120,1.15292e+18,1.57634e+15,1.09137e+06,60,19.9326,20,0.0712954
1121,2.8823e+17,3.64175e+14,2.14104e+06,58,20.0742,21,0.07664
1122,1.15292e+18,1.38312e+15,2.14004e+06,60,20.2031,21,0.0734874
1123,1.80144e+16,4.64769e+13,4.23885e+06,54,21.1689,22,0.076098
1124,9.22337e+18,1.30646e+16,2.14558e+06,63,21.1846,21,0.0745779
1125,1.15292e+18,1.17003e+15,4.24781e+06,60,21.7051,22,0.0778988
1126,1.15292e+18,2.77491e+15,2.14484e+06,60,21.3027,21,0.0802022
1127,5.76461e+17,6.47731e+14,1.09211e+06,59,20.3066,20,0.0742923
1128,5.76461e+17,9.69131e+14,1.09449e+06,59,19.8262,20,0.0719966
1129,1.44115e+17,3.77527e+14,563750,57,19.4736,19,0.0715301
1130,9.22337e+18,9.11588e+15,1.09163e+06,63,20.3418,20,0.074996
1131,1.15292e+18,1.91922e+15,564494,60,19.7178,19,0.0734942
1132,1.44115e+17,2.66923e+14,566774,57,19.625,19,0.0732068
1133,2.8823e+17,6.95428e+14,2.14173e+06,58,20.2686,21,0.0760379
1134,1.15292e+18,1.30651e+15,1.09481e+06,60,20.2715,20,0.0755027
1135,1.84467e+19,1.83335e+16,4.24088e+06,64,20.835,22,0.0763253
1136,5.76461e+17,7.63217e+14,8.44544e+06,59,21.7061,23,0.0802269
1137,2.30584e+18,3.57272e+15,1.09283e+06,61,20.1826,20,0.0751858
1138,5.76461e+17,7.12005e+14,298366,59,18.4512,18,0.0693831
1139,1.44115e+17,5.88024e+14,4.24386e+06,57,20.8096,22,0.0763486
1140,1.44115e+17,2.81242e+14,2.14227e+06,57,20.5352,21,0.0770636
1141,9.22337e+18,9.79562e+15,2.14367e+06,63,20.5146,21,0.0752001
1142,2.30584e+18,2.41886e+15,2.14074e+06,61,20.0742,21,0.074841
1143,2.8823e+17,4.82007e+14,1.08896e+06,58,20.0234,20,0.0752481
1144,1.15292e+18,1.21064e+15,297973,60,19.0547,18,0.0717689
1145,5.76461e+17,6.42156e+14,160050,59,17.6758,17,0.0688304
1146,1.44115e+17,3.4019e+14,1.08701e+06,57,19.3652,20,0.0735117
1147,9.22337e+18,9.23325e+15,555723,63,19.2354,19,0.0728586
1148,2.95148e+20,2.98418e+17,91953.3,68,17.6787,16,0.0692307
1149,4.61169e+18,5.07156e+15,2.13938e+06,62,20.377,21,0.0771499
1150,7.20576e+16,2.96503e+14,11187.9,56,15.5039,10,0.0611903
1151,9.22337e+18,9.65661e+15,23657.3,63,16.4131,13,0.0656859
1152,4.61169e+18,5.24191e+15,8918.33,62,14.8867,9,0.0594393
1153,5.76461e+17,6.82258e+14,9719.16,59,14.4893,9,0.0574198
1154,2.8823e+17,1.32694e+15,39435.2,58,17.9551,14,0.0735726
1155,4.61169e+18,1.16522e+16,54815.8,62,17.8662,15,0.0686893
1156,5.76461e+17,1.97037e+15,298402,59,19.2529,18,0.0730067
1157,4.61169e+18,7.13727e+15,92557.1,62,18.2314,16,0.0719972
1158,2.36118e+21,2.48776e+18,561431,71,20.0098,19,0.078141
1159,4.61169e+18,8.51613e+15,295324,62,19.9492,18,0.0781822
1160,1.84467e+19,2.54584e+16,293992,64,19.4355,18,0.0765185
1161,1.15292e+18,2.70526e+15,155555,60,18.4668,17,0.0792763
1162,4.61169e+18,5.66457e+15,92240.9,62,18.8535,16,0.0748285
1163,4.61169e+18,6.71654e+15,562708,62,19.9346,19,0.0773919
1164,5.76461e+17,1.25556e+15,292744,59,18.9736,18,0.0756353
1165,9.22337e+18,9.88277e+15,562423,63,20.0537,19,0.0804615
1166,1.84467e+19,2.68207e+16,159434,64,18.9482,17,0.0748816
1167,1.84467e+19,2.69443e+16,1.08854e+06,64,20.4326,20,0.0809388
1168,1.84467e+19,2.57942e+16,8.44337e+06,64,22.5117,23,0.0888651
1169,5.76461e+17,9.57677e+14,290965,59,19.499,18,0.0779593
1170,7.3787e+19,8.28267e+16,2.13938e+06,66,21.0625,21,0.0822531
1171,1.15292e+18,3.14918e+15,4.24597e+06,60,22.0645,22,0.0855822
1172,5.76461e+17,2.02673e+15,1.68323e+07,59,22.0635,24,0.08472
1173,2.30584e+18,5.50035e+15,563908,61,20.1289,19,0.0835021
1174,9.22337e+18,1.04999e+16,1.08937e+06,63,20.4229,20,0.0785628
1175,4.61169e+18,8.48858e+15,4.24697e+06,62,21.9033,22,0.0859109
1176,9.22337e+18,1.41934e+16,4.24521e+06,63,21.9268,22,0.0835255
1177,1.15292e+18,2.45237e+15,561806,60,20.0654,19,0.0771025
1178,7.3787e+19,7.24467e+16,293271,66,19.0508,18,0.0770799
1179,1.44115e+17,3.81235e+14,4.24334e+06,57,21.208,22,0.0813812
1180,2.8823e+17,6.87963e+14,560970,58,19.7432,19,0.0771549
1181,2.8823e+17,5.83871e+14,159580,58,18.3945,17,0.0716645
1182,5.76461e+17,6.21202e+14,1.09098e+06,59,19.8135,20,0.0749391
1183,7.20576e+16,1.62442e+14,2.14447e+06,56,20.1357,21,0.0755488
1184,1.47574e+20,1.45435e+17,1.09346e+06,67,19.8828,20,0.0767895
1185,5.76461e+17,9.44493e+14,6.7181e+07,59,23.873,26,0.0867151
1186,2.30584e+18,5.04254e+15,6.71809e+07,61,23.9531,26,0.0870877
1187,1.44115e+17,6.28044e+14,5.36946e+08,57,26.6807,29,0.094957
1188,1.15292e+18,3.18312e+15,1.34294e+08,60,24.7461,27,0.0896405
1189,5.76461e+17,9.71117e+14,6.71803e+07,59,24.8584,26,0.089989
1190,1.44115e+17,3.85374e+14,1.68365e+07,57,22.6689,24,0.0846828
1191,1.44115e+17,4.86625e+14,3.3622e+07,57,23.5322,25,0.0869732
1192,1.15292e+18,2.2476e+15,3.36122e+07,60,23.1074,25,0.0910853
1193,2.8823e+17,1.07445e+15,1.6836e+07,58,22.1895,24,0.0819814
1194,1.84467e+19,1.93753e+16,3.36176e+07,64,23.3789,25,0.0849955
1195,1.84467e+19,2.1823e+16,6.71784e+07,64,24.707,26,0.0902434
1196,2.95148e+20,3.26864e+17,1.68378e+07,68,23.583,24,0.0887944
1197,1.15292e+18,2.61727e+15,8.44292e+06,60,23.165,23,0.087356
1198,1.15292e+18,1.5028e+15,8.44038e+06,60,22.2832,23,0.0848967
1199,1.44115e+17,3.14457e+14,2.14099e+06,57,20.5908,21,0.0797313
1200,4.61169e+18,5.33231e+15,4.24712e+06,62,21.7861,22,0.0824698
1201,4.61169e+18,4.73976e+15,4.24233e+06,62,21.6602,22,0.0821295
1202,7.20576e+16,2.7247e+14,8.4474e+06,56,22.3262,23,0.0858926
1203,4.61169e+18,7.71458e+15,8.44186e+06,62,21.7666,23,0.0823848
1204,3.68935e+19,4.78115e+16,4.24766e+06,65,21.7354,22,0.0855471
1205,9.22337e+18,1.06417e+16,1.68309e+07,63,22.8389,24,0.0879145
1206,7.3787e+19,7.55617e+16,8.44479e+06,66,22.8867,23,0.0859693
1207,1.15292e+18,2.49543e+15,6.71698e+07,60,24.3066,26,0.0931249
1208,1.15292e+18,3.07864e+15,4.24302e+06,60,21.8193,22,0.0852358
1209,7.3787e+19,7.51778e+16,1.68365e+07,66,23.4287,24,0.0912472
1210,5.76461e+17,1.56561e+15,4.23745e+06,59,21.7949,22,0.0834615
1211,5.76461e+17,9.31212e+14,2.14568e+06,59,21.5039,21,0.0816695
1212,2.30584e+18,3.25257e+15,2.13974e+06,61,20.9824,21,0.0803572
1213,2.30584e+18,5.0561e+15,2.14618e+06,61,21.6602,21,0.0826763
1214,2.30584e+18,3.25254e+15,1.68378e+07,61,23.0703,24,0.0888611
1215,1.15292e+18,2.11883e+15,4.24023e+06,60,21.7305,22,0.0824614
1216,4.61169e+18,7.66757e+15,8.44157e+06,62,21.7227,23,0.0834121
1217,1.84467e+19,5.49561e+16,1.09084e+06,64,20.332,20,0.0764731
1218,7.3787e+19,8.82935e+16,4.24469e+06,66,21.417,22,0.080365
1219,4.61169e+18,1.56639e+16,8.44049e+06,62,21.8125,23,0.0837152
1220,1.84467e+19,2.17346e+16,4.24464e+06,64,21.7236,22,0.0825872
1221,1.15292e+18,3.17124e+15,1.68325e+07,60,23.7305,24,0.0868008
1222,7.3787e+19,8.5602e+16,8.44066e+06,66,22.542,23,0.0860395
1223,4.61169e+18,1.6623e+16,8.44106e+06,62,22.8105,23,0.0897602
1224,4.61169e+18,7.58644e+15,4.24702e+06,62,22.0469,22,0.0851774
1225,1.18059e+21,1.17858e+18,4.24968e+06,70,22.1475,22,0.082614
1226,1.84467e+19,2.87686e+16,2.14144e+06,64,21.5225,21,0.0826589
1227,2.95148e+20,2.91771e+17,1.09432e+06,68,20.793,20,0.0798555
1228,1.47574e+20,4.66918e+17,2.14517e+06,67,21.4043,21,0.0793219
1229,1.84467e+19,2.39489e+16,563432,64,19.7422,19,0.0756529
1230,1.47574e+20,1.52442e+17,562423,67,19.8848,19,0.0755636
1231,1.84467e+19,2.81048e+16,297865,64,19.5889,18,0.0744962
1232,9.22337e+18,1.86432e+16,4.24323e+06,63,21.7139,22,0.0809471
1233,2.8823e+17,8.11117e+14,2.13872e+06,58,20.9717,21,0.0826082
1234,1.47574e+20,1.63126e+17,1.09013e+06,67,20.3818,20,0.0776061
1235,1.18059e+21,1.2074e+18,4.2435e+06,70,21.4473,22,0.0814229
1236,1.84467e+19,4.28877e+16,1.09137e+06,64,21.0117,20,0.0815223
1237,3.68935e+19,4.4461e+16,1.08873e+06,65,20.209,20,0.0777962
1238,4.72237e+21,4.70707e+18,563272,72,20.2725,19,0.077479
1239,3.68935e+19,3.66705e+16,566009,65,20.3057,19,0.0759374
1240,3.68935e+19,5.26858e+16,2.14144e+06,65,21.1123,21,0.0791155
1241,7.20576e+16,1.4565e+14,1.09128e+06,56,20.0908,20,0.0736786
1242,1.18059e+21,1.15334e+18,2.14173e+06,70,20.2461,21,0.0759767
1243,1.84467e+19,2.01186e+16,1.08982e+06,64,20.084,20,0.0745022
1244,1.15292e+18,1.97383e+15,1.08827e+06,60,19.4834,20,0.073881
1245,2.30584e+18,2.84848e+15,295478,61,18.4512,18,0.0700053
1246,4.61169e+18,4.99758e+15,560886,62,19.3887,19,0.071204
1247,1.88895e+22,1.84926e+19,298259,74,18.9717,18,0.0712352
1248,2.8823e+17,5.59066e+14,1.09071e+06,58,19.5469,20,0.0726126
1249,1.15292e+18,1.38637e+15,564494,60,19.0098,19,0.0725286
1250,9.22337e+18,9.35309e+15,163635,63,18.0508,17,0.0677075
1251,5.76461e+17,5.8116e+14,294741,59,17.6826,18,0.0656751
1252,3.60288e+16,1.07331e+14,296013,55,17.998,18,0.0660734
1253,2.36118e+21,2.32396e+18,298045,71,18.3682,18,0.0702227
1254,3.68935e+19,6.35717e+16,1.09206e+06,65,19.8584,20,0.0731125
1255,5.76461e+17,1.76072e+15,93363,59,16.9922,16,0.066275
1256,4.61169e+18,6.79018e+15,560632,62,19.1104,19,0.0739053
1257,5.90296e+20,6.02829e+17,2.13903e+06,69,20.1406,21,0.0748878
1258,1.84467e+19,2.05614e+16,1.09572e+06,64,20.126,20,0.0800641
1259,9.22337e+18,1.64853e+16,566774,63,19.9531,19,0.0754762
1260,5.76461e+17,1.15344e+15,1.09189e+06,59,20.3369,20,0.0773633
1261,4.61169e+18,5.97995e+15,563152,62,19.501,19,0.0718734
1262,1.15292e+18,2.88312e+15,2.13654e+06,60,20.6484,21,0.0770322
1263,3.68935e+19,3.66762e+16,1.09283e+06,65,20.6387,20,0.0761612
1264,4.61169e+18,5.75029e+15,1.08827e+06,62,19.7461,20,0.0740444
1265,2.30584e+18,6.07785e+15,4.24897e+06,61,21.6729,22,0.0787813
1266,9.22337e+18,9.87661e+15,2.14466e+06,63,21.0537,21,0.0771281
1267,3.68935e+19,3.73161e+16,4.24459e+06,65,21.6934,22,0.0813789
1268,1.15292e+18,1.557e+15,8.43922e+06,60,21.9424,23,0.080821
1269,2.30584e+18,4.38034e+15,8.44118e+06,61,22.0557,23,0.0810428
1270,1.84467e+19,2.06264e+16,4.24454e+06,64,21.4854,22,0.0795334
1271,2.30584e+18,5.54874e+15,4.24864e+06,61,21.7881,22,0.0796738
1272,2.30584e+18,4.04333e+15,8.44129e+06,61,21.9824,23,0.0819941
1273,2.30584e+18,3.87304e+15,1.08946e+06,61,20.0176,20,0.0755331
1274,2.95148e+20,2.93293e+17,1.09607e+06,68,20.1348,20,0.0773229
1275,2.30584e+18,5.90443e+15,2.14613e+06,61,20.6104,21,0.078782
1276,1.47574e+20,1.55783e+17,2.14452e+06,67,20.6982,21,0.0782274
1277,1.84467e+19,1.90454e+16,2.14609e+06,64,20.9834,21,0.0772784
1278,9.22337e+18,9.78368e+15,296089,63,19.2393,18,0.0709316
1279,3.68935e+19,5.1549e+16,297466,65,19.2539,18,0.0709219
1280,4.61169e+18,1.42738e+16,1.08986e+06,62,20.2188,20,0.0743921
1281,1.84467e+19,2.13784e+16,1.09309e+06,64,20.1035,20,0.0718718
1282,7.3787e+19,1.46486e+17,560547,66,19.0205,19,0.0693207
1283,1.47574e+20,1.62686e+17,1.08928e+06,67,19.8047,20,0.0715684
1284,1.15292e+18,3.88229e+15,1.08986e+06,60,20.082,20,0.074822
1285,1.15292e+18,1.5467e+15,1.09232e+06,60,20.0898,20,0.0734226
1286,2.8823e+17,8.05873e+14,4.24376e+06,58,21.0312,22,0.0775171
1287,7.3787e+19,7.23077e+16,2.1459e+06,66,20.6953,21,0.0778168
1288,1.47574e+20,1.54898e+17,2.14554e+06,67,20.2334,21,0.0736038
1289,1.15292e+18,1.17843e+15,2.14599e+06,60,20.665,21,0.0733685
1290,9.22337e+18,1.07886e+16,1.09262e+06,63,19.6797,20,0.0723427
1291,1.15292e+18,2.33615e+15,2.14203e+06,60,19.7881,21,0.0721017
1292,4.61169e+18,6.11359e+15,1.08914e+06,62,18.8496,20,0.070781
1293,1.47574e+20,1.9433e+17,294584,67,18.2637,18,0.0694728
1294,2.8823e+17,4.364e+14,58684.3,58,17.2275,15,0.0657321
1295,4.61169e+18,7.02281e+15,297937,62,18.9834,18,0.0743892
1296,3.68935e+19,3.6394e+16,57848.2,65,17.0273,15,0.0658119
1297,4.72237e+21,4.63949e+18,164080,72,18.4893,17,0.069039
1298,2.30584e+18,3.61219e+15,2.13989e+06,61,20.2188,21,0.0760589
1299,3.68935e+19,4.02621e+16,562829,65,19.291,19,0.0706696
1300,9.22337e+18,9.86519e+15,1.09181e+06,63,19.7441,20,0.0750259
1301,2.95148e+20,2.95733e+17,293753,68,18.4697,18,0.0706076
1302,7.3787e+19,7.4311e+16,36896,66,16.8506,14,0.0681211
1303,4.61169e+18,6.52805e+15,16083,62,15.458,11,0.0623229
1304,1.44115e+17,6.57499e+14,24411,57,16.1016,13,0.0623947
1305,5.90296e+20,8.66815e+17,27131,69,16.4814,13,0.064694
1306,9.22337e+18,9.25266e+15,28177.2,63,16.0791,13,0.0617242
1307,5.90296e+20,5.87263e+17,25938.9,69,16.1367,13,0.066348
1308,5.76461e+17,2.14536e+15,159797,59,18.3027,17,0.0720986
1309,1.84467e+19,2.16077e+16,90409.6,64,17.4307,16,0.0706443
1310,3.68935e+19,4.36171e+16,93086.8,65,18.2246,16,0.0709502
1311,3.68935e+19,3.82875e+16,18672.1,65,15.5459,12,0.0651121
1312,2.95148e+20,2.98787e+17,161910,68,18.0088,17,0.0683069
1313,1.15292e+18,2.64196e+15,92240.9,60,17.1943,16,0.0651232
1314,9.22337e+18,1.19793e+16,163699,63,18.2305,17,0.069035
1315,2.30584e+18,6.58174e+15,295747,61,18.9316,18,0.0719118
1316,1.18059e+21,1.15898e+18,163474,70,18.375,17,0.0710678
1317,1.84467e+19,6.23926e+16,564416,64,20.1729,19,0.0799129
1318,2.95148e+20,2.91883e+17,159361,68,18.4121,17,0.0720161
1319,3.68935e+19,1.02788e+17,93148.4,65,18.4189,16,0.0715477
1320,7.3787e+19,8.56439e+16,158956,66,18.0928,17,0.074484
1321,9.22337e+18,2.13259e+16,90909.8,63,18.0684,16,0.0695438
1322,7.3787e+19,1.13749e+17,36973.3,66,17.0127,14,0.0687424
1323,1.84467e+19,2.07911e+16,38760.4,64,16.9619,14,0.0664898
1324,9.22337e+18,2.79617e+16,91075,63,17.4199,16,0.067111
1325,2.30584e+18,4.08422e+15,36426.1,61,15.9141,14,0.064118
1326,1.84467e+19,1.93131e+16,89320.5,64,17.6572,16,0.0689494
1327,7.3787e+19,7.86899e+16,91206.6,66,17.7725,16,0.0683473
1328,1.18059e+21,1.50212e+18,26502.8,70,17.1006,13,0.0710786
1329,3.68935e+19,5.74718e+16,94291.1,65,17.5469,16,0.0713901
1330,3.68935e+19,5.12087e+16,27340.6,65,15.7598,13,0.0608639
1331,1.47574e+20,1.53296e+17,26212.1,67,15.7354,13,0.0593839
1332,4.61169e+18,8.40449e+15,14321.9,62,14.4951,11,0.058678
1333,3.68935e+19,4.0712e+16,15869.4,65,14.4209,11,0.0561396
1334,2.36118e+21,2.37107e+18,19469.9,71,15.5635,12,0.0622659
1335,4.72237e+21,6.45644e+18,14485.7,72,15.2783,11,0.0621185
1336,1.47574e+20,3.19991e+17,13588.4,67,14.7266,11,0.060854
1337,2.41785e+24,2.36151e+21,5373.9,81,13.5234,7,0.0561615
1338,2.30584e+18,5.10479e+15,2407.01,61,11.0449,5,0.0501418
1339,2.30584e+18,4.06386e+15,1726.84,61,10.8701,4,0.0510297
1340,4.72237e+21,4.63922e+18,3775.87,72,12.0352,6,0.0508295
1341,1.88895e+22,1.84789e+19,25141.5,74,15.1465,13,0.0605122
1342,2.95148e+20,3.25241e+17,37024.7,68,16.5869,14,0.0671855
1343,4.72237e+21,5.2265e+18,294897,72,18.6904,18,0.0765323
1344,1.88895e+22,1.86211e+19,563947,74,20.0508,19,0.0773936
1345,6.04463e+23,5.90988e+20,2.14423e+06,79,21.6016,21,0.0831223
1346,1.18059e+21,1.18407e+18,4.24617e+06,70,22.3027,22,0.0831692
1347,3.68935e+19,5.92567e+16,4.24652e+06,65,22.1611,22,0.0864071
1348,1.20893e+24,1.33794e+21,1.68328e+07,80,22.9727,24,0.0860372
1349,1.84467e+19,6.27044e+16,8.44298e+06,64,22.5264,23,0.0833541
1350,1.88895e+22,2.86639e+19,1.09392e+06,74,20.3389,20,0.0763195
1351,1.47574e+20,2.40377e+17,2.13648e+06,67,20.7969,21,0.0789878
1352,4.72237e+21,4.64938e+18,4.24577e+06,72,21.7432,22,0.0814262
1353,1.88895e+22,1.85306e+19,4.24781e+06,74,21.8457,22,0.0813923
1354,5.90296e+20,1.78114e+18,4.24921e+06,69,22.3105,22,0.084844
1355,2.95148e+20,3.22334e+17,4.24344e+06,68,21.1299,22,0.0796545
1356,1.51116e+23,1.90432e+20,8.44924e+06,77,23.0674,23,0.0853855
1357,7.55579e+22,8.01396e+19,4.24868e+06,76,22.6885,22,0.0855657
1358,9.44473e+21,1.1061e+19,8.43905e+06,73,22.9482,23,0.0858991
1359,3.77789e+22,3.80616e+19,2.14609e+06,75,22.6299,21,0.0878774
1360,7.55579e+22,7.90434e+19,2.14613e+06,76,21.7646,21,0.0829398
1361,5.90296e+20,1.40051e+18,160444,69,19.4678,17,0.0737528
1362,1.84467e+19,6.48603e+16,92462.6,64,18.6621,16,0.0756826
1363,2.36118e+21,2.52124e+18,299581,71,20.2441,18,0.0771831
1364,4.61169e+18,1.32677e+16,2.14183e+06,62,21.2578,21,0.0781186
1365,4.72237e+21,7.10057e+18,1.0908e+06,72,21.1289,20,0.077527
1366,1.47574e+20,1.80502e+17,4.24627e+06,67,22.4023,22,0.0838206
1367,2.36118e+21,2.74998e+18,4.23705e+06,71,21.6963,22,0.0813649
1368,3.77789e+22,4.25252e+19,2.1459e+06,75,22.043,21,0.082517
1369,1.88895e+22,1.91738e+19,1.09275e+06,74,20.9141,20,0.077302
1370,2.95148e+20,4.78373e+17,1.09128e+06,68,21.1914,20,0.0758403
1371,1.18059e+21,1.24021e+18,1.08877e+06,70,20.374,20,0.0783359
1372,1.47574e+20,2.21259e+17,4.24115e+06,67,21.7852,22,0.0793432
1373,3.77789e+22,3.81405e+19,563272,75,20.4629,19,0.0749696
1374,3.77789e+22,4.62382e+19,1.09206e+06,75,20.7803,20,0.0769127
1375,2.36118e+21,2.66921e+18,2.13256e+06,71,21.6738,21,0.0774395
1376,4.72237e+21,4.76772e+18,8.44214e+06,72,23.1416,23,0.0852574
1377,1.51116e+23,1.50656e+20,2.14843e+06,77,22.3545,21,0.0836145
1378,1.47574e+20,2.5828e+17,2.14338e+06,67,21.9424,21,0.0809074
1379,2.36118e+21,2.5814e+18,562341,71,19.918,19,0.0746068
1380,1.47574e+20,1.8152e+17,563947,67,20.4883,19,0.0779847
1381,4.72237e+21,4.64005e+18,94553.4,72,18.7539,16,0.0703032
1382,1.18059e+21,2.0872e+18,56663.2,70,17.4043,15,0.0658523
1383,1.47574e+20,4.01897e+17,54724.8,67,17.043,15,0.0646468
1384,7.3787e+19,2.01655e+17,160622,66,18.1455,17,0.0679856
1385,7.3787e+19,7.68376e+16,289262,66,18.9727,18,0.0727165
1386,2.36118e+21,2.44099e+18,161807,71,18.9854,17,0.071579
1387,1.18059e+21,2.50593e+18,158919,70,18.4795,17,0.0703868
1388,1.18059e+21,1.4748e+18,558513,70,19.4678,19,0.0760452
1389,7.3787e+19,1.75284e+17,56521.3,66,17.3311,15,0.0664289
1390,2.95148e+20,4.43781e+17,161841,68,18.7783,17,0.0721519
1391,7.55579e+22,7.50335e+19,36426.1,76,17.0312,14,0.0650291
1392,5.90296e+20,8.87652e+17,54633.6,69,17.3125,15,0.068331
1393,1.47574e+20,2.34418e+17,26591.2,67,16.0791,13,0.0644411
1394,7.55579e+22,7.50866e+19,36452.4,76,16.459,14,0.0674454
1395,1.88895e+22,1.85533e+19,160939,74,19.3936,17,0.0769902
1396,1.88895e+22,2.34662e+19,1.09013e+06,74,21.418,20,0.0811511
1397,4.72237e+21,8.63357e+18,297539,72,20.9443,18,0.0820717
1398,9.44473e+21,1.40129e+19,1.08648e+06,73,21.7266,20,0.0832148
1399,5.90296e+20,9.10494e+17,295286,69,20.4365,18,0.0800845
1400,2.95148e+20,3.91798e+17,564026,68,21.2373,19,0.0838123
1401,4.72237e+21,5.82595e+18,1.08223e+06,72,20.8535,20,0.0805553
1402,1.47574e+20,2.14674e+17,92651.3,67,19.3496,16,0.0777093
1403,7.55579e+22,8.3305e+19,159834,76,19.6152,17,0.0774613
1404,6.04463e+23,5.9567e+20,160480,79,18.7822,17,0.0730968
1405,3.77789e+22,3.76447e+19,158660,75,18.666,17,0.073502
1406,7.3787e+19,1.59208e+17,157417,66,18.7422,17,0.0770271
1407,2.95148e+20,6.29333e+17,93148.4,68,18.082,16,0.0724419
1408,9.44473e+21,9.53664e+18,92431,73,18.3477,16,0.0735593
1409,7.55579e+22,7.39027e+19,54664,76,17.3672,15,0.0687847
1410,4.72237e+21,7.07165e+18,54358.3,72,17.2598,15,0.0685871
1411,1.47574e+20,3.72444e+17,54450.3,67,17.3975,15,0.0671836
1412,2.95148e+20,3.28178e+17,57195,68,17.1973,15,0.0678996
1413,2.95148e+20,7.86391e+17,161978,68,19.0625,17,0.0764242
1414,3.68935e+19,8.73281e+16,92113.4,65,17.7666,16,0.073905
1415,3.68935e+19,8.1569e+16,90241.4,65,17.8682,16,0.0722351
1416,1.18059e+21,3.20442e+18,161010,70,18.9277,17,0.0737569
1417,1.51116e+23,1.57139e+20,37178.2,77,16.791,14,0.0686276
1418,9.44473e+21,1.17583e+19,56321.1,73,17.5342,15,0.0736201
1419,5.90296e+20,1.04464e+18,160337,69,19.4893,17,0.0783174
1420,9.44473e+21,9.36396e+18,93393.5,73,19.0215,16,0.0776793
1421,2.36118e+21,4.83678e+18,92209,71,18.0107,16,0.0726899
1422,7.3787e+19,1.29858e+17,91533.3,66,17.957,16,0.0716645
1423,4.72237e+21,7.11322e+18,91304.9,72,18.291,16,0.073078
1424,1.88895e+22,1.85443e+19,92367.8,74,18.4219,16,0.0777358
1425,3.77789e+22,8.83337e+19,1.08696e+06,75,21.2539,20,0.0915045
1426,1.88895e+22,2.39589e+19,1.08648e+06,74,21.541,20,0.085423
1427,1.51116e+23,1.70303e+20,294190,77,20.4238,18,0.0835565
1428,7.55579e+22,1.21615e+20,157226,76,19.1162,17,0.0766402
1429,1.51116e+23,3.2669e+20,159689,77,19.5967,17,0.0796997
1430,2.41785e+24,2.40511e+21,36240.6,81,16.709,14,0.0734386
1431,4.8357e+24,5.0329e+21,292499,82,19.5166,18,0.0776595
1432,1.51116e+23,1.52028e+20,56804.4,77,17.7334,15,0.0727669
1433,4.72237e+21,9.1901e+18,85923.9,72,17.2959,16,0.0723202
1434,2.41785e+24,2.58424e+21,293150,81,19.5684,18,0.0778801
1435,3.09485e+26,3.03115e+23,562054,88,20.5771,19,0.087796
1436,1.51116e+23,1.86831e+20,559388,77,20.2656,19,0.0880991
1437,2.41785e+24,3.10174e+21,157569,81,17.5947,17,0.0709472
1438,1.88895e+22,6.40666e+19,1.08909e+06,74,21.2588,20,0.0826485
1439,4.72237e+21,9.12758e+18,561764,72,20.5781,19,0.0878708
1440,1.51116e+23,1.60315e+20,2.14386e+06,77,22.2578,21,0.090225
1441,3.77789e+22,7.77543e+19,94812.3,75,18.2725,16,0.0719077
1442,3.77789e+22,4.89151e+19,1.09346e+06,75,21.7998,20,0.0867931
1443,1.88895e+22,2.0882e+19,1.09408e+06,74,21.0742,20,0.083014
1444,9.67141e+24,9.44657e+21,1.08877e+06,83,21.6221,20,0.0845057
1445,1.20893e+24,1.20564e+21,57632.8,80,17.9258,15,0.0779857
1446,3.02231e+23,4.25909e+20,554705,78,19.8555,19,0.0793624
1447,6.04463e+23,9.03287e+20,2.13933e+06,79,22.04,21,0.0850916
1448,1.51116e+23,3.07259e+20,1.09146e+06,77,21.5811,20,0.0875125
1449,1.20893e+24,1.39445e+21,1.08461e+06,80,20.7852,20,0.0834804
1450,1.88895e+22,3.43861e+19,561515,74,20.6816,19,0.0867522
1451,3.02231e+23,3.77375e+20,563152,78,21.1162,19,0.0863992
1452,9.44473e+21,3.23409e+19,560844,73,20.3867,19,0.0819705
1453,3.77789e+22,7.26241e+19,298613,75,19.874,18,0.0841914
1454,4.95176e+27,4.83571e+24,563947,92,20.8232,19,0.0852507
1455,7.92282e+28,7.74469e+25,1.0908e+06,96,21.8779,20,0.0882511
1456,1.20893e+24,1.78738e+21,38337.8,80,17.1523,14,0.0750017
1457,7.55579e+22,1.38575e+20,563192,76,20.8779,19,0.0862115
1458,7.92282e+28,7.73716e+25,562626,96,20.9453,19,0.0848465
1459,2.36118e+21,4.34771e+18,2.14333e+06,71,22.4121,21,0.0868391
1460,4.72237e+21,5.86371e+18,553863,72,19.8496,19,0.0807372
1461,3.77789e+22,3.92889e+19,2.14178e+06,75,22.625,21,0.0886249
1462,7.92282e+28,7.73713e+25,1.0895e+06,96,21.457,20,0.0832598
1463,9.67141e+24,9.64316e+21,2.14376e+06,83,22.0732,21,0.0953111
1464,6.04463e+23,6.1738e+20,2.13084e+06,79,22.3066,21,0.0877748
1465,3.02231e+23,3.04606e+20,1.08392e+06,78,20.9912,20,0.0849256
1466,4.72237e+21,4.74651e+18,1.09022e+06,72,21.1855,20,0.0860692
1467,1.47574e+20,4.90421e+17,93995.8,67,18.5156,16,0.0727768
1468,7.92282e+28,7.73713e+25,292335,96,19.2207,18,0.0799896
1469,1.20893e+24,1.2083e+21,91727.9,80,18.1025,16,0.0758845
1470,3.77789e+22,8.29729e+19,163214,75,19.7266,17,0.0808164
1471,4.72237e+21,4.90645e+18,58297.5,72,17.5596,15,0.0741677
1472,1.88895e+22,4.98255e+19,560590,74,20.7529,19,0.0841658
1473,7.55579e+22,1.14531e+20,158174,76,19.25,17,0.0812463
1474,1.88895e+22,4.19029e+19,95347.4,74,19.7148,16,0.0781582
1475,1.20893e+24,1.28109e+21,563631,80,21.5264,19,0.0825159
1476,3.77789e+22,5.05653e+19,298754,75,20.2812,18,0.0814413
1477,1.93428e+25,1.9259e+22,37631.3,84,17.2617,14,0.0693242
1478,7.55579e+22,8.58905e+19,296429,76,19.9551,18,0.084085
1479,1.20893e+24,1.18277e+21,159141,80,18.7803,17,0.0766285
1480,9.67141e+24,9.60453e+21,296089,83,20.7734,18,0.0868109
1481,7.73713e+25,7.5737e+22,295401,86,19.9697,18,0.0793262
1482,1.51116e+23,1.82475e+20,161289,77,20.2354,17,0.0824721
1483,6.04463e+23,6.36639e+20,57469.7,79,18.1055,15,0.0759247
1484,7.73713e+25,7.55872e+22,51519.5,86,18.2881,15,0.0785189
1485,7.92282e+28,7.73906e+25,294111,96,20.4297,18,0.0825062
1486,1.51116e+23,2.75495e+20,4.24153e+06,77,23.5527,22,0.101823
1487,6.04463e+23,6.69902e+20,562951,79,21.748,19,0.087998
1488,3.09485e+26,3.22568e+23,1.08253e+06,88,21.4492,20,0.0863328
1489,1.9807e+28,1.99511e+25,295440,94,20.1738,18,0.0803305
1490,1.9807e+28,1.93881e+25,1.09009e+06,94,21.1904,20,0.0866999
1491,1.88895e+22,2.38739e+19,293311,74,19.6738,18,0.0792153
1492,1.51116e+23,2.1232e+20,57360.3,77,17.873,15,0.0730686
1493,3.02231e+23,4.82681e+20,56321.1,78,17.2109,15,0.075551
1494,1.20893e+24,1.31046e+21,93332.5,80,19.207,16,0.0777252
1495,3.02231e+23,5.09866e+20,163441,78,20.1973,17,0.0838722
1496,4.8357e+24,7.30537e+21,91953.3,82,19.4521,16,0.0815714
1497,1.20893e+24,1.48666e+21,93393.5,80,18.6211,16,0.0784004
1498,1.51116e+23,3.35215e+20,293992,77,19.7744,18,0.0799629
1499,3.86856e+25,4.04799e+22,160122,85,20.5957,17,0.0887886
