117.961
0,435.151,8.10284,4,2,0.0361328,0,0.00476477
1,111.425,9.45257,4,1,0.0507812,0,0.00447839
2,434.954,10.8978,4,2,0.0546875,0,0.0043685
3,1009.59,9.86081,4,3,0.046875,0,0.00436407
4,435.053,9.3343,5,2,0.0439453,0,0.00436621
5,110.371,9.65041,5,1,0.0488281,0,0.00435215
6,434.954,9.67075,5,2,0.0478516,0,0.00434596
7,435.117,8.8877,5,2,0.0380859,0,0.004448
8,435.151,11.2121,5,2,0.0507812,0,0.00453208
9,435.151,11.5609,5,2,0.0566406,0,0.00448621
10,435.149,10.8495,5,2,0.0517578,0,0.00444571
11,435.149,11.0365,5,2,0.0537109,0,0.0045333
12,434.639,10.062,5,2,0.0458984,0,0.00463457
13,435.127,10.3647,6,2,0.0458984,0,0.00446372
14,435.127,11.5795,6,2,0.0585938,0,0.00449359
15,435.053,10.9306,6,2,0.0556641,0,0.00440045
16,435.053,8.63737,6,2,0.0302734,0,0.00449904
17,435.053,10.9846,6,2,0.0517578,0,0.00446011
18,435.151,11.7998,6,2,0.0566406,0,0.0045071
19,435.149,11.0902,6,2,0.0517578,0,0.00448976
20,434.954,12.1041,6,2,0.0595703,0,0.0044606
21,435.151,12.5427,6,2,0.0625,0,0.00445792
22,435.117,11.3849,6,2,0.0517578,0,0.00449886
23,435.053,11.2634,6,2,0.0537109,0,0.00453173
24,435.076,11.4066,6,2,0.0537109,0,0.00448504
25,435.151,11.5895,6,2,0.0537109,0,0.00447841
26,434.639,10.537,6,2,0.0488281,0,0.00447371
27,435.151,10.9973,5,2,0.0507812,0,0.00444726
28,435.076,12.799,6,2,0.0634766,0,0.00450248
29,435.053,11.8339,6,2,0.0566406,0,0.00452564
30,435.127,12.6044,6,2,0.0644531,0,0.00445074
31,435.053,12.9979,6,2,0.0673828,0,0.00452663
32,1011.78,13.1695,6,3,0.0634766,0,0.00453021
33,435.127,11.3263,6,2,0.0517578,0,0.00453086
34,435.149,15.1265,6,2,0.0791016,0,0.00460513
35,111.425,11.8152,6,1,0.0615234,0,0.00449628
36,435.117,11.5637,6,2,0.0537109,0,0.00443155
37,110.903,9.7624,6,1,0.0410156,0,0.0044895
38,435.151,12.6884,6,2,0.0595703,0,0.00452066
39,435.151,11.7828,6,2,0.0556641,0,0.00451471
40,435.053,14.653,6,2,0.0810547,0,0.00452808
41,435.151,13.0274,6,2,0.0644531,0,0.00459251
42,434.954,13.5909,6,2,0.0683594,0,0.00453894
43,435.076,12.7629,6,2,0.0595703,0,0.00457808
44,434.902,10.9623,6,2,0.0449219,0,0.0045934
45,434.954,13.9911,6,2,0.0712891,0,0.00460978
46,435.151,13.6172,6,2,0.0673828,0,0.00453902
47,434.412,13.8362,7,2,0.0712891,0,0.00461577
48,435.127,11.2076,6,2,0.0488281,0,0.00453418
49,435.151,13.3388,6,2,0.0625,0,0.00458555
50,435.151,13.0668,7,2,0.0625,0,0.00461004
51,435.149,14.1132,7,2,0.0722656,0,0.00463342
52,435.053,12.9604,7,2,0.0634766,0,0.00461928
53,435.117,13.9296,7,2,0.0703125,0,0.00463273
54,435.053,12.7737,7,2,0.0605469,0,0.00456967
55,435.151,15.1923,7,2,0.0771484,0,0.00466686
56,435.151,13.1482,7,2,0.0566406,0,0.00461028
57,435.151,15.0314,7,2,0.0761719,0,0.0046574
58,435.151,12.722,7,2,0.0556641,0,0.0046045
59,435.151,13.8988,7,2,0.0732422,0,0.0045743
60,435.151,14.6663,7,2,0.0761719,0,0.00464648
61,435.127,14.3104,7,2,0.0712891,0,0.00458693
62,434.818,13.4717,8,2,0.0654297,0,0.00464696
63,435.149,14.899,7,2,0.0751953,0,0.00476036
64,434.954,13.1262,8,2,0.0625,0,0.00464582
65,435.053,13.682,8,2,0.0664062,0,0.00471116
66,435.149,14.1539,7,2,0.0703125,0,0.00466144
67,435.149,13.3975,7,2,0.0595703,0,0.00464303
68,435.127,14.2404,8,2,0.0712891,0,0.00475952
69,435.149,13.4309,8,2,0.0625,0,0.00479243
70,435.149,15.8007,8,2,0.0751953,0,0.0046815
71,435.053,14.2906,8,2,0.0654297,0,0.00475964
72,435.149,15.6419,8,2,0.0771484,0,0.00472754
73,435.127,16.6538,8,2,0.0859375,0,0.00485018
74,435.151,16.9236,8,2,0.0810547,0,0.00478749
75,435.149,16.6022,8,2,0.0878906,0,0.00486556
76,435.151,16.7688,8,2,0.0810547,0,0.00471851
77,435.151,17.1042,8,2,0.0859375,0,0.00477061
78,435.127,16.9195,8,2,0.0898438,0,0.00479142
79,435.149,20.4077,8,2,0.114258,0,0.00484146
80,1012.18,19.1035,8,3,0.100586,0,0.00493031
81,1008.21,19.2614,8,3,0.0976562,0,0.00489286
82,1009.59,18.441,8,3,0.0917969,0,0.00492649
83,435.149,17.563,8,2,0.0986328,0,0.00492584
84,113.897,14.8332,8,1,0.0771484,0,0.00489847
85,434.954,17.7872,8,2,0.0966797,0,0.00488901
86,1008.92,20.3899,8,3,0.110352,0,0.00489663
87,435.151,18.3204,8,2,0.0917969,0,0.00480421
88,435.151,18.3301,8,2,0.0898438,0,0.00497962
89,435.127,17.7559,8,2,0.0898438,0,0.0048971
90,1843.9,22.4851,9,4,0.116211,0,0.0048907
91,435.151,17.6712,9,2,0.0927734,0,0.00492046
92,435.149,20.2543,9,2,0.109375,0,0.00495184
93,435.151,18.0621,9,2,0.0966797,0,0.00487173
94,435.151,18.642,9,2,0.0927734,0,0.00489733
95,435.151,19.8788,9,2,0.107422,0,0.00486545
96,435.149,21.7623,9,2,0.12207,0,0.00493216
97,435.151,22.16,9,2,0.120117,0,0.00487485
98,435.149,23.3583,9,2,0.130859,0,0.00500049
99,435.149,23.949,9,2,0.130859,0,0.00497935
100,435.151,19.48,9,2,0.0986328,0,0.00491253
101,435.151,20.9528,9,2,0.112305,0,0.00491606
102,435.151,24.6113,9,2,0.142578,0,0.00497487
103,1012.18,22.375,9,3,0.119141,0,0.00492434
104,435.127,22.8182,9,2,0.129883,0,0.00496934
105,435.149,23.153,9,2,0.130859,0,0.00493433
106,435.151,26.1285,9,2,0.148438,0,0.00497596
107,1010.79,25.9018,9,3,0.147461,0,0.00494381
108,1011.78,28.0421,9,3,0.15918,0,0.00497694
109,435.151,23.0091,9,2,0.125,0,0.00492606
110,1846.55,27.318,9,4,0.148438,0,0.00502308
111,1009.59,24.1512,9,3,0.132812,0,0.00492533
112,1011.78,29.0923,9,3,0.170898,0,0.00498227
113,435.151,24.1648,9,2,0.138672,0,0.00502856
114,1008.92,28.031,9,3,0.167969,0,0.00500024
115,435.151,26.2848,9,2,0.151367,0,0.00501133
116,435.151,26.628,9,2,0.166992,0,0.00499351
117,1008.92,25.7965,9,3,0.15332,0,0.00500863
118,435.151,24.7291,9,2,0.140625,0,0.00502585
119,435.127,25.5549,9,2,0.150391,0,0.00497865
120,435.151,26.4968,9,2,0.15625,0,0.00514568
121,1008.92,27.5863,9,3,0.15918,0,0.00506366
122,1011.31,30.5777,9,3,0.174805,0,0.00513713
123,435.151,29.2191,9,2,0.175781,0,0.00505365
124,1008.92,27.737,9,3,0.162109,0,0.00515169
125,435.149,26.7957,9,2,0.15918,0,0.00512308
126,435.151,26.525,9,2,0.152344,0,0.00510401
127,1011.31,30.6504,10,3,0.189453,0,0.00506329
128,435.151,29.0895,9,2,0.168945,0,0.00506156
129,1009.59,32.5593,10,3,0.194336,0,0.00506927
130,1011.31,31.1288,10,3,0.181641,0,0.0050784
131,1011.31,30.1346,9,3,0.182617,0,0.00515331
132,1008.92,33.3734,10,3,0.204102,0,0.00508303
133,435.151,34.4665,9,2,0.212891,0,0.00515236
134,1008.92,32.7829,9,3,0.200195,0,0.00514081
135,435.151,32.929,10,2,0.209961,0,0.00504885
136,435.149,34.0713,10,2,0.212891,0,0.00508651
137,435.149,31.4125,10,2,0.19043,0,0.00509592
138,435.151,31.4238,10,2,0.192383,0,0.00513042
139,435.151,30.918,9,2,0.188477,0,0.00507564
140,1005.85,36.4037,10,3,0.223633,0,0.00506115
141,435.151,32.6385,10,2,0.203125,0,0.00530221
142,1011.31,33.8414,10,3,0.205078,0,0.00513232
143,435.151,31.057,10,2,0.196289,0,0.00511926
144,435.151,31.6038,10,2,0.186523,0,0.00509281
145,435.127,32.3591,10,2,0.197266,0,0.0051696
146,1009.59,35.1739,11,3,0.21875,0,0.00523094
147,1008.92,35.491,11,3,0.211914,0,0.00522304
148,435.149,34.0415,11,2,0.224609,0,0.00515488
149,1006.68,34.6677,11,3,0.214844,0,0.0052115
150,435.151,40.7591,11,2,0.259766,0,0.00527097
151,1011.78,36.811,11,3,0.22168,0,0.00523791
152,1010.21,39.2379,11,3,0.236328,0,0.00520716
153,1008.92,36.9729,11,3,0.226562,0,0.0052037
154,998.128,39.1665,11,3,0.24707,0,0.0052512
155,1008.92,35.9119,11,3,0.212891,0,0.00519052
156,1010.21,37.0517,11,3,0.224609,0,0.0052101
157,999.194,35.1594,11,3,0.205078,0,0.0052795
158,1001.24,38.1905,11,3,0.234375,0,0.00524608
159,1008.92,40.3715,11,3,0.251953,0,0.0053472
160,1005.85,36.9172,11,3,0.210938,0,0.0053398
161,1005.85,41.5201,11,3,0.25293,0,0.00537624
162,435.151,40.6816,11,2,0.230469,0,0.00530091
163,1006.68,40.6621,11,3,0.242188,0,0.00542087
164,1008.92,38.2901,11,3,0.223633,0,0.00537885
165,999.194,42.547,12,3,0.256836,0,0.0054611
166,1010.79,39.7334,11,3,0.229492,0,0.00550905
167,2951.77,42.0164,12,5,0.248047,0,0.00536551
168,1008.92,43.368,12,3,0.256836,0,0.00550002
169,1831.15,40.7354,12,4,0.246094,0,0.00539909
170,1009.59,38.8318,12,3,0.225586,0,0.00554913
171,1008.92,44.9051,12,3,0.260742,0,0.00549093
172,1004.1,46.1782,13,3,0.268555,0,0.00545078
173,435.149,42.1009,13,2,0.256836,0,0.00548185
174,1007.46,42.9031,13,3,0.260742,0,0.00551145
175,1831.15,47.209,13,4,0.276367,0,0.00555866
176,435.151,43.9585,13,2,0.271484,0,0.00561519
177,1007.46,45.2736,13,3,0.261719,0,0.00569013
178,435.151,45.3251,13,2,0.283203,0,0.00577104
179,1008.92,48.1001,13,3,0.291016,0,0.0059558
180,1010.21,53.0525,14,3,0.313477,0,0.00587169
181,1009.59,48.9642,15,3,0.296875,0,0.00574284
182,1009.59,51.7736,14,3,0.317383,0,0.00581626
183,1010.21,50.0826,15,3,0.292969,0,0.00598586
184,1005.85,52.4472,14,3,0.30957,0,0.00588576
185,1823.71,51.9015,15,4,0.302734,0,0.00590072
186,1841.02,53.291,14,4,0.291992,0,0.00609782
187,998.128,52.6388,15,3,0.298828,0,0.00601978
188,2951.77,49.4564,15,5,0.271484,0,0.00617491
189,1819.76,59.4191,15,4,0.34668,0,0.00627196
190,1776.18,54.1774,15,4,0.305664,0,0.00608901
191,1008.92,49.3203,15,3,0.288086,0,0.00604097
192,1834.62,50.9284,15,4,0.275391,0,0.00660089
193,1007.46,54.0231,15,3,0.307617,0,0.00621593
194,1004.1,55.6621,15,3,0.317383,0,0.00626501
195,1008.92,55.4103,15,3,0.307617,0,0.00629839
196,1823.71,62.0744,16,4,0.327148,0,0.00659221
197,1008.92,50.1105,15,3,0.280273,0,0.00662816
198,1007.46,55.2657,17,3,0.302734,0,0.00652946
199,1007.46,58.1985,17,3,0.324219,0,0.00661581
200,1008.92,56.7636,16,3,0.305664,0,0.00655504
201,1010.79,60.5303,17,3,0.341797,0,0.00677705
202,2915.92,61.339,17,5,0.321289,0,0.00672387
203,1004.1,55.3679,17,3,0.296875,0,0.00665705
204,1802.66,59.7166,17,4,0.311523,0,0.00705251
205,1831.15,62.5224,17,4,0.310547,0,0.0071889
206,1827.51,64.5538,19,4,0.323242,0,0.00779039
207,991.21,60.8407,19,3,0.306641,0,0.00782848
208,998.128,68.2904,21,3,0.353516,0,0.00782921
209,1804.91,70.9905,23,4,0.347656,0,0.00824988
210,1008.92,74.623,23,3,0.355469,0,0.00822169
211,435.151,62.4173,23,2,0.306641,0,0.00863923
212,1811.47,69.389,25,4,0.333984,0,0.00869134
213,1009.59,70.0748,24,3,0.308594,0,0.00896256
214,1004.1,72.4621,29,3,0.325195,0,0.00893224
215,1009.59,72.4112,32,3,0.321289,0,0.00921338
216,1005.85,78.7686,39,3,0.34668,0,0.00932299
217,1845.26,81.236,38,4,0.337891,0,0.00955111
218,1832.91,83.9256,48,4,0.350586,0,0.00993234
219,1008.92,85.4537,73,3,0.351562,0,0.0102947
220,1726.84,81.7433,38,4,0.318359,0,0.0101
221,1007.46,92.5672,101,3,0.371094,0,0.0106307
222,1002.23,79.4734,101,3,0.301758,0,0.0108762
223,1823.71,81.8926,101,4,0.306641,0,0.0110678
224,1829.35,81.5749,101,4,0.297852,0,0.0109363
225,1827.51,87.331,101,4,0.339844,0,0.0110048
226,1006.68,83.0407,101,3,0.316406,0,0.0108791
227,1012.18,84.0519,101,3,0.306641,0,0.0110617
228,1000.23,86.0465,101,3,0.331055,0,0.0114223
229,1001.24,80.197,101,3,0.291016,0,0.011197
230,1004.99,87.1231,101,3,0.319336,0,0.0112833
231,3615.92,89.2162,101,6,0.317383,0,0.0115528
232,1002.23,82.6345,101,3,0.293945,0,0.0112612
233,1004.99,91.8787,101,3,0.336914,0,0.0116265
234,1788.61,89.7977,101,4,0.335938,0,0.0115609
235,1009.59,85.2679,101,3,0.306641,0,0.0120801
236,1765.81,94.6866,101,4,0.359375,0,0.0114929
237,1001.24,94.1884,101,3,0.358398,0,0.0117988
238,1004.99,91.5099,101,3,0.352539,0,0.012094
239,1823.71,90.9908,101,4,0.326172,0,0.0119423
240,1823.71,92.7138,101,4,0.329102,0,0.0120283
241,1631.55,94.361,101,4,0.348633,0,0.0121596
242,1008.21,86.2179,101,3,0.292969,0,0.0121162
243,1008.92,88.0881,101,3,0.305664,0,0.0122636
244,1811.47,92.0877,101,4,0.313477,0,0.0119971
245,1004.1,92.0467,101,3,0.329102,0,0.0119763
246,1006.68,93.2696,101,3,0.335938,0,0.0124829
247,1834.62,94.8831,101,4,0.348633,0,0.0116419
248,1005.85,95.7842,101,3,0.342773,0,0.011983
249,1005.85,98.9548,101,3,0.370117,0,0.0124652
250,1804.91,102.705,101,4,0.370117,0,0.0126904
251,3416.64,103.475,101,6,0.347656,0,0.012874
252,2826.95,105.673,101,5,0.378906,0,0.0129555
253,1006.68,99.5528,101,3,0.376953,0,0.0124286
254,1757.8,98.2987,101,4,0.373047,0,0.0117038
255,1783.71,102.579,101,4,0.383789,0,0.0120729
256,1821.75,103.287,101,4,0.40332,0,0.0114679
257,1825.63,103.869,101,4,0.378906,0,0.0121053
258,1815.68,104.947,101,4,0.371094,0,0.0120126
259,1811.47,110.75,101,4,0.419922,0,0.0125581
260,1008.92,101.899,101,3,0.388672,0,0.0118494
261,4102.47,113.424,101,6,0.422852,0,0.012279
262,4215.78,121.209,101,6,0.457031,0,0.0120477
263,2644.57,113.175,101,5,0.43457,0,0.0127224
264,2282.43,116.451,101,5,0.461914,0,0.0116996
265,1010.79,107.129,101,3,0.438477,0,0.01203
266,1702.88,112.538,101,4,0.443359,0,0.0124782
267,1842.49,125.584,101,4,0.499023,0,0.0120864
268,1834.62,122.48,101,4,0.494141,0,0.0126533
269,1798.09,123.402,101,4,0.50293,0,0.0126338
270,1823.71,103.57,101,4,0.424805,0,0.0114951
271,2826.95,111.949,101,5,0.447266,0,0.0122501
272,1763.17,111.465,101,4,0.423828,0,0.0120718
273,4129.59,117.214,101,6,0.452148,0,0.0125119
274,1815.68,125.494,101,4,0.482422,0,0.0127064
275,1815.68,128.841,101,4,0.517578,0,0.0119643
276,2819.22,113.179,101,5,0.461914,0,0.012022
277,2757.91,117.639,101,5,0.483398,0,0.011621
278,2787.22,120.44,101,5,0.479492,0,0.0115708
279,2897.56,125.62,101,5,0.501953,0,0.0117975
280,2912.97,128.116,101,5,0.52832,0,0.0122547
281,1783.71,129.4,101,4,0.526367,0,0.0126053
282,2838.35,122.977,101,5,0.503906,0,0.0117079
283,4051.83,129.016,101,6,0.537109,0,0.0116912
284,2860.33,126.499,101,5,0.500977,0,0.0120221
285,1823.71,134.19,101,4,0.545898,0,0.0119446
286,2803.43,127.74,101,5,0.535156,0,0.0119245
287,4096.95,132.091,101,6,0.549805,0,0.0114053
288,1829.35,125.476,101,4,0.527344,0,0.0122029
289,2853.13,126.699,101,5,0.52832,0,0.0117437
290,3999.03,137.813,101,6,0.560547,0,0.0120686
291,1793.4,131.436,101,4,0.541016,0,0.0114979
292,3887.57,133.592,101,6,0.548828,0,0.0113835
293,2731.9,133.488,101,5,0.545898,0,0.0118863
294,2856.74,139.962,101,5,0.591797,0,0.0119968
295,7610.9,149.118,101,8,0.605469,0,0.0118664
296,2668.24,145.442,101,5,0.59668,0,0.0120577
297,9309.92,186.78,101,9,0.691406,0,0.0114955
298,5897.15,175.248,101,7,0.697266,0,0.0118687
299,2921.69,157.679,101,5,0.663086,0,0.0118437
300,2849.48,158.866,101,5,0.670898,0,0.0118643
301,4040.28,168.361,101,6,0.685547,0,0.0117284
302,5390.29,190.192,101,7,0.741211,0,0.0115118
303,2874.36,174.221,101,5,0.728516,0,0.0123992
304,4046.07,179.934,101,6,0.731445,0,0.0118374
305,7042.23,184.343,101,8,0.732422,0,0.0112862
306,4220.53,178.061,101,6,0.723633,0,0.0118467
307,5454.88,177.262,101,7,0.723633,0,0.0113505
308,2863.89,175.323,101,5,0.729492,0,0.0115178
309,2849.48,181.36,101,5,0.75293,0,0.0116338
310,4005,191.023,101,6,0.763672,0,0.0114885
311,5674.67,225.724,109.829,7,0.868164,1,0.011828
312,5891.28,202.796,106.93,7,0.813477,1,0.0114361
313,2819.22,197.915,105.663,5,0.791992,1,0.0117673
314,4196.4,207.468,107.538,6,0.823242,1,0.0118571
315,4166.27,214.97,106.93,6,0.819336,1,0.0118963
316,7094.17,225.055,107.538,8,0.847656,1,0.0117158
317,5556.33,242.911,109.275,7,0.924805,1,0.0116825
318,5771.56,246.291,110.903,7,0.926758,1,0.0121864
319,5478.69,241.174,111.425,7,0.933594,1,0.012321
320,20477.9,266.257,111.937,12,0.951172,1,0.0117041
321,5161.3,253.028,110.903,7,0.947266,1,0.0117161
322,4124.23,256.248,111.937,6,0.982422,1,0.0120545
323,5315.79,268.722,111.425,7,0.966797,1,0.0122688
324,5586.62,268.335,111.937,7,0.984375,1,0.0118269
325,12545.3,289.716,112.934,10,1.02051,1,0.0121856
326,16402.4,290.262,112.44,11,1.02148,1,0.0119819
327,6673.47,282.986,113.897,8,1.01074,1,0.0121829
328,6925.82,254.236,112.44,8,0.970703,1,0.0118753
329,12506.4,281.01,113.419,10,0.988281,1,0.0128421
330,27215.3,335.014,116.17,13,1.10742,1,0.0125515
331,5879.4,283.516,111.425,7,1.00781,1,0.0120527
332,7566.81,260.722,111.937,9,0.970703,1,0.0121242
333,12545.3,285.327,113.897,10,1.01953,1,0.0120391
334,6989.67,318.927,113.419,8,1.07227,1,0.0120294
335,5631.18,280.373,114.366,7,1.03711,1,0.0120708
336,7457.75,293.348,113.897,8,1.04297,1,0.0123238
337,7712.81,343.151,115.729,8,1.13867,1,0.012517
338,5710.03,316.505,116.17,7,1.11328,1,0.0126908
339,38121.8,393.053,114.828,14,1.13965,1,0.0126972
340,10153,353.254,116.603,9,1.14746,1,0.013346
341,6099.79,336.334,118.273,8,1.18164,1,0.0125336
342,9123.58,359.386,118.675,9,1.19336,1,0.0128411
343,9430.66,390.315,117.45,9,1.23145,1,0.0130032
344,15371.2,398.171,119.071,11,1.23535,1,0.0135849
345,27003.5,409.906,117.45,13,1.21973,1,0.0133252
346,10997.1,409.158,119.071,10,1.23828,1,0.0133831
347,9640.4,404.168,119.071,9,1.25781,1,0.0137671
348,14394.9,442.772,117.865,11,1.27539,1,0.0135536
349,12747,511.47,122.396,10,1.40039,1,0.0135233
350,16053,457.669,121.334,11,1.3252,1,0.0136239
351,299067,764.764,124.394,18,1.38184,1,0.0139206
352,294309,936.606,130.7,18,1.53418,1,0.0152759
353,1.08946e+06,2343.96,138.254,20,1.99414,1,0.0163667
354,1.09045e+06,6605.45,330.783,20,2.48242,2,0.018253
355,1.34302e+08,137528,419.622,27,2.91895,2,0.0197542
356,298045,4381.19,424.824,18,3.04883,2,0.0202904
357,2.14599e+06,8832.01,428.738,21,3.3418,2,0.0206701
358,1.34292e+08,155558,427.354,27,3.3877,2,0.0211014
359,3.36208e+07,93476.8,799.819,25,4.59375,3,0.0256708
360,3.36271e+07,111651,869.3,25,4.57227,3,0.0247583
361,3.36167e+07,106685,816.724,25,4.65234,3,0.0263761
362,1.07383e+09,1.2385e+06,944.449,30,4.64062,3,0.0251969
363,2.68506e+08,476075,809.528,28,4.63086,3,0.0254681
364,6.71811e+07,144962,723.092,26,4.31934,3,0.02357
365,1.34291e+08,349122,946.193,27,4.33594,3,0.0256768
366,6.71829e+07,125402,958.006,26,4.73828,3,0.0243012
367,1.07383e+09,1.70265e+06,759.728,30,4.53613,3,0.0246954
368,6.71764e+07,180370,774.992,26,4.54395,3,0.0252609
369,5.36951e+08,1.32671e+06,896.806,29,4.79102,3,0.0260259
370,1.34298e+08,530791,900.883,27,4.76172,3,0.0254056
371,2.14758e+09,2.44157e+06,844.746,31,4.99512,3,0.0268403
372,1.07382e+09,1.67513e+06,849.293,30,5.13477,3,0.0285358
373,3.36156e+07,269526,772.467,25,4.75195,3,0.0272405
374,2.68514e+08,562568,772.467,28,4.47461,3,0.0278896
375,1.34301e+08,875799,918.682,27,4.89941,3,0.0260848
376,1.07384e+09,1.46947e+06,882.207,30,4.77051,3,0.0255849
377,3.43599e+10,3.70654e+07,916.75,35,4.97656,3,0.0271178
378,6.87196e+10,6.95385e+07,780.02,36,4.83789,3,0.0283328
379,4.29508e+09,5.47629e+06,785.016,32,4.67871,3,0.0279683
380,2.14759e+09,6.29942e+06,741.585,31,4.7666,3,0.0272693
381,1.718e+10,2.84244e+07,918.682,34,5.27734,3,0.0284061
382,2.14757e+09,6.86174e+06,787.503,31,5.20312,3,0.0277517
383,3.43599e+10,3.65667e+07,914.806,35,5.03711,3,0.0281704
384,1.07383e+09,4.57671e+06,944.449,30,5.53418,3,0.0297274
385,1.718e+10,2.48588e+07,944.449,34,5.55078,3,0.0280652
386,2.19902e+12,2.187e+09,958.006,41,6.06348,3,0.0307838
387,4.29508e+09,1.48961e+07,1429.04,32,6.62305,4,0.0324858
388,5.49756e+11,6.56165e+08,1614.33,39,6.84277,4,0.0332338
389,8.59004e+09,2.66779e+07,1441.16,33,6.92871,4,0.0323642
390,8.59004e+09,1.84789e+07,979.358,33,6.21875,3,0.0310494
391,4.29508e+09,1.20589e+07,1549.59,32,6.76953,4,0.0321648
392,5.49756e+11,5.60305e+08,1755.09,39,7.00684,4,0.0323856
393,6.87196e+10,7.24889e+07,1480.89,36,6.49609,4,0.0321566
394,2.74878e+11,3.68093e+08,1392.11,38,6.37402,4,0.0291234
395,8.59005e+09,1.74425e+07,1000.23,33,6.18262,3,0.0294458
396,1.718e+10,4.02902e+07,1379.62,34,6.44727,4,0.0306779
397,3.43599e+10,4.33687e+07,937.341,35,6.09668,3,0.0320354
398,1.718e+10,3.15737e+07,1362.83,34,6.56152,4,0.0328052
399,4.29508e+09,2.23884e+07,1457.18,32,6.80566,4,0.0333819
400,1.718e+10,4.57074e+07,1315.87,34,6.51074,4,0.0336902
401,8.59006e+09,3.06532e+07,1578.88,33,6.87207,4,0.0334464
402,5.36962e+08,3.57488e+06,1712,29,6.58105,4,0.0322847
403,6.87196e+10,1.07096e+08,1404.51,36,6.52051,4,0.0312238
404,1.718e+10,5.42502e+07,1476.97,34,6.64258,4,0.0317727
405,4.29508e+09,1.90744e+07,1634.95,32,6.62793,4,0.0310969
406,2.19902e+12,2.16358e+09,1564.33,41,6.38477,4,0.0309301
407,5.49756e+11,8.35766e+08,1453.19,39,6.55078,4,0.0330229
408,5.49756e+11,5.96385e+08,1651.74,39,6.94336,4,0.0335125
409,1.37439e+11,1.51645e+08,1476.97,37,6.36523,4,0.0343356
410,3.43599e+10,4.66702e+07,2053.16,35,7.21777,5,0.0352994
411,1.37439e+11,1.68877e+08,1746.82,37,6.96777,4,0.0356925
412,4.29507e+09,1.55882e+07,1720.96,32,6.93848,4,0.0356393
413,6.87196e+10,1.55046e+08,1773.62,36,7.35254,4,0.036623
414,1.37439e+11,2.58613e+08,2356.82,37,7.79492,5,0.0380572
415,4.29507e+09,1.34335e+07,2193.95,32,7.27344,5,0.0354321
416,1.09951e+12,1.09074e+09,1773.62,40,7.03027,4,0.0337354
417,2.74878e+11,4.90682e+08,2709.62,38,7.67188,5,0.0356653
418,5.49756e+11,5.73584e+08,2700.57,39,7.52051,5,0.0353872
419,6.87196e+10,1.55648e+08,2625.3,36,7.62012,5,0.0362256
420,2.74878e+11,5.02721e+08,2466.8,38,7.04785,5,0.0326984
421,1.09951e+12,2.18422e+09,2334.17,40,7.37305,5,0.0353189
422,8.59005e+09,2.71304e+07,2339.85,33,7.41895,5,0.0351472
423,1.09951e+12,1.14101e+09,1726.84,40,7.07812,4,0.0340843
424,2.19902e+12,2.44873e+09,2368.07,41,7.83789,5,0.0372749
425,2.74878e+11,3.09178e+08,1726.84,38,7.04199,4,0.033901
426,7.03687e+13,6.98097e+10,2187.96,46,7.33398,5,0.0371484
427,4.39805e+12,4.34565e+09,1715,42,7.24414,4,0.035613
428,3.43599e+10,9.48556e+07,1651.74,35,7.01074,4,0.035246
429,1.37439e+11,1.46839e+08,1412.72,37,6.61133,4,0.0340078
430,5.49756e+11,5.81845e+08,1906.61,39,6.93262,5,0.0330986
431,2.74878e+11,4.43857e+08,1781.23,38,6.83887,4,0.0332937
432,3.43599e+10,5.58281e+07,2090.46,35,7.13281,5,0.0341635
433,1.718e+10,3.83704e+07,2466.8,34,7.28613,5,0.0345591
434,6.87196e+10,7.89429e+07,2163.86,36,6.87988,5,0.0325245
435,1.718e+10,6.77126e+07,2731.9,34,8.00391,5,0.0355862
436,2.74878e+11,6.12249e+08,2211.87,38,7.28516,5,0.0338228
437,6.87196e+10,1.1383e+08,2644.57,36,7.13965,5,0.0324886
438,2.19902e+12,2.46898e+09,2434.4,41,7.47363,5,0.0341056
439,3.43598e+10,8.58284e+07,3206.27,35,8.05957,6,0.0365276
440,3.43599e+10,7.91373e+07,3060.42,35,7.90918,6,0.0362324
441,1.37439e+11,1.63312e+08,2838.35,37,7.79004,5,0.0354811
442,8.59005e+09,4.47963e+07,2696.01,33,7.49414,5,0.0356714
443,2.74878e+11,4.46336e+08,2127.37,38,7.29492,5,0.0356124
444,1.37439e+11,2.02931e+08,1596.77,37,7.00879,4,0.0360778
445,6.87196e+10,1.37592e+08,1809.31,36,7.19141,4,0.0331381
446,4.29508e+09,2.18799e+07,1469.09,32,6.55176,4,0.0313828
447,1.75922e+13,1.74216e+10,1829.35,44,6.98926,4,0.0328775
448,4.29507e+09,2.13794e+07,2682.21,32,7.8584,5,0.0363113
449,6.87196e+10,1.81346e+08,2276.62,36,7.39062,5,0.0356873
450,4.39805e+12,4.4754e+09,2952.47,42,8.56445,6,0.0393936
451,1.09951e+12,1.17197e+09,3253.92,40,8.50098,6,0.0382245
452,1.718e+10,7.84895e+07,3324.44,34,8.55664,6,0.0385418
453,1.718e+10,4.07302e+07,3378.48,34,8.38965,6,0.0390523
454,6.87196e+10,1.53096e+08,2644.57,36,7.81738,5,0.0376813
455,1.09951e+12,1.30993e+09,2867.41,40,8.25586,5,0.0367558
456,1.718e+10,4.09668e+07,3672.64,34,8.41211,6,0.0385843
457,2.19902e+12,2.37899e+09,2709.62,41,8.00586,5,0.036601
458,2.2518e+15,2.19935e+12,3974.91,51,8.76367,6,0.0388457
459,2.74878e+11,3.58796e+08,2770.61,38,7.85645,5,0.0348089
460,8.79609e+12,1.00613e+10,2718.6,43,8.26758,5,0.0385349
461,2.74878e+11,3.30716e+08,2620.44,38,7.65137,5,0.0341291
462,2.19902e+12,2.74236e+09,2588.92,41,7.97852,7,0.0380908
463,5.49756e+11,9.00497e+08,2807.41,39,8.12598,5,0.0371211
464,4.39805e+12,4.55859e+09,2199.94,42,7.30078,5,0.0344872
465,4.29507e+09,2.1923e+07,2247.37,32,7.07812,5,0.0351517
466,2.74878e+11,8.18526e+08,2311.3,38,7.26074,5,0.03697
467,1.37439e+11,6.25312e+08,2705.11,37,7.75293,5,0.0358345
468,1.37439e+11,1.84389e+08,2654.09,37,7.3418,5,0.0333832
469,1.718e+10,7.95466e+07,2762.17,34,7.7793,5,0.034754
470,8.59005e+09,3.73032e+07,3206.27,33,7.92383,6,0.0345598
471,1.37439e+11,2.22728e+08,3316.66,37,7.81055,6,0.0351377
472,1.718e+10,3.84077e+07,3769.12,34,8.1709,6,0.03634
473,8.79609e+12,8.74363e+09,4022.75,43,8.61133,6,0.0387644
474,7.03687e+13,6.97655e+10,3944.23,46,9.05957,6,0.0421556
475,1.37439e+11,3.56951e+08,5072.52,37,9.34668,7,0.0440509
476,1.09951e+12,1.15779e+09,3900.32,40,8.68262,6,0.0387748
477,3.43599e+10,8.18961e+07,4276.54,35,8.92578,7,0.0401798
478,3.43599e+10,1.53795e+08,3817.83,35,8.41602,7,0.0411379
479,1.37439e+11,3.13123e+08,3938.03,37,8.48535,6,0.0387455
480,3.43598e+10,5.94504e+07,3308.87,35,8.08008,6,0.0361251
481,2.19902e+12,3.08152e+09,4399.86,41,8.96094,7,0.0410527
482,2.74878e+11,3.52482e+08,3728.22,38,8.55957,6,0.0385987
483,5.6295e+14,5.50242e+11,5196.23,49,9.47168,7,0.0418059
484,3.43599e+10,1.28843e+08,3944.23,35,8.5,6,0.0400654
485,2.19902e+12,5.47953e+09,3728.22,41,8.7832,6,0.0411396
486,2.74878e+11,6.1175e+08,3630.2,38,8.55371,6,0.0389769
487,6.87196e+10,1.64826e+08,4389.66,36,9.08105,7,0.0394798
488,2.19902e+12,2.35756e+09,4935.66,41,9.06348,7,0.0413095
489,1.37439e+11,5.3635e+08,5222.21,37,9.72852,7,0.0431941
490,5.49756e+11,1.91386e+09,5865.5,39,9.88477,8,0.0420756
491,8.79609e+12,1.09882e+10,5009.19,43,9.33398,7,0.04194
492,5.49756e+11,1.20319e+09,7052.67,39,10.3887,8,0.0437764
493,4.39805e+12,8.82622e+09,4944.91,42,9.49609,7,0.0429829
494,5.49756e+11,1.57137e+09,5045.49,39,9.71094,7,0.0405258
495,8.79609e+12,8.74096e+09,5390.29,43,9.58887,7,0.0423007
496,1.75922e+13,1.84167e+10,5840.48,44,10.0527,8,0.0437865
497,1.37439e+11,1.92813e+08,3987.02,37,8.63086,6,0.0393182
498,2.74878e+11,3.84513e+08,3755.56,38,8.3916,6,0.0365083
499,6.87196e+10,2.26383e+08,3795.89,36,8.66992,7,0.0371576
500,1.718e+10,7.02235e+07,4276.54,34,8.86426,7,0.0379682
501,1.09951e+12,1.09386e+09,3789.31,40,8.40918,6,0.0377853
502,1.37439e+11,2.26659e+08,5256.55,37,9.16309,7,0.0400223
503,6.87196e+10,1.96978e+08,4145.5,36,9.12891,6,0.0385028
504,1.40737e+14,1.42113e+11,3987.02,47,9.18359,6,0.0420364
505,1.40737e+14,1.44321e+11,3938.03,47,8.9375,6,0.0398541
506,1.09951e+12,2.56778e+09,5438.88,40,9.69434,7,0.039169
507,3.43599e+10,7.6777e+07,4410.03,35,8.97852,7,0.0372896
508,1.37439e+11,2.94647e+08,3748.75,37,8.16602,6,0.0332352
509,1.40737e+14,1.3886e+11,2151.74,47,7.12207,5,0.029287
510,1.75922e+13,2.63599e+10,1681.01,44,6.77246,4,0.0286476
511,4.39805e+12,4.98678e+09,1693.6,42,6.65918,4,0.0293687
512,5.49756e+11,5.96468e+08,1664.9,39,6.38867,4,0.0293376
513,1.718e+10,5.46844e+07,1684.18,34,6.16895,4,0.0267476
514,4.39805e+12,4.33716e+09,1786.17,42,6.93066,4,0.0314671
515,4.39805e+12,4.30088e+09,1387.95,42,5.84082,4,0.0259159
516,2.81475e+14,2.74914e+11,1765.81,48,6.8291,4,0.0290228
517,1.09951e+12,1.23856e+09,1783.71,40,6.86523,4,0.0314577
518,5.49756e+11,6.2448e+08,2658.83,39,7.4541,5,0.0330341
519,1.37439e+11,1.8865e+08,1677.82,37,6.52246,4,0.0317765
520,6.87196e+10,1.91591e+08,1717.99,36,6.43945,4,0.0304975
521,4.29508e+09,1.20237e+07,1755.09,32,6.55859,4,0.029712
522,3.43599e+10,8.10363e+07,1836.29,35,7.05371,4,0.0293217
523,3.43599e+10,9.44613e+07,2524.81,35,7.32129,5,0.0326144
524,1.37439e+11,2.27506e+08,2672.92,37,7.3291,5,0.0303695
525,4.39805e+12,4.73261e+09,2714.12,42,7.55664,5,0.0326577
526,1.37439e+11,1.92989e+08,2668.24,37,8.01367,5,0.0349982
527,5.49756e+11,8.05441e+08,2731.9,39,8.10156,5,0.034505
528,3.43599e+10,4.23008e+07,4907.77,35,8.50781,7,0.0342707
529,4.29507e+09,1.74932e+07,3707.51,32,7.74707,6,0.0310172
530,8.59004e+09,2.64927e+07,3446.89,33,7.62988,6,0.0320755
531,6.87196e+10,1.11759e+08,2791.31,36,7.21875,5,0.0310526
532,1.718e+10,4.75044e+07,1732.64,34,6.61816,4,0.0280344
533,8.59005e+09,2.11396e+07,4028.62,33,8.09473,6,0.0332212
534,1.37439e+11,2.98161e+08,3796.01,37,8.3584,6,0.0347022
535,1.40737e+14,1.37479e+11,2766.4,47,7.78711,5,0.0326837
536,3.43599e+10,6.50103e+07,4166.27,35,8.39062,6,0.0346304
537,6.87196e+10,1.55763e+08,5063.53,36,8.49707,7,0.037087
538,6.87196e+10,9.44923e+07,3968.82,36,8.29395,6,0.0355486
539,3.43599e+10,8.45791e+07,4028.62,35,8.55957,6,0.0366843
540,2.74878e+11,2.80916e+08,4012.93,38,8.24219,7,0.0334439
541,4.29506e+09,8.48576e+06,3829.17,32,7.78027,6,0.0316169
542,1.718e+10,2.94236e+07,3782.6,34,8.01953,6,0.0315579
543,8.59003e+09,2.73857e+07,2877.78,33,7.58398,5,0.0304579
544,4.29507e+09,2.16416e+07,3809.33,32,7.82227,6,0.0319234
545,1.718e+10,4.51876e+07,3658.56,34,7.83789,6,0.0318184
546,4.39805e+12,4.3435e+09,3912.98,42,8.38184,6,0.0353959
547,1.37439e+11,1.94963e+08,3693.62,37,7.74609,6,0.0315477
548,1.37439e+11,3.32678e+08,2757.91,37,7.66895,5,0.0324885
549,7.03687e+13,6.88538e+10,2276.62,46,7.25488,5,0.0306137
550,8.59004e+09,2.43095e+07,3950.42,33,8.24805,6,0.0331236
551,6.87196e+10,8.82809e+07,3950.42,36,7.81738,6,0.031656
552,3.43599e+10,5.2899e+07,3881.17,35,8.27441,6,0.0344705
553,6.87196e+10,8.54423e+07,3938.03,36,8.3877,6,0.0355038
554,6.87196e+10,9.07586e+07,3809.33,36,7.88574,6,0.031746
555,1.09951e+12,1.12835e+09,3950.42,40,8.36035,6,0.0350298
556,1.37439e+11,2.86636e+08,2270.79,37,7.37598,5,0.0341819
557,2.14757e+09,7.93791e+06,2620.44,31,7.35938,5,0.0325262
558,4.29507e+09,1.92601e+07,2235.59,32,7.01074,5,0.032746
559,3.43598e+10,4.27663e+07,3550.8,35,7.70508,6,0.0329227
560,1.37439e+11,1.57141e+08,3424.22,37,7.62695,6,0.0329564
561,1.37439e+11,1.45595e+08,4046.07,37,8.46191,6,0.0363769
562,1.37439e+11,1.56692e+08,3835.74,37,8.22949,6,0.033973
563,1.09951e+12,1.20065e+09,3868.3,40,8.32227,6,0.0348605
564,7.03687e+13,6.89583e+10,5454.88,46,9.32031,7,0.0379538
565,5.49756e+11,7.04797e+08,5143.71,39,8.77148,7,0.0344575
566,3.43599e+10,4.37957e+07,5563.94,35,8.78809,7,0.0361237
567,2.19902e+12,2.25048e+09,5541.02,41,9.10449,7,0.0382218
568,1.37439e+11,1.47976e+08,6548.77,37,9.11035,8,0.0374981
569,4.29508e+09,2.18021e+07,8544.27,32,9.84668,9,0.0402138
570,6.87196e+10,1.00797e+08,5332.51,36,8.95508,7,0.0364521
571,1.718e+10,6.06285e+07,5556.33,34,9.43848,7,0.0384239
572,1.37439e+11,1.83372e+08,5840.48,37,9.41211,8,0.0385805
573,1.718e+10,3.76397e+07,5494.43,34,9.06152,7,0.0351976
574,1.718e+10,5.88163e+07,6408.69,34,9.03125,9,0.0349439
575,8.59006e+09,2.205e+07,4530.98,33,8.73438,7,0.0372308
576,2.74878e+11,5.01756e+08,4034.46,38,8.61621,6,0.0360029
577,1.37439e+11,1.86352e+08,4990.92,37,8.95508,7,0.0381588
578,2.19902e+12,2.22938e+09,5134.88,41,8.52637,7,0.0343528
579,1.09951e+12,2.02444e+09,6729.32,40,9.44922,8,0.0375303
580,6.87196e+10,1.54121e+08,5486.57,36,9.1748,7,0.0379214
581,6.87196e+10,1.33631e+08,5710.03,36,9.10547,7,0.0370136
582,1.09951e+12,1.21105e+09,7073.47,40,9.6084,8,0.0387177
583,1.37439e+11,2.38096e+08,7353.72,37,10.0498,8,0.0420613
584,6.87196e+10,1.36282e+08,5446.9,36,9.23926,7,0.0380106
585,2.74878e+11,7.154e+08,3637.32,38,8.02734,6,0.0346641
586,3.43598e+10,6.57369e+07,4010.94,35,8.42969,6,0.035848
587,8.79609e+12,9.23577e+09,4040.28,43,8.71387,6,0.0383576
588,5.49756e+11,5.83745e+08,4134.93,39,8.79883,6,0.0386338
589,1.09951e+12,1.73997e+09,7145.48,40,9.85352,8,0.0409957
590,6.87196e+10,1.00183e+08,4022.75,36,8.48633,6,0.0371102
591,6.87196e+10,2.05111e+08,2395.95,36,7.59668,5,0.0339296
592,4.39805e+12,6.66609e+09,2918.84,42,8.12598,6,0.0363445
593,2.74878e+11,5.78166e+08,4765.93,38,8.5752,7,0.0381405
594,1.75922e+13,1.73242e+10,2700.57,44,7.95508,5,0.033645
595,1.718e+10,5.7205e+07,3999.03,34,8.61719,6,0.0363004
596,6.87196e+10,1.66257e+08,3962.71,36,8.40234,6,0.0389741
597,6.87196e+10,1.04117e+08,2630.15,36,7.64551,5,0.0341409
598,2.19902e+12,3.92209e+09,2199.94,41,7.72168,5,0.0366252
599,5.49756e+11,7.19734e+08,2620.44,39,7.66016,5,0.0361513
600,1.718e+10,3.73463e+07,3651.5,34,7.87695,6,0.0356652
601,8.59004e+09,1.43636e+07,2823.1,33,7.40527,5,0.0330476
602,1.718e+10,2.5398e+07,2535.16,34,7.25488,5,0.0320534
603,6.87196e+10,1.76726e+08,3393.79,36,8.0957,6,0.0354037
604,3.43599e+10,7.63438e+07,3938.03,35,8.18164,6,0.0356056
605,2.74878e+11,3.42123e+08,2900.72,38,7.9707,5,0.0353121
606,1.37439e+11,2.75017e+08,2654.09,37,7.70898,5,0.0351823
607,6.87196e+10,2.20072e+08,2339.85,36,7.70508,5,0.0341132
608,1.718e+10,5.54108e+07,2620.44,34,7.72168,5,0.0342969
609,1.09951e+12,1.65606e+09,2762.17,40,8.03613,5,0.0356171
610,2.19902e+12,2.4525e+09,4963.37,41,8.82617,7,0.038545
611,2.19902e+12,3.47631e+09,3431.79,41,8.40332,6,0.0382761
612,2.74878e+11,4.78503e+08,3355.41,38,8.20312,6,0.0380963
613,2.74878e+11,6.00961e+08,4500.95,38,8.5752,7,0.0383735
614,1.718e+10,3.84863e+07,3822.58,34,8.51758,6,0.0387831
615,5.49756e+11,7.96332e+08,2757.91,39,7.88867,5,0.0370245
616,5.49756e+11,8.45537e+08,4010.94,39,8.41406,6,0.0372295
617,6.87196e+10,8.35683e+07,2477.49,36,7.20996,5,0.033652
618,2.19902e+12,4.03772e+09,2826.95,41,7.47656,5,0.0337193
619,3.51844e+13,3.46322e+10,2488.11,45,7.25391,5,0.0350237
620,8.79609e+12,1.11298e+10,4520.99,43,8.53711,7,0.0405515
621,5.49756e+11,5.65618e+08,2477.49,39,7.25879,5,0.0315161
622,4.29507e+09,1.99625e+07,4981.75,32,8.38184,7,0.0383935
623,2.74878e+11,4.49672e+08,3686.64,38,7.9082,6,0.0344157
624,8.59004e+09,2.19804e+07,1658.35,33,6.67578,4,0.032056
625,1.718e+10,3.97176e+07,3117.65,34,7.74121,6,0.0355455
626,2.19902e+12,2.20039e+09,1804.91,41,7.32617,4,0.0343129
627,4.39805e+12,5.54715e+09,5357.41,42,9.24219,7,0.0408991
628,1.09951e+12,1.25447e+09,6594.41,40,9.63867,8,0.0446747
629,4.39805e+12,4.52916e+09,6479.72,42,9.72266,8,0.0464394
630,2.19902e+12,2.8336e+09,5631.18,41,9.7373,7,0.0439744
631,1.75922e+13,1.79549e+10,5099.37,44,8.85547,7,0.0414399
632,5.49756e+11,9.26963e+08,6936.52,39,9.89551,8,0.0467194
633,5.49756e+11,1.38842e+09,5222.21,39,9.34863,7,0.0419713
634,3.51844e+13,3.45196e+10,3855.34,45,8.52051,6,0.0382798
635,1.40737e+14,1.37784e+11,5178.81,47,9.0752,7,0.0415889
636,5.49756e+11,1.77502e+09,5744.56,39,9.38086,7,0.0419517
637,4.39805e+12,4.83447e+09,7042.23,42,9.75781,8,0.0434088
638,2.81475e+14,3.0356e+11,5298.97,48,9.86621,7,0.0434544
639,1.40737e+14,1.55047e+11,4113.41,47,9.61816,6,0.0434088
640,1.40737e+14,1.61952e+11,2625.3,47,8.16504,5,0.0380828
641,1.75922e+13,1.83708e+10,2390.4,44,8.51758,5,0.0399117
642,4.5036e+15,4.42957e+12,3741.93,52,9.1543,6,0.0419447
643,8.79609e+12,1.98532e+10,4005,43,9.48145,6,0.0423955
644,7.03687e+13,1.4743e+11,5081.49,46,9.68555,7,0.0453668
645,1.1259e+15,1.11615e+12,5454.88,50,10.0371,7,0.0459701
646,8.79609e+12,1.92444e+10,2630.15,43,9.10645,5,0.0458604
647,3.60288e+16,3.56714e+13,2311.3,55,8.8916,5,0.0444051
648,4.39805e+12,2.2922e+10,4389.66,42,9.0918,7,0.0421442
649,3.51844e+13,4.90097e+10,4972.57,45,9.56934,7,0.0417434
650,4.39805e+12,1.0286e+10,4981.75,42,9.51855,7,0.0456245
651,8.79609e+12,2.66616e+10,2241.48,43,8.40625,5,0.0394834
652,1.75922e+13,1.85619e+10,5230.83,44,9.46973,7,0.0444656
653,5.6295e+14,5.70233e+11,5494.43,49,10.2695,7,0.0456807
654,2.81475e+14,3.68068e+11,5727.07,48,10.6377,8,0.0491066
655,5.6295e+14,7.97664e+11,5222.21,49,10.127,7,0.045908
656,1.80144e+16,1.77935e+13,6304.01,54,10.9844,8,0.0520167
657,2.8823e+17,3.16721e+14,6560.21,58,10.8389,8,0.0502211
658,5.6295e+14,1.72659e+12,7073.47,49,11.1084,8,0.0485619
659,2.2518e+15,2.42521e+12,8252.3,51,11.4258,9,0.0497973
660,1.15292e+18,1.13512e+15,9590.16,60,12.4414,10,0.0556498
661,1.40737e+14,2.11341e+11,5952.54,47,10.5918,8,0.0495965
662,1.1259e+15,1.35178e+12,6136.21,50,11.0752,8,0.0507844
663,4.5036e+15,5.85056e+12,6989.67,52,11.582,8,0.0516116
664,1.80144e+16,1.82611e+13,6063.21,54,11.3525,8,0.0512188
665,1.1259e+15,1.51177e+12,4765.93,50,10.1289,7,0.0480847
666,2.2518e+15,2.43473e+12,4794.62,51,10.0068,7,0.046371
667,3.51844e+13,1.67736e+11,8081.35,45,11.665,9,0.0520147
668,2.81475e+14,4.69842e+11,6280.26,48,10.8877,8,0.0501574
669,1.40737e+14,2.45204e+11,5349.14,47,10.2637,7,0.0479249
670,1.40737e+14,4.51878e+11,6560.21,47,10.7139,8,0.0510062
671,7.03687e+13,1.81741e+11,5398.45,46,10.3506,7,0.0480884
672,4.5036e+15,5.87887e+12,6554.25,52,10.8291,9,0.0495608
673,2.81475e+14,5.74808e+11,7155.67,48,11.1963,8,0.0510996
674,9.0072e+15,1.76628e+13,5009.19,53,10.416,7,0.0464356
675,1.75922e+13,3.65285e+10,3987.02,44,9.73047,6,0.046254
676,1.15292e+18,1.12687e+15,5187.53,60,10.0547,7,0.0459119
677,7.20576e+16,7.09365e+13,5398.45,56,10.4453,7,0.0487569
678,7.03687e+13,1.1822e+11,7052.67,46,10.71,8,0.0484816
679,2.81475e+14,4.41303e+11,5852.99,48,10.25,8,0.045065
680,1.84467e+19,1.80144e+16,6893.58,64,10.4736,8,0.0466428
681,5.6295e+14,5.85975e+11,7804.88,49,10.3545,9,0.0462712
682,7.20576e+16,7.17589e+13,5187.53,56,9.72754,7,0.0438134
683,2.81475e+14,2.91265e+11,5638.51,48,10.0566,7,0.0444971
684,2.81475e+14,4.23552e+11,4708.09,48,9.49219,7,0.0449226
685,2.2518e+15,2.36638e+12,5036.45,51,9.80859,7,0.0445283
686,2.19902e+12,5.36338e+09,5247.37,41,9.38574,8,0.043665
687,4.5036e+15,4.71479e+12,2718.6,52,8.82227,5,0.0419207
688,5.6295e+14,6.30772e+11,3835.74,49,9.31641,6,0.0446815
689,4.5036e+15,4.45202e+12,5717,52,10.373,7,0.0465233
690,2.81475e+14,3.65188e+11,5398.45,48,10.1621,7,0.0463091
691,8.79609e+12,2.87327e+10,5332.51,43,10.0488,7,0.0488718
692,2.81475e+14,3.17155e+11,5486.57,48,10.252,7,0.0465349
693,8.79609e+12,1.47261e+10,7716.16,43,10.8242,9,0.0513645
694,1.75922e+13,2.1335e+10,7247.41,44,10.0713,9,0.0453556
695,1.40737e+14,1.8709e+11,6718.19,47,10.749,8,0.0486002
696,1.1259e+15,1.44956e+12,6232.54,50,10.5264,8,0.0483033
697,1.1259e+15,1.10915e+12,5340.83,50,9.82617,7,0.0452485
698,1.75922e+13,5.42272e+10,6850.26,44,10.2676,8,0.0454168
699,2.2518e+15,2.20342e+12,7476.26,51,10.4668,8,0.04607
700,1.40737e+14,1.49095e+11,6468.14,47,10.4268,8,0.0481675
701,3.51844e+13,6.991e+10,6795.62,45,10.6582,8,0.050018
702,2.81475e+14,3.69146e+11,4954.15,48,10.041,7,0.0476245
703,2.81475e+14,3.48105e+11,7512.9,48,11.3389,8,0.0515578
704,8.79609e+12,3.16877e+10,7155.67,43,10.6826,8,0.0496899
705,1.1259e+15,2.39718e+12,6479.72,50,10.2373,8,0.0477042
706,1.40737e+14,1.43055e+11,5036.45,47,9.55273,7,0.0476598
707,3.51844e+13,7.40067e+10,6148.31,45,9.86719,8,0.044747
708,9.0072e+15,9.66151e+12,7052.67,53,10.5107,8,0.0471693
709,7.03687e+13,1.54034e+11,5548.69,46,10.1133,7,0.0460163
710,2.2518e+15,2.95518e+12,5161.3,51,9.58984,7,0.0482916
711,4.5036e+15,4.65283e+12,4077,52,9.0791,7,0.0450598
712,1.80144e+16,1.80492e+13,3728.22,54,8.9082,6,0.0416438
713,1.40737e+14,2.79185e+11,2663.54,47,8.02344,5,0.0403497
714,2.8823e+17,2.82133e+14,2193.95,58,8.38184,5,0.0429872
715,3.60288e+16,3.66081e+13,1760.49,55,8.3916,4,0.0418431
716,2.2518e+15,2.28646e+12,2901.94,51,8.32227,6,0.0400626
717,9.0072e+15,8.83245e+12,4087.63,53,9.57129,7,0.0431577
718,3.51844e+13,6.08473e+10,5315.79,45,9.8252,7,0.0468151
719,3.60288e+16,3.5629e+13,2823.1,55,8.74414,5,0.0416971
720,7.03687e+13,1.20967e+11,3861.83,46,9.53516,6,0.0485706
721,1.15292e+18,1.12722e+15,3822.58,60,9.69922,6,0.0455624
722,7.03687e+13,1.81827e+11,5339.73,46,10.7275,8,0.0487059
723,1.80144e+16,2.74546e+13,3931.8,54,10.0215,6,0.0477644
724,1.44115e+17,1.48948e+14,4022.75,57,10.0303,6,0.0488412
725,1.44115e+17,1.51016e+14,3874.74,57,10.1426,6,0.0460478
726,1.1259e+15,1.20236e+12,2127.37,50,8.44824,5,0.0443617
727,7.03687e+13,1.15262e+11,3198.28,46,9.44434,6,0.0477625
728,1.80144e+16,1.81478e+13,3789.31,54,9.86523,6,0.0484073
729,2.2518e+15,2.96102e+12,3679.65,51,9.90332,6,0.046708
730,1.1259e+15,1.55768e+12,2615.56,50,8.90527,5,0.0422782
731,1.1259e+15,3.21698e+12,2787.22,50,9.57422,5,0.0449356
732,7.20576e+16,7.06897e+13,3809.33,56,10.1582,6,0.0492783
733,2.81475e+14,7.21265e+11,4630.03,48,10.3389,7,0.0486536
734,2.2518e+15,3.2547e+12,3416.64,51,10.5557,6,0.0497591
735,9.0072e+15,8.92976e+12,4756.33,53,10.5234,7,0.0482753
736,9.0072e+15,9.49253e+12,3693.62,53,10.0957,6,0.0464208
737,1.40737e+14,2.32296e+11,3517.33,47,10.376,7,0.0486489
738,2.2518e+15,2.32136e+12,5248,51,11.4443,7,0.0515349
739,3.60288e+16,3.79038e+13,3355.41,55,10.9033,6,0.0521891
740,7.20576e+16,7.21951e+13,5637.95,56,11.8184,8,0.0549895
741,4.5036e+15,8.33194e+12,5462.84,52,11.9648,7,0.0536878
742,1.1259e+15,4.48423e+12,5132.77,50,11.7539,9,0.0541414
743,3.60288e+16,4.02804e+13,3762.35,55,11.0381,6,0.0513387
744,7.20576e+16,7.45819e+13,3141.98,56,10.0381,6,0.0505287
745,1.40737e+14,3.3233e+11,5027.38,47,11.1123,7,0.0503906
746,2.30584e+18,2.25473e+15,4917.09,61,11.1094,7,0.0521948
747,2.2518e+15,4.81196e+12,4358.99,51,11.0703,7,0.0540459
748,9.0072e+15,1.20129e+13,4669.19,53,11.3369,7,0.0527775
749,4.5036e+15,7.65918e+12,3035.7,52,10.3018,6,0.0500413
750,1.1259e+15,1.26463e+12,4698.39,50,11.3145,7,0.0541454
751,1.80144e+16,1.828e+13,4490.91,54,10.8428,7,0.0529504
752,5.6295e+14,1.46687e+12,4016.86,49,10.5576,6,0.0504434
753,2.2518e+15,3.94962e+12,2714.12,51,9.78711,5,0.0507768
754,1.1259e+15,1.21682e+12,2654.09,50,9.45898,5,0.0463612
755,1.1259e+15,1.44566e+12,2211.87,50,8.40918,5,0.0419649
756,1.80144e+16,2.01072e+13,2345.52,54,7.95996,5,0.0421247
757,2.81475e+14,8.10661e+11,2169.9,48,8.95605,5,0.0433418
758,2.81475e+14,6.76054e+11,2672.92,48,9.83398,5,0.0458509
759,4.5036e+15,4.70135e+12,4087.63,52,10.9111,7,0.050844
760,9.0072e+15,1.12145e+13,3378.48,53,10.6777,6,0.0553021
761,3.60288e+16,7.18146e+13,3150.06,55,10.2412,6,0.0480117
762,2.2518e+15,3.6086e+12,3762.35,51,10.9863,6,0.0561362
763,4.5036e+15,5.39229e+12,4785.07,52,11.0479,7,0.0507715
764,3.60288e+16,4.44407e+13,4266.16,55,11.1953,7,0.0539269
765,1.44115e+17,1.44451e+14,3948.38,57,10.6543,7,0.0500619
766,9.0072e+15,1.63411e+13,4952.45,53,11.7236,8,0.0546061
767,3.60288e+16,4.25734e+13,3277.55,55,10.5439,6,0.0484022
768,3.60288e+16,3.84343e+13,6548.77,55,13.1846,8,0.0596071
769,3.60288e+16,5.59695e+13,11250.8,55,15.2324,10,0.0653556
770,1.80144e+16,3.48075e+13,9248.49,54,14.5762,9,0.063701
771,7.20576e+16,1.12453e+14,12799.6,56,15.2617,11,0.0643785
772,1.80144e+16,3.62313e+13,18545.6,54,15.7373,12,0.0693465
773,1.84467e+19,1.80725e+16,15254.3,64,15.2539,11,0.0643524
774,7.20576e+16,8.60467e+13,13178.7,56,14.666,11,0.0627324
775,5.6295e+14,3.03224e+12,7265.96,49,13.0137,8,0.0570039
776,2.8823e+17,2.94725e+14,6525.84,58,13.4258,8,0.0583603
777,1.1259e+15,3.09367e+12,4155.95,50,12.3311,6,0.0533584
778,3.60288e+16,7.50293e+13,5470.78,55,12.4219,7,0.0544456
779,1.44115e+17,2.76399e+14,5502.26,57,12.8271,7,0.058198
780,1.44115e+17,1.97378e+14,5525.6,57,13.1172,7,0.0618086
781,9.0072e+15,1.11096e+13,5072.52,53,12.2363,7,0.0578351
782,3.60288e+16,3.71992e+13,4460.7,55,10.5146,7,0.0488663
783,3.60288e+16,4.76989e+13,18073.7,55,15.1045,12,0.0699647
784,1.44115e+17,2.40428e+14,12268.7,57,14.7598,11,0.0644629
785,1.80144e+16,6.11172e+13,14303.5,54,15.127,11,0.0685411
786,1.44115e+17,1.9602e+14,23375.4,57,15.4219,13,0.06763
787,4.5036e+15,1.05849e+13,14081.5,52,14.4814,11,0.0645825
788,7.20576e+16,9.0949e+13,13296.8,56,14.5322,11,0.0663531
789,5.76461e+17,6.00071e+14,9678.88,59,13.3311,10,0.0580628
790,7.20576e+16,1.23373e+14,14859.4,56,14.9375,11,0.0668459
791,9.0072e+15,1.1369e+13,15880.1,53,14.5742,12,0.0625761
792,7.20576e+16,2.53452e+14,38049.1,56,17.1523,14,0.0774681
793,9.0072e+15,1.62151e+13,35457.4,53,15.5391,14,0.0658382
794,2.8823e+17,4.70503e+14,35098.6,58,15.752,14,0.0690715
795,2.8823e+17,3.31824e+14,35319.9,58,15.7812,14,0.0655725
796,7.20576e+16,7.70955e+13,35865.5,56,15.5898,14,0.0646996
797,9.0072e+15,1.19372e+13,18439.5,53,14.291,12,0.0647544
798,2.2518e+15,7.70576e+12,23885.7,51,15.4551,13,0.0683167
799,4.5036e+15,8.05893e+12,23580.7,52,14.7197,13,0.0640355
800,9.0072e+15,1.34032e+13,18922.2,53,14.083,12,0.0616572
801,1.44115e+17,1.45237e+14,34763.4,57,14.7959,14,0.0634131
802,3.60288e+16,5.975e+13,17230.3,55,14.0244,12,0.0632155
803,5.76461e+17,7.17791e+14,18117.1,59,14.2412,12,0.0649845
804,1.1259e+15,3.943e+12,18439.5,50,14.415,12,0.0652182
805,1.44115e+17,3.29484e+14,31892.8,57,15.5234,14,0.068991
806,7.20576e+16,1.04963e+14,24730.5,56,15.3691,13,0.0691174
807,7.20576e+16,1.45795e+14,26657.1,56,15.7266,13,0.0710049
808,1.80144e+16,1.01254e+14,26302.1,54,16.1357,13,0.0739759
809,1.44115e+17,1.62108e+14,36053.8,57,16.375,14,0.07328
810,2.8823e+17,4.39789e+14,26302.1,58,15.5059,13,0.0695568
811,9.0072e+15,2.2142e+13,156610,53,18.0186,17,0.0785499
812,1.44115e+17,1.76742e+14,558864,57,19.168,19,0.0815968
813,2.8823e+17,6.01245e+14,2.14044e+06,58,20.8955,21,0.0887246
814,2.8823e+17,4.64257e+14,292458,58,18.7012,18,0.0823517
815,7.3787e+19,7.39199e+16,293513,66,18.9102,18,0.0843586
816,2.8823e+17,4.69562e+14,157341,58,18.293,17,0.0811384
817,7.20576e+16,1.25392e+14,56090.3,56,17.0332,15,0.0744062
818,2.8823e+17,8.19564e+14,93209.9,58,17.4121,16,0.0755853
819,1.15292e+18,1.20639e+15,556317,60,19.4307,19,0.0843638
820,4.61169e+18,5.33186e+15,1.085e+06,62,19.9199,20,0.0855727
821,3.68935e+19,3.62144e+16,160050,65,18.7676,17,0.0785935
822,5.76461e+17,6.61628e+14,294190,59,19.1172,18,0.0805027
823,1.84467e+19,1.92423e+16,292006,64,19.1953,18,0.0833088
824,4.61169e+18,6.0456e+15,556681,62,19.7871,19,0.0832667
825,2.30584e+18,2.41629e+15,294427,61,19.6133,18,0.0819536
826,1.15292e+18,4.61125e+15,293713,60,19.8389,18,0.0855648
827,1.15292e+18,2.65332e+15,158697,60,18.8389,17,0.0811668
828,9.44473e+21,9.23474e+18,91792.4,73,18.1758,16,0.0790042
829,2.95148e+20,2.89565e+17,92145.3,68,17.7568,16,0.0792598
830,2.36118e+21,2.59458e+18,561054,71,20.4346,19,0.0874987
831,9.22337e+18,1.01988e+16,160763,63,18.1641,17,0.077014
832,5.76461e+17,1.17847e+15,161393,59,18.0264,17,0.0764271
833,1.44115e+17,5.45407e+14,293912,57,18.9258,18,0.0816663
834,9.22337e+18,1.04061e+16,293513,63,19.043,18,0.0815669
835,2.30584e+18,2.7095e+15,157303,61,17.6992,17,0.0762281
836,1.80144e+16,7.70278e+13,1.08719e+06,54,19.6377,20,0.082311
837,2.30584e+18,3.06805e+15,164237,61,18.6279,17,0.0776285
838,5.76461e+17,7.31767e+14,295131,59,18.7344,18,0.0791321
839,5.90296e+20,5.76978e+17,1.09067e+06,69,20.9824,20,0.089936
840,2.30584e+18,3.66973e+15,2.13478e+06,61,21.041,21,0.0895517
841,3.68935e+19,3.9063e+16,1.09141e+06,65,20.7334,20,0.0887484
842,2.36118e+21,2.30593e+18,557804,71,19.6152,19,0.085919
843,5.90296e+20,6.39748e+17,558071,69,20.335,19,0.0848856
844,2.30584e+18,4.64162e+15,1.09321e+06,61,21.3457,20,0.0910902
845,2.30584e+18,4.81737e+15,161807,61,18.6201,17,0.08177
846,2.30584e+18,5.58275e+15,296051,61,19.2471,18,0.0838949
847,9.22337e+18,1.10188e+16,153183,63,18.0781,17,0.0790385
848,2.8823e+17,1.16734e+15,157797,58,18.1865,17,0.0789422
849,2.30584e+18,6.14957e+15,91663.1,61,17.1533,16,0.0744804
850,4.61169e+18,5.47493e+15,56691.5,62,15.9316,15,0.0695939
851,5.76461e+17,1.3216e+15,85997.7,59,16.626,16,0.0759674
852,4.61169e+18,4.90265e+15,90241.4,62,16.9805,16,0.073971
853,5.76461e+17,7.12611e+14,155948,59,17.5547,17,0.0762187
854,3.68935e+19,7.23919e+16,293392,65,18.5869,18,0.0784062
855,1.44115e+17,8.02154e+14,291716,57,18.8506,18,0.080893
856,1.84467e+19,1.93441e+16,295478,64,19.041,18,0.0831238
857,1.44115e+17,3.64144e+14,34903.5,57,15.7822,14,0.0714043
858,1.80144e+16,4.07207e+13,38503.6,54,16.0723,14,0.069925
859,2.30584e+18,4.83495e+15,57981.5,61,16.6289,15,0.071012
860,5.76461e+17,8.0167e+14,160763,59,18.0254,17,0.075959
861,1.15292e+18,2.79355e+15,294269,60,18.4072,18,0.0797682
862,2.8823e+17,6.43864e+14,90409.6,58,17.2627,16,0.0748518
863,9.22337e+18,9.21489e+15,55266.8,63,16.5,15,0.0720341
864,5.90296e+20,5.78189e+17,296203,69,19.2998,18,0.0847931
865,1.47574e+20,2.38673e+17,158511,67,18.8701,17,0.0812039
866,3.68935e+19,7.40845e+16,57167.3,65,17.7607,15,0.0773402
867,7.3787e+19,7.32415e+16,20108.7,66,15.2363,12,0.0685666
868,5.90296e+20,1.15597e+18,160692,69,20.0195,17,0.0868774
869,3.68935e+19,5.75063e+16,87918.9,65,17.8076,16,0.0800709
870,6.04463e+23,5.90302e+20,36921.8,79,16.7393,14,0.0763383
871,1.18059e+21,1.44729e+18,23452.6,70,14.9355,13,0.0700218
872,9.22337e+18,1.1038e+16,87812,63,17.2734,16,0.0797917
873,9.44473e+21,9.9536e+18,89902.8,73,18.6328,16,0.0825712
874,1.15292e+18,3.04792e+15,158249,60,18.8564,17,0.0823748
875,2.36118e+21,2.46168e+18,294032,71,20.2842,18,0.090164
876,4.61169e+18,4.96436e+15,159580,62,19.1309,17,0.0831305
877,4.61169e+18,6.58087e+15,160869,62,18.9531,17,0.079998
878,3.68935e+19,4.85947e+16,155555,65,18.543,17,0.0804309
879,3.68935e+19,6.01641e+16,159507,65,19.749,17,0.089537
880,5.90296e+20,5.97572e+17,162519,69,20.2812,17,0.0889585
881,1.47574e+20,1.52001e+17,52304.9,67,17.6211,15,0.0822358
882,2.30584e+18,3.39121e+15,23911,61,16.79,13,0.076198
883,1.84467e+19,2.16078e+16,88730.1,64,18.3057,16,0.0852441
884,3.68935e+19,7.04221e+16,151526,65,19.459,17,0.0863076
885,1.84467e+19,2.08573e+16,37456.4,64,17.3418,14,0.0791637
886,1.15292e+18,2.66962e+15,56061.3,60,18.1035,15,0.0817997
887,1.84467e+19,2.10533e+16,35539.5,64,17.3311,14,0.077496
888,9.22337e+18,1.52189e+16,155987,63,19.0615,17,0.0889365
889,9.22337e+18,1.38278e+16,153591,63,18.6035,17,0.0848407
890,1.84467e+19,2.12886e+16,53707.2,64,18.3701,15,0.0854974
891,7.3787e+19,9.75447e+16,154880,66,19.7061,17,0.0882799
892,3.68935e+19,4.10353e+16,15118.7,65,15.7598,11,0.0708293
893,6.04463e+23,5.99581e+20,88308.6,79,18.4902,16,0.0830569
894,1.47574e+20,2.18354e+17,55177.1,67,18.7324,15,0.0875487
895,3.77789e+22,3.9574e+19,55504.6,75,18.7803,15,0.0879167
896,1.84467e+19,3.49659e+16,56748,64,18.124,15,0.0846882
897,6.04463e+23,6.0184e+20,35457.4,79,16.8066,14,0.0810744
898,1.18059e+21,1.74471e+18,154037,70,18.6709,17,0.0942159
899,1.18059e+21,1.19611e+18,90643.9,70,18.498,16,0.0914882
900,7.3787e+19,1.53084e+17,89216.9,66,19.2949,16,0.13894
901,9.22337e+18,1.9232e+16,156260,63,19.1729,17,0.101214
902,3.68935e+19,4.05961e+16,89492.6,65,18.5137,16,0.0864936
903,1.18059e+21,2.30853e+18,155555,70,19.1104,17,0.0905444
904,1.47574e+20,2.06169e+17,157226,67,20.0361,17,0.0933801
905,2.95148e+20,3.17143e+17,554285,68,20.9854,19,0.0988065
906,2.36118e+21,3.67945e+18,2.1428e+06,71,22.3867,21,0.103143
907,1.47574e+20,2.24896e+17,1.08524e+06,67,22.0508,20,0.104347
908,1.18059e+21,1.27978e+18,89561.2,70,18.5576,16,0.107358
909,1.47574e+20,1.46186e+17,92367.8,67,18.1182,16,0.0864585
910,9.44473e+21,9.8352e+18,1.08877e+06,73,21.9785,20,0.101869
911,2.41785e+24,2.3635e+21,84767.1,81,18.9854,16,0.0910438
912,1.15292e+18,4.38058e+15,18460.7,60,16.1787,12,0.0897591
913,3.68935e+19,7.14642e+16,56061.3,65,18.4873,15,0.112169
914,3.68935e+19,6.39307e+16,560206,65,21.1729,19,0.120364
915,4.72237e+21,4.76084e+18,294936,72,20.5488,18,0.11821
916,9.22337e+18,1.78645e+16,1.08937e+06,63,22.0703,20,0.103425
917,7.3787e+19,8.44536e+16,559344,66,20.8672,19,0.127519
918,2.30584e+18,3.12624e+15,554051,61,20.1797,19,0.0951905
919,4.61169e+18,6.51551e+15,299581,62,20.2979,18,0.0932988
920,5.90296e+20,5.99702e+17,285819,69,19.0986,18,0.0984655
921,4.61169e+18,6.39009e+15,1.08298e+06,62,21.623,20,0.100488
922,2.30584e+18,5.23299e+15,89732.4,61,18.9277,16,0.0882629
923,1.47574e+20,1.80804e+17,291216,67,19.6035,18,0.0931134
924,2.36118e+21,2.89406e+18,295670,71,20.3945,18,0.133315
925,1.84467e+19,2.40752e+16,292294,64,19.6572,18,0.123752
926,2.36118e+21,2.60161e+18,159507,71,19.3145,17,0.0924006
927,9.44473e+21,9.34884e+18,560292,73,21.1592,19,0.103539
928,3.77789e+22,4.15724e+19,557938,75,21.0703,19,0.125653
929,7.3787e+19,1.66006e+17,89970.7,66,18.5068,16,0.121879
930,2.36118e+21,2.63261e+18,158287,71,19.2441,17,0.0901363
931,2.36118e+21,2.38142e+18,558513,71,21.3428,19,0.104118
932,2.36118e+21,2.35553e+18,158362,71,18.7373,17,0.0903358
933,2.95148e+20,3.01744e+17,57551.4,68,18.001,15,0.089793
934,5.90296e+20,5.89002e+17,34707.2,69,17.6572,14,0.0882347
935,2.95148e+20,2.95759e+17,556636,68,20.4443,19,0.0956982
936,5.90296e+20,1.11074e+18,556952,69,21.0381,19,0.100646
937,1.18059e+21,1.17287e+18,90004.7,70,17.9609,16,0.0891135
938,1.18059e+21,1.25855e+18,286583,70,19.6494,18,0.0926986
939,5.90296e+20,6.72853e+17,90510.2,69,18.0293,16,0.0878044
940,3.68935e+19,8.00347e+16,288916,65,19.875,18,0.0980782
941,2.36118e+21,4.6138e+18,89423.8,71,17.9424,16,0.0843363
942,7.3787e+19,2.03643e+17,150853,66,18.3057,17,0.0887576
943,3.68935e+19,8.49428e+16,155040,65,17.834,17,0.0874514
944,3.68935e+19,5.68971e+16,155633,65,18.6514,17,0.0878917
945,9.44473e+21,9.53148e+18,157264,73,19.3535,17,0.0875788
946,3.02231e+23,2.95228e+20,293912,78,20.2764,18,0.0962202
947,5.90296e+20,7.58259e+17,1.08543e+06,69,22.3994,20,0.105516
948,2.95148e+20,3.94006e+17,549421,68,20.6377,19,0.102926
949,1.47574e+20,2.08375e+17,562586,67,21.1426,19,0.104473
950,5.90296e+20,8.32962e+17,1.07833e+06,69,21.8369,20,0.102737
951,5.90296e+20,6.66503e+17,558864,69,21.8672,19,0.102989
952,2.95148e+20,5.82513e+17,1.08147e+06,68,22.2549,20,0.107616
953,2.36118e+21,2.64961e+18,285003,71,20.0771,18,0.0962336
954,1.47574e+20,1.80044e+17,89800.6,67,18.917,16,0.0883156
955,2.36118e+21,2.44692e+18,156610,71,19.8896,17,0.0935618
956,5.90296e+20,8.83419e+17,294545,69,20.4199,18,0.0986794
957,9.67141e+24,9.44519e+21,56090.3,83,17.541,15,0.0837328
958,1.20893e+24,1.94663e+21,552199,80,21.4307,19,0.106369
959,9.44473e+21,1.35099e+19,287339,73,20.5283,18,0.099782
960,3.02231e+23,4.53354e+20,556862,78,22.1279,19,0.109148
961,6.04463e+23,5.95294e+20,1.08465e+06,79,22.5869,20,0.107986
962,3.02231e+23,2.96105e+20,1.085e+06,78,22.1895,20,0.103442
963,2.36118e+21,5.30601e+18,556862,71,21.127,19,0.100446
964,3.77789e+22,7.05654e+19,292540,75,21.1104,18,0.0989152
965,4.72237e+21,9.82276e+18,558733,72,21.5156,19,0.098827
966,2.95148e+20,5.07068e+17,291758,68,19.6504,18,0.0941458
967,1.88895e+22,4.03897e+19,289991,74,19.2559,18,0.0924976
968,7.3787e+19,2.81646e+17,91889.1,66,18.0693,16,0.0886441
969,4.72237e+21,7.28049e+18,91009,72,18.21,16,0.0851286
970,2.47588e+27,2.41786e+24,289262,91,19.0918,18,0.0893708
971,5.90296e+20,7.10095e+17,153875,69,18.1318,17,0.0864324
972,1.20893e+24,1.18437e+21,88904.6,80,17.502,16,0.0850663
973,1.51116e+23,3.14277e+20,24559,77,15.7588,13,0.0785418
974,9.67141e+24,9.45115e+21,51782.8,83,16.6602,15,0.0826011
975,6.04463e+23,7.51936e+20,51387.2,79,15.9102,15,0.0787077
976,1.18059e+21,1.34746e+18,25984.7,70,15.2656,13,0.0785754
977,7.92282e+28,7.73713e+25,15495.3,96,14.2979,12,0.0717474
978,3.02231e+23,3.74971e+20,10786.6,78,13.248,10,0.0650425
979,4.8357e+24,4.90526e+21,85292.3,82,17.4678,16,0.0848618
980,2.41785e+24,2.37462e+21,16540.9,81,15.3057,12,0.0756675
981,4.72237e+21,7.87031e+18,34875.6,72,17.3525,14,0.0840821
982,1.23794e+27,1.20956e+24,35675.8,90,17.709,14,0.0857661
983,3.77789e+22,5.4573e+19,160050,75,19.7119,17,0.100495
984,3.77789e+22,4.01647e+19,293553,75,21.71,18,0.106718
985,7.73713e+25,7.5564e+22,558337,86,22.2021,19,0.11102
986,2.36118e+21,3.28593e+18,32676.4,71,18.1211,14,0.0907546
987,7.55579e+22,9.55615e+19,286940,76,20.4717,18,0.0990734
988,2.36118e+21,4.80249e+18,158024,71,19.3906,17,0.0948002
989,4.72237e+21,8.49262e+18,554798,72,21.7471,19,0.107511
990,5.90296e+20,1.26639e+18,294230,69,21.1797,18,0.10406
991,2.47588e+27,2.41815e+24,292376,91,20.8779,18,0.102913
992,1.93428e+25,1.89043e+22,556590,84,21.6943,19,0.10483
993,1.20893e+24,1.25766e+21,154440,80,19.0264,17,0.0931418
994,1.51116e+23,1.55279e+20,90140.1,77,18.5254,16,0.0881967
995,1.51116e+23,1.49336e+20,293713,77,20.75,18,0.105473
996,6.04463e+23,9.19318e+20,2.13574e+06,79,23.5449,21,0.109024
997,6.04463e+23,5.9365e+20,2.13841e+06,79,23.3818,21,0.108623
998,2.41785e+24,2.4006e+21,548527,81,21.5508,19,0.101374
999,1.18059e+21,2.19693e+18,292703,70,20.501,18,0.0974271
1000,1.18059e+21,1.26638e+18,157797,70,19.665,17,0.0913282
1001,3.77789e+22,3.79578e+19,558733,75,21.5469,19,0.102379
1002,9.67141e+24,9.53343e+21,87776.4,83,19.5137,16,0.096329
1003,9.44473e+21,2.57434e+19,288263,73,21.2041,18,0.0991493
1004,2.41785e+24,2.66293e+21,37203.6,81,18.8857,14,0.0922038
1005,1.18059e+21,2.17427e+18,159906,70,20.332,17,0.0972541
1006,1.18059e+21,1.67562e+18,25117.5,70,17.7988,13,0.0847698
1007,4.72237e+21,5.81089e+18,36531.3,72,18.501,14,0.085344
1008,1.88895e+22,1.86842e+19,5036.45,74,14.8164,7,0.0733433
1009,1.20893e+24,1.19137e+21,7892.94,80,15.0732,9,0.0735286
1010,9.90352e+27,9.6717e+24,26098.8,93,17.4951,13,0.0851018
1011,5.90296e+20,1.44216e+18,10655.1,69,15.5,10,0.0775044
1012,7.55579e+22,7.69834e+19,15567.8,76,16.6445,12,0.0791399
1013,9.67141e+24,1.096e+22,34024.4,83,19.0527,14,0.0904727
1014,9.44473e+21,9.4059e+18,89008.9,73,19.8633,16,0.0933099
1015,4.72237e+21,7.20494e+18,91663.1,72,20.0762,16,0.100635
1016,3.02231e+23,2.95693e+20,161601,78,20.9326,17,0.10483
1017,1.88895e+22,2.44895e+19,8.42954e+06,74,24.2354,23,0.111545
1018,1.88895e+22,2.94036e+19,292826,74,21.4902,18,0.102937
1019,3.77789e+22,3.96188e+19,17388.2,75,17.499,12,0.0832098
1020,1.93428e+25,1.89113e+22,293311,84,21.5,18,0.107716
1021,7.55579e+22,7.46682e+19,85404.2,76,18.7988,16,0.0913369
1022,1.51116e+23,1.52326e+20,8.43205e+06,77,25.2354,23,0.122512
1023,7.55579e+22,2.31103e+20,4.23459e+06,76,25.2783,22,0.123671
1024,1.18059e+21,3.77806e+18,2.13732e+06,70,24.6855,21,0.125426
1025,1.88895e+22,2.35182e+19,1.07765e+06,74,23.3799,20,0.116429
1026,2.95148e+20,1.04227e+18,554752,68,21.7109,19,0.107934
1027,2.36118e+21,5.84602e+18,2.13877e+06,71,24.1309,21,0.116839
1028,3.02231e+23,3.01506e+20,1.68216e+07,78,26.2314,24,0.131826
1029,6.04463e+23,7.1007e+20,1.07382e+09,79,30.2373,30,0.146249
1030,5.90296e+20,1.32807e+18,4.29504e+09,69,29.6152,32,0.14366
1031,1.88895e+22,5.95177e+19,2.14755e+09,74,29.0117,31,0.137322
1032,9.67141e+24,9.48914e+21,2.14756e+09,83,29.418,31,0.140934
1033,7.55579e+22,1.11686e+20,1.68253e+07,76,25.498,24,0.124454
1034,1.51116e+23,1.57659e+20,4.23711e+06,77,24.7979,22,0.119938
1035,3.77789e+22,7.49269e+19,1.34293e+08,75,29.374,27,0.138682
1036,7.55579e+22,1.72406e+20,2.68503e+08,76,28.0879,28,0.135154
1037,7.55579e+22,1.36003e+20,1.68263e+07,76,26.6074,24,0.131408
1038,2.41785e+24,3.70424e+21,3.36065e+07,81,27.1826,25,0.139706
1039,3.96141e+28,5.80298e+25,1.34284e+08,95,28.3184,27,0.146409
1040,7.55579e+22,1.56053e+20,1.68278e+07,76,27.127,24,0.130988
1041,7.92282e+28,7.7398e+25,3.36056e+07,96,27.1816,25,0.134853
1042,3.86856e+25,3.78703e+22,1.68343e+07,85,26.1064,24,0.131541
1043,3.86856e+25,3.8372e+22,560717,85,23.2705,19,0.114729
1044,3.86856e+25,3.79617e+22,3.36047e+07,85,27.0254,25,0.136575
1045,6.1897e+26,6.08008e+23,1.07381e+09,89,29.96,30,0.144884
1046,2.47588e+27,2.57604e+24,1.07381e+09,91,29.7783,30,0.148325
1047,7.92282e+28,7.73737e+25,2.68498e+08,96,29.1816,28,0.147545
1048,6.04463e+23,1.64863e+21,4.29506e+09,79,31.4229,32,0.156572
1049,9.67141e+24,1.90472e+22,3.36061e+07,83,27.54,25,0.136329
1050,1.54743e+26,1.67853e+23,5.36946e+08,87,29.3652,29,0.15113
1051,1.54743e+26,1.51984e+23,3.36147e+07,87,27.5762,25,0.140177
1052,1.20893e+24,1.9184e+21,1.718e+10,80,32.4824,34,0.162726
1053,7.92282e+28,7.73788e+25,6.71722e+07,96,27.5703,26,0.139192
1054,1.23794e+27,1.37421e+24,1.07382e+09,90,29.7217,30,0.145936
1055,3.77789e+22,9.80651e+19,2.14756e+09,75,29.6162,31,0.148057
1056,1.54743e+26,1.52476e+23,1.07382e+09,87,29.041,30,0.143196
1057,2.41785e+24,3.29797e+21,1.34283e+08,81,27.7217,27,0.135231
1058,3.96141e+28,3.88482e+25,4.29506e+09,95,30.2676,32,0.151365
1059,2.41785e+24,3.36426e+21,2.68503e+08,81,28.374,28,0.140898
1060,9.90352e+27,9.67356e+24,4.29505e+09,93,30.1523,32,0.149009
1061,4.8357e+24,5.40323e+21,8.59002e+09,82,29.4912,33,0.153413
1062,1.51116e+23,3.59693e+20,5.36948e+08,77,27.9092,29,0.138774
1063,6.04463e+23,1.28848e+21,8.59002e+09,79,30.3496,33,0.150081
1064,7.92282e+28,7.73808e+25,1.6824e+07,96,26.5918,24,0.132988
1065,9.90352e+27,9.67387e+24,2.13722e+06,93,25.3779,21,0.127493
1066,9.67141e+24,1.40006e+22,1.07382e+09,83,29.4639,30,0.145487
1067,3.96141e+28,3.88382e+25,2.14757e+09,95,30.1094,31,0.149944
1068,7.92282e+28,7.73907e+25,5.36951e+08,96,28.8125,29,0.143794
1069,6.04463e+23,8.52766e+20,5.36939e+08,79,29.248,29,0.147952
1070,1.23794e+27,1.28456e+24,1.68305e+07,90,25.8428,24,0.126415
1071,1.54743e+26,1.53715e+23,1.68252e+07,87,26.9521,24,0.135037
1072,2.47588e+27,2.41943e+24,3.36113e+07,91,26.6445,25,0.137053
1073,1.20893e+24,2.83573e+21,3.36126e+07,80,26.7109,25,0.132197
1074,2.41785e+24,4.26264e+21,8.43205e+06,81,25.8291,23,0.132008
1075,4.8357e+24,7.33065e+21,2.68504e+08,82,28.2949,28,0.14677
1076,7.73713e+25,1.13411e+23,1.3427e+08,86,26.5762,27,0.134794
1077,9.67141e+24,1.07281e+22,1.07381e+09,83,29.6357,30,0.14788
1078,3.77789e+22,9.30783e+19,1.68203e+07,75,25.9297,24,0.127442
1079,1.51116e+23,2.28413e+20,8.43555e+06,77,25.2812,23,0.125726
1080,3.86856e+25,4.27193e+22,1.3429e+08,85,27.7383,27,0.139787
1081,1.88895e+22,3.77402e+19,6.71704e+07,74,26.6357,26,0.134753
1082,1.23794e+27,1.21842e+24,2.14757e+09,90,30.6807,31,0.150529
1083,6.04463e+23,7.62741e+20,1.68318e+07,79,25.876,24,0.12881
1084,3.02231e+23,7.09667e+20,4.29505e+09,78,31.1934,32,0.157588
1085,7.92282e+28,7.97897e+25,1.34267e+08,96,27.0762,27,0.135827
1086,7.92282e+28,7.73811e+25,4.29504e+09,96,30.3809,32,0.151282
1087,1.9807e+28,3.86971e+25,1.718e+10,94,31.8096,34,0.158783
1088,6.04463e+23,6.14904e+20,1.71799e+10,79,31.5,34,0.15759
1089,1.23794e+27,1.24713e+24,1.718e+10,90,32.6709,34,0.164649
1090,3.02231e+23,4.94271e+20,2.14756e+09,78,30.4766,31,0.149016
1091,6.1897e+26,6.19376e+23,8.59001e+09,89,31.3506,33,0.156614
1092,7.92282e+28,7.73738e+25,8.59001e+09,96,31.6006,33,0.162521
1093,6.04463e+23,1.64972e+21,2.14756e+09,79,31.3057,31,0.153915
1094,9.67141e+24,1.06943e+22,1.71799e+10,83,32.5322,34,0.164285
1095,4.8357e+24,7.19501e+21,1.718e+10,82,32.1201,34,0.159067
1096,2.47588e+27,2.43723e+24,2.14756e+09,91,29.9395,31,0.148402
1097,1.20893e+24,1.29162e+21,8.59001e+09,80,31.7754,33,0.162539
1098,1.23794e+27,1.28563e+24,3.43599e+10,90,33.8057,35,0.165839
1099,7.92282e+28,7.73762e+25,1.07383e+09,96,28.832,30,0.142341
1100,9.67141e+24,1.09283e+22,3.43598e+10,83,32.7598,35,0.164636
1101,1.88895e+22,5.09365e+19,6.87196e+10,74,34.0576,36,0.167391
1102,1.20893e+24,1.46404e+21,3.43599e+10,80,33.3535,35,0.158543
1103,1.93428e+25,1.92852e+22,1.37439e+11,84,33.8975,37,0.166308
1104,9.67141e+24,1.12006e+22,2.74878e+11,83,35.3096,38,0.172695
1105,7.92282e+28,7.73717e+25,3.43598e+10,96,33.1182,35,0.161182
1106,7.92282e+28,1.54917e+26,1.37439e+11,96,35.8525,37,0.17599
1107,1.23794e+27,1.20942e+24,8.59004e+09,90,32.1602,33,0.158784
1108,7.92282e+28,8.7084e+25,1.718e+10,96,33.3613,34,0.173003
1109,7.92282e+28,7.74499e+25,1.718e+10,96,33.5176,34,0.167738
1110,6.1897e+26,6.20029e+23,3.43598e+10,89,33.8232,35,0.167206
1111,7.92282e+28,1.54745e+26,2.14758e+09,96,30.873,31,0.158393
1112,7.92282e+28,1.65021e+26,4.29505e+09,96,31.8994,32,0.167443
1113,1.23794e+27,2.73487e+24,1.718e+10,90,32.5137,34,0.171424
1114,7.92282e+28,7.79853e+25,1.718e+10,96,32.3877,34,0.225863
1115,1.54743e+26,2.37102e+23,1.71799e+10,87,33.583,34,0.176436
1116,7.73713e+25,7.59701e+22,3.43598e+10,86,33.2773,35,0.173178
1117,7.55579e+22,2.48148e+20,1.718e+10,76,32.541,34,0.168554
1118,1.20893e+24,3.97958e+21,4.29505e+09,80,31.4219,32,0.162807
1119,7.55579e+22,1.60926e+20,2.14756e+09,76,29.8721,31,0.200339
1120,2.47588e+27,2.42279e+24,5.36942e+08,91,28.4316,29,0.176618
1121,1.88895e+22,4.88637e+19,3.43598e+10,74,33.3545,35,0.203679
1122,1.88895e+22,3.13648e+19,4.29503e+09,74,29.7207,32,0.151214
1123,7.92282e+28,7.7372e+25,4.29506e+09,96,31.7705,32,0.161296
1124,6.1897e+26,6.16669e+23,2.14757e+09,89,30.7402,31,0.155923
1125,1.88895e+22,4.76162e+19,2.14755e+09,74,30.6719,31,0.161646
1126,6.1897e+26,6.10673e+23,2.14756e+09,89,30.1279,31,0.194727
1127,3.86856e+25,3.78895e+22,5.36939e+08,85,29.9971,29,0.153637
1128,7.92282e+28,7.85803e+25,2.14757e+09,96,30.8857,31,0.172631
1129,1.88895e+22,6.12656e+19,1.68386e+07,74,27.6982,24,0.141419
1130,7.92282e+28,7.73764e+25,1.34286e+08,96,28.377,27,0.181768
1131,7.92282e+28,7.73722e+25,2.14756e+09,96,31.1436,31,0.175172
1132,4.95176e+27,7.27375e+24,2.14756e+09,92,30.8955,31,0.158744
1133,3.86856e+25,4.54674e+22,2.68507e+08,85,29.1055,28,0.17888
1134,7.92282e+28,1.64414e+26,1.07382e+09,96,29.8438,30,0.149621
1135,7.92282e+28,7.73716e+25,5.36939e+08,96,28.9531,29,0.147272
1136,7.92282e+28,7.73905e+25,1.34266e+08,96,27.418,27,0.137163
1137,3.86856e+25,4.25248e+22,8.43445e+06,85,24.6162,23,0.122735
1138,3.09485e+26,3.03465e+23,2.68494e+08,88,28.2715,28,0.148197
1139,7.92282e+28,7.73772e+25,1.3428e+08,96,27.2539,27,0.132677
1140,2.41785e+24,3.71954e+21,5.36941e+08,81,29.8135,29,0.151113
1141,2.47588e+27,2.42166e+24,1.07382e+09,91,30.1299,30,0.146655
1142,6.1897e+26,6.19246e+23,1.07381e+09,89,28.874,30,0.143723
1143,1.23794e+27,1.23174e+24,2.14757e+09,90,29.7354,31,0.147873
1144,4.95176e+27,4.87674e+24,4.29505e+09,92,30.5664,32,0.14961
1145,1.54743e+26,1.51375e+23,1.07381e+09,87,28.9854,30,0.145749
1146,2.41785e+24,2.71114e+21,2.68491e+08,81,26.8262,28,0.129491
1147,7.73713e+25,8.0383e+22,2.68503e+08,86,27.252,28,0.134544
1148,1.20893e+24,1.85594e+21,4.29505e+09,80,30.7959,32,0.149334
1149,3.02231e+23,3.05713e+20,2.14756e+09,78,30.2041,31,0.147881
1150,9.67141e+24,2.84801e+22,1.68284e+07,83,26.0039,24,0.129024
1151,1.88895e+22,4.35815e+19,1.68324e+07,74,25.8711,24,0.126367
1152,7.92282e+28,1.54745e+26,1.34268e+08,96,27.7373,27,0.137182
1153,3.77789e+22,1.44579e+20,2.68502e+08,75,28.3018,28,0.145057
1154,1.93428e+25,2.18904e+22,8.43573e+06,84,25.2891,23,0.128549
1155,1.88895e+22,7.01346e+19,2.13928e+06,74,24.7773,21,0.121886
1156,3.86856e+25,3.90425e+22,8.43087e+06,85,25.0195,23,0.127106
1157,7.73713e+25,9.45633e+22,1.34273e+08,86,27.9932,27,0.13943
1158,1.51116e+23,3.87564e+20,2.685e+08,77,28.0664,28,0.134466
1159,1.23794e+27,1.20899e+24,2.68504e+08,90,27.4014,28,0.135747
1160,1.51116e+23,4.25552e+20,8.42477e+06,77,24.498,23,0.119049
1161,7.73713e+25,7.64444e+22,8.43267e+06,86,24.9834,23,0.126173
1162,2.41785e+24,2.41586e+21,5.36948e+08,81,28.5615,29,0.146084
1163,2.41785e+24,3.99509e+21,1.07381e+09,81,28.0361,30,0.138708
1164,1.93428e+25,1.90462e+22,6.71691e+07,84,26.79,26,0.136137
1165,3.02231e+23,5.11731e+20,551379,78,22.8096,19,0.116104
1166,4.8357e+24,6.19949e+21,1.34271e+08,82,26.4102,27,0.128973
1167,7.73713e+25,7.57901e+22,2.13979e+06,86,24.1885,21,0.122108
1168,6.1897e+26,9.16202e+23,6.71738e+07,89,26.7988,26,0.131845
1169,3.86856e+25,1.37916e+23,1.07381e+09,85,29.8271,30,0.150519
1170,2.41785e+24,3.76426e+21,2.14755e+09,81,29.9238,31,0.149553
1171,3.02231e+23,1.33496e+21,5.36929e+08,78,28.8584,29,0.143407
1172,1.93428e+25,1.92912e+22,1.34264e+08,84,27.2656,27,0.137612
1173,1.93428e+25,1.89753e+22,1.0738e+09,84,29.2734,30,0.147241
1174,1.20893e+24,3.01165e+21,8.59002e+09,80,31.5986,33,0.155457
1175,3.09485e+26,3.22021e+23,1.718e+10,88,31.1982,34,0.157566
1176,7.92282e+28,7.74684e+25,1.71799e+10,96,31.291,34,0.161928
1177,7.92282e+28,1.54791e+26,1.718e+10,96,32.2725,34,0.163282
1178,3.02231e+23,5.69088e+20,4.29505e+09,78,31.0537,32,0.1583
1179,1.20893e+24,4.38472e+21,5.36932e+08,80,28.9707,29,0.146053
1180,3.86856e+25,4.02235e+22,2.68507e+08,85,28.542,28,0.14731
1181,7.73713e+25,7.66055e+22,1.718e+10,86,32.1455,34,0.159171
1182,7.92282e+28,8.70451e+25,1.71799e+10,96,31.4443,34,0.158079
1183,1.23794e+27,1.20912e+24,3.43598e+10,90,32.1709,35,0.158507
1184,1.23794e+27,1.2103e+24,3.43598e+10,90,31.9561,35,0.159122
1185,1.23794e+27,1.21471e+24,3.43598e+10,90,32.9521,35,0.16517
1186,7.92282e+28,7.76739e+25,8.59003e+09,96,32.1191,33,0.171919
1187,4.8357e+24,7.20046e+21,1.718e+10,82,31.0293,34,0.156113
1188,2.41785e+24,2.46348e+21,4.29504e+09,81,29.5029,32,0.145734
1189,2.47588e+27,2.42335e+24,6.87196e+10,91,32.958,36,0.16865
1190,7.73713e+25,7.58074e+22,3.43599e+10,86,32.0576,35,0.16114
1191,1.54743e+26,1.5143e+23,5.36937e+08,87,27.1523,29,0.136784
1192,7.92282e+28,7.80031e+25,1.71799e+10,96,31.8262,34,0.161555
1193,4.8357e+24,9.64259e+21,1.07382e+09,82,29.2861,30,0.14576
1194,7.92282e+28,7.73725e+25,2.14753e+09,96,29.4541,31,0.148346
1195,7.92282e+28,7.73912e+25,3.43598e+10,96,32.4414,35,0.164059
1196,4.95176e+27,5.48401e+24,3.43598e+10,92,33.5557,35,0.165115
1197,7.92282e+28,7.73766e+25,6.87196e+10,96,34.4785,36,0.171084
1198,7.92282e+28,7.73811e+25,1.37439e+11,96,33.959,37,0.173793
1199,7.92282e+28,1.56265e+26,6.87196e+10,96,34.665,36,0.173945
1200,4.8357e+24,1.26974e+22,6.87196e+10,82,34.3037,36,0.168442
1201,2.41785e+24,4.89148e+21,1.71799e+10,81,31.1924,34,0.15717
1202,1.54743e+26,1.98522e+23,1.718e+10,87,33.3262,34,0.16887
1203,1.20893e+24,2.65234e+21,3.43598e+10,80,33.4453,35,0.16831
1204,1.93428e+25,4.38905e+22,8.59003e+09,84,31.8975,33,0.155179
1205,7.92282e+28,2.36958e+26,4.29505e+09,96,31.7197,32,0.154781
1206,7.92282e+28,7.75288e+25,1.07381e+09,96,29.3174,30,0.147425
1207,7.92282e+28,7.77326e+25,6.87196e+10,96,35.2881,36,0.175649
1208,1.23794e+27,1.89538e+24,2.74878e+11,90,36.3662,38,0.18267
1209,7.92282e+28,9.67953e+25,6.87196e+10,96,34.752,36,0.172512
1210,1.23794e+27,1.3893e+24,6.87195e+10,90,33.29,36,0.165282
1211,7.92282e+28,1.95987e+26,2.74878e+11,96,36.2949,38,0.186192
1212,7.92282e+28,1.06548e+26,1.09951e+12,96,36.9004,40,0.19216
1213,7.92282e+28,1.18497e+26,2.74878e+11,96,36.1123,38,0.180754
1214,9.90352e+27,9.75699e+24,1.09951e+12,93,37.1221,40,0.189627
1215,4.95176e+27,4.89748e+24,5.49756e+11,92,38.2646,39,0.193396
1216,4.95176e+27,5.59305e+24,1.71799e+10,92,31.3047,34,0.164448
1217,3.96141e+28,5.88244e+25,1.37439e+11,95,35.3223,37,0.177607
1218,9.90352e+27,1.13736e+25,2.74878e+11,93,35.2588,38,0.178954
1219,7.92282e+28,8.22176e+25,6.87196e+10,96,33.3027,36,0.175586
1220,3.86856e+25,4.43041e+22,5.49756e+11,85,34.7891,39,0.18407
1221,7.92282e+28,1.01948e+26,3.43598e+10,96,33.252,35,0.167279
1222,7.92282e+28,9.8634e+25,6.87196e+10,96,33.1992,36,0.170964
1223,9.90352e+27,1.03568e+25,2.14757e+09,93,29.2441,31,0.14803
1224,1.23794e+27,1.82614e+24,6.87195e+10,90,32.3799,36,0.160115
1225,7.92282e+28,8.40331e+25,6.87196e+10,96,33.6143,36,0.168178
1226,3.96141e+28,3.8839e+25,8.59002e+09,95,31.6553,33,0.160427
1227,6.1897e+26,1.00899e+24,1.71799e+10,89,30.8027,34,0.159922
1228,7.92282e+28,8.40698e+25,3.43598e+10,96,32.251,35,0.162549
1229,4.95176e+27,5.02085e+24,1.718e+10,92,31.1016,34,0.154977
1230,6.1897e+26,6.48631e+23,2.13107e+06,89,24.3252,21,0.123101
1231,2.47588e+27,4.25435e+24,1.718e+10,91,31.7236,34,0.158828
1232,9.90352e+27,1.15806e+25,1.07379e+09,93,28.3057,30,0.144598
1233,2.47588e+27,2.42281e+24,1.71799e+10,91,30.4961,34,0.155867
1234,7.92282e+28,7.77184e+25,1.718e+10,96,29.9814,34,0.156933
1235,9.67141e+24,1.30147e+22,4.29507e+09,83,30.2236,32,0.154659
1236,3.86856e+25,4.798e+22,3.43598e+10,85,31.5713,35,0.16338
1237,7.92282e+28,8.10013e+25,4.29507e+09,96,29.6904,32,0.148929
1238,1.23794e+27,1.74013e+24,6.87196e+10,90,32.9668,36,0.17282
1239,7.92282e+28,8.7776e+25,8.59003e+09,96,30.4658,33,0.154585
1240,2.47588e+27,3.51511e+24,8.59003e+09,91,30.9756,33,0.157612
1241,7.92282e+28,8.2237e+25,4.29504e+09,96,29.209,32,0.152296
1242,7.92282e+28,8.23214e+25,5.49756e+11,96,35.2363,39,0.178121
1243,7.92282e+28,7.98838e+25,8.59e+09,96,31.792,33,0.159216
1244,6.1897e+26,9.14186e+23,8.59e+09,89,31.6533,33,0.158457
1245,4.95176e+27,7.33147e+24,1.718e+10,92,32.4678,34,0.168636
1246,7.92282e+28,7.73726e+25,8.59002e+09,96,30.7412,33,0.156875
1247,7.92282e+28,7.73835e+25,1.718e+10,96,31.668,34,0.166408
1248,4.95176e+27,4.84536e+24,6.71697e+07,92,26.7949,26,0.140724
1249,9.90352e+27,9.90584e+24,1.68221e+07,93,24.7812,24,0.127557
1250,7.92282e+28,1.75474e+26,8.59003e+09,96,31.3438,33,0.160345
1251,1.23794e+27,2.42226e+24,1.718e+10,90,31.2148,34,0.158986
1252,2.47588e+27,2.42506e+24,2.74878e+11,91,34.8438,38,0.179158
1253,7.92282e+28,8.08384e+25,2.74878e+11,96,35.9346,38,0.182527
1254,3.96141e+28,4.4733e+25,4.29504e+09,95,29.7324,32,0.157919
1255,7.92282e+28,8.2876e+25,2.74878e+11,96,35.8359,38,0.179154
1256,7.92282e+28,8.0109e+25,1.37439e+11,96,34.8369,37,0.175351
1257,1.9807e+28,1.93605e+25,1.718e+10,94,32.04,34,0.166932
1258,7.92282e+28,1.57517e+26,3.43598e+10,96,32.7637,35,0.165008
1259,9.90352e+27,2.05766e+25,1.718e+10,93,33.0928,34,0.165429
1260,7.92282e+28,1.60808e+26,8.59003e+09,96,32.3516,33,0.163082
1261,7.92282e+28,7.79819e+25,3.43598e+10,96,33.1133,35,0.167863
1262,6.1897e+26,6.0529e+23,6.87196e+10,89,34.668,36,0.175963
1263,7.92282e+28,7.7457e+25,4.29504e+09,96,31.9863,32,0.156511
1264,7.92282e+28,8.8639e+25,6.87196e+10,96,34.5332,36,0.169326
1265,7.73713e+25,8.93007e+22,1.71799e+10,86,32.5342,34,0.162109
1266,9.90352e+27,1.12582e+25,3.43598e+10,93,33.167,35,0.16515
1267,3.09485e+26,3.29279e+23,6.87196e+10,88,33.6973,36,0.17052
1268,4.95176e+27,5.53658e+24,2.14756e+09,92,29.8906,31,0.152781
1269,7.92282e+28,7.75986e+25,6.87195e+10,96,32.8623,36,0.165766
1270,7.92282e+28,9.79827e+25,1.37439e+11,96,34.9775,37,0.178698
1271,1.54743e+26,2.29322e+23,1.71799e+10,87,31.1885,34,0.160387
1272,4.95176e+27,7.26471e+24,2.14756e+09,92,29.6133,31,0.146006
1273,4.95176e+27,6.09563e+24,3.43598e+10,92,32.9922,35,0.165414
1274,3.09485e+26,4.59322e+23,1.718e+10,88,32.0469,34,0.163419
1275,2.47588e+27,2.76071e+24,1.07381e+09,91,29.6318,30,0.148983
1276,3.96141e+28,3.88124e+25,8.59002e+09,95,31.8369,33,0.161508
1277,7.92282e+28,1.7928e+26,3.43598e+10,96,33.0098,35,0.164918
1278,7.92282e+28,1.55051e+26,8.59002e+09,96,32.0605,33,0.162106
1279,1.54743e+26,1.71385e+23,4.29502e+09,87,30.1318,32,0.155108
1280,1.23794e+27,1.36877e+24,1.718e+10,90,33.0303,34,0.176084
1281,3.96141e+28,3.99348e+25,2.14754e+09,95,28.874,31,0.148372
1282,9.90352e+27,1.48217e+25,8.59002e+09,93,32.3555,33,0.166225
1283,2.41785e+24,4.06407e+21,4.29506e+09,81,31.3926,32,0.163381
1284,7.92282e+28,1.55513e+26,1.71799e+10,96,32.7305,34,0.167165
1285,6.04463e+23,1.30938e+21,1.71799e+10,79,32.7871,34,0.171005
1286,7.73713e+25,1.57917e+23,1.718e+10,86,32.1387,34,0.165419
1287,3.96141e+28,3.86912e+25,1.718e+10,95,32.0625,34,0.170079
1288,7.92282e+28,1.54783e+26,1.718e+10,96,32.7021,34,0.170714
1289,1.20893e+24,1.9914e+21,5.36943e+08,80,28.2998,29,0.142918
1290,1.23794e+27,1.23338e+24,8.59e+09,90,30.3135,33,0.151267
1291,7.92282e+28,7.76884e+25,1.718e+10,96,33.0947,34,0.169262
1292,9.90352e+27,9.70044e+24,4.29504e+09,93,29.2168,32,0.148532
1293,3.09485e+26,3.41371e+23,8.59e+09,88,31.6455,33,0.161767
1294,2.41785e+24,1.27102e+22,8.59001e+09,81,30.6367,33,0.155974
1295,2.47588e+27,2.48106e+24,4.29504e+09,91,29.7031,32,0.150054
1296,9.90352e+27,9.74853e+24,8.59001e+09,93,29.71,33,0.153913
1297,7.92282e+28,1.66833e+26,2.14755e+09,96,29.2314,31,0.149727
1298,7.92282e+28,8.23626e+25,3.43598e+10,96,32.1523,35,0.169464
1299,4.8357e+24,8.25042e+21,2.68507e+08,82,28.1777,28,0.141194
1300,7.92282e+28,8.16532e+25,3.43598e+10,96,32.4512,35,0.160707
1301,3.09485e+26,3.83909e+23,6.87196e+10,88,31.0176,36,0.152856
1302,1.23794e+27,1.21088e+24,2.14756e+09,90,28.3662,31,0.149022
1303,1.54743e+26,1.90913e+23,1.718e+10,87,30.5098,34,0.155735
1304,7.92282e+28,7.86075e+25,3.43598e+10,96,31.9424,35,0.164631
1305,2.47588e+27,3.04529e+24,1.07379e+09,91,29.0967,30,0.144023
1306,4.95176e+27,4.83589e+24,2.14756e+09,92,28.7471,31,0.142935
1307,7.92282e+28,9.68759e+25,3.43598e+10,96,32.126,35,0.164163
1308,1.51116e+23,4.19234e+20,3.43598e+10,77,31.9912,35,0.157129
1309,4.95176e+27,4.91271e+24,1.718e+10,92,31.7881,34,0.154725
1310,3.09485e+26,3.04799e+23,6.87196e+10,88,32.2324,36,0.160403
1311,7.92282e+28,7.73719e+25,6.87196e+10,96,32.125,36,0.162825
1312,7.92282e+28,7.73953e+25,2.14755e+09,96,29.7266,31,0.148299
1313,7.92282e+28,7.99566e+25,6.87196e+10,96,33.7891,36,0.170889
1314,3.86856e+25,4.54751e+22,6.87196e+10,85,33.123,36,0.16336
1315,7.92282e+28,1.54883e+26,1.37439e+11,96,33.0781,37,0.166702
1316,7.92282e+28,7.76783e+25,6.87196e+10,96,32.4922,36,0.167792
1317,7.92282e+28,1.16067e+26,1.37439e+11,96,33.3926,37,0.168387
1318,4.95176e+27,4.93272e+24,1.718e+10,92,32.2129,34,0.15783
1319,1.23794e+27,1.8254e+24,2.74878e+11,90,35.376,38,0.181203
1320,7.92282e+28,8.72065e+25,8.59003e+09,96,31.4102,33,0.158855
1321,7.92282e+28,7.73757e+25,1.37439e+11,96,34.5566,37,0.179458
1322,7.92282e+28,7.73836e+25,6.87196e+10,96,34.0146,36,0.169786
1323,7.92282e+28,1.63291e+26,2.74878e+11,96,35.9893,38,0.1829
1324,9.67141e+24,3.19183e+22,5.49756e+11,83,36.7197,39,0.188165
1325,7.92282e+28,3.30096e+26,2.74878e+11,96,36.0156,38,0.175123
1326,7.73713e+25,1.0412e+23,2.74878e+11,86,36.0029,38,0.174683
1327,7.92282e+28,1.54862e+26,2.74878e+11,96,35.0254,38,0.17428
1328,2.47588e+27,3.02984e+24,1.718e+10,91,31.7891,34,0.161878
1329,7.92282e+28,7.753e+25,5.49756e+11,96,35.2891,39,0.17831
1330,7.92282e+28,7.74142e+25,2.74878e+11,96,34.2051,38,0.167908
1331,2.47588e+27,3.74284e+24,2.74878e+11,91,34.2148,38,0.170528
1332,7.92282e+28,7.75485e+25,3.43598e+10,96,32.0723,35,0.162462
1333,7.92282e+28,1.98786e+26,1.37439e+11,96,32.7549,37,0.159266
1334,7.92282e+28,1.63909e+26,2.74878e+11,96,34.2852,38,0.168755
1335,7.92282e+28,8.71274e+25,5.49756e+11,96,34.6152,39,0.169866
1336,7.92282e+28,7.97904e+25,8.59002e+09,96,30.7324,33,0.152487
1337,7.92282e+28,7.73771e+25,2.74878e+11,96,35.5498,38,0.17998
1338,1.23794e+27,1.21739e+24,2.14756e+09,90,29.6348,31,0.151366
1339,7.92282e+28,1.20897e+26,3.43598e+10,96,31.0908,35,0.160191
1340,2.47588e+27,2.52601e+24,4.29503e+09,91,29.3613,32,0.147884
1341,7.92282e+28,7.85964e+25,8.59002e+09,96,33.0029,33,0.165174
1342,6.1897e+26,1.11463e+24,1.718e+10,89,32.0273,34,0.157865
1343,7.92282e+28,7.73764e+25,1.71799e+10,96,31.6895,34,0.159489
1344,7.73713e+25,1.16567e+23,1.07382e+09,86,30.1846,30,0.156472
1345,7.92282e+28,7.79771e+25,1.07382e+09,96,30.2021,30,0.148531
1346,7.92282e+28,7.80726e+25,2.74878e+11,96,35.0488,38,0.176489
1347,7.92282e+28,7.73912e+25,1.09951e+12,96,37.2842,40,0.228251
1348,7.92282e+28,1.5486e+26,1.37439e+11,96,34.7461,37,0.177034
1349,7.92282e+28,7.79815e+25,4.29503e+09,96,31.2598,32,0.155737
1350,3.02231e+23,7.02917e+20,4.29505e+09,78,31.5996,32,0.157621
1351,3.86856e+25,4.94782e+22,4.29503e+09,85,30.5088,32,0.157613
1352,1.9807e+28,2.17714e+25,2.68495e+08,94,28.0508,28,0.138778
1353,7.92282e+28,1.552e+26,5.36917e+08,96,28.7334,29,0.144182
1354,1.9807e+28,2.53884e+25,5.36948e+08,94,28.6826,29,0.152012
1355,1.9807e+28,5.807e+25,1.0738e+09,94,28.8223,30,0.145216
1356,7.92282e+28,2.32124e+26,2.68489e+08,96,28.0322,28,0.14121
1357,7.92282e+28,1.55048e+26,4.29503e+09,96,29.5186,32,0.150222
1358,9.90352e+27,2.06481e+25,1.71799e+10,93,30.9912,34,0.158061
1359,7.92282e+28,3.14343e+26,8.59003e+09,96,31.54,33,0.163042
1360,7.92282e+28,1.59681e+26,1.718e+10,96,31.21,34,0.158098
1361,1.9807e+28,1.9374e+25,2.14755e+09,94,30.1748,31,0.151223
1362,7.92282e+28,1.16743e+26,3.43598e+10,96,33.2393,35,0.169234
1363,7.92282e+28,1.62603e+26,5.36945e+08,96,30.3604,29,0.156118
1364,7.92282e+28,3.86945e+26,2.14757e+09,96,31.1816,31,0.16214
1365,7.92282e+28,2.42391e+26,1.0738e+09,96,29.4199,30,0.153996
1366,7.92282e+28,8.70581e+25,3.36145e+07,96,27.8896,25,0.143199
1367,1.9807e+28,4.3526e+25,2.74878e+11,94,35.6904,38,0.176459
1368,7.92282e+28,1.78924e+26,1.718e+10,96,33.1074,34,0.169447
1369,7.92282e+28,1.23404e+26,2.74878e+11,96,35.0449,38,0.176027
1370,2.47588e+27,2.4726e+24,5.49756e+11,91,35.3955,39,0.178265
1371,1.9807e+28,2.90198e+25,1.09951e+12,94,36.8633,40,0.181721
1372,1.9807e+28,2.05825e+25,1.71799e+10,94,32.0176,34,0.167206
1373,1.9807e+28,1.93956e+25,2.74878e+11,94,35.8096,38,0.184929
1374,7.92282e+28,7.73968e+25,6.87196e+10,96,33.5049,36,0.166509
1375,7.92282e+28,1.16057e+26,5.49756e+11,96,36.5391,39,0.185151
1376,7.92282e+28,2.32165e+26,4.29506e+09,96,31.8721,32,0.160297
1377,3.96141e+28,3.86882e+25,1.718e+10,95,32.1406,34,0.16567
1378,1.54743e+26,2.30939e+23,1.09951e+12,87,37.6172,40,0.182793
1379,9.90352e+27,9.98853e+24,5.49756e+11,93,35.4023,39,0.170032
1380,7.92282e+28,1.20981e+26,1.75922e+13,96,39.2617,44,0.198026
1381,7.92282e+28,8.7218e+25,2.74878e+11,96,36.1357,38,0.186928
1382,4.95176e+27,1.21278e+25,4.39805e+12,92,38.6621,42,0.196198
1383,1.9807e+28,4.41666e+25,2.74878e+11,94,34.8203,38,0.177466
1384,7.92282e+28,1.61026e+26,4.39805e+12,96,38.3047,42,0.193753
1385,7.92282e+28,3.29325e+26,4.39805e+12,96,38.7969,42,0.201874
1386,7.92282e+28,8.70596e+25,2.19902e+12,96,37.0557,41,0.186137
1387,7.92282e+28,2.36971e+26,1.09951e+12,96,36.6035,40,0.190287
1388,1.23794e+27,2.80119e+24,6.87196e+10,90,34.0234,36,0.172137
1389,7.92282e+28,1.83777e+26,2.74878e+11,96,35.0869,38,0.178997
1390,1.9807e+28,3.38685e+25,2.19902e+12,94,38.0684,41,0.192966
1391,7.92282e+28,1.0654e+26,2.74878e+11,96,35.2246,38,0.180495
1392,7.92282e+28,3.15082e+26,2.74878e+11,96,35.5781,38,0.186078
1393,4.95176e+27,1.22439e+25,6.87195e+10,92,34.2979,36,0.179234
1394,7.92282e+28,1.94266e+26,2.74878e+11,96,35.4307,38,0.183953
1395,7.92282e+28,1.93752e+26,8.59e+09,96,31.5117,33,0.16609
1396,1.9807e+28,2.09516e+25,6.87196e+10,94,34.5127,36,0.178224
1397,7.92282e+28,3.11149e+26,2.74878e+11,96,35.4766,38,0.18732
1398,1.9807e+28,1.9655e+25,3.43598e+10,94,33.6143,35,0.176867
1399,7.92282e+28,1.62307e+26,1.34284e+08,96,29.3545,27,0.158175
1400,7.92282e+28,1.9664e+26,1.37439e+11,96,34.6885,37,0.18062
1401,7.92282e+28,4.45348e+26,1.718e+10,96,33.5068,34,0.17424
1402,7.92282e+28,3.82187e+26,3.43598e+10,96,33.5234,35,0.170678
1403,1.9807e+28,4.11945e+25,1.07381e+09,94,30.3857,30,0.158085
1404,7.92282e+28,2.52746e+26,2.74878e+11,96,34.9346,38,0.176988
1405,7.92282e+28,8.81205e+25,8.59001e+09,96,30.8672,33,0.158373
1406,7.92282e+28,1.74719e+26,5.49756e+11,96,35.2139,39,0.177617
1407,7.92282e+28,2.3352e+26,6.87196e+10,96,32.5225,36,0.17799
1408,1.9807e+28,3.44607e+25,1.37439e+11,94,33.2441,37,0.16792
1409,7.92282e+28,3.09551e+26,1.37439e+11,96,34.6562,37,0.177191
1410,7.92282e+28,1.88042e+26,5.49756e+11,96,35.0908,39,0.179209
1411,7.92282e+28,2.13982e+26,3.43598e+10,96,32.7412,35,0.16589
1412,7.92282e+28,3.87243e+26,1.718e+10,96,33.4883,34,0.172912
1413,7.92282e+28,1.66382e+26,1.71799e+10,96,31.8887,34,0.164258
1414,7.92282e+28,2.9686e+26,1.07382e+09,96,31.3359,30,0.162004
1415,7.92282e+28,3.42223e+26,6.87196e+10,96,33.8672,36,0.178993
1416,7.92282e+28,8.22919e+25,8.59001e+09,96,31.1475,33,0.164832
1417,7.92282e+28,4.45142e+26,3.43598e+10,96,33.6602,35,0.190244
1418,7.92282e+28,1.74927e+26,1.718e+10,96,33.1445,34,0.170782
1419,7.92282e+28,3.15019e+26,3.43598e+10,96,32.9395,35,0.172463
1420,7.92282e+28,2.02355e+26,1.37439e+11,96,34.4229,37,0.178949
1421,7.92282e+28,2.57733e+26,8.59001e+09,96,32.9023,33,0.171226
1422,9.90352e+27,1.08043e+25,6.87196e+10,93,34.0381,36,0.180146
1423,1.9807e+28,2.11157e+25,4.29505e+09,94,30.9092,32,0.166883
1424,7.92282e+28,2.46983e+26,2.74878e+11,96,34.8486,38,0.178388
1425,7.92282e+28,1.55974e+26,1.718e+10,96,33.0352,34,0.172594
1426,7.92282e+28,4.38459e+26,1.71799e+10,96,32.9746,34,0.16932
1427,7.92282e+28,3.70841e+26,2.14754e+09,96,31.5957,31,0.164652
1428,7.92282e+28,2.41886e+26,2.68504e+08,96,30.4844,28,0.162386
1429,7.92282e+28,3.67924e+26,4.29504e+09,96,32.4023,32,0.173253
1430,7.92282e+28,1.5508e+26,3.36023e+07,96,29.127,25,0.160242
1431,7.92282e+28,1.80784e+26,3.36035e+07,96,28.5225,25,0.151059
1432,7.92282e+28,2.33057e+26,2.68503e+08,96,29.7041,28,0.1625
1433,7.92282e+28,1.56549e+26,2.6849e+08,96,30.1367,28,0.155932
1434,7.92282e+28,4.28137e+26,6.71603e+07,96,28.6934,26,0.147338
1435,7.92282e+28,1.36177e+26,3.36092e+07,96,29.6748,25,0.155499
1436,7.92282e+28,1.57239e+26,4.23453e+06,96,28.1025,22,0.146436
1437,7.92282e+28,2.62656e+26,1.71799e+10,96,33.0947,34,0.171505
1438,7.92282e+28,1.84332e+26,2.14756e+09,96,31.1152,31,0.16943
1439,7.92282e+28,1.01237e+26,4.2362e+06,96,27.8955,22,0.143425
1440,7.92282e+28,2.44385e+26,3.36077e+07,96,30.0684,25,0.162907
1441,7.92282e+28,1.36768e+26,5.36932e+08,96,30.2432,29,0.15711
1442,7.92282e+28,4.24076e+26,6.87196e+10,96,34.6455,36,0.177138
1443,7.92282e+28,2.33564e+26,8.59004e+09,96,31.6797,33,0.161492
1444,7.92282e+28,2.91452e+26,1.71799e+10,96,32.9326,34,0.168146
1445,7.92282e+28,1.60041e+26,8.59001e+09,96,30.6338,33,0.156534
1446,2.47588e+27,7.61925e+24,1.07381e+09,91,29.6729,30,0.161291
1447,7.92282e+28,1.80448e+26,2.14756e+09,96,30.7402,31,0.165124
1448,7.92282e+28,3.95178e+26,1.71799e+10,96,32.4307,34,0.168077
1449,7.92282e+28,1.28368e+26,6.87196e+10,96,33.6738,36,0.170566
1450,7.92282e+28,1.64538e+26,1.37439e+11,96,34.833,37,0.17781
1451,7.92282e+28,2.67386e+26,1.09951e+12,96,37.0146,40,0.193435
1452,7.92282e+28,4.30389e+26,1.37439e+11,96,34.626,37,0.17502
1453,3.96141e+28,6.19691e+25,2.74878e+11,95,34.334,38,0.174419
1454,1.9807e+28,3.69667e+25,2.74878e+11,94,35.0264,38,0.178694
1455,7.92282e+28,2.66025e+26,6.87196e+10,96,33.3037,36,0.172389
1456,7.92282e+28,1.79596e+26,6.87196e+10,96,33.8359,36,0.178067
1457,7.92282e+28,5.38975e+26,1.09951e+12,96,37.293,40,0.19286
1458,7.92282e+28,6.80168e+26,2.74878e+11,96,35.1895,38,0.181064
1459,7.92282e+28,5.65069e+26,2.74878e+11,96,35.1943,38,0.184458
1460,7.92282e+28,5.55691e+26,1.09951e+12,96,37.292,40,0.192508
1461,7.92282e+28,1.05432e+27,1.09951e+12,96,36.9961,40,0.191672
1462,7.92282e+28,7.39669e+26,2.74878e+11,96,36.1602,38,0.188633
1463,7.92282e+28,2.69044e+26,6.87196e+10,96,35.1748,36,0.188935
1464,7.92282e+28,9.92523e+26,1.09951e+12,96,36.9521,40,0.190997
1465,7.92282e+28,6.66886e+26,2.74878e+11,96,35.6094,38,0.189977
1466,7.92282e+28,1.32009e+27,2.19902e+12,96,38.6416,41,0.200276
1467,7.92282e+28,1.18363e+27,2.74878e+11,96,36.8965,38,0.190835
1468,7.92282e+28,4.92373e+26,6.87196e+10,96,35.3516,36,0.185534
1469,7.92282e+28,5.40403e+26,1.718e+10,96,33.9355,34,0.178508
1470,7.92282e+28,1.57654e+27,6.87196e+10,96,37.0439,36,0.19172
1471,7.92282e+28,1.07995e+27,6.87196e+10,96,36.3359,36,0.190264
1472,7.92282e+28,1.00693e+27,1.718e+10,96,35.2109,34,0.185507
1473,7.92282e+28,1.14427e+27,3.43598e+10,96,35.4424,35,0.191424
1474,7.92282e+28,1.11113e+27,1.37439e+11,96,36.4658,37,0.19518
1475,7.92282e+28,1.03675e+27,4.29505e+09,96,33.9248,32,0.174338
1476,7.92282e+28,7.65776e+26,2.74878e+11,96,37.043,38,0.198748
1477,7.92282e+28,1.18069e+27,6.87196e+10,96,36.0654,36,0.183697
1478,7.92282e+28,6.21642e+26,6.87196e+10,96,35.8008,36,0.185782
1479,7.92282e+28,1.33833e+27,6.87196e+10,96,36.7764,36,0.192301
1480,7.92282e+28,1.72998e+27,1.37439e+11,96,37.1289,37,0.200016
1481,7.92282e+28,9.9568e+26,1.37439e+11,96,37.1309,37,0.196511
1482,7.92282e+28,1.24174e+27,3.43598e+10,96,35.0459,35,0.187897
1483,7.92282e+28,1.13187e+27,4.29505e+09,96,34.1416,32,0.181085
1484,7.92282e+28,1.26609e+27,3.43598e+10,96,35.1553,35,0.182924
1485,7.92282e+28,1.74299e+27,1.718e+10,96,35.3545,34,0.182701
1486,7.92282e+28,1.42591e+27,1.37439e+11,96,36.4434,37,0.192132
1487,7.92282e+28,1.53889e+27,1.37439e+11,96,36.8643,37,0.191034
1488,7.92282e+28,1.42395e+27,6.87196e+10,96,36.624,36,0.192052
1489,7.92282e+28,2.02006e+27,6.87195e+10,96,36.46,36,0.185223
1490,7.92282e+28,1.21889e+27,2.74878e+11,96,37.0674,38,0.190398
1491,7.92282e+28,1.72314e+27,1.37439e+11,96,36.9697,37,0.197446
1492,7.92282e+28,2.67625e+27,6.87196e+10,96,37.1895,36,0.190044
1493,7.92282e+28,1.5562e+27,1.37439e+11,96,37.6553,37,0.196164
1494,7.92282e+28,2.19646e+27,1.09951e+12,96,39.3955,40,0.20441
1495,7.92282e+28,2.49207e+27,1.37439e+11,96,38.5684,37,0.197699
1496,7.92282e+28,2.51863e+27,5.49756e+11,96,38.4688,39,0.195076
1497,7.92282e+28,2.73329e+27,5.49756e+11,96,39.2959,39,0.203439
1498,3.16913e+29,3.22755e+27,6.87196e+10,98,37.457,36,0.194588
1499,3.16913e+29,3.11727e+27,2.74878e+11,98,38.9072,38,0.205756
