40.602
0,434.781,8.71631,4,2,0.0429688,0,0.0125017
1,1009.59,9.68056,4,3,0.0419922,0,0.0120754
2,435.053,10.0984,5,2,0.0439453,0,0.0121925
3,435.053,10.8368,4,2,0.0507812,0,0.0116391
4,435.151,10.4179,5,2,0.0478516,0,0.00929469
5,435.149,11.4333,5,2,0.0546875,0,0.0104156
6,435.127,10.9989,5,2,0.0507812,0,0.0117767
7,111.937,9.55634,5,1,0.0380859,0,0.0139233
8,434.638,12.6843,5,2,0.0615234,0,0.0202456
9,434.639,11.8605,5,2,0.0429688,0,0.0133313
10,435.127,14.6881,6,2,0.0576172,0,0.0127675
11,435.053,15.1326,6,2,0.0595703,0,0.0183256
12,435.117,19.3517,6,2,0.0664062,0,0.0148031
13,435.117,29.0176,8,2,0.0859375,0,0.0130314
14,434.781,36.384,9,2,0.078125,0,0.0231288
15,435.127,52.9753,13,2,0.120117,0,0.0231242
16,435.117,57.2626,28,2,0.0927734,0,0.0439662
17,435.053,68.499,101,2,0.0888672,0,0.0302753
18,1004.1,73.7306,101,3,0.101562,0,0.0360397
19,435.151,71.2772,101,2,0.100586,0,0.0376936
20,435.151,74.0274,101,2,0.103516,0,0.0368395
21,1009.59,77.9626,101,3,0.114258,0,0.0428569
22,1005.85,73.6355,101,3,0.0947266,0,0.0372134
23,1000.23,75.5284,101,3,0.0898438,0,0.0395803
24,992.422,76.5474,101,3,0.105469,0,0.0379168
25,1005.85,74.6203,101,3,0.0908203,0,0.0361586
26,435.117,76.5186,101,2,0.0869141,0,0.0384901
27,1006.68,77.692,101,3,0.09375,0,0.0376247
28,434.954,76.2863,101,2,0.0722656,0,0.0398653
29,1009.59,77.4303,101,3,0.0908203,0,0.0414771
30,1008.92,79.3772,101,3,0.0947266,0,0.0375665
31,435.117,78.5576,101,2,0.0878906,0,0.0429713
32,1011.31,79.8339,101,3,0.0947266,0,0.0376221
33,435.053,76.2287,101,2,0.0839844,0,0.0396734
34,811.935,81.355,101,3,0.0976562,0,0.0416505
35,986.145,80.2616,101,3,0.0966797,0,0.0400595
36,435.151,78.8426,101,2,0.0820312,0,0.0370118
37,435.151,79.0523,101,2,0.0849609,0,0.0414871
38,969.087,82.5483,101,3,0.0908203,0,0.0455507
39,435.149,79.973,101,2,0.0771484,0,0.04023
40,946.193,80.5967,101,3,0.0898438,0,0.0397718
41,435.149,82.6971,101,2,0.0976562,0,0.0407834
42,435.127,79.0203,101,2,0.09375,0,0.0401611
43,998.128,78.2501,101,3,0.0673828,0,0.0393796
44,435.117,82.3911,101,2,0.0908203,0,0.039918
45,435.149,79.1209,101,2,0.0820312,0,0.0385533
46,998.128,78.9759,101,3,0.0732422,0,0.0397597
47,435.149,80.9067,101,2,0.0820312,0,0.0395861
48,1007.46,84.7279,101,3,0.108398,0,0.0379037
49,435.149,81.605,101,2,0.0888672,0,0.0412796
50,1827.51,84.5965,101,4,0.0996094,0,0.0389858
51,435.076,80.1174,101,2,0.0761719,0,0.0417564
52,435.151,81.0636,101,2,0.0771484,0,0.0391835
53,435.076,78.7306,101,2,0.0742188,0,0.0405597
54,1007.46,82.1631,101,3,0.0869141,0,0.04895
55,435.149,82.8654,101,2,0.0859375,0,0.0377505
56,435.127,84.6551,101,2,0.0810547,0,0.0432105
57,435.149,82.5342,101,2,0.0810547,0,0.0388864
58,1004.1,81.734,101,3,0.0732422,0,0.0398072
59,435.127,84.7456,101,2,0.0888672,0,0.0406641
60,1006.68,85.8854,101,3,0.0820312,0,0.043923
61,435.151,84.3892,101,2,0.0742188,0,0.0406799
62,1010.79,83.4322,101,3,0.0732422,0,0.0394955
63,435.127,85.1251,101,2,0.0859375,0,0.0414798
64,435.076,85.5553,101,2,0.0761719,0,0.0426845
65,434.954,85.3477,101,2,0.0703125,0,0.0410272
66,1008.92,85.8078,101,3,0.0761719,0,0.0418705
67,1007.46,88.547,101,3,0.0820312,0,0.0436918
68,435.149,86.4302,101,2,0.0742188,0,0.0467766
69,435.127,87.4891,101,2,0.0771484,0,0.0428927
70,1744.03,86.7888,101,4,0.0849609,0,0.0484216
71,983.489,86.3044,101,3,0.0820312,0,0.042702
72,434.638,85.3473,101,2,0.0732422,0,0.0481307
73,967.552,87.2249,101,3,0.0820312,0,0.0427385
74,435.151,83.6385,101,2,0.0849609,0,0.0422186
75,435.151,87.3819,101,2,0.100586,0,0.0414719
76,435.151,85.5881,101,2,0.0791016,0,0.0423144
77,435.127,82.8511,101,2,0.0761719,0,0.0467838
78,435.127,84.6002,101,2,0.0878906,0,0.0433872
79,435.151,89.2074,101,2,0.115234,0,0.0410561
80,435.149,86.825,101,2,0.0947266,0,0.0398877
81,982.131,87.9195,101,3,0.104492,0,0.0423953
82,435.151,86.4121,101,2,0.0908203,0,0.0422359
83,972.108,86.7254,101,3,0.0820312,0,0.0434748
84,1005.85,86.6013,101,3,0.0898438,0,0.0422751
85,994.777,88.7353,101,3,0.0810547,0,0.0336601
86,435.149,85.8984,101,2,0.0888672,0,0.0422933
87,435.076,87.2059,101,2,0.0869141,0,0.0407002
88,1007.46,86.1571,101,3,0.0810547,0,0.0441722
89,435,86.2124,101,2,0.0751953,0,0.0413206
90,1768.44,86.5003,101,4,0.0908203,0,0.0407336
91,904.916,84.4739,101,3,0.0830078,0,0.0426608
92,435.127,85.0936,101,2,0.078125,0,0.041344
93,1011.78,87.1472,101,3,0.0683594,0,0.0424605
94,435.151,87.9739,101,2,0.0878906,0,0.040112
95,435.149,86.452,101,2,0.078125,0,0.0413682
96,1010.21,87.9267,101,3,0.0947266,0,0.0424927
97,992.422,85.2596,101,3,0.0869141,0,0.0417585
98,975.061,85.7185,101,3,0.0771484,0,0.0414536
99,435.149,85.9148,101,2,0.0693359,0,0.0439194
100,967.552,89.1807,101,3,0.0712891,0,0.0428162
101,992.422,90.1917,101,3,0.0830078,0,0.0417672
102,1006.68,91.6157,101,3,0.0908203,0,0.043637
103,435.149,88.3881,101,2,0.0673828,0,0.0504878
104,993.611,89.87,101,3,0.0683594,0,0.0426011
105,435.151,88.6009,101,2,0.0634766,0,0.0452487
106,435.117,83.6639,101,2,0.0576172,0,0.0467774
107,435.151,91.951,101,2,0.0859375,0,0.0455465
108,435.149,92.6299,101,2,0.09375,0,0.048488
109,435.053,89.1863,101,2,0.0712891,0,0.0475391
110,999.194,92.8016,101,3,0.0917969,0,0.0500275
111,1008.92,92.3866,101,3,0.0810547,0,0.0436311
112,435.151,89.7377,101,2,0.0898438,0,0.0440705
113,993.611,90.2661,101,3,0.0859375,0,0.036085
114,435.127,89.9974,101,2,0.0634766,0,0.0471015
115,435.151,91.3784,101,2,0.0751953,0,0.0430647
116,999.194,89.2481,101,3,0.0908203,0,0.042475
117,435.076,90.3245,101,2,0.0869141,0,0.050876
118,435.149,89.1723,101,2,0.0839844,0,0.0453474
119,435.149,91.0516,101,2,0.0888672,0,0.0493401
120,982.131,86.8515,101,3,0.0820312,0,0.0416343
121,928.165,92.9688,101,3,0.0966797,0,0.0448668
122,1765.81,91.7287,101,4,0.0761719,0,0.0429899
123,435.117,87.2668,101,2,0.0712891,0,0.0486588
124,1837.92,91.4478,101,4,0.0908203,0,0.0418298
125,1008.21,91.1751,101,3,0.104492,0,0.0433289
126,988.72,90.6839,101,3,0.101562,0,0.0425941
127,433.874,91.1054,101,2,0.0722656,0,0.0429429
128,1003.18,93.8231,101,3,0.0996094,0,0.0434727
129,435.117,90.1869,101,2,0.0839844,0,0.0447719
130,896.806,92.1552,101,3,0.103516,0,0.0457577
131,1004.1,92.0253,101,3,0.105469,0,0.0439447
132,975.061,89.69,101,3,0.0947266,0,0.0500728
133,2625.3,92.9225,101,5,0.0751953,0,0.0443649
134,435.151,91.3727,101,2,0.0898438,0,0.0450884
135,1008.92,90.1592,101,3,0.0839844,0,0.0506422
136,435.149,92.06,101,2,0.0810547,0,0.0528295
137,435.127,90.4091,101,2,0.0634766,0,0.0456568
138,435.127,90.8932,101,2,0.0683594,0,0.0469811
139,1007.46,94.1955,101,3,0.0976562,0,0.042936
140,1004.1,89.5539,101,3,0.0654297,0,0.0514332
141,435.117,90.1959,101,2,0.0771484,0,0.0474598
142,435.151,89.603,101,2,0.0859375,0,0.0475848
143,1004.1,92.5819,101,3,0.0820312,0,0.051352
144,1396.25,92.382,101,4,0.0878906,0,0.0456997
145,1000.23,94.3591,101,3,0.0839844,0,0.0469604
146,435.149,91.3205,101,2,0.0771484,0,0.0453657
147,807.113,92.2575,101,3,0.0771484,0,0.0459209
148,976.512,91.914,101,3,0.0751953,0,0.0486596
149,435.149,92.7755,101,2,0.0634766,0,0.0520183
150,434.954,94.1028,101,2,0.0859375,0,0.0449931
151,999.194,93.0739,101,3,0.0966797,0,0.0492256
152,961.25,94.9398,101,3,0.0908203,0,0.0546407
153,435.151,91.1024,101,2,0.0830078,0,0.0426164
154,976.512,92.432,101,3,0.0869141,0,0.0530205
155,435.117,91.4558,101,2,0.0917969,0,0.0471607
156,998.128,90.914,101,3,0.0693359,0,0.0506444
157,435.127,94.8033,101,2,0.0830078,0,0.0505889
158,435.149,91.2881,101,2,0.0527344,0,0.0488232
159,435.076,90.1634,101,2,0.0585938,0,0.0480142
160,1008.92,92.948,101,3,0.078125,0,0.0472677
161,1001.24,92.9285,101,3,0.0712891,0,0.055425
162,435.149,91.1775,101,2,0.0761719,0,0.0416404
163,435.149,91.5507,101,2,0.0820312,0,0.0593206
164,998.128,94.776,101,3,0.0849609,0,0.052412
165,435.127,93.2376,101,2,0.0761719,0,0.0550563
166,435.127,92.8969,101,2,0.0712891,0,0.0500854
167,435.127,92.6496,101,2,0.0712891,0,0.0560065
168,435.117,93.9586,101,2,0.0732422,0,0.0513251
169,435.151,94.2816,101,2,0.0761719,0,0.0644129
170,435.149,92.2141,101,2,0.0703125,0,0.0562855
171,1004.99,93.945,101,3,0.0732422,0,0.0599866
172,1001.24,96.0177,101,3,0.0986328,0,0.0479807
173,435.149,93.5674,101,2,0.0595703,0,0.0588319
174,1837.92,95.6065,101,4,0.0800781,0,0.0503291
175,435.151,93.6311,101,2,0.0878906,0,0.0517519
176,435.151,92.4157,101,2,0.0683594,0,0.0496081
177,435.151,94.2566,101,2,0.0820312,0,0.0630447
178,1008.21,98.881,101,3,0.0800781,0,0.0549715
179,1005.85,97.036,101,3,0.0966797,0,0.0523859
180,435.127,93.1668,101,2,0.0751953,0,0.0495621
181,435.151,96.1216,101,2,0.0849609,0,0.0535857
182,435.151,93.3897,101,2,0.0634766,0,0.0470331
183,435.149,96.8272,101,2,0.0947266,0,0.049384
184,435.149,94.4788,101,2,0.106445,0,0.0604757
185,435.151,92.8333,101,2,0.0869141,0,0.0513927
186,435.151,92.3123,101,2,0.0742188,0,0.0593048
187,1012.18,94.0685,101,3,0.0791016,0,0.0670842
188,1846.55,94.8875,101,4,0.0908203,0,0.0451803
189,988.72,92.15,101,3,0.0810547,0,0.0584383
190,1008.21,93.8691,101,3,0.0820312,0,0.0576452
191,979.358,92.6977,101,3,0.0839844,0,0.045991
192,435.151,93.149,101,2,0.0771484,0,0.0550603
193,435.076,96.1665,101,2,0.0947266,0,0.0472807
194,1004.99,95.5515,101,3,0.0849609,0,0.0721823
195,1010.21,96.6038,101,3,0.0888672,0,0.0595743
196,1002.23,96.9599,101,3,0.102539,0,0.0451441
197,1006.68,95.2855,101,3,0.0839844,0,0.0461148
198,435.127,96.8723,101,2,0.0908203,0,0.0524465
199,435.127,92.5419,101,2,0.0761719,0,0.0551974
200,435.149,95.0614,101,2,0.0917969,0,0.0581265
201,1003.18,95.5251,101,3,0.0869141,0,0.0534128
202,1012.77,94.4088,101,3,0.0957031,0,0.056879
203,984.827,94.0622,101,3,0.0878906,0,0.0447515
204,435.151,96.3751,101,2,0.105469,0,0.0495837
205,1001.24,96.8924,101,3,0.0986328,0,0.0517182
206,1002.23,94.4635,101,3,0.100586,0,0.0516614
207,973.593,95.0541,101,3,0.104492,0,0.0493592
208,970.606,91.5148,101,3,0.0693359,0,0.0569367
209,435.151,94.7653,101,2,0.0996094,0,0.0507368
210,1000.23,96.383,101,3,0.0966797,0,0.0616071
211,1006.68,98.6587,101,3,0.112305,0,0.0496489
212,435.151,95.5277,101,2,0.0966797,0,0.0503736
213,1001.24,97.8518,101,3,0.0917969,0,0.0591344
214,435.127,94.758,101,2,0.0947266,0,0.067345
215,435.151,96.6014,101,2,0.0957031,0,0.0599868
216,1011.78,98.9041,101,3,0.0908203,0,0.0543943
217,435.149,95.6614,101,2,0.104492,0,0.0494625
218,435.117,95.9608,101,2,0.0986328,0,0.0598035
219,1008.92,97.8099,101,3,0.119141,0,0.0759733
220,1010.79,96.8875,101,3,0.116211,0,0.0604323
221,435.149,97.4113,101,2,0.119141,0,0.0482588
222,994.777,99.9705,101,3,0.118164,0,0.0555964
223,435.149,100.114,101,2,0.118164,0,0.0607225
224,1746.82,98.6571,101,4,0.124023,0,0.0570901
225,435.151,97.5312,101,2,0.12793,0,0.0523601
226,1007.46,99.1222,101,3,0.120117,0,0.0473236
227,970.606,98.7053,101,3,0.119141,0,0.0527351
228,435.149,99.1711,101,2,0.123047,0,0.0665508
229,1010.21,102.325,101,3,0.139648,0,0.0694301
230,844.746,97.3534,101,3,0.112305,0,0.0466575
231,998.128,99.8384,101,3,0.128906,0,0.0581454
232,435.149,95.5474,101,2,0.110352,0,0.0593264
233,1008.21,101.899,101,3,0.15625,0,0.0725648
234,1007.46,99.406,101,3,0.133789,0,0.0536441
235,435.151,95.8185,101,2,0.118164,0,0.0577227
236,435.151,97.9458,101,2,0.130859,0,0.0647442
237,1009.59,101.049,101,3,0.130859,0,0.0570503
238,1006.68,98.4682,101,3,0.118164,0,0.0575879
239,435.151,99.6185,101,2,0.123047,0,0.0559477
240,958.006,98.223,101,3,0.129883,0,0.0557938
241,987.443,99.1362,101,3,0.139648,0,0.0648786
242,987.443,98.6582,101,3,0.125,0,0.0563919
243,1010.79,98.7373,101,3,0.130859,0,0.0479577
244,982.131,99.7325,101,3,0.15625,0,0.0441775
245,1834.62,101.645,101,4,0.145508,0,0.0506564
246,1773.62,103.571,101,4,0.155273,0,0.0508717
247,435.151,96.5426,101,2,0.138672,0,0.0447892
248,1010.79,97.8543,101,3,0.163086,0,0.0415536
249,997.036,97.0541,101,3,0.145508,0,0.0446885
250,988.72,99.7672,101,3,0.163086,0,0.0501883
251,1000.23,98.0004,101,3,0.136719,0,0.052936
252,992.422,101.93,101,3,0.158203,0,0.0616965
253,1004.99,101.332,101,3,0.157227,0,0.0665484
254,1001.24,101.956,101,3,0.167969,0,0.0466779
255,777.51,99.1168,101,3,0.168945,0,0.0720083
256,1007.46,99.8604,101,3,0.162109,0,0.0500172
257,1003.18,99.209,101,3,0.160156,0,0.0547437
258,1527.11,103.023,101,4,0.177734,0,0.0467395
259,1010.21,102.547,101,3,0.178711,0,0.0428618
260,1809.31,108.665,101,4,0.189453,0,0.060436
261,1012.18,106.208,101,3,0.205078,0,0.0454849
262,2757.91,108.061,101,5,0.21875,0,0.0512195
263,1815.68,101.556,101,4,0.213867,0,0.0523298
264,992.422,102.768,101,3,0.225586,0,0.0521814
265,3987.02,113.704,101,6,0.249023,0,0.0444412
266,5645.8,122.423,101,7,0.279297,0,0.044791
267,2770.61,113.092,101,5,0.294922,0,0.0534625
268,2795.37,119.386,101,5,0.325195,0,0.0553354
269,1825.63,117.5,101,4,0.328125,0,0.04082
270,2770.61,131.447,101,5,0.393555,0,0.0561204
271,4220.53,127.413,101,6,0.374023,0,0.0597857
272,2677.57,140.506,101,5,0.458984,0,0.0397083
273,2774.8,132.228,101,5,0.436523,0,0.0401273
274,7042.23,151.203,101,8,0.488281,0,0.0547432
275,5823.76,151.786,101,7,0.50293,0,0.0384754
276,4176.45,160.242,101,6,0.540039,0,0.0375823
277,5438.88,173.544,101,7,0.618164,0,0.0375878
278,12360.8,205.607,101,10,0.636719,0,0.0552668
279,4150.74,207.24,101,6,0.734375,0,0.0471673
280,4490.91,194.328,101,7,0.712891,0,0.0352644
281,9454.45,218.861,101,9,0.765625,0,0.0413728
282,14700.8,240.535,101,11,0.80957,0,0.0481536
283,11498,251.088,105,10,0.84082,1,0.0361266
284,27152.1,287.504,106.306,13,0.892578,1,0.0334609
285,7256.07,302.726,108.13,8,0.942383,1,0.0361933
286,7540.04,283.413,107.538,8,0.935547,1,0.0359589
287,12141.5,305.813,107.538,10,0.956055,1,0.0357293
288,24852.2,357.249,108.13,13,1.00098,1,0.0423253
289,36267.2,360.859,109.829,14,0.998047,1,0.032713
290,12085.4,383.642,112.934,10,1.13379,1,0.0402735
291,20071,446.217,114.828,12,1.21777,1,0.04443
292,14081.5,382.84,111.937,11,1.12793,1,0.0438108
293,2.148e+06,2623.29,113.897,21,1.30176,1,0.0410369
294,8.44766e+06,14411.9,137.3,23,1.97559,1,0.0531523
295,3.36221e+07,46922.5,369.909,25,2.95703,2,0.067053
296,1.34297e+08,172997,425.352,27,3.20508,2,0.0664854
297,3.36135e+07,44146.4,424.824,25,3.35449,2,0.0642519
298,3.3616e+07,80044.2,430.413,25,3.46582,2,0.0631616
299,1.68419e+07,45061.6,625.733,24,3.76953,3,0.0662874
300,1.68405e+07,105894,628.622,24,3.93848,3,0.0641072
301,1.34298e+08,175368,435.053,27,3.91699,2,0.0700525
302,8.44904e+06,47537.6,645.827,23,3.99316,3,0.0716795
303,2.68523e+08,310192,738.964,28,4.24121,3,0.0769201
304,5.36966e+08,925843,930.025,29,4.96777,3,0.0746002
305,6.71862e+07,111286,816.724,26,4.46973,3,0.0745865
306,6.71803e+07,283120,922.511,26,4.91699,3,0.0724842
307,6.71867e+07,361903,826.202,26,4.72559,3,0.0675565
308,6.71738e+07,160751,970.606,26,4.93262,3,0.0766847
309,6.71823e+07,369940,993.611,26,5.25684,3,0.0689067
310,5.36943e+08,951240,999.194,29,5.43848,3,0.073316
311,5.36967e+08,1.02069e+06,972.108,29,5.4668,3,0.085694
312,6.71828e+07,561855,1424.97,26,5.79883,4,0.0856182
313,2.68523e+08,815706,1003.18,28,5.32031,3,0.0754404
314,1.07384e+09,1.98432e+06,1324.49,30,5.67578,4,0.0832807
315,1.07384e+09,2.20194e+06,1429.04,30,5.79492,4,0.0833911
316,2.68528e+08,1.32141e+06,1469.09,28,5.80176,4,0.0774047
317,2.68516e+08,866515,1362.83,28,5.38086,4,0.0716142
318,5.36966e+08,1.57316e+06,1504.2,29,6.10449,4,0.0859682
319,5.36968e+08,1.50307e+06,1589.65,29,5.96387,4,0.0824586
320,2.6852e+08,730782,1690.48,28,6.11426,4,0.0755897
321,2.68519e+08,1.12285e+06,1549.59,28,6.02246,4,0.0834123
322,1.34291e+08,823386,1545.87,27,5.95508,4,0.0812753
323,1.07383e+09,2.38178e+06,1717.99,30,6.2959,4,0.0888422
324,5.36957e+08,1.20627e+06,1749.6,29,6.22656,4,0.0803432
325,2.68518e+08,1.15493e+06,1671.39,28,6.29199,4,0.0861386
326,5.3695e+08,1.51241e+06,1726.84,29,6.4209,4,0.0942038
327,2.68521e+08,1.23761e+06,1798.09,28,6.25684,4,0.0765226
328,1.34302e+08,733678,1624.7,27,6.04688,4,0.0834817
329,5.36967e+08,1.8875e+06,1834.61,29,6.57812,5,0.0832496
330,4.29507e+09,5.4461e+06,1900.11,32,6.53809,5,0.0951574
331,1.07384e+09,2.39354e+06,2065.64,30,6.69336,5,0.0979868
332,5.36962e+08,2.72207e+06,2264.96,29,7.27344,5,0.089617
333,2.68527e+08,831089,1932.49,28,6.57227,5,0.0787921
334,2.68525e+08,783656,2351.18,28,6.88379,5,0.0900136
335,1.07383e+09,1.67638e+06,2040.64,30,6.90918,5,0.0849094
336,5.36966e+08,2.47608e+06,2288.23,29,6.95898,5,0.0901992
337,5.36969e+08,1.8209e+06,2322.76,29,7.03125,5,0.0916988
338,2.68515e+08,1.24472e+06,2686.83,28,7.33789,5,0.0889826
339,2.68519e+08,1.16896e+06,2727.49,28,7.64551,5,0.0868334
340,2.68527e+08,1.5386e+06,2503.93,28,7.22754,5,0.091257
341,5.36967e+08,1.80227e+06,2235.59,29,6.96191,5,0.0880651
342,1.07384e+09,3.15539e+06,2423.49,30,7.34082,5,0.087935
343,1.07383e+09,2.17575e+06,3158.13,30,7.4209,6,0.0939131
344,1.07384e+09,4.09908e+06,3454.42,30,8.02637,6,0.0919003
345,1.07383e+09,7.18019e+06,3769.12,30,8.26562,6,0.102367
346,5.3697e+08,3.84183e+06,3608.75,29,8.13281,6,0.0902208
347,4.29509e+09,1.09801e+07,3316.66,32,8.08203,6,0.0985785
348,1.07384e+09,6.72984e+06,4186.5,30,8.58789,6,0.0956877
349,4.29508e+09,7.86685e+06,3630.2,32,8.10547,6,0.092323
350,1.07384e+09,4.53026e+06,4203.62,30,8.54102,7,0.100169
351,2.14758e+09,5.42475e+06,4057.57,31,8.73145,6,0.0988018
352,5.36964e+08,3.34379e+06,4034.46,29,8.44629,6,0.107663
353,1.718e+10,3.70656e+07,4077,34,8.96387,7,0.107868
354,4.29508e+09,1.10016e+07,4460.7,32,8.79883,7,0.103843
355,1.07384e+09,6.37116e+06,3601.57,30,8.10547,6,0.105386
356,1.718e+10,2.19314e+07,3608.75,34,8.18359,6,0.0994215
357,8.59004e+09,3.87223e+07,5365.67,33,10.0498,7,0.124988
358,4.29506e+09,3.10415e+07,5234.12,32,9.55762,8,0.116164
359,1.718e+10,9.03742e+07,5414.7,34,9.81738,7,0.116037
360,3.43599e+10,1.33268e+08,5398.45,35,9.74316,7,0.110133
361,3.43599e+10,1.4039e+08,6172.47,35,9.82031,8,0.117213
362,3.43599e+10,7.24918e+07,7265.96,35,10.5947,8,0.128087
363,1.718e+10,1.01202e+08,6075.42,34,10.3486,8,0.117536
364,3.43599e+10,1.5442e+08,6196.55,35,10.6523,8,0.132578
365,3.43599e+10,1.66358e+08,7611.81,35,11.0752,9,0.131497
366,6.87196e+10,2.01254e+08,7042.23,36,11.0342,8,0.139061
367,3.43599e+10,2.65931e+08,7863.66,35,11.1104,9,0.13994
368,3.43599e+10,2.18182e+08,6968.48,35,10.8301,8,0.122854
369,1.718e+10,1.38647e+08,7372.91,34,11.082,8,0.135568
370,1.718e+10,1.58568e+08,7439.11,34,10.8916,8,0.11791
371,3.43599e+10,2.32817e+08,7256.07,35,11.0557,8,0.126599
372,3.43599e+10,2.27868e+08,8475.61,35,11.1289,9,0.135277
373,1.718e+10,2.98817e+08,8308.63,34,11.3848,9,0.125074
374,1.718e+10,2.12907e+08,7521.98,34,11.2607,8,0.143236
375,3.43599e+10,2.5278e+08,8420.29,35,11.458,9,0.143778
376,3.43599e+10,2.6293e+08,7083.83,35,10.9482,8,0.135946
377,1.718e+10,2.21681e+08,7584.59,34,10.957,8,0.127045
378,1.718e+10,1.69504e+08,6196.55,34,10.5752,8,0.129796
379,3.43599e+10,2.36763e+08,9871.54,35,11.542,9,0.13884
380,1.718e+10,1.53355e+08,8138.65,34,11.4121,9,0.12863
381,3.43599e+10,2.30615e+08,7584.59,35,11.0762,8,0.136945
382,1.718e+10,3.20454e+08,9708.01,34,11.792,9,0.137801
383,1.718e+10,2.56549e+08,9334.3,34,11.418,9,0.13599
384,3.43599e+10,3.13941e+08,6327.69,35,10.8828,8,0.124427
385,1.718e+10,3.21036e+08,7628.26,34,11.458,8,0.127674
386,3.43599e+10,3.3791e+08,5977.25,35,10.7754,8,0.135662
387,3.43599e+10,2.79185e+08,7467.02,35,11.3779,8,0.136089
388,3.43599e+10,3.7113e+08,7186.07,35,11.1357,8,0.14054
389,6.87196e+10,3.70685e+08,7892.94,36,11.5,9,0.147397
390,1.718e+10,2.19782e+08,7610.9,34,11.1328,8,0.132414
391,1.718e+10,3.14241e+08,7549.02,34,11.2217,8,0.133439
392,6.87196e+10,3.59003e+08,7878.31,36,11.4189,9,0.13632
393,3.43599e+10,3.03474e+08,8167.18,35,11.5049,9,0.139826
394,3.43599e+10,3.53682e+08,8598.81,35,11.4697,9,0.143307
395,1.718e+10,2.92811e+08,10132.4,34,11.4717,10,0.130551
396,3.43599e+10,3.6858e+08,10981.1,35,12.1572,10,0.140221
397,6.87196e+10,4.74537e+08,8475.61,36,11.3428,9,0.129318
398,3.43599e+10,4.44869e+08,9741.36,35,11.9502,9,0.15019
399,6.87196e+10,7.49019e+08,10421.6,36,12.2783,10,0.140309
400,6.87196e+10,4.72795e+08,8760.25,36,11.8369,9,0.149531
401,3.43599e+10,4.86579e+08,9085.59,35,11.7803,9,0.140079
402,3.43599e+10,6.34163e+08,11693.9,35,12.4824,10,0.146879
403,6.87196e+10,6.07341e+08,11899.6,36,12.1943,10,0.136735
404,6.87196e+10,7.71468e+08,11406.1,36,12.4238,10,0.153091
405,6.87196e+10,8.28255e+08,12831.9,36,12.5713,10,0.127431
406,1.37439e+11,8.72534e+08,12265.9,37,12.6035,10,0.152425
407,6.87196e+10,8.52898e+08,13588.4,36,12.7666,11,0.144594
408,1.37439e+11,8.91795e+08,10851.8,37,12.3799,10,0.128942
409,3.43599e+10,7.13141e+08,12155.5,35,12.6641,10,0.145925
410,6.87196e+10,8.11559e+08,9211.3,36,12.29,9,0.147737
411,6.87196e+10,1.12683e+09,10655.1,36,12.7061,10,0.147521
412,3.43599e+10,8.95737e+08,10965,35,12.5898,10,0.147623
413,3.43599e+10,7.16462e+08,9828.73,35,12.252,9,0.138782
414,3.43599e+10,1.00175e+09,15015.8,35,12.9629,11,0.139479
415,6.87196e+10,9.85416e+08,11558.8,36,12.7617,10,0.159771
416,5.49756e+11,1.32961e+09,8294.58,39,11.9219,9,0.148089
417,6.87196e+10,9.41229e+08,12197.1,36,12.7676,10,0.155424
418,6.87196e+10,8.29991e+08,11753.3,36,12.6328,10,0.159845
419,6.87196e+10,6.6741e+08,12347.3,36,12.3545,10,0.13308
420,6.87196e+10,9.42813e+08,14929.2,36,13.1885,11,0.153161
421,3.43599e+10,6.92906e+08,9850.21,35,12.2744,9,0.139267
422,6.87196e+10,9.40131e+08,13039.9,36,13.0127,11,0.158517
423,1.37439e+11,1.22328e+09,13511.2,37,12.9375,11,0.165479
424,2.74878e+11,1.19352e+09,11282,38,12.6172,10,0.136971
425,6.87196e+10,1.05292e+09,13569.2,36,13.2783,11,0.189718
426,1.37439e+11,1.1593e+09,10006.4,37,12.5361,9,0.156643
427,2.74878e+11,1.42518e+09,12347.3,38,13.3066,10,0.173335
428,2.74878e+11,1.6583e+09,15807,38,13.6025,11,0.174466
429,2.19902e+12,3.5179e+09,11406.1,41,13.04,10,0.172228
430,1.37439e+11,1.77789e+09,16230.8,37,14.1504,11,0.189976
431,1.37439e+11,1.89089e+09,16165.3,37,13.9141,12,0.190024
432,1.37439e+11,2.08608e+09,18545.6,37,14.1201,12,0.18208
433,1.37439e+11,1.91534e+09,18117.1,37,13.9912,12,0.207867
434,5.49756e+11,2.84055e+09,15519.2,39,13.8633,11,0.220024
435,6.87196e+10,1.57255e+09,15551.8,36,13.6738,11,0.177253
436,1.37439e+11,1.88016e+09,15640.2,37,13.7275,12,0.182749
437,2.74878e+11,2.71825e+09,14248.4,38,13.625,11,0.208407
438,1.37439e+11,2.67661e+09,19822.7,37,14.2002,12,0.201674
439,1.37439e+11,2.53286e+09,25731.1,37,15.002,13,0.189097
440,2.74878e+11,2.14105e+09,23860.5,38,14.4531,13,0.211581
441,1.37439e+11,2.05994e+09,20108.7,37,14.3936,12,0.215909
442,1.37439e+11,1.90497e+09,19469.9,37,14.4053,12,0.16997
443,2.74878e+11,2.57034e+09,26744.5,38,14.8701,13,0.206667
444,1.37439e+11,2.4811e+09,38760.4,37,15.3408,14,0.213362
445,2.74878e+11,2.76645e+09,18797.6,38,14.4941,12,0.192304
446,2.74878e+11,2.87171e+09,24876.4,38,15.0537,13,0.20373
447,2.19902e+12,5.58886e+09,25614.6,41,15.1094,13,0.202514
448,4.39805e+12,8.54059e+09,26257.2,42,15.1621,13,0.227412
449,2.74878e+11,3.46318e+09,26502.8,38,15.2881,13,0.20234
450,5.49756e+11,4.26171e+09,25754.3,39,14.8223,13,0.180062
451,1.09951e+12,3.43315e+09,27587.1,40,14.8359,13,0.18301
452,4.39805e+12,7.19684e+09,12718.9,42,13.2549,11,0.160996
453,2.74878e+11,2.91307e+09,19686.7,38,14.5371,12,0.223127
454,1.37439e+11,2.17577e+09,25021.4,37,14.5244,13,0.184535
455,2.74878e+11,2.44914e+09,27647.8,38,14.8691,13,0.186454
456,1.09951e+12,3.0852e+09,20033.2,40,14.3379,12,0.20689
457,1.37439e+11,2.42276e+09,20127.5,37,14.2441,12,0.199991
458,2.74878e+11,3.2024e+09,18839.3,38,14.0596,12,0.189267
459,5.49756e+11,4.00512e+09,26831.4,39,14.9697,13,0.207394
460,2.74878e+11,2.69244e+09,23961.5,38,14.6035,13,0.213887
461,2.74878e+11,3.13741e+09,26436.2,38,14.9082,13,0.191814
462,5.49756e+11,3.96149e+09,35811.5,39,15.1543,14,0.184819
463,5.49756e+11,3.6725e+09,25260.8,39,14.6309,13,0.198016
464,2.19902e+12,6.85982e+09,20495.9,41,14.751,12,0.186482
465,2.74878e+11,4.42867e+09,24460.4,38,14.8359,13,0.203415
466,2.74878e+11,4.31314e+09,26809.7,38,14.9492,13,0.191548
467,2.19902e+12,8.62087e+09,38266.1,41,15.6357,14,0.209947
468,1.09951e+12,5.86814e+09,26525,40,15.3115,13,0.204399
469,8.79609e+12,1.4867e+10,26917.7,43,15.7539,13,0.222908
470,2.74878e+11,4.20962e+09,93666.4,38,16.6904,16,0.217485
471,1.09951e+12,7.23303e+09,38480,40,15.8877,14,0.189227
472,5.49756e+11,4.82249e+09,53329.8,39,15.7598,15,0.222692
473,5.49756e+11,6.02096e+09,56748,39,16.1484,15,0.216645
474,1.75922e+13,2.40271e+10,35457.4,44,15.7158,14,0.227701
475,2.19902e+12,1.04465e+10,20441.6,41,15.5967,12,0.205654
476,1.09951e+12,6.77782e+09,25731.1,40,15.4268,13,0.216001
477,5.49756e+11,6.09102e+09,24087.1,39,15.3516,13,0.18659
478,1.09951e+12,7.01494e+09,50315.6,40,16.2412,15,0.182722
479,2.74878e+11,5.67861e+09,57928.3,38,16.2949,15,0.218023
480,2.19902e+12,9.79153e+09,26547.1,41,15.5,13,0.195089
481,2.19902e+12,9.20127e+09,161219,41,17.3398,17,0.221593
482,2.19902e+12,1.17647e+10,57848.2,41,16.9404,15,0.211441
483,5.49756e+11,7.12972e+09,95124.1,39,17.2266,16,0.219382
484,5.49756e+11,6.56689e+09,39259.1,39,16.2061,14,0.247268
485,1.09951e+12,8.74001e+09,93816.7,40,16.7646,16,0.219184
486,4.39805e+12,1.11465e+10,57848.2,42,16.4121,15,0.258221
487,5.49756e+11,6.02724e+09,94378.9,39,16.9277,16,0.229803
488,5.49756e+11,5.66535e+09,95375.2,39,17.0537,16,0.204491
489,4.39805e+12,1.43879e+10,91337.6,42,16.6699,16,0.220162
490,2.74878e+11,5.53504e+09,93209.9,38,16.6094,16,0.204896
491,1.09951e+12,6.26743e+09,59379.9,40,16.3926,15,0.178504
492,5.49756e+11,5.73401e+09,38806.6,39,16.3701,14,0.209384
493,1.09951e+12,6.82336e+09,56521.3,40,16.0342,15,0.219775
494,1.09951e+12,8.88901e+09,93726.7,40,17.0576,16,0.21701
495,5.49756e+11,7.43363e+09,294545,39,17.792,18,0.284885
496,2.19902e+12,1.2455e+10,88096.4,41,16.624,16,0.255275
497,4.39805e+12,1.23274e+10,93454.4,42,16.7949,16,0.227491
498,2.19902e+12,1.02155e+10,95704.1,41,17.4004,16,0.226149
499,5.49756e+11,5.88282e+09,163115,39,17.3936,17,0.234787
500,1.09951e+12,9.15548e+09,95704.1,40,17.3857,16,0.221908
501,2.19902e+12,1.20333e+10,57442.4,41,16.4072,15,0.227696
502,2.19902e+12,7.79645e+09,95067.8,41,16.834,16,0.162602
503,1.09951e+12,6.436e+09,58271.4,40,16.1836,15,0.180908
504,1.75922e+13,2.51248e+10,56003.3,44,16.2227,15,0.218035
505,4.39805e+12,1.86198e+10,564299,42,18.6699,19,0.212533
506,2.19902e+12,1.30583e+10,298045,41,18.0137,18,0.238118
507,4.39805e+12,1.84558e+10,564841,42,18.6953,19,0.230044
508,2.19902e+12,1.17355e+10,1.09084e+06,41,19.0273,20,0.220004
509,2.19902e+12,1.17644e+10,565749,41,19.2422,19,0.229442
510,2.19902e+12,1.57387e+10,1.09202e+06,41,19.2705,20,0.20375
511,2.19902e+12,1.74382e+10,298117,41,18.4258,18,0.220964
512,7.03687e+13,8.65632e+10,299205,46,18.4297,18,0.229567
513,2.19902e+12,1.7388e+10,164175,41,17.835,17,0.236935
514,7.03687e+13,8.441e+10,563986,46,18.8145,19,0.229947
515,4.39805e+12,2.07847e+10,566666,42,19.6768,19,0.272723
516,4.39805e+12,2.62125e+10,300382,42,18.9082,18,0.249972
517,2.19902e+12,1.31924e+10,563551,41,19.2266,19,0.240026
518,4.39805e+12,2.56305e+10,563031,42,19.2773,19,0.233368
519,2.19902e+12,2.26758e+10,300739,41,18.959,18,0.236667
520,8.79609e+12,2.73574e+10,565108,43,19.1914,19,0.261703
521,2.19902e+12,1.68026e+10,298188,41,18.4971,18,0.216229
522,8.79609e+12,3.97211e+10,298188,43,18.6641,18,0.238673
523,2.19902e+12,1.49319e+10,298998,41,18.6299,18,0.236639
524,8.79609e+12,2.38361e+10,297684,43,18.751,18,0.227666
525,1.09951e+12,1.49887e+10,556862,40,18.6543,19,0.232363
526,4.39805e+12,1.62989e+10,296354,42,18.0156,18,0.218191
527,4.39805e+12,2.12396e+10,297393,42,18.0146,18,0.235716
528,1.09951e+12,1.15402e+10,296988,40,17.9492,18,0.212807
529,1.75922e+13,4.12726e+10,95152.2,44,17.9365,16,0.233883
530,4.39805e+12,2.1981e+10,560717,42,18.8438,19,0.224516
531,8.79609e+12,3.67923e+10,164915,43,17.9385,17,0.2449
532,2.19902e+12,1.32603e+10,162418,41,17.7002,17,0.218354
533,2.19902e+12,1.641e+10,297246,41,18.4775,18,0.232344
534,1.09951e+12,1.56137e+10,299750,40,18.4512,18,0.215697
535,2.19902e+12,1.85556e+10,300707,41,18.3691,18,0.181365
536,4.39805e+12,1.74282e+10,296840,42,18.0566,18,0.18919
537,8.79609e+12,2.26097e+10,161841,43,17.8027,17,0.196429
538,8.79609e+12,1.8746e+10,297173,43,17.9365,18,0.208273
539,1.40737e+14,1.58798e+11,300382,47,18.9639,18,0.221001
540,2.19902e+12,1.5571e+10,159287,41,18.0605,17,0.230299
541,8.79609e+12,3.49188e+10,301154,43,18.8359,18,0.213427
542,1.75922e+13,3.88183e+10,300018,44,18.5352,18,0.230822
543,1.09951e+12,1.78301e+10,293472,40,18.7568,18,0.250046
544,8.79609e+12,2.62299e+10,297062,43,18.7012,18,0.243458
545,4.39805e+12,2.02178e+10,566412,42,19.1553,19,0.263338
546,4.39805e+12,2.1711e+10,564377,42,19.1934,19,0.245478
547,1.75922e+13,4.18904e+10,161807,44,17.9023,17,0.225151
548,1.75922e+13,4.01807e+10,299952,44,19.4229,18,0.247156
549,2.19902e+12,2.18804e+10,301373,41,18.7803,18,0.281459
550,4.39805e+12,1.99452e+10,1.09194e+06,42,19.2109,20,0.206249
551,8.79609e+12,4.41938e+10,1.08653e+06,43,19.2715,20,0.255478
552,2.19902e+12,2.60613e+10,566953,41,19.0156,19,0.251588
553,8.79609e+12,3.20471e+10,1.09031e+06,43,19.5488,20,0.278236
554,4.39805e+12,3.00352e+10,2.14423e+06,42,19.8613,21,0.283567
555,8.79609e+12,5.29333e+10,1.09529e+06,43,20.0723,20,0.292158
556,1.75922e+13,6.65083e+10,299615,44,18.3662,18,0.221261
557,1.75922e+13,6.61507e+10,2.14725e+06,44,20.3379,21,0.229735
558,1.75922e+13,6.24796e+10,1.09408e+06,44,19.7607,20,0.265068
559,1.75922e+13,4.12785e+10,566266,44,19.2539,19,0.243305
560,4.39805e+12,3.98862e+10,4.24776e+06,42,20.9307,22,0.240626
561,7.03687e+13,1.29832e+11,4.24892e+06,46,21.0781,22,0.282729
562,4.39805e+12,4.48618e+10,8.44787e+06,42,21.5498,23,0.287691
563,7.03687e+13,1.13227e+11,8.44714e+06,46,21.7275,23,0.2606
564,3.51844e+13,7.82109e+10,1.6839e+07,45,22.4062,24,0.260592
565,1.75922e+13,6.85146e+10,1.68417e+07,44,22.3594,24,0.287506
566,1.75922e+13,6.6581e+10,1.68389e+07,44,22.0918,24,0.315186
567,2.19902e+12,3.11356e+10,1.68368e+07,41,21.6602,24,0.255132
568,4.39805e+12,5.23076e+10,3.36207e+07,42,22.7422,25,0.323297
569,1.75922e+13,7.71976e+10,8.44474e+06,44,21.085,23,0.279973
570,3.51844e+13,9.11065e+10,8.44292e+06,45,21.041,23,0.296692
571,3.51844e+13,7.92054e+10,2.14386e+06,45,20.1572,21,0.293613
572,8.79609e+12,5.12921e+10,1.68342e+07,43,21.2139,24,0.260627
573,4.39805e+12,4.16798e+10,567024,42,19.2363,19,0.251651
574,3.51844e+13,1.10135e+11,4.24158e+06,45,20.2705,22,0.284101
575,3.51844e+13,9.43982e+10,8.43957e+06,45,20.9629,23,0.268224
576,1.75922e+13,7.70687e+10,4.24637e+06,44,20.5361,22,0.285115
577,7.03687e+13,1.23885e+11,4.24776e+06,46,20.3506,22,0.228206
578,1.75922e+13,5.6208e+10,1.09236e+06,44,19.7178,20,0.255713
579,4.39805e+12,4.64057e+10,8.44248e+06,42,20.8311,23,0.261042
580,8.79609e+12,4.9992e+10,4.24567e+06,43,20.5771,22,0.277322
581,8.79609e+12,7.35037e+10,2.14649e+06,43,20.1836,21,0.304025
582,1.75922e+13,4.45544e+10,1.09321e+06,44,19.5811,20,0.280445
583,1.75922e+13,5.63164e+10,4.24418e+06,44,20.2891,22,0.275878
584,8.79609e+12,4.06889e+10,1.09189e+06,43,19.1963,20,0.258209
585,8.79609e+12,6.77515e+10,4.24006e+06,43,20.6543,22,0.2771
586,2.19902e+12,2.81655e+10,1.09106e+06,41,19.459,20,0.256828
587,8.79609e+12,4.26859e+10,2.14663e+06,43,20.0586,21,0.266573
588,4.39805e+12,3.25607e+10,562423,42,18.7783,19,0.295299
589,1.75922e+13,4.53477e+10,561348,44,18.9082,19,0.263427
590,8.79609e+12,4.67933e+10,1.09404e+06,43,19.8096,20,0.273272
591,3.51844e+13,9.90163e+10,2.14868e+06,45,20.291,21,0.283306
592,4.39805e+12,2.54035e+10,1.68264e+07,42,21.6445,24,0.29413
593,3.51844e+13,1.03539e+11,4.24854e+06,45,20.751,22,0.31981
594,2.19902e+12,2.91071e+10,8.44771e+06,41,21.2061,23,0.283306
595,3.51844e+13,1.76931e+11,4.24131e+06,45,20.4756,22,0.29024
596,1.75922e+13,5.93784e+10,4.24737e+06,44,20.6289,22,0.286309
597,8.79609e+12,3.01198e+10,2.14804e+06,43,20.501,21,0.261523
598,8.79609e+12,5.75911e+10,4.24732e+06,43,20.8682,22,0.288011
599,8.79609e+12,4.89825e+10,8.43887e+06,43,20.6201,23,0.315211
600,1.75922e+13,8.36601e+10,4.25066e+06,44,20.7578,22,0.291744
601,7.03687e+13,1.61142e+11,1.6839e+07,46,21.6582,24,0.354524
602,8.79609e+12,3.9318e+10,8.45112e+06,43,21.4248,23,0.286822
603,1.75922e+13,7.22724e+10,1.68329e+07,44,21.5957,24,0.306718
604,3.51844e+13,7.11667e+10,4.24551e+06,45,20.2305,22,0.338315
605,3.51844e+13,1.09354e+11,1.68384e+07,45,21.5879,24,0.236664
606,3.51844e+13,1.11817e+11,8.44761e+06,45,21.4346,23,0.342454
607,8.79609e+12,5.72934e+10,8.44197e+06,43,21.0928,23,0.265005
608,1.75922e+13,5.09988e+10,4.25117e+06,44,20.9951,22,0.315903
609,4.39805e+12,2.9149e+10,4.24707e+06,42,20.4316,22,0.249973
610,4.39805e+12,4.37301e+10,4.24582e+06,42,20.4482,22,0.264397
611,2.19902e+12,2.71125e+10,4.24697e+06,41,20.6328,22,0.266846
612,8.79609e+12,4.41491e+10,2.14494e+06,43,20.4219,21,0.285453
613,4.39805e+12,3.5427e+10,4.24873e+06,42,20.6289,22,0.285001
614,8.79609e+12,5.59147e+10,8.44823e+06,43,21.335,23,0.278366
615,4.39805e+12,3.58295e+10,8.44342e+06,42,21.1465,23,0.293272
616,4.39805e+12,3.42696e+10,4.24505e+06,42,20.6689,22,0.28189
617,7.03687e+13,1.28168e+11,8.43951e+06,46,20.8398,23,0.275361
618,4.39805e+12,3.89589e+10,8.43957e+06,42,20.8779,23,0.236934
619,8.79609e+12,5.29791e+10,8.44838e+06,43,21.2949,23,0.272479
620,7.03687e+13,1.32199e+11,1.68419e+07,46,21.8428,24,0.290296
621,1.75922e+13,5.60598e+10,2.14019e+06,44,19.8145,21,0.207682
622,8.79609e+12,4.0612e+10,4.24627e+06,43,20.4492,22,0.284022
623,8.79609e+12,4.61944e+10,1.68416e+07,43,21.5801,24,0.271475
624,4.39805e+12,5.11379e+10,4.25098e+06,42,20.8662,22,0.296575
625,2.19902e+12,3.34699e+10,2.1486e+06,41,20.2949,21,0.250705
626,4.39805e+12,4.19105e+10,2.14163e+06,42,20.2021,21,0.279798
627,1.75922e+13,5.49565e+10,2.1428e+06,44,19.9229,21,0.24284
628,8.79609e+12,5.9511e+10,2.14734e+06,43,20.2354,21,0.237213
629,1.75922e+13,4.99997e+10,4.24902e+06,44,20.8232,22,0.25279
630,8.79609e+12,4.89583e+10,2.14508e+06,43,20.1602,21,0.319944
631,3.51844e+13,1.01907e+11,4.24697e+06,45,20.4248,22,0.243035
632,1.75922e+13,5.26458e+10,4.24727e+06,44,20.4971,22,0.293145
633,1.75922e+13,5.28671e+10,8.44447e+06,44,20.6973,23,0.329857
634,8.79609e+12,5.63018e+10,8.45004e+06,43,21.2949,23,0.296474
635,1.40737e+14,2.08627e+11,4.24286e+06,47,20.373,22,0.257475
636,7.03687e+13,1.46112e+11,4.24485e+06,46,20.583,22,0.276254
637,1.75922e+13,7.29043e+10,8.435e+06,44,20.998,23,0.29247
638,1.75922e+13,5.42743e+10,8.43603e+06,44,20.7412,23,0.266219
639,2.81475e+14,3.38286e+11,2.14838e+06,48,20.499,21,0.235231
640,8.79609e+12,4.55122e+10,2.14314e+06,43,19.6104,21,0.243204
641,3.51844e+13,9.8935e+10,1.09198e+06,45,19.2148,20,0.302498
642,1.75922e+13,7.51269e+10,2.14667e+06,44,19.7666,21,0.276068
643,2.19902e+12,2.58293e+10,2.13815e+06,41,19.2627,21,0.258066
644,1.75922e+13,9.63636e+10,564260,44,18.542,19,0.216195
645,3.51844e+13,1.7527e+11,2.14039e+06,45,19.8496,21,0.312904
646,8.79609e+12,5.47902e+10,1.08841e+06,43,19.041,20,0.26128
647,1.75922e+13,7.44559e+10,2.14044e+06,44,19.7695,21,0.276365
648,7.03687e+13,1.33423e+11,2.14752e+06,46,19.8711,21,0.356587
649,5.6295e+14,6.48359e+11,8.44214e+06,49,20.751,23,0.243355
650,3.51844e+13,1.26818e+11,6.71855e+07,45,23.4297,26,0.308012
651,8.79609e+12,1.04144e+11,1.3429e+08,43,22.8389,27,0.318021
652,8.79609e+12,8.83754e+10,1.34297e+08,43,23.3818,27,0.29224
653,3.51844e+13,1.00991e+11,6.71841e+07,45,23.208,26,0.378045
654,8.79609e+12,7.97451e+10,6.71768e+07,43,22.6484,26,0.306964
655,1.75922e+13,9.25952e+10,1.34292e+08,44,22.8975,27,0.290053
656,4.39805e+12,4.65546e+10,1.68399e+07,42,21.7041,24,0.307006
657,3.51844e+13,1.35256e+11,3.36157e+07,45,22.3721,25,0.296869
658,8.79609e+12,5.89209e+10,4.25358e+06,43,20.6885,22,0.32943
659,1.75922e+13,1.06876e+11,3.36172e+07,44,22.499,25,0.276696
660,7.03687e+13,2.32217e+11,3.36155e+07,46,22.3262,25,0.293284
661,7.03687e+13,1.41456e+11,1.68405e+07,46,22.2256,24,0.316666
662,4.39805e+12,4.55653e+10,1.68361e+07,42,21.7227,24,0.293409
663,1.75922e+13,1.00915e+11,1.68297e+07,44,21.8086,24,0.280174
664,7.03687e+13,1.70954e+11,1.6836e+07,46,21.6152,24,0.296191
665,3.51844e+13,1.07524e+11,1.68425e+07,45,22.0576,24,0.303237
666,8.79609e+12,5.91562e+10,8.44592e+06,43,21.5488,23,0.277484
667,1.75922e+13,8.54155e+10,4.24992e+06,44,21.0947,22,0.29572
668,7.03687e+13,1.31178e+11,1.68323e+07,46,21.3291,24,0.247156
669,8.79609e+12,1.04737e+11,3.36202e+07,43,22.2617,25,0.286677
670,1.75922e+13,8.40169e+10,8.44608e+06,44,21.2783,23,0.296614
671,7.03687e+13,2.0991e+11,3.36199e+07,46,22.1631,25,0.280008
672,7.03687e+13,1.30292e+11,1.6836e+07,46,21.4482,24,0.278671
673,7.03687e+13,1.84937e+11,3.36233e+07,46,22.4766,25,0.306166
674,8.79609e+12,7.37645e+10,1.68446e+07,43,22.4492,24,0.29645
675,1.40737e+14,2.83215e+11,8.44661e+06,47,21.6357,23,0.228773
676,1.75922e+13,8.57492e+10,1.68334e+07,44,21.5996,24,0.269934
677,1.75922e+13,8.67031e+10,1.68394e+07,44,21.8672,24,0.288564
678,3.51844e+13,1.11426e+11,3.36219e+07,45,22.4102,25,0.253536
679,3.51844e+13,1.61343e+11,1.68426e+07,45,21.8379,24,0.29438
680,4.39805e+12,5.53952e+10,6.71825e+07,42,22.5439,26,0.286653
681,2.81475e+14,4.30913e+11,3.36208e+07,48,22.3994,25,0.293872
682,3.51844e+13,1.4131e+11,1.34294e+08,45,23.627,27,0.286578
683,8.79609e+12,1.07728e+11,6.71775e+07,43,22.9502,26,0.288194
684,1.75922e+13,1.22965e+11,1.34291e+08,44,23.4668,27,0.302167
685,3.51844e+13,1.8087e+11,6.71886e+07,45,22.9023,26,0.34497
686,7.03687e+13,1.84617e+11,6.71796e+07,46,22.707,26,0.326922
687,1.40737e+14,2.16438e+11,6.71767e+07,47,22.6826,26,0.300582
688,8.79609e+12,8.84553e+10,1.07383e+09,43,24.4814,30,0.316907
689,1.75922e+13,1.05829e+11,2.68524e+08,44,23.8262,28,0.311065
690,3.51844e+13,1.67637e+11,2.68515e+08,45,23.9307,28,0.280297
691,3.51844e+13,1.15864e+11,2.68523e+08,45,23.6309,28,0.296655
692,3.51844e+13,1.2481e+11,5.36953e+08,45,23.749,29,0.362601
693,3.51844e+13,1.02739e+11,2.68512e+08,45,23.7344,28,0.29317
694,7.03687e+13,1.99478e+11,5.36958e+08,46,24.2363,29,0.366559
695,3.51844e+13,1.43424e+11,2.68517e+08,45,23.7188,28,0.299662
696,7.03687e+13,1.91455e+11,1.34299e+08,46,23.1846,27,0.33518
697,1.40737e+14,3.18843e+11,1.34294e+08,47,23.1016,27,0.30481
698,1.75922e+13,1.17865e+11,1.34299e+08,44,23.085,27,0.320005
699,3.51844e+13,2.00901e+11,1.34299e+08,45,23.5225,27,0.265646
700,8.79609e+12,8.19082e+10,6.7182e+07,43,22.4336,26,0.311024
701,8.79609e+12,6.77434e+10,1.34292e+08,43,23.3242,27,0.327659
702,7.03687e+13,1.99614e+11,6.71865e+07,46,22.9297,26,0.301064
703,1.75922e+13,1.23456e+11,2.68522e+08,44,24.0615,28,0.284527
704,7.03687e+13,1.87473e+11,2.68512e+08,46,23.5518,28,0.321613
705,8.79609e+12,1.13046e+11,1.34293e+08,43,23.5693,27,0.257496
706,7.03687e+13,1.86216e+11,1.34296e+08,46,23.3525,27,0.290999
707,3.51844e+13,1.72989e+11,5.36964e+08,45,24.1016,29,0.293324
708,7.03687e+13,1.77888e+11,3.36289e+07,46,22.6855,25,0.29669
709,3.51844e+13,2.06206e+11,2.6851e+08,45,23.9951,28,0.271985
710,3.51844e+13,2.00536e+11,1.34301e+08,45,23.415,27,0.292904
711,1.40737e+14,4.4673e+11,5.36965e+08,47,24.1562,29,0.315323
712,1.40737e+14,2.76435e+11,5.3696e+08,47,23.8877,29,0.326126
713,1.40737e+14,6.78694e+11,2.68507e+08,47,23.6797,28,0.364374
714,7.03687e+13,3.05075e+11,2.68523e+08,46,24.2285,28,0.377756
715,1.40737e+14,5.09595e+11,5.36956e+08,47,24.4424,29,0.311459
716,3.51844e+13,2.13118e+11,1.07384e+09,45,25.6611,30,0.356688
717,7.03687e+13,2.94232e+11,1.07383e+09,46,24.8252,30,0.358881
718,1.40737e+14,3.61008e+11,2.14757e+09,47,25.3457,31,0.299605
719,7.03687e+13,2.81049e+11,2.68518e+08,46,23.999,28,0.263789
720,7.03687e+13,2.62671e+11,2.68517e+08,46,23.6309,28,0.294393
721,7.03687e+13,1.95696e+11,2.68518e+08,46,24.2822,28,0.347767
722,3.51844e+13,1.47258e+11,2.68524e+08,45,23.6807,28,0.285293
723,3.51844e+13,2.57111e+11,2.68512e+08,45,23.5576,28,0.273613
724,1.1259e+15,1.41743e+12,2.68512e+08,50,23.6182,28,0.296386
725,3.51844e+13,2.15876e+11,5.36963e+08,45,24.1846,29,0.310301
726,1.75922e+13,1.49792e+11,1.34295e+08,44,23.0986,27,0.313297
727,2.2518e+15,2.53453e+12,6.718e+07,51,22.499,26,0.327856
728,1.40737e+14,4.338e+11,2.14758e+09,47,25.6016,31,0.38623
729,5.6295e+14,9.06828e+11,2.14759e+09,49,24.7852,31,0.382534
730,1.40737e+14,4.31363e+11,8.59003e+09,47,26.4414,33,0.343357
731,7.03687e+13,3.2495e+11,1.07384e+09,46,24.8193,30,0.328579
732,5.6295e+14,1.37305e+12,2.14759e+09,49,25.6748,31,0.31447
733,3.51844e+13,3.02119e+11,8.59004e+09,45,27.0566,33,0.310778
734,3.51844e+13,3.06044e+11,2.14758e+09,45,25.1484,31,0.312872
735,2.2518e+15,2.44939e+12,2.14759e+09,51,25.8008,31,0.325549
736,1.40737e+14,5.31895e+11,4.29507e+09,47,26.8994,32,0.399673
737,7.03687e+13,2.75024e+11,2.68515e+08,46,23.0576,28,0.258102
738,1.40737e+14,5.86796e+11,2.14759e+09,47,25.7891,31,0.283065
739,2.81475e+14,6.2807e+11,2.14758e+09,48,25.3945,31,0.350274
740,7.03687e+13,3.0383e+11,2.14758e+09,46,25.2002,31,0.36815
741,3.51844e+13,2.65048e+11,1.07384e+09,45,24.501,30,0.318708
742,1.40737e+14,3.24116e+11,2.68518e+08,47,23.1865,28,0.298776
743,1.40737e+14,3.63812e+11,1.07383e+09,47,24.2324,30,0.292233
744,1.40737e+14,4.27116e+11,1.07383e+09,47,24.4023,30,0.35133
745,7.03687e+13,3.19639e+11,5.36959e+08,46,23.7617,29,0.321387
746,1.40737e+14,4.50139e+11,1.07384e+09,47,24.5088,30,0.32194
747,1.40737e+14,3.95162e+11,2.68524e+08,47,23.3662,28,0.254663
748,7.03687e+13,3.12304e+11,2.14759e+09,46,24.8428,31,0.363159
749,1.75922e+13,2.24696e+11,1.07384e+09,44,24.6074,30,0.323238
750,1.40737e+14,6.47467e+11,5.36962e+08,47,24.4971,29,0.339717
751,1.40737e+14,3.3178e+11,6.71854e+07,47,22.3955,26,0.306705
752,3.51844e+13,1.17525e+11,1.34298e+08,45,22.918,27,0.309658
753,7.03687e+13,2.27215e+11,1.07384e+09,46,24.2031,30,0.403947
754,2.81475e+14,8.57882e+11,2.68513e+08,48,22.8623,28,0.331346
755,7.03687e+13,3.17543e+11,1.07383e+09,46,24.0781,30,0.331631
756,3.51844e+13,2.58095e+11,2.68525e+08,45,23.3789,28,0.330048
757,7.03687e+13,2.59916e+11,5.36963e+08,46,24.1709,29,0.320256
758,2.81475e+14,4.92904e+11,5.36958e+08,48,24.1133,29,0.354625
759,1.75922e+13,1.59774e+11,1.07384e+09,44,24.5166,30,0.365126
760,7.03687e+13,2.08561e+11,5.36956e+08,46,23.4746,29,0.316692
761,2.81475e+14,6.92e+11,2.1476e+09,48,25.6035,31,0.294156
762,7.03687e+13,3.54877e+11,1.07384e+09,46,24.9189,30,0.329182
763,1.40737e+14,5.07775e+11,2.14758e+09,47,24.6426,31,0.339969
764,3.51844e+13,2.92774e+11,4.29507e+09,45,26.0996,32,0.359971
765,3.51844e+13,3.44129e+11,2.14758e+09,45,25.499,31,0.370004
766,2.81475e+14,5.77286e+11,1.07383e+09,48,24.7773,30,0.370045
767,1.75922e+13,1.74622e+11,2.14758e+09,44,25.1279,31,0.357787
768,1.40737e+14,6.12324e+11,1.07384e+09,47,24.3311,30,0.303316
769,2.81475e+14,6.20172e+11,2.14758e+09,48,25.5752,31,0.313104
770,1.40737e+14,5.17253e+11,4.29506e+09,47,25.4199,32,0.335748
771,2.81475e+14,8.95078e+11,2.14758e+09,48,25.7598,31,0.357036
772,2.2518e+15,2.83914e+12,4.29506e+09,51,25.7637,32,0.384275
773,3.51844e+13,3.46074e+11,2.6852e+08,45,23.5908,28,0.345379
774,7.03687e+13,2.67661e+11,1.07383e+09,46,24.2617,30,0.371857
775,7.03687e+13,2.79903e+11,2.1476e+09,46,25.6357,31,0.36247
776,5.6295e+14,1.26056e+12,4.29508e+09,49,26.5576,32,0.32536
777,7.03687e+13,2.75361e+11,2.14758e+09,46,24.9736,31,0.30049
778,3.51844e+13,2.80175e+11,2.14759e+09,45,25.9541,31,0.355334
779,1.40737e+14,5.5449e+11,2.14759e+09,47,25.6963,31,0.35448
780,9.0072e+15,9.2814e+12,1.07384e+09,53,25.042,30,0.317525
781,2.81475e+14,7.99134e+11,1.718e+10,48,29.1162,34,0.357233
782,7.03687e+13,5.58024e+11,8.59005e+09,46,28.1338,33,0.408555
783,1.40737e+14,7.47828e+11,8.59005e+09,47,27.6455,33,0.35754
784,2.81475e+14,7.98756e+11,8.59004e+09,48,27.4766,33,0.312864
785,1.40737e+14,7.04647e+11,8.59005e+09,47,28.2422,33,0.318347
786,5.6295e+14,1.3649e+12,4.29508e+09,49,26.3359,32,0.37971
787,7.03687e+13,3.49901e+11,1.718e+10,46,28.5068,34,0.347162
788,1.1259e+15,1.45054e+12,4.29508e+09,50,26.8721,32,0.284438
789,7.03687e+13,6.15836e+11,1.718e+10,46,28.8105,34,0.387941
790,5.6295e+14,1.11728e+12,1.718e+10,49,28.252,34,0.338652
791,3.60288e+16,3.79648e+13,1.718e+10,55,27.8262,34,0.35826
792,1.1259e+15,1.68596e+12,1.718e+10,50,29.374,34,0.364834
793,2.81475e+14,1.00946e+12,8.59005e+09,48,28.3115,33,0.335294
794,1.40737e+14,9.31746e+11,8.59006e+09,47,27.4434,33,0.378702
795,1.40737e+14,5.33514e+11,8.59005e+09,47,27.3291,33,0.342945
796,7.03687e+13,4.60029e+11,8.59005e+09,46,27.4727,33,0.332084
797,1.40737e+14,5.60631e+11,1.718e+10,47,27.3369,34,0.423114
798,2.81475e+14,8.63406e+11,1.718e+10,48,28.3213,34,0.384753
799,1.1259e+15,1.96365e+12,1.718e+10,50,28.6348,34,0.413405
800,2.81475e+14,7.91942e+11,1.718e+10,48,29.6104,34,0.370214
801,2.81475e+14,7.45981e+11,1.718e+10,48,28.3701,34,0.351655
802,1.75922e+13,3.39121e+11,1.718e+10,44,28.2031,34,0.35664
803,1.40737e+14,8.33559e+11,1.718e+10,47,28.8467,34,0.358691
804,5.6295e+14,1.19915e+12,1.718e+10,49,28.915,34,0.381964
805,1.40737e+14,8.6129e+11,1.718e+10,47,28.6016,34,0.374138
806,7.03687e+13,7.56804e+11,1.718e+10,46,28.0381,34,0.383275
807,5.6295e+14,1.13983e+12,1.718e+10,49,28.1602,34,0.384734
808,2.2518e+15,2.93711e+12,8.59005e+09,51,27.8027,33,0.370158
809,2.81475e+14,9.80925e+11,1.718e+10,48,29.1123,34,0.366012
810,2.81475e+14,7.56015e+11,1.718e+10,48,28.3887,34,0.405038
811,5.6295e+14,1.34008e+12,1.718e+10,49,28.9395,34,0.361206
812,2.2518e+15,2.95045e+12,1.718e+10,51,29.0205,34,0.382679
813,1.40737e+14,8.02619e+11,1.718e+10,47,29.8789,34,0.432914
814,1.40737e+14,8.04365e+11,1.718e+10,47,29.2646,34,0.397849
815,1.40737e+14,9.40439e+11,1.718e+10,47,28.1055,34,0.325888
816,3.51844e+13,4.02315e+11,1.718e+10,45,29.0684,34,0.436957
817,5.6295e+14,1.37463e+12,8.59005e+09,49,27.9785,33,0.366583
818,5.6295e+14,1.31447e+12,1.718e+10,49,28.1924,34,0.343908
819,5.6295e+14,1.44362e+12,4.29508e+09,49,26.8721,32,0.36462
820,1.40737e+14,4.97155e+11,8.59006e+09,47,27.4629,33,0.343112
821,1.40737e+14,5.6154e+11,8.59005e+09,47,27.5654,33,0.368365
822,1.1259e+15,2.86153e+12,1.718e+10,50,27.9404,34,0.350815
823,1.1259e+15,1.56096e+12,8.59006e+09,50,27.7578,33,0.355849
824,3.51844e+13,3.77028e+11,2.14759e+09,45,26.8809,31,0.357236
825,5.6295e+14,9.93914e+11,4.29507e+09,49,26.7441,32,0.359455
826,1.40737e+14,7.35549e+11,8.59004e+09,47,27.2002,33,0.288612
827,7.03687e+13,5.15736e+11,4.29508e+09,46,26.1748,32,0.32327
828,7.03687e+13,3.95411e+11,4.29508e+09,46,26.4707,32,0.299883
829,2.81475e+14,6.55314e+11,2.14758e+09,48,25.7871,31,0.298755
830,5.6295e+14,9.00442e+11,8.59005e+09,49,27.2959,33,0.343387
831,1.1259e+15,1.78424e+12,8.59005e+09,50,26.2334,33,0.332734
832,5.6295e+14,1.27128e+12,8.59004e+09,49,26.9219,33,0.360026
833,7.03687e+13,4.24545e+11,4.29507e+09,46,26.5156,32,0.368232
834,3.51844e+13,4.48247e+11,8.59004e+09,45,26.666,33,0.338405
835,2.81475e+14,8.34516e+11,4.29508e+09,48,26.5088,32,0.326423
836,3.51844e+13,3.0207e+11,4.29508e+09,45,26.3711,32,0.332171
837,1.40737e+14,6.41694e+11,4.29508e+09,47,26.2197,32,0.352835
838,5.6295e+14,1.06494e+12,2.14759e+09,49,25.8418,31,0.314854
839,1.40737e+14,9.15879e+11,4.29508e+09,47,26.166,32,0.350385
840,5.6295e+14,1.09632e+12,4.29507e+09,49,26.4072,32,0.364052
841,1.40737e+14,6.75085e+11,4.29507e+09,47,25.4229,32,0.342614
842,2.81475e+14,6.01851e+11,2.14758e+09,48,24.96,31,0.359146
843,3.51844e+13,3.15177e+11,1.07384e+09,45,24.6914,30,0.279029
844,2.81475e+14,8.11299e+11,2.14758e+09,48,25.458,31,0.323024
845,2.81475e+14,7.1425e+11,1.07383e+09,48,25.2695,30,0.387717
846,3.51844e+13,2.45904e+11,1.07384e+09,45,24.7139,30,0.295136
847,3.51844e+13,2.83204e+11,5.36965e+08,45,24.5635,29,0.256383
848,2.81475e+14,9.49814e+11,1.07384e+09,48,25.4736,30,0.284599
849,2.81475e+14,6.69173e+11,5.3696e+08,48,24.7432,29,0.336588
850,5.6295e+14,1.26912e+12,1.07384e+09,49,25.5322,30,0.285086
851,5.6295e+14,1.06607e+12,1.07383e+09,49,24.627,30,0.287158
852,1.40737e+14,9.59248e+11,2.14758e+09,47,25.8086,31,0.390032
853,2.81475e+14,1.00598e+12,5.36957e+08,48,24.5957,29,0.282801
854,2.81475e+14,9.83324e+11,1.34294e+08,48,23.7842,27,0.326585
855,1.40737e+14,4.98378e+11,5.36957e+08,47,24.0469,29,0.251584
856,2.2518e+15,3.12237e+12,2.68523e+08,51,24.3965,28,0.320936
857,1.75922e+13,2.63048e+11,4.29509e+09,44,27.1592,32,0.34009
858,3.51844e+13,3.42209e+11,2.14759e+09,45,26.6699,31,0.382929
859,5.6295e+14,1.23992e+12,4.29508e+09,49,26.3574,32,0.367837
860,1.1259e+15,1.53843e+12,8.59005e+09,50,27.5869,33,0.336624
861,5.6295e+14,1.71278e+12,4.29507e+09,49,26.4111,32,0.426697
862,3.51844e+13,4.49307e+11,4.29507e+09,45,26.5195,32,0.35999
863,1.40737e+14,6.92886e+11,2.14759e+09,47,25.4688,31,0.275975
864,1.40737e+14,4.39941e+11,2.14759e+09,47,26.1455,31,0.334004
865,1.1259e+15,1.56671e+12,4.29508e+09,50,26.541,32,0.353409
866,5.6295e+14,1.84998e+12,8.59003e+09,49,27.4355,33,0.370439
867,1.1259e+15,1.7297e+12,4.29507e+09,50,26.5938,32,0.369507
868,1.40737e+14,8.75928e+11,1.718e+10,47,28.8311,34,0.350003
869,1.40737e+14,8.37538e+11,8.59004e+09,47,28.0293,33,0.349152
870,2.81475e+14,1.08384e+12,8.59003e+09,48,27.5625,33,0.381735
871,1.40737e+14,8.30298e+11,4.29508e+09,47,27.0996,32,0.33159
872,1.40737e+14,8.60061e+11,4.29508e+09,47,27.0947,32,0.354186
873,2.81475e+14,8.94873e+11,8.59005e+09,48,27.4902,33,0.316673
874,2.81475e+14,1.25025e+12,8.59005e+09,48,27.6182,33,0.393061
875,1.40737e+14,7.84139e+11,8.59005e+09,47,27.1816,33,0.336967
876,7.03687e+13,6.93223e+11,8.59005e+09,46,27.3721,33,0.323253
877,5.6295e+14,2.17877e+12,8.59005e+09,49,27.4482,33,0.334117
878,2.81475e+14,8.98013e+11,8.59005e+09,48,27.3076,33,0.320643
879,2.81475e+14,1.00501e+12,1.718e+10,48,27.1826,34,0.368643
880,7.03687e+13,7.43929e+11,4.29507e+09,46,25.9131,32,0.318759
881,2.2518e+15,3.10944e+12,8.59005e+09,51,26.7529,33,0.329658
882,2.81475e+14,9.19124e+11,8.59005e+09,48,27.5527,33,0.358267
883,7.03687e+13,4.47215e+11,4.29507e+09,46,26.7305,32,0.386687
884,1.40737e+14,6.7662e+11,4.29507e+09,47,26.2275,32,0.349914
885,2.81475e+14,1.12468e+12,4.29508e+09,48,27.0449,32,0.327139
886,2.81475e+14,1.36003e+12,4.29508e+09,48,27.0273,32,0.365723
887,2.81475e+14,9.67189e+11,4.29507e+09,48,26.1162,32,0.350495
888,5.6295e+14,1.76777e+12,4.29507e+09,49,26.5537,32,0.310062
889,1.1259e+15,1.76705e+12,4.29507e+09,50,26.7422,32,0.303318
890,7.03687e+13,6.19096e+11,8.59005e+09,46,28.2686,33,0.368927
891,5.6295e+14,1.79898e+12,4.29509e+09,49,27.3516,32,0.332704
892,1.1259e+15,3.02227e+12,8.59005e+09,50,27.4639,33,0.372049
893,1.1259e+15,1.80918e+12,8.59004e+09,50,26.749,33,0.371278
894,2.81475e+14,1.16832e+12,8.59005e+09,48,27.6768,33,0.341148
895,9.0072e+15,1.43059e+13,8.59004e+09,53,26.6631,33,0.347198
896,2.81475e+14,1.16473e+12,8.59005e+09,48,26.502,33,0.307195
897,5.6295e+14,1.33932e+12,4.29507e+09,49,26.3057,32,0.31005
898,1.40737e+14,8.35231e+11,4.29507e+09,47,27.2158,32,0.342732
899,1.1259e+15,2.43521e+12,4.29507e+09,50,26.6885,32,0.324715
900,2.81475e+14,9.97473e+11,4.29507e+09,48,26.9502,32,0.407052
901,2.81475e+14,1.68136e+12,4.29506e+09,48,26.752,32,0.299264
902,1.40737e+14,9.22829e+11,4.29507e+09,47,26.9541,32,0.323426
903,5.6295e+14,1.86087e+12,4.29507e+09,49,26.7051,32,0.351776
904,1.40737e+14,7.97931e+11,8.59005e+09,47,27.9062,33,0.346036
905,1.1259e+15,2.2009e+12,8.59005e+09,50,27.7744,33,0.429
906,2.81475e+14,6.68121e+11,4.29507e+09,48,27.0605,32,0.329355
907,1.80144e+16,2.09284e+13,8.59005e+09,54,28.2119,33,0.353147
908,7.03687e+13,6.22348e+11,8.59005e+09,46,27.9492,33,0.34332
909,2.81475e+14,1.44072e+12,4.29507e+09,48,26.9258,32,0.359617
910,1.40737e+14,8.50936e+11,4.29507e+09,47,26.8799,32,0.349935
911,5.6295e+14,1.63488e+12,4.29507e+09,49,27.4229,32,0.313627
912,2.81475e+14,1.36419e+12,8.59005e+09,48,27.9561,33,0.343627
913,2.2518e+15,3.43458e+12,4.29508e+09,51,27.4668,32,0.379441
914,1.40737e+14,8.88843e+11,4.29508e+09,47,27.7451,32,0.314642
915,2.81475e+14,1.78186e+12,4.29508e+09,48,27.1025,32,0.326097
916,1.1259e+15,2.60222e+12,8.59004e+09,50,27.834,33,0.410491
917,2.81475e+14,1.46436e+12,4.29508e+09,48,27.1631,32,0.365407
918,1.40737e+14,1.06483e+12,4.29508e+09,47,27.3174,32,0.363354
919,1.1259e+15,2.38405e+12,4.29507e+09,50,26.5146,32,0.40517
920,5.6295e+14,1.3285e+12,4.29506e+09,49,26.6523,32,0.361472
921,5.6295e+14,2.02825e+12,1.718e+10,49,28.2324,34,0.390002
922,5.6295e+14,1.24724e+12,4.29507e+09,49,26.334,32,0.353736
923,2.81475e+14,1.07564e+12,8.59005e+09,48,27.9814,33,0.376284
924,2.2518e+15,2.73364e+12,4.29508e+09,51,27.1904,32,0.336648
925,1.1259e+15,2.13613e+12,8.59004e+09,50,27.9033,33,0.415888
926,1.1259e+15,2.02896e+12,8.59005e+09,50,28.0557,33,0.377442
927,2.81475e+14,1.50895e+12,8.59005e+09,48,28.167,33,0.346606
928,2.81475e+14,1.20026e+12,4.29508e+09,48,27.085,32,0.337996
929,7.03687e+13,6.64227e+11,4.29507e+09,46,26.8818,32,0.37776
930,1.1259e+15,2.16479e+12,4.29507e+09,50,26.6494,32,0.356847
931,7.03687e+13,8.30918e+11,4.29506e+09,46,26.043,32,0.40743
932,7.03687e+13,5.59075e+11,4.29506e+09,46,26.2324,32,0.323335
933,1.40737e+14,5.31197e+11,4.29507e+09,47,26.9004,32,0.376691
934,1.40737e+14,9.21206e+11,8.59003e+09,47,27.1621,33,0.380019
935,2.81475e+14,9.0188e+11,4.29507e+09,48,26.0928,32,0.298235
936,1.40737e+14,9.01184e+11,8.59005e+09,47,27.8867,33,0.38855
937,1.40737e+14,6.88795e+11,2.14758e+09,47,26.2637,31,0.280718
938,7.03687e+13,3.94618e+11,2.14759e+09,46,26.377,31,0.293322
939,7.03687e+13,6.74573e+11,4.29508e+09,46,26.375,32,0.329579
940,5.6295e+14,1.05489e+12,4.29507e+09,49,26.6367,32,0.395475
941,1.40737e+14,7.88642e+11,4.29508e+09,47,27.1914,32,0.324078
942,5.6295e+14,1.34719e+12,4.29508e+09,49,26.7119,32,0.303228
943,2.81475e+14,1.08872e+12,8.59004e+09,48,26.7627,33,0.369234
944,4.5036e+15,5.28219e+12,8.59004e+09,52,27.4072,33,0.397127
945,2.81475e+14,1.24126e+12,8.59005e+09,48,27.1504,33,0.376136
946,2.2518e+15,2.66485e+12,4.29508e+09,51,26.9229,32,0.340962
947,5.6295e+14,2.03138e+12,1.718e+10,49,28.5312,34,0.413111
948,7.03687e+13,5.57876e+11,2.14758e+09,46,27.252,31,0.353584
949,1.1259e+15,2.97902e+12,4.29506e+09,50,26.6523,32,0.282491
950,4.5036e+15,5.7179e+12,2.14759e+09,52,26.7861,31,0.372646
951,2.81475e+14,1.16345e+12,8.59004e+09,48,27.6807,33,0.350835
952,9.0072e+15,1.02181e+13,4.29507e+09,53,26.4639,32,0.375359
953,1.1259e+15,3.00549e+12,8.59005e+09,50,28.3584,33,0.353383
954,7.03687e+13,8.75061e+11,8.59004e+09,46,27.834,33,0.32368
955,1.1259e+15,2.60883e+12,4.29508e+09,50,27.4531,32,0.361559
956,2.81475e+14,1.4522e+12,8.59003e+09,48,27.2158,33,0.390653
957,1.40737e+14,7.8232e+11,4.29507e+09,47,25.9736,32,0.36937
958,2.2518e+15,4.19298e+12,8.59004e+09,51,27.7432,33,0.403372
959,5.6295e+14,1.542e+12,4.29506e+09,49,25.9424,32,0.382096
960,1.1259e+15,2.66105e+12,4.29507e+09,50,26.5684,32,0.322719
961,2.81475e+14,1.53651e+12,4.29507e+09,48,26.5566,32,0.32825
962,2.81475e+14,1.66648e+12,4.29507e+09,48,26.0166,32,0.35351
963,1.40737e+14,1.12067e+12,4.29507e+09,47,26.8994,32,0.351554
964,2.2518e+15,3.91858e+12,2.14758e+09,51,25.9404,31,0.404866
965,5.6295e+14,1.76399e+12,4.29508e+09,49,27.2949,32,0.29266
966,2.81475e+14,1.06317e+12,8.59004e+09,48,26.4766,33,0.330261
967,5.6295e+14,1.5822e+12,4.29506e+09,49,25.7314,32,0.38342
968,2.81475e+14,1.55521e+12,8.59003e+09,48,26.6582,33,0.428047
969,7.03687e+13,5.61113e+11,4.29507e+09,46,26.0986,32,0.363697
970,1.40737e+14,8.69832e+11,2.14759e+09,47,25.7549,31,0.343933
971,7.03687e+13,7.82968e+11,4.29508e+09,46,26.7725,32,0.308313
972,1.1259e+15,2.06102e+12,2.14758e+09,50,25.5176,31,0.348347
973,2.81475e+14,1.42153e+12,4.29507e+09,48,26.042,32,0.401566
974,2.81475e+14,1.36969e+12,2.14759e+09,48,25.6611,31,0.358125
975,2.81475e+14,1.10021e+12,4.29506e+09,48,25.6826,32,0.378568
976,1.40737e+14,7.67593e+11,8.59003e+09,47,26.9238,33,0.407765
977,5.6295e+14,1.98648e+12,4.29507e+09,49,26.1592,32,0.342977
978,5.6295e+14,1.90766e+12,4.29508e+09,49,26.9785,32,0.395986
979,2.81475e+14,9.9751e+11,4.29508e+09,48,26.3574,32,0.355436
980,1.40737e+14,1.07128e+12,4.29508e+09,47,26.1191,32,0.322308
981,4.5036e+15,5.63199e+12,4.29507e+09,52,26.1133,32,0.320278
982,2.2518e+15,3.23681e+12,5.3696e+08,51,22.9766,29,0.355247
983,2.81475e+14,1.24902e+12,4.29506e+09,48,25.3252,32,0.385728
984,1.40737e+14,7.39858e+11,1.07384e+09,47,24.5869,30,0.362729
985,1.40737e+14,9.83371e+11,1.07384e+09,47,24.8652,30,0.359244
986,7.03687e+13,6.03881e+11,2.14758e+09,46,25.0703,31,0.325647
987,1.40737e+14,8.92654e+11,4.29507e+09,47,25.9805,32,0.356208
988,5.6295e+14,1.94219e+12,1.07384e+09,49,25.2354,30,0.362631
989,1.40737e+14,8.70199e+11,1.07384e+09,47,25.0322,30,0.382225
990,7.03687e+13,5.22742e+11,1.07383e+09,46,23.9668,30,0.378894
991,1.1259e+15,2.15699e+12,2.68523e+08,50,23.9023,28,0.334845
992,1.40737e+14,1.05362e+12,4.29507e+09,47,25.8037,32,0.358069
993,1.40737e+14,7.41244e+11,2.14758e+09,47,25.1855,31,0.397066
994,1.40737e+14,8.72951e+11,2.14758e+09,47,25.0684,31,0.380042
995,2.81475e+14,7.1592e+11,1.07384e+09,48,24.5205,30,0.315615
996,2.81475e+14,9.78721e+11,5.36962e+08,48,23.9414,29,0.357171
997,5.6295e+14,1.81372e+12,1.07383e+09,49,24.0254,30,0.338466
998,5.6295e+14,1.74765e+12,4.29506e+09,49,25.1963,32,0.386772
999,2.81475e+14,1.08227e+12,4.29506e+09,48,25.665,32,0.363763
1000,2.81475e+14,1.33219e+12,4.29507e+09,48,25.873,32,0.321736
1001,5.6295e+14,1.83399e+12,8.59004e+09,49,26.4111,33,0.323175
1002,1.1259e+15,2.03726e+12,4.29507e+09,50,26.6104,32,0.346806
1003,1.40737e+14,7.96153e+11,8.59005e+09,47,26.999,33,0.325195
1004,2.2518e+15,3.32616e+12,4.29507e+09,51,26.2715,32,0.335459
1005,2.81475e+14,9.22994e+11,2.14757e+09,48,25.2314,31,0.366044
1006,1.40737e+14,6.38431e+11,2.14758e+09,47,25.5596,31,0.361959
1007,5.6295e+14,1.78255e+12,8.59004e+09,49,26.5312,33,0.391806
1008,5.6295e+14,1.54694e+12,8.59003e+09,49,26.6777,33,0.312265
1009,2.81475e+14,9.32851e+11,4.29507e+09,48,26.0508,32,0.320232
1010,1.40737e+14,8.68893e+11,4.29507e+09,47,26.7412,32,0.413543
1011,1.40737e+14,7.16657e+11,4.29508e+09,47,26.4746,32,0.363603
1012,2.2518e+15,4.4252e+12,4.29507e+09,51,26.3984,32,0.364066
1013,1.1259e+15,2.15075e+12,4.29507e+09,50,26.6387,32,0.347518
1014,5.6295e+14,1.64801e+12,8.59005e+09,49,27.8535,33,0.39193
1015,2.2518e+15,4.42204e+12,1.718e+10,51,27.5059,34,0.380315
1016,1.1259e+15,4.0463e+12,1.718e+10,50,28.9434,34,0.366643
1017,7.03687e+13,9.09213e+11,1.718e+10,46,27.2842,34,0.34282
1018,2.81475e+14,1.44751e+12,8.59004e+09,48,26.9277,33,0.379717
1019,2.81475e+14,1.34368e+12,8.59004e+09,48,26.8652,33,0.346755
1020,2.81475e+14,1.503e+12,4.29508e+09,48,26.2471,32,0.356647
1021,2.81475e+14,1.50605e+12,8.59005e+09,48,27.2969,33,0.34668
1022,2.81475e+14,1.58069e+12,2.14759e+09,48,25.7617,31,0.376609
1023,1.40737e+14,1.1635e+12,4.29508e+09,47,25.9941,32,0.27458
1024,1.1259e+15,3.26112e+12,2.14759e+09,50,25.8701,31,0.434348
1025,5.6295e+14,1.6801e+12,4.29507e+09,49,26.0469,32,0.39771
1026,2.81475e+14,1.55498e+12,8.59003e+09,48,26.8857,33,0.356711
1027,1.40737e+14,1.22026e+12,8.59003e+09,47,26.2676,33,0.316896
1028,1.1259e+15,3.61428e+12,8.59004e+09,50,26.4268,33,0.371369
1029,2.81475e+14,2.03165e+12,1.718e+10,48,27.1514,34,0.36287
1030,9.0072e+15,1.07047e+13,4.29506e+09,53,25.3506,32,0.366079
1031,1.1259e+15,3.70423e+12,1.718e+10,50,28.0293,34,0.40082
1032,1.1259e+15,2.98546e+12,8.59004e+09,50,27.0576,33,0.377153
1033,4.5036e+15,5.78647e+12,8.59004e+09,52,26.9453,33,0.401431
1034,1.1259e+15,4.56372e+12,1.718e+10,50,29.8486,34,0.390027
1035,2.2518e+15,5.53282e+12,1.718e+10,51,27.7734,34,0.378174
1036,4.5036e+15,8.7102e+12,1.718e+10,52,28.791,34,0.401857
1037,2.81475e+14,2.0645e+12,1.718e+10,48,28.4023,34,0.423304
1038,1.1259e+15,2.5362e+12,4.29507e+09,50,26.8867,32,0.363575
1039,2.2518e+15,4.62941e+12,1.718e+10,51,28.3936,34,0.316397
1040,1.1259e+15,2.40887e+12,1.718e+10,50,28.1963,34,0.406105
1041,2.81475e+14,1.88844e+12,1.718e+10,48,28.6445,34,0.42916
1042,2.81475e+14,1.6707e+12,8.59005e+09,48,27.4062,33,0.385613
1043,5.6295e+14,2.35204e+12,8.59005e+09,49,27.6494,33,0.338671
1044,2.81475e+14,1.45102e+12,1.718e+10,48,28.1299,34,0.379752
1045,2.81475e+14,1.91524e+12,8.59004e+09,48,27.1729,33,0.35663
1046,1.1259e+15,4.27247e+12,1.718e+10,50,27.7256,34,0.514066
1047,1.1259e+15,2.87177e+12,1.718e+10,50,27.9795,34,0.373403
1048,1.1259e+15,3.27477e+12,8.59004e+09,50,27.0107,33,0.379952
1049,2.81475e+14,1.66354e+12,8.59004e+09,48,27.0127,33,0.293357
1050,2.81475e+14,1.72815e+12,8.59005e+09,48,27.8223,33,0.373354
1051,1.1259e+15,3.39155e+12,8.59004e+09,50,27.1006,33,0.336581
1052,2.81475e+14,2.46253e+12,8.59005e+09,48,27.3623,33,0.38468
1053,5.6295e+14,3.17402e+12,8.59005e+09,49,27.6689,33,0.403291
1054,2.2518e+15,4.63065e+12,8.59005e+09,51,27.2559,33,0.34823
1055,2.81475e+14,1.40704e+12,8.59005e+09,48,27.4199,33,0.332949
1056,2.2518e+15,5.8569e+12,1.718e+10,51,28.2451,34,0.365713
1057,2.81475e+14,1.30978e+12,1.718e+10,48,28.9346,34,0.42188
1058,1.1259e+15,3.67551e+12,8.59005e+09,50,27.8379,33,0.351841
1059,7.20576e+16,7.17952e+13,1.718e+10,56,27.7422,34,0.401174
1060,5.6295e+14,2.99804e+12,1.718e+10,49,28.2012,34,0.480169
1061,2.81475e+14,1.80172e+12,1.718e+10,48,27.7891,34,0.366792
1062,5.6295e+14,3.03427e+12,8.59004e+09,49,26.541,33,0.300035
1063,1.1259e+15,3.8153e+12,8.59004e+09,50,27.3604,33,0.40811
1064,2.81475e+14,1.33072e+12,8.59004e+09,48,27.3857,33,0.349493
1065,1.1259e+15,3.57686e+12,8.59003e+09,50,26.5752,33,0.404655
1066,1.1259e+15,2.88654e+12,8.59005e+09,50,26.4375,33,0.414121
1067,5.6295e+14,2.6713e+12,8.59004e+09,49,26.4277,33,0.373107
1068,2.81475e+14,1.87378e+12,1.718e+10,48,27.333,34,0.301769
1069,1.1259e+15,4.14383e+12,1.718e+10,50,26.7832,34,0.362376
1070,1.1259e+15,3.84126e+12,1.718e+10,50,27.8516,34,0.369665
1071,1.1259e+15,3.44375e+12,8.59005e+09,50,27.3506,33,0.424804
1072,5.6295e+14,2.90734e+12,4.29507e+09,49,26.1152,32,0.36186
1073,5.6295e+14,2.50959e+12,8.59004e+09,49,26.458,33,0.38318
1074,2.81475e+14,2.14316e+12,4.29507e+09,48,25.9521,32,0.344679
1075,2.81475e+14,1.43914e+12,8.59004e+09,48,26.4346,33,0.310719
1076,1.1259e+15,2.71028e+12,4.29506e+09,50,25.4678,32,0.305319
1077,5.6295e+14,2.64459e+12,8.59005e+09,49,26.3682,33,0.429404
1078,2.81475e+14,1.899e+12,4.29507e+09,48,26.0479,32,0.359979
1079,1.1259e+15,4.38576e+12,4.29508e+09,50,26.332,32,0.33008
1080,1.1259e+15,3.20465e+12,8.59005e+09,50,26.8389,33,0.376387
1081,4.5036e+15,5.96962e+12,8.59004e+09,52,26.3398,33,0.400899
1082,1.1259e+15,2.74837e+12,1.718e+10,50,28.2676,34,0.396013
1083,1.1259e+15,2.82883e+12,4.29508e+09,50,27.6221,32,0.378795
1084,5.76461e+17,5.6517e+14,8.59005e+09,59,27.5479,33,0.426704
1085,9.0072e+15,1.17613e+13,1.718e+10,53,27.9404,34,0.401171
1086,1.1259e+15,2.67218e+12,1.718e+10,50,28.6533,34,0.426639
1087,5.6295e+14,3.77691e+12,1.718e+10,49,27.3398,34,0.376666
1088,2.81475e+14,2.02619e+12,8.59005e+09,48,26.9717,33,0.326689
1089,2.2518e+15,4.35105e+12,4.29508e+09,51,25.9238,32,0.382832
1090,5.6295e+14,2.78019e+12,1.718e+10,49,28.3203,34,0.403241
1091,5.6295e+14,2.31975e+12,8.59004e+09,49,26.5664,33,0.367279
1092,2.2518e+15,4.72772e+12,1.718e+10,51,27.2188,34,0.385744
1093,2.2518e+15,6.65809e+12,1.718e+10,51,27.248,34,0.355028
1094,9.0072e+15,1.07742e+13,1.718e+10,53,28.2227,34,0.3655
1095,2.81475e+14,2.42411e+12,4.29508e+09,48,27.8848,32,0.336284
1096,1.1259e+15,4.29007e+12,4.29507e+09,50,26.4521,32,0.310751
1097,1.1259e+15,4.01178e+12,8.59005e+09,50,27.2852,33,0.377071
1098,1.1259e+15,3.26386e+12,4.29507e+09,50,26.1211,32,0.379568
1099,1.1259e+15,2.45832e+12,8.59005e+09,50,26.8799,33,0.383372
1100,1.1259e+15,2.34386e+12,8.59004e+09,50,26.5762,33,0.356611
1101,5.6295e+14,2.95681e+12,4.29508e+09,49,25.4365,32,0.356669
1102,2.81475e+14,1.61941e+12,8.59004e+09,48,26.7998,33,0.370609
1103,5.6295e+14,3.03486e+12,8.59005e+09,49,26.8018,33,0.486113
1104,2.81475e+14,1.37097e+12,8.59004e+09,48,26.3975,33,0.399748
1105,2.81475e+14,1.4983e+12,2.14759e+09,48,24.7773,31,0.3123
1106,5.6295e+14,2.55213e+12,4.29507e+09,49,24.8145,32,0.391402
1107,2.81475e+14,1.11499e+12,4.29508e+09,48,26.1641,32,0.382815
1108,2.81475e+14,1.80387e+12,8.59005e+09,48,26.4121,33,0.352644
1109,2.81475e+14,1.66572e+12,8.59004e+09,48,26.7314,33,0.39132
1110,7.03687e+13,9.37513e+11,4.29507e+09,46,25.2871,32,0.355766
1111,5.6295e+14,1.86235e+12,4.29507e+09,49,25.4219,32,0.392503
1112,1.1259e+15,3.09579e+12,8.59005e+09,50,26.9688,33,0.448113
1113,2.2518e+15,4.8823e+12,8.59004e+09,51,26.2217,33,0.376667
1114,2.81475e+14,2.09204e+12,8.59004e+09,48,26.0342,33,0.366692
1115,2.2518e+15,4.45249e+12,8.59005e+09,51,26.3857,33,0.386641
1116,1.1259e+15,3.69748e+12,1.718e+10,50,28.7373,34,0.386734
1117,1.1259e+15,3.85781e+12,1.718e+10,50,28.0801,34,0.296745
1118,5.6295e+14,2.77718e+12,1.718e+10,49,28.7627,34,0.458915
1119,2.81475e+14,2.00106e+12,8.59005e+09,48,27.1689,33,0.43158
1120,5.6295e+14,2.53547e+12,1.718e+10,49,27.2734,34,0.296419
1121,1.40737e+14,1.00755e+12,8.59004e+09,47,26.6963,33,0.365826
1122,2.81475e+14,2.05332e+12,8.59004e+09,48,26.168,33,0.368952
1123,2.81475e+14,1.55083e+12,1.718e+10,48,28.1172,34,0.426258
1124,1.1259e+15,3.83251e+12,8.59004e+09,50,26.5146,33,0.308559
1125,2.81475e+14,2.0239e+12,8.59005e+09,48,27.4424,33,0.471419
1126,1.1259e+15,2.9011e+12,1.718e+10,50,28.1582,34,0.38241
1127,1.1259e+15,3.0351e+12,1.718e+10,50,28.8379,34,0.36952
1128,5.6295e+14,2.43817e+12,1.718e+10,49,28.1494,34,0.345198
1129,4.5036e+15,8.99859e+12,1.718e+10,52,28.6113,34,0.358191
1130,2.2518e+15,3.40206e+12,8.59005e+09,51,28.3701,33,0.352776
1131,1.1259e+15,4.28482e+12,1.718e+10,50,28.9678,34,0.403514
1132,2.81475e+14,1.73006e+12,1.718e+10,48,28.6309,34,0.366956
1133,2.2518e+15,3.82165e+12,1.718e+10,51,28.1582,34,0.33786
1134,5.6295e+14,2.19992e+12,8.59005e+09,49,27.9336,33,0.448649
1135,5.6295e+14,3.68321e+12,1.718e+10,49,28.1514,34,0.384096
1136,5.6295e+14,1.99646e+12,8.59004e+09,49,27.5439,33,0.409422
1137,5.6295e+14,3.29503e+12,8.59004e+09,49,27.6621,33,0.420016
1138,5.6295e+14,1.6375e+12,8.59004e+09,49,26.6211,33,0.39331
1139,9.0072e+15,1.41732e+13,1.718e+10,53,28.1611,34,0.360001
1140,1.1259e+15,3.26804e+12,1.718e+10,50,29.0439,34,0.463334
1141,1.1259e+15,3.96428e+12,8.59005e+09,50,27.6025,33,0.406667
1142,5.6295e+14,2.16876e+12,1.718e+10,49,27.3984,34,0.403756
1143,2.81475e+14,2.15884e+12,8.59004e+09,48,26.4482,33,0.305818
1144,5.6295e+14,1.47479e+12,8.59003e+09,49,26.792,33,0.448522
1145,2.81475e+14,1.31884e+12,8.59005e+09,48,27.6816,33,0.372018
1146,7.03687e+13,1.28942e+12,8.59003e+09,46,26.4707,33,0.38266
1147,1.40737e+14,1.21646e+12,2.14758e+09,47,25.0391,31,0.413109
1148,7.03687e+13,1.09869e+12,4.29506e+09,46,25.2969,32,0.366213
1149,5.6295e+14,1.98102e+12,8.59004e+09,49,27.2285,33,0.381579
1150,1.1259e+15,4.51152e+12,4.29507e+09,50,26.5557,32,0.40023
1151,2.2518e+15,3.51842e+12,4.29507e+09,51,26.2578,32,0.357443
1152,1.1259e+15,4.04849e+12,1.718e+10,50,28.4922,34,0.428659
1153,2.2518e+15,5.35677e+12,1.718e+10,51,27.5254,34,0.382072
1154,1.1259e+15,3.66176e+12,1.718e+10,50,27.9004,34,0.437971
1155,9.0072e+15,1.15317e+13,1.718e+10,53,27.8008,34,0.40279
1156,5.6295e+14,2.68497e+12,1.718e+10,49,29.0908,34,0.372385
1157,5.6295e+14,3.06811e+12,1.718e+10,49,29.3184,34,0.42142
1158,2.2518e+15,4.77195e+12,1.718e+10,51,28.3203,34,0.37002
1159,5.6295e+14,3.27453e+12,1.718e+10,49,28.584,34,0.366645
1160,5.6295e+14,3.19895e+12,8.59005e+09,49,27.4541,33,0.40337
1161,1.80144e+16,2.16782e+13,8.59005e+09,54,27.4531,33,0.406634
1162,5.6295e+14,5.22158e+12,3.43598e+10,49,30.208,35,0.426686
1163,4.5036e+15,8.55102e+12,1.718e+10,52,28.7334,34,0.387167
1164,9.0072e+15,1.21569e+13,1.718e+10,53,28.7539,34,0.419518
1165,5.6295e+14,2.80459e+12,1.718e+10,49,29.1777,34,0.390708
1166,5.6295e+14,4.51294e+12,1.718e+10,49,29.1924,34,0.369253
1167,9.0072e+15,1.67895e+13,1.718e+10,53,28.4111,34,0.373952
1168,1.1259e+15,5.39217e+12,1.718e+10,50,29.1016,34,0.478934
1169,5.6295e+14,3.01375e+12,1.718e+10,49,28.2959,34,0.426355
1170,1.1259e+15,6.14625e+12,1.718e+10,50,27.7285,34,0.364113
1171,1.1259e+15,5.6144e+12,1.718e+10,50,29.4238,34,0.457722
1172,5.6295e+14,2.70099e+12,1.718e+10,49,29.4092,34,0.419065
1173,1.1259e+15,4.69609e+12,1.718e+10,50,29.1123,34,0.402707
1174,5.6295e+14,2.93742e+12,1.718e+10,49,29.0293,34,0.397233
1175,4.5036e+15,8.48885e+12,1.718e+10,52,27.6631,34,0.399477
1176,5.6295e+14,3.61655e+12,1.718e+10,49,30.6064,34,0.393625
1177,5.6295e+14,2.77563e+12,1.718e+10,49,29.0068,34,0.370968
1178,1.1259e+15,4.93671e+12,1.718e+10,50,28.959,34,0.42696
1179,1.40737e+14,1.84003e+12,1.718e+10,47,28.4072,34,0.438858
1180,4.5036e+15,6.64724e+12,1.718e+10,52,29.0146,34,0.408536
1181,1.1259e+15,5.64696e+12,1.718e+10,50,29.9912,34,0.488176
1182,5.6295e+14,3.66132e+12,1.718e+10,49,29.0957,34,0.486065
1183,4.5036e+15,1.19142e+13,1.718e+10,52,29.6992,34,0.431039
1184,1.1259e+15,3.7231e+12,1.718e+10,50,30.3154,34,0.464438
1185,1.1259e+15,3.54871e+12,1.718e+10,50,29.8105,34,0.438466
1186,2.2518e+15,4.15447e+12,1.718e+10,51,29.1533,34,0.363332
1187,5.6295e+14,3.16568e+12,1.718e+10,49,28.8242,34,0.419974
1188,5.6295e+14,2.36412e+12,1.718e+10,49,27.4092,34,0.34058
1189,2.81475e+14,2.55337e+12,1.718e+10,48,27.96,34,0.389128
1190,1.1259e+15,3.66987e+12,1.718e+10,50,28.1484,34,0.445535
1191,1.1259e+15,2.51703e+12,1.718e+10,50,27.7646,34,0.380059
1192,1.80144e+16,1.99274e+13,1.718e+10,54,27.0615,34,0.393143
1193,5.6295e+14,2.819e+12,1.718e+10,49,28.4824,34,0.434081
1194,1.1259e+15,3.48099e+12,8.59004e+09,50,25.8721,33,0.42078
1195,2.81475e+14,2.28128e+12,1.718e+10,48,26.8984,34,0.400025
1196,5.6295e+14,3.1652e+12,8.59003e+09,49,25.9395,33,0.379683
1197,5.6295e+14,2.86367e+12,8.59003e+09,49,25.9453,33,0.405092
1198,9.0072e+15,1.38478e+13,1.718e+10,53,27.9297,34,0.431897
1199,2.81475e+14,1.6401e+12,8.59004e+09,48,26.459,33,0.374377
1200,2.81475e+14,1.78454e+12,1.718e+10,48,27,34,0.383114
1201,5.6295e+14,2.61311e+12,1.718e+10,49,26.9346,34,0.376369
1202,1.1259e+15,2.77659e+12,8.59005e+09,50,26.7422,33,0.371198
1203,4.5036e+15,8.61992e+12,1.718e+10,52,27.96,34,0.41831
1204,1.1259e+15,3.24584e+12,1.718e+10,50,27.8916,34,0.367392
1205,1.1259e+15,3.4961e+12,1.718e+10,50,27.6104,34,0.446312
1206,5.6295e+14,2.41309e+12,1.718e+10,49,26.5293,34,0.427153
1207,2.81475e+14,2.91342e+12,8.59003e+09,48,26.1768,33,0.399089
1208,2.81475e+14,2.67726e+12,1.718e+10,48,26.5205,34,0.399993
1209,5.6295e+14,2.62054e+12,1.718e+10,49,26.208,34,0.425522
1210,1.1259e+15,4.00189e+12,8.59004e+09,50,26.1182,33,0.351942
1211,5.6295e+14,1.74845e+12,1.718e+10,49,27.6104,34,0.422511
1212,1.1259e+15,3.44942e+12,8.59002e+09,50,26.0332,33,0.377238
1213,2.81475e+14,1.67955e+12,1.718e+10,48,26.7842,34,0.409426
1214,5.6295e+14,2.59953e+12,1.718e+10,49,26.9873,34,0.397121
1215,1.40737e+14,1.27439e+12,1.718e+10,47,26.8291,34,0.355009
1216,5.6295e+14,2.66165e+12,1.718e+10,49,26.5996,34,0.397926
1217,1.1259e+15,2.79982e+12,8.59004e+09,50,26.9121,33,0.3767
1218,5.6295e+14,2.19264e+12,8.59004e+09,49,26.2021,33,0.428378
1219,2.81475e+14,1.84584e+12,4.29506e+09,48,25.2656,32,0.34368
1220,1.1259e+15,2.71129e+12,8.59004e+09,50,26.3281,33,0.42125
1221,1.80144e+16,2.15374e+13,4.29507e+09,54,25.835,32,0.383271
1222,2.2518e+15,6.37838e+12,1.07383e+09,51,24.5225,30,0.391887
1223,2.2518e+15,6.42375e+12,8.59003e+09,51,26.3047,33,0.384167
1224,1.1259e+15,3.96329e+12,8.59005e+09,50,26.543,33,0.425602
1225,4.5036e+15,7.70927e+12,8.59003e+09,52,25.9775,33,0.381768
1226,2.2518e+15,5.04951e+12,8.59003e+09,51,26.0166,33,0.422532
1227,1.1259e+15,4.36873e+12,4.29507e+09,50,26.0518,32,0.414071
1228,2.81475e+14,1.43192e+12,4.29506e+09,48,25.3857,32,0.380045
1229,1.1259e+15,4.46503e+12,4.29507e+09,50,25.833,32,0.406677
1230,1.1259e+15,5.41838e+12,4.29507e+09,50,26.6133,32,0.342684
1231,5.6295e+14,3.17924e+12,4.29508e+09,49,26.7881,32,0.384231
1232,2.81475e+14,2.69081e+12,4.29506e+09,48,26.5645,32,0.409696
1233,2.2518e+15,5.25117e+12,8.59005e+09,51,27.7529,33,0.437594
1234,5.6295e+14,2.96373e+12,8.59003e+09,49,27.3857,33,0.408278
1235,2.81475e+14,1.6701e+12,8.59003e+09,48,26.6436,33,0.389062
1236,5.6295e+14,2.96999e+12,8.59004e+09,49,27.708,33,0.386754
1237,1.1259e+15,4.0275e+12,2.14758e+09,50,25.9717,31,0.421966
1238,1.1259e+15,3.65961e+12,8.59003e+09,50,26.8203,33,0.401293
1239,1.1259e+15,3.87166e+12,4.29506e+09,50,26.375,32,0.421688
1240,2.2518e+15,6.16591e+12,4.29506e+09,51,26.8975,32,0.451032
1241,4.5036e+15,1.05073e+13,4.29507e+09,52,27.4863,32,0.465481
1242,2.2518e+15,4.02555e+12,4.29507e+09,51,26.7949,32,0.433538
1243,2.2518e+15,4.77085e+12,1.718e+10,51,26.7305,34,0.419687
1244,4.5036e+15,1.12982e+13,8.59004e+09,52,26.8916,33,0.399595
1245,1.1259e+15,5.3889e+12,8.59005e+09,50,26.5283,33,0.394027
1246,5.6295e+14,2.59633e+12,4.29506e+09,49,25.9043,32,0.426668
1247,3.60288e+16,3.94706e+13,4.29505e+09,55,25.1992,32,0.400001
1248,2.2518e+15,9.20915e+12,3.43598e+10,51,30.9062,35,0.497038
1249,9.0072e+15,1.70573e+13,3.43599e+10,53,30.832,35,0.489675
1250,1.1259e+15,7.87415e+12,3.43599e+10,50,31.8418,35,0.463304
1251,1.80144e+16,2.63155e+13,3.43599e+10,54,31.5977,35,0.525811
1252,4.5036e+15,9.64633e+12,3.43598e+10,52,30.7021,35,0.436679
1253,5.6295e+14,7.27915e+12,3.43599e+10,49,30.7764,35,0.460804
1254,1.1259e+15,7.56273e+12,3.43598e+10,50,30.2168,35,0.499996
1255,4.5036e+15,1.80767e+13,3.43598e+10,52,30.3896,35,0.42371
1256,2.2518e+15,1.3388e+13,3.43599e+10,51,31.0537,35,0.522992
1257,5.6295e+14,4.02027e+12,1.718e+10,49,28.8271,34,0.467072
1258,5.6295e+14,6.27381e+12,1.718e+10,49,29.1709,34,0.426227
1259,2.2518e+15,9.06627e+12,1.718e+10,51,28.499,34,0.391283
1260,2.2518e+15,8.53624e+12,1.718e+10,51,28.8887,34,0.458523
1261,4.5036e+15,1.13179e+13,3.43598e+10,52,29.0254,35,0.446897
1262,1.1259e+15,7.42534e+12,3.43598e+10,50,29.209,35,0.404923
1263,2.2518e+15,1.07625e+13,3.43598e+10,51,29.7852,35,0.395036
1264,7.20576e+16,9.6403e+13,1.718e+10,56,28.9873,34,0.399976
1265,2.2518e+15,7.59423e+12,3.43599e+10,51,30.623,35,0.526061
1266,9.0072e+15,1.79452e+13,3.43598e+10,53,29.2832,35,0.456482
1267,4.5036e+15,1.28932e+13,1.718e+10,52,28.8555,34,0.416504
1268,5.6295e+14,6.04465e+12,3.43598e+10,49,28.5078,35,0.480979
1269,9.0072e+15,1.7054e+13,1.718e+10,53,28.8896,34,0.534185
1270,4.5036e+15,1.37507e+13,3.43598e+10,52,29.8252,35,0.382926
1271,1.1259e+15,6.73138e+12,1.718e+10,50,29.3008,34,0.42749
1272,4.5036e+15,1.08663e+13,1.718e+10,52,28.2344,34,0.488778
1273,9.0072e+15,1.71277e+13,1.718e+10,53,26.9971,34,0.44329
1274,4.5036e+15,9.70694e+12,3.43598e+10,52,29.2344,35,0.486683
1275,4.5036e+15,1.4106e+13,1.718e+10,52,29.2549,34,0.426643
1276,1.1259e+15,7.11675e+12,1.718e+10,50,29.1777,34,0.413388
1277,4.5036e+15,1.28225e+13,1.718e+10,52,28.6143,34,0.392899
1278,5.6295e+14,5.97955e+12,3.43598e+10,49,30.5293,35,0.427773
1279,4.5036e+15,1.21492e+13,1.718e+10,52,28.2754,34,0.463916
1280,7.20576e+16,7.53226e+13,3.43598e+10,56,30.417,35,0.438734
1281,2.2518e+15,1.45562e+13,3.43599e+10,51,29.8848,35,0.476065
1282,7.20576e+16,9.4019e+13,3.43598e+10,56,29.7598,35,0.427269
1283,1.80144e+16,3.92487e+13,3.43598e+10,54,30.9385,35,0.508239
1284,1.80144e+16,3.4751e+13,3.43598e+10,54,29.4326,35,0.443903
1285,4.5036e+15,9.7271e+12,3.43598e+10,52,29.5332,35,0.433559
1286,5.6295e+14,4.46353e+12,3.43598e+10,49,29.8135,35,0.419911
1287,5.6295e+14,5.46199e+12,3.43598e+10,49,29.3203,35,0.414103
1288,1.80144e+16,2.628e+13,3.43598e+10,54,28.9443,35,0.364969
1289,2.2518e+15,8.19587e+12,1.718e+10,51,27.2881,34,0.322076
1290,2.2518e+15,1.04165e+13,1.718e+10,51,27.1289,34,0.307588
1291,1.1259e+15,7.41061e+12,1.718e+10,50,26.5361,34,0.275159
1292,2.2518e+15,8.2325e+12,1.718e+10,51,27.7148,34,0.3283
1293,2.81475e+14,3.025e+12,1.718e+10,48,27.8955,34,0.300006
1294,4.5036e+15,1.24323e+13,1.718e+10,52,27.9072,34,0.343938
1295,5.6295e+14,5.56917e+12,3.43598e+10,49,29.3564,35,0.313605
1296,2.2518e+15,9.5613e+12,3.43598e+10,51,29.8779,35,0.318702
1297,2.2518e+15,1.07697e+13,3.43598e+10,51,29.6738,35,0.350263
1298,2.2518e+15,6.79525e+12,3.43598e+10,51,29.1807,35,0.303752
1299,1.80144e+16,2.12226e+13,1.718e+10,54,28.876,34,0.365237
1300,4.5036e+15,1.41861e+13,3.43599e+10,52,31.6562,35,0.36083
1301,4.5036e+15,1.37425e+13,3.43598e+10,52,30.1455,35,0.347091
1302,3.60288e+16,3.92341e+13,1.718e+10,55,29.416,34,0.350902
1303,1.1259e+15,7.98645e+12,3.43599e+10,50,29.8896,35,0.342203
1304,1.1259e+15,6.97534e+12,1.718e+10,50,28.4463,34,0.29419
1305,1.1259e+15,6.21982e+12,1.718e+10,50,28.4805,34,0.323982
1306,1.1259e+15,8.68973e+12,3.43598e+10,50,30.1592,35,0.323614
1307,1.1259e+15,9.55256e+12,1.718e+10,50,28.5303,34,0.342154
1308,1.1259e+15,6.32879e+12,1.718e+10,50,28.6807,34,0.340067
1309,5.6295e+14,4.26156e+12,1.718e+10,49,28.2939,34,0.338515
1310,9.0072e+15,1.8323e+13,1.718e+10,53,28.001,34,0.340394
1311,5.6295e+14,4.72936e+12,1.718e+10,49,27.4941,34,0.326074
1312,4.5036e+15,1.11906e+13,1.718e+10,52,28.376,34,0.349669
1313,7.20576e+16,8.21775e+13,1.718e+10,56,27.1123,34,0.304445
1314,1.1259e+15,7.24629e+12,3.43598e+10,50,30.7568,35,0.348816
1315,5.6295e+14,5.62609e+12,3.43598e+10,49,30.0879,35,0.346243
1316,4.5036e+15,1.03445e+13,1.718e+10,52,29.75,34,0.334967
1317,1.80144e+16,2.50443e+13,3.43598e+10,54,29.8555,35,0.317733
1318,1.1259e+15,9.38895e+12,3.43598e+10,50,30.5225,35,0.332282
1319,1.1259e+15,5.21768e+12,3.43598e+10,50,31.2324,35,0.363592
1320,1.1259e+15,7.06471e+12,1.718e+10,50,29.3066,34,0.302749
1321,5.6295e+14,4.46388e+12,1.718e+10,49,29.5273,34,0.357308
1322,1.1259e+15,5.78202e+12,3.43598e+10,50,29.7715,35,0.323967
1323,9.0072e+15,1.31571e+13,1.718e+10,53,29.6377,34,0.332002
1324,2.2518e+15,9.69605e+12,3.43599e+10,51,31.5029,35,0.345922
1325,5.6295e+14,5.48022e+12,3.43598e+10,49,30.0127,35,0.333001
1326,1.1259e+15,6.4429e+12,1.718e+10,50,29.458,34,0.329168
1327,1.1259e+15,7.90851e+12,3.43598e+10,50,30.6104,35,0.366386
1328,9.0072e+15,1.56848e+13,3.43598e+10,53,30.1689,35,0.333938
1329,1.1259e+15,6.02121e+12,3.43598e+10,50,30.2324,35,0.32704
1330,9.0072e+15,1.46723e+13,1.718e+10,53,28.585,34,0.317497
1331,2.2518e+15,1.05609e+13,6.87196e+10,51,31.8105,36,0.329605
1332,4.5036e+15,1.20926e+13,3.43599e+10,52,30.8291,35,0.359341
1333,2.81475e+14,5.37703e+12,3.43598e+10,48,30.3867,35,0.342382
1334,9.0072e+15,1.66126e+13,3.43598e+10,53,29.4766,35,0.314066
1335,2.2518e+15,1.28935e+13,1.718e+10,51,27.9629,34,0.337723
1336,2.2518e+15,1.22742e+13,3.43598e+10,51,29.6084,35,0.327916
1337,1.1259e+15,6.62957e+12,1.718e+10,50,29.0186,34,0.305694
1338,1.1259e+15,7.91966e+12,3.43598e+10,50,29.75,35,0.328375
1339,2.2518e+15,1.07277e+13,1.718e+10,51,29.3389,34,0.320271
1340,2.2518e+15,9.83499e+12,1.718e+10,51,29.6221,34,0.327738
1341,1.80144e+16,2.6879e+13,3.43598e+10,54,29.4316,35,0.335053
1342,1.1259e+15,6.70163e+12,3.43599e+10,50,31.6689,35,0.37407
1343,9.0072e+15,1.61081e+13,1.718e+10,53,29.3486,34,0.329252
1344,7.20576e+16,7.45261e+13,1.718e+10,56,29.5273,34,0.333355
1345,3.60288e+16,5.42708e+13,3.43599e+10,55,31.0195,35,0.332491
1346,1.1259e+15,6.43793e+12,3.43599e+10,50,31.3457,35,0.35855
1347,9.0072e+15,2.63434e+13,3.43599e+10,53,30.7939,35,0.325042
1348,1.1259e+15,7.58301e+12,3.43599e+10,50,30.5439,35,0.328344
1349,1.1259e+15,8.24958e+12,1.718e+10,50,30.2871,34,0.338054
1350,4.5036e+15,1.16628e+13,3.43599e+10,52,30.9697,35,0.355514
1351,2.2518e+15,1.39765e+13,3.43598e+10,51,29.792,35,0.339384
1352,4.5036e+15,1.17363e+13,1.718e+10,52,29.083,34,0.329795
1353,1.1259e+15,5.69186e+12,3.43598e+10,50,29.6904,35,0.321244
1354,1.1259e+15,7.45643e+12,1.718e+10,50,28.9688,34,0.327549
1355,2.2518e+15,8.29782e+12,1.718e+10,51,28.4971,34,0.340383
1356,1.1259e+15,7.35813e+12,1.718e+10,50,28.7109,34,0.313863
1357,5.6295e+14,4.17311e+12,1.718e+10,49,28.5908,34,0.326058
1358,1.80144e+16,3.88736e+13,3.43598e+10,54,29.7422,35,0.338806
1359,2.2518e+15,5.91846e+12,1.718e+10,51,29.2344,34,0.346666
1360,5.6295e+14,4.54122e+12,1.718e+10,49,27.3027,34,0.34336
1361,2.2518e+15,7.29688e+12,1.718e+10,51,29.1914,34,0.346608
1362,4.5036e+15,9.57279e+12,3.43598e+10,52,29.5498,35,0.360402
1363,1.80144e+16,2.82934e+13,1.718e+10,54,28.3525,34,0.346475
1364,1.80144e+16,2.60056e+13,3.43599e+10,54,31.0381,35,0.373155
1365,1.1259e+15,9.41357e+12,6.87196e+10,50,31.4531,36,0.390185
1366,2.2518e+15,1.03648e+13,3.43598e+10,51,29.7539,35,0.403153
1367,1.1259e+15,6.26106e+12,3.43599e+10,50,30.5742,35,0.376684
1368,2.2518e+15,9.68611e+12,3.43599e+10,51,31.3174,35,0.419909
1369,2.2518e+15,9.50163e+12,3.43599e+10,51,30.1953,35,0.454679
1370,1.1259e+15,7.34592e+12,3.43598e+10,50,30.6621,35,0.392603
1371,2.2518e+15,8.26299e+12,1.718e+10,51,29.501,34,0.392422
1372,9.0072e+15,1.73764e+13,1.718e+10,53,29.1338,34,0.393634
1373,1.1259e+15,6.98796e+12,3.43599e+10,50,30.4336,35,0.453363
1374,1.80144e+16,2.78321e+13,1.718e+10,54,28.7559,34,0.408266
1375,4.5036e+15,1.62861e+13,3.43598e+10,52,30.5283,35,0.408472
1376,4.5036e+15,1.2184e+13,3.43598e+10,52,31.0068,35,0.413814
1377,4.5036e+15,1.76669e+13,1.718e+10,52,29.751,34,0.425439
1378,2.2518e+15,1.09012e+13,3.43598e+10,51,29.9238,35,0.384042
1379,2.8823e+17,2.91379e+14,1.718e+10,58,29.4492,34,0.372445
1380,1.1259e+15,5.9564e+12,3.43598e+10,50,30.5488,35,0.459009
1381,5.6295e+14,5.93788e+12,1.718e+10,49,28.7139,34,0.352832
1382,4.5036e+15,1.31358e+13,1.718e+10,52,29.333,34,0.395667
1383,5.6295e+14,5.81289e+12,1.718e+10,49,29.6543,34,0.453312
1384,4.5036e+15,1.01701e+13,1.718e+10,52,28.5742,34,0.41002
1385,4.5036e+15,1.25875e+13,1.718e+10,52,29.5547,34,0.42334
1386,1.1259e+15,6.65914e+12,8.59003e+09,50,28.2148,33,0.44333
1387,1.1259e+15,4.32549e+12,1.718e+10,50,28.3291,34,0.407554
1388,1.1259e+15,4.39382e+12,1.718e+10,50,29.1338,34,0.445052
1389,9.0072e+15,1.84175e+13,1.718e+10,53,29.4434,34,0.397303
1390,4.5036e+15,1.17611e+13,1.718e+10,52,30.126,34,0.469752
1391,4.5036e+15,1.49965e+13,1.718e+10,52,28.9258,34,0.434055
1392,2.2518e+15,7.54722e+12,3.43598e+10,51,29.6631,35,0.395678
1393,1.1259e+15,6.97669e+12,1.718e+10,50,29.5254,34,0.384537
1394,9.0072e+15,1.18564e+13,1.718e+10,53,28.6729,34,0.411725
1395,2.2518e+15,1.32864e+13,6.87196e+10,51,32.0508,36,0.405501
1396,1.1259e+15,5.56365e+12,3.43598e+10,50,29.6982,35,0.44217
1397,9.0072e+15,1.48437e+13,3.43598e+10,53,30.6006,35,0.420044
1398,2.2518e+15,8.32645e+12,3.43599e+10,51,31.4307,35,0.439968
1399,2.81475e+14,4.87042e+12,3.43599e+10,48,30.8711,35,0.410951
1400,2.2518e+15,9.90391e+12,1.718e+10,51,29.8477,34,0.372169
1401,1.1259e+15,7.39809e+12,3.43599e+10,50,30.8916,35,0.410162
1402,1.1259e+15,4.39473e+12,1.718e+10,50,28.8115,34,0.406705
1403,4.5036e+15,9.91914e+12,3.43598e+10,52,29.8242,35,0.364593
1404,4.5036e+15,1.50551e+13,3.43599e+10,52,30.3037,35,0.444815
1405,2.2518e+15,1.05331e+13,1.718e+10,51,29.2227,34,0.420601
1406,5.6295e+14,4.15671e+12,1.718e+10,49,28.626,34,0.415762
1407,2.2518e+15,7.02347e+12,1.718e+10,51,28.7139,34,0.404814
1408,1.1259e+15,6.23686e+12,1.718e+10,50,28.4033,34,0.421007
1409,9.0072e+15,1.33712e+13,1.718e+10,53,29.1484,34,0.404434
1410,2.2518e+15,8.35421e+12,3.43599e+10,51,30.7139,35,0.415221
1411,9.0072e+15,2.03128e+13,3.43598e+10,53,29.7803,35,0.40534
1412,9.0072e+15,1.61408e+13,1.718e+10,53,29.8252,34,0.420012
1413,4.5036e+15,9.94607e+12,3.43599e+10,52,31.1221,35,0.425201
1414,4.5036e+15,9.34827e+12,3.43599e+10,52,30.7676,35,0.434824
1415,4.5036e+15,9.34408e+12,3.43599e+10,52,31.0469,35,0.453334
1416,4.5036e+15,1.19909e+13,3.43598e+10,52,30.7451,35,0.460005
1417,9.0072e+15,1.69777e+13,3.43598e+10,53,30.6914,35,0.433368
1418,1.1259e+15,1.02544e+13,3.43598e+10,50,30.5479,35,0.456601
1419,1.1259e+15,5.38746e+12,3.43598e+10,50,29.9385,35,0.462547
1420,1.1259e+15,6.44775e+12,1.718e+10,50,28.7715,34,0.417371
1421,5.6295e+14,4.21845e+12,1.718e+10,49,29.3643,34,0.38173
1422,2.2518e+15,8.15465e+12,1.718e+10,51,29.0586,34,0.431171
1423,4.5036e+15,1.02466e+13,1.718e+10,52,29.042,34,0.423849
1424,2.2518e+15,1.27182e+13,1.718e+10,51,28.5381,34,0.473374
1425,4.5036e+15,1.04183e+13,1.718e+10,52,28.0156,34,0.433314
1426,2.81475e+14,3.58424e+12,1.718e+10,48,29.1943,34,0.479711
1427,2.2518e+15,9.54986e+12,1.718e+10,51,29.3975,34,0.396189
1428,1.1259e+15,7.00803e+12,1.718e+10,50,28.749,34,0.430772
1429,4.5036e+15,9.30776e+12,3.43598e+10,52,29.6064,35,0.416662
1430,9.0072e+15,1.50762e+13,1.718e+10,53,28.2773,34,0.470005
1431,1.1259e+15,6.21315e+12,1.718e+10,50,28.167,34,0.439995
1432,1.1259e+15,5.38105e+12,1.718e+10,50,27.2852,34,0.382373
1433,2.2518e+15,8.71655e+12,1.718e+10,51,26.9932,34,0.398795
1434,2.2518e+15,6.78548e+12,1.718e+10,51,27.627,34,0.355473
1435,2.2518e+15,7.9427e+12,3.43598e+10,51,29.3545,35,0.444122
1436,4.5036e+15,1.2645e+13,1.718e+10,52,29.583,34,0.494807
1437,5.6295e+14,3.44635e+12,1.718e+10,49,28.2998,34,0.432105
1438,4.5036e+15,7.71716e+12,3.43598e+10,52,29.4082,35,0.365635
1439,9.0072e+15,1.734e+13,3.43599e+10,53,30.1602,35,0.44122
1440,2.2518e+15,9.95182e+12,3.43599e+10,51,30.207,35,0.459615
1441,1.1259e+15,6.62069e+12,3.43598e+10,50,29.7656,35,0.445063
1442,1.1259e+15,7.39895e+12,3.43598e+10,50,29.752,35,0.497457
1443,2.2518e+15,8.70191e+12,3.43598e+10,51,30.1787,35,0.479975
1444,5.6295e+14,5.26391e+12,3.43599e+10,49,30.0518,35,0.443363
1445,5.6295e+14,5.06195e+12,1.718e+10,49,29.2988,34,0.442165
1446,2.2518e+15,7.56959e+12,3.43599e+10,51,29.5498,35,0.430917
1447,2.2518e+15,1.03298e+13,3.43598e+10,51,29.9385,35,0.396697
1448,2.2518e+15,6.70175e+12,3.43599e+10,51,30.3115,35,0.443442
1449,1.80144e+16,2.27655e+13,3.43598e+10,54,29.6328,35,0.472634
1450,2.2518e+15,1.20065e+13,3.43599e+10,51,31.2764,35,0.434114
1451,1.1259e+15,8.33825e+12,3.43599e+10,50,30.8389,35,0.38925
1452,9.0072e+15,2.91395e+13,3.43599e+10,53,30.9824,35,0.472999
1453,2.2518e+15,1.16437e+13,6.87196e+10,51,31.6484,36,0.444427
1454,4.5036e+15,1.14863e+13,3.43599e+10,52,30.6553,35,0.469999
1455,3.60288e+16,6.85632e+13,6.87196e+10,55,32.2471,36,0.56003
1456,1.1259e+15,9.60644e+12,3.43599e+10,50,31.2891,35,0.4633
1457,9.0072e+15,1.47946e+13,6.87196e+10,53,31.7178,36,0.483334
1458,9.0072e+15,2.3696e+13,3.43599e+10,53,31.2852,35,0.448729
1459,2.81475e+14,5.18684e+12,6.87196e+10,48,33.292,36,0.48522
1460,3.60288e+16,6.19024e+13,6.87196e+10,55,32.3672,36,0.465651
1461,3.60288e+16,4.65057e+13,6.87196e+10,55,32.876,36,0.463489
1462,5.6295e+14,6.5401e+12,3.43599e+10,49,30.3857,35,0.460042
1463,2.2518e+15,9.13944e+12,6.87196e+10,51,30.9131,36,0.423568
1464,7.20576e+16,8.59143e+13,6.87196e+10,56,31.6035,36,0.463304
1465,4.5036e+15,1.66087e+13,6.87196e+10,52,33.2363,36,0.470027
1466,1.1259e+15,6.45767e+12,6.87196e+10,50,31.6182,36,0.489966
1467,9.0072e+15,1.64436e+13,3.43599e+10,53,30.9902,35,0.434353
1468,2.2518e+15,1.25083e+13,6.87196e+10,51,33.459,36,0.495372
1469,3.60288e+16,5.29824e+13,6.87196e+10,55,32.6201,36,0.483693
1470,4.5036e+15,1.44371e+13,1.37439e+11,52,33.4688,37,0.476636
1471,4.5036e+15,1.82964e+13,6.87196e+10,52,33.5254,36,0.493282
1472,1.1259e+15,1.15596e+13,6.87196e+10,50,33.0059,36,0.500033
1473,2.2518e+15,9.46072e+12,6.87196e+10,51,32.1348,36,0.47997
1474,9.0072e+15,2.33925e+13,6.87196e+10,53,31.8916,36,0.480675
1475,1.1259e+15,7.38279e+12,6.87196e+10,50,31.5166,36,0.409367
1476,4.5036e+15,8.49628e+12,3.43599e+10,52,30.4795,35,0.483291
1477,2.2518e+15,1.08638e+13,6.87196e+10,51,31.1973,36,0.430502
1478,9.0072e+15,2.2515e+13,3.43599e+10,53,30.4512,35,0.390876
1479,2.2518e+15,7.01623e+12,3.43598e+10,51,29.8643,35,0.486414
1480,5.6295e+14,8.16528e+12,3.43598e+10,49,30.1592,35,0.455721
1481,2.2518e+15,8.35497e+12,3.43599e+10,51,30.4258,35,0.414144
1482,2.2518e+15,9.49495e+12,3.43599e+10,51,30.6201,35,0.497965
1483,1.80144e+16,2.6466e+13,3.43598e+10,54,29.874,35,0.451625
1484,1.1259e+15,8.11415e+12,3.43599e+10,50,31.0215,35,0.442754
1485,9.0072e+15,2.27039e+13,3.43599e+10,53,30.2188,35,0.44662
1486,2.2518e+15,1.09588e+13,6.87196e+10,51,31.2041,36,0.464699
1487,4.5036e+15,1.45747e+13,3.43598e+10,52,29.583,35,0.444054
1488,9.0072e+15,1.88414e+13,6.87196e+10,53,31.0557,36,0.453013
1489,1.1259e+15,7.51536e+12,3.43599e+10,50,30.7568,35,0.484886
1490,4.5036e+15,7.8847e+12,3.43599e+10,52,30.3994,35,0.483059
1491,1.1259e+15,9.69533e+12,3.43598e+10,50,28.959,35,0.480319
1492,4.5036e+15,1.67772e+13,3.43599e+10,52,29.5713,35,0.45823
1493,4.5036e+15,2.54334e+13,3.43599e+10,52,30.4062,35,0.487989
1494,3.60288e+16,5.12597e+13,3.43598e+10,55,30.6006,35,0.437163
1495,1.1259e+15,9.45732e+12,6.87196e+10,50,30.9316,36,0.471178
1496,4.5036e+15,1.19374e+13,3.43598e+10,52,29.6426,35,0.454765
1497,2.2518e+15,7.60726e+12,3.43599e+10,51,30,35,0.388154
1498,2.2518e+15,8.46602e+12,3.43598e+10,51,29.6582,35,0.399202
1499,1.1259e+15,7.32041e+12,3.43598e+10,50,29.3027,35,0.485676
