68.4415
0,434.639,8.29408,4,2,0.0361328,0,0.00647876
1,434.781,7.92691,4,2,0.0302734,0,0.00637694
2,435.151,9.09352,5,2,0.0390625,0,0.00632792
3,435.151,11.3883,5,2,0.0546875,0,0.00651425
4,435.127,8.8495,5,2,0.0361328,0,0.00647994
5,109.275,8.6435,5,1,0.0351562,0,0.00643957
6,109.829,8.69966,5,1,0.0361328,0,0.00658174
7,435.149,10.8855,5,2,0.0507812,0,0.00647852
8,435.151,10.0832,5,2,0.0449219,0,0.00664138
9,434.639,9.88657,5,2,0.0449219,0,0.00649937
10,435.127,9.73408,5,2,0.0371094,0,0.00666591
11,435.127,12.4096,5,2,0.0595703,0,0.00649651
12,434.954,10.3293,6,2,0.0449219,0,0.00678564
13,435.053,12.0208,6,2,0.0585938,0,0.00668768
14,434.639,10.2376,6,2,0.0419922,0,0.00669701
15,435.117,9.94005,6,2,0.0371094,0,0.00659549
16,434.818,11.0281,6,2,0.0517578,0,0.00672475
17,111.425,10.6251,6,1,0.0488281,0,0.00667798
18,434.954,11.2909,6,2,0.0546875,0,0.00657161
19,435.149,11.9442,6,2,0.0556641,0,0.00671577
20,435.053,12.0158,6,2,0.0585938,0,0.00671202
21,1011.78,12.586,6,3,0.0595703,0,0.00656745
22,435.151,12.9509,6,2,0.0605469,0,0.00672734
23,435.053,12.4304,6,2,0.0605469,0,0.00668329
24,435.151,12.4148,6,2,0.0605469,0,0.00667844
25,435.151,13.2316,6,2,0.0634766,0,0.00685013
26,435.053,11.7924,6,2,0.0488281,0,0.00674694
27,435.127,13.0254,6,2,0.0585938,0,0.00672203
28,435.053,12.0023,6,2,0.0546875,0,0.00677076
29,110.903,12.2786,6,1,0.0625,0,0.00687609
30,435.117,14.1259,6,2,0.0693359,0,0.00698326
31,1012.52,12.7749,6,3,0.0615234,0,0.00675185
32,435.127,12.3411,6,2,0.0595703,0,0.00664156
33,435.117,12.1818,6,2,0.0585938,0,0.00675037
34,435.127,12.7244,6,2,0.0605469,0,0.00676984
35,435.149,12.1878,6,2,0.0576172,0,0.00682611
36,435.127,12.5281,6,2,0.0566406,0,0.00689185
37,435.151,12.8279,6,2,0.0625,0,0.00681918
38,435.053,13.8488,6,2,0.0712891,0,0.00687352
39,136.624,12.6765,6,1,0.0634766,0,0.00701033
40,112.934,12.2771,7,1,0.0595703,0,0.00686773
41,110.371,12.7773,7,1,0.0644531,0,0.00686468
42,435.127,13.5855,7,2,0.0664062,0,0.00689912
43,435.151,14.2302,7,2,0.0703125,0,0.00702257
44,435.149,14.721,7,2,0.0742188,0,0.00697794
45,435.151,15.2144,7,2,0.0800781,0,0.00694068
46,112.934,12.3825,7,1,0.0595703,0,0.00695954
47,1011.78,15.7145,7,3,0.0820312,0,0.00696312
48,434.954,13.0105,7,2,0.0595703,0,0.00723472
49,435.053,15.7306,7,2,0.0771484,0,0.00715838
50,435.117,13.6992,7,2,0.0654297,0,0.00713094
51,1009.59,16.4569,8,3,0.0791016,0,0.00711929
52,435.053,14.6076,7,2,0.0712891,0,0.00708021
53,435.053,13.9809,7,2,0.0683594,0,0.0071612
54,435.127,15.2759,7,2,0.0791016,0,0.00710354
55,1009.59,13.9734,7,3,0.0634766,0,0.00709143
56,1008.92,18.0084,8,3,0.0957031,0,0.00706602
57,435.151,16.0224,8,2,0.0761719,0,0.00705713
58,435.151,15.287,7,2,0.0712891,0,0.00699148
59,435.151,17.6242,8,2,0.0878906,0,0.00704267
60,435.053,17.4419,8,2,0.09375,0,0.00708652
61,435.151,15.3472,8,2,0.0820312,0,0.00705088
62,435.127,15.3682,8,2,0.0722656,0,0.00719763
63,435.117,16.1187,8,2,0.0820312,0,0.00729934
64,435.117,15.8562,8,2,0.0849609,0,0.00701867
65,1010.21,18.6337,8,3,0.0957031,0,0.00713397
66,435.151,16.5267,8,2,0.0859375,0,0.00716504
67,435.127,16.0622,8,2,0.0820312,0,0.00714487
68,434.954,17.4932,8,2,0.101562,0,0.00723887
69,435.149,18.0948,8,2,0.0966797,0,0.00732094
70,435.151,18.6234,8,2,0.0917969,0,0.00723023
71,435.053,16.9198,8,2,0.09375,0,0.00711172
72,435.151,19.3278,8,2,0.109375,0,0.00726192
73,435.151,18.2694,8,2,0.0957031,0,0.0071975
74,435.151,14.395,8,2,0.0644531,0,0.00725339
75,435.151,18.2519,8,2,0.0996094,0,0.007326
76,435.151,18.4301,8,2,0.0917969,0,0.00729501
77,1011.31,19.6798,8,3,0.105469,0,0.00736601
78,435.127,17.3016,8,2,0.0927734,0,0.007186
79,435.151,18.7134,8,2,0.0947266,0,0.00728821
80,435.151,18.9171,8,2,0.0986328,0,0.0071388
81,435.151,17.3227,8,2,0.0898438,0,0.00719692
82,435.151,20.0684,8,2,0.108398,0,0.00739114
83,1010.21,19.4239,8,3,0.0986328,0,0.00737261
84,435.127,21.8805,8,2,0.118164,0,0.0074093
85,435.151,17.6729,8,2,0.0869141,0,0.00730004
86,435.149,20.4488,8,2,0.112305,0,0.00746634
87,435.151,19.0587,9,2,0.105469,0,0.00745092
88,435.151,21.5567,9,2,0.125,0,0.00736931
89,435.149,19.8439,8,2,0.110352,0,0.00736609
90,435.151,20.6121,9,2,0.116211,0,0.00732876
91,1009.59,21.9674,9,3,0.125,0,0.00745576
92,435.151,20.9233,9,2,0.112305,0,0.00734151
93,435.151,20.689,9,2,0.110352,0,0.00727658
94,435.149,20.1797,9,2,0.113281,0,0.00743387
95,435.127,22.3557,9,2,0.129883,0,0.0075001
96,1012.52,24.0726,9,3,0.138672,0,0.00743397
97,435.151,22.5648,9,2,0.12207,0,0.00742737
98,435.151,22.4881,9,2,0.125,0,0.00746468
99,435.127,19.5424,9,2,0.107422,0,0.00737046
100,1008.21,23.8795,9,3,0.139648,0,0.00750554
101,435.151,23.0418,9,2,0.140625,0,0.00756864
102,1008.92,24.4589,9,3,0.139648,0,0.00756604
103,435.151,22.4284,9,2,0.125,0,0.00757828
104,1010.21,25.7308,9,3,0.152344,0,0.00747516
105,1008.92,28.073,9,3,0.165039,0,0.00745209
106,1010.21,26.8467,9,3,0.144531,0,0.00747835
107,1009.59,27.3221,9,3,0.161133,0,0.00753534
108,1005.85,25.2975,9,3,0.152344,0,0.00743624
109,435.151,24.4637,9,2,0.142578,0,0.0075493
110,435.151,28.5594,9,2,0.180664,0,0.00751737
111,435.151,25.9666,9,2,0.147461,0,0.00754022
112,435.151,28.8472,9,2,0.178711,0,0.00756366
113,435.151,24.3023,9,2,0.145508,0,0.00746779
114,1008.92,30.8614,9,3,0.185547,0,0.00758007
115,435.151,28.4745,9,2,0.171875,0,0.00746094
116,435.151,26.2426,9,2,0.15918,0,0.00757785
117,1011.31,26.51,9,3,0.149414,0,0.0075685
118,435.151,28.3697,9,2,0.177734,0,0.00769655
119,1012.52,31.3412,9,3,0.183594,0,0.00782093
120,435.149,29.0081,9,2,0.186523,0,0.00763768
121,435.149,30.4983,9,2,0.181641,0,0.00771338
122,435.149,32.5468,9,2,0.200195,0,0.0076957
123,1848.92,35.0096,9,4,0.217773,0,0.00766095
124,435.151,27.6488,9,2,0.164062,0,0.00764244
125,435.151,32.7466,9,2,0.207031,0,0.00768715
126,1848.92,31.0573,9,4,0.188477,0,0.0076674
127,435.151,35.9,9,2,0.22168,0,0.00760188
128,1008.92,31.0514,9,3,0.182617,0,0.00772302
129,1843.9,35.6783,9,4,0.217773,0,0.00779642
130,435.151,35.0848,9,2,0.226562,0,0.00769958
131,1011.31,32.4347,9,3,0.198242,0,0.00764924
132,1009.59,33.9983,9,3,0.209961,0,0.00780601
133,1008.21,30.9048,9,3,0.180664,0,0.00790203
134,1008.92,33.815,9,3,0.21875,0,0.00795643
135,1008.92,36.8325,9,3,0.225586,0,0.0079654
136,435.151,34.2557,9,2,0.208984,0,0.00780436
137,1008.92,33.8415,9,3,0.206055,0,0.00777506
138,1008.92,34.5019,9,3,0.222656,0,0.00776397
139,435.151,34.7548,9,2,0.219727,0,0.00781943
140,1011.31,34.3111,9,3,0.208984,0,0.00772685
141,1008.92,35.3564,9,3,0.223633,0,0.0078701
142,435.151,33.7243,9,2,0.211914,0,0.00780786
143,1008.92,41.1292,9,3,0.254883,0,0.00787468
144,1008.92,38.1313,9,3,0.241211,0,0.00790275
145,1008.92,36.3959,9,3,0.223633,0,0.00782955
146,435.151,35.8928,10,2,0.231445,0,0.00786213
147,1011.78,32.5633,9,3,0.199219,0,0.00787306
148,1010.21,36.8897,10,3,0.233398,0,0.00792586
149,1011.31,34.6845,9,3,0.222656,0,0.00777612
150,435.151,38.3486,10,2,0.25,0,0.00793708
151,1007.46,38.8904,10,3,0.246094,0,0.00780599
152,435.151,34.148,9,2,0.21582,0,0.00780448
153,1008.92,40.8658,10,3,0.264648,0,0.00786137
154,1843.9,37.6321,10,4,0.235352,0,0.00781202
155,1009.59,42.8699,9,3,0.261719,0,0.00782052
156,1008.92,38.3349,9,3,0.240234,0,0.00784435
157,435.151,36.1867,9,2,0.236328,0,0.00774782
158,1009.59,41.5516,10,3,0.258789,0,0.00782102
159,1008.92,41.3795,10,3,0.257812,0,0.00779658
160,435.151,41.1717,11,2,0.267578,0,0.00782024
161,435.151,37.4076,10,2,0.245117,0,0.0078333
162,1011.31,35.2577,10,3,0.224609,0,0.00789561
163,1010.21,40.3487,10,3,0.246094,0,0.0078312
164,435.151,37.9425,10,2,0.236328,0,0.00774219
165,435.151,35.3722,9,2,0.231445,0,0.00782695
166,1007.46,40.1019,11,3,0.25293,0,0.00784197
167,1008.92,41.4739,10,3,0.267578,0,0.00783443
168,1008.92,43.5198,11,3,0.269531,0,0.00784258
169,435.151,38.5417,10,2,0.25293,0,0.00784691
170,1011.31,40.2933,10,3,0.256836,0,0.00789362
171,1009.59,39.3644,10,3,0.254883,0,0.00784211
172,435.151,36.8687,10,2,0.236328,0,0.00781345
173,1010.21,39.4229,10,3,0.250977,0,0.00782744
174,435.151,40.1962,10,2,0.253906,0,0.00785244
175,1008.92,41.6968,11,3,0.270508,0,0.00787265
176,435.151,39.258,10,2,0.24707,0,0.00787144
177,435.151,42.8885,11,2,0.27832,0,0.00784855
178,1011.31,42.9399,11,3,0.272461,0,0.0078336
179,435.151,38.7543,11,2,0.249023,0,0.00793051
180,1008.92,41.7786,11,3,0.275391,0,0.0079251
181,435.151,43.8349,11,2,0.282227,0,0.00790453
182,1008.92,45.2075,11,3,0.292969,0,0.00798512
183,1011.78,45.9904,11,3,0.292969,0,0.00785763
184,1009.59,42.3062,10,3,0.264648,0,0.00789836
185,435.151,43.0289,11,2,0.283203,0,0.00789865
186,435.151,39.4047,10,2,0.251953,0,0.00781705
187,1011.31,41.2131,10,3,0.259766,0,0.00787591
188,435.151,39.9305,11,2,0.270508,0,0.00792397
189,1012.18,46.6382,11,3,0.305664,0,0.00793927
190,1009.59,43.6903,11,3,0.28125,0,0.00807051
191,1009.59,42.2757,11,3,0.274414,0,0.00785846
192,1009.59,47.4832,11,3,0.295898,0,0.00789973
193,1011.31,45.9348,11,3,0.290039,0,0.00810016
194,1008.92,41.5748,11,3,0.269531,0,0.00801539
195,1843.9,43.6428,11,4,0.271484,0,0.00804564
196,1010.21,46.1848,12,3,0.302734,0,0.00802934
197,1008.92,42.9031,11,3,0.283203,0,0.00799964
198,1011.78,41.3999,12,3,0.270508,0,0.00804213
199,435.151,43.707,11,2,0.28125,0,0.00805388
200,1008.92,44.4523,12,3,0.286133,0,0.00799452
201,435.151,45.6404,12,2,0.302734,0,0.00795903
202,1011.31,46.7614,12,3,0.303711,0,0.00794859
203,1008.92,45.2456,12,3,0.295898,0,0.00797395
204,1010.79,47.54,12,3,0.310547,0,0.00799637
205,1008.92,45.9348,12,3,0.295898,0,0.00795295
206,1010.21,45.1576,12,3,0.292969,0,0.00800123
207,1004.1,42.4975,11,3,0.27832,0,0.00785963
208,1008.92,40.6301,11,3,0.268555,0,0.00791287
209,1008.92,46.5288,11,3,0.304688,0,0.00792679
210,1008.92,44.8486,12,3,0.288086,0,0.00795257
211,1010.79,48.9665,11,3,0.302734,0,0.00798538
212,1008.92,44.0964,11,3,0.273438,0,0.00800476
213,1008.92,43.6402,12,3,0.285156,0,0.00807301
214,435.151,42.5886,11,2,0.282227,0,0.00799362
215,1011.31,48.7479,12,3,0.327148,0,0.00790098
216,1009.59,45.2159,11,3,0.273438,0,0.00786547
217,1009.59,45.1871,11,3,0.297852,0,0.00796169
218,435.149,38.9879,11,2,0.250977,0,0.00794739
219,1011.31,49.3353,12,3,0.322266,0,0.00796255
220,435.151,43.7333,12,2,0.292969,0,0.00800394
221,1008.92,44.9965,11,3,0.294922,0,0.00791555
222,435.151,48.1599,12,2,0.325195,0,0.00802358
223,1011.78,52.1746,12,3,0.328125,0,0.00821766
224,1004.1,45.9315,11,3,0.295898,0,0.00798465
225,1008.92,50.088,12,3,0.305664,0,0.007976
226,1011.31,46.9623,12,3,0.298828,0,0.00804348
227,1008.92,48.8657,13,3,0.307617,0,0.00809202
228,435.151,49.5217,13,2,0.316406,0,0.00799112
229,435.151,45.4509,13,2,0.296875,0,0.00801895
230,1011.31,45.9081,12,3,0.296875,0,0.00812703
231,1008.92,46.6843,12,3,0.302734,0,0.00802851
232,1008.92,43.9213,12,3,0.292969,0,0.00799532
233,1010.79,48.6464,12,3,0.308594,0,0.00807332
234,1009.59,47.0928,12,3,0.299805,0,0.0079405
235,1011.31,50.3585,12,3,0.3125,0,0.00804734
236,1845.26,49.9148,12,4,0.318359,0,0.00797124
237,435.151,46.9306,12,2,0.3125,0,0.00800933
238,435.151,50.6347,13,2,0.333984,0,0.00802433
239,1008.92,49.6043,13,3,0.321289,0,0.00800819
240,1008.92,49.1027,13,3,0.316406,0,0.00805231
241,1011.31,46.6449,12,3,0.302734,0,0.0080283
242,1004.99,46.2086,12,3,0.299805,0,0.00807351
243,1011.31,51.8423,12,3,0.314453,0,0.00799379
244,1008.92,45.8622,12,3,0.289062,0,0.00797371
245,435.151,45.8466,12,2,0.299805,0,0.0079889
246,1848.92,47.9919,12,4,0.293945,0,0.0080808
247,1010.21,49.2494,13,3,0.318359,0,0.00807556
248,1008.92,48.1087,12,3,0.306641,0,0.00797172
249,1008.92,44.7289,12,3,0.294922,0,0.00801908
250,1009.59,48.5929,12,3,0.301758,0,0.00799796
251,1008.92,50.814,13,3,0.332031,0,0.00824107
252,1008.92,46.6708,12,3,0.31543,0,0.00811679
253,1008.92,51.6055,13,3,0.338867,0,0.00808086
254,435.151,48.1595,12,2,0.3125,0,0.00798715
255,1843.9,52.5642,13,4,0.319336,0,0.0080317
256,1008.92,49.3566,13,3,0.318359,0,0.00812275
257,1008.92,47.5111,13,3,0.311523,0,0.0081858
258,1011.31,48.7537,13,3,0.318359,0,0.00805498
259,1008.92,48.9867,13,3,0.318359,0,0.00815421
260,1009.59,45.8516,13,3,0.299805,0,0.00805987
261,435.151,49.398,13,2,0.330078,0,0.00797139
262,435.151,45.5262,13,2,0.302734,0,0.00814293
263,1841.02,50.94,13,4,0.337891,0,0.00809338
264,1009.59,50.3616,13,3,0.333008,0,0.00802973
265,1008.92,56.0987,13,3,0.354492,0,0.00804722
266,1007.46,49.3009,13,3,0.318359,0,0.00798828
267,1008.92,49.0987,13,3,0.318359,0,0.00805439
268,1009.59,46.7088,13,3,0.311523,0,0.00806906
269,1010.21,51.279,13,3,0.333008,0,0.00809099
270,1008.92,47.2959,13,3,0.304688,0,0.00805694
271,1008.92,51.3167,13,3,0.333008,0,0.00811925
272,435.151,48.3888,13,2,0.306641,0,0.00805882
273,1008.92,49.3989,13,3,0.306641,0,0.00800124
274,1011.31,49.9025,13,3,0.322266,0,0.00811507
275,435.151,50.1448,13,2,0.328125,0,0.00806281
276,1008.92,48.5902,13,3,0.307617,0,0.00802439
277,1008.92,47.3647,13,3,0.313477,0,0.00795785
278,1008.92,56.4061,13,3,0.356445,0,0.00812215
279,1011.31,47.6704,13,3,0.317383,0,0.00813323
280,1008.92,44.375,13,3,0.291992,0,0.00803635
281,1843.9,52.1852,13,4,0.34082,0,0.00807926
282,1008.92,46.2662,12,3,0.291016,0,0.00800595
283,435.151,44.2369,12,2,0.289062,0,0.00805398
284,1008.92,47.8145,13,3,0.300781,0,0.00818325
285,435.127,50.2094,13,2,0.333984,0,0.00817996
286,1010.21,53.3045,13,3,0.333008,0,0.00817175
287,1011.31,47.1574,12,3,0.305664,0,0.00797787
288,1843.9,52.4692,13,4,0.327148,0,0.0080959
289,1009.59,49.6462,13,3,0.320312,0,0.0080435
290,1009.59,47.8523,13,3,0.320312,0,0.00808747
291,1011.78,55.7952,13,3,0.347656,0,0.00816693
292,1011.31,51.7604,13,3,0.328125,0,0.00806749
293,1008.92,51.7531,13,3,0.331055,0,0.00813205
294,1011.31,49.9631,13,3,0.31543,0,0.00813491
295,435.151,47.57,13,2,0.313477,0,0.00824743
296,1011.31,44.5377,13,3,0.308594,0,0.00808921
297,1008.92,53.2739,13,3,0.349609,0,0.00819517
298,1008.92,49.698,13,3,0.31543,0,0.00808245
299,1008.92,47.9953,13,3,0.303711,0,0.00817152
300,1008.92,50.5201,13,3,0.323242,0,0.00813085
301,1008.92,54.7744,13,3,0.359375,0,0.00812589
302,435.151,52.5071,13,2,0.352539,0,0.0081977
303,435.127,47.6227,13,2,0.314453,0,0.0081114
304,1008.92,47.7419,12,3,0.307617,0,0.00803475
305,1011.78,53.7423,13,3,0.339844,0,0.00807636
306,1008.92,49.503,13,3,0.325195,0,0.00812309
307,1009.59,51.0476,13,3,0.330078,0,0.00818486
308,1009.59,48.2239,13,3,0.320312,0,0.00812288
309,1011.31,51.0175,13,3,0.328125,0,0.00816562
310,1010.21,50.3378,13,3,0.322266,0,0.00823396
311,1010.21,52.3575,13,3,0.335938,0,0.00817003
312,435.151,48.6223,13,2,0.329102,0,0.00821506
313,435.151,51.7014,13,2,0.331055,0,0.00812554
314,1010.21,55.5622,13,3,0.360352,0,0.00821683
315,1843.9,49.5415,13,4,0.320312,0,0.00801839
316,1008.92,52.0526,13,3,0.330078,0,0.00811563
317,1008.92,49.2107,13,3,0.314453,0,0.00811764
318,1008.92,48.5349,13,3,0.30957,0,0.00818042
319,1009.59,46.5662,13,3,0.306641,0,0.00816654
320,1008.92,49.0025,13,3,0.316406,0,0.00819634
321,1011.31,48.9029,13,3,0.325195,0,0.00823134
322,1008.92,51.8409,13,3,0.349609,0,0.008102
323,1008.92,51.1428,13,3,0.341797,0,0.00810275
324,435.151,48.0956,13,2,0.320312,0,0.00816213
325,1008.92,52.775,13,3,0.357422,0,0.00829984
326,1843.9,54.1162,13,4,0.354492,0,0.0082693
327,1011.31,51.9708,13,3,0.339844,0,0.00818128
328,1010.79,52.435,13,3,0.347656,0,0.00815513
329,1008.92,52.629,13,3,0.334961,0,0.00814451
330,1009.59,49.8827,13,3,0.328125,0,0.00813951
331,1011.31,51.4625,13,3,0.326172,0,0.00815759
332,1008.92,53.7261,13,3,0.341797,0,0.00815706
333,435.151,54.096,13,2,0.368164,0,0.0081525
334,1011.31,55.6601,13,3,0.363281,0,0.00822706
335,1008.92,49.0862,13,3,0.319336,0,0.00817124
336,1008.92,60.7975,13,3,0.389648,0,0.0081527
337,1011.31,50.7223,13,3,0.342773,0,0.00824849
338,1843.9,56.7617,13,4,0.352539,0,0.00831585
339,1009.59,54.4888,13,3,0.354492,0,0.00820269
340,1843.9,53.1142,13,4,0.335938,0,0.00817235
341,1008.92,53.667,13,3,0.360352,0,0.00814373
342,1008.92,47.3817,13,3,0.324219,0,0.00831829
343,1843.9,54.0914,13,4,0.333984,0,0.00816573
344,1011.31,53.1423,13,3,0.365234,0,0.0082073
345,435.151,51.7755,13,2,0.339844,0,0.00824436
346,1011.31,51.6095,13,3,0.338867,0,0.00818158
347,1011.31,51.2561,13,3,0.333008,0,0.00828536
348,1008.92,51.2641,13,3,0.334961,0,0.00825899
349,435.151,53.8599,13,2,0.356445,0,0.00817064
350,1008.92,49.8345,13,3,0.342773,0,0.00815646
351,1008.92,56.7037,13,3,0.353516,0,0.00826997
352,1008.92,52.5586,13,3,0.34082,0,0.00818544
353,1008.92,54.8869,13,3,0.359375,0,0.00823309
354,1011.78,54.8235,13,3,0.349609,0,0.00821728
355,1008.92,51.0346,13,3,0.334961,0,0.00818354
356,1008.92,48.6091,13,3,0.323242,0,0.00812736
357,1008.92,46.3226,13,3,0.307617,0,0.00813714
358,1008.92,48.7986,13,3,0.318359,0,0.00818154
359,1008.92,47.2366,13,3,0.305664,0,0.00818493
360,1008.92,53.0341,13,3,0.336914,0,0.00820535
361,1008.92,47.7698,13,3,0.310547,0,0.00812799
362,1011.31,50.2508,13,3,0.323242,0,0.00812936
363,435.149,46.8295,13,2,0.320312,0,0.00811378
364,1009.59,53.028,13,3,0.337891,0,0.00819286
365,435.151,48.6371,13,2,0.319336,0,0.00820463
366,1011.31,49.4431,13,3,0.324219,0,0.00817636
367,1008.92,55.5203,13,3,0.360352,0,0.0081676
368,1012.18,49.1795,13,3,0.319336,0,0.00828336
369,435.127,50.7599,13,2,0.345703,0,0.00831761
370,1008.92,49.9634,13,3,0.330078,0,0.00814643
371,1011.31,52.4636,13,3,0.348633,0,0.00817588
372,435.151,54.4891,13,2,0.365234,0,0.00823911
373,1011.31,50.1865,13,3,0.333984,0,0.00816664
374,1010.21,47.9799,13,3,0.316406,0,0.00828672
375,1008.92,52.1382,13,3,0.333984,0,0.00833675
376,435.151,45.7998,13,2,0.294922,0,0.00821797
377,1008.92,53.7778,13,3,0.349609,0,0.00826687
378,1009.59,51.5359,13,3,0.332031,0,0.00822339
379,1008.92,53.5397,13,3,0.335938,0,0.00818879
380,435.151,49.5296,13,2,0.321289,0,0.00819435
381,1011.31,52.9894,13,3,0.339844,0,0.0081959
382,1011.31,55.2381,13,3,0.365234,0,0.0083247
383,435.151,48.2662,13,2,0.324219,0,0.00833905
384,1008.92,56.5381,13,3,0.375,0,0.00815841
385,1008.92,52.3646,13,3,0.34668,0,0.00821813
386,1011.31,51.2575,13,3,0.345703,0,0.00828102
387,1008.92,54.1496,13,3,0.355469,0,0.00826171
388,435.149,51.2254,13,2,0.347656,0,0.00819476
389,1009.59,56.7922,13,3,0.364258,0,0.00821568
390,1011.78,57.1285,13,3,0.356445,0,0.00823568
391,1011.31,50.3692,13,3,0.338867,0,0.00826614
392,1842.49,52.9208,13,4,0.338867,0,0.00816742
393,1848.92,47.6164,13,4,0.30957,0,0.00827194
394,1008.92,55.1339,13,3,0.352539,0,0.00821236
395,1010.21,51.5635,13,3,0.34082,0,0.00829387
396,1843.9,57.0368,13,4,0.347656,0,0.00827145
397,435.151,47.1931,13,2,0.313477,0,0.00828957
398,1003.18,50.1219,13,3,0.330078,0,0.00821792
399,1010.21,48.1824,13,3,0.325195,0,0.00819526
400,1008.92,52.4182,13,3,0.34668,0,0.00822733
401,1008.92,49.649,13,3,0.324219,0,0.0083625
402,1011.31,52.4798,13,3,0.336914,0,0.00820931
403,1011.31,49.6931,13,3,0.326172,0,0.00819389
404,1008.92,54.0278,13,3,0.361328,0,0.00827595
405,1008.92,54.5378,13,3,0.362305,0,0.00821473
406,1008.92,47.6689,13,3,0.310547,0,0.00827068
407,435.151,53.8621,13,2,0.352539,0,0.0082616
408,1008.92,50.6334,13,3,0.333008,0,0.00817207
409,1843.9,53.5464,13,4,0.344727,0,0.00808615
410,1008.92,55.9188,13,3,0.358398,0,0.00821762
411,1011.31,52.7161,13,3,0.336914,0,0.00824079
412,1008.92,51.9365,13,3,0.325195,0,0.00824658
413,1008.92,55.9544,13,3,0.360352,0,0.00826902
414,1843.9,56.7263,13,4,0.357422,0,0.00827728
415,1010.21,46.5727,13,3,0.316406,0,0.00840566
416,1011.31,47.3903,13,3,0.304688,0,0.00816552
417,435.151,48.2893,13,2,0.31543,0,0.00818156
418,1008.92,55.3212,13,3,0.345703,0,0.00831625
419,1841.02,52.2172,13,4,0.333008,0,0.00831311
420,1011.31,47.7639,13,3,0.318359,0,0.00822762
421,1011.31,51.0884,13,3,0.352539,0,0.0082943
422,1011.31,52.0792,13,3,0.34082,0,0.00814518
423,1008.92,47.6906,13,3,0.326172,0,0.00820434
424,1843.9,54.9514,13,4,0.353516,0,0.00816405
425,1011.78,49.6861,13,3,0.319336,0,0.00824394
426,1841.02,50.6181,13,4,0.333008,0,0.00824584
427,435.151,52.5395,13,2,0.347656,0,0.00817384
428,1008.92,55.6668,13,3,0.358398,0,0.00814518
429,435.151,48.1959,13,2,0.322266,0,0.00819184
430,1011.31,51.9315,13,3,0.342773,0,0.00814371
431,1010.21,50.9563,13,3,0.329102,0,0.00815342
432,1008.92,52.466,13,3,0.338867,0,0.00825213
433,1011.31,48.6247,13,3,0.317383,0,0.00816351
434,1004.99,52.5491,13,3,0.34668,0,0.00820103
435,1008.92,49.0436,13,3,0.321289,0,0.00817732
436,1008.92,49.171,13,3,0.317383,0,0.00817687
437,1008.92,54.4479,13,3,0.356445,0,0.00839823
438,1843.9,56.8159,13,4,0.347656,0,0.00839693
439,1009.59,52.7894,13,3,0.341797,0,0.00821581
440,1008.92,55.1081,13,3,0.364258,0,0.00826729
441,435.127,50.0586,13,2,0.339844,0,0.00824189
442,1009.59,51.4608,13,3,0.342773,0,0.00821799
443,1011.78,47.0054,13,3,0.304688,0,0.00817003
444,1008.92,54.9031,13,3,0.362305,0,0.00814372
445,1011.31,53.2634,13,3,0.350586,0,0.00814452
446,1008.92,53.4501,13,3,0.348633,0,0.00820085
447,1008.92,53.4026,13,3,0.349609,0,0.00823902
448,1007.46,47.4984,13,3,0.296875,0,0.00814827
449,1848.92,53.6225,13,4,0.34668,0,0.00818226
450,1008.92,52.0107,13,3,0.344727,0,0.00834067
451,1008.92,55.5364,13,3,0.352539,0,0.00831933
452,1008.92,52.8966,13,3,0.34375,0,0.00816725
453,1843.9,54.8643,13,4,0.341797,0,0.00810731
454,1010.21,50.1837,13,3,0.313477,0,0.00826134
455,1011.78,56.7658,13,3,0.363281,0,0.00825164
456,435.151,51.8153,13,2,0.348633,0,0.00828499
457,435.149,54.5835,13,2,0.357422,0,0.00829552
458,1009.59,46.5685,13,3,0.304688,0,0.00827877
459,435.151,49.8213,13,2,0.330078,0,0.00819455
460,1008.92,56.3737,13,3,0.365234,0,0.00824327
461,435.151,50.9263,13,2,0.345703,0,0.00836348
462,1011.31,53.5896,13,3,0.339844,0,0.00826887
463,1011.31,51.8621,13,3,0.333008,0,0.0083324
464,1008.92,53.5506,13,3,0.352539,0,0.00823726
465,1011.31,56.7371,13,3,0.351562,0,0.00819987
466,1010.79,47.1441,13,3,0.308594,0,0.00815796
467,1011.31,58.4248,13,3,0.376953,0,0.00818403
468,1848.92,53.984,13,4,0.34668,0,0.0081871
469,1011.31,55.2388,13,3,0.363281,0,0.008227
470,1009.59,51.423,13,3,0.347656,0,0.00821745
471,1008.92,52.7782,13,3,0.34375,0,0.00834417
472,1005.85,51.8898,13,3,0.335938,0,0.00826968
473,435.127,51.4039,13,2,0.347656,0,0.00829815
474,1011.31,55.828,13,3,0.359375,0,0.00820465
475,1011.31,52.0839,13,3,0.34082,0,0.00835274
476,435.151,55.7161,13,2,0.371094,0,0.00840939
477,1011.31,53.3933,13,3,0.342773,0,0.00834224
478,435.127,51.529,13,2,0.337891,0,0.00829403
479,1011.31,56.0606,13,3,0.359375,0,0.00832269
480,1008.92,49.495,13,3,0.331055,0,0.00838859
481,1843.9,55.5271,13,4,0.337891,0,0.00820315
482,1008.92,53.8399,13,3,0.342773,0,0.00826485
483,1011.78,56.4306,13,3,0.367188,0,0.0082696
484,435.151,48.6451,13,2,0.314453,0,0.008224
485,1008.92,53.7602,13,3,0.34375,0,0.00837127
486,1008.92,53.9721,13,3,0.361328,0,0.0082665
487,1008.92,52.3457,13,3,0.342773,0,0.00841996
488,1008.92,50.6554,13,3,0.329102,0,0.00825414
489,1009.59,52.3278,13,3,0.327148,0,0.00829721
490,1010.21,56.6647,13,3,0.364258,0,0.00841147
491,435.151,52.4595,13,2,0.344727,0,0.00833286
492,1008.92,54.6211,13,3,0.352539,0,0.00841348
493,1009.59,55.7852,13,3,0.360352,0,0.00840305
494,1008.92,54.0114,13,3,0.347656,0,0.0083087
495,1008.92,53.3382,13,3,0.335938,0,0.00834529
496,1011.31,50.0255,13,3,0.323242,0,0.00836836
497,1011.31,55.3637,13,3,0.344727,0,0.00833851
498,1010.79,51.0374,13,3,0.335938,0,0.00840978
499,1010.21,54.657,13,3,0.352539,0,0.00840798
500,435.151,51.9386,13,2,0.34375,0,0.00844042
501,1011.31,50.2934,13,3,0.338867,0,0.00831982
502,1010.79,53.2145,13,3,0.342773,0,0.0086432
503,1002.23,51.919,13,3,0.337891,0,0.0084606
504,1008.92,50.054,13,3,0.319336,0,0.00848588
505,1843.9,57.0017,13,4,0.37207,0,0.00840794
506,1008.92,51.4668,13,3,0.332031,0,0.00837204
507,1009.59,49.0144,13,3,0.318359,0,0.00850124
508,1843.9,53.0827,13,4,0.34082,0,0.00865665
509,1005.85,51.3356,13,3,0.341797,0,0.00853148
510,1001.24,52.5854,13,3,0.335938,0,0.00864548
511,1006.68,57.1478,13,3,0.367188,0,0.00870419
512,1010.21,55.8823,13,3,0.354492,0,0.00875248
513,1007.46,54.472,13,3,0.357422,0,0.00886924
514,1845.26,54.3833,13,4,0.334961,0,0.00874403
515,1010.21,56.0858,13,3,0.345703,0,0.0087116
516,1011.31,53.0734,13,3,0.331055,0,0.00882316
517,1010.21,52.5525,13,3,0.329102,0,0.00913095
518,1008.92,52.7159,13,3,0.335938,0,0.00929456
519,1008.92,62.9873,14,3,0.375977,0,0.0093023
520,1008.92,62.3508,15,3,0.37207,0,0.00938135
521,1007.46,56.8683,14,3,0.354492,0,0.00945454
522,1008.92,60.2417,14,3,0.364258,0,0.00951169
523,1008.21,60.7968,15,3,0.379883,0,0.00968117
524,1011.31,61.8514,15,3,0.362305,0,0.00974092
525,1005.85,61.0065,16,3,0.37793,0,0.00985845
526,1004.99,60.1754,16,3,0.365234,0,0.0102348
527,1004.1,61.1347,16,3,0.366211,0,0.0100316
528,435.151,58.3925,17,2,0.365234,0,0.0100041
529,1011.31,60.3603,17,3,0.359375,0,0.0102502
530,1010.21,66.9502,18,3,0.385742,0,0.0107478
531,991.21,71.8163,19,3,0.408203,0,0.0107084
532,1012.18,70.2673,20,3,0.392578,0,0.0113709
533,1807.12,74.1829,22,4,0.418945,0,0.0112402
534,1009.59,71.6043,19,3,0.380859,0,0.0120501
535,1004.1,74.3699,24,3,0.401367,0,0.012387
536,1003.18,73.9689,26,3,0.394531,0,0.0129701
537,1004.1,71.5313,26,3,0.353516,0,0.0139483
538,1011.78,81.4573,29,3,0.40918,0,0.0136848
539,1008.92,84.4058,43,3,0.410156,0,0.0151329
540,2615.56,93.8152,38,5,0.421875,0,0.015075
541,1010.21,91.0979,101,3,0.442383,0,0.0151565
542,1832.91,92.94,101,4,0.421875,0,0.016557
543,1807.12,96.8859,101,4,0.44043,0,0.0169022
544,992.422,86.9876,101,3,0.416016,0,0.0170813
545,1379.62,92.0662,101,4,0.408203,0,0.0173586
546,1008.21,97.5207,101,3,0.430664,0,0.017881
547,1837.92,93.3873,101,4,0.397461,0,0.0182415
548,1011.31,101.063,101,3,0.43457,0,0.018572
549,1732.64,97.0635,101,4,0.408203,0,0.0187357
550,2884.52,99.0894,101,5,0.404297,0,0.0185124
551,4145.5,110.955,101,6,0.464844,0,0.0179217
552,5873.39,110.06,101,7,0.484375,0,0.0184462
553,1827.51,118.904,101,4,0.501953,0,0.0181841
554,2903.85,110.92,101,5,0.474609,0,0.0182405
555,1752.35,110.811,101,4,0.505859,0,0.0176805
556,2884.52,116.095,101,5,0.509766,0,0.0173946
557,1008.21,112.023,101,3,0.509766,0,0.019149
558,1811.47,106.512,101,4,0.476562,0,0.0180808
559,2903.85,122.82,101,5,0.523438,0,0.0197491
560,2849.48,118.731,101,5,0.495117,0,0.019099
561,2575.89,125.95,101,5,0.535156,0,0.0193976
562,1793.4,116.828,101,4,0.510742,0,0.019493
563,2842.09,107.29,101,5,0.459961,0,0.0192982
564,2849.48,129.061,101,5,0.53418,0,0.0197343
565,1786.17,121.421,101,4,0.518555,0,0.0195636
566,1807.12,114.085,101,4,0.518555,0,0.0188637
567,7619.6,137.903,101,8,0.55957,0,0.0182028
568,2791.31,137.318,101,5,0.586914,0,0.0189642
569,9525.12,158.87,101,9,0.630859,0,0.0184679
570,4085.84,151.548,101,6,0.635742,0,0.0180015
571,2877.78,142.949,101,5,0.619141,0,0.0190667
572,2838.35,145.533,101,5,0.630859,0,0.0174967
573,7979.92,158.467,101,8,0.630859,0,0.0184462
574,4096.95,162.096,101,6,0.692383,0,0.0177991
575,5533.32,159.058,101,7,0.672852,0,0.0181598
576,4171.38,164.217,101,6,0.671875,0,0.0188505
577,4229.91,162.006,101,6,0.669922,0,0.0185265
578,4096.95,155.377,101,6,0.675781,0,0.0180724
579,5382.11,184.249,101,7,0.737305,0,0.0182551
580,3835.74,158.848,101,6,0.683594,0,0.0184315
581,4028.62,178.354,101,6,0.733398,0,0.0185131
582,2900.72,182.437,101,5,0.729492,0,0.0185112
583,7448.45,187.012,106.306,8,0.780273,1,0.0176676
584,4057.57,191.5,105.663,6,0.791992,1,0.0176877
585,4102.47,225.279,101,6,0.833008,0,0.0172887
586,4166.27,204.007,105.663,6,0.819336,1,0.0177074
587,12914.6,207.228,101,10,0.789062,0,0.0171563
588,5879.4,221.851,106.306,7,0.854492,1,0.0169271
589,7847.05,211.716,105,8,0.819336,1,0.0176536
590,7654.03,219.335,108.709,8,0.87207,1,0.0172895
591,6915.1,253.195,107.538,8,0.90918,1,0.0176961
592,4225.24,230.994,107.538,6,0.891602,1,0.0183734
593,6014.2,241.249,106.306,8,0.880859,1,0.0176381
594,7883.95,252.334,107.538,8,0.896484,1,0.017705
595,5730.85,242.779,108.13,7,0.90918,1,0.0174442
596,9708.01,248.517,109.275,9,0.925781,1,0.0178696
597,5623.83,254.949,109.829,7,0.950195,1,0.0177104
598,4118.83,249.838,108.13,6,0.94043,1,0.0186525
599,5744.56,307.451,110.903,7,1.03125,1,0.0179313
600,7566.87,302.001,110.371,8,1.04395,1,0.0181942
601,7429.74,330.628,110.903,8,1.08398,1,0.0187267
602,5927.75,339.981,111.425,8,1.11914,1,0.0181363
603,11452.2,349.115,112.934,10,1.13672,1,0.0186726
604,5823.76,352.684,112.44,7,1.1709,1,0.0192769
605,12155.5,387.301,112.934,10,1.21387,1,0.0187511
606,10056.4,350.605,113.419,9,1.17383,1,0.0188186
607,9382.71,447.666,114.366,9,1.31543,1,0.0199794
608,12747,410.295,112.934,10,1.24902,1,0.01953
609,20727.4,488.96,115.729,12,1.35547,1,0.0191035
610,12843.9,438.648,116.17,10,1.33008,1,0.0195147
611,7344.08,396.891,114.828,8,1.27148,1,0.0193545
612,12891.2,433.276,114.828,10,1.31738,1,0.0191835
613,38737.3,518.634,116.603,14,1.41699,1,0.02126
614,9651.76,450.706,114.366,9,1.30762,1,0.0196358
615,10026.5,519.585,115.729,9,1.4248,1,0.0193558
616,12306.8,540.436,117.865,10,1.48926,1,0.0211123
617,16444.3,556.568,119.071,11,1.46875,1,0.0201609
618,14358.5,559.706,121.334,11,1.55469,1,0.0203885
619,15977.2,616.126,124.072,11,1.58496,1,0.0232696
620,19249.3,640.975,136.902,12,1.64355,1,0.0217689
621,16037.9,553.363,117.45,11,1.48145,1,0.0206434
622,27728.2,705.027,136.624,13,1.64746,1,0.0221384
623,21119.8,660.462,137.17,12,1.67969,1,0.0220259
624,12127.6,590.735,122.741,10,1.55371,1,0.0220869
625,19938,709.841,127.657,12,1.69141,1,0.0211074
626,14683,667.487,136.764,11,1.65527,1,0.0226525
627,93846.7,839.848,137.3,16,1.81641,1,0.0235726
628,20674.5,897.975,138.143,12,1.9873,1,0.0241542
629,60105.7,853.878,139.059,15,1.90625,1,0.0227705
630,58297.5,911.261,138.254,15,1.96484,1,0.0230267
631,39147.6,942.738,138.03,14,1.95312,1,0.0228507
632,163474,1172.12,138.363,17,2.03613,1,0.0225196
633,93484.8,1140.42,353.882,16,2.12305,2,0.023735
634,38829.6,1085.53,361.507,14,2.1543,2,0.0232032
635,92932.1,1242.98,413.675,16,2.18262,2,0.0238292
636,58530.7,1351.07,417.719,15,2.35156,2,0.0238966
637,38503.6,1194.36,420.239,14,2.26562,2,0.0236729
638,567999,2311.26,425.352,19,2.51855,2,0.0245376
639,59900.2,1503.58,425.352,15,2.4873,2,0.0243488
640,58785.8,1752.93,429.6,15,2.72168,2,0.0244674
641,164112,1892.82,428.738,17,2.61426,2,0.0245393
642,57605.7,1708.3,430.013,15,2.63867,2,0.0246836
643,297721,2604.26,433.637,18,2.96289,2,0.0260546
644,96079.1,2315.97,434.294,16,3.0957,2,0.0267384
645,301342,2214.47,433.384,18,2.96289,2,0.0257434
646,1.09556e+06,3745.3,933.708,20,3.37207,3,0.0272809
647,6.71886e+07,68599.3,764.846,26,3.3916,3,0.0269903
648,2.14821e+06,6377.95,1705.93,21,4.38965,4,0.0288467
649,4.25358e+06,8435.58,1712,22,4.33203,4,0.0294559
650,1.6846e+07,23142.4,1735.52,24,4.46289,4,0.029151
651,1.09626e+06,8820.09,1832.91,20,5.00391,4,0.0311737
652,4.25367e+06,11212.9,1783.71,22,4.95996,4,0.0309432
653,8.44945e+06,19652.9,1793.4,23,4.90234,4,0.0317212
654,567897,9103.56,1795.76,19,5.07422,4,0.0324334
655,8.45131e+06,18160.6,1783.71,23,5.04004,4,0.0326774
656,4.25255e+06,11902.8,1778.72,22,4.88867,4,0.0319979
657,2.14765e+06,8398.51,1778.72,21,4.88867,4,0.032737
658,4.2522e+06,13052.9,1821.75,22,5.1582,4,0.0348162
659,1.09656e+06,10390.4,2317.04,20,5.29102,5,0.0347105
660,2.14782e+06,15571.2,2630.15,21,5.35449,5,0.0347127
661,1.68435e+07,47692.2,1802.66,24,5.24219,4,0.0342271
662,4.25094e+06,19495,1800.39,22,5.33594,4,0.0366855
663,3.36291e+07,56041,2390.4,25,5.43262,5,0.0365687
664,4.2482e+06,21799.2,2762.17,22,5.78516,5,0.0387092
665,8.45217e+06,32833.5,2770.61,23,5.83887,5,0.0387873
666,4.24978e+06,27139.5,2757.91,22,5.76172,5,0.0388983
667,4.24897e+06,17509.2,2714.12,22,5.68164,5,0.0396836
668,3.36282e+07,75869.3,2477.49,25,5.47559,5,0.0399044
669,3.36256e+07,61766.9,2731.9,25,5.75488,5,0.0384171
670,3.36236e+07,63068.1,2705.11,25,5.70117,5,0.0388503
671,3.36312e+07,56949.1,2757.91,25,5.73242,5,0.0396001
672,1.68419e+07,46437.8,2811.38,24,5.96973,5,0.0410738
673,4.24849e+06,22281.5,2503.93,22,5.52148,5,0.0406564
674,8.45236e+06,44586.3,2709.62,23,5.8291,5,0.0413738
675,4.24888e+06,25710.9,2881.17,22,6.09668,5,0.040968
676,1.343e+08,163913,2863.89,27,6.13379,5,0.040939
677,6.71868e+07,88940.7,3623.07,26,6.29297,6,0.0418826
678,1.68464e+07,48972.1,3968.82,24,6.5332,6,0.0420084
679,3.36271e+07,58194.3,3987.02,25,6.38184,6,0.0436499
680,1.68419e+07,29834,3938.03,24,6.30078,6,0.0438711
681,8.45014e+06,27681.1,3893.96,23,6.34668,6,0.0437403
682,1.09489e+06,15208.1,3285.4,20,6.11426,6,0.0425184
683,1.68466e+07,52830.7,2826.95,24,6.13867,5,0.0412678
684,8.45029e+06,34805.6,3968.82,23,6.37305,6,0.0421701
685,8.45305e+06,53335.2,3401.42,23,6.4209,6,0.0426046
686,3.36285e+07,79381.7,3950.42,25,6.47949,6,0.0423548
687,3.36306e+07,101221,4102.47,25,6.73633,6,0.0419262
688,1.68433e+07,45113.2,4040.28,24,6.58008,6,0.0417805
689,8.45054e+06,36350.7,3644.42,23,6.34277,6,0.0402277
690,1.6845e+07,57025.6,3993.04,24,6.56738,6,0.0426468
691,8.44714e+06,34376.9,4057.57,23,6.56055,6,0.041533
692,2.14676e+06,25388.5,4034.46,21,6.46094,6,0.0413803
693,8.44965e+06,32397.9,4051.83,23,6.73438,6,0.0428099
694,1.68391e+07,36917,4046.07,24,6.5918,6,0.0420028
695,3.36275e+07,78297.8,3980.98,25,6.49805,6,0.0428952
696,1.68443e+07,43012.7,4005,24,6.56738,6,0.0426328
697,8.45141e+06,29231.1,4150.74,23,6.82812,6,0.0414641
698,3.3624e+07,79726,4129.59,25,6.75879,6,0.0409286
699,4.25089e+06,29329.1,4063.27,22,6.73047,6,0.0422537
700,4.25094e+06,28023.6,4063.27,22,6.65918,6,0.0408607
701,3.36294e+07,78673.4,4028.62,25,6.61719,6,0.0434874
702,4.24786e+06,23987.2,3980.98,22,6.52344,6,0.0415701
703,8.44909e+06,26743.9,4022.75,23,6.43164,6,0.039907
704,8.45198e+06,41614.2,4051.83,23,6.66699,6,0.0418464
705,6.71915e+07,84712.1,3925.55,26,6.39844,6,0.0405632
706,8.45122e+06,45479.5,4040.28,23,6.5918,6,0.0401173
707,6.71884e+07,189556,4113.41,26,6.67969,6,0.0410817
708,2.15014e+06,29670.3,4085.84,21,6.84961,6,0.0427208
709,1.68487e+07,79636.9,4080.24,24,6.77148,6,0.0420906
710,3.36269e+07,92932.4,3868.3,25,6.74805,6,0.042914
711,4.25514e+06,38222.2,4028.62,22,6.59473,6,0.0424481
712,8.45141e+06,42531.1,4074.61,23,6.91016,6,0.0425364
713,8.45484e+06,35035.4,3993.04,23,6.52734,6,0.0390055
714,2.14977e+06,23114,4124.23,21,6.64453,6,0.0407887
715,1.6848e+07,39337.8,4096.95,24,6.69141,6,0.0402853
716,4.25215e+06,36846.6,3931.8,22,6.44238,6,0.0401207
717,6.71881e+07,112082,4118.83,26,6.89941,6,0.0430212
718,8.45004e+06,40728.8,5422.79,23,7.01074,7,0.04263
719,8.44359e+06,39584.1,5204.92,23,6.90039,7,0.0418214
720,1.34302e+08,174565,4113.41,27,7.04199,6,0.042102
721,4.25157e+06,41043.8,4080.24,22,6.92969,6,0.0437502
722,1.68466e+07,38793,3887.57,24,6.41699,6,0.0405195
723,3.36291e+07,70675.3,4107.95,25,6.7627,6,0.0431128
724,4.25189e+06,32904.8,4046.07,22,6.61719,6,0.044217
725,6.71855e+07,90818.4,3962.71,26,6.58105,6,0.0419599
726,1.68438e+07,51821.9,4102.47,24,6.98438,6,0.0467783
727,6.7189e+07,113909,4096.95,26,6.97656,6,0.0460494
728,4.25396e+06,48874.1,5072.52,22,7.12012,7,0.0460299
729,3.36248e+07,101280,4898.44,25,7.2207,7,0.0451386
730,8.45117e+06,63959.8,5616.45,23,7.56641,7,0.0469966
731,4.25264e+06,44008.6,5161.3,22,7.29102,7,0.0454861
732,1.6844e+07,78434.2,5563.94,24,7.4209,7,0.0444266
733,1.34306e+08,209947,5390.29,27,7.43066,7,0.0451143
734,8.4498e+06,48466.8,5143.71,23,7.1543,7,0.0454879
735,1.6845e+07,63547.9,4140.23,24,7.0127,6,0.0444817
736,3.36218e+07,72575.5,5187.53,25,7.2793,7,0.0441681
737,1.68455e+07,55227.8,4155.95,24,6.94727,6,0.0462485
738,6.71914e+07,231391,4630.03,26,7.36621,7,0.0461938
739,1.6847e+07,98768,5349.14,24,7.27832,7,0.0443502
740,3.36283e+07,90238.7,5601.59,25,7.59473,7,0.0452987
741,1.68434e+07,118036,6861.13,24,8.05664,8,0.0471189
742,3.36245e+07,89026.9,5667.5,25,7.53125,7,0.0451093
743,1.34306e+08,195367,5525.6,27,7.62988,7,0.0471019
744,1.68483e+07,108753,7125.03,24,8.1709,8,0.0464515
745,6.71927e+07,177749,7125.03,26,8.12793,8,0.0450869
746,3.36243e+07,104033,7295.47,25,8.16504,8,0.0462399
747,1.68418e+07,91245.6,7031.77,24,8.2041,8,0.0465563
748,1.68425e+07,103261,8839.72,24,8.95801,9,0.0484228
749,1.68497e+07,112481,8733.57,24,8.88379,9,0.0504597
750,6.71916e+07,215278,8557.94,26,8.8623,9,0.0501826
751,1.34307e+08,370009,9466.31,27,8.97852,9,0.0515706
752,8.4517e+06,120498,9685.61,23,9.25977,9,0.0526074
753,1.34306e+08,521257,9346.44,27,9.09961,9,0.0524999
754,6.71924e+07,253132,7602.16,26,8.96484,8,0.0511614
755,1.34303e+08,306362,9536.79,27,9.19922,9,0.0514324
756,3.36332e+07,164533,9011.4,25,8.96094,10,0.0511647
757,6.71877e+07,149481,8866.02,26,8.70703,9,0.0535323
758,1.34306e+08,268351,7619.6,27,8.84668,8,0.0517627
759,2.6853e+08,413043,8800.09,28,8.79004,9,0.0506092
760,6.71875e+07,308165,9186.37,26,9.0127,9,0.0522208
761,1.68482e+07,145590,8009.27,24,8.90918,9,0.0515072
762,5.3697e+08,672731,9489.92,29,9.16504,9,0.0528168
763,1.34303e+08,466192,9334.3,27,9.14355,9,0.050831
764,6.71824e+07,230648,9198.85,26,9.0498,9,0.0510356
765,1.68445e+07,137648,7854.53,24,8.68457,8,0.0509946
766,1.34302e+08,253498,7467.02,27,8.51172,8,0.0496652
767,1.07385e+09,1.31345e+06,9394.74,30,9.23535,9,0.0516621
768,1.6845e+07,134576,8679.94,24,8.80469,9,0.051805
769,6.71876e+07,231382,8489.39,26,8.80566,9,0.0519433
770,1.68464e+07,193011,7584.59,24,8.83691,8,0.053407
771,1.34305e+08,416964,7512.9,27,8.70801,8,0.0534974
772,1.34304e+08,438303,7645.47,27,8.86621,8,0.0526687
773,6.71904e+07,284142,9173.87,26,8.93066,9,0.0534957
774,3.36258e+07,178269,7687.85,25,8.74902,8,0.0526656
775,3.36277e+07,199803,7531.03,25,8.58301,8,0.0517089
776,6.71856e+07,268483,7679.45,26,8.77344,8,0.0525466
777,1.34303e+08,319533,7512.9,27,8.54688,8,0.0514098
778,3.36303e+07,176049,7236.2,25,8.17383,8,0.0519206
779,2.68527e+08,495678,7420.35,28,8.37988,8,0.0504355
780,1.68458e+07,190586,7610.9,24,8.75879,8,0.0520752
781,2.68528e+08,385217,7256.07,28,8.30566,8,0.0515787
782,3.36271e+07,217023,5660.3,25,7.93848,7,0.0524144
783,1.68466e+07,92284.9,7175.96,24,8.16699,8,0.051113
784,6.71889e+07,285847,6374.81,26,8.24121,8,0.0515859
785,5.3697e+08,670455,7557.96,29,8.52441,8,0.0519058
786,1.34305e+08,422755,9708.01,27,9.34277,9,0.0556449
787,1.07385e+09,1.24751e+06,7619.6,30,8.81152,8,0.053375
788,2.68519e+08,764968,7467.02,28,8.75195,8,0.056229
789,1.34303e+08,630220,7324.72,27,8.67188,8,0.0564792
790,5.3697e+08,1.03676e+06,7712.81,29,8.85449,8,0.0559968
791,5.36971e+08,983941,8167.18,29,8.95312,9,0.0569856
792,2.1476e+09,2.43236e+06,9606.16,31,9.13086,9,0.0552271
793,2.68528e+08,548695,5571.53,28,8.04785,7,0.0556786
794,2.68525e+08,583754,9110.94,28,8.80273,9,0.0558342
795,1.34306e+08,313286,7275.83,27,8.44727,8,0.0559393
796,6.71898e+07,397692,5541.02,26,7.97656,7,0.0573219
797,1.07385e+09,1.54839e+06,7610.9,30,8.59375,8,0.0552411
798,1.07385e+09,1.62849e+06,9501.69,30,9.30371,9,0.055625
799,2.68533e+08,1.05353e+06,11344.3,28,9.87793,10,0.0567848
800,2.1476e+09,5.17071e+06,10016.5,31,9.93164,9,0.0558757
801,1.34308e+08,425286,11899.6,27,9.94531,10,0.0560608
802,1.34307e+08,738365,10753.8,27,9.98535,10,0.0556154
803,6.71854e+07,361792,9663.07,26,9.55566,9,0.0555889
804,1.34302e+08,558700,9273.14,27,9.19141,9,0.0549873
805,5.36971e+08,1.62844e+06,9892.72,29,9.66602,9,0.0565973
806,2.68529e+08,619957,9123.58,28,9.19434,9,0.0564059
807,1.07385e+09,2.52958e+06,9358.56,30,9.36816,9,0.0565779
808,1.07385e+09,2.13611e+06,9730.28,30,9.86328,9,0.0573427
809,2.68526e+08,943214,11957.3,28,10.2139,10,0.0591612
810,1.07385e+09,2.7198e+06,9466.31,30,9.72559,9,0.059603
811,2.68533e+08,968866,9322.12,28,9.31934,9,0.0600637
812,1.07385e+09,1.49577e+06,12155.5,30,10.1016,10,0.0587098
813,5.3697e+08,1.17423e+06,11885.1,29,10.293,10,0.0600785
814,1.07385e+09,2.85123e+06,11061.1,30,10.2754,10,0.0620832
815,5.36965e+08,1.54442e+06,9297.69,29,9.4873,9,0.0585868
816,1.07385e+09,3.00138e+06,9965.62,30,9.91895,9,0.061082
817,1.34304e+08,1.40667e+06,9860.89,27,9.93262,9,0.061287
818,2.68527e+08,1.30972e+06,9752.4,28,9.77441,9,0.0621012
819,5.36968e+08,2.12629e+06,9418.71,29,9.50781,9,0.0611588
820,2.68531e+08,1.51368e+06,8252.3,28,9.21777,9,0.0598012
821,5.36969e+08,1.55157e+06,9139.58,29,9.48047,10,0.0605583
822,6.71866e+07,548865,7391.97,26,8.83789,8,0.0609476
823,4.29509e+09,8.2795e+06,8447.99,32,9.40918,9,0.0603916
824,5.36965e+08,2.34885e+06,9719.16,29,9.70703,9,0.0643203
825,1.07384e+09,2.64649e+06,8294.58,30,9.14062,9,0.0629582
826,2.68528e+08,1.45929e+06,9430.66,28,9.5,9,0.063812
827,1.07385e+09,3.09265e+06,9021.76,30,9.66699,9,0.0632905
828,2.68529e+08,1.71029e+06,9248.49,28,9.62695,9,0.0613022
829,1.34305e+08,1.25095e+06,9034.58,27,9.43848,9,0.0615378
830,5.3697e+08,1.93105e+06,8209.83,29,9.16406,9,0.0600439
831,2.68527e+08,1.21677e+06,7793.33,28,9.24805,8,0.0601587
832,5.36965e+08,2.00481e+06,7521.66,29,9.0752,9,0.0607666
833,2.1476e+09,2.88213e+06,9085.59,31,9.31152,9,0.0605455
834,5.3697e+08,1.82865e+06,5764.86,29,8.33496,7,0.0625448
835,1.34302e+08,961975,7372.91,27,8.90234,8,0.0594358
836,2.6853e+08,1.47226e+06,9430.66,28,9.47949,9,0.0629537
837,5.36967e+08,2.60245e+06,7704.53,29,9.39746,8,0.0612511
838,6.71865e+07,789562,9248.49,26,9.46973,9,0.0614943
839,1.07385e+09,2.54425e+06,8905.29,30,9.51855,9,0.0601876
840,4.29508e+09,1.02413e+07,8773.55,32,9.5,9,0.0613117
841,5.36969e+08,2.11036e+06,9708.01,29,9.98145,9,0.0639314
842,4.29509e+09,6.56541e+06,11013.2,32,10.043,10,0.0635625
843,1.07384e+09,2.4569e+06,9358.56,30,9.40332,9,0.0610152
844,4.29508e+09,6.11187e+06,9489.92,32,9.45898,9,0.0631465
845,5.36971e+08,2.05726e+06,7801.14,29,9.32129,8,0.0646676
846,8.59005e+09,1.12666e+07,7094.17,33,8.89355,8,0.062042
847,1.07385e+09,3.2026e+06,7285.66,30,8.83105,8,0.0650166
848,1.07384e+09,3.53443e+06,7265.96,30,9.0625,8,0.0651766
849,1.34306e+08,1.75287e+06,9418.71,27,9.65527,9,0.0690347
850,2.68529e+08,2.17609e+06,7602.16,28,9.11426,8,0.0660885
851,2.1476e+09,4.87907e+06,9785.33,31,9.8877,9,0.0677866
852,1.37439e+11,1.35726e+08,9719.16,37,9.95703,9,0.0676525
853,2.1476e+09,7.77873e+06,14629.5,31,11.4092,11,0.0700697
854,2.14759e+09,9.06413e+06,15728.2,31,11.3887,11,0.070529
855,5.36968e+08,3.79107e+06,12622.1,29,10.7344,10,0.0687692
856,1.07384e+09,4.47435e+06,12453.9,30,10.6777,10,0.0687324
857,2.14759e+09,7.68676e+06,12558.2,31,10.9297,10,0.0691937
858,5.36967e+08,3.53868e+06,12320.3,29,10.5195,10,0.0685886
859,2.14759e+09,5.4034e+06,12440.7,31,10.6006,10,0.0691252
860,2.1476e+09,1.20228e+07,10884.2,31,10.2998,10,0.0678805
861,6.87196e+10,7.4447e+07,10235.2,36,10.2471,10,0.0663556
862,1.718e+10,2.41474e+07,12440.7,34,10.8154,10,0.0723352
863,8.59006e+09,1.71681e+07,12609.4,33,10.6289,10,0.0702157
864,2.14758e+09,7.109e+06,12333.8,31,10.7461,10,0.0708557
865,2.1476e+09,1.06302e+07,11870.6,31,10.4922,10,0.0705808
866,8.59006e+09,2.46803e+07,11723.6,33,10.7471,10,0.0716979
867,2.1476e+09,7.52303e+06,11708.8,31,10.4482,10,0.0711237
868,4.29508e+09,1.1088e+07,12427.5,32,10.8594,10,0.070956
869,1.07385e+09,6.66038e+06,12839.9,30,10.8408,11,0.072121
870,2.14759e+09,8.66491e+06,12622.1,31,11.0146,10,0.0728214
871,2.1476e+09,1.14708e+07,14894.4,31,11.4121,11,0.0742281
872,4.29509e+09,1.68731e+07,13703.7,32,11.1592,11,0.0726104
873,1.07384e+09,6.2568e+06,13837,30,11.1094,11,0.0748866
874,1.718e+10,2.9945e+07,13355.5,34,11.0332,11,0.0717521
875,3.43599e+10,4.97572e+07,15822.7,35,11.9717,11,0.0757247
876,3.43599e+10,5.80494e+07,11589,35,10.5879,10,0.073722
877,4.29508e+09,1.16156e+07,9489.92,32,9.98145,9,0.0692763
878,8.59007e+09,1.43113e+07,9211.3,33,9.85449,9,0.0733216
879,2.14759e+09,1.05127e+07,11172.2,31,10.6191,10,0.0712962
880,8.59006e+09,2.90111e+07,11899.6,33,10.6904,10,0.0721983
881,1.718e+10,3.02427e+07,11513.2,34,10.6562,10,0.0711018
882,4.29508e+09,1.95414e+07,10802.9,32,10.8271,10,0.0704578
883,8.59006e+09,3.44153e+07,12183.3,33,11.0674,10,0.0750188
884,4.29508e+09,1.92884e+07,11942.9,32,10.7656,10,0.0713571
885,8.59006e+09,2.50467e+07,11885.1,33,10.8516,10,0.0725246
886,4.29508e+09,1.61e+07,9871.54,32,10.6533,9,0.071773
887,8.59007e+09,2.84015e+07,12224.8,33,10.9854,10,0.0724105
888,4.29507e+09,1.80009e+07,12347.3,32,11.1172,10,0.0728028
889,5.49756e+11,5.46662e+08,12141.5,39,10.9541,10,0.0725228
890,8.59006e+09,4.3019e+07,11971.7,33,11.2373,10,0.0742076
891,2.1476e+09,1.26067e+07,10622,31,10.417,10,0.0705331
892,8.59006e+09,2.58641e+07,11108.9,33,10.583,10,0.0709622
893,8.59006e+09,5.29066e+07,12211,33,11.168,10,0.0734738
894,3.43599e+10,7.00826e+07,12660,35,11.2803,10,0.0746474
895,4.29509e+09,2.25193e+07,11928.5,32,10.8037,10,0.0739006
896,8.59005e+09,2.12944e+07,9892.72,33,10.4473,9,0.0697769
897,1.718e+10,3.59026e+07,12265.9,34,11.0674,10,0.0729924
898,1.718e+10,5.90497e+07,12467.1,34,11.373,10,0.0725584
899,2.74878e+11,2.9605e+08,12596.7,38,11.3887,10,0.0737427
900,3.43599e+10,7.00274e+07,11679,35,10.6064,10,0.070496
901,8.59006e+09,3.27803e+07,12333.8,33,11.1348,10,0.0693348
902,2.1476e+09,1.77692e+07,9882.15,31,10.3691,9,0.0674705
903,1.718e+10,4.5545e+07,11856,34,11.0156,10,0.0711375
904,8.59005e+09,2.4022e+07,13893.8,33,11.3838,11,0.0729401
905,4.29508e+09,2.88243e+07,12480.2,32,11.3809,10,0.0705991
906,8.59005e+09,4.57093e+07,12265.9,33,11.501,10,0.0732854
907,3.43599e+10,7.88315e+07,10404.7,35,10.708,10,0.0691524
908,1.718e+10,4.17332e+07,9807.1,34,10.5273,9,0.0694466
909,3.43599e+10,6.88343e+07,11797.5,35,11.0459,10,0.0719544
910,1.718e+10,5.33632e+07,12014.6,34,10.9463,10,0.0740262
911,1.718e+10,5.56292e+07,10981.1,34,10.6465,10,0.0712834
912,2.74878e+11,3.25248e+08,9629.02,38,10.7373,9,0.0735317
913,3.43599e+10,6.90036e+07,12197.1,35,11.3125,10,0.0746108
914,1.718e+10,6.05446e+07,9663.07,34,10.3945,9,0.0730792
915,1.718e+10,4.75836e+07,9110.94,34,10.3867,9,0.0711235
916,4.29508e+09,2.49705e+07,9674.36,32,10.418,9,0.0720512
917,6.87196e+10,1.16799e+08,9489.92,36,10.1943,9,0.0705075
918,8.59004e+09,3.07361e+07,9394.74,33,10.0332,9,0.0696039
919,4.29507e+09,2.20619e+07,8693.38,32,9.92578,9,0.0702844
920,6.87196e+10,2.68183e+08,9571.62,36,10.3867,9,0.0711158
921,1.718e+10,4.69594e+07,10671.6,34,10.6221,10,0.0759468
922,4.29508e+09,1.85199e+07,9394.74,32,10.3887,9,0.0746067
923,3.43599e+10,6.79007e+07,8598.81,35,10.0176,9,0.0731288
924,3.43599e+10,6.5797e+07,9763.41,35,10.4658,9,0.0770192
925,6.87196e+10,8.07098e+07,9322.12,36,10.3242,9,0.0745453
926,1.718e+10,3.12517e+07,12519.4,34,10.8789,10,0.0766211
927,6.87196e+10,1.16691e+08,11841.4,36,10.9453,10,0.0736568
928,8.59006e+09,5.74043e+07,12374.2,33,11.2324,10,0.0743505
929,8.59006e+09,5.34724e+07,9817.93,33,10.415,9,0.0721351
930,3.43599e+10,9.01538e+07,9696.83,35,10.1816,9,0.0705734
931,1.37439e+11,2.33566e+08,11971.7,37,11.1367,10,0.0733701
932,3.43599e+10,1.29739e+08,11841.4,35,10.8838,10,0.0745793
933,6.87196e+10,2.26921e+08,11140.6,36,11.2373,10,0.079208
934,3.43599e+10,1.25465e+08,11061.1,35,10.7539,10,0.0745602
935,1.718e+10,5.8791e+07,10555.5,34,10.3555,10,0.0724602
936,1.09951e+12,1.47695e+09,11528.4,40,10.8633,10,0.0762252
937,6.87196e+10,1.15651e+08,12252.2,36,11.4609,10,0.0766694
938,3.43599e+10,7.17871e+07,12839.9,35,11.4443,11,0.0776408
939,2.74878e+11,4.85509e+08,11467.5,38,10.7949,10,0.0749273
940,1.718e+10,8.66303e+07,12360.8,34,11.2119,10,0.0791878
941,6.87196e+10,1.9657e+08,11899.6,36,10.9795,10,0.0747519
942,2.74878e+11,3.05416e+08,11679,38,10.9766,10,0.0746132
943,1.718e+10,8.88004e+07,11482.8,34,11.1035,10,0.0735555
944,6.87196e+10,1.3275e+08,11753.3,36,10.8252,10,0.0730392
945,8.59006e+09,3.9056e+07,10753.8,33,10.8887,10,0.0735411
946,6.87196e+10,1.19993e+08,9418.71,36,10.3799,9,0.0734787
947,1.718e+10,5.39193e+07,12634.8,34,11.3252,10,0.0724122
948,1.718e+10,4.49756e+07,12085.4,34,11.0166,10,0.0733313
949,8.59006e+09,4.05779e+07,12360.8,33,11.1201,10,0.0741074
950,1.718e+10,8.75276e+07,14394.9,34,11.5674,11,0.0739106
951,6.87196e+10,1.37072e+08,12558.2,36,11.4346,10,0.0730785
952,2.74878e+11,3.53926e+08,15759.9,38,12.0498,11,0.0770225
953,5.49756e+11,6.38418e+08,18503.2,39,12.2598,12,0.0790679
954,3.43599e+10,1.16927e+08,15470.2,35,12.2754,11,0.0804585
955,3.43599e+10,9.93313e+07,12672.6,35,11.8457,10,0.0791709
956,3.43599e+10,2.1643e+08,15486.6,35,12.2471,11,0.0795712
957,6.87196e+10,1.29001e+08,15220.6,36,12.0977,11,0.0783418
958,4.29507e+09,4.07823e+07,18354.1,32,12.1113,12,0.0782338
959,1.37439e+11,2.18049e+08,16037.9,37,12.1475,11,0.0776621
960,6.87196e+10,1.17067e+08,20033.2,36,12.3516,12,0.0811047
961,1.37439e+11,2.29751e+08,20762.4,37,12.7666,12,0.0816655
962,1.37439e+11,2.22847e+08,19861.3,37,12.3174,12,0.0790287
963,6.87196e+10,1.78154e+08,19706.2,36,12.2627,12,0.080212
964,2.74878e+11,3.03213e+08,20221,38,12.1494,12,0.0801033
965,6.87196e+10,1.6777e+08,19995.2,36,12.6309,12,0.0836302
966,1.37439e+11,2.56587e+08,19725.7,37,12.2822,12,0.0810646
967,1.718e+10,7.76576e+07,15453.8,34,11.8447,11,0.080423
968,1.37439e+11,2.3496e+08,17722.8,37,11.8828,12,0.0777493
969,4.29508e+09,2.23963e+07,17388.2,32,11.8096,12,0.0779213
970,8.59006e+09,5.24008e+07,19127.5,33,11.9717,12,0.0798849
971,2.1476e+09,2.40616e+07,18545.6,31,11.8926,12,0.0767669
972,1.718e+10,8.6962e+07,14539.8,34,11.4277,11,0.0745968
973,4.29508e+09,2.92413e+07,16201.5,32,11.6934,11,0.0784582
974,1.718e+10,4.18308e+07,15118.7,34,11.3398,11,0.0760472
975,1.75922e+13,1.72904e+10,12279.6,44,11.1787,10,0.0756926
976,6.87196e+10,2.19822e+08,20477.9,36,12.791,12,0.0819527
977,8.59006e+09,5.5366e+07,15551.8,33,11.9453,11,0.0778905
978,3.43599e+10,6.66643e+07,16068,35,12.0869,11,0.0795305
979,1.37439e+11,3.14253e+08,15519.2,37,11.9619,11,0.0801817
980,6.87196e+10,1.30667e+08,15784.4,36,12.083,12,0.0781055
981,3.43599e+10,1.37428e+08,19608.3,35,12.5938,12,0.0797534
982,6.87196e+10,2.54209e+08,15900.4,36,12.0488,11,0.0784327
983,4.29508e+09,3.2914e+07,12414.2,32,11.5879,10,0.0789726
984,4.29509e+09,2.71526e+07,15067.4,32,11.7148,11,0.0763657
985,1.718e+10,8.48906e+07,15015.8,34,11.8242,11,0.0782441
986,6.87196e+10,1.44354e+08,14647.4,36,11.6973,11,0.0766194
987,8.59005e+09,5.24105e+07,16201.5,33,12.1396,11,0.0796998
988,3.43599e+10,9.18029e+07,19025.2,35,12.3662,12,0.0807929
989,3.43599e+10,1.19456e+08,15728.2,35,11.8799,11,0.0787385
990,6.87196e+10,1.90032e+08,15237.4,36,12.0137,11,0.0801298
991,8.59006e+09,5.78355e+07,16068,33,12.0195,11,0.0786778
992,6.87196e+10,1.16871e+08,14789.2,36,11.7061,11,0.0791234
993,6.87196e+10,1.15479e+08,13912.7,36,11.6689,11,0.0781004
994,3.43599e+10,1.08214e+08,15135.8,35,12.0186,11,0.077506
995,3.43599e+10,1.3908e+08,12843.9,35,12.0371,10,0.0784899
996,1.718e+10,6.84047e+07,11899.6,34,11.2803,10,0.0762864
997,5.49756e+11,7.15071e+08,15387.8,39,12.2109,11,0.080212
998,6.87196e+10,1.30539e+08,15186.7,36,11.8574,11,0.079843
999,1.718e+10,5.58376e+07,15696.5,34,12.0537,11,0.0773821
1000,6.87196e+10,1.37566e+08,14876.9,36,11.9941,11,0.0801947
1001,2.74878e+11,4.41494e+08,16657.2,38,12.4062,12,0.080965
1002,8.59006e+09,6.86601e+07,16553.8,33,12.4307,11,0.0787928
1003,3.43599e+10,1.07121e+08,12333.8,35,11.8145,10,0.076871
1004,3.43599e+10,9.75393e+07,11928.5,35,11.3789,10,0.0759178
1005,2.74878e+11,6.10821e+08,14894.4,38,11.9365,11,0.0782805
1006,5.49756e+11,6.2027e+08,11543.6,39,11.0029,10,0.0754265
1007,6.87196e+10,2.13229e+08,12759.3,36,11.8955,10,0.0765341
1008,8.59006e+09,5.46549e+07,15254.3,33,11.873,11,0.0781103
1009,3.43599e+10,1.41931e+08,15502.9,35,12.208,11,0.0793686
1010,1.37439e+11,3.47693e+08,14611.6,37,11.6182,11,0.077007
1011,3.43599e+10,1.7986e+08,18901.5,35,12.3896,12,0.0809337
1012,1.37439e+11,2.57443e+08,14789.2,37,12.0469,11,0.0771969
1013,6.87196e+10,2.56956e+08,19269.5,36,12.833,12,0.0824187
1014,2.74878e+11,3.89736e+08,15304.6,38,12.1064,11,0.0755956
1015,1.37439e+11,3.37401e+08,14211.5,37,12.0615,11,0.0790462
1016,2.74878e+11,9.56567e+08,12347.3,38,11.792,10,0.0772961
1017,1.37439e+11,2.66951e+08,15728.2,37,12.7168,11,0.0829425
1018,4.39805e+12,5.66503e+09,13237.8,42,12.4697,11,0.0846517
1019,1.37439e+11,5.41589e+08,15551.8,37,12.7783,11,0.0911594
1020,6.87196e+10,3.09778e+08,19647.6,36,13.3555,12,0.0893593
1021,2.74878e+11,4.90116e+08,15220.6,38,12.8057,11,0.0868657
1022,3.43599e+10,1.2646e+08,19004.7,35,13.0098,12,0.0858049
1023,6.87196e+10,4.35122e+08,15600.3,36,12.8594,11,0.0866606
1024,6.87196e+10,3.24275e+08,15759.9,36,12.8584,11,0.0853425
1025,1.37439e+11,4.07144e+08,15502.9,37,12.4961,11,0.0836081
1026,2.74878e+11,1.02581e+09,14575.8,38,12.2959,11,0.085953
1027,2.74878e+11,4.91988e+08,15015.8,38,12.415,11,0.0840773
1028,5.49756e+11,1.00392e+09,15033,39,12.668,11,0.089372
1029,6.87196e+10,3.1788e+08,12347.3,36,12.1865,10,0.0838973
1030,4.39805e+12,4.45496e+09,12155.5,42,11.7354,10,0.0824352
1031,6.87196e+10,2.69723e+08,9942.16,36,11.4775,10,0.0814213
1032,6.87196e+10,2.8139e+08,10404.7,36,11.2158,10,0.0808445
1033,1.37439e+11,2.706e+08,12238.5,37,11.9668,10,0.0852623
1034,1.37439e+11,3.59356e+08,9965.62,37,11.4688,9,0.0817759
1035,3.43599e+10,2.0003e+08,9370.65,35,10.8535,9,0.0778365
1036,1.37439e+11,2.66038e+08,9394.74,37,10.9385,9,0.0766678
1037,3.43599e+10,1.60937e+08,14998.5,35,12.0303,11,0.079468
1038,6.87196e+10,2.03085e+08,11619.1,36,11.2871,10,0.0785861
1039,2.74878e+11,5.32845e+08,14539.8,38,12.0918,11,0.0806445
1040,1.37439e+11,4.09717e+08,12467.1,37,11.8438,10,0.0832908
1041,6.87196e+10,2.35456e+08,13394.6,36,12.1143,11,0.0815207
1042,6.87196e+10,2.58987e+08,12493.3,36,11.9639,10,0.0800828
1043,6.87196e+10,3.43861e+08,12960.2,36,12.0098,11,0.0796788
1044,1.718e+10,9.07407e+07,12347.3,34,11.9854,10,0.0799222
1045,2.74878e+11,4.24042e+08,15791.4,38,12.3594,11,0.0810977
1046,1.718e+10,1.0846e+08,11708.8,34,11.375,10,0.0779094
1047,2.19902e+12,2.62981e+09,16157.4,41,12.4424,11,0.0818022
1048,3.43599e+10,1.64115e+08,9198.85,35,10.9004,9,0.0745706
1049,6.87196e+10,3.19746e+08,14081.5,36,11.8672,11,0.0772359
1050,5.49756e+11,7.41938e+08,12306.8,39,11.8799,10,0.0781336
1051,6.87196e+10,1.2512e+08,19880.5,36,12.6162,12,0.0793988
1052,1.37439e+11,4.07175e+08,18776.8,37,12.8613,12,0.0838026
1053,4.39805e+12,4.69759e+09,18138.8,42,12.6152,12,0.0823032
1054,1.37439e+11,3.69419e+08,7186.07,37,10.3965,8,0.0736356
1055,5.49756e+11,9.90368e+08,12467.1,39,11.9619,10,0.0790185
1056,6.87196e+10,4.1651e+08,25520.9,36,13.7637,13,0.0878328
1057,1.37439e+11,6.06671e+08,26279.7,37,13.624,13,0.0834182
1058,1.37439e+11,7.34669e+08,26679,37,14.041,13,0.0880604
1059,1.09951e+12,1.35891e+09,27402.7,40,14.0283,13,0.0887859
1060,1.37439e+11,7.29884e+08,26896.2,37,14.1475,13,0.0884516
1061,1.37439e+11,4.85365e+08,21218.3,37,13.5137,12,0.0857225
1062,1.37439e+11,4.35603e+08,20532,37,13.542,12,0.0862974
1063,2.74878e+11,5.53974e+08,20368.6,38,13.458,12,0.0857946
1064,1.37439e+11,4.05661e+08,26831.4,37,13.6611,13,0.0876941
1065,6.87196e+10,4.08868e+08,26391.7,36,13.665,13,0.0874206
1066,6.87196e+10,3.02847e+08,19842,36,12.9795,12,0.0838142
1067,6.87196e+10,2.84833e+08,27788,36,14.0137,13,0.0882146
1068,6.87196e+10,4.42221e+08,25567.8,36,13.6279,13,0.0861568
1069,6.87196e+10,5.51231e+08,27984.8,36,14.2197,13,0.0880014
1070,2.74878e+11,9.82502e+08,27464.5,38,14.0166,13,0.0917499
1071,1.37439e+11,4.73986e+08,19188.5,37,13.2822,12,0.0853389
1072,5.49756e+11,9.40042e+08,20295.1,39,12.9629,12,0.0823714
1073,5.49756e+11,8.36308e+08,20331.9,39,13.4277,12,0.0854507
1074,1.09951e+12,1.76318e+09,20441.6,40,13.3623,12,0.0854814
1075,1.37439e+11,6.00075e+08,37254.4,37,14.3994,14,0.0863778
1076,1.37439e+11,5.88049e+08,28234,37,14.2979,13,0.087668
1077,5.49756e+11,1.01351e+09,26982.1,39,13.7422,13,0.0845668
1078,6.87196e+10,3.33403e+08,26896.2,36,14.0684,13,0.0873666
1079,2.74878e+11,1.14446e+09,28777.3,38,14.457,13,0.0913493
1080,2.74878e+11,6.30596e+08,36818.4,38,14.3945,14,0.0898287
1081,1.09951e+12,2.43984e+09,27728.2,40,14.3486,13,0.0912955
1082,1.37439e+11,6.27986e+08,37705.8,37,14.5059,14,0.0904227
1083,4.39805e+12,5.70063e+09,20639.1,42,13.6836,12,0.0915338
1084,1.09951e+12,2.03087e+09,56691.5,40,15.0117,15,0.0943119
1085,2.74878e+11,1.20639e+09,38783.5,38,14.8301,14,0.0944235
1086,1.09951e+12,3.12462e+09,26788,40,14.0615,13,0.0909457
1087,1.09951e+12,1.99052e+09,26591.2,40,13.9756,13,0.0911586
1088,2.74878e+11,1.80904e+09,26414,38,13.71,13,0.0915458
1089,2.19902e+12,4.43001e+09,27945.8,41,14.4424,13,0.0942594
1090,5.49756e+11,1.82127e+09,20368.6,39,13.6748,12,0.0904887
1091,1.09951e+12,2.99338e+09,26144.2,40,13.9082,13,0.090511
1092,1.09951e+12,2.4843e+09,23478.2,40,13.7158,13,0.0909001
1093,1.09951e+12,3.10372e+09,20849.2,40,13.5693,12,0.0892176
1094,5.49756e+11,2.02056e+09,15600.3,39,13.0693,11,0.088967
1095,1.09951e+12,2.3694e+09,18246.7,40,13.4551,12,0.0892377
1096,1.09951e+12,2.88745e+09,20239.6,40,13.3838,12,0.088845
1097,2.19902e+12,3.6326e+09,15584.2,41,12.7217,11,0.0879114
1098,2.19902e+12,4.19264e+09,11498,41,11.8477,10,0.085194
1099,2.19902e+12,3.66807e+09,18460.7,41,13.2969,12,0.0922081
1100,1.09951e+12,4.66216e+09,15453.8,40,12.8115,11,0.0879397
1101,4.39805e+12,6.02234e+09,15304.6,42,13.0264,11,0.0923419
1102,1.09951e+12,3.97592e+09,16172.2,40,13.0039,11,0.0889555
1103,1.09951e+12,3.66675e+09,18860,40,12.9844,12,0.0871757
1104,5.49756e+11,2.05403e+09,15884.9,39,12.959,11,0.0900612
1105,1.09951e+12,3.39975e+09,16580.7,40,13.0449,11,0.0887313
1106,8.79609e+12,1.08573e+10,13931.6,43,12.625,11,0.0867126
1107,8.79609e+12,1.05943e+10,15015.8,43,12.5645,11,0.0886771
1108,1.09951e+12,6.32072e+09,17567.3,40,13.0752,12,0.0903202
1109,4.39805e+12,6.18818e+09,15067.4,42,12.8311,11,0.0900861
1110,4.39805e+12,8.79935e+09,14062.9,42,12.7822,11,0.090607
1111,4.39805e+12,8.91797e+09,14736.2,42,12.6992,11,0.0895399
1112,8.79609e+12,1.75895e+10,17855.1,43,13.1338,12,0.0926193
1113,8.79609e+12,1.19708e+10,18503.2,43,13.1719,12,0.0895375
1114,8.79609e+12,1.23994e+10,18545.6,43,13.2959,12,0.0914259
1115,8.79609e+12,1.20569e+10,15118.7,43,12.4219,11,0.0858139
1116,2.74878e+11,1.49095e+09,15404.3,38,12.5381,11,0.0853578
1117,5.49756e+11,2.48415e+09,14911.8,39,12.292,11,0.0852611
1118,8.79609e+12,1.38154e+10,17455.6,43,12.9238,12,0.0858797
1119,8.79609e+12,1.71521e+10,18160.4,43,12.5527,12,0.0836348
1120,2.74878e+11,1.24784e+09,11235.1,38,11.7891,10,0.083141
1121,1.09951e+12,4.9458e+09,14229.9,40,12.4131,11,0.0840318
1122,2.74878e+11,1.73672e+09,16098,38,12.8379,11,0.0869034
1123,5.49756e+11,2.17982e+09,14285.2,39,12.2051,11,0.0824972
1124,5.49756e+11,1.26096e+09,12360.8,39,12.0879,10,0.0814059
1125,1.37439e+11,8.12922e+08,12519.4,37,12.1387,10,0.0807765
1126,8.79609e+12,1.85792e+10,11156.4,43,11.7383,10,0.0800035
1127,1.75922e+13,2.51215e+10,19957.1,44,13.3438,12,0.0871294
1128,1.09951e+12,4.10483e+09,20258.1,40,13.3105,12,0.0871264
1129,1.09951e+12,3.21391e+09,26591.2,40,14.1582,13,0.0906923
1130,8.79609e+12,1.11556e+10,24583.6,43,13.3184,13,0.0850857
1131,1.09951e+12,4.10347e+09,19995.2,40,13.542,12,0.088186
1132,4.39805e+12,7.92917e+09,20239.6,42,13.6777,12,0.0904741
1133,1.09951e+12,4.15637e+09,23064.6,40,13.5273,13,0.0875196
1134,1.75922e+13,3.55929e+10,19725.7,44,13.1924,12,0.0860025
1135,2.19902e+12,3.64349e+09,19667.2,41,13.0293,12,0.0856871
1136,8.79609e+12,2.03281e+10,27194.3,43,14.3242,13,0.0933492
1137,1.75922e+13,2.91275e+10,19588.6,44,13.2109,12,0.0886236
1138,4.39805e+12,8.43231e+09,20549.9,42,13.3369,12,0.0888754
1139,2.19902e+12,5.10672e+09,20709.8,41,13.667,12,0.0896533
1140,2.19902e+12,6.82494e+09,26391.7,41,13.9531,13,0.0909276
1141,4.39805e+12,8.1016e+09,15838.3,42,13.0332,11,0.0874248
1142,1.75922e+13,2.61444e+10,20127.5,44,13.4678,12,0.0885061
1143,3.51844e+13,3.98479e+10,14894.4,45,12.8213,11,0.0855185
1144,1.09951e+12,4.52023e+09,11986,40,11.9766,10,0.0821279
1145,2.19902e+12,7.64537e+09,12043,41,11.7861,10,0.0807781
1146,7.03687e+13,8.56156e+10,8957.3,46,11.2334,9,0.0784994
1147,1.75922e+13,2.71761e+10,8970.24,44,11.2656,9,0.0786885
1148,3.51844e+13,3.78778e+10,8557.94,45,11.3281,9,0.0800733
1149,2.19902e+12,7.8364e+09,9489.92,41,11.7607,9,0.0802537
1150,3.51844e+13,5.36806e+10,9489.92,45,11.8057,9,0.0804671
1151,1.75922e+13,2.72611e+10,8652.99,44,11.3945,9,0.0782776
1152,4.39805e+12,1.46271e+10,8760.25,42,11.6182,9,0.0791091
1153,2.81475e+14,2.88677e+11,7892.94,48,11.4395,9,0.0797172
1154,7.03687e+13,1.2874e+11,9211.3,46,11.7031,9,0.0796047
1155,3.51844e+13,7.34924e+10,9942.16,45,11.8965,10,0.0807596
1156,3.51844e+13,6.53101e+10,9346.44,45,11.4307,9,0.077032
1157,4.39805e+12,7.9764e+09,7206.2,42,10.6348,8,0.0737984
1158,2.19902e+12,4.76485e+09,6087.62,41,10.0586,8,0.0699738
1159,4.39805e+12,1.1658e+10,6491.28,42,10.2246,8,0.0707828
1160,1.75922e+13,2.73742e+10,6172.47,44,9.9541,8,0.0704011
1161,2.19902e+12,7.31585e+09,5681.8,41,10.1104,7,0.0707837
1162,2.19902e+12,5.82342e+09,5586.62,41,9.94531,7,0.0705113
1163,4.39805e+12,1.14782e+10,5222.21,42,9.96387,7,0.0704484
1164,1.75922e+13,2.47372e+10,5307.39,44,9.88086,7,0.0698136
1165,4.39805e+12,1.06896e+10,5737.72,42,9.78418,7,0.0688942
1166,7.03687e+13,7.07961e+10,6087.62,46,10.3086,8,0.0706033
1167,1.75922e+13,3.8047e+10,5663.49,44,10.3174,8,0.0739781
1168,1.75922e+13,3.77997e+10,5714.39,44,10.4648,8,0.07725
1169,1.75922e+13,4.61169e+10,5616.45,44,10.7031,7,0.0785346
1170,1.75922e+13,5.65228e+10,5645.8,44,10.1279,7,0.0746293
1171,1.75922e+13,3.53375e+10,5392.18,44,10.0684,8,0.0740654
1172,2.81475e+14,3.11946e+11,7094.17,48,10.75,8,0.0759797
1173,8.79609e+12,2.35064e+10,4708.09,43,9.91113,7,0.0750748
1174,8.79609e+12,3.54273e+10,6839.38,43,11.1621,8,0.0810397
1175,7.03687e+13,1.37945e+11,7104.48,46,11.1758,8,0.0797654
1176,1.40737e+14,1.60378e+11,6196.55,47,10.667,8,0.0757941
1177,2.19902e+12,7.06903e+09,5571.53,41,10.3008,7,0.0799299
1178,1.75922e+13,3.74337e+10,5667.5,44,10.0576,7,0.0761778
1179,1.75922e+13,2.25088e+10,5823.76,44,10.5068,7,0.0769011
1180,1.1259e+15,1.43267e+12,5298.97,50,10.2646,7,0.0757796
1181,4.39805e+12,1.64716e+10,5373.9,42,10.3086,7,0.0752236
1182,8.79609e+12,1.9961e+10,5517.84,43,10.2871,7,0.0756658
1183,1.75922e+13,4.06019e+10,5230.83,44,10.1309,7,0.0751478
1184,7.03687e+13,8.17068e+10,5054.52,46,9.91406,7,0.073204
1185,2.19902e+12,6.99458e+09,5556.33,41,10.25,7,0.0737121
1186,4.39805e+12,1.00032e+10,4113.41,42,9.9375,6,0.0742888
1187,3.51844e+13,5.37811e+10,5430.85,45,10.0264,7,0.0778433
1188,8.79609e+12,1.39342e+10,6560.21,43,10.5967,8,0.0755753
1189,3.60288e+16,3.51943e+13,5616.45,55,10.4902,7,0.0760979
1190,1.09951e+12,5.65219e+09,6111.95,40,10.8682,8,0.0781211
1191,8.79609e+12,1.59667e+10,7334.42,43,11.4678,8,0.0796312
1192,2.81475e+14,4.46106e+11,7410.92,48,11.4639,8,0.0793642
1193,7.03687e+13,1.27856e+11,8746.92,46,12.2715,9,0.0819716
1194,1.75922e+13,7.94551e+10,7094.17,44,11.4873,8,0.0781023
1195,7.03687e+13,1.22726e+11,7324.72,46,11.1348,8,0.0782786
1196,2.81475e+14,5.70709e+11,5737.72,48,10.499,7,0.0747836
1197,3.51844e+13,5.61409e+10,7531.03,45,11.6973,8,0.0814098
1198,8.79609e+12,2.25373e+10,7216.23,43,11.2754,8,0.0772804
1199,8.79609e+12,3.15467e+10,7125.03,43,11.46,8,0.0764078
1200,1.40737e+14,2.4396e+11,8489.39,47,12.1182,9,0.0815713
1201,7.03687e+13,9.72904e+10,7531.03,46,11.7969,8,0.0790446
1202,1.75922e+13,7.71092e+10,8760.25,44,12.1357,9,0.0816136
1203,5.6295e+14,5.93319e+11,6989.67,49,11.1826,8,0.0777337
1204,2.81475e+14,3.5132e+11,7353.72,48,11.3984,8,0.0789705
1205,1.40737e+14,2.16077e+11,11467.5,47,12.417,10,0.0816415
1206,8.79609e+12,2.56954e+10,10932.8,43,12.5996,10,0.0812169
1207,8.79609e+12,5.56755e+10,10235.2,43,12.4805,10,0.0836314
1208,4.39805e+12,1.93111e+10,9536.79,42,12.127,9,0.0823565
1209,1.40737e+14,1.50304e+11,9309.92,47,11.9053,9,0.078598
1210,3.51844e+13,1.16831e+11,7042.23,45,11.3252,8,0.0787018
1211,5.6295e+14,6.30724e+11,7073.47,49,11.3018,8,0.0790085
1212,2.81475e+14,3.20704e+11,4074.61,48,9.69727,6,0.0724743
1213,3.51844e+13,1.43848e+11,2924.51,45,8.75781,5,0.0718376
1214,4.39805e+12,9.61247e+09,3987.02,42,9.37012,6,0.0714536
1215,8.79609e+12,3.13695e+10,3431.79,43,8.99609,6,0.0719061
1216,4.39805e+12,1.711e+10,3919.27,42,9.19727,6,0.0690305
1217,4.39805e+12,2.48374e+10,3615.92,42,9.32129,6,0.0713201
1218,1.40737e+14,2.49808e+11,3950.42,47,9.77246,6,0.0736586
1219,7.03687e+13,8.17042e+10,5556.33,46,10.4346,7,0.0734685
1220,1.75922e+13,5.94941e+10,6444.93,44,11.5254,8,0.0803155
1221,8.79609e+12,3.85349e+10,9430.66,43,12.2998,9,0.0813188
1222,7.03687e+13,1.27345e+11,7206.2,46,11.5215,8,0.0787834
1223,7.03687e+13,8.72382e+10,7602.16,46,11.7275,8,0.0818724
1224,2.81475e+14,7.17692e+11,6548.77,48,11.0879,8,0.0766742
1225,1.75922e+13,6.96309e+10,7186.07,44,11.6035,8,0.0793059
1226,7.03687e+13,1.77005e+11,6398.26,46,11.1143,8,0.0769568
1227,1.75922e+13,2.64739e+10,5804.47,44,10.8057,7,0.0742789
1228,2.81475e+14,3.121e+11,5273.59,48,10.1846,7,0.0732246
1229,1.40737e+14,2.27747e+11,7936.71,47,10.9941,9,0.0766504
1230,1.40737e+14,1.44381e+11,7021.28,47,10.2627,8,0.0715917
1231,3.51844e+13,4.58259e+10,3919.27,45,9.19629,6,0.0726221
1232,7.03687e+13,1.23849e+11,5594.12,46,10.6641,7,0.0734624
1233,3.51844e+13,6.94735e+10,4717.77,45,10.2695,7,0.0722621
1234,3.51844e+13,1.32902e+11,5758.13,45,10.8398,7,0.0744435
1235,1.40737e+14,1.51603e+11,4580.71,47,10.5137,7,0.0749381
1236,1.1259e+15,1.66651e+12,3950.42,50,9.07227,6,0.068159
1237,2.19902e+12,4.78171e+09,2778.96,41,8.6416,5,0.0639839
1238,3.51844e+13,4.1256e+10,3565.39,45,9.24316,6,0.0701174
1239,7.03687e+13,7.34933e+10,1768.44,46,7.49609,4,0.0637544
1240,1.75922e+13,4.08689e+10,4688.68,44,9.6123,7,0.0735884
1241,1.75922e+13,2.13723e+10,5365.67,44,10.083,7,0.0745311
1242,4.39805e+12,1.61851e+10,7324.72,42,11.1172,8,0.0772053
1243,3.51844e+13,6.53354e+10,8530.59,45,11.2842,9,0.0771693
1244,1.75922e+13,2.84026e+10,7994.8,44,10.7188,9,0.0738878
1245,1.40737e+14,3.6894e+11,8892.22,47,11.915,9,0.0789881
1246,3.51844e+13,8.01718e+10,8852.88,45,11.6143,9,0.0768536
1247,7.03687e+13,8.90785e+10,9536.79,46,11.7549,9,0.0776372
1248,3.51844e+13,4.24128e+10,5612.35,45,10.2051,8,0.0714942
1249,7.03687e+13,1.04087e+11,7540.04,46,11.4307,8,0.0742201
1250,3.51844e+13,4.66523e+10,5571.53,45,10.4785,7,0.0757943
1251,7.03687e+13,1.69385e+11,5594.12,46,10.5039,7,0.0734422
1252,7.03687e+13,1.11469e+11,7010.77,46,11.1914,8,0.0743678
1253,4.39805e+12,9.20195e+09,5653.06,42,10.2549,7,0.0688928
1254,4.39805e+12,1.44928e+10,7295.47,42,10.9736,8,0.0770934
1255,8.79609e+12,1.19463e+10,7083.83,43,11.0312,8,0.0749552
1256,5.6295e+14,5.50971e+11,9685.61,49,11.416,9,0.0761461
1257,4.39805e+12,1.27244e+10,10235.2,42,11.6953,10,0.076232
1258,1.09951e+12,2.48238e+09,8879.13,40,10.9766,9,0.0721347
1259,1.09951e+12,2.50215e+09,8693.38,40,10.4854,9,0.0700844
1260,4.39805e+12,7.27849e+09,7645.47,42,10.8164,8,0.0745246
1261,1.09951e+12,5.40005e+09,12293.2,40,11.916,10,0.0819088
1262,5.49756e+11,1.98375e+09,9640.4,39,10.8975,9,0.0747499
1263,1.09951e+12,3.19969e+09,10932.8,40,11.7676,10,0.0777043
1264,1.09951e+12,3.25348e+09,12532.3,40,12.2734,10,0.0803469
1265,8.79609e+12,1.8363e+10,11250.8,43,11.4326,10,0.0772828
1266,4.39805e+12,6.95445e+09,9513.42,42,11.5244,9,0.0786151
1267,8.79609e+12,1.82482e+10,11313.2,43,11.9521,10,0.0807437
1268,1.75922e+13,2.26874e+10,9752.4,44,11.5801,9,0.0784065
1269,4.39805e+12,1.19882e+10,11782.8,42,11.7646,10,0.0818161
1270,8.79609e+12,1.33117e+10,9583.16,43,11.7822,9,0.0806912
1271,2.19902e+12,7.09264e+09,8224.01,41,10.8818,9,0.0807609
1272,1.75922e+13,2.80123e+10,8081.35,44,11.3389,9,0.0803185
1273,7.03687e+13,7.43544e+10,9370.65,46,11.7686,9,0.0815653
1274,1.75922e+13,1.99948e+10,11436.8,44,11.6758,10,0.0782824
1275,1.75922e+13,4.40554e+10,9322.12,44,11.5332,9,0.0797432
1276,3.51844e+13,3.64481e+10,10572.2,45,11.3584,10,0.0793601
1277,7.03687e+13,8.69912e+10,11885.1,46,11.9941,10,0.083404
1278,4.39805e+12,6.57137e+09,11297.6,42,11.7803,10,0.0835301
1279,2.2518e+15,2.31116e+12,11782.8,51,11.9023,10,0.0820937
1280,7.03687e+13,8.87411e+10,10737.4,46,11.8652,10,0.0846914
1281,1.75922e+13,5.77822e+10,13453,44,13.1172,11,0.0905239
1282,1.40737e+14,2.84611e+11,9606.16,47,11.7793,9,0.0838507
1283,2.81475e+14,5.30464e+11,10218.1,48,12.0967,10,0.0870974
1284,1.75922e+13,2.95707e+10,8706.8,44,11.2803,9,0.0804153
1285,1.75922e+13,4.88098e+10,9708.01,44,11.8535,9,0.0851823
1286,8.79609e+12,3.07998e+10,8800.09,43,11.4199,9,0.0801422
1287,1.75922e+13,8.23268e+10,7354.73,44,11.0742,9,0.0786745
1288,8.79609e+12,3.49314e+10,7429.74,43,11.3662,8,0.0802642
1289,5.6295e+14,6.56288e+11,7457.75,49,11.4678,8,0.0810293
1290,3.51844e+13,6.56189e+10,7536.73,45,11.6611,9,0.081038
1291,4.5036e+15,4.85371e+12,6957.85,52,11.2393,8,0.0837397
1292,3.51844e+13,7.87109e+10,6468.14,45,10.5615,8,0.082027
1293,1.1259e+15,1.19114e+12,6839.38,50,10.9766,8,0.0829865
1294,2.81475e+14,3.57089e+11,6947.2,48,11.3291,8,0.0811498
1295,1.75922e+13,5.92191e+10,6124.09,44,10.5498,8,0.0808493
1296,2.2518e+15,2.32658e+12,6196.55,51,10.3555,8,0.0743109
1297,1.1259e+15,1.763e+12,6871.97,50,10.9531,8,0.0805974
1298,1.40737e+14,2.42056e+11,7104.48,47,11.0283,8,0.0852299
1299,1.40737e+14,2.79825e+11,7232,47,10.4971,9,0.0772675
1300,4.39805e+12,2.12953e+10,7420.35,42,10.7344,8,0.0772187
1301,1.40737e+14,1.71072e+11,8066.97,47,10.71,9,0.0794295
1302,5.6295e+14,7.61293e+11,7602.16,49,11.2988,8,0.0848435
1303,2.81475e+14,4.05614e+11,8760.25,48,10.8701,9,0.0835012
1304,1.40737e+14,2.40516e+11,8280.5,47,10.9053,9,0.0833078
1305,1.40737e+14,2.8259e+11,9072.88,47,11.2578,9,0.0859363
1306,2.81475e+14,3.338e+11,7849,48,11.0703,9,0.0831229
1307,2.2518e+15,2.54327e+12,8974.62,51,10.8086,10,0.0813137
1308,7.03687e+13,1.16926e+11,8693.38,46,11.4121,9,0.0869313
1309,7.03687e+13,1.75994e+11,11029.2,46,12.0225,10,0.0875964
1310,3.51844e+13,9.4835e+10,7656.64,45,10.7979,9,0.0851803
1311,4.5036e+15,4.43075e+12,9651.76,52,11.4727,9,0.0817739
1312,1.75922e+13,9.03834e+10,10011.6,44,11.7246,10,0.0854171
1313,7.03687e+13,1.51812e+11,11885.1,46,12.3896,10,0.0906191
1314,7.03687e+13,2.46806e+11,11203.7,46,12.0713,10,0.08483
1315,7.03687e+13,1.99713e+11,12414.2,46,12.0234,10,0.0829729
1316,1.40737e+14,1.95364e+11,9173.87,47,11.0332,9,0.0773724
1317,1.40737e+14,2.48204e+11,9358.56,47,11.1768,9,0.0784139
1318,1.40737e+14,2.482e+11,11597,47,12.4736,11,0.0883392
1319,4.5036e+15,4.62707e+12,11914.1,52,12.6475,10,0.0893185
1320,2.2518e+15,2.38759e+12,11797.5,51,12.208,10,0.0862299
1321,2.81475e+14,3.64085e+11,12400.9,48,12.3252,10,0.0857613
1322,1.40737e+14,3.67616e+11,13277.2,47,12.4463,11,0.0873581
1323,4.39805e+12,1.96372e+10,11768,42,11.7764,10,0.0829948
1324,3.51844e+13,1.10064e+11,10737.4,45,11.7451,10,0.0830299
1325,1.80144e+16,1.80026e+13,12113.5,54,12.5752,10,0.0873564
1326,7.03687e+13,2.63128e+11,12279.6,46,12.9346,10,0.0885027
1327,1.40737e+14,4.11486e+11,12238.5,47,12.292,10,0.0842398
1328,3.51844e+13,1.1033e+11,9173.87,45,11.0264,9,0.0779365
1329,7.03687e+13,2.01172e+11,11708.8,46,11.9961,10,0.0837537
1330,3.60288e+16,3.73111e+13,9955.32,55,12.2803,9,0.0863729
1331,2.8823e+17,2.83159e+14,11899.6,58,12.8066,10,0.0876757
1332,1.44115e+17,1.41268e+14,10688.1,57,12.1816,10,0.0853041
1333,5.6295e+14,7.1752e+11,11826.8,49,12.1992,10,0.0842301
1334,3.51844e+13,1.84036e+11,10588.8,45,12.0068,10,0.0817694
1335,4.5036e+15,4.65558e+12,10638.5,52,11.834,10,0.0827933
1336,5.6295e+14,7.6824e+11,8138.65,49,11.4082,9,0.0828755
1337,2.2518e+15,2.47824e+12,7494.65,51,11.0195,8,0.0786126
1338,2.2518e+15,2.62523e+12,10916.6,51,12.127,10,0.0838637
1339,7.03687e+13,1.97817e+11,5717,46,10.4092,7,0.0791215
1340,2.81475e+14,5.53728e+11,5470.78,48,10.0898,7,0.0768362
1341,1.40737e+14,3.24965e+11,5446.9,47,10.1553,7,0.0811046
1342,1.1259e+15,1.49633e+12,4016.86,50,9.47656,6,0.0763726
1343,1.1259e+15,2.54045e+12,4108.84,50,9.78906,7,0.0766938
1344,1.75922e+13,4.53239e+10,3809.33,44,9.27539,6,0.0746943
1345,7.03687e+13,2.20612e+11,4166.27,46,9.83789,6,0.0779522
1346,4.5036e+15,4.50212e+12,3729.75,52,9.4707,7,0.0770768
1347,1.40737e+14,2.19486e+11,4080.24,47,9.28809,6,0.0767597
1348,2.81475e+14,5.39499e+11,4737.09,48,9.34082,7,0.0753152
1349,7.03687e+13,1.85667e+11,5541.02,46,9.76562,7,0.0790729
1350,1.1259e+15,2.06252e+12,4480.86,50,9.4043,7,0.0751044
1351,5.6295e+14,7.7762e+11,4823.15,49,9.63965,7,0.07612
1352,1.1259e+15,1.1665e+12,3887.57,50,9.28516,6,0.0775812
1353,2.2518e+15,3.30034e+12,4012.93,51,9.38281,7,0.0758902
1354,2.81475e+14,1.01201e+12,7246.15,48,10.9717,8,0.0857633
1355,1.40737e+14,4.449e+11,4639.85,47,10.1348,7,0.0827296
1356,4.5036e+15,5.85549e+12,4785.07,52,9.76758,7,0.0767395
1357,4.5036e+15,6.24785e+12,3905.07,52,9.80762,7,0.0807996
1358,7.03687e+13,1.19962e+11,3887.57,46,9.11328,6,0.0722411
1359,4.5036e+15,4.44492e+12,4057.57,52,9.66504,6,0.0726301
1360,2.2518e+15,3.44601e+12,5586.62,51,10.5234,7,0.0791279
1361,1.40737e+14,3.99888e+11,5695.98,47,10.5381,7,0.078617
1362,2.2518e+15,2.87007e+12,5586.68,51,11.0928,8,0.0845623
1363,2.2518e+15,2.92716e+12,8350.66,51,11.9072,9,0.0876148
1364,1.40737e+14,6.22796e+11,9098.28,47,11.8623,9,0.0856123
1365,4.5036e+15,5.46051e+12,11328.7,52,12.7529,10,0.0910199
1366,1.1259e+15,2.6433e+12,6839.38,50,11.4092,8,0.0859074
1367,1.75922e+13,1.30386e+11,5486.57,44,10.5801,7,0.080787
1368,7.20576e+16,7.15162e+13,5573.82,56,10.7656,8,0.0820066
1369,1.1259e+15,1.48733e+12,4804.14,50,10.5127,7,0.0832458
1370,2.2518e+15,5.72188e+12,5398.45,51,11.1191,7,0.086351
1371,5.6295e+14,1.32717e+12,3956.58,49,10.3027,6,0.0850073
1372,2.81475e+14,9.24677e+11,4560.86,48,10.5947,7,0.0841889
1373,4.5036e+15,4.73952e+12,5108.27,52,10.666,7,0.0821598
1374,1.40737e+14,4.53941e+11,8434.15,47,12.2285,9,0.092793
1375,4.5036e+15,7.06356e+12,7965.79,52,11.9189,9,0.0945002
1376,2.81475e+14,9.51777e+11,7819.61,48,12.0146,9,0.0898652
1377,5.6295e+14,1.22926e+12,7834.31,49,11.459,9,0.0847539
1378,1.1259e+15,1.92381e+12,7491.47,50,11.7148,9,0.0885017
1379,2.2518e+15,3.54178e+12,8238.16,51,11.7979,9,0.0894604
1380,5.6295e+14,7.6415e+11,6936.52,49,11.2256,8,0.0874849
1381,2.81475e+14,5.93084e+11,7265.96,48,10.8994,8,0.0812759
1382,7.03687e+13,2.46381e+11,6537.32,46,10.75,8,0.0810387
1383,1.40737e+14,5.78992e+11,5502.26,47,10.458,7,0.0817071
1384,2.81475e+14,4.56405e+11,6502.82,48,11.1357,8,0.0850489
1385,1.1259e+15,2.77419e+12,5915.33,50,10.9131,8,0.0861985
1386,5.6295e+14,1.05779e+12,6099.79,49,11.0723,8,0.0853214
1387,1.40737e+14,3.13991e+11,8652.99,47,11.5869,9,0.0869439
1388,1.40737e+14,2.1128e+11,5688.97,47,10.4346,8,0.0834411
1389,7.03687e+13,2.27466e+11,5525.6,46,10.1211,7,0.075353
1390,5.6295e+14,8.48917e+11,5601.59,49,10.543,7,0.0811636
1391,4.5036e+15,4.61461e+12,7186.07,52,10.5078,8,0.0813207
1392,1.40737e+14,4.17172e+11,6583.03,47,10.3076,8,0.079662
1393,3.51844e+13,1.66943e+11,6850.26,45,10.2979,8,0.0784863
1394,1.40737e+14,2.86731e+11,5638.51,47,10.042,7,0.074131
1395,1.75922e+13,3.75837e+10,6351.29,44,10.1104,8,0.0771353
1396,3.51844e+13,6.12056e+10,6729.32,45,10.2627,8,0.0750806
1397,2.81475e+14,4.88411e+11,6075.42,48,9.86133,8,0.0740479
1398,4.5036e+15,5.45432e+12,5601.59,52,10.3643,7,0.0775651
1399,1.1259e+15,1.98241e+12,6050.99,50,10.2979,8,0.0763187
1400,5.6295e+14,9.92244e+11,5126.03,49,10.2588,7,0.0776964
1401,2.81475e+14,4.90227e+11,5623.83,48,10.0586,7,0.0766608
1402,7.03687e+13,1.28351e+11,4580.71,46,10.1084,7,0.0779296
1403,9.0072e+15,1.00147e+13,4107.95,53,9.60254,6,0.0750199
1404,5.6295e+14,1.69898e+12,5256.55,49,9.99512,7,0.0765882
1405,2.81475e+14,8.51154e+11,4328.18,48,9.74805,7,0.0753286
1406,2.81475e+14,4.29829e+11,4706.1,48,9.93457,8,0.0794582
1407,1.40737e+14,2.09282e+11,5161.3,47,9.4834,7,0.0742667
1408,1.40737e+14,4.36886e+11,4510.98,47,9.50879,7,0.0730972
1409,2.2518e+15,2.88247e+12,4717.77,51,9.65332,7,0.0711062
1410,2.81475e+14,4.12953e+11,4678.94,48,9.3457,7,0.0693732
1411,2.2518e+15,2.58706e+12,4051.83,51,9.49902,6,0.0727001
1412,1.40737e+14,2.88935e+11,4118.83,47,9.48828,6,0.0718113
1413,2.81475e+14,4.5025e+11,4140.23,48,9.46973,6,0.0717293
1414,4.5036e+15,6.83065e+12,4085.84,52,9.2207,6,0.0695001
1415,2.2518e+15,2.6783e+12,5586.62,51,10.1133,7,0.0779679
1416,5.6295e+14,1.50067e+12,3623.07,49,8.3457,6,0.0662582
1417,2.81475e+14,3.52818e+11,3141.98,48,8.4502,6,0.0669501
1418,1.40737e+14,5.2498e+11,3246.01,47,8.60156,6,0.0700682
1419,7.20576e+16,7.07095e+13,3060.42,56,8.74512,6,0.0692834
1420,2.2518e+15,4.69049e+12,4016.86,51,9.52734,6,0.0774743
1421,5.6295e+14,1.47119e+12,3293.24,49,9.09766,6,0.0720623
1422,2.81475e+14,3.7389e+11,3230.16,48,8.8584,6,0.0747583
1423,2.81475e+14,9.93677e+11,3439.35,48,8.92188,6,0.0743226
1424,1.1259e+15,1.28603e+12,2639.78,50,8.23828,5,0.0728943
1425,1.1259e+15,1.18943e+12,3316.66,50,8.64453,6,0.0718516
1426,2.81475e+14,5.56191e+11,2901.94,48,8.02148,6,0.0671282
1427,1.40737e+14,3.95939e+11,3285.4,47,8.43945,6,0.0677307
1428,2.81475e+14,6.98946e+11,2787.22,48,8.49121,5,0.0669043
1429,2.2518e+15,2.56966e+12,3919.27,51,8.94727,6,0.0693613
1430,1.1259e+15,1.3748e+12,3355.41,50,8.75879,6,0.0659482
1431,2.81475e+14,5.18314e+11,3925.55,48,9.33008,6,0.0728724
1432,5.6295e+14,2.02683e+12,3665.61,49,9.06348,6,0.0719066
1433,1.75922e+13,7.90079e+10,2819.22,44,8.63672,5,0.0717419
1434,2.2518e+15,3.65618e+12,3308.87,51,8.95312,6,0.0727702
1435,1.80144e+16,1.79704e+13,3796.01,54,9.31934,6,0.0730917
1436,4.5036e+15,8.01301e+12,4823.15,52,10.3535,7,0.0833408
1437,1.80144e+16,4.17407e+13,5117.16,54,10.5498,7,0.0791178
1438,1.40737e+14,6.89873e+11,5290.53,47,10.7988,7,0.080542
1439,9.0072e+15,1.09959e+13,4659.43,53,10.583,7,0.0806761
1440,2.2518e+15,4.39165e+12,3848.83,51,9.67969,6,0.0746667
1441,1.1259e+15,2.62323e+12,4610.35,50,10.0576,7,0.077323
1442,9.0072e+15,1.04862e+13,4028.62,53,9.88672,6,0.0748146
1443,1.1259e+15,3.37618e+12,4610.35,50,10.5928,7,0.081093
1444,1.80144e+16,1.9842e+13,3829.17,54,9.82129,6,0.0748901
1445,4.5036e+15,6.49662e+12,4649.65,52,9.68555,7,0.0721087
1446,1.80144e+16,2.80898e+13,4540.96,54,9.71289,7,0.0765353
1447,9.0072e+15,1.16215e+13,4898.44,53,10.458,7,0.0806764
1448,1.80144e+16,2.36955e+13,5390.29,54,11.6992,7,0.0890166
1449,4.5036e+15,7.97076e+12,4005,52,10.1064,6,0.0785439
1450,1.1259e+15,3.55186e+12,4756.33,50,10.4609,7,0.0856625
1451,5.6295e+14,1.74774e+12,4176.45,49,9.97559,6,0.0784513
1452,4.5036e+15,1.16516e+13,4698.39,52,10.6982,7,0.0855081
1453,7.20576e+16,7.35727e+13,5462.84,56,10.7686,7,0.0856612
1454,1.1259e+15,4.93453e+12,5398.45,50,11.2285,7,0.0915334
1455,4.5036e+15,5.93536e+12,4540.96,52,10.6582,7,0.0878859
1456,9.0072e+15,1.58574e+13,5307.39,53,11.5049,7,0.0926092
1457,9.0072e+15,2.25849e+13,5414.7,53,11.8398,7,0.0980918
1458,1.80144e+16,2.48333e+13,5265.08,54,11.3545,7,0.091196
1459,9.0072e+15,1.83145e+13,5486.57,53,11.4414,7,0.0933583
1460,1.1259e+15,4.33865e+12,6111.95,50,12.2979,8,0.0942398
1461,4.5036e+15,8.42603e+12,4610.35,52,11.3066,7,0.0927141
1462,9.0072e+15,1.78059e+13,5390.29,53,11.5957,7,0.0908763
1463,1.44115e+17,1.82852e+14,6871.97,57,11.7695,8,0.0883334
1464,1.80144e+16,2.4754e+13,6904.74,54,12.1406,9,0.0942598
1465,1.15292e+18,1.24521e+15,7010.77,60,13.5264,8,0.103529
1466,5.76461e+17,6.41641e+14,7575.75,59,13.7188,8,0.105469
1467,7.20576e+16,1.27922e+14,6947.2,56,13.043,8,0.103699
1468,1.44115e+17,1.97022e+14,6839.38,57,13.417,8,0.104081
1469,1.44115e+17,2.42661e+14,6172.47,57,13.0049,8,0.105556
1470,7.20576e+16,1.31624e+14,6409.96,56,13.1494,8,0.104532
1471,2.30584e+18,2.28219e+15,5332.51,61,12.0342,7,0.0982547
1472,1.80144e+16,4.1013e+13,4016.86,54,11.6631,6,0.0990312
1473,1.44115e+17,1.44408e+14,5290.53,57,11.8057,7,0.0989059
1474,1.44115e+17,1.7634e+14,5357.41,57,11.5605,7,0.0942692
1475,9.0072e+15,3.53148e+13,4022.75,53,11.249,6,0.0970316
1476,7.20576e+16,8.51441e+13,5625.16,56,11.5146,8,0.0927642
1477,1.44115e+17,1.52567e+14,4191.47,57,11.2041,6,0.090825
1478,1.80144e+16,3.95155e+13,4161.13,54,11.0254,6,0.0926759
1479,2.2518e+15,1.03952e+13,3950.42,51,10.6875,6,0.0896051
1480,7.20576e+16,1.64495e+14,3968.82,56,10.5254,6,0.0873415
1481,9.0072e+15,1.27588e+13,3822.58,53,10.7803,6,0.088594
1482,9.0072e+15,1.95715e+13,4450.6,53,10.9502,7,0.0917983
1483,4.61169e+18,4.53371e+15,3950.42,62,10.8994,6,0.0924542
1484,9.0072e+15,2.03737e+13,4016.86,53,10.8779,6,0.0912228
1485,2.8823e+17,7.35244e+14,4570.79,58,11.1787,7,0.0938965
1486,2.30584e+18,2.28502e+15,4063.27,61,10.29,6,0.0847305
1487,3.60288e+16,8.55826e+13,4480.86,55,10.707,7,0.0912522
1488,2.95148e+20,2.88327e+17,4737.09,68,11.207,7,0.0897688
1489,9.0072e+15,3.0348e+13,5392.18,53,11.4951,8,0.0928384
1490,3.60288e+16,4.1293e+13,4620.2,55,10.8154,7,0.0859375
1491,3.60288e+16,3.73619e+13,4860.94,55,11.21,7,0.0868361
1492,1.80144e+16,2.20104e+13,5365.67,54,11.7578,7,0.0935901
1493,9.0072e+15,1.04402e+13,7448.45,53,12.4033,8,0.0912154
1494,1.80144e+16,2.61011e+13,7077.08,54,13.0381,9,0.0975044
1495,1.1259e+15,5.50142e+12,8023.72,50,13.2314,9,0.0987577
1496,2.2518e+15,6.3868e+12,7246.15,51,12.6289,8,0.0947211
1497,1.1259e+15,3.45476e+12,6184.52,50,12.0068,8,0.0923467
1498,1.1259e+15,4.39964e+12,7363.33,50,13.0791,8,0.0995019
1499,4.5036e+15,5.3268e+12,8009.27,52,13.9453,9,0.104613
