381.894
0,434.954,8.1548,4,2,0.0332031,0,0.0148858
1,435.053,7.7566,4,2,0.0322266,0,0.00971082
2,435.149,8.43008,4,2,0.03125,0,0.018275
3,112.44,8.1582,4,1,0.0351562,0,0.0185349
4,435.053,10.4834,5,2,0.0527344,0,0.0188218
5,1005.85,10.7167,5,3,0.0517578,0,0.0171116
6,435.117,10.0458,5,2,0.0458984,0,0.0188312
7,435.151,10.5642,5,2,0.0517578,0,0.0164402
8,435.149,9.81527,5,2,0.0439453,0,0.0163461
9,111.937,9.61684,5,1,0.0458984,0,0.0095784
10,109.829,8.97944,5,1,0.0400391,0,0.0148994
11,434.129,10.7039,5,2,0.0537109,0,0.0204816
12,435.076,10.8844,5,2,0.0556641,0,0.0337605
13,434.639,10.4534,5,2,0.0478516,0,0.0240154
14,435.117,10.2263,6,2,0.0458984,0,0.0127948
15,435.053,10.0814,6,2,0.0458984,0,0.00981247
16,110.903,11.2615,5,1,0.0605469,0,0.00962298
17,110.903,9.07118,6,1,0.0380859,0,0.00926145
18,109.829,10.0458,6,1,0.0478516,0,0.0245089
19,435.076,10.6537,6,2,0.0507812,0,0.0146772
20,435.053,10.3341,6,2,0.0458984,0,0.0286543
21,435.053,11.677,6,2,0.0585938,0,0.0266669
22,435.151,11.665,6,2,0.0585938,0,0.0190424
23,434.818,11.0257,6,2,0.0537109,0,0.0177119
24,434.954,11.7958,6,2,0.0595703,0,0.0099292
25,435.127,11.8158,6,2,0.0576172,0,0.0199793
26,434.954,11.0758,6,2,0.0527344,0,0.0154857
27,1010.21,12.8564,6,3,0.0625,0,0.0194715
28,435.151,11.1081,6,2,0.0527344,0,0.0182796
29,435.151,12.1786,6,2,0.0527344,0,0.0184172
30,435.149,12.3508,6,2,0.0566406,0,0.0175134
31,434.954,12.0327,6,2,0.0605469,0,0.0108088
32,435.151,10.79,6,2,0.0498047,0,0.0106526
33,435.053,12.3693,6,2,0.0605469,0,0.0104382
34,435.151,13.3232,6,2,0.0683594,0,0.0222686
35,435.127,13.3076,6,2,0.0664062,0,0.0166665
36,435.151,13.3933,6,2,0.0654297,0,0.0233336
37,435.117,13.0618,6,2,0.0644531,0,0.0233571
38,435.151,12.9744,6,2,0.0644531,0,0.0233331
39,435.076,11.5925,6,2,0.0537109,0,0.023344
40,435.149,11.9982,6,2,0.0585938,0,0.0105831
41,434.818,11.1593,6,2,0.0517578,0,0.0194109
42,434.954,11.8217,6,2,0.0566406,0,0.0266411
43,435.117,12.1998,6,2,0.0566406,0,0.0266669
44,1001.24,14.0949,6,3,0.0683594,0,0.0266631
45,109.829,12.6203,6,1,0.0673828,0,0.0266702
46,435.149,12.4697,6,2,0.0634766,0,0.0130382
47,435.127,13.9769,6,2,0.0722656,0,0.023627
48,112.44,11.1898,6,1,0.0527344,0,0.020001
49,434.954,10.8988,6,2,0.0458984,0,0.0266638
50,434.954,11.3005,6,2,0.0488281,0,0.0233345
51,435.149,12.6497,6,2,0.0576172,0,0.0299847
52,435.149,13.2516,6,2,0.0664062,0,0.0166907
53,435.151,13.2723,6,2,0.0576172,0,0.0199763
54,435.149,14.8241,7,2,0.078125,0,0.0194813
55,435.127,12.5014,6,2,0.0537109,0,0.0208891
56,435.151,14.9055,7,2,0.0703125,0,0.0213069
57,110.903,13.5085,6,1,0.0742188,0,0.0206488
58,1008.92,17.3363,6,3,0.0898438,0,0.0209772
59,435.149,12.5633,6,2,0.0595703,0,0.0139627
60,435.127,12.5025,7,2,0.0566406,0,0.0123445
61,435.127,14.1605,6,2,0.0761719,0,0.0110899
62,434.412,12.3951,6,2,0.0595703,0,0.0113126
63,1008.21,15.7227,6,3,0.0742188,0,0.0110544
64,435.151,15.2982,6,2,0.0800781,0,0.0201208
65,435.149,15.649,7,2,0.0849609,0,0.0209443
66,435.151,14.155,6,2,0.0722656,0,0.02586
67,435.127,14.1247,7,2,0.0712891,0,0.0206069
68,435.053,13.8088,7,2,0.0664062,0,0.0293341
69,435.149,13.037,7,2,0.0605469,0,0.0118467
70,435.149,15.0521,7,2,0.078125,0,0.0123328
71,110.371,13.2624,7,1,0.0683594,0,0.0120596
72,435.151,15.3669,6,2,0.0830078,0,0.0097662
73,435.151,15.7734,7,2,0.0810547,0,0.0176624
74,435.127,15.2969,7,2,0.0771484,0,0.0211203
75,435.151,13.4014,7,2,0.0644531,0,0.0208197
76,435.151,15.0295,7,2,0.0751953,0,0.0196959
77,435.117,15.5224,7,2,0.0830078,0,0.0211731
78,1011.78,15.6568,7,3,0.0800781,0,0.0202967
79,435.149,15.4589,7,2,0.0800781,0,0.0138192
80,435.127,15.2652,7,2,0.0800781,0,0.0118036
81,435.117,13.8955,7,2,0.0712891,0,0.0111091
82,435.149,16.1227,7,2,0.0869141,0,0.0113861
83,435.127,14.0979,7,2,0.0703125,0,0.0136215
84,434.818,14.5876,7,2,0.078125,0,0.021099
85,435.149,13.9407,7,2,0.0703125,0,0.0209779
86,435.127,15.2836,7,2,0.0791016,0,0.0213552
87,435.149,16.1827,7,2,0.0859375,0,0.0212981
88,1009.59,16.4211,7,3,0.078125,0,0.0201596
89,435.127,16.1602,7,2,0.0869141,0,0.0182452
90,435.149,15.8967,7,2,0.0820312,0,0.0161283
91,435.053,16.3778,7,2,0.0878906,0,0.0131491
92,434.818,13.8356,7,2,0.0683594,0,0.0163396
93,435.149,14.8419,7,2,0.0761719,0,0.0294642
94,435.127,14.7312,7,2,0.0761719,0,0.0266853
95,435.151,15.024,7,2,0.0800781,0,0.0233359
96,435.149,15.6484,7,2,0.0839844,0,0.0185753
97,435.151,15.6688,8,2,0.0800781,0,0.0192636
98,435.127,16.1912,8,2,0.0830078,0,0.0134653
99,435.149,17.255,8,2,0.0869141,0,0.00956568
100,435.149,17.2737,8,2,0.0957031,0,0.0157439
101,435.151,16.2507,8,2,0.0849609,0,0.0296992
102,1011.31,18.4187,8,3,0.0927734,0,0.0253318
103,1008.92,15.0514,8,3,0.0693359,0,0.0214444
104,435.127,14.58,8,2,0.0732422,0,0.0267935
105,435.127,16.605,8,2,0.0917969,0,0.0103268
106,435.151,19.1779,8,2,0.105469,0,0.0113616
107,435.151,16.9493,8,2,0.0810547,0,0.0120614
108,435.149,16.5656,8,2,0.0839844,0,0.0115903
109,435.149,17.3028,8,2,0.0888672,0,0.0094738
110,1008.92,19.5419,8,3,0.106445,0,0.0102804
111,1010.79,17.1342,8,3,0.0908203,0,0.0150194
112,435.127,17.217,8,2,0.0888672,0,0.0217785
113,435.151,20.5032,8,2,0.118164,0,0.018091
114,435.151,16.6511,8,2,0.0898438,0,0.021307
115,435.117,18.2732,8,2,0.101562,0,0.0173011
116,435.151,20.0313,8,2,0.109375,0,0.0219394
117,435.151,18.7056,8,2,0.104492,0,0.0124706
118,435.151,19.51,8,2,0.115234,0,0.011418
119,1009.59,21.2203,8,3,0.117188,0,0.0129426
120,435.117,19.4279,8,2,0.111328,0,0.0116279
121,435.127,18.9917,8,2,0.101562,0,0.0101386
122,435.127,19.9006,8,2,0.110352,0,0.0121155
123,1011.78,20.7753,8,3,0.117188,0,0.0181365
124,1011.31,24.2154,8,3,0.135742,0,0.0216787
125,1843.9,23.7898,8,4,0.124023,0,0.02405
126,1008.92,20.6987,8,3,0.113281,0,0.0223203
127,1011.78,21.8291,9,3,0.129883,0,0.0193599
128,1006.68,23.1272,8,3,0.131836,0,0.0193996
129,1009.59,25.3833,8,3,0.147461,0,0.0157198
130,435.151,21.5197,8,2,0.116211,0,0.0101254
131,1008.92,22.5879,9,3,0.128906,0,0.0105922
132,435.149,22.4714,9,2,0.129883,0,0.0231741
133,1006.68,24.0844,9,3,0.135742,0,0.0202693
134,435.151,26.5298,9,2,0.162109,0,0.0222195
135,1008.92,25.9783,9,3,0.155273,0,0.0234423
136,435.149,25.5438,9,2,0.15625,0,0.0229801
137,435.127,24.0331,9,2,0.137695,0,0.0195086
138,1008.92,25.803,9,3,0.150391,0,0.0140877
139,435.149,26.0573,9,2,0.161133,0,0.0104785
140,435.151,26.2914,9,2,0.15332,0,0.0147019
141,1011.31,28.2804,9,3,0.162109,0,0.0235719
142,1008.92,27.1466,9,3,0.15625,0,0.023378
143,435.151,27.3935,9,2,0.164062,0,0.020833
144,435.151,23.8531,9,2,0.145508,0,0.0234111
145,435.151,27.216,9,2,0.15625,0,0.0209229
146,435.151,24.109,9,2,0.140625,0,0.0142056
147,1009.59,25.429,9,3,0.147461,0,0.0106122
148,435.151,30.8731,9,2,0.19043,0,0.0120016
149,435.127,28.8197,9,2,0.170898,0,0.0149174
150,1008.92,25.967,9,3,0.160156,0,0.0235113
151,1010.21,31.0404,9,3,0.185547,0,0.0243703
152,1004.1,28.947,9,3,0.185547,0,0.0261319
153,435.151,29.1812,9,2,0.1875,0,0.0235794
154,1009.59,31.7448,9,3,0.198242,0,0.0184968
155,1007.46,30.6897,9,3,0.182617,0,0.0206493
156,1010.21,32.2075,9,3,0.188477,0,0.00879492
157,1008.21,30.5088,9,3,0.189453,0,0.0210085
158,435.151,30.64,9,2,0.192383,0,0.0295144
159,1010.21,32.3799,9,3,0.21875,0,0.0333073
160,435.151,31.1007,9,2,0.204102,0,0.0249003
161,1008.92,33.8771,9,3,0.208008,0,0.0224525
162,435.151,31.1937,9,2,0.203125,0,0.0131659
163,1011.78,34.1732,9,3,0.214844,0,0.0126634
164,435.151,33.2956,9,2,0.210938,0,0.0142045
165,1008.92,36.9751,9,3,0.226562,0,0.0148117
166,1009.59,38.1147,10,3,0.245117,0,0.024268
167,435.151,33.501,9,2,0.21875,0,0.0243409
168,435.127,31.4316,9,2,0.189453,0,0.0191229
169,1010.21,37.1417,9,3,0.229492,0,0.0246137
170,1008.92,34.6136,9,3,0.220703,0,0.0202466
171,435.151,31.4271,9,2,0.201172,0,0.0152557
172,1008.92,33.2236,9,3,0.21582,0,0.0134569
173,435.149,34.944,9,2,0.230469,0,0.0128641
174,1008.92,40.5718,9,3,0.256836,0,0.0108762
175,435.151,31.7639,9,2,0.207031,0,0.0107821
176,1009.59,38.3258,9,3,0.227539,0,0.0241673
177,435.151,37.5311,9,2,0.244141,0,0.0246205
178,1009.59,36.7058,9,3,0.234375,0,0.0231601
179,1010.79,33.747,9,3,0.208984,0,0.024336
180,435.151,35.97,9,2,0.230469,0,0.0244545
181,1010.21,34.6099,9,3,0.220703,0,0.0225174
182,1011.78,37.2033,9,3,0.231445,0,0.0133751
183,1008.92,41.9135,10,3,0.273438,0,0.00863753
184,1009.59,33.9251,9,3,0.21875,0,0.0117509
185,1010.21,41.6523,9,3,0.256836,0,0.0216204
186,1010.21,41.0051,9,3,0.255859,0,0.0300509
187,435.151,37.6466,9,2,0.238281,0,0.0299465
188,435.151,32.8489,9,2,0.21582,0,0.0267199
189,1011.31,36.8376,10,3,0.238281,0,0.0213085
190,1011.31,37.6221,9,3,0.226562,0,0.0202369
191,435.151,37.0592,10,2,0.237305,0,0.013217
192,1009.59,38.8208,10,3,0.257812,0,0.0110341
193,1011.31,40.5254,10,3,0.253906,0,0.0241758
194,435.151,40.822,11,2,0.269531,0,0.0266438
195,1010.21,37.6763,10,3,0.251953,0,0.0266659
196,435.151,37.2469,10,2,0.248047,0,0.0266661
197,1011.78,41.6895,11,3,0.265625,0,0.0233311
198,1008.92,40.7306,10,3,0.260742,0,0.0233604
199,1008.92,45.2048,11,3,0.301758,0,0.0169764
200,1008.92,43.5084,10,3,0.27832,0,0.013203
201,1010.21,42.5244,11,3,0.265625,0,0.0120397
202,1004.1,41.7964,10,3,0.265625,0,0.0214994
203,1008.92,42.9731,11,3,0.267578,0,0.0328618
204,1008.92,41.5446,11,3,0.262695,0,0.0399998
205,435.151,40.8124,10,2,0.275391,0,0.0283143
206,1008.92,38.6197,10,3,0.24707,0,0.0176216
207,1008.92,44.6145,10,3,0.287109,0,0.0112605
208,1009.59,42.5507,11,3,0.274414,0,0.0115249
209,1009.59,40.0843,11,3,0.265625,0,0.0279747
210,435.151,44.2771,11,2,0.298828,0,0.0266621
211,435.151,43.7727,11,2,0.282227,0,0.0233617
212,1009.59,48.8541,11,3,0.316406,0,0.0233078
213,1843.9,45.5202,11,4,0.290039,0,0.0299976
214,435.151,44.4229,11,2,0.295898,0,0.0266686
215,435.151,44.9445,11,2,0.293945,0,0.0164675
216,435.151,40.0616,11,2,0.255859,0,0.0235488
217,1008.92,44.59,11,3,0.285156,0,0.0333272
218,1009.59,44.886,11,3,0.288086,0,0.026702
219,1011.78,46.2699,11,3,0.291992,0,0.0332598
220,435.151,41.8634,11,2,0.280273,0,0.0164089
221,1010.79,47.2516,11,3,0.299805,0,0.0140043
222,435.151,42.998,11,2,0.277344,0,0.0141372
223,1008.92,43.8621,11,3,0.28418,0,0.0173116
224,1009.59,46.2501,11,3,0.282227,0,0.0300112
225,1008.92,46.1846,10,3,0.293945,0,0.0381743
226,1843.9,51.4598,11,4,0.333008,0,0.0299763
227,1846.55,48.3447,11,4,0.302734,0,0.0180841
228,435.151,40.4061,11,2,0.273438,0,0.0130173
229,1011.31,47.7912,12,3,0.293945,0,0.0121303
230,1010.21,47.5343,11,3,0.308594,0,0.01161
231,435.151,40.1573,11,2,0.272461,0,0.0106851
232,1010.79,49.5073,11,3,0.310547,0,0.0145307
233,1011.31,47.188,10,3,0.291016,0,0.0266104
234,1008.92,43.2366,11,3,0.279297,0,0.0239015
235,1008.92,40.5167,11,3,0.271484,0,0.0261297
236,1841.02,47.6957,11,4,0.301758,0,0.0299973
237,1011.31,49.116,11,3,0.310547,0,0.0233394
238,1011.31,48.0199,12,3,0.314453,0,0.0233679
239,1843.9,47.2544,11,4,0.302734,0,0.0129521
240,1012.18,48.9396,11,3,0.3125,0,0.0248298
241,435.127,50.6596,12,2,0.335938,0,0.0210748
242,1011.31,46.7738,11,3,0.295898,0,0.0211127
243,1011.31,45.0376,11,3,0.291016,0,0.0248364
244,435.151,41.0161,11,2,0.268555,0,0.038476
245,1010.21,45.1027,11,3,0.28125,0,0.0207661
246,1010.79,41.8661,11,3,0.267578,0,0.0325533
247,1843.9,48.1087,12,4,0.301758,0,0.0266635
248,435.151,44.3368,12,2,0.308594,0,0.0300021
249,1008.92,47.3653,12,3,0.311523,0,0.0266632
250,435.151,43.8734,11,2,0.292969,0,0.0266708
251,1008.92,51.884,12,3,0.336914,0,0.0199765
252,435.151,50.6304,12,2,0.339844,0,0.0169358
253,1011.31,47.045,12,3,0.303711,0,0.0107356
254,1012.18,51.6164,12,3,0.337891,0,0.0223353
255,1009.59,49.1672,12,3,0.325195,0,0.0267164
256,1008.92,50.7373,12,3,0.320312,0,0.0332792
257,1008.92,48.2589,12,3,0.31543,0,0.0266785
258,1008.92,48.2792,12,3,0.316406,0,0.026637
259,1008.92,48.9108,12,3,0.322266,0,0.012201
260,435.151,48.6437,11,2,0.322266,0,0.0191154
261,1011.78,56.4731,12,3,0.353516,0,0.015376
262,1011.31,49.6145,12,3,0.306641,0,0.0399793
263,1008.92,46.5431,12,3,0.303711,0,0.0266547
264,435.151,47.5032,12,2,0.326172,0,0.0238721
265,435.151,46.0335,12,2,0.310547,0,0.0257668
266,1008.92,45.5849,12,3,0.297852,0,0.016466
267,1011.31,47.3916,12,3,0.302734,0,0.0162717
268,1009.59,50.2381,12,3,0.323242,0,0.0209372
269,1008.92,51.5683,12,3,0.331055,0,0.0300308
270,1004.99,48.3247,12,3,0.310547,0,0.0267126
271,435.151,50.3809,12,2,0.322266,0,0.0332877
272,1010.79,45.9362,12,3,0.292969,0,0.0238333
273,1008.92,51.6972,12,3,0.330078,0,0.0210215
274,1010.21,48.4064,12,3,0.30957,0,0.0251669
275,1008.92,47.8416,12,3,0.308594,0,0.0299709
276,1010.79,51.3177,12,3,0.327148,0,0.0300019
277,1008.92,47.9242,13,3,0.314453,0,0.0300186
278,1011.31,50.5515,12,3,0.333984,0,0.0230177
279,1008.92,51.4717,12,3,0.329102,0,0.0212829
280,435.151,46.5682,11,2,0.307617,0,0.0123859
281,1011.31,44.3379,11,3,0.287109,0,0.0201927
282,1005.85,47.1617,12,3,0.316406,0,0.0245855
283,1011.31,51.1486,12,3,0.328125,0,0.0210503
284,1009.59,52.3244,13,3,0.345703,0,0.0254316
285,1008.92,54.5233,13,3,0.364258,0,0.0237248
286,1008.92,47.4293,12,3,0.308594,0,0.0244956
287,1008.92,52.0909,13,3,0.334961,0,0.0231062
288,1008.92,48.8433,11,3,0.305664,0,0.0120433
289,1843.9,50.5344,13,4,0.330078,0,0.0250196
290,1009.59,48.0288,12,3,0.300781,0,0.024741
291,1845.26,52.9047,13,4,0.347656,0,0.0252662
292,1008.92,47.8285,12,3,0.305664,0,0.0268806
293,1008.92,48.0519,13,3,0.327148,0,0.0184707
294,1011.31,52.2376,13,3,0.322266,0,0.0242375
295,1008.92,49.7978,12,3,0.316406,0,0.0129111
296,435.151,50.6553,13,2,0.328125,0,0.0119174
297,435.151,49.2979,13,2,0.325195,0,0.0110197
298,1009.59,49.1018,13,3,0.305664,0,0.0215099
299,1008.92,55.7478,13,3,0.357422,0,0.0339731
300,1010.21,51.4416,13,3,0.321289,0,0.0393839
301,1010.79,47.5625,12,3,0.294922,0,0.0333263
302,1011.31,57.01,13,3,0.349609,0,0.011932
303,1008.92,49.897,13,3,0.313477,0,0.0117422
304,1008.92,49.8775,13,3,0.321289,0,0.0117752
305,1011.31,51.3509,13,3,0.339844,0,0.0245113
306,1004.99,50.8961,13,3,0.333984,0,0.0324424
307,435.151,49.9873,13,2,0.332031,0,0.0475594
308,1011.31,55.233,13,3,0.348633,0,0.0197542
309,1011.31,54.682,13,3,0.34082,0,0.0140962
310,1008.92,49.612,13,3,0.321289,0,0.0125558
311,1004.1,53.1548,13,3,0.335938,0,0.0123348
312,1002.23,52.9476,13,3,0.336914,0,0.0133972
313,1008.92,50.7533,13,3,0.308594,0,0.0179617
314,1843.9,53.3778,13,4,0.336914,0,0.0399331
315,1842.49,55.0952,13,4,0.339844,0,0.0363744
316,1005.85,52.5976,13,3,0.332031,0,0.037082
317,1003.18,51.4896,13,3,0.326172,0,0.0145334
318,1008.92,53.1733,13,3,0.330078,0,0.0121085
319,1009.59,55.3825,13,3,0.336914,0,0.0125932
320,1009.59,54.4064,13,3,0.34082,0,0.0159135
321,1007.46,56.7455,13,3,0.339844,0,0.0280668
322,1009.59,56.0162,14,3,0.335938,0,0.0299756
323,1009.59,58.0214,14,3,0.344727,0,0.0366647
324,1001.24,55.2676,15,3,0.335938,0,0.023347
325,1011.31,63.8848,15,3,0.364258,0,0.0177874
326,1010.21,58.8304,15,3,0.351562,0,0.0137818
327,1009.59,62.3473,15,3,0.360352,0,0.0250556
328,1008.21,55.2048,15,3,0.329102,0,0.0366974
329,1001.24,55.6591,15,3,0.316406,0,0.036665
330,1009.59,62.7261,17,3,0.361328,0,0.0317477
331,1010.21,64.8773,17,3,0.364258,0,0.027522
332,2668.24,70.532,17,5,0.366211,0,0.0199427
333,1843.9,71.1194,19,4,0.393555,0,0.0378625
334,2947.39,73.7016,19,5,0.395508,0,0.0378897
335,1007.46,73.122,19,3,0.376953,0,0.0330533
336,1839.49,76.4603,23,4,0.393555,0,0.0300448
337,1008.21,69.4799,19,3,0.365234,0,0.0183202
338,1819.76,74.7124,20,4,0.382812,0,0.0209872
339,1823.71,76.8402,22,4,0.379883,0,0.0407715
340,1837.92,73.7913,22,4,0.354492,0,0.0411832
341,2927.27,79.3534,26,5,0.373047,0,0.0418667
342,2897.56,81.0273,27,5,0.378906,0,0.0288236
343,1843.9,80.8952,28,4,0.383789,0,0.0333113
344,1010.21,83.562,30,3,0.373047,0,0.0400271
345,1005.85,83.7259,39,3,0.391602,0,0.04049
346,2535.16,85.7636,32,5,0.391602,0,0.0428269
347,1773.62,84.4977,41,4,0.398438,0,0.0248576
348,1010.21,86.748,50,3,0.385742,0,0.0234922
349,1000.23,82.2705,64,3,0.358398,0,0.0512579
350,1746.82,87.3784,101,4,0.363281,0,0.0537122
351,1008.21,89.7251,101,3,0.382812,0,0.0413241
352,1837.92,86.068,101,4,0.34668,0,0.0305669
353,1823.71,90.0808,101,4,0.373047,0,0.0635285
354,1002.23,89.5835,101,3,0.345703,0,0.0546744
355,1651.74,87.8515,101,4,0.348633,0,0.0335355
356,1819.76,95.8211,101,4,0.383789,0,0.0363612
357,1791.02,90.2504,101,4,0.350586,0,0.0499979
358,1012.18,94.5801,101,3,0.351562,0,0.0600008
359,1735.52,93.194,101,4,0.360352,0,0.0482219
360,1763.17,94.8989,101,4,0.359375,0,0.038476
361,1005.85,100.818,101,3,0.392578,0,0.0699674
362,1821.75,101.224,101,4,0.370117,0,0.0454729
363,1815.68,88.9096,101,4,0.299805,0,0.0412235
364,1823.71,95.5446,101,4,0.330078,0,0.0599729
365,1831.15,103.007,101,4,0.37207,0,0.0533278
366,995.918,91.9122,101,3,0.348633,0,0.0433364
367,1007.46,98.0336,101,3,0.351562,0,0.0382736
368,1008.21,101.555,101,3,0.358398,0,0.0384638
369,1829.35,100.385,101,4,0.360352,0,0.0732611
370,1004.99,95.4897,101,3,0.349609,0,0.0423398
371,1006.68,92.059,101,3,0.350586,0,0.0418732
372,1009.59,103.4,101,3,0.385742,0,0.07387
373,1831.15,99.7157,101,4,0.361328,0,0.0479268
374,1010.21,100.719,101,3,0.37207,0,0.0425878
375,1839.49,105.512,101,4,0.375,0,0.0588548
376,2853.13,100.779,101,5,0.369141,0,0.0550374
377,1009.59,97.1222,101,3,0.345703,0,0.0641413
378,2912.97,110.111,101,5,0.374023,0,0.0700655
379,1006.68,102.47,101,3,0.379883,0,0.0619223
380,1804.91,104.64,101,4,0.385742,0,0.0330394
381,1011.78,103.313,101,3,0.389648,0,0.0366474
382,1811.47,100.207,101,4,0.365234,0,0.071704
383,1005.85,108.814,101,3,0.418945,0,0.0475642
384,1825.63,109.962,101,4,0.40918,0,0.0388518
385,1004.99,101.078,101,3,0.37207,0,0.0369111
386,1807.12,100.611,101,4,0.374023,0,0.0511192
387,1846.55,104.492,101,4,0.365234,0,0.0604095
388,1817.74,117.054,101,4,0.40918,0,0.0402547
389,1827.51,108.282,101,4,0.398438,0,0.038669
390,1825.63,110.42,101,4,0.393555,0,0.05956
391,1008.92,111.999,101,3,0.44043,0,0.0533067
392,2853.13,111.228,101,5,0.429688,0,0.0396024
393,1843.9,116.496,101,4,0.435547,0,0.0504004
394,1817.74,113.445,101,4,0.443359,0,0.0633324
395,1011.78,119.153,101,3,0.450195,0,0.0500472
396,1821.75,110.065,101,4,0.436523,0,0.0399808
397,1674.61,119.715,101,4,0.483398,0,0.0629535
398,1795.76,113.156,101,4,0.451172,0,0.0612702
399,1008.92,112.988,101,3,0.426758,0,0.0372757
400,1825.63,115.958,101,4,0.463867,0,0.0417783
401,1008.21,111.043,101,3,0.436523,0,0.0824279
402,2921.69,122,101,5,0.474609,0,0.047546
403,1823.71,112.956,101,4,0.449219,0,0.0285592
404,2807.41,119.898,101,5,0.475586,0,0.0378496
405,1804.91,119.515,101,4,0.466797,0,0.0864931
406,1836.29,116.51,101,4,0.460938,0,0.0378403
407,1834.62,130.9,101,4,0.53125,0,0.0337524
408,2915.92,125.296,101,5,0.509766,0,0.0621694
409,1804.91,132.642,101,4,0.536133,0,0.04934
410,2795.37,126.356,101,5,0.500977,0,0.0545799
411,2740.66,127.285,101,5,0.521484,0,0.0391764
412,1817.74,128.624,101,4,0.539062,0,0.0575554
413,4028.62,127.45,101,6,0.519531,0,0.0491469
414,1809.31,127.278,101,4,0.542969,0,0.0368966
415,2863.89,137.22,101,5,0.576172,0,0.0600438
416,2811.38,141.257,101,5,0.603516,0,0.0475284
417,1817.74,131.549,101,4,0.569336,0,0.0564828
418,1798.09,125.504,101,4,0.526367,0,0.0592985
419,1845.26,128.423,101,4,0.525391,0,0.0566726
420,1825.63,140.733,101,4,0.587891,0,0.0377696
421,1832.91,139.779,101,4,0.615234,0,0.0360081
422,1821.75,134.997,101,4,0.582031,0,0.0595473
423,1763.17,131.735,101,4,0.560547,0,0.048992
424,1837.92,139.432,101,4,0.583008,0,0.0543471
425,4248.17,141.849,101,6,0.585938,0,0.0733079
426,2811.38,154.948,101,5,0.658203,0,0.0441817
427,2823.1,139.214,101,5,0.609375,0,0.0525392
428,1821.75,148.01,101,4,0.655273,0,0.0527531
429,1798.09,156.749,101,4,0.658203,0,0.0605252
430,2929.99,143.303,101,5,0.624023,0,0.0475689
431,2891.12,167.204,101,5,0.666016,0,0.0296712
432,4206.17,158.394,101,6,0.679688,0,0.0466285
433,1783.71,143.563,101,4,0.635742,0,0.0628401
434,2887.84,158.953,101,5,0.681641,0,0.0402932
435,4243.67,155.324,101,6,0.652344,0,0.0634914
436,4261.42,149.307,101,6,0.641602,0,0.0695022
437,1839.49,148.805,101,4,0.642578,0,0.0533858
438,3925.55,149.012,101,6,0.635742,0,0.0400058
439,1829.35,148.698,101,4,0.630859,0,0.0666133
440,1832.91,149.675,101,4,0.668945,0,0.0467398
441,2870.9,158.642,101,5,0.683594,0,0.0565947
442,2874.36,156.572,101,5,0.662109,0,0.0500252
443,3707.51,169.166,101,6,0.703125,0,0.0566654
444,2842.09,162.203,101,5,0.693359,0,0.0400315
445,2853.13,167.285,101,5,0.714844,0,0.0433046
446,2912.97,162.334,101,5,0.711914,0,0.0666435
447,5631.18,174.494,101,7,0.723633,0,0.0533552
448,3999.03,180.551,101,6,0.723633,0,0.031954
449,2799.41,170.7,105.663,5,0.75,1,0.0306484
450,2477.49,170.426,105.663,5,0.75,1,0.0519088
451,2887.84,171.996,106.306,5,0.760742,1,0.0596676
452,1811.47,169.329,102.835,4,0.746094,1,0.0405981
453,1842.49,170.881,101,4,0.737305,0,0.0418672
454,2884.52,179.231,101,5,0.729492,0,0.0533326
455,2877.78,158.509,101,5,0.683594,0,0.0533066
456,1804.91,179.863,101,4,0.749023,0,0.0331836
457,2887.84,192.78,105,5,0.786133,1,0.0321066
458,5797.97,184.855,101,7,0.740234,0,0.0715345
459,4171.38,187.922,107.538,6,0.791016,1,0.0515381
460,5771.56,208.197,101,7,0.799805,0,0.0304813
461,4063.27,201.423,108.709,6,0.835938,1,0.0594517
462,5134.88,200.807,109.829,7,0.84375,1,0.0560541
463,4220.53,212.256,109.275,6,0.855469,1,0.0390239
464,5879.4,226.98,109.275,7,0.888672,1,0.0579164
465,7236.2,211.02,110.371,8,0.862305,1,0.0559791
466,2757.91,215.122,111.937,5,0.913086,1,0.0480585
467,15791.4,216.774,111.425,11,0.879883,1,0.0746704
468,4129.59,214.61,110.903,6,0.868164,1,0.0440109
469,4294.66,213.135,109.829,6,0.855469,1,0.0399717
470,2897.56,233.822,112.44,5,0.942383,1,0.029167
471,2929.99,213.912,111.425,5,0.894531,1,0.0665552
472,2900.72,225.157,110.903,5,0.904297,1,0.0485999
473,4206.17,238.626,112.934,6,0.958008,1,0.035707
474,7429.74,255.429,112.934,8,0.988281,1,0.0708836
475,2803.43,217.398,109.275,5,0.888672,1,0.0544602
476,2870.9,240.374,114.366,5,0.99707,1,0.0312306
477,7593.39,253.129,113.419,8,0.972656,1,0.0361418
478,4181.49,242.422,111.937,6,0.957031,1,0.0533204
479,4124.23,257.776,112.934,6,0.988281,1,0.0530603
480,5885.37,249.221,112.934,7,0.980469,1,0.0440024
481,3919.27,247.566,113.897,6,0.981445,1,0.0662291
482,2906.93,245.414,113.897,5,0.983398,1,0.0571771
483,4201.3,260.164,113.897,6,1.0127,1,0.0551235
484,4161.13,243.368,112.934,6,0.977539,1,0.0443839
485,4215.78,261.194,115.729,6,1.02734,1,0.0689723
486,5758.13,261.094,115.282,7,1.02441,1,0.0348082
487,2803.43,243.177,114.366,5,0.992188,1,0.0388947
488,2909.97,274.672,114.366,5,1.03809,1,0.0342757
489,4229.91,282.003,115.282,6,1.06738,1,0.0693469
490,5340.83,286.687,117.865,7,1.10742,1,0.0565823
491,7584.59,277.695,116.603,8,1.04297,1,0.0404824
492,7391.97,286.186,114.828,8,1.0459,1,0.0699715
493,7021.28,313.846,117.45,8,1.11719,1,0.0552583
494,9322.12,336.891,117.03,9,1.13477,1,0.0481149
495,20639.1,333.337,116.17,12,1.13184,1,0.0832853
496,5681.8,298.356,116.603,7,1.12891,1,0.052085
497,11957.3,327.79,117.03,10,1.15234,1,0.0355319
498,9536.79,335.229,116.603,9,1.1748,1,0.0557021
499,5744.56,355.921,118.273,7,1.19727,1,0.0566641
500,27546.4,381.985,116.17,13,1.19727,1,0.0518955
501,10056.4,391.477,120.227,9,1.28906,1,0.0392389
502,12867.6,391.276,119.847,10,1.2793,1,0.0787887
503,7196.15,358.512,115.729,8,1.19043,1,0.0532859
504,7679.45,364.205,117.03,8,1.21582,1,0.048969
505,7712.81,368.051,118.675,8,1.22852,1,0.0711194
506,9382.71,431.073,125.938,9,1.36914,1,0.0612288
507,10114.9,456.966,121.334,9,1.3877,1,0.0430338
508,12596.7,418.998,124.072,10,1.34375,1,0.0358239
509,7256.07,403.073,123.415,8,1.34375,1,0.0765974
510,15884.9,474.066,127.099,11,1.40234,1,0.0533622
511,9525.12,470.422,126.815,9,1.4248,1,0.0447042
512,12279.6,502.807,137.17,10,1.49219,1,0.0552852
513,58760.5,618.661,137.17,15,1.55371,1,0.066633
514,12685.1,585.54,137.037,10,1.57031,1,0.0530958
515,11344.3,557.23,137.17,10,1.59277,1,0.0502144
516,15807,629.045,137.17,11,1.62598,1,0.0470851
517,20849.2,604.714,137.3,12,1.58789,1,0.0648207
518,28081.5,626.679,126.815,13,1.54395,1,0.0543182
519,55326.4,701.504,137.675,15,1.69336,1,0.036858
520,21378.7,675.541,136.624,12,1.66895,1,0.0701546
521,93515.2,848.091,138.363,16,1.82031,1,0.0735476
522,18375.4,814.453,138.469,12,1.87598,1,0.0499894
523,26569.2,870.555,136.764,13,1.81836,1,0.0725977
524,27906.6,908.689,329.58,13,1.95117,2,0.0721521
525,59830.7,1033.87,139.059,15,1.97656,1,0.0390368
526,55857.5,1078.41,138.675,15,1.96484,1,0.0722617
527,95892.8,1289.67,138.363,16,2.0332,1,0.0709142
528,164393,1611.16,343.722,17,2.22559,2,0.0472267
529,164517,1959.77,412.261,17,2.43945,2,0.0786636
530,1.09383e+06,2923.76,390.261,20,2.49609,2,0.0826215
531,1.68429e+07,65780.2,425.869,24,3.31934,2,0.0744168
532,1.34298e+08,965850,1757.8,27,6.53809,4,0.12301
533,1.34301e+08,1.5338e+06,7226.23,27,9.18555,8,0.120354
534,2.68525e+08,2.33088e+06,9696.83,28,10.0762,9,0.120684
535,1.34302e+08,1.52836e+06,9594.67,27,9.88379,9,0.141626
536,1.34303e+08,1.93529e+06,9708.01,27,9.95605,9,0.116502
537,2.68528e+08,2.44458e+06,11573.9,28,10.2852,10,0.161215
538,6.71901e+07,1.49631e+06,9211.3,26,9.65527,9,0.103303
539,2.68524e+08,1.74877e+06,9198.85,28,9.71387,9,0.127569
540,5.36968e+08,3.04279e+06,9796.23,29,10.2129,9,0.150345
541,2.68523e+08,2.93434e+06,7610.9,28,9.76172,8,0.138801
542,5.36963e+08,2.6499e+06,9774.39,29,10.0361,9,0.163434
543,1.07384e+09,3.41082e+06,9123.58,30,9.91602,9,0.129847
544,5.36969e+08,2.73927e+06,9297.69,29,9.95215,9,0.122998
545,2.68523e+08,2.16402e+06,11390.7,28,10.1553,10,0.116971
546,2.68525e+08,2.91214e+06,12265.9,28,10.5,10,0.160102
547,5.36972e+08,3.35659e+06,9394.74,29,9.88086,9,0.141873
548,5.36967e+08,3.00998e+06,9489.92,29,10.1709,9,0.138071
549,1.07385e+09,3.89332e+06,11344.3,30,10.1602,10,0.140509
550,2.68529e+08,4.21528e+06,9871.54,28,10.3584,9,0.162837
551,2.68526e+08,2.61704e+06,9334.3,28,9.98242,9,0.0951827
552,2.6852e+08,2.34507e+06,9021.76,28,9.93652,9,0.170321
553,2.68524e+08,3.70825e+06,10932.8,28,10.3164,10,0.163904
554,2.14759e+09,6.19772e+06,9730.28,31,10.2148,9,0.102641
555,4.29508e+09,7.95707e+06,7467.02,32,9.5,8,0.164581
556,5.36966e+08,4.34619e+06,9072.88,29,9.85352,9,0.160328
557,1.07385e+09,6.05223e+06,9617.6,30,10.168,9,0.138981
558,1.07385e+09,4.95022e+06,7775.38,30,9.96582,9,0.137358
559,5.36971e+08,3.84802e+06,7575.75,29,9.64355,8,0.145816
560,5.36973e+08,5.64306e+06,8530.59,29,9.86621,9,0.12803
561,4.29509e+09,1.18947e+07,7285.66,32,9.70312,8,0.149466
562,1.07385e+09,5.92203e+06,9442.57,30,9.99609,9,0.155209
563,2.68525e+08,4.41308e+06,8585.21,28,9.91797,9,0.124481
564,1.07384e+09,5.82609e+06,7712.81,30,9.9834,8,0.142941
565,1.07385e+09,5.45073e+06,9346.44,30,10.1504,9,0.147375
566,5.36962e+08,3.07705e+06,9322.12,29,9.85156,9,0.106697
567,4.29508e+09,8.52841e+06,7671.02,32,9.8584,8,0.151153
568,1.07384e+09,5.73316e+06,6751.5,30,9.45312,8,0.0937442
569,2.68523e+08,2.69789e+06,7145.48,28,9.16699,8,0.152066
570,5.36974e+08,5.19999e+06,6374.81,29,9.24023,8,0.0875492
571,1.07384e+09,5.88348e+06,9273.14,30,10.1494,9,0.175526
572,5.36955e+08,4.33481e+06,8461.81,29,9.80469,9,0.152217
573,5.3697e+08,6.84257e+06,9297.69,29,10.2627,9,0.147713
574,1.07385e+09,7.86337e+06,7745.53,30,10.1895,8,0.120063
575,4.29508e+09,9.04912e+06,7246.15,32,9.53516,8,0.146595
576,5.36967e+08,4.69054e+06,9454.45,29,10.2744,9,0.111235
577,1.07384e+09,8.14794e+06,8266.41,30,10.2051,9,0.128835
578,1.07384e+09,6.81693e+06,9198.85,30,10.3281,9,0.110447
579,1.07385e+09,7.70609e+06,7540.04,30,10.0977,8,0.159265
580,5.36967e+08,5.34446e+06,11856,29,10.9004,10,0.166936
581,8.59005e+09,1.55167e+07,12558.2,33,11.2324,10,0.154301
582,4.29508e+09,1.09525e+07,11482.8,32,10.8174,10,0.152383
583,1.07384e+09,8.53522e+06,11679,30,11.0537,10,0.144842
584,6.87196e+10,8.3427e+07,12141.5,36,10.9961,10,0.116673
585,2.14759e+09,1.32379e+07,12238.5,31,11.4795,10,0.142216
586,1.07385e+09,1.11436e+07,11797.5,30,11.0527,10,0.1529
587,4.29509e+09,1.88026e+07,15371.2,32,11.4541,11,0.126619
588,4.29507e+09,2.22177e+07,14806.8,32,11.5869,11,0.177769
589,1.718e+10,5.41733e+07,12545.3,34,11.3779,10,0.18044
590,4.29509e+09,2.15335e+07,15321.3,32,11.5293,11,0.138504
591,4.29509e+09,1.85512e+07,14025.5,32,11.3896,11,0.133964
592,8.59005e+09,2.68124e+07,11344.3,33,10.9482,10,0.166071
593,2.14759e+09,1.82615e+07,9796.23,31,11.0293,9,0.10731
594,8.59005e+09,3.46327e+07,12480.2,33,11.5801,10,0.164042
595,2.1476e+09,2.50677e+07,12583.9,31,11.4893,10,0.168587
596,8.59004e+09,3.38445e+07,12583.9,33,11.5312,10,0.113861
597,3.43599e+10,5.37808e+07,12960.8,35,11.5273,10,0.206159
598,8.59007e+09,5.02398e+07,19861.3,33,12.5332,12,0.177387
599,8.59005e+09,4.36019e+07,16083,33,12.3877,11,0.149314
600,4.29508e+09,2.629e+07,18117.1,32,12.3984,12,0.153295
601,1.718e+10,8.20564e+07,15900.4,34,12.292,11,0.17533
602,8.59006e+09,5.88606e+07,14981.3,33,11.9805,11,0.131328
603,1.718e+10,7.84597e+07,15486.6,34,12.251,11,0.152348
604,8.59006e+09,7.23521e+07,20386.9,33,12.833,12,0.171164
605,1.718e+10,6.75492e+07,15584.2,34,12.1045,11,0.169792
606,1.718e+10,6.83522e+07,19469.9,34,12.6836,12,0.127218
607,4.29508e+09,4.49178e+07,16127.8,32,12.4043,11,0.139472
608,1.718e+10,8.1223e+07,15759.9,34,12.1543,11,0.153379
609,1.718e+10,6.23015e+07,12545.3,34,11.6885,10,0.157157
610,8.59006e+09,5.24502e+07,12400.9,33,11.6133,10,0.119144
611,8.59005e+09,4.6344e+07,12634.8,33,11.832,10,0.180665
612,8.59007e+09,4.7363e+07,20423.4,33,12.8008,12,0.177302
613,8.59006e+09,4.89375e+07,17343.2,33,12.1768,12,0.125723
614,8.59006e+09,6.14156e+07,15551.8,33,12.0449,11,0.190732
615,8.59006e+09,6.28052e+07,15791.4,33,12.3545,11,0.162814
616,4.29509e+09,4.15263e+07,16053,32,12.2715,11,0.150272
617,8.59005e+09,4.74586e+07,16053,33,12.0312,11,0.170232
618,1.718e+10,5.38901e+07,15664.6,34,11.8076,11,0.169225
619,3.43599e+10,7.63659e+07,12183.3,35,11.3311,10,0.130048
620,8.59006e+09,4.26679e+07,15759.9,33,12.2539,11,0.156685
621,6.87196e+10,1.00867e+08,20692.2,36,12.8545,12,0.12822
622,3.43599e+10,1.11589e+08,16068,35,12.3232,11,0.168611
623,4.29508e+09,3.06283e+07,16053,32,12.1416,11,0.173471
624,1.718e+10,7.53537e+07,16127.8,34,12.1436,11,0.148155
625,8.59006e+09,6.93505e+07,15992.4,33,12.2354,11,0.185367
626,6.87196e+10,1.83358e+08,20146.3,36,12.71,12,0.167062
627,8.59005e+09,5.44405e+07,20052.1,33,12.8311,12,0.125687
628,8.59005e+09,5.85976e+07,12265.9,33,11.8408,10,0.190056
629,8.59006e+09,5.54312e+07,19764.6,33,12.5176,12,0.186641
630,4.29509e+09,4.13523e+07,16172.2,32,12.373,11,0.184717
631,1.718e+10,1.01958e+08,18776.8,34,12.6572,12,0.173309
632,8.59005e+09,6.22021e+07,14081.5,33,12.2715,11,0.158666
633,6.87196e+10,1.2626e+08,18672.1,36,12.4775,12,0.153454
634,4.39805e+12,4.39846e+09,27067.4,42,13.3008,13,0.173185
635,1.718e+10,9.67737e+07,39820.6,34,14.2715,14,0.150023
636,5.49756e+11,7.64381e+08,20386.9,39,13.1055,12,0.165724
637,3.43599e+10,2.17825e+08,26939.2,35,13.3818,13,0.17761
638,6.87196e+10,2.58052e+08,19706.2,36,13.2344,12,0.145929
639,6.87196e+10,2.85984e+08,26007.6,36,13.5684,13,0.206802
640,6.87196e+10,2.87643e+08,21019.6,36,13.167,12,0.203943
641,6.87196e+10,2.85118e+08,20692.2,36,13.3857,12,0.179923
642,3.43599e+10,1.41788e+08,20441.6,35,13.2969,12,0.198555
643,3.43599e+10,1.64827e+08,20814.6,35,13.4668,12,0.138699
644,3.43599e+10,2.02182e+08,20532,35,13.2715,12,0.166542
645,1.718e+10,1.42626e+08,18735,34,13.0566,12,0.175009
646,6.87196e+10,3.07212e+08,20239.6,36,13.3955,12,0.167911
647,6.87196e+10,2.39968e+08,25473.9,36,13.1758,13,0.160023
648,3.43599e+10,1.67389e+08,18776.8,35,13.1836,12,0.195047
649,5.49756e+11,1.01403e+09,26458.5,39,13.8496,13,0.191087
650,4.39805e+12,5.59985e+09,38361.6,42,14.7373,14,0.190504
651,8.59006e+09,1.51997e+08,27607.3,33,14.0303,13,0.160021
652,5.49756e+11,8.30962e+08,28062.3,39,14.2705,13,0.176144
653,6.87196e+10,3.42325e+08,59355.7,36,14.9492,15,0.201154
654,2.74878e+11,5.59616e+08,57794.5,38,14.9219,15,0.159299
655,1.37439e+11,4.16144e+08,37606.4,37,14.5264,14,0.166803
656,2.74878e+11,5.95156e+08,39281.3,38,14.9082,14,0.219955
657,6.87196e+10,4.00111e+08,26722.7,36,13.8311,13,0.168253
658,1.718e+10,2.70519e+08,27627.6,34,14.0625,13,0.194853
659,1.37439e+11,4.55995e+08,24187.3,37,13.5488,13,0.177835
660,2.74878e+11,9.91078e+08,39757.4,38,14.9541,14,0.215018
661,2.74878e+11,7.76119e+08,57000.5,38,15.001,15,0.164011
662,1.09951e+12,3.60967e+09,58087.5,40,15.2852,15,0.186978
663,8.79609e+12,1.00644e+10,38480,43,14.9248,14,0.201914
664,4.39805e+12,7.14752e+09,295709,42,17.2939,18,0.238701
665,5.49756e+11,3.43292e+09,295785,39,16.8613,18,0.257511
666,1.75922e+13,2.2139e+10,297973,44,17.083,18,0.226271
667,5.49756e+11,2.64053e+09,158993,39,16.9043,17,0.201954
668,2.19902e+12,4.35231e+09,92932.1,41,15.8975,16,0.18962
669,1.09951e+12,3.35501e+09,90909.8,40,16.0576,16,0.26372
670,2.19902e+12,4.47941e+09,94261.7,41,16.0508,16,0.259961
671,8.79609e+12,1.83035e+10,91663.1,43,15.7529,16,0.218199
672,2.74878e+11,2.48644e+09,58166.5,38,15.5107,15,0.158495
673,1.09951e+12,5.00776e+09,91565.8,40,15.5977,16,0.195532
674,2.19902e+12,7.9519e+09,37531.6,41,15.1455,14,0.218036
675,2.19902e+12,5.74538e+09,37878.3,41,14.9209,14,0.171093
676,2.19902e+12,6.8127e+09,38690.9,41,15.3125,14,0.255351
677,8.79609e+12,2.17037e+10,56860.6,43,15.7285,15,0.170999
678,4.39805e+12,1.10212e+10,37101.6,42,15.1768,14,0.238936
679,2.19902e+12,5.87622e+09,56804.4,41,15.5293,15,0.216204
680,1.09951e+12,7.5268e+09,34139.2,40,15.292,14,0.180508
681,4.39805e+12,1.29551e+10,38783.5,42,15.5693,14,0.211547
682,1.75922e+13,3.80717e+10,38503.6,44,15.5811,14,0.209084
683,2.81475e+14,3.03055e+11,55828.3,48,16.0361,15,0.219665
684,1.40737e+14,2.03041e+11,25165.4,47,15.2285,13,0.271612
685,8.79609e+12,4.5062e+10,92776.5,43,16.3711,16,0.233508
686,1.75922e+13,3.62945e+10,37976.1,44,15.5752,14,0.221193
687,8.79609e+12,2.64513e+10,15664.6,43,14.8184,11,0.215003
688,1.75922e+13,3.18644e+10,27788,44,15.4238,13,0.209907
689,8.79609e+12,2.78405e+10,11093,43,14.2656,10,0.208195
690,1.75922e+13,5.258e+10,10622,44,13.6729,10,0.241629
691,3.51844e+13,1.04154e+11,27647.8,45,15.5215,13,0.248697
692,8.79609e+12,2.5142e+10,16053,43,14.3877,11,0.206596
693,2.19902e+12,1.05808e+10,15992.4,41,14.7852,11,0.166052
694,8.79609e+12,2.31026e+10,19289.7,43,14.8203,12,0.242196
695,1.40737e+14,1.91494e+11,92336.1,47,16.127,16,0.241753
696,8.79609e+12,4.44059e+10,14824.4,43,15.2139,11,0.227628
697,1.75922e+13,3.44593e+10,19430,44,15.3086,12,0.217953
698,7.03687e+13,1.29158e+11,38966.9,46,16.0205,14,0.189896
699,7.03687e+13,8.57926e+10,20052.1,46,14.9111,12,0.23346
700,1.40737e+14,1.90186e+11,93055.9,47,17.3174,16,0.244431
701,2.81475e+14,3.66444e+11,1.08991e+06,48,18.707,20,0.280463
702,2.2518e+15,2.28198e+12,289820,51,18.0264,18,0.283405
703,1.40737e+14,4.12235e+11,1.09408e+06,47,19.4775,20,0.284572
704,2.81475e+14,4.15853e+11,4.24864e+06,48,19.9375,22,0.304828
705,1.40737e+14,2.94894e+11,2.14144e+06,47,19.1807,21,0.260872
706,1.1259e+15,1.40553e+12,1.09194e+06,50,19.1445,20,0.328816
707,7.03687e+13,2.17408e+11,8.44735e+06,46,20.0361,23,0.290315
708,7.03687e+13,1.85537e+11,1.09461e+06,46,19.1943,20,0.236715
709,2.81475e+14,5.231e+11,562136,48,18.1348,19,0.229639
710,3.51844e+13,1.01439e+11,1.09313e+06,45,18.5859,20,0.268685
711,1.75922e+13,9.34626e+10,557626,44,18.2793,19,0.259917
712,2.81475e+14,4.44291e+11,299377,48,18.0889,18,0.206022
713,2.81475e+14,5.19044e+11,2.14531e+06,48,19.0479,21,0.286388
714,2.81475e+14,5.65273e+11,1.09262e+06,48,18.8174,20,0.216971
715,3.51844e+13,1.17259e+11,4.24281e+06,45,19.0957,22,0.322018
716,2.81475e+14,5.54646e+11,563868,48,18.249,19,0.247535
717,7.03687e+13,2.25385e+11,299985,46,17.8799,18,0.231081
718,4.5036e+15,4.4896e+12,563232,52,18.0547,19,0.18897
719,1.40737e+14,3.98569e+11,8.44314e+06,47,20.2197,23,0.274269
720,1.1259e+15,1.17088e+12,560717,50,18.2549,19,0.255146
721,1.40737e+14,2.68694e+11,1.08514e+06,47,18.7646,20,0.227901
722,1.80144e+16,1.90666e+13,4.24964e+06,54,19.7607,22,0.265434
723,2.2518e+15,2.2221e+12,1.09013e+06,51,18.2959,20,0.236635
724,7.03687e+13,9.96995e+10,1.09279e+06,46,18.3428,20,0.220028
725,1.75922e+13,6.85342e+10,565032,44,18.3027,19,0.20369
726,1.75922e+13,5.25818e+10,565637,44,18.29,19,0.272946
727,5.6295e+14,8.19596e+11,301122,49,17.9551,18,0.259524
728,1.40737e+14,2.69147e+11,1.08955e+06,47,18.5986,20,0.253812
729,3.51844e+13,2.4073e+11,2.14712e+06,45,19.1309,21,0.270018
730,1.40737e+14,2.63743e+11,1.08629e+06,47,18.209,20,0.263318
731,2.81475e+14,3.86544e+11,163635,48,17.5947,17,0.250519
732,5.6295e+14,1.34691e+12,1.09036e+06,49,18.7207,20,0.296142
733,1.40737e+14,2.76911e+11,161739,47,17.5488,17,0.236396
734,5.6295e+14,1.17529e+12,157034,49,17.7803,17,0.296916
735,5.6295e+14,1.28796e+12,290077,49,17.624,18,0.216667
736,7.03687e+13,3.51025e+11,562829,46,18.3936,19,0.283357
737,5.6295e+14,1.24037e+12,163148,49,18.1797,17,0.230404
738,2.81475e+14,8.16989e+11,159397,48,17.2656,17,0.292931
739,2.81475e+14,7.70527e+11,559863,48,18.4766,19,0.221647
740,9.0072e+15,1.02012e+13,161704,53,17.6748,17,0.261005
741,7.03687e+13,1.8387e+11,58961.8,46,17.2197,15,0.27068
742,1.1259e+15,1.51274e+12,162951,50,17.8379,17,0.233023
743,1.1259e+15,2.17665e+12,1.09525e+06,50,19.4102,20,0.263687
744,5.6295e+14,1.17905e+12,1.09045e+06,49,19.2969,20,0.27331
745,4.5036e+15,8.4713e+12,3.3619e+07,52,21.4102,25,0.306625
746,1.40737e+14,5.6949e+11,561640,47,18.4961,19,0.246707
747,2.81475e+14,1.23319e+12,1.0912e+06,48,19.2061,20,0.241673
748,4.5036e+15,4.95082e+12,4.24281e+06,52,20.1758,22,0.283224
749,5.6295e+14,1.05081e+12,8.43945e+06,49,20.3271,23,0.278363
750,1.1259e+15,3.36956e+12,4.24386e+06,50,20.4521,22,0.292662
751,4.5036e+15,8.39459e+12,2.14447e+06,52,19.5527,21,0.305156
752,9.0072e+15,1.51778e+13,2.14212e+06,53,19.9346,21,0.255079
753,4.5036e+15,5.76253e+12,4.24313e+06,52,19.7881,22,0.353829
754,1.1259e+15,2.70022e+12,1.09013e+06,50,19.3477,20,0.269975
755,2.2518e+15,4.0264e+12,8.44576e+06,51,20.5742,23,0.266666
756,4.5036e+15,7.37926e+12,8.44787e+06,52,21.2266,23,0.236662
757,1.80144e+16,2.51376e+13,8.43864e+06,54,20.4121,23,0.260524
758,3.60288e+16,3.63501e+13,8.4464e+06,55,20.9414,23,0.269528
759,1.1259e+15,2.21216e+12,4.24776e+06,50,20.9092,22,0.251976
760,4.5036e+15,1.66987e+13,8.44812e+06,52,21.4248,23,0.294681
761,7.20576e+16,7.2427e+13,8.44874e+06,56,21.3379,23,0.31872
762,1.80144e+16,1.90887e+13,8.44756e+06,54,20.4463,23,0.311846
763,1.44115e+17,1.45082e+14,8.44203e+06,57,19.9854,23,0.225915
764,9.0072e+15,1.91043e+13,4.24602e+06,53,20.042,22,0.254603
765,3.60288e+16,3.69522e+13,2.1358e+06,55,19.2773,21,0.280507
766,4.5036e+15,1.58448e+13,2.13867e+06,52,19.1074,21,0.270869
767,1.80144e+16,2.0923e+13,2.13748e+06,54,19.5732,21,0.3175
768,1.80144e+16,2.81513e+13,1.08653e+06,54,19.1709,20,0.21338
769,4.5036e+15,6.00345e+12,2.13918e+06,52,19.3115,21,0.247526
770,2.2518e+15,4.68621e+12,2.14173e+06,51,19.3555,21,0.265149
771,2.81475e+14,9.88672e+11,4.23968e+06,48,19.6523,22,0.236791
772,1.1259e+15,1.55901e+12,1.08734e+06,50,18.5449,20,0.238918
773,9.0072e+15,1.14204e+13,2.14428e+06,53,19.4854,21,0.276036
774,5.6295e+14,9.83651e+11,4.24228e+06,49,19.5508,22,0.285553
775,1.1259e+15,1.84465e+12,295594,50,17.1357,18,0.253857
776,9.0072e+15,9.7745e+12,1.09271e+06,53,18.7354,20,0.266154
777,2.2518e+15,3.77639e+12,562829,51,18.0557,19,0.250019
778,9.0072e+15,9.6115e+12,1.0912e+06,53,18.7051,20,0.297928
779,2.81475e+14,1.74766e+12,1.0915e+06,48,19.4912,20,0.34536
780,2.2518e+15,5.10336e+12,2.14554e+06,51,20.0801,21,0.282531
781,9.0072e+15,1.37924e+13,2.14149e+06,53,19.9209,21,0.279901
782,3.60288e+16,3.82433e+13,4.24612e+06,55,20.4932,22,0.284117
783,3.60288e+16,6.01612e+13,4.24556e+06,55,20.4443,22,0.277433
784,1.1259e+15,4.01229e+12,2.14522e+06,50,19.6729,21,0.289876
785,2.2518e+15,7.35383e+12,8.43986e+06,51,21.2393,23,0.298845
786,2.8823e+17,3.56503e+14,2.14324e+06,58,19.8779,21,0.298571
787,7.20576e+16,7.43269e+13,4.24355e+06,56,20.501,22,0.314233
788,1.1259e+15,4.58029e+12,4.24747e+06,50,20.6699,22,0.274486
789,4.5036e+15,8.86191e+12,2.14414e+06,52,19.7646,21,0.266666
790,1.80144e+16,1.90443e+13,1.0871e+06,54,19.1738,20,0.243333
791,2.81475e+14,9.81911e+11,1.09089e+06,48,19.5107,20,0.296695
792,5.6295e+14,1.74217e+12,1.08253e+06,49,19.082,20,0.249996
793,5.6295e+14,2.44717e+12,563152,49,18.8945,19,0.203976
794,2.2518e+15,5.76619e+12,559992,51,18.8213,19,0.262422
795,4.5036e+15,1.02036e+13,1.08986e+06,52,19.6436,20,0.264098
796,1.1259e+15,1.89527e+12,164206,50,18.3574,17,0.299481
797,1.80144e+16,3.79232e+13,299581,54,18.5244,18,0.301858
798,7.20576e+16,1.05287e+14,2.14658e+06,56,20.4268,21,0.301447
799,1.1259e+15,4.90821e+12,8.44078e+06,50,20.5791,23,0.310025
800,7.20576e+16,7.76369e+13,4.24687e+06,56,20.7793,22,0.303356
801,3.60288e+16,5.35638e+13,2.14475e+06,55,20.4893,21,0.263358
802,4.5036e+15,7.49092e+12,565108,52,19.3057,19,0.25686
803,3.60288e+16,7.74653e+13,567131,55,19.6484,19,0.290582
804,9.0072e+15,1.89481e+13,566266,53,19.6094,19,0.258476
805,5.76461e+17,5.80399e+14,563152,59,19.5703,19,0.300681
806,1.80144e+16,2.31425e+13,297721,54,19.0918,18,0.273353
807,2.8823e+17,3.33384e+14,297025,58,18.9229,18,0.196687
808,4.5036e+15,1.32204e+13,164331,52,18.4287,17,0.269932
809,7.20576e+16,7.53645e+13,298963,56,18.9023,18,0.286731
810,3.60288e+16,3.9827e+13,1.09004e+06,55,19.1006,20,0.266982
811,3.60288e+16,4.57707e+13,2.14285e+06,55,20.0176,21,0.293069
812,2.8823e+17,3.15072e+14,562464,58,18.9609,19,0.246587
813,9.0072e+15,2.76059e+13,1.08918e+06,53,19.8467,20,0.213851
814,1.44115e+17,1.69828e+14,296579,57,18.7754,18,0.276141
815,5.6295e+14,4.20026e+12,1.08854e+06,49,19.623,20,0.277192
816,1.80144e+16,4.47923e+13,2.13969e+06,54,19.6855,21,0.349473
817,1.1259e+15,3.83294e+12,4.24423e+06,50,20.1045,22,0.266707
818,3.60288e+16,1.02417e+14,1.09111e+06,55,19.8516,20,0.275627
819,2.8823e+17,2.87366e+14,2.14319e+06,58,20.1025,21,0.217041
820,7.20576e+16,7.27095e+13,8.4475e+06,56,22.2812,23,0.36406
821,2.2518e+15,1.08424e+13,1.68296e+07,51,22.3682,24,0.226578
822,2.8823e+17,3.93857e+14,3.36213e+07,58,24.0049,25,0.346678
823,1.80144e+16,4.27412e+13,1.68369e+07,54,22.7637,24,0.331632
824,1.44115e+17,1.49367e+14,3.36158e+07,57,23.2441,25,0.291727
825,7.20576e+16,1.10811e+14,1.6835e+07,56,22.7158,24,0.311822
826,9.0072e+15,3.68282e+13,1.68398e+07,53,22.8418,24,0.247066
827,2.8823e+17,4.97211e+14,8.4456e+06,58,22.6367,23,0.337725
828,1.80144e+16,6.55336e+13,6.71794e+07,54,24.748,26,0.333397
829,1.44115e+17,1.86464e+14,6.71791e+07,57,23.9131,26,0.32183
830,3.60288e+16,4.17346e+13,1.68386e+07,55,22.832,24,0.298151
831,1.44115e+17,1.7696e+14,1.6844e+07,57,23.1533,24,0.318468
832,2.30584e+18,2.33863e+15,1.34296e+08,61,24.6934,27,0.331535
833,5.76461e+17,7.36463e+14,6.71795e+07,59,24.7148,26,0.330223
834,7.20576e+16,2.51941e+14,2.68511e+08,56,25.0977,28,0.349384
835,2.36118e+21,2.306e+18,6.71795e+07,71,24.8076,26,0.370358
836,3.60288e+16,2.1047e+14,2.68521e+08,55,26.6152,28,0.332385
837,9.22337e+18,9.78462e+15,1.34288e+08,63,24.9844,27,0.421252
838,2.8823e+17,6.9806e+14,6.71916e+07,58,24.6924,26,0.376356
839,9.22337e+18,1.2876e+16,6.71777e+07,63,24.8584,26,0.345891
840,1.15292e+18,2.0334e+15,5.36955e+08,60,26.7852,29,0.444547
841,7.20576e+16,1.77935e+14,3.36139e+07,56,23.9668,25,0.286275
842,1.44115e+17,1.94692e+14,1.34298e+08,57,25.7012,27,0.368443
843,1.15292e+18,1.96779e+15,5.36953e+08,60,26.292,29,0.35823
844,2.8823e+17,4.33481e+14,1.34292e+08,58,25.2549,27,0.294943
845,1.15292e+18,1.546e+15,6.71707e+07,60,24.5098,26,0.367327
846,2.30584e+18,2.44728e+15,1.68333e+07,61,23.6592,24,0.285753
847,3.68935e+19,3.61258e+16,3.36167e+07,65,24.1797,25,0.350654
848,1.15292e+18,1.45247e+15,6.71715e+07,60,24.7607,26,0.320449
849,9.22337e+18,9.77028e+15,1.68392e+07,63,23.2773,24,0.302031
850,1.15292e+18,2.30284e+15,1.68304e+07,60,22.46,24,0.35205
851,1.44115e+17,2.96928e+14,4.24888e+06,57,22.292,22,0.331874
852,5.76461e+17,6.54391e+14,1.68347e+07,59,22.585,24,0.368211
853,3.60288e+16,1.6136e+14,6.71659e+07,55,24.1074,26,0.339985
854,5.76461e+17,1.67487e+15,1.6836e+07,59,22.8721,24,0.303359
855,5.76461e+17,6.6767e+14,8.44549e+06,59,22.3408,23,0.396843
856,1.84467e+19,1.90083e+16,1.68357e+07,64,23.3691,24,0.324905
857,2.30584e+18,3.85408e+15,6.71771e+07,61,24.9756,26,0.358725
858,9.22337e+18,1.28066e+16,6.71769e+07,63,23.9551,26,0.372867
859,2.30584e+18,3.16434e+15,1.34282e+08,61,25.4043,27,0.40737
860,1.84467e+19,1.95241e+16,6.71791e+07,64,24.2119,26,0.369259
861,9.22337e+18,1.01912e+16,6.71673e+07,63,24.1191,26,0.341139
862,5.76461e+17,1.30582e+15,1.34282e+08,59,24.5381,27,0.398366
863,3.68935e+19,3.99691e+16,3.36189e+07,65,23.4668,25,0.345506
864,2.8823e+17,7.73146e+14,3.36095e+07,58,23.3086,25,0.358321
865,9.22337e+18,1.0913e+16,3.36099e+07,63,23.0312,25,0.356647
866,1.15292e+18,1.67578e+15,3.3615e+07,60,23.2373,25,0.316661
867,1.84467e+19,2.11322e+16,6.7175e+07,64,24.1611,26,0.350048
868,1.47574e+20,1.44673e+17,3.36153e+07,67,22.2666,25,0.323723
869,2.8823e+17,5.7364e+14,1.68336e+07,58,21.8789,24,0.311108
870,2.30584e+18,5.85318e+15,3.36185e+07,61,22.7656,25,0.30898
871,4.61169e+18,5.90238e+15,1.68301e+07,62,22.0869,24,0.362813
872,2.8823e+17,1.00424e+15,2.14609e+06,58,21.1963,21,0.322666
873,3.60288e+16,1.41186e+14,8.44314e+06,55,21.6523,23,0.325418
874,5.76461e+17,1.25001e+15,4.24657e+06,59,21.6973,22,0.31122
875,7.3787e+19,1.1729e+17,2.14207e+06,66,20.3848,21,0.324824
876,2.30584e+18,3.08676e+15,1.68414e+07,61,22.7578,24,0.359223
877,2.30584e+18,4.07886e+15,2.14207e+06,61,20.9014,21,0.419979
878,5.90296e+20,5.99106e+17,3.36119e+07,69,23.2256,25,0.336701
879,2.36118e+21,2.34941e+18,3.36165e+07,71,23.4932,25,0.371073
880,5.76461e+17,9.89188e+14,3.36255e+07,59,23.6143,25,0.352225
881,5.76461e+17,9.95756e+14,3.36196e+07,59,23.2217,25,0.356667
882,1.84467e+19,3.82649e+16,8.44603e+06,64,22.3291,23,0.380003
883,7.3787e+19,7.97614e+16,1.68409e+07,66,22.1875,24,0.326711
884,1.15292e+18,1.61551e+15,562300,60,19.4443,19,0.326759
885,4.61169e+18,5.30083e+15,1.09e+06,62,20.0898,20,0.264171
886,1.15292e+18,3.19972e+15,1.68372e+07,60,22.248,24,0.363375
887,7.3787e+19,1.08707e+17,4.24323e+06,66,21.2646,22,0.368792
888,4.61169e+18,6.20992e+15,8.4427e+06,62,21.8779,23,0.363619
889,2.30584e+18,2.5442e+15,296278,61,19.9004,18,0.370678
890,1.15292e+18,1.62142e+15,1.68316e+07,60,22.3613,24,0.326327
891,1.15292e+18,3.51327e+15,3.36166e+07,60,23.1797,25,0.356886
892,2.8823e+17,6.27651e+14,3.36184e+07,58,22.8711,25,0.330024
893,2.95148e+20,2.89863e+17,3.36049e+07,68,22.7158,25,0.335877
894,1.84467e+19,2.54385e+16,6.717e+07,64,23.7197,26,0.363456
895,2.95148e+20,2.89132e+17,3.36174e+07,68,23.3379,25,0.33336
896,7.3787e+19,8.37722e+16,6.71785e+07,66,23.6104,26,0.346623
897,1.15292e+18,2.52268e+15,1.68385e+07,60,22.7959,24,0.360714
898,7.3787e+19,7.24859e+16,1.68381e+07,66,22.1963,24,0.352212
899,5.76461e+17,1.40376e+15,2.14433e+06,59,20.5791,21,0.372547
900,1.80144e+16,6.70879e+13,4.24516e+06,54,20.3545,22,0.378233
901,2.8823e+17,8.57521e+14,4.2399e+06,58,20.9814,22,0.343328
902,7.20576e+16,1.41176e+14,8.43758e+06,56,21.0322,23,0.312869
903,2.30584e+18,4.67946e+15,4.24712e+06,61,20.6699,22,0.316189
904,9.44473e+21,9.23261e+18,8.44436e+06,73,21.7354,23,0.327285
905,2.30584e+18,3.22871e+15,3.36178e+07,61,23.9189,25,0.367158
906,1.15292e+18,1.80081e+15,4.24839e+06,60,21.7207,22,0.318835
907,2.36118e+21,2.30781e+18,3.36132e+07,71,22.2988,25,0.330632
908,4.61169e+18,5.88811e+15,1.68345e+07,62,22.2383,24,0.299993
909,7.3787e+19,7.27011e+16,163922,66,18.4326,17,0.321639
910,2.30584e+18,4.25345e+15,4.23935e+06,61,20.7188,22,0.321155
911,2.30584e+18,3.21321e+15,4.24137e+06,61,21.0625,22,0.303884
912,1.44115e+17,5.32991e+14,4.24712e+06,57,21.3955,22,0.298451
913,7.3787e+19,7.79336e+16,2.14309e+06,66,20.3008,21,0.308179
914,5.76461e+17,9.6672e+14,294032,59,19.583,18,0.316164
915,2.30584e+18,2.80543e+15,160337,61,18.668,17,0.330571
916,1.18059e+21,1.15553e+18,1.09141e+06,70,20.5312,20,0.279997
917,1.18059e+21,1.15771e+18,4.24587e+06,70,21.2061,22,0.323274
918,9.22337e+18,2.69938e+16,56888.7,63,18.5947,15,0.306684
919,7.20576e+16,3.62311e+14,92113.4,56,18.5381,16,0.29495
920,2.8823e+17,1.55328e+15,163083,58,19.3994,17,0.315537
921,1.15292e+18,2.90285e+15,93666.4,60,18.7471,16,0.28447
922,7.3787e+19,8.97816e+16,91500.8,66,18.7441,16,0.29725
923,1.84467e+19,1.95233e+16,294545,64,19.5176,18,0.242532
924,4.61169e+18,1.06456e+16,560844,62,19.627,19,0.348568
925,4.61169e+18,6.69157e+15,2.14285e+06,62,20.0215,21,0.310032
926,3.68935e+19,5.77771e+16,2.14256e+06,65,20.9033,21,0.266609
927,4.61169e+18,6.44475e+15,560035,62,20.2959,19,0.316725
928,1.47574e+20,1.45961e+17,1.09045e+06,67,21.3145,20,0.319972
929,2.30584e+18,7.3996e+15,2.14484e+06,61,20.958,21,0.363529
930,4.61169e+18,7.74616e+15,4.24397e+06,62,21.1514,22,0.240548
931,1.15292e+18,2.53609e+15,2.14522e+06,60,20.9297,21,0.328472
932,5.76461e+17,1.73262e+15,2.14442e+06,59,20.7568,21,0.290846
933,7.3787e+19,7.9339e+16,1.08682e+06,66,20.5381,20,0.292599
934,4.61169e+18,8.32035e+15,8.44479e+06,62,21.8105,23,0.322363
935,5.90296e+20,5.78368e+17,2.14193e+06,69,20.585,21,0.359553
936,4.72237e+21,4.96381e+18,4.24244e+06,72,21.0889,22,0.321667
937,2.30584e+18,3.2447e+15,8.44375e+06,61,21.332,23,0.312131
938,7.3787e+19,7.55851e+16,1.6831e+07,66,21.9141,24,0.355964
939,2.36118e+21,2.33487e+18,1.68387e+07,71,22.0908,24,0.322399
940,1.84467e+19,2.18112e+16,2.14266e+06,64,20.1182,21,0.331563
941,7.3787e+19,7.9368e+16,35730.2,66,17.5264,14,0.308427
942,1.47574e+20,1.53706e+17,1.09031e+06,67,20.4229,20,0.288036
943,1.47574e+20,2.82811e+17,294936,67,19.75,18,0.382441
944,3.68935e+19,4.98923e+16,559039,65,20.2832,19,0.318896
945,2.30584e+18,3.78031e+15,561723,61,20.2559,19,0.313486
946,7.3787e+19,1.32516e+17,91695.5,66,19.3818,16,0.308561
947,1.84467e+19,3.32046e+16,56549.7,64,19.7031,15,0.339224
948,7.3787e+19,7.89376e+16,2.14109e+06,66,21.3057,21,0.421205
949,1.84467e+19,2.06516e+16,8.44719e+06,64,21.7852,23,0.314752
950,2.30584e+18,8.27855e+15,1.68357e+07,61,22.7734,24,0.339671
951,4.61169e+18,5.20039e+15,2.14256e+06,62,21.2812,21,0.330312
952,2.95148e+20,3.61533e+17,4.24423e+06,68,21.4551,22,0.35333
953,9.22337e+18,2.21091e+16,2.14237e+06,63,21.3516,21,0.316612
954,9.22337e+18,1.4768e+16,1.68366e+07,63,23.3535,24,0.373385
955,1.84467e+19,2.5649e+16,1.68333e+07,64,22.4717,24,0.328836
956,1.15292e+18,2.82066e+15,8.44331e+06,60,22.6328,23,0.357854
957,7.3787e+19,7.78928e+16,8.44225e+06,66,23.3418,23,0.350022
958,3.68935e+19,9.39446e+16,1.68386e+07,65,23.8945,24,0.377056
959,3.68935e+19,7.00014e+16,3.36167e+07,65,23.8076,25,0.386249
960,9.22337e+18,2.33698e+16,3.36213e+07,63,23.8008,25,0.364663
961,9.22337e+18,1.15717e+16,3.36155e+07,63,23.5254,25,0.345569
962,1.84467e+19,2.94916e+16,6.71759e+07,64,24.3584,26,0.369726
963,2.95148e+20,3.43561e+17,3.3621e+07,68,23.9062,25,0.360044
964,1.84467e+19,6.7021e+16,8.44219e+06,64,22.5264,23,0.340506
965,1.47574e+20,1.64216e+17,4.24505e+06,67,22.4033,22,0.284682
966,9.22337e+18,4.44741e+16,2.13877e+06,63,21.584,21,0.331527
967,1.47574e+20,1.96796e+17,2.14153e+06,67,21.3896,21,0.293287
968,3.68935e+19,4.21977e+16,1.3429e+08,65,24.5801,27,0.357153
969,7.3787e+19,1.81496e+17,6.71749e+07,66,23.4873,26,0.359978
970,9.44473e+21,1.15336e+19,4.24556e+06,73,21.8027,22,0.300631
971,2.36118e+21,2.37605e+18,559691,71,20.6504,19,0.323636
972,3.68935e+19,6.74891e+16,4.24297e+06,65,21.4502,22,0.361935
973,9.44473e+21,9.65255e+18,563272,73,21.2334,19,0.343312
974,1.47574e+20,2.69159e+17,562991,67,21.1475,19,0.290072
975,1.47574e+20,1.72518e+17,566046,67,21.501,19,0.353263
976,2.36118e+21,2.6428e+18,91468.2,71,20.5742,16,0.299997
977,1.84467e+19,3.6048e+16,53519,64,19.3359,15,0.313245
978,4.61169e+18,9.25205e+15,26896.2,62,18.1797,13,0.304512
979,1.47574e+20,2.05901e+17,57954.9,67,19.5439,15,0.335555
980,7.3787e+19,1.14538e+17,55740.4,66,19.1455,15,0.310092
981,9.22337e+18,1.31653e+16,55799,63,18.8115,15,0.295132
982,4.61169e+18,1.03751e+16,294702,62,20.4678,18,0.313919
983,2.95148e+20,2.97062e+17,161807,68,19.2041,17,0.290979
984,5.76461e+17,1.02237e+15,27906.6,59,18.291,13,0.246628
985,4.61169e+18,5.91351e+15,91792.4,62,19.0303,16,0.31102
986,2.95148e+20,4.1416e+17,556907,68,20.4131,19,0.30614
987,1.15292e+18,2.48834e+15,563112,60,20.4639,19,0.292228
988,1.84467e+19,2.14477e+16,1.09367e+06,64,20.7334,20,0.294029
989,4.61169e+18,1.02021e+16,1.68284e+07,62,21.7402,24,0.30042
990,5.90296e+20,6.03509e+17,3.36192e+07,69,22.8594,25,0.341848
991,7.3787e+19,7.70261e+16,3.36158e+07,66,22.6562,25,0.404956
992,5.90296e+20,6.23734e+17,1.68314e+07,69,20.8994,24,0.32491
993,3.68935e+19,3.93744e+16,1.68431e+07,65,21.7754,24,0.39643
994,1.18059e+21,1.17402e+18,1.68396e+07,70,21.7539,24,0.32372
995,2.95148e+20,2.93461e+17,3.36135e+07,68,22.2432,25,0.337523
996,1.47574e+20,2.25388e+17,8.44582e+06,67,21.4434,23,0.350027
997,9.22337e+18,1.6254e+16,3.36079e+07,63,21.2812,25,0.356321
998,9.22337e+18,1.56921e+16,3.3614e+07,63,21.585,25,0.319561
999,3.68935e+19,4.11092e+16,3.36165e+07,65,22.4678,25,0.312445
1000,1.47574e+20,1.50128e+17,1.68372e+07,67,22.0117,24,0.304527
1001,7.3787e+19,1.10115e+17,3.36198e+07,66,23.626,25,0.350421
1002,3.68935e+19,6.51935e+16,1.3429e+08,65,24.6855,27,0.330958
1003,7.3787e+19,1.89918e+17,2.68508e+08,66,25.8037,28,0.375728
1004,1.18059e+21,1.19242e+18,6.71753e+07,70,24.0107,26,0.35107
1005,7.3787e+19,8.33637e+16,2.68508e+08,66,25.5723,28,0.339211
1006,1.18059e+21,1.25973e+18,1.34293e+08,70,25.2334,27,0.331722
1007,1.20893e+24,1.18313e+21,2.68511e+08,80,26.5508,28,0.363703
1008,2.36118e+21,2.36441e+18,5.3696e+08,71,27.377,29,0.467641
1009,1.84467e+19,4.30289e+16,6.71729e+07,64,24,26,0.318165
1010,1.84467e+19,3.47391e+16,1.34285e+08,64,24.9141,27,0.328743
1011,2.95148e+20,7.58527e+17,1.34297e+08,68,25.1104,27,0.356947
1012,1.18059e+21,1.35808e+18,6.71866e+07,70,24.3652,26,0.342922
1013,7.3787e+19,1.55543e+17,1.34289e+08,66,24.833,27,0.426917
1014,9.44473e+21,9.30899e+18,6.71803e+07,73,24.0938,26,0.399658
1015,4.61169e+18,7.9675e+15,3.36257e+07,62,22.8438,25,0.343282
1016,1.47574e+20,1.53771e+17,6.71762e+07,67,23.7793,26,0.411319
1017,3.68935e+19,6.3517e+16,1.34286e+08,65,24.4814,27,0.31177
1018,5.90296e+20,6.20675e+17,1.34288e+08,69,24.0049,27,0.333657
1019,4.72237e+21,9.26642e+18,1.07382e+09,72,26.875,30,0.409918
1020,2.36118e+21,4.22434e+18,2.68518e+08,71,26.1279,28,0.381762
1021,2.36118e+21,3.41558e+18,2.68503e+08,71,25.4258,28,0.333272
1022,2.95148e+20,5.97188e+17,5.36945e+08,68,26.6152,29,0.381655
1023,9.44473e+21,1.16647e+19,1.07382e+09,73,27.0234,30,0.400002
1024,4.72237e+21,1.32572e+19,1.07383e+09,72,27.8828,30,0.429096
1025,2.36118e+21,5.60002e+18,5.36958e+08,71,26.9385,29,0.428093
1026,2.36118e+21,2.84169e+18,1.07382e+09,71,27.2793,30,0.396169
1027,1.88895e+22,1.89604e+19,1.34291e+08,74,25.1162,27,0.431201
1028,1.18059e+21,2.4708e+18,2.68516e+08,70,25.8252,28,0.377786
1029,2.36118e+21,3.35696e+18,1.34289e+08,71,25.4658,27,0.422083
1030,1.20893e+24,1.18846e+21,5.36955e+08,80,26.3564,29,0.425551
1031,2.36118e+21,4.33878e+18,2.68517e+08,71,26.1504,28,0.396642
1032,1.88895e+22,2.03283e+19,6.71789e+07,74,24.7148,26,0.385515
1033,1.18059e+21,3.82955e+18,3.36167e+07,70,23.6875,25,0.373494
1034,9.44473e+21,9.61594e+18,1.68305e+07,73,22.9404,24,0.396245
1035,1.47574e+20,5.60019e+17,56748,67,20.4209,15,0.381444
1036,9.44473e+21,1.06588e+19,1.09049e+06,73,21.998,20,0.340096
1037,1.51116e+23,1.48408e+20,6.71688e+07,77,24.2881,26,0.399952
1038,9.44473e+21,1.20866e+19,8.43488e+06,73,22.8545,23,0.379999
1039,7.55579e+22,7.43756e+19,4.24039e+06,76,21.9365,22,0.396613
1040,1.18059e+21,1.78519e+18,553438,70,20.5371,19,0.355626
1041,5.90296e+20,1.19831e+18,161944,69,20.1943,17,0.344378
1042,1.47574e+20,3.2472e+17,3.36156e+07,67,23.7646,25,0.42005
1043,7.55579e+22,7.60594e+19,3.36131e+07,76,23.8887,25,0.366224
1044,9.67141e+24,9.6596e+21,2.14758e+09,83,29.7148,31,0.412365
1045,1.51116e+23,2.07266e+20,6.87196e+10,77,32.3584,36,0.464699
1046,6.04463e+23,8.94083e+20,1.718e+10,79,32.3457,34,0.487739
1047,3.02231e+23,3.14352e+20,8.59004e+09,78,31.8262,33,0.465607
1048,3.77789e+22,4.34693e+19,1.718e+10,75,30.9766,34,0.482194
1049,3.02231e+23,3.90526e+20,4.29506e+09,78,29.4053,32,0.481609
1050,2.41785e+24,2.45432e+21,8.59003e+09,81,31.2012,33,0.444655
1051,1.88895e+22,4.53372e+19,3.43598e+10,74,32.8369,35,0.531386
1052,1.93428e+25,1.89485e+22,4.29506e+09,84,30.6543,32,0.451503
1053,4.72237e+21,8.88004e+18,1.718e+10,72,33.3037,34,0.502889
1054,3.77789e+22,4.65244e+19,3.43599e+10,75,33.6162,35,0.647911
1055,7.55579e+22,8.42316e+19,4.29505e+09,76,30.5117,32,0.481202
1056,2.36118e+21,8.42117e+18,8.59004e+09,71,32.0889,33,0.560002
1057,4.72237e+21,1.64683e+19,8.59003e+09,72,31.9463,33,0.46676
1058,3.02231e+23,3.039e+20,8.59001e+09,78,30.8701,33,0.523185
1059,3.77789e+22,5.20623e+19,3.43598e+10,75,32.8027,35,0.480022
1060,4.72237e+21,6.21057e+18,4.29505e+09,72,30.7256,32,0.433798
1061,7.55579e+22,9.46168e+19,8.59003e+09,76,31.3057,33,0.476183
1062,4.72237e+21,9.92309e+18,4.29506e+09,72,30.5918,32,0.491532
1063,1.88895e+22,2.5516e+19,4.29506e+09,74,30.5,32,0.471816
1064,3.86856e+25,3.78059e+22,2.14757e+09,85,30.25,31,0.505677
1065,1.54743e+26,3.04601e+23,1.07384e+09,87,29.29,30,0.48105
1066,9.44473e+21,3.02388e+19,2.14756e+09,73,28.9395,31,0.489656
1067,9.67141e+24,9.50417e+21,1.07383e+09,83,28.667,30,0.50225
1068,2.41785e+24,2.37035e+21,6.71776e+07,81,24.8955,26,0.387557
1069,1.18059e+21,2.34162e+18,3.36133e+07,70,23.4229,25,0.392078
1070,7.55579e+22,8.72024e+19,5.36926e+08,76,27.4033,29,0.442524
1071,2.41785e+24,3.55192e+21,8.59001e+09,81,30.7334,33,0.567658
1072,1.51116e+23,2.57653e+20,2.14755e+09,77,29.0859,31,0.460529
1073,9.67141e+24,9.47754e+21,4.29506e+09,83,30.1025,32,0.539406
1074,6.04463e+23,5.93663e+20,2.14758e+09,79,29.8916,31,0.544924
1075,1.88895e+22,4.31946e+19,1.718e+10,74,32.2217,34,0.523071
1076,1.54743e+26,1.51264e+23,8.59001e+09,87,29.8604,33,0.477177
1077,2.41785e+24,2.75902e+21,8.59005e+09,81,30.377,33,0.49973
1078,7.73713e+25,7.55857e+22,8.59002e+09,86,30.2812,33,0.450081
1079,7.73713e+25,7.57226e+22,8.59003e+09,86,30.7158,33,0.536773
1080,1.93428e+25,2.36697e+22,8.59004e+09,84,30.5117,33,0.523173
1081,3.77789e+22,1.41141e+20,1.718e+10,75,31.3809,34,0.536713
1082,1.93428e+25,2.04176e+22,4.29506e+09,84,30.7744,32,0.48143
1083,1.23794e+27,1.28503e+24,1.718e+10,90,32.7373,34,0.528493
1084,3.77789e+22,4.49979e+19,1.718e+10,75,32.2988,34,0.567237
1085,1.54743e+26,1.51736e+23,1.718e+10,87,31.9111,34,0.519433
1086,6.04463e+23,6.08095e+20,1.718e+10,79,32.3418,34,0.532587
1087,1.51116e+23,2.38612e+20,2.68513e+08,77,27.2568,28,0.403017
1088,9.67141e+24,9.54611e+21,4.29506e+09,83,30.2178,32,0.512687
1089,3.77789e+22,7.6347e+19,8.59005e+09,75,32.4727,33,0.531001
1090,9.67141e+24,9.47242e+21,1.718e+10,83,32.2471,34,0.556633
1091,1.93428e+25,1.89222e+22,1.07383e+09,84,29.4883,30,0.534162
1092,1.88895e+22,2.96792e+19,5.36943e+08,74,28.8613,29,0.480617
1093,3.02231e+23,3.92979e+20,1.07384e+09,78,29.7539,30,0.485989
1094,6.04463e+23,6.0718e+20,2.68515e+08,79,27.793,28,0.491758
1095,7.73713e+25,7.69041e+22,1.07383e+09,86,29.5537,30,0.47344
1096,3.09485e+26,3.02281e+23,4.29506e+09,88,30.6748,32,0.59149
1097,1.51116e+23,2.42666e+20,4.29507e+09,77,31.1738,32,0.55844
1098,4.8357e+24,4.79948e+21,4.29506e+09,82,31.2871,32,0.426375
1099,6.1897e+26,6.04469e+23,4.29506e+09,89,30.2197,32,0.498531
1100,7.55579e+22,8.46275e+19,4.29506e+09,76,30.582,32,0.509983
1101,3.77789e+22,4.25779e+19,2.68509e+08,75,27.7949,28,0.456599
1102,1.18059e+21,3.20518e+18,8.59003e+09,70,30.9248,33,0.530235
1103,2.41785e+24,2.40058e+21,1.07384e+09,81,28.7051,30,0.419577
1104,3.02231e+23,3.73093e+20,6.87196e+10,78,33.9365,36,0.520211
1105,4.72237e+21,1.8587e+19,1.718e+10,72,32.5752,34,0.550003
1106,4.8357e+24,4.73068e+21,1.718e+10,82,32.5342,34,0.546665
1107,4.8357e+24,5.91914e+21,1.718e+10,82,32.5898,34,0.558369
1108,3.02231e+23,3.18911e+20,6.87196e+10,78,34.6113,36,0.514938
1109,1.54743e+26,1.53613e+23,1.718e+10,87,32.8027,34,0.586693
1110,9.67141e+24,9.48955e+21,2.14754e+09,83,29.7051,31,0.443332
1111,1.51116e+23,1.65393e+20,8.59003e+09,77,31.2588,33,0.506641
1112,1.20893e+24,1.27092e+21,8.59003e+09,80,31.6748,33,0.496715
1113,7.55579e+22,1.4296e+20,3.43598e+10,76,32.0215,35,0.580031
1114,1.93428e+25,1.89171e+22,8.59004e+09,84,31.46,33,0.461084
1115,1.20893e+24,1.18472e+21,4.29507e+09,80,31.0898,32,0.480509
1116,1.23794e+27,1.20893e+24,5.36945e+08,90,29.7285,29,0.478379
1117,1.88895e+22,3.24944e+19,5.36955e+08,74,29.7432,29,0.473369
1118,2.41785e+24,2.41125e+21,4.29507e+09,81,31.7842,32,0.527407
1119,7.55579e+22,2.46701e+20,4.29506e+09,76,32.5547,32,0.499171
1120,4.8357e+24,4.79213e+21,4.29505e+09,82,31.4883,32,0.44288
1121,4.8357e+24,5.03161e+21,8.59004e+09,82,32.5439,33,0.553843
1122,3.77789e+22,8.06534e+19,6.87196e+10,75,34.4756,36,0.546636
1123,4.95176e+27,4.83603e+24,1.718e+10,92,32.5098,34,0.485194
1124,1.51116e+23,1.80688e+20,3.43599e+10,77,32.9639,35,0.488146
1125,2.47588e+27,2.41906e+24,1.37439e+11,91,34.2441,37,0.582656
1126,4.95176e+27,4.83592e+24,1.718e+10,92,32.8291,34,0.514554
1127,1.20893e+24,1.87116e+21,3.43598e+10,80,33.1533,35,0.579435
1128,6.04463e+23,6.2485e+20,3.43598e+10,79,32.9541,35,0.491062
1129,4.72237e+21,1.32012e+19,6.87196e+10,72,34.5947,36,0.558937
1130,1.51116e+23,1.95379e+20,3.43599e+10,77,33.2168,35,0.450065
1131,2.41785e+24,2.7114e+21,1.37439e+11,81,34.5117,37,0.505617
1132,3.09485e+26,3.25856e+23,1.37439e+11,88,34.7861,37,0.560985
1133,3.77789e+22,4.00198e+19,3.43598e+10,75,33.8818,35,0.470904
1134,4.72237e+21,1.33779e+19,8.59001e+09,72,30.9531,33,0.458416
1135,4.72237e+21,1.47947e+19,1.718e+10,72,31.8652,34,0.436928
1136,9.44473e+21,1.20982e+19,8.59004e+09,73,31.5107,33,0.510418
1137,4.72237e+21,9.54413e+18,6.87196e+10,72,34.7812,36,0.544068
1138,4.72237e+21,1.70606e+19,8.59004e+09,72,32.5186,33,0.498603
1139,3.02231e+23,9.42465e+20,1.718e+10,78,33.3242,34,0.499107
1140,1.88895e+22,4.8201e+19,2.14758e+09,74,31.4922,31,0.61159
1141,5.90296e+20,3.19296e+18,1.718e+10,69,33.126,34,0.499969
1142,2.36118e+21,4.81046e+18,1.718e+10,71,33.3408,34,0.517138
1143,4.72237e+21,1.22182e+19,3.43598e+10,72,33.5537,35,0.471662
1144,3.02231e+23,3.1994e+20,8.59005e+09,78,33.1816,33,0.549523
1145,4.72237e+21,7.29955e+18,1.37439e+11,72,34.9072,37,0.511671
1146,1.88895e+22,3.52798e+19,1.37439e+11,74,35.6455,37,0.537767
1147,4.72237e+21,5.71911e+18,1.37439e+11,72,34.8535,37,0.482233
1148,6.04463e+23,9.19234e+20,4.29506e+09,79,31.9824,32,0.485085
1149,6.04463e+23,8.57287e+20,8.59004e+09,79,33.5947,33,0.510633
1150,2.41785e+24,3.62704e+21,1.718e+10,81,33.6475,34,0.60257
1151,3.09485e+26,3.07506e+23,4.29507e+09,88,31.7627,32,0.564998
1152,7.55579e+22,1.32024e+20,8.59002e+09,76,32.377,33,0.585016
1153,3.86856e+25,4.05049e+22,8.59003e+09,85,32.7705,33,0.587878
1154,9.67141e+24,9.50801e+21,1.718e+10,83,32.7158,34,0.49716
1155,9.67141e+24,1.0504e+22,1.37439e+11,83,35.5068,37,0.599952
1156,6.1897e+26,6.43025e+23,1.718e+10,89,33.541,34,0.651638
1157,3.09485e+26,3.03809e+23,8.59002e+09,88,31.9092,33,0.538438
1158,6.1897e+26,6.051e+23,1.37439e+11,89,35.4834,37,0.557193
1159,3.09485e+26,3.21514e+23,2.74878e+11,88,35.9805,38,0.605294
1160,6.1897e+26,6.05625e+23,1.37439e+11,89,35.7539,37,0.568003
1161,1.54743e+26,1.53883e+23,1.37439e+11,87,35.791,37,0.699478
1162,1.54743e+26,3.06002e+23,5.49756e+11,87,37.3184,39,0.643284
1163,7.73713e+25,7.67576e+22,6.87196e+10,86,34.0322,36,0.636698
1164,4.8357e+24,4.87855e+21,3.43599e+10,82,34.5918,35,0.621497
1165,1.23794e+27,1.51137e+24,1.07382e+09,90,29.6143,30,0.53183
1166,1.20893e+24,1.25921e+21,1.718e+10,80,33.0078,34,0.501267
1167,4.95176e+27,4.84653e+24,6.87196e+10,92,34.1328,36,0.545399
1168,1.20893e+24,1.51641e+21,1.718e+10,80,33.1348,34,0.519575
1169,7.92282e+28,7.73719e+25,3.43598e+10,96,33.2334,35,0.567098
1170,3.09485e+26,3.09478e+23,1.37439e+11,88,36.3223,37,0.610753
1171,4.8357e+24,5.03832e+21,8.59004e+09,82,32.7598,33,0.492574
1172,6.1897e+26,6.0528e+23,8.59004e+09,89,32.4736,33,0.523337
1173,2.41785e+24,3.9882e+21,3.43599e+10,81,34.9883,35,0.564027
1174,6.1897e+26,9.06887e+23,6.87196e+10,89,34.4395,36,0.614703
1175,6.04463e+23,1.46649e+21,1.37439e+11,79,35.2568,37,0.604631
1176,1.54743e+26,1.51981e+23,3.43599e+10,87,34.6475,35,0.563305
1177,1.93428e+25,2.87884e+22,6.87196e+10,84,35.1533,36,0.543905
1178,4.8357e+24,9.59649e+21,1.718e+10,82,32.6367,34,0.572821
1179,6.1897e+26,8.05851e+23,3.43598e+10,89,33.6846,35,0.63327
1180,3.09485e+26,5.68803e+23,1.718e+10,88,33.0293,34,0.576642
1181,3.86856e+25,3.82699e+22,2.14757e+09,85,30.9775,31,0.533571
1182,6.1897e+26,7.56007e+23,2.14757e+09,89,31.0283,31,0.416535
1183,4.8357e+24,7.41568e+21,5.36945e+08,82,29.4004,29,0.402452
1184,9.67141e+24,1.09507e+22,2.14757e+09,83,31.4932,31,0.393809
1185,3.86856e+25,3.85987e+22,1.07382e+09,85,30.6846,30,0.386553
1186,1.20893e+24,2.25168e+21,3.43598e+10,80,34.4033,35,0.425295
1187,2.47588e+27,3.04385e+24,2.14757e+09,91,31.335,31,0.425595
1188,7.73713e+25,1.63415e+23,3.43598e+10,86,33.6104,35,0.42743
1189,1.54743e+26,3.11805e+23,6.87196e+10,87,33.9795,36,0.438257
1190,3.96141e+28,3.87289e+25,6.87196e+10,95,34.3359,36,0.459268
1191,7.73713e+25,1.04676e+23,3.43598e+10,86,33.8691,35,0.451276
1192,7.92282e+28,7.98299e+25,1.718e+10,96,33.7246,34,0.427288
1193,4.95176e+27,5.48068e+24,4.29507e+09,92,32.1025,32,0.424322
1194,1.93428e+25,2.40223e+22,5.36928e+08,84,29.3721,29,0.42617
1195,7.92282e+28,7.79133e+25,1.718e+10,96,33.375,34,0.465222
1196,1.20893e+24,3.95326e+21,1.71799e+10,80,32.2354,34,0.464087
1197,3.86856e+25,4.26258e+22,4.29506e+09,85,30.6426,32,0.410317
1198,3.09485e+26,4.65298e+23,2.14758e+09,88,30.8789,31,0.412147
1199,9.90352e+27,1.08331e+25,8.59002e+09,93,32.4883,33,0.428797
1200,6.1897e+26,6.05927e+23,4.29505e+09,89,30.9238,32,0.422785
1201,1.93428e+25,3.10815e+22,4.29505e+09,84,30.9873,32,0.436606
1202,1.9807e+28,1.93488e+25,4.29506e+09,94,31.4316,32,0.434467
1203,1.20893e+24,1.34071e+21,4.29504e+09,80,30.4268,32,0.428257
1204,9.67141e+24,9.665e+21,4.29504e+09,83,30.9033,32,0.422118
1205,4.8357e+24,4.81985e+21,1.718e+10,82,31.8398,34,0.427428
1206,3.02231e+23,6.73867e+20,2.14756e+09,78,30.1826,31,0.431676
1207,3.86856e+25,3.88719e+22,1.07381e+09,85,29.4111,30,0.428276
1208,7.73713e+25,1.5741e+23,1.07382e+09,86,29.4414,30,0.411366
1209,6.1897e+26,6.49594e+23,1.34287e+08,89,28.0596,27,0.371328
1210,4.95176e+27,5.5938e+24,1.3429e+08,92,27.8496,27,0.395226
1211,1.51116e+23,3.71527e+20,6.71684e+07,77,26.6162,26,0.406912
1212,6.04463e+23,9.40228e+20,6.71771e+07,79,27.2217,26,0.367571
1213,4.8357e+24,4.7603e+21,1.34288e+08,82,27.0645,27,0.370922
1214,7.55579e+22,1.33774e+20,6.71708e+07,76,25.8496,26,0.390525
1215,1.54743e+26,1.7966e+23,1.68298e+07,87,25.7109,24,0.364714
1216,4.72237e+21,1.4444e+19,1.68395e+07,72,25.8193,24,0.384307
1217,7.55579e+22,8.3162e+19,2.13338e+06,76,22.8848,21,0.345618
1218,1.51116e+23,1.58628e+20,6.71602e+07,77,25.4863,26,0.376577
1219,6.04463e+23,5.96242e+20,8.43992e+06,79,25.4941,23,0.368284
1220,3.77789e+22,4.9333e+19,296728,75,21.9619,18,0.339974
1221,6.04463e+23,8.91376e+20,160050,79,20.9648,17,0.356666
1222,2.41785e+24,2.39409e+21,2.135e+06,81,23.4873,21,0.390029
1223,1.18059e+21,2.69641e+18,1.68246e+07,70,24.3965,24,0.368501
1224,3.86856e+25,3.80857e+22,1.68303e+07,85,25.1094,24,0.39782
1225,2.41785e+24,2.43936e+21,1.68316e+07,81,24.8076,24,0.418136
1226,3.09485e+26,3.02389e+23,1.68372e+07,88,24.918,24,0.392868
1227,1.88895e+22,4.76525e+19,8.4387e+06,74,24.4062,23,0.396019
1228,7.73713e+25,7.55657e+22,1.68272e+07,86,25.2324,24,0.417196
1229,3.86856e+25,3.78979e+22,1.68299e+07,85,24.6211,24,0.362792
1230,1.23794e+27,1.21902e+24,3.36174e+07,90,25.9932,25,0.43336
1231,1.9807e+28,2.53891e+25,8.43698e+06,94,23.9355,23,0.440466
1232,6.1897e+26,9.06899e+23,3.36083e+07,89,25.5234,25,0.427034
1233,7.73713e+25,1.14927e+23,6.71646e+07,86,26.5977,26,0.422446
1234,7.92282e+28,7.79888e+25,1.34278e+08,96,28.0459,27,0.486664
1235,6.1897e+26,1.25865e+24,2.68499e+08,89,29.2842,28,0.467161
1236,4.95176e+27,4.84536e+24,6.71663e+07,92,27.7871,26,0.49284
1237,7.92282e+28,7.73749e+25,2.68477e+08,96,28.668,28,0.486322
1238,1.9807e+28,1.96903e+25,6.71603e+07,94,26.8584,26,0.526985
1239,2.47588e+27,2.60922e+24,8.43627e+06,91,23.9053,23,0.38405
1240,3.09485e+26,3.02259e+23,3.36155e+07,88,27.0312,25,0.446923
1241,3.09485e+26,3.49963e+23,3.36134e+07,88,27.2793,25,0.455578
1242,3.09485e+26,3.04627e+23,3.36067e+07,88,26.9922,25,0.469918
1243,1.20893e+24,2.30849e+21,1.68301e+07,80,25.752,24,0.420198
1244,4.8357e+24,6.72682e+21,1.68238e+07,82,24.9141,24,0.413104
1245,4.95176e+27,4.83591e+24,1.34277e+08,92,28.0547,27,0.430042
1246,7.92282e+28,7.73811e+25,6.71723e+07,96,28.0537,26,0.427802
1247,6.1897e+26,6.81875e+23,2.14758e+09,89,31.332,31,0.557217
1248,1.23794e+27,1.21384e+24,5.36942e+08,90,29.4805,29,0.499843
1249,1.93428e+25,3.10864e+22,1.07382e+09,84,31.3203,30,0.46255
1250,3.09485e+26,3.12323e+23,1.07381e+09,88,30.3145,30,0.39982
1251,1.20893e+24,3.04318e+21,1.07383e+09,80,30.3125,30,0.446005
1252,1.20893e+24,2.60997e+21,1.34277e+08,80,28.376,27,0.432698
1253,1.23794e+27,1.21101e+24,5.36944e+08,90,29.0889,29,0.445999
1254,2.47588e+27,2.90525e+24,2.14755e+09,91,31.1279,31,0.466499
1255,1.54743e+26,2.30593e+23,2.68498e+08,87,29.2275,28,0.429897
1256,3.09485e+26,4.2252e+23,1.07382e+09,88,29.7031,30,0.509707
1257,3.09485e+26,4.57052e+23,2.14757e+09,88,31.293,31,0.522799
1258,1.54743e+26,1.60943e+23,6.71706e+07,87,28.3809,26,0.439972
1259,4.8357e+24,9.28593e+21,2.14756e+09,82,30.998,31,0.529206
1260,3.09485e+26,3.49773e+23,1.34282e+08,88,29.0068,27,0.455273
1261,2.47588e+27,5.13865e+24,1.07381e+09,91,30.4814,30,0.451217
1262,4.8357e+24,5.54731e+21,6.71647e+07,82,27.7637,26,0.430109
1263,6.1897e+26,9.28397e+23,3.3611e+07,89,26.6953,25,0.470285
1264,2.47588e+27,2.72867e+24,6.71675e+07,91,27.1201,26,0.470797
1265,1.9807e+28,2.0859e+25,8.43968e+06,94,26.2275,23,0.445847
1266,4.72237e+21,2.48204e+19,2.13548e+06,72,23.7393,21,0.443526
1267,7.73713e+25,7.56002e+22,2.14004e+06,86,24.3164,21,0.404589
1268,6.1897e+26,6.48246e+23,6.71705e+07,89,27.8574,26,0.453485
1269,1.93428e+25,3.8053e+22,6.71707e+07,84,27.7549,26,0.442099
1270,1.9807e+28,1.96831e+25,1.68303e+07,94,25.6455,24,0.441427
1271,3.86856e+25,3.94402e+22,8.43433e+06,85,24.915,23,0.454829
1272,9.67141e+24,1.00195e+22,2.13862e+06,83,24.6748,21,0.452917
1273,1.93428e+25,2.52017e+22,3.36048e+07,84,26.7695,25,0.441772
1274,6.1897e+26,7.65279e+23,6.71668e+07,89,27.8311,26,0.463496
1275,4.8357e+24,7.34046e+21,8.44259e+06,82,25.958,23,0.442125
1276,7.92282e+28,7.74091e+25,1.68367e+07,96,26.0693,24,0.405235
1277,7.92282e+28,7.74518e+25,3.35963e+07,96,26.1533,25,0.425257
1278,7.92282e+28,7.73766e+25,4.22785e+06,96,24.1641,22,0.363817
1279,4.95176e+27,5.14163e+24,1.68256e+07,92,25.4619,24,0.435893
1280,1.23794e+27,1.29081e+24,8.44078e+06,90,25.2617,23,0.481301
1281,7.73713e+25,1.8492e+23,1.68332e+07,86,26.7666,24,0.502493
1282,9.90352e+27,2.05806e+25,6.7164e+07,93,27.5742,26,0.439044
1283,7.92282e+28,7.85934e+25,3.36171e+07,96,27.7344,25,0.440087
1284,1.93428e+25,2.99536e+22,3.36091e+07,84,27.1143,25,0.493272
1285,6.1897e+26,7.58781e+23,1.34278e+08,89,28.7461,27,0.458256
1286,6.1897e+26,9.91277e+23,1.6819e+07,89,26.6016,24,0.521721
1287,1.23794e+27,1.22106e+24,3.36099e+07,90,27.374,25,0.450006
1288,7.73713e+25,1.14929e+23,6.71643e+07,86,27.7441,26,0.520119
1289,9.90352e+27,1.02384e+25,2.1359e+06,93,25.377,21,0.425705
1290,9.67141e+24,9.99525e+21,1.08066e+06,83,23.7871,20,0.397735
1291,4.95176e+27,5.0729e+24,562504,92,24.1865,19,0.46134
1292,1.9807e+28,2.02029e+25,8.43585e+06,94,26.9287,23,0.466986
1293,3.96141e+28,4.64106e+25,1.34271e+08,95,29.0039,27,0.48474
1294,4.95176e+27,5.30952e+24,2.14754e+09,92,30.5029,31,0.500094
1295,1.23794e+27,2.84002e+24,1.07381e+09,90,30.8965,30,0.523277
1296,7.92282e+28,7.87538e+25,2.14756e+09,96,30.8105,31,0.561086
1297,9.67141e+24,1.14285e+22,3.36034e+07,83,27.5332,25,0.490482
1298,2.47588e+27,2.63237e+24,1.68281e+07,91,27.4688,24,0.472964
1299,1.23794e+27,2.12533e+24,4.23534e+06,90,25.6621,22,0.478505
1300,1.20893e+24,3.46985e+21,6.71696e+07,80,27.9258,26,0.457447
1301,1.54743e+26,2.76343e+23,6.71637e+07,87,27.6797,26,0.544599
1302,1.54743e+26,1.98759e+23,1.6819e+07,87,26.3652,24,0.406945
1303,2.47588e+27,2.82832e+24,5.36949e+08,91,29.9775,29,0.536554
1304,7.92282e+28,8.04789e+25,1.3426e+08,96,28.7793,27,0.558078
1305,2.47588e+27,2.43462e+24,8.43621e+06,91,27.0146,23,0.519549
1306,1.23794e+27,1.56096e+24,2.13758e+06,90,26.4863,21,0.40678
1307,7.73713e+25,8.1102e+22,4.24652e+06,86,26.2217,22,0.550468
1308,4.95176e+27,4.83809e+24,4.24516e+06,92,25.0986,22,0.429825
1309,9.90352e+27,1.45098e+25,2.14059e+06,93,24.5605,21,0.522024
1310,1.23794e+27,2.7345e+24,3.36139e+07,90,27.1875,25,0.479662
1311,3.86856e+25,8.59417e+22,6.71597e+07,85,27.1426,26,0.479757
1312,7.73713e+25,9.70024e+22,2.14203e+06,86,24.9961,21,0.418619
1313,6.1897e+26,6.83176e+23,3.35959e+07,89,26.6113,25,0.443301
1314,3.86856e+25,3.98376e+22,1.68301e+07,85,26.4883,24,0.487329
1315,3.86856e+25,8.33781e+22,1.68273e+07,85,26.2568,24,0.423192
1316,7.92282e+28,7.73726e+25,1.68252e+07,96,25.2998,24,0.462816
1317,3.86856e+25,3.86133e+22,559431,85,22.8184,19,0.404279
1318,6.1897e+26,6.37915e+23,3.36049e+07,89,25.6504,25,0.476707
1319,6.1897e+26,6.18757e+23,1.07885e+06,89,23.0459,20,0.385646
1320,1.23794e+27,1.22546e+24,1.68258e+07,90,25.7168,24,0.482183
1321,1.93428e+25,2.01368e+22,149447,84,21.1426,17,0.399332
1322,9.90352e+27,1.27163e+25,289434,93,21.7012,18,0.381511
1323,6.04463e+23,6.36699e+20,154600,79,20.8418,17,0.417027
1324,4.8357e+24,6.01967e+21,89561.2,82,20.6514,16,0.389979
1325,9.67141e+24,1.01744e+22,289949,83,21.4053,18,0.393327
1326,2.41785e+24,4.21918e+21,11266.4,81,16.3691,10,0.346643
1327,4.95176e+27,4.83683e+24,34253.6,92,19.2549,14,0.423357
1328,1.23794e+27,1.2674e+24,157645,90,22.3955,17,0.405839
1329,6.1897e+26,8.17433e+23,290247,89,23.1182,18,0.477514
1330,7.92282e+28,7.75452e+25,552868,96,23.3311,19,0.447656
1331,3.96141e+28,4.00766e+25,2.13365e+06,95,25.7266,21,0.516975
1332,7.92282e+28,7.82788e+25,2.13451e+06,96,24.8008,21,0.43702
1333,2.47588e+27,2.42986e+24,2.1429e+06,91,25.3984,21,0.491659
1334,7.92282e+28,8.48262e+25,8.42973e+06,96,26.7109,23,0.486667
1335,1.9807e+28,3.04598e+25,1.08343e+06,94,25.0039,20,0.466727
1336,1.23794e+27,1.78139e+24,2.13882e+06,90,26.1631,21,0.43924
1337,1.9807e+28,2.37478e+25,552007,94,23.8252,19,0.47126
1338,1.9807e+28,2.45382e+25,1.07412e+06,94,25.2412,20,0.476908
1339,1.23794e+27,2.08623e+24,559083,90,24.1084,19,0.447056
1340,7.92282e+28,9.72055e+25,557312,96,24.6484,19,0.35749
1341,4.95176e+27,5.7729e+24,2.13633e+06,92,25.0264,21,0.564691
1342,1.9807e+28,2.45226e+25,2.13846e+06,94,25.9531,21,0.44
1343,3.96141e+28,4.29575e+25,4.23015e+06,95,26.1963,22,0.484893
1344,3.96141e+28,4.86364e+25,8.43828e+06,95,26.917,23,0.485118
1345,6.1897e+26,6.15578e+23,1.68257e+07,89,27.6016,24,0.48995
1346,1.23794e+27,1.63037e+24,2.135e+06,90,25.6748,21,0.48475
1347,7.92282e+28,1.74168e+26,1.68188e+07,96,27.4453,24,0.51192
1348,4.95176e+27,7.33498e+24,3.35998e+07,92,28.2773,25,0.486685
1349,2.47588e+27,4.32118e+24,6.71646e+07,91,28.8857,26,0.503286
1350,9.90352e+27,1.23452e+25,4.2358e+06,93,26.3213,22,0.443414
1351,7.92282e+28,1.01666e+26,1.08117e+06,96,24.4199,20,0.43331
1352,2.47588e+27,4.3791e+24,3.36032e+07,91,28.2881,25,0.527155
1353,9.90352e+27,1.09195e+25,4.224e+06,93,25.7891,22,0.453991
1354,1.23794e+27,2.63322e+24,3.36067e+07,90,28.7031,25,0.475245
1355,9.90352e+27,2.7246e+25,1.34277e+08,93,30.2607,27,0.500314
1356,1.23794e+27,3.24e+24,6.71611e+07,90,29.9561,26,0.559932
1357,7.92282e+28,7.79253e+25,5.36928e+08,96,30.8779,29,0.551522
1358,1.23794e+27,1.40562e+24,8.43817e+06,90,27.1309,23,0.435641
1359,1.23794e+27,1.76444e+24,6.71676e+07,90,29.1426,26,0.516119
1360,9.90352e+27,2.17702e+25,2.68479e+08,93,29.7275,28,0.498215
1361,1.23794e+27,4.02079e+24,6.71607e+07,90,28.6924,26,0.525182
1362,7.92282e+28,1.29902e+26,3.35875e+07,96,28.1475,25,0.523322
1363,7.92282e+28,7.86911e+25,3.36131e+07,96,28.6416,25,0.553323
1364,1.93428e+25,4.25282e+22,6.71597e+07,84,30.0303,26,0.516655
1365,7.92282e+28,8.26937e+25,1.34271e+08,96,29.9775,27,0.578852
1366,9.90352e+27,2.25499e+25,1.34267e+08,93,30.5117,27,0.594473
1367,7.92282e+28,7.78936e+25,3.35925e+07,96,28.8838,25,0.530049
1368,1.23794e+27,1.29283e+24,3.36083e+07,90,29.4697,25,0.572808
1369,9.90352e+27,1.57382e+25,2.68501e+08,93,30.4023,28,0.507221
1370,1.23794e+27,2.12884e+24,8.44061e+06,90,28.8555,23,0.563189
1371,9.90352e+27,1.41535e+25,3.36079e+07,93,29.207,25,0.593387
1372,6.1897e+26,9.79657e+23,6.71426e+07,89,30.1094,26,0.477764
1373,2.47588e+27,4.81122e+24,8.4127e+06,91,27.2266,23,0.454767
1374,4.95176e+27,5.44542e+24,4.24647e+06,92,27.0928,22,0.544669
1375,1.23794e+27,2.15843e+24,2.12461e+06,90,25.9131,21,0.498165
1376,7.92282e+28,8.19289e+25,3.36009e+07,96,28.4863,25,0.473948
1377,1.9807e+28,2.19058e+25,1.68205e+07,94,27.2803,24,0.540698
1378,4.95176e+27,7.90912e+24,6.71595e+07,92,29.625,26,0.516665
1379,7.92282e+28,7.89513e+25,3.36038e+07,96,28.9482,25,0.472874
1380,9.90352e+27,1.57637e+25,1.67948e+07,93,27.9844,24,0.538862
1381,9.90352e+27,1.35805e+25,3.36008e+07,93,29.7344,25,0.561574
1382,4.95176e+27,9.09172e+24,2.13068e+06,92,27.0186,21,0.6034
1383,4.95176e+27,7.74096e+24,4.23923e+06,92,27.1504,22,0.476622
1384,9.90352e+27,1.83596e+25,8.43036e+06,93,28.8828,23,0.573872
1385,4.95176e+27,8.54623e+24,1.68238e+07,92,27.6758,24,0.508938
1386,7.92282e+28,9.33195e+25,4.22686e+06,96,26.6143,22,0.478295
1387,9.90352e+27,1.3963e+25,1.6827e+07,93,28.6377,24,0.534112
1388,9.90352e+27,1.26015e+25,3.35967e+07,93,29.9834,25,0.511899
1389,3.96141e+28,4.45647e+25,1.34287e+08,95,31.6367,27,0.616109
1390,2.47588e+27,3.73808e+24,1.0738e+09,91,32.5225,30,0.606807
1391,9.90352e+27,2.05677e+25,4.24083e+06,93,28.6846,22,0.559993
1392,4.95176e+27,6.57238e+24,5.36946e+08,92,31.0664,29,0.584647
1393,4.95176e+27,1.15399e+25,8.59002e+09,92,33.9756,33,0.597007
1394,3.96141e+28,6.68087e+25,8.58999e+09,95,32.915,33,0.632071
1395,4.95176e+27,2.51514e+25,8.59002e+09,92,33.8271,33,0.652973
1396,9.90352e+27,3.09108e+25,2.14755e+09,93,32.7148,31,0.587252
1397,7.92282e+28,1.07868e+26,1.07383e+09,96,31.874,30,0.612263
1398,7.92282e+28,1.95338e+26,1.68216e+07,96,28.1045,24,0.525399
1399,7.92282e+28,8.38138e+25,2.68504e+08,96,31.2256,28,0.455058
1400,2.47588e+27,3.1278e+24,6.71497e+07,91,28.5811,26,0.567072
1401,4.95176e+27,6.46041e+24,2.14755e+09,92,31.6279,31,0.564437
1402,7.92282e+28,8.85725e+25,1.34267e+08,96,30.2227,27,0.586239
1403,4.95176e+27,8.02728e+24,5.36942e+08,92,31.1885,29,0.553538
1404,9.90352e+27,1.38241e+25,6.71634e+07,93,29.6641,26,0.57503
1405,3.09485e+26,3.72514e+23,6.71684e+07,88,29.4561,26,0.578755
1406,4.95176e+27,6.28646e+24,4.29506e+09,92,33.2314,32,0.633442
1407,7.92282e+28,8.05599e+25,1.34293e+08,96,30.1719,27,0.494766
1408,9.90352e+27,2.1396e+25,3.36203e+07,93,30.0967,25,0.620024
1409,9.90352e+27,1.53763e+25,6.71583e+07,93,29.5459,26,0.585941
1410,9.90352e+27,2.7498e+25,1.34288e+08,93,29.9355,27,0.559039
1411,1.23794e+27,2.14723e+24,3.36055e+07,90,28.7998,25,0.455934
1412,9.90352e+27,1.00899e+25,1.68205e+07,93,27.4404,24,0.524279
1413,3.09485e+26,1.05474e+24,6.71531e+07,88,28.3916,26,0.563893
1414,3.96141e+28,4.10261e+25,3.35901e+07,95,27.7217,25,0.508572
1415,9.90352e+27,2.76339e+25,6.716e+07,93,29.8711,26,0.522579
1416,7.92282e+28,7.90119e+25,6.71695e+07,96,29.9268,26,0.609742
1417,7.92282e+28,9.23599e+25,3.36045e+07,96,29.3486,25,0.51506
1418,4.95176e+27,1.10688e+25,1.68161e+07,92,28.793,24,0.653186
1419,1.23794e+27,1.34089e+24,1.68122e+07,90,28.2383,24,0.57898
1420,7.92282e+28,9.09023e+25,1.68151e+07,96,28.8076,24,0.520176
1421,9.90352e+27,1.75201e+25,6.71699e+07,93,30.6025,26,0.605996
1422,4.95176e+27,1.04144e+25,6.71677e+07,92,30.8906,26,0.52663
1423,3.96141e+28,4.11551e+25,2.68488e+08,95,30.374,28,0.535984
1424,7.92282e+28,1.66691e+26,1.68156e+07,96,29.2949,24,0.662405
1425,3.09485e+26,3.91158e+23,1.68242e+07,88,29.0879,24,0.50766
1426,9.90352e+27,1.43996e+25,1.68226e+07,93,28.8467,24,0.501537
1427,3.09485e+26,8.24739e+23,2.13648e+06,88,27.207,21,0.545739
1428,1.23794e+27,1.29991e+24,1.68102e+07,90,28.0645,24,0.478108
1429,7.92282e+28,8.94789e+25,1.68305e+07,96,28.4785,24,0.468532
1430,3.96141e+28,8.10559e+25,3.36049e+07,95,28.3662,25,0.52331
1431,9.90352e+27,1.05211e+25,4.23711e+06,93,26.7383,22,0.485982
1432,1.9807e+28,2.31576e+25,2.68491e+08,94,30.7109,28,0.547703
1433,2.47588e+27,2.73187e+24,4.24072e+06,91,25.7178,22,0.534835
1434,4.95176e+27,5.21381e+24,4.23511e+06,92,26.79,22,0.522658
1435,7.92282e+28,1.0899e+26,2.13753e+06,96,25.8691,21,0.438863
1436,3.09485e+26,3.98244e+23,1.6821e+07,88,27.8184,24,0.537016
1437,1.23794e+27,1.60203e+24,6.71528e+07,90,29.9131,26,0.466318
1438,3.09485e+26,4.59396e+23,1.68282e+07,88,28.5732,24,0.613238
1439,2.47588e+27,4.01384e+24,1.08682e+06,91,26.3896,20,0.493905
1440,4.95176e+27,1.14887e+25,1.08738e+06,92,26.666,20,0.441967
1441,9.90352e+27,1.94697e+25,1.68213e+07,93,28.5576,24,0.504209
1442,1.9807e+28,2.15778e+25,8.43068e+06,94,28.4678,23,0.477611
1443,9.90352e+27,9.75371e+24,3.35991e+07,93,28.1768,25,0.501461
1444,7.92282e+28,1.58235e+26,3.35976e+07,96,29.3887,25,0.515294
1445,7.92282e+28,7.97676e+25,6.71574e+07,96,30.2168,26,0.495602
1446,7.92282e+28,1.00008e+26,2.68501e+08,96,30.8535,28,0.598595
1447,7.92282e+28,1.63043e+26,1.07382e+09,96,32.999,30,0.628072
1448,1.23794e+27,3.51412e+24,1.07382e+09,90,32.6406,30,0.610029
1449,1.9807e+28,2.30795e+25,3.36062e+07,94,30.209,25,0.575607
1450,9.90352e+27,3.40165e+25,1.34271e+08,93,30.4766,27,0.54601
1451,7.92282e+28,9.59165e+25,5.36915e+08,96,31.9463,29,0.535515
1452,7.92282e+28,1.20897e+26,1.07382e+09,96,32.5879,30,0.561314
1453,7.92282e+28,8.39864e+25,8.59001e+09,96,32.8301,33,0.54817
1454,7.92282e+28,7.8739e+25,1.07381e+09,96,31.9062,30,0.586595
1455,9.90352e+27,1.62409e+25,8.43722e+06,93,28.459,23,0.543425
1456,4.95176e+27,6.82095e+24,6.71656e+07,92,29.9404,26,0.538539
1457,7.92282e+28,9.20662e+25,2.68485e+08,96,29.6006,28,0.558176
1458,7.92282e+28,7.79532e+25,1.34286e+08,96,29.9912,27,0.554156
1459,6.1897e+26,9.84909e+23,8.42385e+06,89,26.3779,23,0.506109
1460,4.95176e+27,5.27433e+24,1.68242e+07,92,27.5635,24,0.433506
1461,9.90352e+27,1.18228e+25,1.0738e+09,93,31.583,30,0.576526
1462,9.90352e+27,1.36294e+25,4.29506e+09,93,32.8379,32,0.585086
1463,3.96141e+28,4.19794e+25,8.59001e+09,95,32.8398,33,0.565447
1464,9.90352e+27,1.28482e+25,2.68508e+08,93,30.6689,28,0.598579
1465,9.90352e+27,1.46009e+25,3.36052e+07,93,28.6855,25,0.450551
1466,7.92282e+28,1.19014e+26,5.36923e+08,96,31.5439,29,0.603064
1467,9.90352e+27,2.05451e+25,4.24137e+06,93,27.292,22,0.514145
1468,3.09485e+26,4.637e+23,2.14168e+06,88,26.707,21,0.527076
1469,1.9807e+28,1.96592e+25,2.13553e+06,94,25.4395,21,0.542422
1470,9.90352e+27,1.37751e+25,6.71723e+07,93,29.793,26,0.463261
1471,4.95176e+27,6.75547e+24,3.36024e+07,92,28.6895,25,0.498486
1472,1.9807e+28,1.99245e+25,2.14755e+09,94,32.1553,31,0.55155
1473,1.23794e+27,1.42398e+24,2.68495e+08,90,30.2744,28,0.586656
1474,9.90352e+27,1.22153e+25,1.718e+10,93,34.3477,34,0.573353
1475,7.92282e+28,2.06047e+26,6.87196e+10,96,35.7754,36,0.575613
1476,7.92282e+28,9.84424e+25,1.37439e+11,96,36.3623,37,0.629064
1477,7.92282e+28,8.0758e+25,4.29504e+09,96,33.6025,32,0.571944
1478,7.92282e+28,8.29261e+25,6.71701e+07,96,30.7324,26,0.540024
1479,9.90352e+27,1.40658e+25,3.43598e+10,93,34.9082,35,0.630023
1480,7.92282e+28,9.02452e+25,2.14756e+09,96,33.2383,31,0.577105
1481,3.09485e+26,4.87735e+23,2.68486e+08,88,31.2119,28,0.555908
1482,2.47588e+27,5.7344e+24,2.14757e+09,91,32.8984,31,0.473695
1483,7.92282e+28,8.03293e+25,5.36943e+08,96,31.8105,29,0.538342
1484,7.92282e+28,1.21529e+26,8.59002e+09,96,34.1338,33,0.606048
1485,2.47588e+27,3.4699e+24,1.07383e+09,91,32.4883,30,0.640548
1486,4.95176e+27,1.55978e+25,1.07382e+09,92,32.4092,30,0.50833
1487,9.90352e+27,1.50095e+25,1.07382e+09,93,33.1289,30,0.581177
1488,1.9807e+28,2.97342e+25,2.68491e+08,94,31.4766,28,0.472375
1489,1.9807e+28,2.27386e+25,1.07382e+09,94,32.8887,30,0.579759
1490,7.92282e+28,1.03411e+26,8.59004e+09,96,35.3721,33,0.588133
1491,2.47588e+27,2.86076e+24,6.71706e+07,91,31.1924,26,0.514484
1492,7.92282e+28,1.31026e+26,3.36027e+07,96,30.7725,25,0.599309
1493,7.92282e+28,8.2282e+25,1.07382e+09,96,32.7646,30,0.552968
1494,3.09485e+26,9.67386e+23,1.71799e+10,88,35.1035,34,0.618501
1495,3.96141e+28,4.32114e+25,8.59e+09,95,33.6719,33,0.622225
1496,1.23794e+27,2.39369e+24,6.87196e+10,90,36.3193,36,0.595807
1497,3.96141e+28,5.29247e+25,4.29505e+09,95,33.9541,32,0.558313
1498,7.92282e+28,1.26029e+26,8.59002e+09,96,34.3779,33,0.655515
1499,7.92282e+28,7.9259e+25,1.718e+10,96,35.2314,34,0.671358
