95.9399
0,434.639,8.36304,4,2,0.0390625,0,0.00645278
1,434.412,8.2749,4,2,0.0371094,0,0.00625772
2,434.954,8.413,5,2,0.0361328,0,0.00640571
3,110.371,8.82379,5,1,0.0419922,0,0.00635845
4,435.127,10.1463,5,2,0.0498047,0,0.00646179
5,434.639,10.4334,5,2,0.0537109,0,0.00641237
6,435.151,10.7385,5,2,0.0517578,0,0.00657782
7,434.818,8.86626,5,2,0.0380859,0,0.00661901
8,435.151,10.2367,5,2,0.046875,0,0.00651239
9,435.127,10.0176,5,2,0.0478516,0,0.00653947
10,435.151,11.091,5,2,0.0527344,0,0.00667475
11,110.903,9.30284,5,1,0.0439453,0,0.00656589
12,435.151,11.7105,5,2,0.0585938,0,0.00667529
13,435,10.2941,6,2,0.0488281,0,0.00665574
14,435.076,9.26872,6,2,0.0390625,0,0.00668944
15,435.151,10.8528,6,2,0.046875,0,0.00673633
16,435.117,11.8445,6,2,0.0566406,0,0.00680407
17,110.903,10.3739,6,1,0.0507812,0,0.00673856
18,435.149,10.4763,6,2,0.0478516,0,0.00669093
19,435.149,13.0605,6,2,0.0615234,0,0.00667826
20,112.44,10.7578,6,1,0.0507812,0,0.00685576
21,434.093,11.1503,6,2,0.0546875,0,0.00677282
22,1008.92,12.4965,6,3,0.0546875,0,0.00684441
23,110.903,11.2185,6,1,0.0566406,0,0.00686612
24,434.638,12.3969,6,2,0.0673828,0,0.00679177
25,435.117,12.9641,6,2,0.0693359,0,0.00673847
26,435.149,11.3334,6,2,0.0556641,0,0.00675701
27,435.151,11.92,6,2,0.0556641,0,0.00672918
28,434.954,10.941,6,2,0.0507812,0,0.00681315
29,435.076,12.1365,6,2,0.0595703,0,0.00672068
30,435.053,10.4376,6,2,0.0458984,0,0.00672935
31,435.151,11.3418,6,2,0.0537109,0,0.00684114
32,434.954,11.9825,6,2,0.0585938,0,0.00672445
33,435.076,11.8904,6,2,0.0595703,0,0.00683762
34,435.117,11.6261,6,2,0.0498047,0,0.00672437
35,435.151,13.2654,6,2,0.0654297,0,0.00681395
36,435.149,11.8068,6,2,0.0605469,0,0.00689342
37,435.151,13.3463,6,2,0.0664062,0,0.00699712
38,435.117,11.2584,6,2,0.0527344,0,0.0069672
39,434.129,12.886,6,2,0.0673828,0,0.00692269
40,435.053,12.9635,6,2,0.0693359,0,0.00683534
41,435.151,9.95032,6,2,0.0390625,0,0.00676395
42,434.954,11.0852,6,2,0.0517578,0,0.0068304
43,435.151,12.3226,6,2,0.0566406,0,0.00687081
44,434.954,12.8923,6,2,0.0664062,0,0.00684584
45,111.425,12.2867,6,1,0.0644531,0,0.00683501
46,435.149,12.1413,6,2,0.0566406,0,0.00693277
47,435.127,11.4142,6,2,0.0478516,0,0.00691316
48,435.149,11.5271,6,2,0.0556641,0,0.00681627
49,435.127,12.1528,6,2,0.0585938,0,0.00675455
50,435.127,12.2956,6,2,0.0585938,0,0.00677012
51,435.127,12.6489,6,2,0.0625,0,0.00705378
52,435.151,12.4793,6,2,0.0595703,0,0.00707467
53,435.151,13.6981,6,2,0.0634766,0,0.00707481
54,435.127,12.7567,6,2,0.0664062,0,0.0069555
55,435.149,16.2538,7,2,0.0859375,0,0.00707761
56,435.151,14.1635,7,2,0.0703125,0,0.00705741
57,1010.21,17.4005,7,3,0.0898438,0,0.00705728
58,435.127,14.8668,7,2,0.0771484,0,0.00705036
59,435.127,14.502,7,2,0.0732422,0,0.00710774
60,435.127,13.9158,7,2,0.0664062,0,0.00705139
61,435.151,14.8898,7,2,0.078125,0,0.00712028
62,435.151,16.2743,7,2,0.0859375,0,0.00705176
63,1007.46,16.1761,7,3,0.078125,0,0.00704673
64,434.639,13.3212,7,2,0.0644531,0,0.0070387
65,435.053,13.3033,7,2,0.0654297,0,0.00717839
66,435.053,12.7074,7,2,0.0595703,0,0.00709911
67,435.149,14.2938,7,2,0.0712891,0,0.00712233
68,435.127,15.5883,7,2,0.0859375,0,0.00708317
69,1011.31,15.3889,7,3,0.0751953,0,0.00714994
70,435,14.6544,8,2,0.0732422,0,0.00717459
71,435.149,15.8986,8,2,0.0742188,0,0.00724939
72,1010.21,15.7359,7,3,0.0761719,0,0.00714788
73,435.127,16.0071,8,2,0.0859375,0,0.0071665
74,434.954,14.4527,7,2,0.0712891,0,0.00722055
75,435.127,17.4849,8,2,0.0947266,0,0.00742696
76,435.149,16.3113,8,2,0.0888672,0,0.00732172
77,435.151,16.3997,8,2,0.0820312,0,0.00732318
78,435.053,17.3742,8,2,0.0957031,0,0.00733745
79,435.151,16.7665,8,2,0.0830078,0,0.00735076
80,435.127,16.5775,8,2,0.0859375,0,0.00731472
81,435.127,15.145,8,2,0.0751953,0,0.00734098
82,435.053,17.3703,8,2,0.0966797,0,0.00729022
83,1010.79,17.1582,8,3,0.0849609,0,0.0074237
84,435.127,16.883,8,2,0.0878906,0,0.00758885
85,435.151,17.9253,8,2,0.0898438,0,0.00749996
86,435.149,17.915,8,2,0.0957031,0,0.007528
87,435.149,18.3468,8,2,0.0986328,0,0.00759395
88,435.117,17.9511,8,2,0.100586,0,0.00744486
89,435.127,18.6689,8,2,0.0947266,0,0.00758849
90,435.127,20.7627,8,2,0.110352,0,0.00761851
91,435.127,19.9868,8,2,0.110352,0,0.00758214
92,435.149,20.5315,9,2,0.111328,0,0.00757141
93,435.151,21.2716,8,2,0.119141,0,0.0076377
94,435.151,20.8606,9,2,0.112305,0,0.00766042
95,435.151,19.9255,9,2,0.101562,0,0.00757242
96,435.151,19.2653,8,2,0.0996094,0,0.00759957
97,435.151,19.9691,9,2,0.106445,0,0.00769258
98,435.127,19.3734,9,2,0.101562,0,0.0078486
99,435.053,19.8318,9,2,0.106445,0,0.00780043
100,435.151,20.2341,9,2,0.108398,0,0.00780261
101,435.151,18.3965,9,2,0.0927734,0,0.00774076
102,435.127,21.2151,9,2,0.118164,0,0.00771658
103,435.151,20.3488,9,2,0.108398,0,0.00767346
104,435.151,21.9396,9,2,0.123047,0,0.00766269
105,435.151,20.6244,9,2,0.106445,0,0.00770046
106,435.151,22.1012,9,2,0.117188,0,0.00779716
107,435.151,22.5663,9,2,0.123047,0,0.00776898
108,435.151,21.9386,9,2,0.128906,0,0.00781
109,435.151,22.1192,9,2,0.123047,0,0.00780411
110,435.149,24.3059,9,2,0.135742,0,0.00794703
111,1009.59,23.6035,9,3,0.125977,0,0.00783557
112,435.149,21.8041,9,2,0.12207,0,0.00774868
113,1009.59,25.4364,9,3,0.137695,0,0.00785258
114,435.151,24.6327,9,2,0.138672,0,0.00790537
115,1008.92,24.0579,9,3,0.126953,0,0.0077706
116,435.151,24.276,9,2,0.141602,0,0.00777742
117,435.149,25.1679,9,2,0.149414,0,0.00769161
118,435.151,22.7403,9,2,0.12793,0,0.00776054
119,1011.31,30.0973,9,3,0.166016,0,0.00776774
120,435.149,25.351,9,2,0.147461,0,0.00788193
121,435.151,24.8527,9,2,0.141602,0,0.00796344
122,1008.92,26.4479,9,3,0.146484,0,0.00806522
123,435.151,27.9509,9,2,0.170898,0,0.00787285
124,1008.92,28.2772,9,3,0.166016,0,0.00787638
125,1009.59,27.2184,9,3,0.15332,0,0.00783317
126,435.151,27.4228,9,2,0.166992,0,0.00789433
127,435.151,28.6263,9,2,0.169922,0,0.00797686
128,1012.18,25.6977,9,3,0.143555,0,0.00793261
129,435.127,26.2428,9,2,0.15625,0,0.00786236
130,1009.59,28.1814,9,3,0.161133,0,0.00793434
131,435.151,26.7096,9,2,0.155273,0,0.00784011
132,1010.79,29.3337,9,3,0.170898,0,0.00799105
133,435.127,27.3021,9,2,0.158203,0,0.00789573
134,1007.46,32.8767,9,3,0.197266,0,0.00789279
135,435.151,26.7863,9,2,0.165039,0,0.00795164
136,435.151,27.8122,9,2,0.174805,0,0.00789032
137,1008.92,30.7927,9,3,0.18457,0,0.00793872
138,435.151,28.5851,9,2,0.163086,0,0.0079969
139,435.151,30.3211,9,2,0.1875,0,0.00794303
140,1008.92,34.228,9,3,0.203125,0,0.00805989
141,435.127,27.5835,9,2,0.170898,0,0.00794856
142,435.151,32.6722,9,2,0.196289,0,0.00810264
143,1008.92,31.8266,9,3,0.191406,0,0.00794825
144,435.151,30.8626,9,2,0.194336,0,0.00787941
145,1011.31,32.696,9,3,0.196289,0,0.00793453
146,1008.92,33.2243,9,3,0.203125,0,0.00799065
147,435.151,36.905,10,2,0.231445,0,0.00792599
148,435.149,34.9147,10,2,0.226562,0,0.00794742
149,1010.79,32.8539,9,3,0.200195,0,0.00791585
150,1010.21,34.8284,9,3,0.216797,0,0.00790989
151,1008.92,35.9707,10,3,0.219727,0,0.00797313
152,435.151,34.0188,9,2,0.212891,0,0.00790396
153,435.151,31.7196,9,2,0.185547,0,0.00797749
154,435.149,31.7543,9,2,0.199219,0,0.00802349
155,1008.92,32.5681,9,3,0.189453,0,0.0079639
156,435.151,31.2558,10,2,0.188477,0,0.00800037
157,435.151,33.1448,9,2,0.203125,0,0.0079195
158,1008.92,35.6922,9,3,0.212891,0,0.0079738
159,435.151,34.8911,10,2,0.227539,0,0.00790034
160,1010.21,30.6159,9,3,0.178711,0,0.00786702
161,1008.92,34.1124,9,3,0.208984,0,0.00788766
162,435.151,32.8524,9,2,0.21582,0,0.00806434
163,1010.21,38.2771,9,3,0.231445,0,0.00791677
164,1008.92,36.5087,9,3,0.226562,0,0.00798832
165,435.151,33.7673,10,2,0.203125,0,0.00803544
166,1009.59,37.2481,10,3,0.231445,0,0.00800441
167,1011.31,37.0806,10,3,0.227539,0,0.00800965
168,1009.59,33.3208,9,3,0.202148,0,0.00790741
169,1011.31,37.5475,10,3,0.230469,0,0.00802929
170,435.151,34.5663,10,2,0.216797,0,0.00798742
171,1007.46,35.0133,9,3,0.199219,0,0.00800164
172,1009.59,36.8197,10,3,0.226562,0,0.00810052
173,1010.21,35.888,10,3,0.211914,0,0.00795784
174,1846.55,39.8818,10,4,0.242188,0,0.00802
175,1008.92,41.0504,10,3,0.246094,0,0.00804965
176,1011.78,41.5443,10,3,0.262695,0,0.00792761
177,1008.92,40.2444,10,3,0.263672,0,0.00800761
178,435.151,35.9205,9,2,0.226562,0,0.00795933
179,1843.9,35.7479,9,4,0.222656,0,0.00800753
180,1008.92,38.7974,9,3,0.242188,0,0.0080268
181,1011.31,37.9829,9,3,0.240234,0,0.00805669
182,435.151,38.3424,10,2,0.250977,0,0.00804123
183,1010.21,40.8894,11,3,0.263672,0,0.00805449
184,1011.31,40.5765,9,3,0.242188,0,0.00794622
185,435.151,38.1958,10,2,0.243164,0,0.00807115
186,1011.31,35.7935,10,3,0.228516,0,0.00799339
187,435.151,39.8204,11,2,0.259766,0,0.00804136
188,435.151,40.8822,10,2,0.259766,0,0.00817136
189,435.151,35.7343,10,2,0.232422,0,0.00815063
190,1012.18,40.9638,11,3,0.259766,0,0.00808759
191,1008.92,41.3745,11,3,0.267578,0,0.00811837
192,1008.92,42.3332,10,3,0.274414,0,0.00812647
193,1008.92,45.5009,10,3,0.274414,0,0.00832013
194,1008.92,42.1305,11,3,0.265625,0,0.00813905
195,435.151,44.9411,11,2,0.296875,0,0.00821668
196,1009.59,43.7364,11,3,0.28418,0,0.00799975
197,1009.59,37.6661,10,3,0.241211,0,0.00792832
198,435.151,40.7651,10,2,0.271484,0,0.00813736
199,435.151,42.3638,10,2,0.28125,0,0.00803118
200,1008.92,42.9404,11,3,0.272461,0,0.00812428
201,1008.92,42.6396,10,3,0.270508,0,0.00809384
202,435.151,37.1388,10,2,0.237305,0,0.00803371
203,1008.92,37.6333,10,3,0.232422,0,0.0080775
204,1009.59,42.2028,11,3,0.263672,0,0.00811662
205,1011.31,50.9773,11,3,0.304688,0,0.00804155
206,1010.79,39.4173,11,3,0.261719,0,0.00819565
207,1010.21,43.9904,10,3,0.272461,0,0.0081345
208,1008.92,42.1789,11,3,0.266602,0,0.00815596
209,435.151,41.1869,11,2,0.268555,0,0.00838354
210,1008.92,48.3037,11,3,0.3125,0,0.00826754
211,435.151,42.6347,11,2,0.279297,0,0.00821671
212,1008.92,39.1842,10,3,0.25293,0,0.00804509
213,435.151,46.3682,11,2,0.299805,0,0.00823653
214,1011.31,46.7653,11,3,0.291992,0,0.0081163
215,435.151,40.9989,10,2,0.258789,0,0.00811471
216,1009.59,39.8171,11,3,0.263672,0,0.00814434
217,1008.92,46.943,11,3,0.299805,0,0.00806877
218,1008.21,39.7486,10,3,0.257812,0,0.00820407
219,1008.92,46.0597,11,3,0.291016,0,0.00811373
220,1008.92,46.6875,11,3,0.296875,0,0.00820801
221,1011.31,39.9594,11,3,0.258789,0,0.0081519
222,1009.59,48.0776,11,3,0.304688,0,0.00818477
223,435.151,42.5994,11,2,0.270508,0,0.00814247
224,435.151,43.1522,11,2,0.279297,0,0.00824187
225,1010.21,39.8537,11,3,0.256836,0,0.00811936
226,1011.31,47.1563,11,3,0.292969,0,0.00828596
227,1011.31,43.6735,11,3,0.274414,0,0.00821057
228,1011.31,42.6544,11,3,0.279297,0,0.00812314
229,1008.92,47.0209,11,3,0.307617,0,0.00815609
230,435.151,41.0357,11,2,0.264648,0,0.00827388
231,435.151,39.143,11,2,0.251953,0,0.00814331
232,1009.59,44.1206,11,3,0.287109,0,0.00817391
233,1843.9,44.329,11,4,0.270508,0,0.00805389
234,1843.9,43.0835,11,4,0.274414,0,0.00817879
235,1008.92,45.3935,11,3,0.285156,0,0.00824711
236,1008.92,48.6518,12,3,0.3125,0,0.00826184
237,1011.31,50.5718,11,3,0.308594,0,0.00823277
238,435.151,40.4597,11,2,0.258789,0,0.00811699
239,435.151,43.634,12,2,0.290039,0,0.00821949
240,1008.92,46.3749,11,3,0.294922,0,0.00816216
241,1008.92,46.4431,12,3,0.294922,0,0.00825563
242,435.151,43.622,11,2,0.287109,0,0.00826431
243,1008.92,46.0852,11,3,0.302734,0,0.00828567
244,1010.79,49.6344,12,3,0.3125,0,0.00837191
245,1845.26,48.1665,12,4,0.296875,0,0.0084062
246,1005.85,42.5742,12,3,0.280273,0,0.0083658
247,1008.92,43.7512,12,3,0.293945,0,0.00822502
248,1011.31,46.468,12,3,0.295898,0,0.00837105
249,1009.59,45.4692,12,3,0.297852,0,0.00840513
250,435.151,41.4814,11,2,0.274414,0,0.00833872
251,1011.31,50.981,12,3,0.31543,0,0.00836877
252,1011.78,48.3949,12,3,0.300781,0,0.00824207
253,1008.92,56.9862,13,3,0.364258,0,0.00839026
254,1011.31,48.7827,12,3,0.317383,0,0.00838845
255,435.151,49.9773,13,2,0.339844,0,0.00839866
256,1008.92,49.5718,13,3,0.318359,0,0.00839005
257,1008.92,43.9321,12,3,0.280273,0,0.00830545
258,1008.92,51.2864,12,3,0.327148,0,0.00834997
259,1008.92,46.9302,12,3,0.298828,0,0.00835326
260,1011.78,45.68,12,3,0.303711,0,0.00841159
261,1011.31,54.1734,13,3,0.353516,0,0.00848641
262,1011.31,49.4372,12,3,0.306641,0,0.00837854
263,1011.31,44.8353,13,3,0.295898,0,0.00844306
264,1011.31,49.8979,13,3,0.30957,0,0.00836876
265,1008.92,42.5556,11,3,0.271484,0,0.00833421
266,1008.92,47.5263,13,3,0.310547,0,0.00831244
267,1011.78,50.3189,12,3,0.329102,0,0.00834407
268,1008.92,47.3339,11,3,0.313477,0,0.00832171
269,1011.31,46.9634,12,3,0.310547,0,0.00833668
270,1010.21,52.1129,13,3,0.34375,0,0.00840778
271,1843.9,53.1187,13,4,0.333984,0,0.00837915
272,1010.21,53.5386,13,3,0.328125,0,0.00839897
273,1011.31,48.3107,13,3,0.319336,0,0.00832878
274,1008.92,47.6085,12,3,0.3125,0,0.00831589
275,1008.92,48.375,13,3,0.329102,0,0.0082992
276,1010.21,48.7167,13,3,0.313477,0,0.00840828
277,1009.59,52.4512,12,3,0.330078,0,0.00830366
278,1008.92,50.3688,13,3,0.334961,0,0.00833595
279,1011.78,44.8468,12,3,0.293945,0,0.00833301
280,1008.92,48.192,12,3,0.308594,0,0.00828556
281,1008.92,50.1522,12,3,0.328125,0,0.00823893
282,1011.31,54.4848,13,3,0.337891,0,0.00839403
283,1849.99,52.8188,13,4,0.335938,0,0.00832794
284,435.151,46.3675,12,2,0.293945,0,0.00834415
285,1010.21,49.3843,13,3,0.308594,0,0.00842047
286,1011.31,50.1314,13,3,0.324219,0,0.00830622
287,1011.31,54.9388,13,3,0.351562,0,0.0084552
288,1011.78,54.8547,13,3,0.354492,0,0.00833726
289,1010.79,52.5433,13,3,0.334961,0,0.00838212
290,1008.92,54.2285,13,3,0.345703,0,0.00846614
291,1004.1,51.4407,13,3,0.322266,0,0.00846177
292,435.127,40.7923,12,2,0.270508,0,0.00837243
293,1011.31,49.8721,12,3,0.326172,0,0.00824392
294,1011.78,50.7548,13,3,0.337891,0,0.00830408
295,1008.92,47.2512,13,3,0.317383,0,0.00831857
296,1010.21,49.1004,13,3,0.3125,0,0.00842291
297,1011.78,46.5833,13,3,0.30957,0,0.0082615
298,435.151,52.6254,13,2,0.356445,0,0.00822681
299,1011.31,44.8194,13,3,0.291992,0,0.00832756
300,1008.92,46.1102,13,3,0.306641,0,0.00823979
301,435.151,47.4171,13,2,0.323242,0,0.00822608
302,1008.92,46.818,13,3,0.307617,0,0.00830315
303,1008.92,52.6428,13,3,0.344727,0,0.00824663
304,1009.59,49.399,12,3,0.3125,0,0.00843224
305,1009.59,48.728,13,3,0.305664,0,0.00837301
306,1010.21,46.296,13,3,0.31543,0,0.00828709
307,1010.79,47.5031,13,3,0.297852,0,0.00827268
308,1800.39,46.8114,13,4,0.297852,0,0.00832292
309,435.151,47.5827,12,2,0.317383,0,0.00827396
310,435.151,49.1388,13,2,0.320312,0,0.00840203
311,1009.59,48.3757,13,3,0.311523,0,0.00831674
312,1009.59,49.7884,13,3,0.307617,0,0.00829402
313,1011.31,52.5712,13,3,0.34668,0,0.00837481
314,1008.92,49.6951,13,3,0.318359,0,0.00829215
315,1008.92,50.7299,13,3,0.323242,0,0.00846429
316,1008.92,51.3078,13,3,0.336914,0,0.00828453
317,1009.59,53.9895,13,3,0.338867,0,0.00832867
318,435.151,43.6574,12,2,0.291016,0,0.0083838
319,435.151,46.5706,12,2,0.286133,0,0.00835635
320,1005.85,49.8561,13,3,0.332031,0,0.00837405
321,435.151,48.8847,13,2,0.330078,0,0.00835404
322,1009.59,52.16,13,3,0.338867,0,0.00835366
323,435.151,49.7468,13,2,0.332031,0,0.00836789
324,1011.31,50.5779,13,3,0.332031,0,0.00836307
325,1008.92,47.7615,13,3,0.287109,0,0.00836506
326,1008.92,53.2602,13,3,0.339844,0,0.00840946
327,1009.59,45.9778,13,3,0.299805,0,0.00837803
328,1848.92,57.6943,13,4,0.357422,0,0.00835764
329,1010.79,50.8067,13,3,0.323242,0,0.00842506
330,1842.49,54.2292,13,4,0.351562,0,0.0083563
331,1843.9,48.3011,13,4,0.314453,0,0.00834095
332,1008.92,51.2902,13,3,0.331055,0,0.00839917
333,1834.62,53.6546,13,4,0.326172,0,0.00838031
334,1009.59,50.2858,13,3,0.326172,0,0.00833869
335,1011.31,50.1465,13,3,0.318359,0,0.00843094
336,1008.92,50.8882,13,3,0.314453,0,0.0083805
337,1009.59,48.2093,13,3,0.311523,0,0.00848477
338,1008.92,48.7554,13,3,0.314453,0,0.0085082
339,435.151,51.3552,13,2,0.338867,0,0.00847378
340,1008.21,51.8661,13,3,0.331055,0,0.00840008
341,1008.92,51.0814,13,3,0.328125,0,0.00844436
342,1010.21,51.81,13,3,0.338867,0,0.00849249
343,1008.92,52.0462,13,3,0.326172,0,0.00852441
344,1011.31,49.7,13,3,0.319336,0,0.0085288
345,435.151,48.1413,13,2,0.306641,0,0.00844878
346,435.151,49.0707,13,2,0.328125,0,0.00842541
347,435.149,48.426,13,2,0.302734,0,0.00838623
348,1009.59,52.0489,13,3,0.331055,0,0.00856409
349,1011.31,56.9057,13,3,0.368164,0,0.00854984
350,1011.31,54.7122,13,3,0.342773,0,0.00852252
351,1008.92,53.3331,13,3,0.328125,0,0.00867172
352,1008.92,51.633,13,3,0.325195,0,0.00857441
353,1008.92,49.4811,13,3,0.318359,0,0.0085684
354,1841.02,56.9612,13,4,0.348633,0,0.00857117
355,1008.92,54.4885,13,3,0.342773,0,0.00860996
356,1009.59,51.0945,13,3,0.319336,0,0.00855619
357,1004.1,52.5622,13,3,0.326172,0,0.00871524
358,1007.46,48.7565,13,3,0.320312,0,0.00863877
359,1008.92,53.2295,13,3,0.317383,0,0.00869291
360,1011.31,55.342,13,3,0.351562,0,0.00888275
361,1008.92,53.0071,13,3,0.328125,0,0.00905924
362,1004.1,53.7819,13,3,0.341797,0,0.00878129
363,1009.59,53.1443,13,3,0.322266,0,0.00887766
364,1011.31,57.8182,13,3,0.359375,0,0.00906778
365,1005.85,57.7757,14,3,0.359375,0,0.0089284
366,1010.21,56.0686,14,3,0.358398,0,0.0091555
367,1008.21,55.4103,15,3,0.34375,0,0.00913131
368,1002.23,57.2929,14,3,0.348633,0,0.00910803
369,1012.18,55.9869,15,3,0.334961,0,0.00915033
370,1008.92,58.467,15,3,0.349609,0,0.00942518
371,1836.29,64.5212,15,4,0.37793,0,0.00951971
372,1008.92,58.4527,15,3,0.350586,0,0.00941991
373,1005.85,60.5281,15,3,0.358398,0,0.00933751
374,1002.23,57.1513,15,3,0.357422,0,0.00965896
375,1010.21,60.4012,15,3,0.360352,0,0.00942346
376,1006.68,60.2955,15,3,0.366211,0,0.00961708
377,1000.23,63.561,17,3,0.384766,0,0.00991729
378,1005.85,58.5207,15,3,0.351562,0,0.00982237
379,1011.31,65.0462,16,3,0.389648,0,0.00958748
380,435.151,56.8603,16,2,0.350586,0,0.00962887
381,1011.31,63.5825,17,3,0.378906,0,0.00975076
382,435.151,60.2724,17,2,0.362305,0,0.00982237
383,1821.75,63.3548,17,4,0.369141,0,0.0101003
384,1005.85,63.7198,17,3,0.37793,0,0.00997152
385,1002.23,58.6061,17,3,0.355469,0,0.00976761
386,1836.29,67.9799,17,4,0.379883,0,0.00983486
387,1011.31,58.2665,17,3,0.331055,0,0.0100964
388,1008.92,62.75,17,3,0.358398,0,0.0103519
389,1008.92,63.9701,17,3,0.378906,0,0.0103834
390,1011.31,66.3548,17,3,0.373047,0,0.0104238
391,1823.71,70.7577,17,4,0.399414,0,0.0104127
392,1010.21,62.2911,17,3,0.37793,0,0.0104188
393,1837.92,63.0194,17,4,0.363281,0,0.0104035
394,1837.92,69.4562,17,4,0.400391,0,0.0103959
395,1007.46,64.2991,18,3,0.379883,0,0.0106189
396,1793.4,67.4213,19,4,0.394531,0,0.0109962
397,1827.51,70.081,19,4,0.408203,0,0.0111614
398,1010.21,66.9282,18,3,0.381836,0,0.0108954
399,1008.92,72.132,18,3,0.40918,0,0.0108731
400,1831.15,71.851,19,4,0.401367,0,0.0113361
401,1011.31,70.9512,19,3,0.392578,0,0.0110726
402,1811.47,76.0869,20,4,0.407227,0,0.011317
403,5695.98,76.3971,19,7,0.40332,0,0.0112399
404,1002.23,66.2875,19,3,0.368164,0,0.0117222
405,1004.1,76.0634,21,3,0.418945,0,0.0120436
406,1831.15,75.9933,21,4,0.402344,0,0.0117207
407,1008.21,72.1154,20,3,0.380859,0,0.0118849
408,1800.39,78.6422,21,4,0.421875,0,0.0122115
409,2947.39,83.3294,25,5,0.436523,0,0.0130713
410,1007.46,80.5181,23,3,0.422852,0,0.0131193
411,1807.12,86.8492,25,4,0.435547,0,0.0135464
412,2860.33,77.9719,22,5,0.385742,0,0.0131153
413,1831.15,82.2227,25,4,0.410156,0,0.0138671
414,2867.41,81.6243,27,5,0.400391,0,0.0149049
415,1798.09,85.0375,29,4,0.421875,0,0.0143021
416,997.036,80.0942,29,3,0.393555,0,0.0146039
417,1002.23,78.3092,28,3,0.391602,0,0.0146111
418,1008.21,88.8581,31,3,0.431641,0,0.016198
419,1648.41,88.8888,37,4,0.419922,0,0.015883
420,1807.12,86.6038,34,4,0.398438,0,0.0166413
421,1786.17,90.758,37,4,0.405273,0,0.0165689
422,1441.16,90.8096,56,4,0.423828,0,0.017284
423,1815.68,95.2314,46,4,0.418945,0,0.0174346
424,1007.46,87.2182,84,3,0.382812,0,0.0179129
425,5340.83,97.6318,54,7,0.395508,0,0.0179899
426,1811.47,105.925,101,4,0.442383,0,0.0187262
427,2585.91,98.8862,101,5,0.425781,0,0.018803
428,1815.68,89.4103,101,4,0.394531,0,0.0182482
429,1821.75,98.6336,101,4,0.422852,0,0.0185373
430,1831.15,98.4081,101,4,0.420898,0,0.0189985
431,1010.21,85.9184,101,3,0.394531,0,0.0184152
432,1802.66,99.7493,101,4,0.431641,0,0.0190396
433,1005.85,95.1235,101,3,0.445312,0,0.0183881
434,1837.92,99.2977,101,4,0.455078,0,0.0176938
435,1000.23,92.7845,101,3,0.410156,0,0.0188267
436,1011.31,103.347,101,3,0.444336,0,0.0189236
437,1729.75,105.241,101,4,0.462891,0,0.0182999
438,1011.31,98.5004,101,3,0.432617,0,0.0189698
439,1804.91,108.323,101,4,0.446289,0,0.0201715
440,1783.71,108.569,101,4,0.469727,0,0.0195238
441,1798.09,115.757,101,4,0.504883,0,0.0184103
442,1800.39,111.572,101,4,0.480469,0,0.0199337
443,1834.62,117.219,101,4,0.493164,0,0.0195078
444,2877.78,121.917,101,5,0.506836,0,0.0198047
445,1817.74,107.375,101,4,0.466797,0,0.0199285
446,1804.91,118.325,101,4,0.511719,0,0.0199207
447,2718.6,116.55,101,5,0.505859,0,0.0194885
448,5638.51,132.208,101,7,0.53418,0,0.0202431
449,5502.26,128.475,101,7,0.504883,0,0.0202186
450,1823.71,109.178,101,4,0.462891,0,0.0201904
451,2881.17,120.529,101,5,0.511719,0,0.0205485
452,2811.38,118.441,101,5,0.496094,0,0.0206222
453,2903.85,128.699,101,5,0.535156,0,0.0204058
454,1752.35,130.649,101,4,0.557617,0,0.0200604
455,1741.21,121.008,101,4,0.506836,0,0.0209614
456,2838.35,131.718,101,5,0.540039,0,0.0220125
457,3686.64,140.846,101,6,0.582031,0,0.0209032
458,1843.9,134.011,101,4,0.556641,0,0.0204872
459,1832.91,127.397,101,4,0.540039,0,0.0203729
460,4203.62,140.566,101,7,0.571289,0,0.0209006
461,2881.17,150.667,101,5,0.613281,0,0.0212501
462,2863.89,142.029,101,5,0.612305,0,0.0209897
463,7334.42,151.727,101,8,0.617188,0,0.0211919
464,5717,154.774,101,7,0.621094,0,0.0210677
465,2834.58,152.107,101,5,0.597656,0,0.0219984
466,3735.08,157.447,101,6,0.649414,0,0.0219654
467,3980.98,156.572,101,6,0.629883,0,0.0209508
468,2799.41,144.258,101,5,0.616211,0,0.021057
469,2830.78,147.436,101,5,0.601562,0,0.0215788
470,3848.83,155.632,101,6,0.638672,0,0.0217554
471,4040.28,161.828,101,6,0.663086,0,0.0216505
472,3962.71,168.012,101,6,0.693359,0,0.0211371
473,3308.87,174.736,101,6,0.703125,0,0.0213143
474,2884.52,169.138,101,5,0.692383,0,0.0202737
475,2823.1,163.85,101,5,0.699219,0,0.0212844
476,2874.36,163.272,101,5,0.701172,0,0.0209221
477,4181.49,178.349,101,6,0.725586,0,0.0205221
478,8557.94,189.78,101,9,0.746094,0,0.021968
479,6915.1,215.966,109.275,8,0.830078,1,0.0213372
480,7391.97,206.924,106.306,8,0.814453,1,0.0208831
481,5601.59,207.318,105.663,7,0.814453,1,0.0203849
482,7334.42,195.323,105.663,8,0.791016,1,0.0199078
483,5653.06,215.281,108.13,7,0.829102,1,0.0223555
484,12571.1,231.574,110.903,10,0.869141,1,0.0207263
485,4201.3,212.086,109.829,6,0.839844,1,0.0205426
486,4196.4,201.95,109.275,6,0.824219,1,0.0220834
487,4134.93,226.224,109.829,6,0.875977,1,0.0216359
488,5462.84,252.783,111.425,7,0.941406,1,0.0221343
489,15453.8,286.758,111.425,11,0.974609,1,0.0217951
490,6989.67,275.035,112.934,8,1.00781,1,0.0212461
491,6968.48,267.61,112.934,8,0.983398,1,0.0213427
492,12293.2,307.41,112.934,10,1.02246,1,0.0212287
493,12660,286.673,112.934,10,1.00391,1,0.0222772
494,13703.7,282.126,112.934,11,0.974609,1,0.0222299
495,14340.2,319.392,116.603,11,1.0918,1,0.0222303
496,9394.74,306.86,116.603,9,1.09473,1,0.0228439
497,10538.9,336.582,114.366,10,1.10547,1,0.0215738
498,9763.41,362.108,115.282,9,1.15918,1,0.0236893
499,18138.8,371.29,116.17,12,1.17578,1,0.0227289
500,13818,429.178,119.071,11,1.2793,1,0.0234547
501,10981.1,466.273,118.273,10,1.35938,1,0.0235975
502,12609.4,416.23,118.675,10,1.25293,1,0.0241153
503,35566.8,522.373,120.97,14,1.40039,1,0.0241747
504,95430.5,647.163,124.711,16,1.44824,1,0.0245449
505,36160.7,636.466,125.938,14,1.53125,1,0.02597
506,25189.3,573.173,126.526,13,1.48047,1,0.0244661
507,16142.6,585.201,125.637,11,1.51172,1,0.0257371
508,26722.7,729.352,136.902,13,1.69434,1,0.0255574
509,37531.6,836.126,136.624,14,1.70996,1,0.0267911
510,27945.8,797.601,137.037,13,1.76367,1,0.0264603
511,292622,1084.44,137.675,18,1.82227,1,0.0273371
512,56234.8,1016.38,137.553,15,1.96875,1,0.0258136
513,91140.8,1037.41,139.723,16,2.02734,1,0.0273309
514,163986,1415.6,341.411,17,2.24316,2,0.0277238
515,94202.9,1212.33,140.131,16,2.15625,1,0.027293
516,20221,1067.24,361.507,12,2.13574,2,0.0256757
517,90810.3,1251.52,342.569,16,2.19141,2,0.0266891
518,56719.8,1261.24,336.734,15,2.1875,2,0.0269938
519,38073.4,1417.76,418.997,14,2.47656,2,0.0285202
520,164702,2131.74,427.827,17,2.68164,2,0.0294613
521,90510.2,1774.69,422.61,16,2.68848,2,0.0307693
522,297684,2445.74,430.413,18,2.93262,2,0.0307819
523,562136,3024.62,433.384,19,3.20996,2,0.0344446
524,296467,3468.23,764.846,18,3.46484,3,0.0336781
525,162984,2789.14,717.746,17,3.49902,3,0.0360075
526,562054,3986.25,916.75,19,3.70801,3,0.0369988
527,564648,3261.15,787.503,19,3.50293,3,0.0359434
528,1.09441e+06,5919.92,754.581,20,3.56934,3,0.0370148
529,559863,5206.79,882.207,19,3.89258,3,0.0398412
530,292417,4003.85,926.292,18,3.87891,3,0.038069
531,296691,4147.87,910.884,18,3.79297,3,0.0378485
532,1.09354e+06,4953,896.806,20,3.81543,3,0.0381442
533,2.14577e+06,6376.84,939.138,21,3.99609,3,0.0392445
534,1.09509e+06,8164.84,986.145,20,4.47754,3,0.041784
535,564221,6421.87,992.422,19,4.3877,3,0.0422988
536,2.14902e+06,9565.75,1258.95,21,4.58887,4,0.0419989
537,1.68437e+07,24463.1,1298.52,24,4.55566,4,0.0419972
538,2.14134e+06,13619.9,1702.88,21,5.07324,4,0.0434766
539,2.14856e+06,16810.1,1741.21,21,5.16602,4,0.0423156
540,4.25108e+06,14618.5,1726.84,22,4.92188,4,0.0404098
541,4.24926e+06,21782.5,1729.75,22,5.15918,4,0.0434571
542,8.44904e+06,41926.3,2488.11,23,5.64551,5,0.0436971
543,3.36238e+07,64824.4,1819.76,25,5.55273,4,0.0427908
544,3.36241e+07,52813.7,2696.01,25,5.8584,5,0.0442255
545,8.44985e+06,27753.5,2639.78,23,5.74609,5,0.0436497
546,3.36192e+07,94559.6,2749.33,25,6.25781,5,0.0462618
547,3.3627e+07,119571,2838.35,25,6.45215,5,0.0463021
548,3.36278e+07,107842,3499.24,25,6.71777,6,0.0498483
549,3.36284e+07,162249,3874.74,25,6.74512,6,0.0499101
550,3.36247e+07,214379,4051.83,25,7.26465,6,0.051728
551,1.07384e+09,1.19494e+06,4206.17,30,7.50195,6,0.0532484
552,1.34292e+08,266849,5282.07,27,7.51953,7,0.0538615
553,1.68444e+07,152873,3993.04,24,7.12305,6,0.0510419
554,2.14759e+09,2.42382e+06,4080.24,31,7.30078,6,0.0507077
555,6.71842e+07,381255,4926.38,26,7.5957,7,0.0543486
556,6.71911e+07,238463,4981.75,26,7.5293,7,0.0550451
557,6.71803e+07,336344,5525.6,26,7.76953,7,0.055923
558,1.343e+08,437289,4898.44,27,7.47559,7,0.0537367
559,1.68394e+07,112371,4074.61,24,7.23438,6,0.0543333
560,1.34295e+08,271571,3658.56,27,6.8457,6,0.052471
561,6.71817e+07,343623,3881.17,26,7.03125,6,0.0522002
562,2.68523e+08,613636,4430.35,28,7.62012,7,0.0549273
563,6.71858e+07,234404,4239.12,26,7.37695,6,0.0554984
564,2.68528e+08,848678,4010.94,28,7.24414,6,0.0546751
565,6.71862e+07,398770,4990.92,26,7.33008,7,0.0533618
566,5.36968e+08,1.5142e+06,4290.68,29,7.75195,6,0.0564669
567,5.36966e+08,1.93469e+06,3968.82,29,7.47363,6,0.0542177
568,1.343e+08,689726,4708.09,27,7.67969,7,0.0541653
569,1.34299e+08,490090,5170.06,27,7.63672,7,0.0539442
570,2.68527e+08,1.01587e+06,4450.6,28,7.60938,7,0.0540436
571,8.59006e+09,8.75156e+06,4765.93,33,7.60352,7,0.0526394
572,2.68522e+08,700291,5454.88,28,8.05566,7,0.054471
573,1.07385e+09,2.95765e+06,6639.71,30,8.50586,8,0.0566647
574,6.71865e+07,521445,7265.96,26,8.6084,8,0.0567996
575,1.07384e+09,2.01692e+06,5324.16,30,8.11816,7,0.0567198
576,2.14759e+09,4.53431e+06,5609.03,31,8.16504,7,0.0549086
577,5.36957e+08,1.30149e+06,5631.18,29,8.41113,7,0.058923
578,1.07384e+09,1.57329e+06,5510.07,30,8.20703,7,0.0579211
579,2.14759e+09,2.62649e+06,4074.61,31,7.62891,6,0.0586123
580,2.68525e+08,897617,4016.86,28,7.54492,6,0.0559027
581,2.68525e+08,1.53751e+06,4124.23,28,7.76953,6,0.0591039
582,5.36969e+08,1.15355e+06,4068.96,29,7.6709,6,0.0577716
583,5.36963e+08,1.80434e+06,4096.95,29,7.67676,6,0.0550043
584,2.68521e+08,1.59312e+06,4107.95,28,7.60156,6,0.0552519
585,5.36973e+08,1.07923e+06,4005,29,7.46484,6,0.0542923
586,2.68524e+08,1.43786e+06,4215.78,28,7.86328,6,0.0562616
587,4.29508e+09,5.21985e+06,3999.03,32,7.52441,6,0.054059
588,1.343e+08,961558,5373.9,27,8.06543,7,0.0550101
589,2.68523e+08,968974,4091.41,28,7.95703,6,0.0558944
590,5.3697e+08,1.80267e+06,4639.85,29,7.66211,7,0.0540295
591,2.14759e+09,5.17712e+06,5422.79,31,8.25,7,0.0560961
592,5.36971e+08,2.00048e+06,5494.43,29,8.11719,7,0.0552
593,1.07385e+09,2.83056e+06,5398.45,30,7.91309,7,0.0545436
594,2.14759e+09,4.33497e+06,4206.17,31,7.625,6,0.0554587
595,2.14759e+09,3.2476e+06,4102.47,31,7.52246,6,0.0554568
596,2.1476e+09,4.20175e+06,3900.32,31,7.28516,6,0.0540837
597,1.07385e+09,4.78218e+06,2731.9,30,6.94238,5,0.053228
598,2.14759e+09,5.87878e+06,3868.3,31,7.55762,6,0.0570409
599,1.07384e+09,3.29206e+06,3378.48,30,7.21875,6,0.0534707
600,2.14757e+09,3.97768e+06,3968.82,31,7.5166,6,0.0558687
601,8.59006e+09,1.33696e+07,4077,33,7.70508,7,0.0570655
602,2.14758e+09,4.98592e+06,3491.81,31,7.53027,6,0.0562929
603,8.59005e+09,1.25858e+07,4040.28,33,7.85059,6,0.0562298
604,8.59006e+09,1.31016e+07,3925.55,33,7.84277,6,0.0580098
605,3.43599e+10,4.0589e+07,3868.3,35,7.70312,6,0.0576964
606,1.07385e+09,7.02426e+06,4907.77,30,8.31543,7,0.0589977
607,1.718e+10,2.35584e+07,4005,34,7.9082,6,0.0586297
608,2.14759e+09,1.10797e+07,3974.91,31,8.15234,6,0.0597015
609,2.14759e+09,8.92577e+06,3835.74,31,7.87012,6,0.0579915
610,1.718e+10,2.37014e+07,4756.33,34,8.55176,7,0.0621907
611,2.14759e+09,1.45521e+07,3789.31,31,7.81055,6,0.0581943
612,8.59004e+09,1.56753e+07,3796.01,33,7.80859,6,0.060358
613,1.07384e+09,9.23588e+06,5771.56,30,8.9082,7,0.0638306
614,1.07384e+09,6.4844e+06,5623.83,30,8.9248,7,0.0632296
615,4.29508e+09,1.39841e+07,4981.75,32,8.61426,7,0.0657245
616,6.87196e+10,9.31585e+07,5265.08,36,8.6084,7,0.0632797
617,3.43599e+10,5.73377e+07,3980.98,35,8.40527,6,0.0624454
618,8.59006e+09,3.41544e+07,5406.59,33,9.16504,7,0.0654155
619,1.718e+10,4.20722e+07,5579.09,34,8.84473,7,0.063547
620,3.43599e+10,9.10799e+07,5454.88,35,9.27148,7,0.0646963
621,8.59005e+09,3.22973e+07,5723.94,33,9.125,7,0.0637492
622,3.43599e+10,6.7436e+07,6491.28,35,9.40918,8,0.0648016
623,4.29508e+09,2.57666e+07,6828.47,32,9.49805,8,0.0647365
624,1.718e+10,5.21617e+07,6904.35,34,9.61328,8,0.0657246
625,4.29508e+09,1.81827e+07,5571.53,32,8.98828,7,0.0615865
626,8.59006e+09,3.52421e+07,5390.29,33,8.83105,7,0.0619646
627,1.718e+10,5.93092e+07,4134.93,34,8.55176,6,0.0613382
628,8.59006e+09,3.49288e+07,5222.21,33,8.53906,7,0.0617396
629,6.87196e+10,1.24075e+08,4804.14,36,8.72852,7,0.0611278
630,3.43599e+10,5.10217e+07,4140.23,35,8.44629,6,0.0614997
631,1.718e+10,7.06991e+07,4057.57,34,8.53516,6,0.060556
632,1.718e+10,5.12705e+07,4016.86,34,8.57129,6,0.0616343
633,5.49756e+11,5.95227e+08,4129.59,39,8.29688,6,0.0588972
634,4.29508e+09,2.27261e+07,5143.71,32,8.51953,7,0.0621143
635,4.29508e+09,2.46525e+07,4051.83,32,8.43359,6,0.0595617
636,6.87196e+10,1.00989e+08,4046.07,36,8.14551,6,0.0579911
637,1.37439e+11,1.6682e+08,3748.75,37,7.94141,6,0.0591798
638,6.87196e+10,1.37654e+08,4074.61,36,8.66309,6,0.0613321
639,6.87196e+10,1.69867e+08,4118.83,36,8.66797,6,0.064162
640,3.43599e+10,1.09022e+08,4034.46,35,8.54004,6,0.062591
641,8.59006e+09,3.63029e+07,3222.21,33,8.15234,6,0.0618026
642,1.718e+10,2.9415e+07,3206.27,34,7.88379,6,0.0582922
643,8.59006e+09,3.32586e+07,3393.79,33,8.26562,6,0.0628905
644,8.59006e+09,4.2985e+07,3968.82,33,8.26074,6,0.0632188
645,2.1476e+09,1.80571e+07,3815.97,31,7.98828,6,0.0619829
646,8.59005e+09,1.98284e+07,3919.27,33,8.10742,6,0.0602019
647,1.37439e+11,1.69976e+08,4276.54,37,8.58203,7,0.0630981
648,8.59006e+09,2.26915e+07,3900.32,33,8.12598,6,0.0623739
649,2.1476e+09,1.90074e+07,3324.44,31,7.98145,6,0.0600107
650,8.59006e+09,3.15257e+07,4470.79,33,8.63086,7,0.0607427
651,3.43599e+10,7.15042e+07,5462.84,35,8.79297,7,0.0599712
652,3.43599e+10,5.05307e+07,5373.9,35,8.94824,7,0.0611578
653,1.718e+10,4.37962e+07,4917.09,34,8.73633,7,0.0627639
654,6.87196e+10,1.38544e+08,5282.07,36,9.18359,7,0.0642621
655,1.718e+10,4.86754e+07,4145.5,34,8.68848,6,0.0626747
656,8.59006e+09,5.20955e+07,3855.34,33,8.14648,6,0.0599003
657,3.43599e+10,8.66257e+07,4659.43,35,8.74512,7,0.0625522
658,1.718e+10,5.17859e+07,3842.3,34,8.33887,6,0.0615096
659,6.87196e+10,1.57317e+08,5422.79,36,9.14941,7,0.0641268
660,1.718e+10,3.87495e+07,3931.8,34,8.59473,6,0.0612967
661,1.718e+10,4.96366e+07,5282.07,34,8.69824,7,0.0597504
662,1.718e+10,5.7325e+07,4166.27,34,8.5918,6,0.0604554
663,3.43599e+10,4.27085e+07,3925.55,35,7.87598,6,0.0576169
664,2.19902e+12,2.33857e+09,5438.88,41,8.93555,7,0.0589311
665,1.718e+10,7.65627e+07,7125.03,34,9.77344,8,0.0627375
666,1.718e+10,8.66633e+07,7226.23,34,9.89941,8,0.0643693
667,1.37439e+11,3.37757e+08,6172.47,37,9.34473,8,0.0612128
668,3.43598e+10,6.5039e+07,5478.69,35,8.98828,7,0.0606966
669,6.87196e+10,1.0731e+08,5784.84,36,9.5332,7,0.064019
670,1.718e+10,5.71582e+07,4196.4,34,8.98047,6,0.0621081
671,6.87196e+10,1.42042e+08,5914.47,36,9.3916,7,0.063372
672,1.718e+10,1.02689e+08,7557.96,34,10.2061,8,0.0663015
673,6.87196e+10,1.83794e+08,6160.4,36,9.64453,8,0.0645396
674,3.43599e+10,8.55675e+07,7344.08,35,10.0605,8,0.0651647
675,8.59006e+09,3.86394e+07,5556.33,33,9.21191,7,0.0609533
676,1.718e+10,7.092e+07,7246.15,34,9.84375,8,0.065561
677,3.43599e+10,1.6055e+08,9161.33,35,10.2793,9,0.0681446
678,6.87196e+10,1.95418e+08,7410.92,36,10.0684,8,0.0686361
679,1.37439e+11,2.47977e+08,7363.33,37,10.0947,8,0.0676876
680,3.43599e+10,2.00607e+08,8652.99,35,10.791,9,0.0711231
681,1.718e+10,1.05415e+08,7186.07,34,10.0713,8,0.0709456
682,1.37439e+11,3.2248e+08,8475.61,37,10.6611,9,0.0697942
683,1.37439e+11,2.50317e+08,7549.02,37,10.626,8,0.0712179
684,1.718e+10,6.14675e+07,8224.01,34,10.6289,9,0.0704651
685,3.43599e+10,1.70745e+08,7994.8,35,10.3516,9,0.0706538
686,3.43599e+10,7.95693e+07,8294.58,35,10.5166,9,0.0703967
687,3.43599e+10,1.5899e+08,8944.33,35,10.6982,9,0.0711685
688,6.87196e+10,1.8801e+08,9583.16,36,11.3418,9,0.0721126
689,6.87196e+10,2.04452e+08,9454.45,36,10.5557,9,0.0721503
690,6.87196e+10,3.106e+08,11266.4,36,11.4326,10,0.0776705
691,3.43599e+10,1.34049e+08,9955.32,35,11.1514,9,0.0749831
692,5.49756e+11,6.02362e+08,11664.1,39,11.3994,10,0.0749817
693,6.87196e+10,1.91704e+08,15759.9,36,12.6348,11,0.080357
694,4.39805e+12,4.39085e+09,12155.5,42,11.8604,10,0.0747481
695,3.43599e+10,1.62999e+08,7155.67,35,10.4277,8,0.0742925
696,1.37439e+11,2.29428e+08,9501.69,37,10.793,9,0.0747255
697,2.74878e+11,3.67773e+08,11971.7,38,11.4746,10,0.0741122
698,5.49756e+11,9.1125e+08,12099.5,39,11.9023,10,0.077522
699,3.43599e+10,1.72712e+08,11957.3,35,11.8301,10,0.0767191
700,6.87196e+10,4.86474e+08,11604.1,36,11.5615,10,0.0761726
701,5.49756e+11,7.41781e+08,11436.8,39,11.5869,10,0.0775536
702,2.19902e+12,2.58731e+09,12545.3,41,12.3828,10,0.0835547
703,2.74878e+11,1.23229e+09,19686.7,38,13.5557,12,0.0886531
704,1.37439e+11,6.81154e+08,13569.2,37,12.8828,11,0.0872465
705,2.74878e+11,9.68614e+08,12400.9,38,12.4775,10,0.0833205
706,5.49756e+11,9.63279e+08,15915.8,39,12.9795,11,0.0863379
707,2.74878e+11,1.172e+09,19667.2,38,13.6387,12,0.0889039
708,1.09951e+12,2.48916e+09,19249.3,40,13.1201,12,0.0871205
709,1.09951e+12,2.51949e+09,19647.6,40,13.5791,12,0.0888707
710,5.49756e+11,1.44012e+09,15551.8,39,13.2705,11,0.0868618
711,1.37439e+11,9.61021e+08,16772.9,37,13.1914,12,0.0878684
712,4.39805e+12,7.51219e+09,15600.3,42,13.3447,11,0.0875748
713,1.09951e+12,3.19039e+09,15453.8,40,13.3174,11,0.087238
714,1.09951e+12,3.47853e+09,11928.5,40,12.166,10,0.0813488
715,4.39805e+12,7.28733e+09,12480.2,42,12.709,10,0.0864071
716,8.79609e+12,1.0662e+10,13874.9,43,12.7256,11,0.0857221
717,2.19902e+12,4.15802e+09,20071,41,13.4912,12,0.0898672
718,1.09951e+12,2.99236e+09,22193.1,40,14.0547,13,0.0977717
719,4.39805e+12,8.74398e+09,20295.1,42,13.708,12,0.0960752
720,2.19902e+12,6.47233e+09,17942.8,41,13.4102,12,0.0908729
721,8.79609e+12,2.04318e+10,19370.1,43,13.4883,12,0.0940343
722,7.03687e+13,1.75478e+11,25189.3,46,14.2529,13,0.0990068
723,4.39805e+12,1.01624e+10,25731.1,42,14.3467,13,0.0980725
724,1.75922e+13,2.26819e+10,18922.2,44,13.1191,12,0.0912897
725,8.79609e+12,1.19843e+10,20969,43,13.3799,12,0.0895534
726,4.39805e+12,9.48341e+09,26525,42,14.4082,13,0.100286
727,8.79609e+12,2.35496e+10,23936.2,43,13.9951,13,0.0976022
728,4.39805e+12,8.03957e+09,25473.9,42,13.8896,13,0.0948304
729,4.39805e+12,6.74123e+09,27485,42,14.2842,13,0.0979276
730,1.37439e+11,8.64844e+08,26939.2,37,14.0166,13,0.0948274
731,2.74878e+11,1.10292e+09,20014.2,38,13.4482,12,0.0934959
732,5.49756e+11,2.43921e+09,18246.7,39,13.1621,12,0.0916389
733,2.19902e+12,6.31944e+09,12141.5,41,12.0439,10,0.0864208
734,2.74878e+11,1.00065e+09,18545.6,38,12.9658,12,0.0907576
735,1.09951e+12,2.24932e+09,15420.8,40,12.4775,11,0.0896632
736,1.09951e+12,1.75792e+09,12071.3,40,11.8516,10,0.0863813
737,5.49756e+11,1.45149e+09,14911.8,39,12.5791,11,0.0887871
738,2.19902e+12,5.82283e+09,15287.8,41,12.7705,11,0.0909234
739,4.39805e+12,7.83154e+09,15822.7,42,12.96,11,0.0935325
740,2.19902e+12,3.24946e+09,19309.8,41,13.2695,12,0.0903398
741,3.51844e+13,4.68737e+10,20441.6,45,13.6523,12,0.0943824
742,1.75922e+13,1.92853e+10,20239.6,44,13.7646,12,0.094165
743,2.19902e+12,5.99692e+09,24087.1,41,14.1406,13,0.0966623
744,2.81475e+14,3.07545e+11,15616.4,48,13.2832,11,0.0927868
745,3.51844e+13,6.23836e+10,16680.4,45,13.4297,12,0.0943149
746,2.19902e+12,1.07343e+10,15977.2,41,13.6592,11,0.0973955
747,1.75922e+13,3.19574e+10,15304.6,44,13.0674,11,0.0911178
748,4.39805e+12,8.55234e+09,15387.8,42,13.1143,11,0.0927159
749,1.09951e+12,5.20107e+09,15977.2,40,12.8506,11,0.0920714
750,8.79609e+12,1.28495e+10,15584.2,43,13.1113,11,0.0910565
751,1.75922e+13,2.72734e+10,18289.7,44,13.584,12,0.0909455
752,3.51844e+13,4.08974e+10,17678.5,45,13.6123,12,0.0905734
753,8.79609e+12,2.39497e+10,26982.1,43,14.5479,13,0.0931566
754,4.39805e+12,1.76955e+10,38944.1,42,15.3896,14,0.0988571
755,4.39805e+12,2.00934e+10,37506.5,42,15.2061,14,0.0993201
756,1.09951e+12,6.36435e+09,27827.7,40,14.7383,13,0.0958449
757,1.75922e+13,7.35094e+10,37229,44,15.1182,14,0.0971191
758,2.19902e+12,1.26314e+10,27382.1,41,14.8301,13,0.0967634
759,2.19902e+12,6.621e+09,25984.7,41,14.5068,13,0.0961328
760,1.75922e+13,5.77199e+10,27688.1,44,15.3789,13,0.101243
761,5.6295e+14,6.50754e+11,20744.9,49,14.2432,12,0.0957277
762,2.19902e+12,9.18099e+09,26744.5,41,14.6426,13,0.0962766
763,7.03687e+13,1.57099e+11,18651.1,46,13.9336,12,0.0934563
764,3.51844e+13,4.51615e+10,20108.7,45,14.1992,12,0.0972768
765,7.03687e+13,9.46668e+10,24876.4,46,14.708,13,0.0969588
766,7.03687e+13,8.63296e+10,15992.4,46,13.7256,11,0.0955666
767,3.51844e+13,1.18378e+11,25045.5,45,14.8574,13,0.0994769
768,4.39805e+12,1.80543e+10,26788,42,14.7588,13,0.0974604
769,3.51844e+13,3.97486e+10,20459.8,45,14.1377,12,0.0930925
770,8.79609e+12,2.6169e+10,18289.7,43,13.3398,12,0.0907321
771,2.19902e+12,5.937e+09,19410.1,41,13.4463,12,0.0928111
772,2.19902e+12,7.2848e+09,15371.2,41,12.8408,11,0.0888906
773,4.39805e+12,8.76388e+09,15551.8,42,12.9756,11,0.0876912
774,1.75922e+13,2.73602e+10,14981.3,44,12.9482,11,0.0920011
775,2.19902e+12,3.51714e+09,20071,41,13.374,12,0.0907674
776,8.79609e+12,1.04438e+10,19147.9,43,13.2227,12,0.0910996
777,2.19902e+12,6.71261e+09,15915.8,41,12.8848,11,0.0880438
778,1.40737e+14,1.81953e+11,15337.9,47,12.5742,11,0.0856245
779,4.39805e+12,9.54095e+09,18776.8,42,13.1807,12,0.0905326
780,5.49756e+11,1.94528e+09,15992.4,39,13.2422,11,0.0929483
781,8.79609e+12,2.07914e+10,9828.73,43,11.7754,9,0.0843286
782,1.09951e+12,3.65648e+09,17877.1,40,13.1221,12,0.0909747
783,4.39805e+12,6.55279e+09,12169.4,42,12.0684,10,0.0881831
784,1.09951e+12,2.08643e+09,9944.99,40,11.9346,9,0.0847718
785,4.39805e+12,8.39898e+09,9285.43,42,11.4785,9,0.0830023
786,8.79609e+12,1.11621e+10,14981.3,43,12.8643,11,0.0914224
787,1.09951e+12,5.73465e+09,15551.8,40,13.0723,11,0.0905412
788,1.40737e+14,1.4023e+11,13646.2,47,12.7764,11,0.0919142
789,5.49756e+11,1.32149e+09,14911.8,39,12.5205,11,0.0831782
790,4.39805e+12,9.19261e+09,19168.2,42,13.1094,12,0.0873342
791,1.1259e+15,1.1116e+12,13059.8,50,12.1934,11,0.0850249
792,1.09951e+12,2.19165e+09,12057.2,40,12.0977,10,0.087889
793,1.09951e+12,2.34846e+09,12224.8,40,11.7598,10,0.0822989
794,1.09951e+12,2.68279e+09,10252.2,40,11.3311,10,0.0801714
795,2.19902e+12,2.64814e+09,10704.6,41,10.9473,10,0.079183
796,8.79609e+12,1.00024e+10,12279.6,43,12.0957,10,0.0815542
797,2.19902e+12,5.11739e+09,12028.8,41,11.6436,10,0.0775108
798,1.37439e+11,6.52056e+08,9260.83,37,10.7686,9,0.0715369
799,1.09951e+12,1.74838e+09,9161.33,40,10.9463,9,0.0744136
800,1.75922e+13,1.83287e+10,12252.2,44,11.4932,10,0.0768854
801,3.51844e+13,4.41473e+10,12252.2,45,11.666,10,0.0764118
802,8.79609e+12,1.32368e+10,12467.1,43,12.1729,10,0.0824646
803,1.09951e+12,3.14949e+09,12169.4,40,12.0889,10,0.0828238
804,3.51844e+13,5.38343e+10,11782.8,45,11.8252,10,0.0822003
805,5.6295e+14,5.67305e+11,14044.2,49,12.3564,11,0.0865722
806,2.19902e+12,9.25413e+09,7467.02,41,10.6289,8,0.0804337
807,2.19902e+12,2.94337e+09,6871.97,41,9.91211,8,0.0753912
808,8.79609e+12,1.10594e+10,7391.97,43,10.5449,8,0.078469
809,5.49756e+11,2.23895e+09,7363.33,39,10.6309,8,0.0750157
810,3.51844e+13,3.93275e+10,7125.03,45,10.6094,8,0.0770269
811,5.49756e+11,1.59914e+09,7448.45,39,10.7109,8,0.0754535
812,1.75922e+13,4.58908e+10,7372.91,44,10.3516,8,0.0784184
813,1.09951e+12,2.23587e+09,5764.86,40,9.86719,7,0.0713946
814,1.09951e+12,2.90304e+09,7391.97,40,10.8301,8,0.0760818
815,1.09951e+12,2.10877e+09,9110.94,40,10.792,9,0.0780045
816,2.74878e+11,8.30415e+08,7448.45,38,10.626,8,0.0754859
817,5.49756e+11,1.9755e+09,7401.46,39,10.6348,8,0.0766894
818,1.09951e+12,2.33652e+09,10201,40,12.0303,10,0.0831912
819,3.51844e+13,3.80625e+10,11768,45,12.0312,10,0.0832312
820,2.74878e+11,1.0801e+09,11604.1,38,11.8496,10,0.0824835
821,4.39805e+12,1.21857e+10,7863.66,42,10.8467,9,0.0781936
822,1.75922e+13,2.80825e+10,9489.92,44,11.4072,9,0.0806087
823,5.49756e+11,1.03796e+09,12252.2,39,11.5928,10,0.082158
824,1.09951e+12,1.84613e+09,5548.69,40,9.6084,7,0.0712577
825,2.19902e+12,4.87745e+09,11140.6,41,11.4902,10,0.0793432
826,1.75922e+13,2.09084e+10,11723.6,44,11.7158,10,0.0797778
827,7.03687e+13,6.99634e+10,14736.2,46,12.3643,11,0.0836287
828,1.40737e+14,1.49092e+11,20165,47,14.3066,12,0.0950882
829,8.79609e+12,3.80726e+10,19529.4,43,14.0156,12,0.0934456
830,3.51844e+13,6.43809e+10,26098.8,45,14.4111,13,0.0954112
831,8.79609e+12,2.25831e+10,18880.8,43,13.5664,12,0.0904352
832,8.79609e+12,2.02343e+10,19549.2,43,13.5176,12,0.0915878
833,3.51844e+13,4.65918e+10,15254.3,45,12.7842,11,0.0863035
834,2.81475e+14,2.98551e+11,18225.2,48,13.0498,12,0.091435
835,1.75922e+13,5.01585e+10,14700.8,44,13.0244,11,0.09029
836,1.40737e+14,1.80126e+11,15050.2,47,12.7344,11,0.0898788
837,2.74878e+11,1.0053e+09,11250.8,38,11.5918,10,0.0820179
838,8.79609e+12,1.64614e+10,12371.9,43,12.1211,11,0.0830931
839,1.37439e+11,1.11121e+09,12169.4,37,12.335,10,0.0856011
840,4.39805e+12,1.26307e+10,15519.2,42,12.8066,11,0.0888148
841,8.79609e+12,2.10869e+10,12722.4,43,12.2295,10,0.0831486
842,1.40737e+14,1.77201e+11,10026.5,47,11.5938,9,0.0828464
843,8.79609e+12,2.58141e+10,12252.2,43,12.6836,10,0.087948
844,8.79609e+12,2.21046e+10,12224.8,43,12.96,10,0.0907922
845,7.03687e+13,1.03372e+11,8585.21,46,11.3154,9,0.0838203
846,1.40737e+14,1.52007e+11,12057.2,47,12.5586,10,0.0888774
847,1.40737e+14,1.96764e+11,15931.2,47,13.6143,11,0.0947915
848,3.51844e+13,1.42215e+11,10948.9,45,12.1055,10,0.0888625
849,7.03687e+13,1.13132e+11,11812.1,46,12.6045,10,0.0889539
850,3.51844e+13,5.88728e+10,12506.4,45,12.5156,10,0.0863862
851,3.51844e+13,7.76776e+10,13277.2,45,12.6367,11,0.0901883
852,2.81475e+14,4.2224e+11,11768,48,12.2334,10,0.0874312
853,7.03687e+13,1.07243e+11,15664.6,46,13.6475,11,0.0946682
854,7.03687e+13,1.00431e+11,13684.5,46,12.8848,11,0.0917082
855,1.1259e+15,1.24461e+12,20221,50,13.96,12,0.0971398
856,5.6295e+14,6.25664e+11,26234.6,49,14.7783,13,0.104716
857,1.75922e+13,6.25675e+10,17611.9,44,13.7744,12,0.103416
858,3.51844e+13,6.11307e+10,14449.5,45,13.1924,11,0.0946348
859,2.81475e+14,3.72102e+11,24237.2,48,14.7012,13,0.110981
860,2.81475e+14,3.61048e+11,17722.8,48,13.9102,12,0.102325
861,1.75922e+13,5.18383e+10,18566.8,44,13.9658,12,0.100252
862,1.75922e+13,5.43503e+10,12900.1,44,12.8477,11,0.0971471
863,2.19902e+12,9.61315e+09,14266.8,41,12.9883,11,0.0967993
864,2.81475e+14,3.09624e+11,17833.1,48,13.6182,12,0.102686
865,1.1259e+15,1.24968e+12,19489.7,50,13.9658,12,0.102072
866,5.6295e+14,6.36232e+11,13491.8,49,12.8203,11,0.0980328
867,1.40737e+14,1.71972e+11,15387.8,47,13.2441,11,0.0972734
868,8.79609e+12,1.21619e+10,16564.2,43,13.3848,12,0.0978354
869,2.19902e+12,6.70835e+09,16053,41,13.3652,11,0.0967354
870,4.39805e+12,2.47311e+10,13874.9,42,13.0928,11,0.101399
871,1.75922e+13,3.15862e+10,14100.2,44,12.8047,11,0.0948184
872,7.03687e+13,1.78669e+11,13511.2,46,12.708,11,0.0967414
873,3.60288e+16,3.52434e+13,13198.4,55,12.6113,11,0.0957598
874,3.51844e+13,5.3083e+10,14683,45,13.208,11,0.0976577
875,5.6295e+14,6.3434e+11,10868,49,12.2266,10,0.0931714
876,7.03687e+13,1.02814e+11,9478.13,46,11.5723,9,0.0899916
877,1.75922e+13,2.19635e+10,9696.83,44,11.7803,9,0.0919064
878,1.1259e+15,1.11522e+12,7339.45,50,11.0703,9,0.0868356
879,4.39805e+12,8.2835e+09,4410.03,42,9.28809,7,0.0787727
880,3.51844e+13,6.0004e+10,6196.55,45,10.4326,8,0.0842579
881,1.40737e+14,2.33504e+11,9442.57,47,11.5479,9,0.0876556
882,1.75922e+13,4.22917e+10,8571.59,44,11.0117,9,0.0856877
883,5.6295e+14,5.55248e+11,11282,49,11.8506,10,0.0885902
884,1.75922e+13,4.15025e+10,13780,44,12.7041,11,0.0935122
885,8.79609e+12,3.90348e+10,12647.4,43,12.9619,10,0.0969617
886,9.0072e+15,8.80644e+12,10588.8,53,12.1553,10,0.0912176
887,1.75922e+13,2.85852e+10,8406.41,44,11.4082,9,0.0851243
888,8.79609e+12,1.96885e+10,8081.35,43,11.29,9,0.0865639
889,1.40737e+14,1.54809e+11,9060.14,47,11.4043,9,0.0870157
890,2.81475e+14,3.64383e+11,5222.21,48,9.67383,7,0.0767684
891,1.09951e+12,3.08843e+09,4096.95,40,8.6582,6,0.0686797
892,1.75922e+13,2.75827e+10,7125.03,44,10.5039,8,0.0778781
893,8.79609e+12,1.46727e+10,5637.95,43,9.83398,8,0.0783843
894,1.09951e+12,3.87265e+09,5631.18,40,9.54785,7,0.0739409
895,1.75922e+13,4.93883e+10,8625.94,44,10.9775,9,0.0824994
896,8.79609e+12,3.35202e+10,8892.22,43,11.042,9,0.082692
897,3.51844e+13,3.84149e+10,7145.48,45,10.4209,8,0.0771268
898,3.51844e+13,8.49833e+10,8224.01,45,11.4561,9,0.0895962
899,2.81475e+14,4.73373e+11,8516.87,48,10.7812,9,0.0817916
900,7.03687e+13,9.5204e+10,9285.43,46,11.2266,9,0.0834346
901,2.81475e+14,3.12382e+11,11406.1,48,12.2539,10,0.0932278
902,1.75922e+13,5.1764e+10,7610.9,44,10.7256,8,0.0825614
903,8.79609e+12,1.33879e+10,5152.51,43,8.9502,7,0.0722258
904,8.79609e+12,1.41916e+10,7512.9,43,10.5547,8,0.0800401
905,7.03687e+13,8.02697e+10,8392.5,46,10.7178,9,0.0814684
906,1.40737e+14,1.45972e+11,12265.9,47,12.3848,10,0.0893483
907,1.75922e+13,3.73077e+10,12320.3,44,12.8281,10,0.0942753
908,1.40737e+14,2.17523e+11,11782.8,47,12.3213,10,0.089368
909,1.40737e+14,1.59352e+11,13741.9,47,12.7598,11,0.0937999
910,1.40737e+14,2.48965e+11,10455.2,47,11.6553,10,0.0868831
911,1.40737e+14,1.7623e+11,13491.8,47,12.8164,11,0.0951207
912,5.6295e+14,7.43694e+11,14771.6,49,13.2188,11,0.095245
913,1.40737e+14,1.83214e+11,14929.2,47,13.0791,11,0.0950414
914,8.79609e+12,3.79343e+10,12799.6,43,12.7168,11,0.0914201
915,1.40737e+14,1.84422e+11,16726.7,47,13.1416,12,0.0948657
916,1.75922e+13,2.69647e+10,12374.2,44,12.3037,10,0.0883857
917,1.75922e+13,5.0201e+10,12506.4,44,12.7734,10,0.0888589
918,1.40737e+14,1.7639e+11,12347.3,47,12.4258,10,0.0907792
919,8.79609e+12,4.0492e+10,19370.1,43,13.8154,12,0.0975607
920,1.09951e+12,3.72763e+09,14647.4,40,12.7666,11,0.0925378
921,4.39805e+12,5.84907e+09,17094,42,12.6445,12,0.0925729
922,1.09951e+12,4.51842e+09,14876.9,40,12.4375,11,0.086953
923,1.40737e+14,2.77486e+11,13511.2,47,12.2656,11,0.0882679
924,2.2518e+15,2.20774e+12,14876.9,51,12.5303,11,0.0891199
925,5.6295e+14,1.11626e+12,20917.9,49,14.04,12,0.10009
926,2.81475e+14,2.84475e+11,18860,48,13.3086,12,0.0961157
927,2.19902e+12,5.98026e+09,19745.2,41,13.7578,12,0.0990849
928,4.39805e+12,6.31373e+09,12099.5,42,12.0547,10,0.0913241
929,8.79609e+12,1.44506e+10,19147.9,43,13.5127,12,0.0974324
930,1.75922e+13,5.13503e+10,15775.6,44,13.2344,11,0.0957913
931,1.40737e+14,1.40964e+11,20567.8,47,13.9355,12,0.10157
932,7.03687e+13,7.41317e+10,23142.6,46,14.5654,13,0.100762
933,1.75922e+13,2.99995e+10,26831.4,44,14.8779,13,0.105334
934,3.51844e+13,7.6029e+10,25165.4,45,15.1611,13,0.107496
935,2.19902e+12,4.43038e+09,19957.1,41,13.7217,12,0.0944306
936,5.6295e+14,5.61067e+11,20350.3,49,13.9473,12,0.0953526
937,4.39805e+12,1.01242e+10,36921.8,42,14.9473,14,0.102562
938,7.03687e+13,1.58491e+11,19568.9,46,14.0879,12,0.101294
939,8.79609e+12,1.97925e+10,20495.9,43,14.4189,12,0.0999122
940,1.40737e+14,1.49565e+11,18566.8,47,13.8906,12,0.097551
941,7.03687e+13,7.44343e+10,24411,46,14.6729,13,0.0994362
942,1.40737e+14,1.42405e+11,26302.1,47,14.9131,13,0.103692
943,3.51844e+13,6.64401e+10,38218.1,45,15.751,14,0.109456
944,3.51844e+13,1.03205e+11,51420.3,45,15.4131,15,0.105599
945,5.6295e+14,6.39331e+11,27173.2,49,14.6172,13,0.101609
946,2.81475e+14,3.19702e+11,20405.2,48,13.8271,12,0.0973737
947,1.75922e+13,2.85137e+10,25308.4,44,14.7109,13,0.099361
948,1.1259e+15,1.11443e+12,38644.3,50,15.3584,14,0.10499
949,7.03687e+13,8.3591e+10,26831.4,46,14.7148,13,0.100397
950,1.75922e+13,2.88035e+10,37606.4,44,14.9062,14,0.104229
951,8.79609e+12,2.08174e+10,27215.3,43,15.0234,13,0.10232
952,1.75922e+13,2.58475e+10,28438.6,44,14.8125,13,0.0984846
953,4.39805e+12,1.46776e+10,25961.8,42,14.1016,13,0.0968315
954,7.03687e+13,1.31443e+11,26917.7,46,14.4609,13,0.0994031
955,3.51844e+13,3.93952e+10,25823.7,45,14.0586,13,0.0981832
956,8.79609e+12,2.09958e+10,24632.7,43,14.4727,13,0.10299
957,3.51844e+13,5.75472e+10,24997.3,45,14.5732,13,0.10445
958,2.81475e+14,3.07083e+11,25614.6,48,14.9307,13,0.108061
959,4.39805e+12,9.49469e+09,15437.3,42,12.7764,11,0.0934099
960,4.39805e+12,8.86113e+09,18524.4,42,13.333,12,0.0952909
961,7.03687e+13,1.15446e+11,27444,46,14.7744,13,0.103006
962,9.0072e+15,8.9038e+12,26458.5,53,14.9395,13,0.103435
963,1.75922e+13,2.72151e+10,19957.1,44,14.3037,12,0.0991289
964,9.0072e+15,8.81886e+12,24137.3,53,14.8291,13,0.103347
965,2.81475e+14,3.57638e+11,27003.5,48,15.1309,13,0.107755
966,7.03687e+13,1.41381e+11,25165.4,46,14.8955,13,0.106316
967,2.19902e+12,6.81857e+09,19706.2,41,14.1113,12,0.0993765
968,7.03687e+13,7.60967e+10,19976.2,46,13.542,12,0.0958648
969,8.79609e+12,3.33158e+10,19410.1,43,13.6787,12,0.0971959
970,7.03687e+13,1.58744e+11,18609,46,13.165,12,0.0942384
971,4.39805e+12,1.4787e+10,15680.5,42,13.1436,11,0.0964857
972,1.75922e+13,3.93152e+10,13741.9,44,12.4424,11,0.090648
973,5.6295e+14,6.32827e+11,14998.5,49,12.8633,11,0.095776
974,2.19902e+12,8.14773e+09,17207.6,41,12.8779,12,0.0918459
975,4.39805e+12,1.58352e+10,15759.9,42,13.0947,11,0.0925233
976,5.6295e+14,6.03601e+11,9763.41,49,12.0596,9,0.0886682
977,5.6295e+14,8.7036e+11,23090.6,49,14.2402,13,0.102892
978,1.40737e+14,2.72222e+11,12759.3,47,12.502,10,0.0927942
979,1.75922e+13,4.28362e+10,14248.4,44,12.8145,11,0.0970999
980,5.6295e+14,6.75295e+11,20221,49,13.7939,12,0.100762
981,3.51844e+13,9.52419e+10,19309.8,45,14.5283,12,0.104231
982,1.75922e+13,2.44097e+10,15304.6,44,13.3896,11,0.0987335
983,1.40737e+14,1.5622e+11,19450,47,14.541,12,0.10587
984,5.6295e+14,7.05501e+11,15931.2,49,14.1221,11,0.106042
985,9.0072e+15,9.27184e+12,23168.6,53,14.5947,13,0.107705
986,1.40737e+14,3.1442e+11,10337.1,47,12.71,10,0.0981995
987,1.1259e+15,3.01107e+12,14358.5,50,13.9941,11,0.106568
988,2.81475e+14,7.6204e+11,15470.2,48,13.6475,11,0.102115
989,3.51844e+13,1.19005e+11,10932.8,45,12.5459,10,0.0937367
990,3.51844e+13,1.08006e+11,13059.8,45,12.9219,11,0.0985312
991,1.40737e+14,1.90078e+11,9685.61,47,12.5186,9,0.0990604
992,7.03687e+13,1.51418e+11,14081.5,46,13.2949,11,0.101421
993,2.81475e+14,4.9019e+11,11957.3,48,13.1445,10,0.103984
994,1.75922e+13,5.65923e+10,10488.7,44,12.167,10,0.0935826
995,1.1259e+15,1.38399e+12,12028.8,50,12.9062,10,0.0972
996,7.03687e+13,9.1613e+10,7662.54,46,11.6631,8,0.0905498
997,3.51844e+13,1.45691e+11,9837.37,45,12.2168,10,0.0956058
998,1.1259e+15,1.41599e+12,12480.2,50,13.0469,10,0.102303
999,7.03687e+13,2.03029e+11,13277.2,46,13.6396,11,0.104441
1000,1.75922e+13,3.73505e+10,13039.8,44,13.1367,10,0.100368
1001,1.75922e+13,5.7785e+10,11328.7,44,12.2764,10,0.0971111
1002,8.79609e+12,3.33455e+10,9907.31,43,12.6348,10,0.0982013
1003,2.81475e+14,4.94752e+11,11870.6,48,13.0713,10,0.0990236
1004,2.81475e+14,3.07421e+11,8447.99,48,11.7227,9,0.0938505
1005,7.03687e+13,1.61083e+11,5365.67,46,10.6436,7,0.0900055
1006,1.40737e+14,2.59333e+11,7021.28,47,11.2158,8,0.0926158
1007,3.51844e+13,6.49825e+10,5470.39,45,10.0371,8,0.0874831
1008,1.40737e+14,1.68345e+11,6784.62,47,11.002,8,0.0930187
1009,1.75922e+13,4.27923e+10,5470.78,44,10.3203,7,0.0876866
1010,3.51844e+13,8.20644e+10,7980.3,45,11.7441,9,0.0929499
1011,5.6295e+14,9.26734e+11,12099.5,49,12.7539,10,0.0982802
1012,7.03687e+13,1.49771e+11,12071.3,46,12.5596,10,0.0963133
1013,7.03687e+13,1.24265e+11,14431.3,46,13.4141,11,0.101212
1014,9.0072e+15,8.90348e+12,11928.5,53,12.6143,10,0.0968078
1015,7.03687e+13,1.41892e+11,11061.1,46,11.8154,10,0.0943503
1016,8.79609e+12,5.38686e+10,10455.2,43,11.8203,10,0.0941859
1017,3.51844e+13,8.39755e+10,10026.5,45,12.3213,9,0.0942529
1018,1.75922e+13,5.93645e+10,9098.28,44,11.7158,9,0.0894116
1019,1.75922e+13,3.70559e+10,12722.4,44,12.9258,10,0.09764
1020,3.51844e+13,7.20042e+10,9548.43,45,12.0498,9,0.0913525
1021,1.75922e+13,2.70127e+10,9430.66,44,11.6582,9,0.0890698
1022,1.75922e+13,5.33875e+10,11885.1,44,12.4785,10,0.0933121
1023,4.5036e+15,4.44195e+12,9248.49,52,11.7139,9,0.0918936
1024,4.5036e+15,5.1576e+12,10011.6,52,12.2764,10,0.0947596
1025,3.51844e+13,1.06597e+11,9454.45,45,11.9492,9,0.0970825
1026,7.03687e+13,1.21489e+11,9236.12,46,11.7363,9,0.092463
1027,2.2518e+15,2.76301e+12,9976.93,51,12.4365,10,0.0948584
1028,7.03687e+13,2.31671e+11,8970.24,46,11.8066,9,0.0895573
1029,3.51844e+13,5.18385e+10,7429.74,45,10.8857,8,0.0854537
1030,7.03687e+13,1.75373e+11,8598.81,46,11.501,9,0.088
1031,1.1259e+15,1.30331e+12,8679.94,50,11.9131,9,0.090852
1032,4.5036e+15,4.65745e+12,8571.59,52,11.9541,9,0.0938051
1033,2.81475e+14,6.20689e+11,8038.16,48,11.4551,9,0.0900199
1034,2.81475e+14,8.28583e+11,9629.02,48,12.3535,9,0.0962468
1035,1.1259e+15,1.47854e+12,7626.77,50,11.4873,9,0.0920502
1036,1.40737e+14,2.38799e+11,8138.65,47,11.3359,9,0.0881205
1037,2.81475e+14,3.84481e+11,8152.93,48,11.9336,9,0.0925544
1038,7.20576e+16,1.06933e+14,8195.64,56,11.4766,9,0.0928681
1039,8.79609e+12,2.18264e+10,5631.18,43,9.75684,7,0.079634
1040,3.51844e+13,8.78736e+10,7165.83,45,10.626,8,0.0815096
1041,1.75922e+13,4.10273e+10,7420.35,44,11.0781,8,0.0851446
1042,1.40737e+14,3.11995e+11,7610.9,47,10.8545,8,0.0818711
1043,2.81475e+14,3.62785e+11,6491.28,48,10.667,8,0.0852153
1044,1.40737e+14,3.40843e+11,7400.46,47,11.5439,9,0.09272
1045,3.51844e+13,9.66224e+10,7401.46,45,11.1416,8,0.0868344
1046,1.75922e+13,5.81344e+10,9236.12,44,12.168,9,0.0914111
1047,1.80144e+16,1.78552e+13,9965.62,54,12.5576,9,0.0941683
1048,1.1259e+15,1.19416e+12,11957.3,50,12.7578,10,0.0928424
1049,1.40737e+14,2.13003e+11,12085.4,47,12.9707,10,0.0956167
1050,4.5036e+15,4.47861e+12,10555.5,52,12.5439,10,0.0913373
1051,2.81475e+14,4.53975e+11,7863.66,48,11.458,9,0.0882792
1052,1.1259e+15,1.19211e+12,10688.1,50,12.9648,10,0.0934574
1053,2.2518e+15,2.25321e+12,11899.6,51,13.0332,10,0.0948666
1054,2.2518e+15,4.84602e+12,15271.1,51,14.6562,11,0.109563
1055,5.6295e+14,7.35223e+11,14044.2,49,13.71,11,0.102955
1056,5.6295e+14,7.80976e+11,19976.2,49,14.9746,12,0.113189
1057,7.03687e+13,2.57801e+11,14081.5,46,14.3379,11,0.110243
1058,5.6295e+14,1.02348e+12,15453.8,49,14.8252,11,0.118466
1059,5.6295e+14,9.34268e+11,14321.9,49,14.0811,11,0.113265
1060,2.81475e+14,9.33205e+11,14700.8,48,14.4121,11,0.110305
1061,2.2518e+15,3.78998e+12,16098,51,14.751,11,0.112272
1062,5.6295e+14,1.1859e+12,15033,49,14.415,11,0.113082
1063,1.1259e+15,1.91256e+12,14946.6,50,14.2227,11,0.110213
1064,3.60288e+16,3.60766e+13,17920.9,55,14.4902,12,0.10911
1065,9.0072e+15,1.50377e+13,11513.2,53,12.9023,10,0.103897
1066,5.6295e+14,1.44804e+12,13931.6,49,13.8916,11,0.10938
1067,4.5036e+15,6.8845e+12,12197.1,52,13.376,10,0.101034
1068,7.20576e+16,7.43179e+13,9136.19,56,12.1152,9,0.106106
1069,1.15292e+18,1.12615e+15,11956.3,60,12.9365,11,0.10024
1070,2.81475e+14,2.93325e+11,12360.8,48,12.3418,10,0.0968418
1071,5.6295e+14,1.75869e+12,18203.6,49,13.8525,12,0.103972
1072,7.03687e+13,2.62783e+11,17964.7,46,14.0537,12,0.106487
1073,4.5036e+15,6.03757e+12,21002.8,52,14.5059,12,0.108846
1074,1.1259e+15,2.62326e+12,18880.8,50,14.1211,12,0.105043
1075,5.6295e+14,9.21654e+11,16098,49,13.7354,11,0.111191
1076,1.80144e+16,1.88074e+13,17678.5,54,13.7568,12,0.10189
1077,2.2518e+15,2.73965e+12,23784.4,51,14.7471,13,0.109156
1078,9.0072e+15,9.12845e+12,25661.3,53,14.9453,13,0.114573
1079,5.6295e+14,6.15199e+11,24534.4,49,14.416,13,0.107558
1080,1.1259e+15,1.45144e+12,18901.5,50,14.0078,12,0.102218
1081,4.5036e+15,4.7433e+12,18545.6,52,13.8174,12,0.104587
1082,7.20576e+16,7.05526e+13,14929.2,56,13.251,11,0.101253
1083,2.81475e+14,3.97653e+11,17365.7,48,13.7002,12,0.101637
1084,2.81475e+14,4.03465e+11,15931.2,48,13.5029,11,0.0992328
1085,4.5036e+15,4.52961e+12,15838.3,52,13.7676,11,0.102007
1086,1.40737e+14,3.84439e+11,15067.4,47,13.1133,11,0.102537
1087,1.1259e+15,1.12992e+12,17833.1,50,13.7432,12,0.101222
1088,2.2518e+15,3.31091e+12,17433.1,51,14.1406,12,0.101534
1089,5.6295e+14,8.62244e+11,16377.3,49,13.5518,12,0.100572
1090,1.1259e+15,1.84081e+12,20146.3,50,14.3623,12,0.103579
1091,1.40737e+14,2.43289e+11,19880.5,47,14.1533,12,0.104509
1092,4.5036e+15,4.48317e+12,15118.7,52,13.167,11,0.0963004
1093,2.81475e+14,5.04079e+11,13218.1,48,13.001,11,0.0963064
1094,4.5036e+15,5.55765e+12,10472,52,12.1562,10,0.0918538
1095,2.81475e+14,3.82048e+11,9198.85,48,11.4775,9,0.0877569
1096,7.03687e+13,9.58956e+10,5373.9,46,9.81836,7,0.0802162
1097,1.75922e+13,4.66972e+10,9907.31,44,11.4102,10,0.0863668
1098,1.1259e+15,1.8051e+12,11619.1,50,12.2119,10,0.0917018
1099,3.60288e+16,3.63175e+13,9606.16,55,11.5811,9,0.0906415
1100,1.44115e+17,1.45651e+14,9322.12,57,12.1436,9,0.0976024
1101,4.5036e+15,4.8983e+12,10438.4,52,12.5889,10,0.0969386
1102,5.6295e+14,1.80504e+12,10337.1,49,13.0449,10,0.0986441
1103,2.81475e+14,7.89968e+11,9273.14,48,12.4307,9,0.0950843
1104,5.6295e+14,1.12678e+12,9571.62,49,12.3975,9,0.0956895
1105,4.5036e+15,5.19208e+12,8944.33,52,12.5303,9,0.0946087
1106,4.5036e+15,5.89313e+12,6602.49,52,11.4434,9,0.0917536
1107,5.6295e+14,1.22018e+12,7575.75,49,11.7793,8,0.0914195
1108,3.60288e+16,3.54535e+13,7305.25,55,11.3857,8,0.0857475
1109,5.6295e+14,1.6391e+12,6989.67,49,11.5312,8,0.0910115
1110,1.80144e+16,1.86377e+13,7557.96,54,11.457,8,0.083809
1111,4.5036e+15,4.73983e+12,9872.38,52,12.9346,10,0.0982263
1112,4.5036e+15,9.54644e+12,10997.1,52,13.3125,10,0.0979297
1113,4.5036e+15,6.85439e+12,9871.54,52,12.5605,9,0.0933493
1114,1.1259e+15,3.1111e+12,9047.37,50,11.9668,9,0.086671
1115,2.30584e+18,2.25405e+15,8786.83,61,11.6816,9,0.0854017
1116,5.6295e+14,7.56875e+11,9442.57,49,12.4258,9,0.0911333
1117,2.2518e+15,2.67456e+12,7324.72,51,11.2695,8,0.0823425
1118,5.6295e+14,9.35495e+11,8322.66,49,12.2471,9,0.0937568
1119,1.80144e+16,1.76949e+13,7216.23,54,11.1387,8,0.0874234
1120,5.6295e+14,9.10573e+11,8706.8,49,11.5088,9,0.0895529
1121,9.0072e+15,9.24864e+12,9236.12,53,11.8184,9,0.0902049
1122,2.2518e+15,2.35463e+12,7315,51,11.1211,8,0.0898598
1123,2.81475e+14,4.66897e+11,7165.83,48,11.0791,8,0.0891046
1124,8.79609e+12,4.28273e+10,6817.54,43,10.8164,8,0.0863582
1125,1.40737e+14,2.75552e+11,5072.52,47,9.94434,7,0.0809759
1126,7.03687e+13,1.35652e+11,6762.57,46,10.6436,8,0.0869971
1127,5.6295e+14,1.20752e+12,7175.96,49,11.1787,8,0.088155
1128,3.60288e+16,3.5326e+13,7745.81,55,11.1689,9,0.0881462
1129,5.6295e+14,6.86715e+11,7206.2,49,11.4795,8,0.090119
1130,5.6295e+14,9.96567e+11,9358.56,49,12.0625,9,0.0957357
1131,4.5036e+15,6.14118e+12,9110.94,52,11.9893,9,0.0952735
1132,2.81475e+14,4.67575e+11,9513.42,48,12.1162,9,0.0942183
1133,7.03687e+13,3.0077e+11,10900.4,46,12.9092,10,0.097931
1134,7.03687e+13,1.76584e+11,9406.74,46,12.3623,9,0.0918073
1135,1.40737e+14,2.54184e+11,9994.29,47,12.8379,10,0.0971159
1136,1.1259e+15,1.35334e+12,11498,50,12.9521,10,0.0991968
1137,7.03687e+13,2.55613e+11,11235.1,46,12.7393,10,0.100216
1138,5.6295e+14,5.66933e+11,10046.5,49,12.4395,9,0.0953709
1139,7.03687e+13,1.44565e+11,12718.9,46,13.6572,11,0.107006
1140,2.81475e+14,4.29743e+11,13079.7,48,13.8652,11,0.106009
1141,2.2518e+15,2.41025e+12,12019.1,51,13.418,11,0.104392
1142,2.2518e+15,3.77667e+12,15519.2,51,14.3467,11,0.109252
1143,1.40737e+14,1.77323e+11,9212.44,47,12.4189,10,0.102464
1144,7.03687e+13,1.16298e+11,12576.7,46,13.9697,11,0.106215
1145,1.40737e+14,2.02409e+11,14771.6,47,14.6416,11,0.11438
1146,3.51844e+13,1.175e+11,12860,45,14.0166,11,0.107251
1147,1.40737e+14,2.59636e+11,15486.6,47,14.0156,11,0.10434
1148,9.0072e+15,1.83468e+13,15807,53,14.2227,11,0.107622
1149,7.03687e+13,1.42696e+11,13296.8,46,13.6631,11,0.108526
1150,1.40737e+14,3.83311e+11,14193,47,13.7734,11,0.105423
1151,3.51844e+13,1.02963e+11,14062.9,45,13.9033,11,0.110197
1152,2.81475e+14,3.50429e+11,11452.2,48,13.1885,10,0.10453
1153,5.6295e+14,1.28812e+12,13198.4,49,13.4844,11,0.103989
1154,1.40737e+14,1.86925e+11,11108.9,47,12.6514,10,0.101428
1155,2.81475e+14,3.772e+11,11140.6,48,13.0127,10,0.100824
1156,8.79609e+12,2.24788e+10,9382.71,43,11.8672,9,0.0937755
1157,1.75922e+13,7.38319e+10,9394.74,44,12.2168,9,0.0975477
1158,1.1259e+15,1.5184e+12,9406.74,50,12.6787,9,0.100825
1159,2.2518e+15,2.81871e+12,11482.8,51,12.7197,10,0.103527
1160,1.75922e+13,5.985e+10,8944.33,44,11.916,9,0.0943027
1161,1.40737e+14,3.33284e+11,10900.4,47,12.7549,10,0.0992473
1162,2.81475e+14,3.73224e+11,8800.09,48,11.8467,9,0.0936426
1163,3.51844e+13,4.9376e+10,8350.66,45,11.4961,9,0.0884081
1164,7.03687e+13,1.66077e+11,9223.72,46,11.6992,9,0.0901264
1165,2.81475e+14,3.02238e+11,7186.07,48,10.7607,8,0.0858484
1166,1.40737e+14,2.79319e+11,7745.81,47,11.4053,9,0.0924145
1167,3.51844e+13,7.29333e+10,7293.5,45,11.1299,9,0.0904906
1168,7.03687e+13,1.46764e+11,7716.16,46,11.2998,9,0.0924066
1169,1.1259e+15,1.39612e+12,8773.55,50,11.7959,9,0.0930223
1170,1.80144e+16,1.76781e+13,5815.39,54,10.4053,8,0.0857681
1171,8.79609e+12,1.58647e+10,5502.26,43,10.2363,7,0.0797769
1172,1.75922e+13,4.20983e+10,6617.1,44,10.6963,8,0.0865828
1173,7.03687e+13,1.13956e+11,7030.27,46,10.7715,9,0.0845706
1174,7.03687e+13,1.31314e+11,7636.89,46,11.2441,8,0.0908714
1175,9.0072e+15,8.81152e+12,7819.61,53,11.1074,9,0.0862851
1176,5.6295e+14,5.80284e+11,10183.9,49,12.0127,10,0.0939433
1177,1.1259e+15,1.43678e+12,8052.57,50,11.501,9,0.0891735
1178,9.0072e+15,9.01141e+12,7626.77,53,10.8311,9,0.084448
1179,7.03687e+13,2.47962e+11,9617.6,46,12.2832,9,0.0961411
1180,4.39805e+12,2.03256e+10,11558.8,42,12.2432,10,0.0963522
1181,2.81475e+14,4.15901e+11,9430.66,48,11.7881,9,0.0913012
1182,2.81475e+14,5.0585e+11,7503.79,48,11.5635,8,0.0908694
1183,7.03687e+13,1.05516e+11,9594.67,46,11.9844,9,0.093025
1184,7.03687e+13,1.0907e+11,10472,46,11.8994,10,0.0942748
1185,3.51844e+13,9.91007e+10,9907.31,45,11.3408,10,0.0897422
1186,4.39805e+12,1.42139e+10,8475.61,42,10.8984,9,0.0896623
1187,3.51844e+13,8.02414e+10,11093,45,12.0205,10,0.0933725
1188,7.03687e+13,8.84816e+10,8773.55,46,11.3174,9,0.0911322
1189,2.2518e+15,2.23723e+12,10948.9,51,11.7861,10,0.0941919
1190,2.2518e+15,3.60801e+12,14665.2,51,12.335,11,0.0966731
1191,4.39805e+12,1.58673e+10,13856,42,12.2451,11,0.097212
1192,1.75922e+13,4.25159e+10,10965,44,11.2617,10,0.0875738
1193,1.1259e+15,1.11389e+12,11634.1,50,11.4521,10,0.0893539
1194,3.51844e+13,6.8917e+10,10671.6,45,11.0527,10,0.0924135
1195,3.51844e+13,5.05898e+10,11899.6,45,11.6025,10,0.0903843
1196,3.51844e+13,5.35288e+10,11447.5,45,11.2949,11,0.08894
1197,1.40737e+14,2.18073e+11,9685.61,47,11.4551,9,0.0888491
1198,7.03687e+13,1.16878e+11,11971.7,46,12.2373,10,0.0961683
1199,2.2518e+15,2.21485e+12,7485.47,51,10.9736,8,0.0930714
1200,1.40737e+14,1.63563e+11,9248.49,47,11.2812,9,0.0942927
1201,1.1259e+15,1.33021e+12,9892.72,50,11.7803,9,0.0925711
1202,1.1259e+15,2.21492e+12,11093,50,11.8701,10,0.0944558
1203,1.1259e+15,1.17425e+12,8322.66,50,10.8447,9,0.0873871
1204,3.51844e+13,7.14217e+10,11986,45,12.7559,10,0.102728
1205,8.79609e+12,2.13517e+10,9784.72,43,12.0547,10,0.0973277
1206,2.2518e+15,2.4495e+12,10166.7,51,12.0635,10,0.0959011
1207,5.6295e+14,7.42294e+11,10098,49,12.6094,10,0.104848
1208,2.81475e+14,4.11905e+11,8746.92,48,12.0156,9,0.0994072
1209,1.40737e+14,2.85498e+11,9358.56,47,11.9297,9,0.0987002
1210,1.1259e+15,1.18047e+12,7206.2,50,11.5186,8,0.0959531
1211,2.81475e+14,3.67032e+11,8378.58,48,11.9316,9,0.0989263
1212,2.81475e+14,5.07184e+11,10132.4,48,12.209,10,0.107698
1213,7.03687e+13,8.62151e+10,7305.25,46,11.4238,8,0.0966081
1214,7.03687e+13,1.36049e+11,7907.55,46,12.1748,9,0.102351
1215,2.81475e+14,7.29936e+11,7073.47,48,11.7832,8,0.0998643
1216,3.51844e+13,6.97747e+10,8052.57,45,12.166,9,0.10052
1217,4.5036e+15,4.99553e+12,8826.53,52,12.1631,9,0.103656
1218,7.03687e+13,1.66172e+11,9248.49,46,12.3193,9,0.100855
1219,5.6295e+14,5.73706e+11,9442.57,49,12.2393,9,0.09967
1220,7.03687e+13,1.15422e+11,10387.9,46,12.9551,10,0.104701
1221,1.40737e+14,2.80633e+11,14193,47,13.168,11,0.105905
1222,1.40737e+14,1.5833e+11,11723.6,47,13.0215,10,0.10466
1223,2.81475e+14,4.35847e+11,10303.2,48,12.5869,10,0.106636
1224,5.6295e+14,5.94341e+11,14155.9,49,12.8018,11,0.105733
1225,1.40737e+14,2.53609e+11,14006.7,47,13.1016,11,0.108913
1226,3.51844e+13,7.89e+10,10605.4,45,12.7422,10,0.105382
1227,5.6295e+14,6.06675e+11,10555.5,49,12.6875,10,0.104949
1228,1.40737e+14,3.83273e+11,13039.9,47,13.7207,11,0.113378
1229,1.75922e+13,5.83412e+10,14229.9,44,13.3086,11,0.111647
1230,7.03687e+13,1.37722e+11,14859.4,46,13.5811,11,0.111687
1231,7.03687e+13,1.48996e+11,13218.1,46,13.1602,11,0.107843
1232,1.40737e+14,2.25967e+11,18418.1,47,13.2998,12,0.107693
1233,1.1259e+15,1.16019e+12,12779.5,50,12.7061,11,0.105091
1234,1.40737e+14,2.05832e+11,8090.69,47,11.4277,10,0.0955659
1235,3.51844e+13,9.642e+10,15152.8,45,12.9736,11,0.103728
1236,2.81475e+14,3.15101e+11,15519.2,48,12.9717,11,0.104249
1237,2.2518e+15,2.51481e+12,23555.1,51,14.7021,13,0.115404
1238,1.75922e+13,2.8922e+10,18984.1,44,13.4678,12,0.103438
1239,3.51844e+13,9.26289e+10,16201.5,45,13.0596,11,0.101621
1240,3.51844e+13,5.97556e+10,14449.5,45,12.6797,11,0.0986699
1241,2.2518e+15,2.24066e+12,24509.8,51,14.2666,13,0.110314
1242,1.40737e+14,3.03543e+11,18503.2,47,13.7861,12,0.108663
1243,1.1259e+15,1.23044e+12,15502.9,50,13.4648,11,0.107178
1244,9.0072e+15,9.11176e+12,12238.5,53,13.3252,10,0.108232
1245,2.2518e+15,2.50982e+12,24681.6,51,14.7012,13,0.114178
1246,7.03687e+13,1.71916e+11,26436.2,46,14.6807,13,0.112945
1247,7.03687e+13,1.00254e+11,14629.5,46,12.9531,11,0.103074
1248,3.51844e+13,8.28277e+10,25379.5,45,14.3398,13,0.109921
1249,1.75922e+13,4.68374e+10,17811.1,44,13.2695,12,0.105602
1250,3.51844e+13,1.06293e+11,20459.8,45,13.8535,12,0.10734
1251,7.03687e+13,1.35753e+11,18311.2,46,13.4971,12,0.102996
1252,7.03687e+13,1.43351e+11,18755.9,46,13.7197,12,0.106647
1253,5.6295e+14,6.44114e+11,15519.2,49,12.6875,11,0.0997877
1254,1.1259e+15,1.16661e+12,11899.6,50,12.249,10,0.0995144
1255,7.03687e+13,1.63762e+11,12506.4,46,12.8301,10,0.102769
1256,2.81475e+14,4.39771e+11,10868,48,12.1963,10,0.0981768
1257,8.79609e+12,1.95757e+10,5390.29,43,10.5293,7,0.0882293
1258,1.80144e+16,1.77392e+13,9008.92,54,11.8184,9,0.0927697
1259,3.51844e+13,9.20873e+10,18418.1,45,13.8301,12,0.111476
1260,1.75922e+13,7.08193e+10,25213.1,44,14.8838,13,0.114031
1261,7.03687e+13,1.26666e+11,19066.2,46,14.0391,12,0.109261
1262,2.19902e+12,2.44489e+10,19667.2,41,14.2637,12,0.107982
1263,1.40737e+14,2.01651e+11,17678.5,47,13.8691,12,0.10589
1264,3.51844e+13,8.85107e+10,18051.9,45,14.1777,12,0.107929
1265,7.03687e+13,1.8016e+11,20014.2,46,14.6748,12,0.1076
1266,7.03687e+13,1.5456e+11,15961.9,46,14.0615,11,0.11236
1267,8.79609e+12,3.38319e+10,15977.2,43,13.9844,11,0.103901
1268,7.03687e+13,1.64609e+11,12819.8,46,13.3936,11,0.101376
1269,1.75922e+13,6.19207e+10,11971.7,44,13.3252,10,0.103536
1270,2.81475e+14,4.93843e+11,7730.99,48,12.2646,9,0.095959
1271,7.03687e+13,1.7294e+11,6184.52,46,11.5352,8,0.0916025
1272,3.51844e+13,8.05751e+10,8252.3,45,11.9199,9,0.0903038
1273,4.39805e+12,4.19781e+10,9394.74,42,12.6455,9,0.0947984
1274,2.81475e+14,4.03425e+11,9944.99,48,12.7773,9,0.0959071
1275,5.6295e+14,7.10916e+11,14876.9,49,13.915,11,0.102628
1276,1.75922e+13,5.88036e+10,12252.2,44,13.2598,10,0.10214
1277,8.79609e+12,5.72043e+10,9442.57,43,12.4463,9,0.0982199
1278,3.51844e+13,1.3504e+11,9819.84,45,12.8594,10,0.1008
1279,5.6295e+14,6.49315e+11,15616.4,49,13.9082,11,0.104852
1280,5.6295e+14,7.59654e+11,15519.2,49,14.1826,11,0.108359
1281,2.2518e+15,2.78334e+12,14859.4,51,14.2246,11,0.112144
1282,2.81475e+14,4.91226e+11,7285.66,48,12.0859,8,0.102509
1283,1.40737e+14,1.5798e+11,9248.49,47,12.6113,9,0.0953332
1284,7.03687e+13,1.19978e+11,15186.7,46,13.5615,11,0.100671
1285,8.79609e+12,5.64808e+10,15551.8,43,13.9521,11,0.106672
1286,1.75922e+13,8.23865e+10,17942.8,44,14.166,12,0.105391
1287,7.03687e+13,1.8515e+11,15371.2,46,13.8604,11,0.103931
1288,1.1259e+15,1.14042e+12,11664.1,50,13.2412,10,0.101976
1289,2.81475e+14,4.41134e+11,15853.9,48,14.2607,11,0.109493
1290,2.81475e+14,5.67685e+11,13607.7,48,14.1387,11,0.108845
1291,3.51844e+13,2.0088e+11,15321.3,45,14.3398,11,0.10905
1292,1.40737e+14,4.58852e+11,9309.92,47,13.0771,9,0.103589
1293,3.51844e+13,1.33736e+11,11482.8,45,13.5,10,0.105169
1294,7.03687e+13,1.93417e+11,13549.9,46,13.9199,11,0.108216
1295,7.03687e+13,2.05831e+11,18182,46,14.4814,12,0.112624
1296,8.79609e+12,4.18482e+10,11870.6,43,13.5342,10,0.103909
1297,3.51844e+13,1.43563e+11,11957.3,45,13.7051,10,0.10416
1298,2.81475e+14,5.41198e+11,11634.1,48,13.1328,10,0.100971
1299,7.03687e+13,2.78927e+11,18524.4,46,14.333,12,0.108534
1300,1.40737e+14,3.22719e+11,20368.6,47,14.915,12,0.112468
1301,7.03687e+13,1.87656e+11,15084.5,46,14.0449,11,0.103373
1302,2.2518e+15,2.39575e+12,18503.2,51,14.5742,12,0.107449
1303,3.51844e+13,1.29374e+11,15271.1,45,13.7207,11,0.101884
1304,7.03687e+13,1.93223e+11,20295.1,46,14.5234,12,0.106238
1305,5.6295e+14,8.11521e+11,19045.7,49,14.6436,12,0.109286
1306,1.1259e+15,2.39577e+12,55622.7,50,16.4336,15,0.120447
1307,2.81475e+14,7.56743e+11,35973.3,48,16.0869,14,0.117584
1308,5.6295e+14,1.09776e+12,36505.1,49,16.1475,14,0.117435
1309,3.51844e+13,2.10746e+11,26960.7,45,15.6367,13,0.110332
1310,1.1259e+15,1.26183e+12,37076,50,15.8037,14,0.112201
1311,3.51844e+13,1.25494e+11,26369.3,45,15.3066,13,0.113255
1312,2.2518e+15,3.4916e+12,20331.9,51,14.6504,12,0.106599
1313,1.40737e+14,2.33981e+11,25284.6,47,15.1113,13,0.109176
1314,5.6295e+14,7.02893e+11,20779.8,49,14.5352,12,0.109219
1315,7.03687e+13,1.8783e+11,15371.2,46,13.748,11,0.10141
1316,1.40737e+14,2.62089e+11,22059,47,14.6885,13,0.108557
1317,5.6295e+14,9.16209e+11,19025.2,49,14.5234,12,0.113769
1318,1.40737e+14,3.18468e+11,15203.7,47,13.6143,11,0.104843
1319,7.03687e+13,1.78329e+11,12113.5,46,13.8096,10,0.110043
1320,1.1259e+15,2.23816e+12,15791.4,50,14.2842,11,0.108697
1321,9.0072e+15,9.71708e+12,17722.8,53,14.6777,12,0.113076
1322,2.81475e+14,6.45199e+11,12637.7,48,13.2178,11,0.113638
1323,7.03687e+13,3.37267e+11,15203.7,46,14.3916,11,0.113333
1324,2.2518e+15,2.50181e+12,16587.5,51,14.0605,12,0.107998
1325,1.44115e+17,1.41015e+14,11664.1,57,13.2969,10,0.102298
1326,1.1259e+15,1.39708e+12,9607.94,50,12.7256,10,0.100293
1327,1.40737e+14,2.54451e+11,9123.58,47,12.498,9,0.0988135
1328,2.81475e+14,1.16058e+12,14859.4,48,14.0781,11,0.107113
1329,7.03687e+13,1.29736e+11,14285.2,46,13.7842,11,0.105766
1330,3.51844e+13,1.40157e+11,15152.8,45,13.8594,11,0.107555
1331,5.6295e+14,9.13459e+11,18839.3,49,14.3418,12,0.11035
1332,5.6295e+14,1.31062e+12,13511.2,49,14.1104,11,0.116613
1333,1.1259e+15,3.20707e+12,19309.8,50,14.5928,12,0.112114
1334,3.51844e+13,1.62653e+11,18714.1,45,14.3037,12,0.116146
1335,7.03687e+13,2.9115e+11,14824.4,46,14.4062,11,0.11096
1336,1.40737e+14,3.28156e+11,15712.4,47,14.3916,11,0.10964
1337,2.81475e+14,5.95267e+11,12279.6,48,13.7969,10,0.103369
1338,3.51844e+13,1.06545e+11,12860,45,13.4785,11,0.102769
1339,1.40737e+14,2.13756e+11,11282,47,13.1748,10,0.104173
1340,5.6295e+14,1.40263e+12,12506.4,49,14.1143,10,0.10814
1341,2.81475e+14,7.84769e+11,15437.3,48,14.124,11,0.106643
1342,7.03687e+13,2.56772e+11,15084.5,46,13.915,11,0.104146
1343,5.76461e+17,5.64316e+14,14911.8,59,13.9756,11,0.107409
1344,5.6295e+14,1.51356e+12,11359.7,49,13.8154,10,0.107279
1345,2.81475e+14,8.86579e+11,10488.7,48,13.2715,10,0.106751
1346,9.0072e+15,9.30149e+12,11768,53,14.1533,10,0.109279
1347,5.6295e+14,1.43424e+12,8983.16,49,13.1201,9,0.106115
1348,1.40737e+14,3.54052e+11,6925.82,47,12.3613,8,0.101802
1349,2.81475e+14,6.64065e+11,7275.83,48,12.5273,8,0.100808
1350,1.1259e+15,1.27992e+12,13472.4,50,13.8311,11,0.105651
1351,4.5036e+15,7.70624e+12,15712.4,52,14.0127,11,0.104564
1352,7.03687e+13,4.13198e+11,17811.1,46,14.2344,12,0.109658
1353,1.80144e+16,1.87877e+13,15696.5,54,14.1162,11,0.107773
1354,4.5036e+15,4.99325e+12,11266.4,52,13.6162,10,0.104989
1355,9.0072e+15,9.12083e+12,18396.8,53,14.124,12,0.108399
1356,9.0072e+15,1.03269e+13,19168.2,53,13.9844,12,0.104995
1357,3.60288e+16,3.56796e+13,14062.9,55,13.582,11,0.102981
1358,5.6295e+14,2.52039e+12,36187.4,49,15.5488,14,0.115489
1359,2.2518e+15,8.31579e+12,20033.2,51,14.9805,12,0.114037
1360,1.80144e+16,1.79716e+13,20071,54,14.4785,12,0.108197
1361,2.2518e+15,9.07083e+12,37456.4,51,15.9521,14,0.117698
1362,4.5036e+15,7.6266e+12,39924.8,52,15.7734,14,0.115238
1363,2.2518e+15,3.07966e+12,91953.3,51,16.7197,16,0.124784
1364,1.80144e+16,2.20835e+13,37101.6,54,16.4189,14,0.126246
1365,7.20576e+16,1.08137e+14,36531.3,56,16.2842,14,0.120648
1366,1.1259e+15,4.20782e+12,19995.2,50,15.1611,12,0.113894
1367,2.2518e+15,5.15197e+12,15759.9,51,15.0117,11,0.113508
1368,2.2518e+15,4.16749e+12,18860,51,15.2041,12,0.117287
1369,1.80144e+16,2.45254e+13,19628,54,15.1523,12,0.113548
1370,4.5036e+15,7.63183e+12,14771.6,52,14.2217,11,0.110908
1371,4.5036e+15,7.26645e+12,23426.9,52,15.6152,13,0.122068
1372,4.5036e+15,1.49681e+13,26279.7,52,15.9092,13,0.117152
1373,9.0072e+15,2.49253e+13,19745.2,53,15.2539,12,0.117724
1374,4.5036e+15,1.05692e+13,36240.6,52,15.6924,14,0.118137
1375,1.1259e+15,2.32292e+12,20441.6,50,15.1377,12,0.114756
1376,1.40737e+14,7.81897e+11,14946.6,47,15.0654,11,0.115195
1377,2.81475e+14,1.18379e+12,20639.1,48,15.3545,12,0.116171
1378,1.80144e+16,2.60075e+13,26831.4,54,15.8311,13,0.122147
1379,2.2518e+15,4.15284e+12,11664.1,51,14.4209,10,0.110631
1380,9.0072e+15,1.20841e+13,19004.7,53,15.4316,12,0.116533
1381,7.20576e+16,7.82583e+13,36999,56,16.083,14,0.121944
1382,4.5036e+15,1.04e+13,10965,52,14.3018,10,0.113103
1383,1.44115e+17,1.42236e+14,5510.07,57,12.4268,7,0.0981733
1384,1.80144e+16,2.71199e+13,7262.79,54,13.2695,9,0.101986
1385,7.20576e+16,1.13765e+14,9872.38,56,14.0186,10,0.109118
1386,2.2518e+15,6.20367e+12,8280.5,51,13.3379,9,0.104856
1387,2.2518e+15,4.66367e+12,8152.93,51,12.6973,9,0.0993635
1388,1.40737e+14,4.12249e+11,8544.27,47,12.7324,9,0.0988106
1389,1.1259e+15,2.00567e+12,7145.48,50,12.5371,8,0.0965478
1390,1.44115e+17,1.6679e+14,9148.78,57,13.3926,9,0.103575
1391,3.60288e+16,5.31926e+13,12480.2,55,14.4854,10,0.11286
1392,7.20576e+16,1.20996e+14,9148.78,56,14.1016,9,0.110841
1393,2.2518e+15,6.95006e+12,11708.8,51,14.2998,10,0.108953
1394,1.1259e+15,2.49562e+12,6662.24,50,13.1445,8,0.106737
1395,9.0072e+15,1.27477e+13,7073.47,53,13.3643,8,0.105741
1396,2.2518e+15,3.52949e+12,11543.6,51,13.8857,10,0.110787
1397,3.60288e+16,3.91793e+13,9394.74,55,13.6484,9,0.108214
1398,1.40737e+14,7.44702e+11,15551.8,47,14.2793,11,0.106504
1399,2.81475e+14,1.57811e+12,15169.8,48,14.5664,11,0.111032
1400,9.0072e+15,1.04967e+13,15744.1,53,14.1309,11,0.109093
1401,1.1259e+15,5.56992e+12,19529.4,50,15.2773,12,0.117588
1402,9.0072e+15,1.29871e+13,15453.8,53,14.7363,11,0.116464
1403,9.0072e+15,1.80219e+13,10981.1,53,13.748,10,0.108386
1404,2.2518e+15,3.62836e+12,9548.43,51,12.7725,9,0.100395
1405,1.1259e+15,3.24534e+12,9976.93,50,13.0264,10,0.100137
1406,5.6295e+14,1.65536e+12,14946.6,49,14.1113,11,0.107876
1407,1.1259e+15,1.89649e+12,15321.3,50,13.7734,11,0.103319
1408,5.6295e+14,1.86906e+12,19208.8,49,14.8174,12,0.114695
1409,2.81475e+14,5.94708e+11,15869.4,48,14.2666,11,0.108441
1410,1.80144e+16,1.96005e+13,19469.9,54,14.6016,12,0.110355
1411,3.60288e+16,3.78808e+13,19976.2,55,15.3379,12,0.114827
1412,9.0072e+15,1.46908e+13,19976.2,53,15.0645,12,0.114071
1413,1.80144e+16,2.5021e+13,18008.4,54,14.6201,12,0.110796
1414,4.5036e+15,1.09762e+13,15486.6,52,14.3018,11,0.112207
1415,1.40737e+14,2.77637e+11,9466.31,47,12.627,9,0.0987636
1416,1.44115e+17,1.50068e+14,15728.2,57,14.2334,11,0.110959
1417,2.2518e+15,1.08997e+13,17767,51,14.7939,12,0.115488
1418,2.30584e+18,2.46639e+15,19549.2,61,14.832,12,0.113593
1419,3.60288e+16,4.29032e+13,25403.1,55,15.6504,13,0.120164
1420,4.5036e+15,1.07006e+13,25915.9,52,15.3916,13,0.121968
1421,1.1259e+15,2.72619e+12,27173.2,50,15.4336,13,0.11877
1422,1.44115e+17,1.44124e+14,26324.5,57,15.418,13,0.125669
1423,9.0072e+15,1.16249e+13,20089.9,53,14.8311,12,0.112036
1424,1.15292e+18,1.12659e+15,18225.2,60,14.3389,12,0.108417
1425,9.0072e+15,2.1362e+13,53832.2,53,16.5088,15,0.122058
1426,1.15292e+18,1.17237e+15,19289.7,60,14.6045,12,0.111162
1427,9.0072e+15,1.25617e+13,38000.5,53,15.834,14,0.119515
1428,2.2518e+15,5.92217e+12,26030.4,51,15.2178,13,0.114572
1429,7.20576e+16,8.4935e+13,34367.6,56,15.5693,14,0.118695
1430,1.15292e+18,1.13784e+15,26369.3,60,15.2607,13,0.114447
1431,9.0072e+15,1.37574e+13,25544.4,53,14.6357,13,0.109637
1432,1.80144e+16,3.34783e+13,19390.1,54,14.125,12,0.104864
1433,1.44115e+17,1.83301e+14,20221,57,15.0596,12,0.112785
1434,4.5036e+15,9.81072e+12,54755.2,52,16.2021,15,0.118997
1435,1.1259e+15,3.40727e+12,26635.2,50,15.1377,13,0.111196
1436,2.2518e+15,8.09946e+12,26166.8,51,15.1631,13,0.111606
1437,7.20576e+16,7.43273e+13,27627.6,56,15.1211,13,0.111902
1438,1.44115e+17,1.46186e+14,36160.7,57,15.7891,14,0.114295
1439,1.44115e+17,1.55387e+14,26369.3,57,15.3096,13,0.114792
1440,2.2518e+15,4.02786e+12,17656.3,51,13.9932,12,0.107941
1441,9.0072e+15,1.61806e+13,25638,53,14.7559,13,0.110391
1442,9.0072e+15,9.72451e+12,20423.4,53,14.583,12,0.112489
1443,4.5036e+15,9.47532e+12,19025.2,52,14.4102,12,0.113284
1444,5.6295e+14,1.05938e+12,14266.8,49,13.4424,11,0.103559
1445,1.1259e+15,4.22766e+12,19529.4,50,14.6826,12,0.110035
1446,1.1259e+15,2.45161e+12,19608.3,50,14.5049,12,0.117655
1447,2.81475e+14,6.67986e+11,18524.4,48,14.1475,12,0.111363
1448,2.2518e+15,6.83661e+12,24876.4,51,15.0654,13,0.112535
1449,9.0072e+15,1.21207e+13,20495.9,53,14.1973,12,0.109633
1450,9.0072e+15,1.33862e+13,38145.9,53,15.8867,14,0.11979
1451,1.1259e+15,3.07367e+12,52788.6,50,16.1338,15,0.122614
1452,1.1259e+15,2.94003e+12,26436.2,50,15.1719,13,0.114382
1453,5.6295e+14,1.50502e+12,23631.8,49,14.9189,13,0.113506
1454,4.5036e+15,5.10451e+12,37829.2,52,15.6348,14,0.120421
1455,2.2518e+15,5.55209e+12,90843.5,51,17.2646,16,0.128235
1456,1.80144e+16,1.91564e+13,95096,54,17.7549,16,0.131695
1457,1.1259e+15,1.54885e+12,55681.6,50,16.6396,15,0.125782
1458,1.80144e+16,1.9375e+13,57605.7,54,16.4512,15,0.130465
1459,4.5036e+15,7.30732e+12,55593.2,52,16.9834,15,0.131284
1460,1.1259e+15,3.12652e+12,91598.3,50,16.9062,16,0.133104
1461,5.76461e+17,5.64421e+14,89251.4,59,16.6758,16,0.133686
1462,5.6295e+14,1.8623e+12,57167.3,49,16.6045,15,0.13512
1463,4.5036e+15,5.8835e+12,38290,52,15.9551,14,0.132007
1464,9.0072e+15,1.34734e+13,92177.2,53,17.1777,16,0.132142
1465,5.6295e+14,1.11542e+12,56148.2,49,16.3613,15,0.124358
1466,1.1259e+15,2.01498e+12,36107.3,50,15.2031,14,0.120588
1467,1.80144e+16,2.33503e+13,36714.4,54,15.4893,14,0.121095
1468,4.5036e+15,1.24281e+13,161635,52,17.7314,17,0.136804
1469,4.5036e+15,7.17641e+12,94261.7,52,17.4004,16,0.138595
1470,5.6295e+14,3.13528e+12,93363,49,17.7598,16,0.140363
1471,4.5036e+15,1.52156e+13,94261.7,52,17.8506,16,0.133161
1472,1.80144e+16,3.258e+13,92525.7,54,16.9287,16,0.129702
1473,1.80144e+16,3.76213e+13,92901,54,16.9756,16,0.128639
1474,1.1259e+15,3.31089e+12,57740.8,50,17.3359,15,0.132396
1475,2.8823e+17,3.02839e+14,56804.4,58,16.5586,15,0.124751
1476,1.80144e+16,2.36411e+13,26098.8,54,14.7969,13,0.120939
1477,9.22337e+18,9.18304e+15,36240.6,63,16.2363,14,0.125083
1478,1.80144e+16,1.98678e+13,26166.8,54,14.376,13,0.116548
1479,5.6295e+14,8.45878e+11,14229.9,49,12.8271,11,0.104866
1480,4.5036e+15,7.28494e+12,36053.8,52,15.1982,14,0.119301
1481,2.8823e+17,4.80972e+14,92525.7,58,17.1045,16,0.130636
1482,7.20576e+16,1.2043e+14,158585,56,17.4678,17,0.134449
1483,3.60288e+16,7.73403e+13,57028.4,55,16.4873,15,0.129497
1484,1.1259e+15,4.14337e+12,58034.6,50,16.6631,15,0.128214
1485,4.5036e+15,1.07235e+13,35319.9,52,15.1338,14,0.121271
1486,7.20576e+16,8.37514e+13,15169.8,56,14.5283,11,0.118168
1487,2.8823e+17,3.67155e+14,25213.1,58,15.3994,13,0.122157
1488,9.0072e+15,2.47718e+13,36160.7,53,16.2627,14,0.132655
1489,5.76461e+17,5.8391e+14,35512.1,59,16.4482,14,0.136671
1490,4.5036e+15,9.34155e+12,56032.3,52,17.1572,15,0.140407
1491,3.60288e+16,5.7371e+13,35457.4,55,16.5205,14,0.137392
1492,2.2518e+15,5.76154e+12,19667.2,51,15.2275,12,0.124388
1493,9.0072e+15,1.55588e+13,16118,53,15.3633,12,0.129528
1494,1.80144e+16,4.37632e+13,19706.2,54,15.4639,12,0.132205
1495,1.80144e+16,4.03227e+13,19667.2,54,15.6289,12,0.130794
1496,1.80144e+16,3.52359e+13,14911.8,54,14.5635,11,0.122446
1497,3.60288e+16,6.55516e+13,14611.6,55,14.6523,11,0.123208
1498,1.15292e+18,1.15924e+15,19489.7,60,15.7842,12,0.134438
1499,2.30584e+18,2.27409e+15,27464.5,61,15.8711,13,0.133724
