445.04
0,434.954,8.26913,4,2,0.0380859,0,0.0188912
1,435.053,10.1981,5,2,0.0507812,0,0.0184683
2,110.903,9.86611,4,1,0.0537109,0,0.0185111
3,435.053,9.64914,5,2,0.046875,0,0.0133814
4,434.818,8.21993,5,2,0.0302734,0,0.0191951
5,434.818,10.5621,5,2,0.0546875,0,0.0166931
6,110.371,9.91296,5,1,0.0498047,0,0.0110886
7,435.053,9.70532,5,2,0.046875,0,0.0214574
8,435.127,10.1993,5,2,0.046875,0,0.0299978
9,435.053,10.1296,5,2,0.0458984,0,0.0233545
10,111.425,8.70973,5,1,0.0341797,0,0.0266553
11,435.151,11.5373,6,2,0.0556641,0,0.0134792
12,435.151,11.3963,6,2,0.0537109,0,0.0105499
13,435,10.6954,6,2,0.046875,0,0.0160157
14,435.117,11.5116,6,2,0.0507812,0,0.0182947
15,435.127,13.087,6,2,0.0703125,0,0.0201743
16,110.903,9.94523,5,1,0.0458984,0,0.0177508
17,1008.21,12.1547,6,3,0.0507812,0,0.0202908
18,115.729,10.4045,6,1,0.0449219,0,0.0176435
19,1004.1,11.2956,6,3,0.0449219,0,0.0164874
20,435.151,12.3538,6,2,0.0517578,0,0.0125054
21,434.476,11.0792,6,2,0.0449219,0,0.0167683
22,435.127,11.4446,6,2,0.0507812,0,0.023359
23,435.127,12.6066,6,2,0.0585938,0,0.0233364
24,112.44,12.7635,6,1,0.0625,0,0.0266659
25,112.934,13.6993,6,1,0.0664062,0,0.0266643
26,435.127,13.7109,6,2,0.0615234,0,0.0149055
27,435.151,13.7152,6,2,0.0498047,0,0.0159435
28,435.117,17.7481,7,2,0.0830078,0,0.0148531
29,435.053,19.3391,7,2,0.0820312,0,0.0253767
30,435,18.3823,8,2,0.0722656,0,0.0270633
31,435.149,22.7763,8,2,0.0947266,0,0.0259511
32,435.149,23.8822,8,2,0.0888672,0,0.0209187
33,435.151,29.0069,9,2,0.0849609,0,0.0215564
34,975.061,34.5457,9,3,0.0859375,0,0.0231178
35,1011.78,44.448,10,3,0.105469,0,0.023732
36,435.053,46.8715,12,2,0.0976562,0,0.0574807
37,1003.18,55.6822,16,3,0.107422,0,0.0566724
38,435.151,54.7543,21,2,0.0791016,0,0.0424735
39,435.149,59.7323,101,2,0.0585938,0,0.0733329
40,1010.21,67.2392,101,3,0.0810547,0,0.0567458
41,435.117,67.3745,101,2,0.0742188,0,0.0366041
42,435.076,69.6995,101,2,0.0761719,0,0.0639041
43,435.076,68.295,101,2,0.0664062,0,0.066095
44,435.149,70.4172,101,2,0.0771484,0,0.0646216
45,435,72.0904,101,2,0.0644531,0,0.0720055
46,435.151,72.2728,101,2,0.0888672,0,0.0458517
47,435.149,73.2558,101,2,0.0673828,0,0.0380001
48,435,75.5083,101,2,0.0546875,0,0.0748293
49,435.053,75.1005,101,2,0.0693359,0,0.0615963
50,1012.18,76.2177,101,3,0.0722656,0,0.0563969
51,435.151,77.828,101,2,0.0683594,0,0.0666887
52,988.72,77.8577,101,3,0.0712891,0,0.0654685
53,435.117,76.5901,101,2,0.0751953,0,0.044466
54,435.149,76.5871,101,2,0.0751953,0,0.0870433
55,435.127,79.4172,101,2,0.078125,0,0.0476235
56,983.489,76.8859,101,3,0.0771484,0,0.0386366
57,435.151,78.0953,101,2,0.078125,0,0.072868
58,435.151,78.6835,101,2,0.0703125,0,0.0776531
59,1006.68,79.0235,101,3,0.0761719,0,0.0628609
60,435.149,81.319,101,2,0.0751953,0,0.0633673
61,435.151,77.143,101,2,0.0507812,0,0.0651781
62,999.194,79.5317,101,3,0.0673828,0,0.0932916
63,435.076,81.1772,101,2,0.0712891,0,0.0474887
64,435.151,80.2568,101,2,0.0615234,0,0.063981
65,434.639,79.5147,101,2,0.0585938,0,0.0633375
66,1001.24,79.0367,101,3,0.0605469,0,0.057284
67,435.151,80.9727,101,2,0.0478516,0,0.0514338
68,434.818,81.9412,101,2,0.0605469,0,0.0875961
69,435.151,81.2003,101,2,0.0605469,0,0.0571692
70,435.149,81.5044,101,2,0.0527344,0,0.0947949
71,435.151,79.8679,101,2,0.0634766,0,0.0683598
72,998.128,79.3542,101,3,0.0683594,0,0.101735
73,435.117,81.0859,101,2,0.0634766,0,0.0475395
74,435,79.5607,101,2,0.0566406,0,0.0774243
75,1825.63,82.3296,101,4,0.0585938,0,0.0556654
76,435.149,81.873,101,2,0.0498047,0,0.0676892
77,435.117,81.5769,101,2,0.0625,0,0.0833052
78,435.149,83.2236,101,2,0.0615234,0,0.0545852
79,435.151,82.9008,101,2,0.0537109,0,0.0587948
80,435.127,86.0995,101,2,0.0683594,0,0.0866851
81,435.149,82.6745,101,2,0.0693359,0,0.0480366
82,435.127,82.0909,101,2,0.0761719,0,0.0885658
83,435.053,83.7236,101,2,0.0673828,0,0.0559279
84,435.151,83.5334,101,2,0.0585938,0,0.0669702
85,435.151,81.1305,101,2,0.0458984,0,0.0766135
86,1011.31,83.5329,101,3,0.0673828,0,0.070603
87,842.458,83.2997,101,3,0.0634766,0,0.0474541
88,435.149,82.6323,101,2,0.0654297,0,0.0973473
89,435.127,83.6014,101,2,0.0712891,0,0.0673495
90,435.149,84.7386,101,2,0.0615234,0,0.0957089
91,980.754,85.8707,101,3,0.0605469,0,0.0553062
92,435.149,83.6944,101,2,0.0527344,0,0.0467803
93,1007.46,85.3255,101,3,0.0585938,0,0.0968866
94,435.117,87.1278,101,2,0.0654297,0,0.0780077
95,434.954,83.8495,101,2,0.0546875,0,0.0684185
96,1004.1,84.7035,101,3,0.0546875,0,0.0630616
97,435.117,86.6255,101,2,0.0820312,0,0.0458813
98,435.053,85.3259,101,2,0.0595703,0,0.0929362
99,435,83.3599,101,2,0.0664062,0,0.0672167
100,995.918,84.9249,101,3,0.0556641,0,0.0953797
101,986.145,85.6321,101,3,0.0625,0,0.0542364
102,435,87.1366,101,2,0.0576172,0,0.0745583
103,435.117,84.5033,101,2,0.0644531,0,0.0700215
104,435.117,89.4453,101,2,0.0859375,0,0.0536389
105,435.117,84.7431,101,2,0.0605469,0,0.0458279
106,435.149,83.301,101,2,0.0595703,0,0.0938837
107,434.818,84.5776,101,2,0.0595703,0,0.0620959
108,1846.55,92.616,101,4,0.0722656,0,0.0545652
109,992.422,87.3289,101,3,0.0654297,0,0.0883301
110,435.117,85.9904,101,2,0.0625,0,0.0527267
111,435.149,86.8643,101,2,0.0693359,0,0.055585
112,435.149,86.7727,101,2,0.0537109,0,0.0783072
113,435.151,86.4227,101,2,0.0693359,0,0.0700055
114,1009.59,89.3239,101,3,0.0673828,0,0.0650165
115,435.151,85.7089,101,2,0.0546875,0,0.0667305
116,1005.85,88.6712,101,3,0.0576172,0,0.0629362
117,1007.46,89.4289,101,3,0.0693359,0,0.0536368
118,434.818,88.0346,101,2,0.0625,0,0.0800461
119,1011.78,89.7618,101,3,0.0712891,0,0.0620623
120,988.72,86.191,101,3,0.0615234,0,0.0444482
121,434.954,84.3567,101,2,0.0546875,0,0.0762969
122,435,88.3824,101,2,0.0712891,0,0.0705037
123,1009.59,91.2386,101,3,0.0703125,0,0.0621431
124,435.127,89.9301,101,2,0.0556641,0,0.0999738
125,435.117,90.0305,101,2,0.0791016,0,0.0579345
126,997.036,90.0844,101,3,0.0732422,0,0.0808265
127,434.954,88.5893,101,2,0.0654297,0,0.0780058
128,435.117,87.6944,101,2,0.0683594,0,0.0577822
129,435,89.5125,101,2,0.0722656,0,0.0696089
130,435.117,89.8823,101,2,0.0732422,0,0.0671407
131,434.954,89.6388,101,2,0.0693359,0,0.05111
132,1010.21,90.1333,101,3,0.0576172,0,0.0859064
133,959.636,90.7346,101,3,0.0751953,0,0.0664215
134,435.151,88.8453,101,2,0.0800781,0,0.0491049
135,964.432,89.2301,101,3,0.0683594,0,0.0864513
136,1001.24,91.1732,101,3,0.0693359,0,0.0607331
137,435.117,88.0244,101,2,0.0654297,0,0.0801918
138,434.818,88.4638,101,2,0.0644531,0,0.0801306
139,435.151,89.9799,101,2,0.0849609,0,0.0631686
140,435.117,88.5937,101,2,0.0878906,0,0.0891085
141,435.127,89.4324,101,2,0.0732422,0,0.0691681
142,435.151,91.6934,101,2,0.0820312,0,0.0550857
143,435.127,90.6979,101,2,0.0820312,0,0.0833492
144,987.443,87.7848,101,3,0.0722656,0,0.0733081
145,435.117,90.0434,101,2,0.0585938,0,0.0563867
146,999.194,92.7718,101,3,0.100586,0,0.0752956
147,435.149,87.732,101,2,0.0527344,0,0.0926357
148,435.076,90.6766,101,2,0.0664062,0,0.0605094
149,435.151,89.1597,101,2,0.0615234,0,0.0914082
150,435.149,92.3302,101,2,0.0556641,0,0.0705166
151,1003.18,92.093,101,3,0.0625,0,0.0899262
152,435.127,91.3731,101,2,0.0722656,0,0.0628809
153,435.149,90.1392,101,2,0.0644531,0,0.0578825
154,988.72,93.8452,101,3,0.0742188,0,0.103209
155,989.976,92.661,101,3,0.0830078,0,0.0733177
156,434.294,94.5018,101,2,0.0693359,0,0.0960131
157,1011.78,92.333,101,3,0.0703125,0,0.0676442
158,435.151,91.617,101,2,0.0664062,0,0.0509405
159,1012.18,93.8581,101,3,0.0888672,0,0.0890383
160,435.149,91.9283,101,2,0.0673828,0,0.0685785
161,435.149,91.0231,101,2,0.0644531,0,0.0649211
162,435.149,92.8545,101,2,0.0566406,0,0.0819772
163,435.117,94.2701,101,2,0.0761719,0,0.0882271
164,435.149,89.0134,101,2,0.0654297,0,0.0587306
165,435.151,93.4148,101,2,0.0732422,0,0.0868706
166,1005.85,93.9722,101,3,0.0830078,0,0.0567532
167,435.151,94.508,101,2,0.0820312,0,0.0579531
168,1005.85,93.868,101,3,0.0761719,0,0.0486182
169,435.149,94.5635,101,2,0.0761719,0,0.0872394
170,840.162,93.9856,101,3,0.0722656,0,0.0888485
171,435,94.0202,101,2,0.0869141,0,0.0616595
172,986.145,93.972,101,3,0.0849609,0,0.100102
173,435.151,92.2658,101,2,0.0673828,0,0.0596901
174,954.703,93.9,101,3,0.0722656,0,0.068956
175,966,95.7648,101,3,0.0859375,0,0.0905789
176,972.108,96.6561,101,3,0.0878906,0,0.0855233
177,435.151,92.2714,101,2,0.0644531,0,0.0479441
178,435.053,93.1098,101,2,0.0703125,0,0.0891772
179,435.076,90.4417,101,2,0.0810547,0,0.0793702
180,434.781,92.6819,101,2,0.0703125,0,0.0506514
181,1010.21,95.8848,101,3,0.0888672,0,0.112514
182,435.149,94.8073,101,2,0.0957031,0,0.0907977
183,434.902,94.0988,101,2,0.078125,0,0.0700753
184,435.151,92.2369,101,2,0.078125,0,0.0732883
185,435.149,94.7105,101,2,0.0878906,0,0.061027
186,435.127,94.3475,101,2,0.0810547,0,0.0723
187,435.151,90.5826,101,2,0.0712891,0,0.096689
188,1842.49,98.6134,101,4,0.0878906,0,0.0688572
189,435.151,94.4755,101,2,0.09375,0,0.0627035
190,1002.23,94.6628,101,3,0.0986328,0,0.0817587
191,1004.1,96.0885,101,3,0.103516,0,0.0906638
192,1012.52,94.7515,101,3,0.0927734,0,0.0538716
193,1741.21,94.4617,101,4,0.0947266,0,0.0654864
194,435.149,92.1985,101,2,0.0673828,0,0.073332
195,434.781,92.4118,101,2,0.0947266,0,0.0666128
196,435.151,96.6057,101,2,0.0996094,0,0.0669828
197,1004.99,93.9317,101,3,0.0849609,0,0.112775
198,994.777,94.5292,101,3,0.0908203,0,0.0741067
199,435.149,94.0086,101,2,0.0898438,0,0.0469446
200,435.151,91.8535,101,2,0.0791016,0,0.0861602
201,435.151,90.6769,101,2,0.0771484,0,0.0990898
202,435.117,96.8574,101,2,0.100586,0,0.073995
203,435.151,90.5109,101,2,0.0917969,0,0.0833101
204,1004.99,95.4024,101,3,0.100586,0,0.0591612
205,1000.23,95.3907,101,3,0.0976562,0,0.0575215
206,1726.84,93.7932,101,4,0.107422,0,0.0766239
207,435.149,90.4031,101,2,0.0898438,0,0.084957
208,434.818,91.9838,101,2,0.0927734,0,0.0632781
209,435.127,93.3371,101,2,0.0947266,0,0.0751218
210,435.151,92.6948,101,2,0.0839844,0,0.0933754
211,1008.21,94.9519,101,3,0.0986328,0,0.0539226
212,989.976,93.3053,101,3,0.0917969,0,0.069345
213,987.443,94.3069,101,3,0.103516,0,0.0800319
214,993.611,93.2605,101,3,0.0839844,0,0.0710681
215,1749.6,97.464,101,4,0.0957031,0,0.0555613
216,1009.59,95.2584,101,3,0.115234,0,0.0967033
217,983.489,98.9821,101,3,0.123047,0,0.0581095
218,1007.46,93.2299,101,3,0.0839844,0,0.0738449
219,1832.91,103.72,101,4,0.125,0,0.0980135
220,1841.02,92.0511,101,4,0.0888672,0,0.0705299
221,435.151,94.2333,101,2,0.0976562,0,0.0693281
222,986.145,94.0282,101,3,0.0996094,0,0.06014
223,435.151,97.2129,101,2,0.125,0,0.0766729
224,435.151,96.4296,101,2,0.115234,0,0.0800487
225,435.076,96.3369,101,2,0.117188,0,0.0600397
226,435.151,96.1153,101,2,0.109375,0,0.0532571
227,435.151,94.5718,101,2,0.102539,0,0.0999992
228,1002.23,98.43,101,3,0.128906,0,0.071235
229,1004.1,95.4688,101,3,0.109375,0,0.0633043
230,1553.29,97.2421,101,4,0.110352,0,0.0787953
231,2787.22,96.7391,101,5,0.113281,0,0.0833325
232,986.145,96.3693,101,3,0.117188,0,0.0599382
233,961.25,94.4562,101,3,0.106445,0,0.0533951
234,435.151,94.5672,101,2,0.116211,0,0.0766197
235,994.777,92.0916,101,3,0.108398,0,0.104929
236,435.151,97.6326,101,2,0.12793,0,0.0577859
237,1010.21,92.884,101,3,0.102539,0,0.0573398
238,435.117,92.4324,101,2,0.0996094,0,0.0999763
239,1002.23,98.2373,101,3,0.129883,0,0.0631644
240,1003.18,97.1766,101,3,0.110352,0,0.0835014
241,435.151,94.7485,101,2,0.107422,0,0.0833332
242,989.976,94.1765,101,3,0.108398,0,0.0600279
243,1008.21,99.5386,101,3,0.132812,0,0.0699957
244,997.036,93.2963,101,3,0.117188,0,0.0866672
245,435.149,92.878,101,2,0.0966797,0,0.0600096
246,976.512,95.0552,101,3,0.114258,0,0.0710929
247,1005.85,95.8722,101,3,0.128906,0,0.0722289
248,1004.1,99.91,101,3,0.124023,0,0.103552
249,435.117,96.1053,101,2,0.140625,0,0.0647798
250,435.151,97.8335,101,2,0.133789,0,0.053591
251,1012.18,95.7698,101,3,0.110352,0,0.0980597
252,1004.99,98.1381,101,3,0.118164,0,0.0633614
253,1791.02,99.0647,101,4,0.140625,0,0.0624619
254,1836.29,97.3794,101,4,0.128906,0,0.0708397
255,435.151,96.5372,101,2,0.124023,0,0.0699762
256,1005.85,97.8888,101,3,0.135742,0,0.0691455
257,987.443,95.8711,101,3,0.125977,0,0.0741478
258,435.149,96.1886,101,2,0.147461,0,0.0813893
259,435.053,93.1127,101,2,0.113281,0,0.0810629
260,1005.85,98.989,101,3,0.133789,0,0.0508437
261,1004.1,99.4381,101,3,0.123047,0,0.0595392
262,1819.76,99.7841,101,4,0.130859,0,0.086756
263,1009.59,99.7692,101,3,0.136719,0,0.0743214
264,1008.21,101.811,101,3,0.146484,0,0.0513847
265,999.194,99.3768,101,3,0.139648,0,0.0828595
266,435.151,97.1889,101,2,0.148438,0,0.0792839
267,1841.02,100.13,101,4,0.160156,0,0.0586687
268,999.194,97.8082,101,3,0.150391,0,0.0476449
269,980.754,96.802,101,3,0.158203,0,0.0780489
270,995.918,101.544,101,3,0.177734,0,0.0853493
271,890.612,96.8612,101,3,0.147461,0,0.0634982
272,1009.59,100.079,101,3,0.165039,0,0.0860443
273,991.21,98.5293,101,3,0.161133,0,0.0739278
274,1010.21,98.7989,101,3,0.155273,0,0.0576169
275,1008.21,98.9957,101,3,0.142578,0,0.078521
276,1773.62,103.627,101,4,0.15918,0,0.086597
277,1815.68,97.8993,101,4,0.15332,0,0.0489501
278,1661.63,105.308,101,4,0.1875,0,0.0610528
279,1011.31,103.394,101,3,0.199219,0,0.0733047
280,1841.02,100.964,101,4,0.18457,0,0.0830484
281,1771.04,101.637,101,4,0.186523,0,0.0666573
282,1781.23,108.809,101,4,0.224609,0,0.112151
283,995.918,102.092,101,3,0.196289,0,0.062157
284,1674.61,110.615,101,4,0.216797,0,0.0693485
285,995.918,103.848,101,3,0.209961,0,0.0733564
286,1712,103.56,101,4,0.219727,0,0.0562249
287,1783.71,103.976,101,4,0.217773,0,0.0495709
288,1746.82,108.117,101,4,0.240234,0,0.0514672
289,1746.82,108.3,101,4,0.265625,0,0.0727143
290,1746.82,108.92,101,4,0.243164,0,0.0700483
291,1752.35,107.114,101,4,0.253906,0,0.0548246
292,1746.82,115.196,101,4,0.288086,0,0.0651302
293,2826.95,106.686,101,5,0.231445,0,0.0713306
294,1004.1,110.093,101,3,0.28418,0,0.0609752
295,1009.59,107.861,101,3,0.272461,0,0.0657277
296,2849.48,111.716,101,5,0.283203,0,0.0414208
297,3630.2,120.872,101,6,0.325195,0,0.0685822
298,4028.62,123.774,101,6,0.339844,0,0.0776984
299,1819.76,116.892,101,4,0.351562,0,0.0620272
300,1723.91,121.106,101,4,0.376953,0,0.0507166
301,3741.93,127.67,101,6,0.375,0,0.094825
302,3950.42,125.991,101,6,0.389648,0,0.0683928
303,2903.85,137.118,101,5,0.410156,0,0.0616286
304,5045.49,139.567,101,7,0.455078,0,0.076645
305,3959.17,149.997,101,7,0.494141,0,0.0667348
306,11899.6,173.248,101,10,0.55957,0,0.0498393
307,5688.91,177.306,101,7,0.608398,0,0.0441328
308,5152.51,206.839,101,7,0.719727,0,0.0626895
309,7353.72,215.039,101,8,0.728516,0,0.0666358
310,11573.9,228.996,101,10,0.765625,0,0.0572469
311,5744.56,213.531,101,7,0.761719,0,0.0560307
312,5248,226.431,101,7,0.84082,0,0.0700236
313,38620.9,248.636,101,14,0.794922,0,0.0541741
314,14503.8,290.197,101,11,0.896484,0,0.0634503
315,14683,288.057,109.275,11,0.964844,1,0.0349389
316,8503.14,310.214,107.538,9,0.980469,1,0.0737673
317,24924.9,343.219,111.425,13,1.02441,1,0.0681193
318,36792.4,372.371,116.17,14,1.11426,1,0.0640968
319,559561,913.728,114.828,19,1.14258,1,0.0388903
320,2.14517e+06,3122.02,125.637,21,1.65234,1,0.0919342
321,8.45098e+06,14405.8,323.495,23,2.18164,2,0.0835172
322,6.71797e+07,69386.2,417.066,26,2.50488,2,0.0671613
323,4.25157e+06,12851.5,420.846,22,2.84473,2,0.124584
324,2.14791e+06,8498.04,419.622,21,2.81641,2,0.0807835
325,1.68394e+07,28231.6,425.869,24,2.80859,2,0.0713838
326,4.24697e+06,8607.36,422.032,22,2.91309,2,0.109929
327,8.44771e+06,26507.3,423.179,23,3.23438,2,0.0789437
328,1.68259e+07,25170,426.375,24,3.29492,2,0.070306
329,6.718e+07,95505.5,406.372,26,2.95996,3,0.120696
330,4.24757e+06,11858.7,348.286,22,2.65137,2,0.0961844
331,2.68511e+08,471509,403.924,28,3.09277,2,0.0838556
332,3.36213e+07,48958.5,385.652,25,3.07715,2,0.112927
333,1.34288e+08,250406,414.37,27,3.26562,2,0.104807
334,1.343e+08,218201,397.307,27,3.2334,2,0.146302
335,3.36245e+07,94176.4,362.576,25,2.9873,2,0.0993009
336,1.34286e+08,169565,393.836,27,3.10449,2,0.129948
337,1.68414e+07,64924.4,362.576,24,3.05176,2,0.082491
338,3.36213e+07,86311.2,387.514,25,3.25488,2,0.124218
339,4.24806e+06,38099.6,363.639,22,3.45117,2,0.112645
340,5.36957e+08,832259,372.972,29,3.36426,2,0.10734
341,6.71782e+07,217407,406.288,26,3.47656,2,0.119974
342,6.71877e+07,226795,419.622,26,3.65723,2,0.0850875
343,2.68516e+08,469623,425.869,28,3.69141,2,0.0768329
344,8.59005e+09,9.67516e+06,619.938,33,4.35254,3,0.148999
345,6.71748e+07,277585,423.737,26,3.90918,2,0.0751873
346,2.68527e+08,657668,432.828,28,4.00684,2,0.140578
347,2.68517e+08,674745,434.902,28,4.54395,2,0.105979
348,6.87196e+10,7.67892e+07,751.996,36,4.78418,3,0.0822179
349,2.68521e+08,819401,999.194,28,5.30371,3,0.201758
350,2.68524e+08,926018,1214.16,28,5.56152,4,0.166877
351,2.68515e+08,957175,1375.43,28,5.76465,4,0.109769
352,2.68516e+08,1.2403e+06,980.754,28,5.45898,3,0.167559
353,5.36951e+08,1.48817e+06,966,29,5.50195,3,0.117114
354,5.36969e+08,1.44176e+06,937.341,29,5.39746,3,0.163866
355,5.36965e+08,1.68562e+06,847.024,29,4.9668,3,0.0929785
356,5.36953e+08,1.85117e+06,1354.37,29,5.80762,4,0.0948521
357,2.68516e+08,1.01466e+06,973.593,28,5.49023,3,0.170544
358,1.07383e+09,2.76715e+06,956.362,30,5.38574,3,0.116514
359,5.36958e+08,931973,1567.99,29,5.87305,4,0.122691
360,2.1476e+09,3.85124e+06,994.777,31,5.49805,3,0.130577
361,1.07384e+09,2.59766e+06,1589.65,30,5.89258,4,0.136663
362,8.59005e+09,2.31533e+07,1281.02,33,5.90918,4,0.0939255
363,2.14759e+09,3.53673e+06,993.611,31,5.61816,3,0.146074
364,8.59005e+09,9.90272e+06,1527.11,33,5.58008,4,0.125104
365,2.14759e+09,4.9284e+06,1720.96,31,6.28613,4,0.121539
366,5.3696e+08,1.23849e+06,1755.09,29,6.20801,4,0.134266
367,3.43599e+10,3.54925e+07,1441.16,35,5.71094,4,0.0928992
368,2.14758e+09,3.66593e+06,2046.91,31,6.45215,5,0.187972
369,1.07383e+09,1.81392e+06,1788.61,30,6.24121,4,0.106628
370,1.07383e+09,3.21567e+06,2235.59,30,6.80762,5,0.160636
371,5.36967e+08,1.82979e+06,2090.46,29,6.3877,5,0.0919641
372,8.59005e+09,1.08599e+07,1798.09,33,6.24316,4,0.157897
373,5.36954e+08,1.41373e+06,1801.49,29,6.22266,5,0.101062
374,2.68525e+08,967622,1607.34,28,5.88867,4,0.143878
375,1.34299e+08,622661,1661.63,27,5.90723,4,0.118252
376,1.07384e+09,2.96012e+06,1781.23,30,6.2959,4,0.135095
377,2.68524e+08,1.45295e+06,1702.88,28,6.30273,4,0.107877
378,4.29507e+09,5.47251e+06,1741.21,32,6.27441,4,0.164313
379,4.29507e+09,1.01396e+07,1776.18,32,6.65234,4,0.0972324
380,2.14759e+09,3.20372e+06,1781.23,31,6.35059,4,0.164049
381,2.14757e+09,5.37315e+06,1773.62,31,6.29004,4,0.132663
382,2.14759e+09,6.37726e+06,1741.21,31,6.25586,4,0.14693
383,1.07384e+09,2.32826e+06,1515.71,30,5.98633,4,0.129739
384,5.36957e+08,1.6638e+06,1638.33,29,6.21777,4,0.126706
385,1.07383e+09,4.3403e+06,1504.2,30,5.89844,4,0.139973
386,4.29507e+09,7.38852e+06,1542.14,32,6.15723,4,0.152931
387,5.36959e+08,2.1611e+06,1741.21,29,6.62988,4,0.157027
388,4.29508e+09,8.79497e+06,2121.25,32,6.75391,5,0.123826
389,4.29507e+09,7.61881e+06,1712,32,6.25879,4,0.149602
390,1.07384e+09,3.64226e+06,1723.91,30,6.41406,4,0.112147
391,4.29508e+09,9.03642e+06,2519.61,32,7.03418,5,0.121117
392,4.29507e+09,1.91255e+07,2373.67,32,6.80469,5,0.159319
393,2.14757e+09,7.37783e+06,1720.96,31,6.53809,4,0.127393
394,8.59004e+09,2.63168e+07,2514.4,33,7.15039,5,0.170618
395,1.718e+10,3.3889e+07,2723.05,34,7.50879,5,0.142739
396,8.59005e+09,2.24275e+07,2503.93,33,7.29785,5,0.129998
397,1.718e+10,3.8725e+07,2663.54,34,7.55664,5,0.129907
398,8.59005e+09,3.84508e+07,2644.57,33,7.71387,5,0.195299
399,8.59004e+09,2.8957e+07,2731.9,33,7.76367,5,0.111036
400,4.29508e+09,3.52001e+07,2782.36,32,7.92676,6,0.168631
401,3.43599e+10,9.32451e+07,3347.69,35,7.98926,6,0.109031
402,8.59005e+09,2.35583e+07,3536.15,33,7.81543,6,0.168809
403,1.718e+10,6.8238e+07,3446.89,34,7.75195,6,0.123876
404,3.43599e+10,7.60633e+07,2630.15,35,7.67969,5,0.173043
405,1.718e+10,5.9177e+07,3269.69,34,7.89453,6,0.123511
406,8.59005e+09,4.07983e+07,2450.67,33,7.27344,5,0.174946
407,1.718e+10,4.41193e+07,2825.33,34,7.66895,6,0.128448
408,3.43599e+10,4.72161e+07,2686.79,35,7.36816,6,0.186685
409,4.29507e+09,1.89763e+07,2241.48,32,6.92871,5,0.149713
410,1.718e+10,5.91857e+07,1938.94,34,7.04199,5,0.155309
411,1.718e+10,4.37962e+07,3301.06,34,7.80273,6,0.195179
412,8.59005e+09,3.68541e+07,2811.38,33,7.55762,5,0.153141
413,1.718e+10,6.69654e+07,3672.64,34,8.10352,6,0.134824
414,1.718e+10,6.43639e+07,3714.43,34,7.9834,6,0.178561
415,1.718e+10,6.94533e+07,3316.66,34,8.10742,6,0.146618
416,1.37439e+11,2.34701e+08,3579.91,37,8.06543,6,0.157269
417,3.43599e+10,9.3582e+07,3974.91,35,8.47363,6,0.146067
418,3.43599e+10,1.30168e+08,4823.15,35,9.15234,7,0.170057
419,1.718e+10,6.57294e+07,4307.57,34,8.82129,7,0.13593
420,3.43598e+10,1.47006e+08,4813.65,35,9.09473,7,0.215475
421,4.29508e+09,3.23504e+07,4926.38,32,8.90625,7,0.119679
422,1.718e+10,6.23939e+07,4143.26,34,8.60449,8,0.192229
423,1.718e+10,7.65676e+07,3925.55,34,8.61426,6,0.163286
424,1.718e+10,1.19261e+08,3332.2,34,8.46387,6,0.136976
425,1.718e+10,1.01214e+08,4590.6,34,8.90918,7,0.123665
426,1.718e+10,1.22678e+08,4692.29,34,9.24805,8,0.189049
427,8.59005e+09,5.49542e+07,3874.74,33,8.83398,6,0.176978
428,1.718e+10,1.14718e+08,4410.03,34,8.99219,7,0.140287
429,6.87196e+10,1.45657e+08,3944.23,36,8.80664,6,0.152808
430,1.718e+10,1.16303e+08,4480.86,34,9.43555,7,0.178488
431,1.718e+10,1.16849e+08,4500.95,34,8.96582,7,0.178417
432,1.718e+10,1.77505e+08,4889.09,34,9.54004,7,0.146853
433,8.59004e+09,6.25267e+07,5213.58,33,9.35156,7,0.161737
434,6.87196e+10,2.30429e+08,5143.71,36,9.80273,7,0.16572
435,1.718e+10,1.00007e+08,3748.75,34,8.83691,6,0.142332
436,3.43599e+10,1.63413e+08,4972.57,35,9.4082,7,0.176887
437,3.43599e+10,1.16081e+08,4785.07,35,9.09277,7,0.123091
438,3.43599e+10,1.21964e+08,4659.43,35,9.44922,7,0.18816
439,3.43599e+10,1.47063e+08,5931.34,35,9.77832,7,0.138524
440,3.43599e+10,1.62904e+08,5877.98,35,9.72168,8,0.190362
441,1.37439e+11,4.24468e+08,5802.82,37,10.1104,8,0.139615
442,1.718e+10,1.04791e+08,6351.29,34,10.2988,8,0.219998
443,1.37439e+11,2.66651e+08,5525.6,37,9.78809,7,0.216699
444,6.87196e+10,2.18306e+08,5714.39,36,10.3232,8,0.169996
445,1.718e+10,1.60831e+08,5204.92,34,10.457,7,0.160153
446,3.43599e+10,3.03613e+08,6628.42,35,10.8779,8,0.176512
447,3.43599e+10,2.11139e+08,5560.95,35,10.4512,8,0.156722
448,1.37439e+11,5.90127e+08,7619.6,37,10.917,8,0.189997
449,6.87196e+10,3.39796e+08,7206.2,36,10.9951,8,0.196616
450,3.43598e+10,3.01937e+08,8557.94,35,11.3691,9,0.1926
451,1.37439e+11,4.90972e+08,9236.12,37,11.5225,9,0.222198
452,3.43599e+10,3.95334e+08,9454.45,35,11.8291,9,0.161819
453,6.87196e+10,5.78072e+08,8350.66,36,11.8828,9,0.196448
454,3.43599e+10,3.281e+08,9211.3,35,11.6064,9,0.197198
455,1.718e+10,2.15843e+08,10588.8,34,11.8359,10,0.181653
456,6.87196e+10,3.68826e+08,11885.1,36,12.3135,10,0.212003
457,3.43599e+10,2.87298e+08,9513.42,35,11.8506,9,0.149415
458,3.43599e+10,3.62427e+08,11543.6,35,12.0186,10,0.19031
459,3.43599e+10,4.77827e+08,11482.8,35,12.2412,10,0.159726
460,6.87196e+10,5.27105e+08,11723.6,36,12.4658,10,0.194741
461,6.87196e+10,3.80338e+08,11390.7,36,12.0576,10,0.20189
462,6.87196e+10,3.79011e+08,12427.5,36,12.335,10,0.163302
463,3.43599e+10,3.78177e+08,12400.9,35,12.4941,10,0.223551
464,6.87196e+10,5.7744e+08,12347.3,36,12.4619,10,0.163115
465,3.43599e+10,3.62627e+08,11604.1,35,12.4463,10,0.236752
466,2.74878e+11,6.46069e+08,10868,38,12.1943,10,0.194559
467,6.87196e+10,5.95126e+08,18073.7,36,13.7285,12,0.225374
468,3.43599e+10,5.41671e+08,15728.2,35,13.373,11,0.183315
469,1.37439e+11,5.8874e+08,13039.9,37,13.1533,11,0.196427
470,2.74878e+11,8.35835e+08,19568.9,38,13.6934,12,0.194787
471,1.37439e+11,9.1639e+08,20423.4,37,13.7246,12,0.188785
472,6.87196e+10,6.4139e+08,19269.5,36,13.7305,12,0.249231
473,1.37439e+11,9.2854e+08,19025.2,37,13.8809,12,0.221243
474,5.49756e+11,1.38573e+09,15744.1,39,13.4668,11,0.2862
475,6.87196e+10,9.72738e+08,18922.2,36,13.9258,12,0.176724
476,1.37439e+11,9.69781e+08,19289.7,37,13.5342,12,0.211485
477,3.43599e+10,6.6396e+08,19269.5,35,13.623,12,0.213073
478,1.37439e+11,1.22159e+09,24336.6,37,14.3643,13,0.253048
479,2.74878e+11,1.38901e+09,17545,38,13.4902,12,0.198074
480,6.87196e+10,9.25526e+08,24011.8,36,14.3164,13,0.264258
481,2.74878e+11,1.15794e+09,26391.7,38,14.4639,13,0.226498
482,6.87196e+10,1.37287e+09,31862.4,36,14.6318,14,0.230195
483,6.87196e+10,8.72135e+08,35675.8,36,14.5742,14,0.157948
484,1.37439e+11,1.65547e+09,35375,37,15.1299,14,0.28207
485,1.37439e+11,1.70747e+09,35347.5,37,14.8047,14,0.243261
486,1.37439e+11,1.47022e+09,32226.1,37,15.0254,14,0.283404
487,2.74878e+11,2.098e+09,35070.8,38,15.1973,14,0.209424
488,2.74878e+11,2.32098e+09,25869.9,38,14.4297,13,0.193867
489,2.74878e+11,2.41511e+09,25869.9,38,14.5527,13,0.296665
490,2.74878e+11,2.26695e+09,37456.4,38,15.0693,14,0.178405
491,5.49756e+11,2.19055e+09,33180.4,39,15.0508,14,0.274576
492,1.09951e+12,4.97776e+09,18630.1,40,14.373,12,0.268301
493,5.49756e+11,2.67333e+09,18922.2,39,13.9551,12,0.217633
494,1.37439e+11,2.0241e+09,26525,37,14.6201,13,0.201892
495,1.09951e+12,3.67995e+09,36714.4,40,14.7812,14,0.244923
496,2.74878e+11,2.73959e+09,23323.8,38,14.501,13,0.302012
497,5.49756e+11,2.92834e+09,14593.7,39,13.582,11,0.22561
498,2.74878e+11,2.61144e+09,19509.6,38,14.1982,12,0.247229
499,5.49756e+11,3.3096e+09,15759.9,39,14.0869,11,0.166062
500,5.49756e+11,2.4697e+09,20917.9,39,14.3184,12,0.231039
501,2.19902e+12,4.56337e+09,19803.4,41,14.0537,12,0.257639
502,5.49756e+11,4.27999e+09,25777.5,39,14.5146,13,0.265172
503,5.49756e+11,3.76838e+09,24460.4,39,14.6387,13,0.233475
504,1.09951e+12,5.03611e+09,54419.7,40,15.5215,15,0.286056
505,2.74878e+11,3.3254e+09,39102.7,38,15.7344,14,0.273321
506,5.49756e+11,4.94588e+09,33590.4,39,15.1621,14,0.196703
507,5.49756e+11,3.89794e+09,39862.4,39,15.6641,14,0.289904
508,2.74878e+11,4.47298e+09,54724.8,38,16.0312,15,0.255509
509,1.09951e+12,5.99253e+09,52369.7,40,15.4238,15,0.247873
510,5.49756e+11,5.56161e+09,26458.5,39,15.4277,13,0.225255
511,5.49756e+11,3.81387e+09,36557.6,39,15.2793,14,0.225409
512,2.74878e+11,4.36739e+09,57028.4,38,16.2812,15,0.272651
513,1.09951e+12,6.14383e+09,89423.8,40,16.4268,16,0.256645
514,2.74878e+11,3.61345e+09,34735.3,38,15.4971,14,0.18545
515,4.39805e+12,1.49117e+10,57659.9,42,16.4395,15,0.366492
516,1.09951e+12,6.39651e+09,35457.4,40,15.376,14,0.212966
517,2.19902e+12,6.88109e+09,24657.2,41,15.2139,13,0.259818
518,2.19902e+12,8.11459e+09,25707.9,41,15.4248,13,0.210205
519,1.09951e+12,6.51404e+09,19686.7,40,15.042,12,0.268749
520,2.74878e+11,4.34129e+09,25892.9,38,14.9727,13,0.229654
521,5.49756e+11,6.6311e+09,52466.8,39,15.8516,15,0.22668
522,4.39805e+12,1.10527e+10,32616.6,42,15.7959,14,0.253809
523,2.19902e+12,1.04934e+10,13218.1,41,14.8711,11,0.256229
524,5.49756e+11,6.21104e+09,35264.8,39,16.1611,14,0.229996
525,2.74878e+11,5.99433e+09,293553,38,17.3584,18,0.296591
526,5.49756e+11,5.50529e+09,49117.2,39,16.293,15,0.28308
527,1.09951e+12,6.96217e+09,85923.9,40,16.7285,16,0.340279
528,5.49756e+11,6.73038e+09,36214,39,15.6367,14,0.242788
529,1.09951e+12,7.39458e+09,88449.5,40,16.4443,16,0.287324
530,1.09951e+12,6.1182e+09,95567.9,40,16.957,16,0.306599
531,2.74878e+11,6.22645e+09,36688.4,38,15.8613,14,0.291003
532,8.79609e+12,1.38025e+10,93786.7,43,16.5898,16,0.215614
533,1.09951e+12,7.87454e+09,38097.6,40,16.0215,14,0.280655
534,1.09951e+12,7.76884e+09,91239.4,40,16.7783,16,0.272506
535,5.49756e+11,6.29489e+09,87705,39,16.3086,16,0.233154
536,4.39805e+12,1.34548e+10,90308.8,42,16.6924,16,0.260246
537,8.79609e+12,1.93712e+10,89423.8,43,16.6328,16,0.261239
538,2.19902e+12,9.76842e+09,80610.3,41,16.834,16,0.26941
539,1.09951e+12,7.37322e+09,50887.9,40,16.5811,15,0.239786
540,2.19902e+12,1.09548e+10,55027.1,41,16.251,15,0.269696
541,8.79609e+12,1.90778e+10,57469.7,43,16.6045,15,0.290333
542,5.49756e+11,8.87925e+09,37380.9,39,15.9912,14,0.20695
543,5.49756e+11,6.67813e+09,57084.1,39,16.4941,15,0.271743
544,1.09951e+12,7.57748e+09,17230.3,40,14.6191,12,0.284336
545,5.49756e+11,6.6496e+09,35838.5,39,15.9629,14,0.304148
546,2.19902e+12,8.35222e+09,25332.1,41,15.3359,13,0.287636
547,1.09951e+12,7.64693e+09,36844.3,40,15.915,14,0.218187
548,5.49756e+11,6.77087e+09,90106.3,39,16.4727,16,0.270237
549,1.09951e+12,8.71037e+09,91727.9,40,16.7109,16,0.319757
550,1.09951e+12,7.61473e+09,57981.5,40,16.6123,15,0.291654
551,4.39805e+12,1.05298e+10,38574.1,42,15.8691,14,0.234952
552,2.19902e+12,8.76222e+09,293029,41,17.9043,18,0.280071
553,2.19902e+12,1.02966e+10,164579,41,17.542,17,0.270828
554,1.09951e+12,1.26775e+10,1.09115e+06,40,19.0078,20,0.241666
555,1.09951e+12,9.25337e+09,561473,40,18.5527,19,0.274993
556,2.19902e+12,1.59183e+10,1.08248e+06,41,18.8848,20,0.300444
557,1.09951e+12,1.07527e+10,4.23784e+06,40,19.6855,22,0.382034
558,1.09951e+12,1.03969e+10,1.09262e+06,40,19.2891,20,0.291035
559,2.19902e+12,1.33015e+10,1.09266e+06,41,19.4512,20,0.352274
560,1.09951e+12,1.17961e+10,292499,40,18.1826,18,0.2792
561,3.51844e+13,5.65317e+10,292947,45,17.9814,18,0.207066
562,1.09951e+12,1.15198e+10,2.14024e+06,40,19.4893,21,0.311992
563,2.19902e+12,1.50017e+10,565032,41,18.9668,19,0.353883
564,5.49756e+11,1.32171e+10,4.24541e+06,39,19.9551,22,0.30235
565,5.49756e+11,1.28384e+10,4.24868e+06,39,20.2881,22,0.336394
566,1.75922e+13,3.66975e+10,4.24131e+06,44,19.9863,22,0.288614
567,2.19902e+12,1.31948e+10,1.68292e+07,41,21.0215,24,0.34177
568,2.19902e+12,2.14879e+10,1.68349e+07,41,20.5059,24,0.33722
569,2.19902e+12,1.6094e+10,4.23682e+06,41,19.6006,22,0.331706
570,2.19902e+12,1.55475e+10,1.68288e+07,41,20.9062,24,0.334786
571,4.39805e+12,1.68608e+10,8.44095e+06,42,20.4785,23,0.351685
572,4.39805e+12,2.21576e+10,1.68367e+07,42,21.4482,24,0.336111
573,2.19902e+12,2.38551e+10,1.68368e+07,41,21.0215,24,0.313533
574,2.19902e+12,1.84747e+10,8.44157e+06,41,20.5811,23,0.34963
575,1.09951e+12,1.54967e+10,8.44219e+06,40,20.4277,23,0.29919
576,4.39805e+12,2.4599e+10,1.68391e+07,42,20.8174,24,0.318229
577,2.19902e+12,2.09044e+10,3.36111e+07,41,21.2422,25,0.313195
578,2.19902e+12,2.4378e+10,1.68365e+07,41,21.2422,24,0.337339
579,2.19902e+12,2.26318e+10,1.68376e+07,41,20.9639,24,0.301454
580,2.19902e+12,2.13588e+10,8.43686e+06,41,20.4248,23,0.291775
581,2.19902e+12,1.92921e+10,8.44571e+06,41,20.4209,23,0.359517
582,5.49756e+11,1.18514e+10,4.23962e+06,39,19.7256,22,0.266052
583,1.09951e+12,1.83087e+10,8.44523e+06,40,20.2383,23,0.368167
584,8.79609e+12,2.9129e+10,1.68215e+07,43,20.8203,24,0.359132
585,1.75922e+13,3.7111e+10,1.68386e+07,44,21.0703,24,0.361255
586,2.19902e+12,1.80363e+10,1.68283e+07,41,20.3125,24,0.335449
587,1.09951e+12,2.01782e+10,8.44219e+06,40,20.1367,23,0.349964
588,4.39805e+12,2.53106e+10,1.68235e+07,42,20.1855,24,0.298783
589,2.19902e+12,2.51697e+10,1.68389e+07,41,21.3408,24,0.369875
590,2.19902e+12,2.21112e+10,3.36036e+07,41,21.0166,25,0.318882
591,1.09951e+12,2.20701e+10,3.36202e+07,40,21.2783,25,0.29782
592,2.19902e+12,1.8742e+10,8.44555e+06,41,20.0947,23,0.309124
593,4.39805e+12,2.91194e+10,1.68304e+07,42,20.7148,24,0.325491
594,2.19902e+12,2.25056e+10,1.68414e+07,41,21.2363,24,0.316715
595,2.19902e+12,2.76198e+10,6.71714e+07,41,21.2207,26,0.342641
596,2.19902e+12,2.82613e+10,6.7175e+07,41,21.4932,26,0.325287
597,1.09951e+12,1.57031e+10,3.36124e+07,40,20.7998,25,0.364119
598,2.19902e+12,2.0096e+10,1.68437e+07,41,20.9277,24,0.319289
599,4.39805e+12,2.30846e+10,3.3613e+07,42,20.7012,25,0.325372
600,8.79609e+12,3.53647e+10,1.68363e+07,43,21.1006,24,0.336601
601,2.19902e+12,2.91063e+10,3.36221e+07,41,21.3447,25,0.22985
602,1.75922e+13,4.36569e+10,3.36144e+07,44,21.2295,25,0.359063
603,2.19902e+12,3.07606e+10,6.71803e+07,41,21.7773,26,0.365605
604,1.75922e+13,4.67899e+10,6.71753e+07,44,21.8516,26,0.35691
605,4.39805e+12,2.22446e+10,6.71765e+07,42,21.5498,26,0.31525
606,4.39805e+12,2.79944e+10,3.3613e+07,42,21.2695,25,0.304712
607,4.39805e+12,3.35163e+10,6.7176e+07,42,21.9775,26,0.321019
608,8.79609e+12,2.82778e+10,6.71733e+07,43,21.252,26,0.330049
609,8.79609e+12,3.50339e+10,6.71746e+07,43,22.5547,26,0.339518
610,2.19902e+12,3.21972e+10,1.34292e+08,41,22.2031,27,0.313367
611,8.79609e+12,2.89934e+10,6.7182e+07,43,22.085,26,0.281321
612,4.39805e+12,2.62506e+10,3.36207e+07,42,21.377,25,0.310455
613,1.09951e+12,2.22646e+10,6.71734e+07,40,21.3662,26,0.349565
614,2.19902e+12,2.57235e+10,6.71724e+07,41,21.709,26,0.363289
615,4.39805e+12,2.51667e+10,1.68395e+07,42,21.1387,24,0.300003
616,8.79609e+12,3.46862e+10,1.68424e+07,43,20.7041,24,0.322834
617,1.40737e+14,1.72395e+11,1.6834e+07,47,20.6289,24,0.311971
618,1.75922e+13,3.98797e+10,6.71842e+07,44,22.2002,26,0.318303
619,8.79609e+12,4.44451e+10,6.71834e+07,43,22.1475,26,0.310596
620,4.39805e+12,2.52822e+10,1.34292e+08,42,22.834,27,0.366319
621,1.40737e+14,1.72621e+11,1.34296e+08,47,22.3418,27,0.286861
622,8.79609e+12,4.66263e+10,5.36965e+08,43,23.1182,29,0.374497
623,8.79609e+12,4.20676e+10,1.34288e+08,43,21.9473,27,0.370307
624,7.03687e+13,1.09816e+11,2.68507e+08,46,22.7246,28,0.278331
625,7.03687e+13,1.09316e+11,2.68519e+08,46,23.6221,28,0.325258
626,4.39805e+12,3.52538e+10,1.34292e+08,42,22.8281,27,0.316112
627,4.39805e+12,4.13833e+10,1.34293e+08,42,22.9531,27,0.360778
628,1.75922e+13,5.42021e+10,6.71812e+07,44,22.0898,26,0.295359
629,4.39805e+12,3.97918e+10,6.71823e+07,42,21.7178,26,0.361104
630,2.19902e+12,3.03769e+10,1.68433e+07,41,21.1377,24,0.253703
631,8.79609e+12,4.5824e+10,6.71879e+07,43,22.2119,26,0.331635
632,8.79609e+12,3.69345e+10,1.34293e+08,43,22.2471,27,0.306607
633,4.39805e+12,2.44308e+10,1.68387e+07,42,21.0986,24,0.301939
634,2.19902e+12,2.65299e+10,6.71781e+07,41,21.957,26,0.284205
635,8.79609e+12,4.06929e+10,6.71852e+07,43,22.4912,26,0.34614
636,1.09951e+12,2.78348e+10,1.34291e+08,40,22.5391,27,0.367665
637,2.19902e+12,2.89809e+10,6.71762e+07,41,21.7559,26,0.381461
638,1.1259e+15,1.14912e+12,3.36211e+07,50,21.4795,25,0.278061
639,1.75922e+13,5.44423e+10,6.71781e+07,44,21.3975,26,0.268925
640,2.19902e+12,2.59784e+10,8.43549e+06,41,20.4678,23,0.31263
641,8.79609e+12,2.28646e+10,1.68354e+07,43,20.6602,24,0.307186
642,1.75922e+13,6.44268e+10,1.68399e+07,44,20.8574,24,0.293849
643,4.39805e+12,2.6815e+10,1.68388e+07,42,20.8438,24,0.31072
644,8.79609e+12,3.53535e+10,3.36216e+07,43,21.6621,25,0.250035
645,4.39805e+12,3.30543e+10,3.36161e+07,42,21.8379,25,0.315066
646,4.39805e+12,2.2246e+10,1.68388e+07,42,20.7637,24,0.375734
647,4.39805e+12,3.609e+10,3.3621e+07,42,21.2793,25,0.343176
648,2.19902e+12,2.70023e+10,6.71799e+07,41,22.0977,26,0.305683
649,4.39805e+12,3.8704e+10,1.68398e+07,42,20.9795,24,0.354643
650,4.39805e+12,3.53137e+10,3.36229e+07,42,21.3691,25,0.342277
651,4.39805e+12,4.42454e+10,3.36167e+07,42,21.498,25,0.36331
652,1.75922e+13,5.65411e+10,1.34291e+08,44,22.5605,27,0.346753
653,8.79609e+12,4.77531e+10,2.68515e+08,43,23.0732,28,0.314762
654,2.19902e+12,2.75338e+10,1.34284e+08,41,22.2324,27,0.241881
655,2.19902e+12,3.07917e+10,1.34291e+08,41,22.3926,27,0.288282
656,2.19902e+12,2.84355e+10,6.71777e+07,41,21.8994,26,0.415036
657,1.75922e+13,5.57583e+10,1.68369e+07,44,21.3047,24,0.366703
658,4.39805e+12,3.86039e+10,6.71801e+07,42,22.0781,26,0.349945
659,8.79609e+12,6.09574e+10,2.68519e+08,43,23.5957,28,0.313304
660,8.79609e+12,4.44052e+10,6.71797e+07,43,22.3271,26,0.339013
661,8.79609e+12,6.62715e+10,2.6851e+08,43,23.2861,28,0.450859
662,1.75922e+13,7.30517e+10,2.6852e+08,44,23.3291,28,0.296849
663,8.79609e+12,4.79777e+10,6.7181e+07,43,22.5664,26,0.287955
664,8.79609e+12,6.08739e+10,1.34296e+08,43,22.7246,27,0.327706
665,3.51844e+13,7.82927e+10,2.68512e+08,45,22.9102,28,0.400298
666,8.79609e+12,7.40166e+10,5.36965e+08,43,24.0771,29,0.39466
667,3.51844e+13,1.04416e+11,5.36959e+08,45,23.5781,29,0.286253
668,1.75922e+13,6.4814e+10,2.68525e+08,44,23.6113,28,0.33313
669,1.75922e+13,5.9976e+10,5.36945e+08,44,23.2891,29,0.296676
670,1.40737e+14,1.78041e+11,5.36956e+08,47,23.4238,29,0.323294
671,1.75922e+13,6.98042e+10,5.36955e+08,44,23.4971,29,0.367207
672,1.75922e+13,5.97852e+10,5.3696e+08,44,24.6279,29,0.291463
673,1.75922e+13,6.18445e+10,1.07383e+09,44,24.2373,30,0.3532
674,3.51844e+13,1.24728e+11,2.68519e+08,45,23.5225,28,0.314847
675,1.75922e+13,5.39778e+10,2.68521e+08,44,23.2881,28,0.379189
676,1.75922e+13,6.98983e+10,1.07383e+09,44,24.3154,30,0.281279
677,8.79609e+12,6.90835e+10,6.7186e+07,43,22.1514,26,0.326122
678,8.79609e+12,4.25712e+10,1.34297e+08,43,22.7812,27,0.283826
679,7.03687e+13,1.08151e+11,2.68513e+08,46,22.8184,28,0.389556
680,2.19902e+12,4.85723e+10,5.36957e+08,41,23.46,29,0.273347
681,4.39805e+12,3.73418e+10,2.68515e+08,42,22.623,28,0.321917
682,7.03687e+13,1.00026e+11,6.71863e+07,46,22.3506,26,0.345943
683,3.51844e+13,8.07845e+10,5.36942e+08,45,22.9346,29,0.405465
684,3.51844e+13,7.60875e+10,5.36958e+08,45,23.3857,29,0.27898
685,8.79609e+12,6.17203e+10,2.68515e+08,43,22.9502,28,0.379617
686,4.39805e+12,4.93373e+10,2.68518e+08,42,23.3711,28,0.314727
687,1.75922e+13,8.10369e+10,1.34297e+08,44,23.0156,27,0.283222
688,3.51844e+13,6.46261e+10,2.68514e+08,45,22.8027,28,0.400118
689,1.75922e+13,9.21308e+10,5.36957e+08,44,23.8789,29,0.308803
690,3.51844e+13,9.48335e+10,2.68512e+08,45,23.29,28,0.297805
691,1.1259e+15,1.17909e+12,2.68511e+08,50,23.0391,28,0.345086
692,7.03687e+13,1.92816e+11,1.07384e+09,46,25.1348,30,0.401096
693,8.79609e+12,6.42266e+10,2.68516e+08,43,23.042,28,0.353718
694,3.51844e+13,1.01135e+11,5.36953e+08,45,23.3125,29,0.33188
695,3.51844e+13,1.08263e+11,5.36956e+08,45,23.5664,29,0.330401
696,1.40737e+14,3.15608e+11,1.34297e+08,47,22.5322,27,0.267892
697,1.40737e+14,2.05394e+11,1.34297e+08,47,22.6104,27,0.340624
698,7.03687e+13,1.63338e+11,1.34294e+08,46,22.6562,27,0.297467
699,1.75922e+13,7.59343e+10,5.36955e+08,44,23.6494,29,0.368884
700,4.39805e+12,3.80615e+10,6.71814e+07,42,22.0205,26,0.291592
701,4.39805e+12,3.2272e+10,6.71787e+07,42,22.1455,26,0.26625
702,1.75922e+13,5.17315e+10,3.36251e+07,44,21.9023,25,0.323393
703,8.79609e+12,9.87767e+10,5.36949e+08,43,23.4814,29,0.346828
704,3.51844e+13,9.56979e+10,2.68519e+08,45,22.8691,28,0.282836
705,8.79609e+12,7.96112e+10,1.07383e+09,43,24.0322,30,0.302113
706,8.79609e+12,6.34987e+10,5.36959e+08,43,23.7256,29,0.373281
707,4.39805e+12,4.35336e+10,5.36954e+08,42,23.5254,29,0.338856
708,4.39805e+12,5.3272e+10,2.68518e+08,42,23.0449,28,0.411143
709,8.79609e+12,5.3793e+10,5.36953e+08,43,23.6904,29,0.287306
710,4.39805e+12,4.7797e+10,1.07382e+09,42,23.6191,30,0.352671
711,8.79609e+12,7.14968e+10,5.3696e+08,43,23.0908,29,0.367403
712,1.75922e+13,7.42069e+10,2.68524e+08,44,23.2754,28,0.373026
713,1.75922e+13,6.16571e+10,1.07382e+09,44,23.1748,30,0.346749
714,1.75922e+13,8.14762e+10,2.68518e+08,44,22.9844,28,0.335813
715,4.39805e+12,6.14831e+10,2.68519e+08,42,22.5947,28,0.349104
716,1.75922e+13,1.02937e+11,2.68515e+08,44,23.1396,28,0.324648
717,1.75922e+13,7.75112e+10,1.07383e+09,44,23.9453,30,0.338255
718,4.39805e+12,6.36906e+10,1.07382e+09,42,23.5742,30,0.253637
719,4.39805e+12,6.46022e+10,1.07383e+09,42,24.0654,30,0.368096
720,1.75922e+13,9.31893e+10,1.07383e+09,44,24.0771,30,0.349928
721,1.75922e+13,7.93947e+10,1.07382e+09,44,23.6631,30,0.333293
722,3.51844e+13,7.92966e+10,1.07383e+09,45,24.0918,30,0.392566
723,8.79609e+12,6.73695e+10,2.14758e+09,43,25.1162,31,0.372163
724,3.51844e+13,1.95439e+11,2.14758e+09,45,25.082,31,0.362031
725,3.51844e+13,1.03426e+11,2.14759e+09,45,25.8389,31,0.366636
726,3.51844e+13,1.14676e+11,2.14758e+09,45,25.1807,31,0.340285
727,1.75922e+13,7.87354e+10,2.14759e+09,44,25.3779,31,0.351741
728,8.79609e+12,1.25878e+11,2.14759e+09,43,25.3438,31,0.389182
729,8.79609e+12,8.47332e+10,2.14758e+09,43,24.2803,31,0.370618
730,1.75922e+13,1.20445e+11,1.07384e+09,44,24.498,30,0.376294
731,1.75922e+13,9.06102e+10,1.07384e+09,44,24.0459,30,0.346859
732,1.75922e+13,8.22161e+10,1.07383e+09,44,23.8467,30,0.309557
733,1.75922e+13,8.80733e+10,1.07383e+09,44,24.29,30,0.315516
734,1.75922e+13,8.81548e+10,1.07384e+09,44,24.2129,30,0.335976
735,1.75922e+13,1.06652e+11,1.07384e+09,44,24.2061,30,0.335027
736,1.40737e+14,2.34043e+11,1.07383e+09,47,24.1895,30,0.356414
737,3.51844e+13,1.62829e+11,2.14758e+09,45,25.9062,31,0.380349
738,8.79609e+12,1.13931e+11,1.07384e+09,43,25.3516,30,0.284283
739,1.75922e+13,1.53673e+11,1.07384e+09,44,25.3486,30,0.341171
740,7.03687e+13,1.43735e+11,2.14757e+09,46,24.6973,31,0.436723
741,1.75922e+13,1.54136e+11,2.14759e+09,44,25.7744,31,0.347774
742,3.51844e+13,1.28014e+11,1.07384e+09,45,24.2373,30,0.405589
743,1.75922e+13,1.34497e+11,2.14758e+09,44,25.2227,31,0.304669
744,8.79609e+12,8.6892e+10,2.14758e+09,43,24.9512,31,0.314517
745,8.79609e+12,1.07237e+11,1.07384e+09,43,24.6074,30,0.340807
746,7.03687e+13,1.87385e+11,2.14758e+09,46,24.9551,31,0.331998
747,7.03687e+13,1.84617e+11,2.14757e+09,46,24.4902,31,0.365313
748,1.75922e+13,1.42542e+11,1.07384e+09,44,23.791,30,0.272038
749,3.51844e+13,1.34003e+11,5.3696e+08,45,23.2754,29,0.413991
750,1.40737e+14,2.43279e+11,2.14758e+09,47,24.2939,31,0.308127
751,1.40737e+14,2.66108e+11,2.14758e+09,47,24.1064,31,0.405192
752,1.75922e+13,1.31664e+11,4.29506e+09,44,25.3105,32,0.322974
753,1.40737e+14,2.46485e+11,2.14758e+09,47,25.2402,31,0.433235
754,8.79609e+12,1.18034e+11,2.14758e+09,43,25.4453,31,0.362771
755,3.51844e+13,2.06663e+11,2.14758e+09,45,24.9189,31,0.344981
756,7.03687e+13,2.63368e+11,4.29507e+09,46,25.3867,32,0.336285
757,8.79609e+12,9.65871e+10,4.29506e+09,43,25.0273,32,0.341697
758,3.51844e+13,2.19163e+11,2.14759e+09,45,25.1641,31,0.418087
759,7.03687e+13,3.48178e+11,2.14759e+09,46,25.0381,31,0.369621
760,7.03687e+13,2.84966e+11,2.14758e+09,46,25.1504,31,0.354628
761,7.03687e+13,2.05852e+11,1.07384e+09,46,24.1055,30,0.287212
762,7.03687e+13,2.05685e+11,5.36962e+08,46,23.9834,29,0.373435
763,1.75922e+13,1.29802e+11,2.68523e+08,44,23.1738,28,0.289495
764,3.51844e+13,2.07117e+11,2.68521e+08,45,23.4209,28,0.402254
765,2.19902e+12,7.91595e+10,5.36965e+08,41,24.459,29,0.396814
766,8.79609e+12,1.22773e+11,5.36956e+08,43,23.832,29,0.389551
767,3.51844e+13,2.01809e+11,2.68523e+08,45,23.3496,28,0.406922
768,3.51844e+13,1.79447e+11,1.07384e+09,45,24.5918,30,0.297275
769,7.03687e+13,1.88019e+11,4.29506e+09,46,24.8047,32,0.37797
770,1.75922e+13,1.40933e+11,2.14757e+09,44,24.6416,31,0.378156
771,3.51844e+13,1.98245e+11,1.07383e+09,45,24.2217,30,0.360001
772,7.03687e+13,1.9857e+11,1.07384e+09,46,24.6562,30,0.33326
773,3.51844e+13,1.83755e+11,2.6852e+08,45,23.6377,28,0.363821
774,1.40737e+14,4.08815e+11,1.07384e+09,47,24.332,30,0.382822
775,2.81475e+14,4.74206e+11,1.07384e+09,48,24.7422,30,0.334047
776,2.81475e+14,5.16654e+11,5.36956e+08,48,23.4365,29,0.420146
777,1.40737e+14,3.62913e+11,1.07384e+09,47,25.0332,30,0.32068
778,7.03687e+13,3.00822e+11,1.07384e+09,46,24.5049,30,0.358486
779,3.51844e+13,2.59935e+11,1.07382e+09,45,24.0645,30,0.319998
780,1.75922e+13,2.59707e+11,1.07384e+09,44,24.4707,30,0.320485
781,2.2518e+15,2.68501e+12,1.07384e+09,51,24.9355,30,0.353025
782,5.6295e+14,1.19145e+12,4.29507e+09,49,25.6211,32,0.359513
783,7.03687e+13,3.89816e+11,8.59004e+09,46,27.0947,33,0.345967
784,7.03687e+13,3.33873e+11,4.29507e+09,46,26.2197,32,0.331048
785,1.40737e+14,7.60118e+11,8.59004e+09,47,26.8457,33,0.426038
786,7.03687e+13,2.9218e+11,4.29507e+09,46,25.8154,32,0.385597
787,7.03687e+13,4.52017e+11,4.29508e+09,46,26.0537,32,0.356437
788,7.03687e+13,5.70873e+11,4.29508e+09,46,25.8936,32,0.359354
789,1.40737e+14,5.50419e+11,4.29507e+09,47,25.1357,32,0.323371
790,7.03687e+13,5.88712e+11,2.14758e+09,46,25.332,31,0.259167
791,7.03687e+13,4.57241e+11,2.14759e+09,46,25.6299,31,0.321611
792,7.03687e+13,4.768e+11,4.29506e+09,46,24.9033,32,0.400328
793,5.6295e+14,9.38758e+11,1.07384e+09,49,24.9258,30,0.344744
794,1.40737e+14,3.82128e+11,4.29506e+09,47,26.0127,32,0.368476
795,1.40737e+14,3.73644e+11,4.29507e+09,47,25.9062,32,0.388163
796,7.03687e+13,5.4123e+11,4.29507e+09,46,25.5391,32,0.43212
797,1.40737e+14,5.51215e+11,4.29507e+09,47,25.8252,32,0.368578
798,7.03687e+13,5.07185e+11,1.07384e+09,46,24.374,30,0.307897
799,7.03687e+13,3.57121e+11,4.29506e+09,46,24.9785,32,0.371418
800,7.03687e+13,4.92524e+11,2.14758e+09,46,24.8789,31,0.287764
801,1.40737e+14,4.90225e+11,2.14758e+09,47,24.668,31,0.374772
802,2.81475e+14,9.95869e+11,1.07384e+09,48,23.9082,30,0.385745
803,5.6295e+14,1.037e+12,2.14758e+09,49,24.4775,31,0.391703
804,7.03687e+13,5.14963e+11,2.14757e+09,46,24.2422,31,0.350017
805,1.75922e+13,2.91018e+11,1.07384e+09,44,24.8594,30,0.353303
806,1.40737e+14,4.40408e+11,2.14757e+09,47,24.627,31,0.382778
807,7.03687e+13,4.57469e+11,2.14758e+09,46,24.6621,31,0.487278
808,4.5036e+15,4.88004e+12,5.36957e+08,52,23.8623,29,0.363281
809,7.03687e+13,4.33413e+11,4.29507e+09,46,26.1455,32,0.373332
810,7.03687e+13,2.69633e+11,1.07383e+09,46,24.4844,30,0.354722
811,7.03687e+13,4.24892e+11,1.07383e+09,46,24.7451,30,0.362732
812,7.03687e+13,3.32341e+11,1.07383e+09,46,24.7988,30,0.344524
813,5.6295e+14,1.94275e+12,2.68516e+08,49,23.6143,28,0.308069
814,1.40737e+14,4.80005e+11,2.68517e+08,47,23.0957,28,0.319931
815,1.40737e+14,4.72916e+11,1.07384e+09,47,24.8398,30,0.353366
816,5.6295e+14,1.14854e+12,2.14758e+09,49,25.2461,31,0.360746
817,1.40737e+14,5.17326e+11,2.14757e+09,47,25.3896,31,0.364429
818,2.2518e+15,2.53905e+12,2.14758e+09,51,25.3672,31,0.32116
819,2.81475e+14,7.3871e+11,4.29508e+09,48,26.8428,32,0.307477
820,2.81475e+14,5.40817e+11,2.14758e+09,48,25.1592,31,0.335063
821,3.51844e+13,2.50869e+11,2.14758e+09,45,25.3906,31,0.397971
822,7.03687e+13,3.69174e+11,4.29506e+09,46,25.6377,32,0.369832
823,2.81475e+14,6.53563e+11,4.29507e+09,48,25.6045,32,0.313367
824,1.40737e+14,5.02696e+11,4.29507e+09,47,25.8467,32,0.301775
825,7.03687e+13,4.51467e+11,1.07385e+09,46,24.8408,30,0.364909
826,7.03687e+13,3.83623e+11,4.29507e+09,46,26.3623,32,0.356569
827,2.81475e+14,8.04121e+11,4.29507e+09,48,26.1543,32,0.331972
828,3.51844e+13,2.36477e+11,5.36959e+08,45,24.5439,29,0.335749
829,7.03687e+13,2.6029e+11,1.07383e+09,46,24.6943,30,0.357084
830,5.6295e+14,7.46313e+11,1.07384e+09,49,25.4053,30,0.311932
831,7.03687e+13,2.63902e+11,8.59003e+09,46,27.374,33,0.386619
832,1.40737e+14,6.43168e+11,4.29507e+09,47,26.4258,32,0.412983
833,3.51844e+13,2.8074e+11,4.29507e+09,45,25.8232,32,0.366787
834,1.40737e+14,3.96886e+11,4.29506e+09,47,25.6143,32,0.353698
835,1.40737e+14,5.53109e+11,2.14759e+09,47,25.5059,31,0.367611
836,3.51844e+13,2.17072e+11,4.29506e+09,45,25.7178,32,0.355348
837,1.40737e+14,4.4864e+11,4.29506e+09,47,25.8936,32,0.371737
838,7.03687e+13,3.65179e+11,4.29506e+09,46,26.1113,32,0.364861
839,3.51844e+13,2.38196e+11,4.29508e+09,45,26.4688,32,0.386995
840,5.6295e+14,1.60151e+12,2.14759e+09,49,25.6094,31,0.421598
841,3.51844e+13,2.18793e+11,8.59003e+09,45,27.0342,33,0.44962
842,7.03687e+13,4.16449e+11,8.59004e+09,46,26.748,33,0.338098
843,2.81475e+14,8.95354e+11,4.29507e+09,48,26.0195,32,0.385773
844,1.75922e+13,2.30224e+11,4.29507e+09,44,25.2529,32,0.383037
845,7.03687e+13,4.69615e+11,4.29507e+09,46,25.0137,32,0.395029
846,7.03687e+13,4.42805e+11,4.29507e+09,46,26.0625,32,0.330223
847,3.51844e+13,3.27842e+11,4.29506e+09,45,25.5244,32,0.361709
848,1.40737e+14,3.89732e+11,4.29507e+09,47,25.9023,32,0.344944
849,7.03687e+13,3.55193e+11,4.29507e+09,46,25.8389,32,0.36
850,3.51844e+13,3.48351e+11,8.59005e+09,45,26.7725,33,0.386616
851,3.51844e+13,3.25311e+11,8.59004e+09,45,26.1328,33,0.313285
852,7.03687e+13,3.82792e+11,4.29508e+09,46,25.5479,32,0.380094
853,7.03687e+13,4.46348e+11,4.29507e+09,46,26.3535,32,0.379964
854,7.03687e+13,4.12972e+11,4.29508e+09,46,26.1211,32,0.369974
855,7.03687e+13,2.98734e+11,4.29508e+09,46,26.2559,32,0.376664
856,3.51844e+13,2.88288e+11,8.59004e+09,45,26.292,33,0.382676
857,1.75922e+13,1.99946e+11,4.29508e+09,44,25.9453,32,0.391248
858,1.75922e+13,1.83227e+11,8.59004e+09,44,26.5234,33,0.379435
859,7.03687e+13,3.87455e+11,4.29508e+09,46,25.3193,32,0.348571
860,1.75922e+13,3.579e+11,4.29508e+09,44,25.7314,32,0.374728
861,3.51844e+13,2.53829e+11,4.29507e+09,45,25.6113,32,0.366703
862,1.1259e+15,1.67191e+12,8.59005e+09,50,27.0537,33,0.453274
863,7.03687e+13,2.77779e+11,8.59003e+09,46,26.0322,33,0.341714
864,2.81475e+14,7.8963e+11,4.29508e+09,48,26.3027,32,0.375341
865,7.03687e+13,4.75553e+11,4.29508e+09,46,26.2441,32,0.326346
866,2.81475e+14,7.05479e+11,4.29508e+09,48,25.6396,32,0.360395
867,2.2518e+15,2.8634e+12,4.29507e+09,51,25.4424,32,0.294511
868,7.03687e+13,5.70034e+11,4.29508e+09,46,26.4912,32,0.377844
869,1.40737e+14,6.92591e+11,4.29507e+09,47,25.8672,32,0.390275
870,5.6295e+14,1.00103e+12,8.59004e+09,49,26.832,33,0.327002
871,2.81475e+14,9.68474e+11,8.59005e+09,48,26.584,33,0.394707
872,2.81475e+14,6.96909e+11,8.59004e+09,48,26.9492,33,0.375281
873,7.03687e+13,7.24365e+11,8.59005e+09,46,27.2822,33,0.400006
874,5.6295e+14,1.62208e+12,8.59004e+09,49,27.1768,33,0.400001
875,1.1259e+15,1.64035e+12,1.718e+10,50,27.4346,34,0.410003
876,1.40737e+14,1.17641e+12,1.718e+10,47,28.4463,34,0.402629
877,2.81475e+14,1.03284e+12,1.718e+10,48,27.7871,34,0.406617
878,2.81475e+14,1.22909e+12,1.718e+10,48,27.2881,34,0.362514
879,2.81475e+14,1.3647e+12,1.718e+10,48,28.123,34,0.395967
880,7.03687e+13,6.58773e+11,8.59005e+09,46,27.2344,33,0.345984
881,1.40737e+14,7.44184e+11,8.59005e+09,47,27.2227,33,0.403399
882,1.40737e+14,8.66221e+11,1.718e+10,47,27.3398,34,0.36701
883,2.2518e+15,3.10629e+12,8.59005e+09,51,27.0967,33,0.3625
884,2.81475e+14,1.19388e+12,8.59005e+09,48,27.1504,33,0.344348
885,2.81475e+14,1.00323e+12,1.718e+10,48,27.7314,34,0.386428
886,7.03687e+13,5.33802e+11,8.59005e+09,46,26.5508,33,0.292585
887,2.81475e+14,1.04207e+12,8.59004e+09,48,26.7383,33,0.340469
888,1.40737e+14,7.62282e+11,8.59005e+09,47,27.6807,33,0.402805
889,1.40737e+14,6.27471e+11,8.59005e+09,47,27.2705,33,0.41338
890,7.03687e+13,5.16641e+11,4.29507e+09,46,25.1875,32,0.334499
891,2.2518e+15,2.77582e+12,8.59004e+09,51,25.9287,33,0.35883
892,1.40737e+14,9.6242e+11,4.29508e+09,47,26.5635,32,0.372019
893,2.81475e+14,9.58813e+11,8.59004e+09,48,26.7334,33,0.354654
894,4.5036e+15,5.62536e+12,4.29508e+09,52,26.9424,32,0.345844
895,7.03687e+13,5.53727e+11,8.59005e+09,46,27.0791,33,0.361408
896,3.51844e+13,4.51103e+11,4.29507e+09,45,25.8857,32,0.360912
897,7.03687e+13,5.49842e+11,2.14758e+09,46,24.8818,31,0.287958
898,7.03687e+13,4.26008e+11,2.14758e+09,46,24.6953,31,0.310472
899,5.6295e+14,1.66278e+12,4.29507e+09,49,25.8818,32,0.326982
900,1.40737e+14,6.89186e+11,8.59005e+09,47,26.6055,33,0.455922
901,1.40737e+14,8.09115e+11,8.59006e+09,47,27.417,33,0.366162
902,7.03687e+13,4.54455e+11,8.59005e+09,46,27.8984,33,0.308835
903,1.40737e+14,6.43402e+11,8.59004e+09,47,26.6113,33,0.306189
904,7.03687e+13,3.9513e+11,8.59004e+09,46,26.4795,33,0.402124
905,3.51844e+13,3.88427e+11,8.59004e+09,45,26.6758,33,0.341109
906,5.6295e+14,9.93162e+11,4.29508e+09,49,26.8193,32,0.336046
907,2.2518e+15,2.96603e+12,1.718e+10,51,27.8066,34,0.373352
908,3.51844e+13,2.95643e+11,4.29507e+09,45,26.8955,32,0.350006
909,1.40737e+14,6.4588e+11,8.59004e+09,47,27.3223,33,0.386644
910,7.03687e+13,5.29113e+11,4.29508e+09,46,26.6621,32,0.380001
911,5.6295e+14,1.51212e+12,8.59004e+09,49,26.6338,33,0.356605
912,1.40737e+14,9.00257e+11,1.718e+10,47,28.8262,34,0.451969
913,5.6295e+14,1.0936e+12,8.59004e+09,49,27.2178,33,0.314765
914,1.40737e+14,6.0683e+11,4.29508e+09,47,26.9785,32,0.330608
915,5.6295e+14,1.41805e+12,8.59004e+09,49,26.7646,33,0.346031
916,9.0072e+15,9.7803e+12,8.59005e+09,53,27.6904,33,0.363316
917,3.51844e+13,5.1005e+11,8.59005e+09,45,28.1514,33,0.390897
918,2.81475e+14,9.88168e+11,8.59004e+09,48,27.4531,33,0.385795
919,1.40737e+14,5.29262e+11,2.14759e+09,47,25.4404,31,0.301599
920,7.03687e+13,4.93905e+11,4.29507e+09,46,26.2734,32,0.359953
921,3.51844e+13,3.65117e+11,2.14758e+09,45,25.5068,31,0.350434
922,2.2518e+15,2.61431e+12,4.29507e+09,51,26.3701,32,0.35204
923,9.0072e+15,9.56223e+12,2.14759e+09,53,25.6582,31,0.265595
924,5.6295e+14,2.09457e+12,1.718e+10,49,28.2656,34,0.341443
925,7.03687e+13,4.19934e+11,4.29508e+09,46,25.8125,32,0.370966
926,2.2518e+15,2.71486e+12,8.59005e+09,51,26.4424,33,0.367945
927,5.6295e+14,1.27175e+12,1.718e+10,49,29.3408,34,0.37333
928,2.81475e+14,1.20724e+12,1.718e+10,48,28.8037,34,0.330026
929,2.81475e+14,8.39543e+11,1.718e+10,48,28.6826,34,0.336685
930,5.6295e+14,1.55824e+12,8.59005e+09,49,28.3486,33,0.397283
931,1.40737e+14,1.16532e+12,1.718e+10,47,28.8145,34,0.412645
932,5.6295e+14,1.10277e+12,8.59005e+09,49,27.8398,33,0.373287
933,2.81475e+14,1.32197e+12,1.718e+10,48,28.5312,34,0.3968
934,2.81475e+14,1.18415e+12,1.718e+10,48,28.2275,34,0.403259
935,2.81475e+14,9.65923e+11,8.59006e+09,48,28.0693,33,0.455573
936,4.5036e+15,5.06092e+12,8.59004e+09,52,27.1113,33,0.288357
937,1.40737e+14,6.9332e+11,2.14759e+09,47,26.8047,31,0.279385
938,1.1259e+15,2.14543e+12,8.59005e+09,50,28.0791,33,0.40011
939,2.81475e+14,1.08033e+12,1.718e+10,48,28.7197,34,0.466585
940,1.40737e+14,6.81074e+11,1.718e+10,47,28.2178,34,0.422876
941,1.40737e+14,8.92309e+11,1.718e+10,47,28.3359,34,0.307728
942,2.81475e+14,1.00721e+12,1.718e+10,48,28.833,34,0.396129
943,1.40737e+14,6.98107e+11,1.718e+10,47,28.2686,34,0.409942
944,5.6295e+14,2.123e+12,8.59006e+09,49,27.2598,33,0.323376
945,1.40737e+14,9.46664e+11,8.59005e+09,47,27.9512,33,0.384905
946,5.6295e+14,1.45781e+12,8.59005e+09,49,27.5049,33,0.399504
947,7.03687e+13,6.41245e+11,4.29508e+09,46,25.9531,32,0.357674
948,1.40737e+14,8.55703e+11,8.59005e+09,47,27.123,33,0.347867
949,5.6295e+14,1.0073e+12,8.59004e+09,49,26.8496,33,0.333312
950,7.03687e+13,5.42411e+11,8.59004e+09,46,26.498,33,0.473418
951,1.1259e+15,2.25415e+12,8.59004e+09,50,26.5596,33,0.341797
952,7.03687e+13,6.41635e+11,8.59005e+09,46,25.958,33,0.371469
953,5.6295e+14,1.27962e+12,8.59005e+09,49,26.415,33,0.366043
954,1.40737e+14,6.6927e+11,1.718e+10,47,27.626,34,0.4455
955,1.40737e+14,8.03465e+11,8.59004e+09,47,26.2139,33,0.358467
956,5.6295e+14,1.29226e+12,8.59005e+09,49,27.2686,33,0.344095
957,1.40737e+14,1.15206e+12,1.718e+10,47,27.2139,34,0.369212
958,1.40737e+14,7.77535e+11,8.59004e+09,47,26.0645,33,0.32827
959,1.1259e+15,2.33545e+12,1.718e+10,50,26.8535,34,0.365731
960,4.5036e+15,5.86871e+12,1.718e+10,52,28.5039,34,0.395969
961,5.6295e+14,1.1694e+12,1.718e+10,49,28.4385,34,0.427373
962,1.40737e+14,8.25371e+11,1.718e+10,47,27.709,34,0.378173
963,2.81475e+14,8.57416e+11,8.59005e+09,48,27.0996,33,0.407818
964,7.03687e+13,7.23549e+11,1.718e+10,46,27.1133,34,0.310063
965,2.81475e+14,8.53939e+11,8.59006e+09,48,27.791,33,0.383309
966,5.6295e+14,1.32958e+12,8.59005e+09,49,26.6914,33,0.382557
967,5.6295e+14,1.45368e+12,1.718e+10,49,27.834,34,0.379139
968,5.6295e+14,1.26622e+12,8.59005e+09,49,27.4355,33,0.371335
969,2.81475e+14,9.90251e+11,1.718e+10,48,28.7021,34,0.369462
970,1.40737e+14,9.33711e+11,1.718e+10,47,27.9414,34,0.421687
971,1.1259e+15,1.62296e+12,8.59005e+09,50,27.8057,33,0.38916
972,1.1259e+15,3.27033e+12,1.718e+10,50,28.9023,34,0.302654
973,1.40737e+14,1.11534e+12,1.718e+10,47,28.8096,34,0.373935
974,1.1259e+15,2.39875e+12,1.718e+10,50,28.4062,34,0.34619
975,2.81475e+14,1.13734e+12,1.718e+10,48,28.9502,34,0.443871
976,2.2518e+15,2.7547e+12,1.718e+10,51,29.1914,34,0.348168
977,9.0072e+15,1.57057e+13,1.718e+10,53,27.7178,34,0.471772
978,4.5036e+15,5.20836e+12,1.718e+10,52,29.125,34,0.413358
979,2.81475e+14,1.0595e+12,8.59004e+09,48,28.6377,33,0.320026
980,7.03687e+13,6.82876e+11,1.718e+10,46,29.2207,34,0.366714
981,2.81475e+14,1.61438e+12,1.718e+10,48,29.2861,34,0.394906
982,5.6295e+14,1.49906e+12,1.718e+10,49,28.1221,34,0.37505
983,1.40737e+14,1.2727e+12,1.718e+10,47,29.7109,34,0.390009
984,2.81475e+14,1.38324e+12,1.718e+10,48,29.875,34,0.399939
985,5.6295e+14,1.94695e+12,1.718e+10,49,28.9746,34,0.426697
986,2.81475e+14,1.11092e+12,1.718e+10,48,28.8701,34,0.333376
987,2.81475e+14,1.46984e+12,1.718e+10,48,28.8809,34,0.356619
988,4.5036e+15,8.02512e+12,1.718e+10,52,28.043,34,0.382529
989,2.81475e+14,2.00171e+12,1.718e+10,48,28.8896,34,0.450849
990,2.81475e+14,1.05227e+12,1.718e+10,48,28.9854,34,0.449951
991,2.81475e+14,1.68591e+12,1.718e+10,48,29.3848,34,0.41
992,2.81475e+14,2.46191e+12,1.718e+10,48,28.3311,34,0.435576
993,1.40737e+14,1.27964e+12,1.718e+10,47,28.8604,34,0.382064
994,5.6295e+14,1.8012e+12,1.718e+10,49,28.543,34,0.317769
995,2.81475e+14,9.5964e+11,1.718e+10,48,27.8945,34,0.387954
996,7.03687e+13,7.95607e+11,1.718e+10,46,28.5547,34,0.339541
997,4.5036e+15,6.48964e+12,1.718e+10,52,29.042,34,0.38927
998,2.81475e+14,1.3254e+12,1.718e+10,48,29.7363,34,0.474547
999,1.1259e+15,2.68407e+12,1.718e+10,50,28.623,34,0.339949
1000,2.81475e+14,1.64938e+12,1.718e+10,48,29.6377,34,0.340055
1001,2.81475e+14,1.70761e+12,1.718e+10,48,29.877,34,0.440974
1002,2.81475e+14,1.96492e+12,1.718e+10,48,29.1211,34,0.461985
1003,1.40737e+14,9.78004e+11,1.718e+10,47,28.6387,34,0.373652
1004,1.40737e+14,1.19837e+12,1.718e+10,47,29.5107,34,0.43002
1005,7.03687e+13,8.99164e+11,1.718e+10,46,28.7148,34,0.356336
1006,5.6295e+14,1.62359e+12,1.718e+10,49,29.2861,34,0.479165
1007,1.1259e+15,2.46144e+12,1.718e+10,50,29.1025,34,0.411252
1008,5.6295e+14,1.39966e+12,1.718e+10,49,28.2588,34,0.457884
1009,2.81475e+14,1.64168e+12,1.718e+10,48,27.5869,34,0.400846
1010,5.6295e+14,2.05459e+12,1.718e+10,49,27.8867,34,0.34454
1011,1.40737e+14,1.53079e+12,1.718e+10,47,28.166,34,0.375173
1012,1.1259e+15,2.86565e+12,1.718e+10,50,28.4648,34,0.418092
1013,5.6295e+14,1.64261e+12,1.718e+10,49,29.0479,34,0.376946
1014,1.1259e+15,4.21457e+12,1.718e+10,50,28.3926,34,0.403108
1015,2.81475e+14,1.90787e+12,1.718e+10,48,28.4648,34,0.380123
1016,2.81475e+14,2.08491e+12,1.718e+10,48,27.8096,34,0.462696
1017,2.81475e+14,1.79475e+12,1.718e+10,48,28.0596,34,0.400812
1018,2.2518e+15,5.23181e+12,1.718e+10,51,27.708,34,0.424943
1019,5.6295e+14,3.14009e+12,1.718e+10,49,27.4951,34,0.328105
1020,5.6295e+14,2.63547e+12,1.718e+10,49,27.8701,34,0.433271
1021,2.81475e+14,1.4025e+12,1.718e+10,48,28.9102,34,0.346028
1022,1.1259e+15,2.77207e+12,1.718e+10,50,28.2637,34,0.420666
1023,1.1259e+15,2.87356e+12,1.718e+10,50,28.6982,34,0.45332
1024,2.81475e+14,1.90715e+12,1.718e+10,48,27.1592,34,0.413288
1025,1.40737e+14,9.06809e+11,1.718e+10,47,26.7412,34,0.369731
1026,2.2518e+15,3.80799e+12,1.718e+10,51,27.748,34,0.410773
1027,2.2518e+15,6.19584e+12,1.718e+10,51,27.6592,34,0.372392
1028,2.2518e+15,4.29613e+12,1.718e+10,51,28.0967,34,0.416775
1029,2.81475e+14,1.54071e+12,1.718e+10,48,29.0518,34,0.403689
1030,1.1259e+15,2.07509e+12,1.718e+10,50,28.8799,34,0.416652
1031,2.81475e+14,2.37299e+12,3.43598e+10,48,29.3984,35,0.403334
1032,7.03687e+13,8.89048e+11,1.718e+10,46,28.9541,34,0.426695
1033,2.81475e+14,2.34834e+12,1.718e+10,48,28.6445,34,0.403309
1034,1.1259e+15,2.68996e+12,1.718e+10,50,28.4043,34,0.389996
1035,2.81475e+14,1.57747e+12,3.43598e+10,48,29.4961,35,0.422701
1036,2.81475e+14,1.26777e+12,1.718e+10,48,28.5205,34,0.510646
1037,1.40737e+14,1.57726e+12,1.718e+10,47,28.8047,34,0.41008
1038,1.1259e+15,2.5393e+12,1.718e+10,50,29.0986,34,0.446816
1039,5.6295e+14,2.17295e+12,1.718e+10,49,30.3135,34,0.384665
1040,1.1259e+15,4.0385e+12,1.718e+10,50,29.3682,34,0.426943
1041,5.6295e+14,2.25246e+12,1.718e+10,49,30.3818,34,0.351891
1042,2.2518e+15,5.18378e+12,1.718e+10,51,29.2871,34,0.448174
1043,2.81475e+14,1.97408e+12,1.718e+10,48,30.3877,34,0.428087
1044,2.2518e+15,3.85871e+12,1.718e+10,51,29.5596,34,0.435876
1045,5.6295e+14,2.78998e+12,3.43599e+10,49,31.0781,35,0.424307
1046,2.2518e+15,5.52458e+12,1.718e+10,51,29.6455,34,0.369607
1047,1.1259e+15,2.4305e+12,3.43599e+10,50,31.1016,35,0.477806
1048,2.81475e+14,2.07263e+12,1.718e+10,48,29.5332,34,0.431681
1049,5.6295e+14,2.479e+12,1.718e+10,49,29.8086,34,0.406437
1050,1.1259e+15,3.63438e+12,1.718e+10,50,29.832,34,0.417338
1051,5.6295e+14,2.01536e+12,3.43598e+10,49,30.5977,35,0.466706
1052,2.81475e+14,1.82679e+12,1.718e+10,48,30.1553,34,0.343082
1053,2.81475e+14,1.97746e+12,1.718e+10,48,30.4707,34,0.336708
1054,2.81475e+14,2.76311e+12,1.718e+10,48,29.6729,34,0.394589
1055,1.1259e+15,2.19422e+12,1.718e+10,50,28.0186,34,0.38749
1056,2.81475e+14,1.58621e+12,1.718e+10,48,29.7988,34,0.445961
1057,4.5036e+15,6.65015e+12,1.718e+10,52,29.3896,34,0.462402
1058,2.2518e+15,4.27281e+12,1.718e+10,51,29.1729,34,0.40253
1059,2.81475e+14,2.31177e+12,1.718e+10,48,28.958,34,0.524138
1060,2.81475e+14,2.24594e+12,1.718e+10,48,28.54,34,0.456969
1061,2.2518e+15,3.19694e+12,1.718e+10,51,28.791,34,0.454197
1062,2.81475e+14,2.88991e+12,1.718e+10,48,29.5684,34,0.424061
1063,1.1259e+15,4.56408e+12,1.718e+10,50,28.667,34,0.354807
1064,2.81475e+14,2.36177e+12,1.718e+10,48,28.5205,34,0.366637
1065,5.6295e+14,1.8218e+12,1.718e+10,49,27.2588,34,0.363773
1066,1.1259e+15,3.32234e+12,1.718e+10,50,27.9229,34,0.448102
1067,2.81475e+14,1.29032e+12,1.718e+10,48,27.8086,34,0.471429
1068,4.5036e+15,8.58319e+12,1.718e+10,52,28.3262,34,0.496669
1069,1.1259e+15,5.90158e+12,3.43598e+10,50,31.2207,35,0.348165
1070,5.6295e+14,2.76533e+12,1.718e+10,49,30.6377,34,0.401868
1071,1.1259e+15,3.7787e+12,1.718e+10,50,30.2256,34,0.414862
1072,2.81475e+14,2.07323e+12,3.43598e+10,48,30.7432,35,0.446412
1073,1.40737e+14,1.71684e+12,3.43598e+10,47,29.8682,35,0.426476
1074,2.81475e+14,1.88791e+12,1.718e+10,48,30.1074,34,0.412469
1075,4.5036e+15,6.72844e+12,1.718e+10,52,29.2607,34,0.436769
1076,1.40737e+14,1.26316e+12,1.718e+10,47,27.3018,34,0.397077
1077,5.6295e+14,2.60257e+12,1.718e+10,49,28.2217,34,0.426483
1078,1.1259e+15,2.79517e+12,1.718e+10,50,28.3828,34,0.41851
1079,5.6295e+14,3.05749e+12,3.43599e+10,49,30.5801,35,0.463273
1080,1.40737e+14,1.17782e+12,1.718e+10,47,29.1113,34,0.331378
1081,2.81475e+14,1.55462e+12,1.718e+10,48,29.6201,34,0.462945
1082,2.81475e+14,1.96369e+12,1.718e+10,48,29.9365,34,0.292713
1083,5.6295e+14,2.50651e+12,1.718e+10,49,29.2188,34,0.531275
1084,2.81475e+14,2.27058e+12,1.718e+10,48,29.1621,34,0.460478
1085,5.6295e+14,2.04212e+12,1.718e+10,49,29.5479,34,0.430431
1086,2.81475e+14,2.47791e+12,1.718e+10,48,29.1396,34,0.401312
1087,1.1259e+15,2.82085e+12,1.718e+10,50,28.8232,34,0.396858
1088,2.81475e+14,1.5711e+12,1.718e+10,48,28.8936,34,0.355231
1089,1.40737e+14,1.18958e+12,1.718e+10,47,27.291,34,0.441649
1090,1.1259e+15,3.62704e+12,1.718e+10,50,28.9639,34,0.390031
1091,2.2518e+15,3.46369e+12,1.718e+10,51,28.3916,34,0.403356
1092,2.81475e+14,1.71999e+12,3.43598e+10,48,30.0166,35,0.416692
1093,2.81475e+14,2.10451e+12,1.718e+10,48,29.1631,34,0.381311
1094,5.6295e+14,2.38091e+12,3.43599e+10,49,30.9707,35,0.454038
1095,1.1259e+15,3.14005e+12,1.718e+10,50,29.7988,34,0.464331
1096,7.03687e+13,1.16443e+12,1.718e+10,46,29.5605,34,0.443615
1097,2.81475e+14,1.79197e+12,1.718e+10,48,29.4287,34,0.400011
1098,2.81475e+14,1.64973e+12,3.43598e+10,48,29.7686,35,0.513007
1099,4.5036e+15,1.05194e+13,1.718e+10,52,29,34,0.371125
1100,1.1259e+15,2.96755e+12,3.43599e+10,50,31.2578,35,0.512531
1101,1.40737e+14,1.33134e+12,1.718e+10,47,29.8096,34,0.430793
1102,2.2518e+15,3.69424e+12,3.43598e+10,51,30.0283,35,0.432498
1103,1.1259e+15,3.00083e+12,3.43599e+10,50,30.834,35,0.370616
1104,5.6295e+14,2.48502e+12,3.43599e+10,49,31.0059,35,0.437186
1105,5.6295e+14,3.7427e+12,3.43599e+10,49,31.1025,35,0.50558
1106,5.6295e+14,2.69505e+12,3.43599e+10,49,30.2549,35,0.429908
1107,4.5036e+15,7.17481e+12,3.43599e+10,52,30.6807,35,0.426427
1108,1.1259e+15,4.03561e+12,3.43599e+10,50,30.9854,35,0.496959
1109,1.1259e+15,3.81542e+12,3.43599e+10,50,31.6475,35,0.463307
1110,1.1259e+15,3.77539e+12,3.43599e+10,50,31.4248,35,0.463307
1111,5.6295e+14,3.03433e+12,3.43599e+10,49,31.3125,35,0.426713
1112,5.6295e+14,3.29116e+12,3.43598e+10,49,30.2598,35,0.454452
1113,5.6295e+14,2.28942e+12,3.43599e+10,49,30.1973,35,0.467411
1114,1.1259e+15,3.0657e+12,1.718e+10,50,29.6846,34,0.462866
1115,2.2518e+15,5.05289e+12,1.718e+10,51,30.2109,34,0.518102
1116,2.2518e+15,7.72652e+12,3.43599e+10,51,30.1699,35,0.517205
1117,5.6295e+14,3.57257e+12,1.718e+10,49,29.8594,34,0.379941
1118,2.2518e+15,5.24823e+12,3.43598e+10,51,30.5146,35,0.373334
1119,1.1259e+15,4.52973e+12,3.43598e+10,50,30.6221,35,0.434093
1120,1.1259e+15,3.93416e+12,3.43599e+10,50,30.6504,35,0.459248
1121,5.6295e+14,4.46491e+12,3.43599e+10,49,30.5938,35,0.483331
1122,4.5036e+15,1.30385e+13,3.43599e+10,52,30.6719,35,0.342551
1123,2.2518e+15,7.17532e+12,3.43599e+10,51,31.1445,35,0.513214
1124,9.0072e+15,1.2029e+13,1.718e+10,53,29.9814,34,0.494284
1125,5.6295e+14,2.57682e+12,3.43599e+10,49,31.6279,35,0.340386
1126,2.2518e+15,3.43824e+12,1.718e+10,51,29.8008,34,0.42289
1127,5.6295e+14,1.9992e+12,1.718e+10,49,28.9951,34,0.403311
1128,5.6295e+14,2.95507e+12,1.718e+10,49,29.1143,34,0.442471
1129,4.5036e+15,8.43695e+12,1.718e+10,52,30.0225,34,0.435303
1130,2.81475e+14,2.84093e+12,3.43599e+10,48,30.8193,35,0.484125
1131,2.81475e+14,2.8811e+12,1.718e+10,48,30.0645,34,0.362371
1132,1.1259e+15,4.59079e+12,3.43599e+10,50,31.0439,35,0.413845
1133,1.80144e+16,2.03532e+13,1.718e+10,54,30.251,34,0.478957
1134,2.81475e+14,2.73328e+12,3.43599e+10,48,29.6396,35,0.476259
1135,1.1259e+15,2.95815e+12,3.43599e+10,50,31.1289,35,0.386733
1136,4.5036e+15,9.09647e+12,3.43599e+10,52,30.9492,35,0.456676
1137,1.1259e+15,5.54263e+12,3.43599e+10,50,30.3428,35,0.453287
1138,1.1259e+15,5.71668e+12,3.43599e+10,50,30.0977,35,0.433398
1139,5.6295e+14,3.77651e+12,3.43599e+10,49,30.2744,35,0.471832
1140,4.5036e+15,1.16174e+13,3.43599e+10,52,31.2451,35,0.518121
1141,2.81475e+14,3.11986e+12,3.43599e+10,48,30.8076,35,0.452375
1142,4.5036e+15,6.75876e+12,3.43599e+10,52,30.8545,35,0.484704
1143,2.2518e+15,6.06428e+12,1.718e+10,51,30.2422,34,0.451748
1144,2.2518e+15,8.15775e+12,1.718e+10,51,30.1582,34,0.374459
1145,4.5036e+15,7.24646e+12,3.43599e+10,52,30.9297,35,0.39675
1146,4.5036e+15,1.32111e+13,3.43599e+10,52,31.7637,35,0.383297
1147,2.81475e+14,2.52758e+12,3.43599e+10,48,30.6494,35,0.466667
1148,1.1259e+15,5.26989e+12,3.43599e+10,50,30.7412,35,0.436438
1149,1.1259e+15,4.51786e+12,3.43599e+10,50,29.7686,35,0.330818
1150,5.6295e+14,4.00518e+12,3.43599e+10,49,30.3203,35,0.439899
1151,2.81475e+14,2.72002e+12,3.43599e+10,48,29.5752,35,0.486133
1152,4.5036e+15,8.78332e+12,3.43599e+10,52,30.1816,35,0.382531
1153,1.80144e+16,2.26168e+13,3.43599e+10,54,31.2773,35,0.44891
1154,2.8823e+17,2.92783e+14,3.43599e+10,58,30.9248,35,0.528585
1155,2.2518e+15,7.61768e+12,3.43599e+10,51,29.5137,35,0.416692
1156,1.15292e+18,1.14493e+15,1.718e+10,60,29.335,34,0.413334
1157,9.0072e+15,1.51297e+13,1.718e+10,53,27.5342,34,0.417134
1158,9.0072e+15,1.31248e+13,2.6851e+08,53,23.4717,28,0.28098
1159,1.1259e+15,5.82534e+12,1.718e+10,50,27.9004,34,0.405195
1160,9.0072e+15,3.35074e+13,1.718e+10,53,28.1602,34,0.453279
1161,1.1259e+15,8.59606e+12,1.718e+10,50,28.8242,34,0.423134
1162,2.2518e+15,1.02808e+13,1.718e+10,51,28.7002,34,0.403243
1163,1.80144e+16,4.57716e+13,3.43598e+10,54,28.9766,35,0.389099
1164,9.0072e+15,2.218e+13,1.718e+10,53,29.667,34,0.474525
1165,2.2518e+15,9.21302e+12,1.718e+10,51,28.8555,34,0.383057
1166,2.2518e+15,7.78625e+12,1.718e+10,51,29.2168,34,0.536994
1167,2.2518e+15,5.1327e+12,8.59004e+09,51,28.1084,33,0.436659
1168,4.5036e+15,1.48995e+13,1.718e+10,52,30.6055,34,0.409988
1169,1.1259e+15,5.70252e+12,3.43598e+10,50,29.3965,35,0.447611
1170,1.80144e+16,3.17233e+13,1.718e+10,54,28.627,34,0.469582
1171,2.2518e+15,8.75195e+12,3.43599e+10,51,31.0088,35,0.515622
1172,1.1259e+15,6.28838e+12,3.43599e+10,50,29.9326,35,0.387153
1173,4.5036e+15,1.2221e+13,1.718e+10,52,29.5723,34,0.47275
1174,1.1259e+15,6.77492e+12,1.718e+10,50,29.8369,34,0.503965
1175,9.0072e+15,1.51526e+13,3.43599e+10,53,30.2852,35,0.434928
1176,2.2518e+15,1.02536e+13,6.87196e+10,51,31.1318,36,0.483016
1177,9.0072e+15,1.72275e+13,3.43599e+10,53,31.1064,35,0.451528
1178,9.0072e+15,1.99064e+13,3.43599e+10,53,30.7598,35,0.464463
1179,4.5036e+15,1.81399e+13,3.43599e+10,52,30.8799,35,0.456111
1180,3.60288e+16,4.76097e+13,1.718e+10,55,29.2949,34,0.461843
1181,1.80144e+16,3.51045e+13,3.43599e+10,54,30.0742,35,0.438289
1182,3.60288e+16,6.10031e+13,3.43599e+10,55,29.998,35,0.446521
1183,1.80144e+16,5.69675e+13,6.87196e+10,54,31.4951,36,0.498557
1184,2.2518e+15,1.06827e+13,6.87196e+10,51,31.2578,36,0.450328
1185,2.2518e+15,1.69119e+13,3.43599e+10,51,29.5557,35,0.4728
1186,4.5036e+15,2.92724e+13,3.43599e+10,52,29.4668,35,0.429985
1187,1.44115e+17,1.57791e+14,3.43599e+10,57,30.2002,35,0.494436
1188,2.2518e+15,1.14675e+13,1.718e+10,51,28.2715,34,0.473881
1189,1.1259e+15,9.0661e+12,1.718e+10,50,28.3086,34,0.494837
1190,9.0072e+15,1.77296e+13,8.59005e+09,53,27.6328,33,0.419905
1191,1.80144e+16,3.40588e+13,3.43598e+10,54,29.6475,35,0.374888
1192,9.0072e+15,1.71437e+13,3.43599e+10,53,29.7715,35,0.446105
1193,4.5036e+15,1.58755e+13,3.43599e+10,52,30.1592,35,0.482414
1194,3.60288e+16,5.06624e+13,3.43599e+10,55,30.0225,35,0.458475
1195,9.0072e+15,2.7046e+13,6.87196e+10,53,31.5166,36,0.459995
1196,4.5036e+15,2.08137e+13,1.718e+10,52,29.2627,34,0.426668
1197,3.60288e+16,5.45145e+13,1.718e+10,55,30.4424,34,0.419971
1198,1.80144e+16,6.1499e+13,6.87196e+10,54,30.9824,36,0.470307
1199,1.80144e+16,3.19027e+13,6.87196e+10,54,30.9561,36,0.471107
1200,4.5036e+15,1.85885e+13,1.718e+10,52,28.3496,34,0.368587
1201,7.20576e+16,1.31071e+14,3.43598e+10,56,29.6582,35,0.401906
1202,3.60288e+16,5.85458e+13,6.87196e+10,55,31.1641,36,0.438739
1203,9.0072e+15,3.76266e+13,1.37439e+11,53,31.1133,37,0.49887
1204,7.20576e+16,1.74477e+14,6.87196e+10,56,31.3945,36,0.497154
1205,3.60288e+16,7.77323e+13,1.37439e+11,55,32.6807,37,0.487248
1206,7.20576e+16,1.29717e+14,2.74878e+11,56,32.9053,38,0.496438
1207,1.44115e+17,1.88488e+14,6.87196e+10,57,29.8359,36,0.452819
1208,7.20576e+16,2.17768e+14,1.37439e+11,56,31.7197,37,0.543523
1209,1.80144e+16,6.66301e+13,1.37439e+11,54,31.5039,37,0.521996
1210,1.44115e+17,2.01355e+14,1.37439e+11,57,31.6992,37,0.468021
1211,3.60288e+16,1.28311e+14,1.37439e+11,55,31.7461,37,0.491914
1212,1.80144e+16,5.70133e+13,6.87196e+10,54,30.5088,36,0.446499
1213,9.0072e+15,5.99915e+13,6.87196e+10,53,30.3535,36,0.461332
1214,1.80144e+16,4.29587e+13,6.87196e+10,54,30.9688,36,0.463235
1215,7.20576e+16,1.64437e+14,6.87196e+10,56,31.373,36,0.488428
1216,5.76461e+17,7.91806e+14,3.43599e+10,59,30.2793,35,0.411113
1217,7.20576e+16,1.83089e+14,1.37439e+11,56,32.2881,37,0.494125
1218,1.80144e+16,8.66712e+13,1.37439e+11,54,31.8213,37,0.50102
1219,1.80144e+16,9.42376e+13,6.87196e+10,54,30.8994,36,0.529896
1220,1.80144e+16,5.30224e+13,1.37439e+11,54,32.3516,37,0.448687
1221,5.76461e+17,6.40003e+14,1.37439e+11,59,32.2988,37,0.473721
1222,1.80144e+16,1.0409e+14,6.87196e+10,54,31.1318,36,0.36631
1223,1.80144e+16,9.92065e+13,6.87196e+10,54,30.6963,36,0.485225
1224,1.80144e+16,6.93509e+13,3.43599e+10,54,30.4805,35,0.435153
1225,4.5036e+15,2.91629e+13,3.43599e+10,52,29.9316,35,0.433388
1226,1.80144e+16,1.18099e+14,3.43599e+10,54,29.668,35,0.478471
1227,1.80144e+16,8.25476e+13,6.87196e+10,54,30.2998,36,0.448099
1228,9.0072e+15,4.42584e+13,3.43599e+10,53,29.5518,35,0.456328
1229,1.44115e+17,1.74704e+14,3.43599e+10,57,29.7939,35,0.520367
1230,9.0072e+15,6.56876e+13,3.43599e+10,53,29.9922,35,0.443008
1231,7.20576e+16,1.18348e+14,3.43599e+10,56,29.4307,35,0.410023
1232,9.0072e+15,5.85267e+13,3.43599e+10,53,29.377,35,0.530278
1233,3.60288e+16,7.84949e+13,3.43599e+10,55,29.4883,35,0.40338
1234,7.20576e+16,1.3076e+14,8.59005e+09,56,28.7363,33,0.497248
1235,7.20576e+16,1.688e+14,1.718e+10,56,28.9609,34,0.442168
1236,9.0072e+15,4.92536e+13,1.718e+10,53,28.7559,34,0.456158
1237,7.20576e+16,1.37875e+14,3.43599e+10,56,29.3643,35,0.382471
1238,4.61169e+18,4.58283e+15,3.43599e+10,62,29.7207,35,0.496229
1239,1.44115e+17,1.74362e+14,6.87196e+10,57,30.8223,36,0.485145
1240,3.60288e+16,1.6372e+14,3.43599e+10,55,29.5537,35,0.518852
1241,7.20576e+16,1.44319e+14,1.718e+10,56,28.7627,34,0.356459
1242,1.44115e+17,4.31587e+14,3.43599e+10,57,29.9316,35,0.420741
1243,5.76461e+17,6.85228e+14,3.43598e+10,59,29.418,35,0.526759
1244,7.20576e+16,1.36205e+14,3.43599e+10,56,29.3438,35,0.425913
1245,3.60288e+16,1.20885e+14,3.43599e+10,55,29.7939,35,0.439259
1246,3.60288e+16,1.17936e+14,1.718e+10,55,29.3271,34,0.567899
1247,3.60288e+16,5.83753e+13,1.718e+10,55,28.9258,34,0.505159
1248,4.5036e+15,3.87652e+13,6.87196e+10,52,30.4482,36,0.51546
1249,1.44115e+17,2.03452e+14,6.87196e+10,57,30.3047,36,0.507418
1250,7.20576e+16,1.92625e+14,6.87196e+10,56,30.6221,36,0.436624
1251,1.44115e+17,2.59122e+14,3.43599e+10,57,29.7275,35,0.363329
1252,3.60288e+16,1.02441e+14,3.43599e+10,55,30.1777,35,0.456654
1253,2.2518e+15,2.79773e+13,3.43599e+10,51,30.4639,35,0.430687
1254,9.0072e+15,6.02624e+13,3.43599e+10,53,29.9766,35,0.455963
1255,4.61169e+18,4.54928e+15,1.718e+10,62,29.7109,34,0.444098
1256,3.60288e+16,7.48603e+13,8.59004e+09,55,28.5889,33,0.460057
1257,1.44115e+17,1.68018e+14,8.59004e+09,57,27.7324,33,0.466908
1258,1.44115e+17,2.22689e+14,3.43598e+10,57,28.9541,35,0.37227
1259,1.80144e+16,7.13029e+13,3.43598e+10,54,28.75,35,0.438046
1260,3.60288e+16,9.74158e+13,4.29507e+09,55,27.7783,32,0.455291
1261,5.76461e+17,1.00187e+15,1.718e+10,59,28.0176,34,0.430046
1262,9.0072e+15,6.91486e+13,1.718e+10,53,29.21,34,0.44889
1263,7.20576e+16,1.51147e+14,3.43599e+10,56,29.3281,35,0.541096
1264,3.60288e+16,1.04331e+14,1.718e+10,55,29.8516,34,0.449961
1265,1.80144e+16,6.85038e+13,6.87196e+10,54,30.8691,36,0.433372
1266,1.80144e+16,4.82103e+13,3.43599e+10,54,30.6543,35,0.441709
1267,2.8823e+17,5.31846e+14,6.87196e+10,58,30.8643,36,0.513205
1268,3.60288e+16,9.44772e+13,3.43598e+10,55,29.7725,35,0.448428
1269,1.44115e+17,1.94337e+14,3.43599e+10,57,30.4805,35,0.444096
1270,3.60288e+16,1.53915e+14,1.37439e+11,55,31.623,37,0.49252
1271,3.60288e+16,8.12728e+13,6.87196e+10,55,30.8174,36,0.450025
1272,3.60288e+16,1.44456e+14,6.87196e+10,55,31.3643,36,0.472152
1273,1.80144e+16,7.74399e+13,3.43599e+10,54,30.7676,35,0.579515
1274,2.8823e+17,6.45127e+14,6.87196e+10,58,31.1865,36,0.55157
1275,2.8823e+17,5.7956e+14,6.87196e+10,58,30.1152,36,0.531545
1276,5.76461e+17,6.99654e+14,6.87196e+10,59,30.7607,36,0.415638
1277,1.80144e+16,1.20676e+14,6.87196e+10,54,30.9785,36,0.467808
1278,1.44115e+17,3.24176e+14,6.87196e+10,57,30.6338,36,0.471747
1279,2.8823e+17,4.93152e+14,6.87196e+10,58,31.4209,36,0.476622
1280,2.8823e+17,5.34985e+14,6.87196e+10,58,30.6201,36,0.590049
1281,2.8823e+17,4.0811e+14,6.87196e+10,58,30.6943,36,0.444967
1282,4.61169e+18,4.80321e+15,6.87196e+10,62,30.3291,36,0.448338
1283,1.15292e+18,1.22089e+15,1.37439e+11,60,32.0908,37,0.516691
1284,7.20576e+16,1.72394e+14,1.37439e+11,56,32.1475,37,0.514679
1285,1.15292e+18,1.23339e+15,1.37439e+11,60,31.8857,37,0.509586
1286,1.44115e+17,4.34872e+14,6.87196e+10,57,31.374,36,0.420823
1287,7.20576e+16,4.22512e+14,6.87196e+10,56,30.4092,36,0.502183
1288,2.8823e+17,4.18069e+14,6.87196e+10,58,30.4795,36,0.432338
1289,1.44115e+17,3.24239e+14,6.87196e+10,57,31.0664,36,0.51377
1290,2.8823e+17,6.42136e+14,6.87196e+10,58,30.5166,36,0.416316
1291,2.8823e+17,5.76326e+14,6.87196e+10,58,29.9248,36,0.430319
1292,2.8823e+17,6.65975e+14,6.87196e+10,58,30.3916,36,0.521901
1293,3.60288e+16,1.48125e+14,3.43598e+10,55,29.0967,35,0.471113
1294,1.44115e+17,3.61542e+14,3.43598e+10,57,29.1602,35,0.56362
1295,1.44115e+17,2.63829e+14,3.43599e+10,57,30.2109,35,0.430054
1296,1.80144e+16,5.6744e+13,3.43599e+10,54,28.9795,35,0.40992
1297,7.20576e+16,1.25285e+14,1.718e+10,56,28.5518,34,0.503358
1298,1.80144e+16,8.59495e+13,3.43598e+10,54,29.4785,35,0.480024
1299,2.30584e+18,2.8087e+15,6.87196e+10,61,30.1387,36,0.503362
1300,5.76461e+17,6.76175e+14,1.718e+10,59,29.3193,34,0.50057
1301,1.44115e+17,3.002e+14,6.87196e+10,57,30.457,36,0.502394
1302,5.76461e+17,8.50635e+14,6.87196e+10,59,30.4707,36,0.514864
1303,1.15292e+18,1.24229e+15,6.87196e+10,60,30.6035,36,0.479642
1304,1.44115e+17,3.94752e+14,1.37439e+11,57,30.8926,37,0.497413
1305,3.60288e+16,2.38944e+14,1.37439e+11,55,31.2559,37,0.496893
1306,1.44115e+17,5.25819e+14,6.87196e+10,57,29.4219,36,0.429589
1307,1.15292e+18,1.65851e+15,1.37439e+11,60,31.4219,37,0.468592
1308,1.44115e+17,2.69393e+14,6.87196e+10,57,30.2949,36,0.467574
1309,2.8823e+17,4.79063e+14,3.43599e+10,58,29.9072,35,0.589084
1310,1.44115e+17,2.27611e+14,6.87196e+10,57,30.4277,36,0.513316
1311,1.44115e+17,3.44883e+14,3.43598e+10,57,29.1748,35,0.429999
1312,1.44115e+17,4.19584e+14,6.87196e+10,57,30.0566,36,0.392845
1313,1.15292e+18,2.6757e+15,6.87196e+10,60,31.0674,36,0.558819
1314,7.20576e+16,1.49187e+14,1.718e+10,56,28.9238,34,0.48833
1315,7.20576e+16,2.70218e+14,6.87196e+10,56,30.1572,36,0.510669
1316,1.44115e+17,2.97601e+14,6.87196e+10,57,29.6172,36,0.529361
1317,3.60288e+16,1.30289e+14,6.87196e+10,55,30.0283,36,0.449973
1318,2.8823e+17,7.60558e+14,3.43598e+10,58,29.4502,35,0.503305
1319,1.15292e+18,1.41807e+15,6.87196e+10,60,30.835,36,0.541743
1320,2.30584e+18,2.78218e+15,3.43599e+10,61,29.3164,35,0.55416
1321,5.76461e+17,8.71745e+14,2.74878e+11,59,34.4492,38,0.560495
1322,7.20576e+16,3.3822e+14,2.74878e+11,56,33.6084,38,0.518406
1323,1.15292e+18,1.59126e+15,1.37439e+11,60,32.2422,37,0.569214
1324,5.76461e+17,1.13592e+15,6.87196e+10,59,31.9512,36,0.516639
1325,1.44115e+17,3.58341e+14,6.87196e+10,57,31.4512,36,0.470013
1326,3.60288e+16,1.50805e+14,6.87196e+10,55,30.0566,36,0.477484
1327,3.60288e+16,1.35103e+14,1.37439e+11,55,32.1914,37,0.657143
1328,1.44115e+17,4.04982e+14,6.87196e+10,57,30.7432,36,0.45848
1329,2.8823e+17,4.86868e+14,6.87196e+10,58,30.1465,36,0.498098
1330,1.44115e+17,4.78864e+14,3.43599e+10,57,28.6377,35,0.50849
1331,1.15292e+18,1.26604e+15,6.87196e+10,60,30.958,36,0.416445
1332,2.8823e+17,5.1138e+14,2.74878e+11,58,33.7109,38,0.578774
1333,1.44115e+17,4.86058e+14,1.37439e+11,57,32.4766,37,0.496955
1334,2.8823e+17,3.98003e+14,1.37439e+11,58,32.8936,37,0.473342
1335,1.44115e+17,5.61994e+14,2.74878e+11,57,32.9668,38,0.480978
1336,2.8823e+17,5.78997e+14,2.74878e+11,58,33.623,38,0.547156
1337,1.15292e+18,1.69651e+15,1.37439e+11,60,32.2129,37,0.490448
1338,3.60288e+16,2.25804e+14,2.74878e+11,55,33.5117,38,0.542254
1339,3.60288e+16,1.42088e+14,2.74878e+11,55,33.6738,38,0.499968
1340,7.20576e+16,3.36532e+14,1.37439e+11,56,32.0039,37,0.536689
1341,3.60288e+16,2.13904e+14,1.37439e+11,55,31.2461,37,0.499979
1342,2.8823e+17,3.88142e+14,1.37439e+11,58,31.7383,37,0.583397
1343,1.15292e+18,1.98844e+15,2.74878e+11,60,33.3125,38,0.489742
1344,1.44115e+17,4.76691e+14,2.74878e+11,57,33.8633,38,0.543554
1345,5.76461e+17,8.68734e+14,1.37439e+11,59,32.1318,37,0.483343
1346,2.8823e+17,5.73509e+14,2.74878e+11,58,32.9209,38,0.480003
1347,3.60288e+16,1.93157e+14,2.74878e+11,55,33.4404,38,0.516158
1348,1.44115e+17,2.60292e+14,2.74878e+11,57,32.6602,38,0.48033
1349,5.76461e+17,1.58039e+15,2.74878e+11,59,33.8184,38,0.443388
1350,1.44115e+17,3.60117e+14,6.87196e+10,57,31.4346,36,0.522521
1351,4.61169e+18,4.64928e+15,2.74878e+11,62,33.0449,38,0.47761
1352,5.76461e+17,9.32287e+14,1.37439e+11,59,31.9932,37,0.51636
1353,7.20576e+16,3.55401e+14,6.87196e+10,56,31.6846,36,0.393493
1354,5.76461e+17,1.17333e+15,6.87196e+10,59,31.208,36,0.513413
1355,1.44115e+17,3.45497e+14,6.87196e+10,57,30.8584,36,0.466683
1356,2.8823e+17,4.71876e+14,6.87196e+10,58,30.3174,36,0.499737
1357,1.44115e+17,4.73825e+14,1.37439e+11,57,31.041,37,0.489958
1358,9.22337e+18,9.54816e+15,6.87196e+10,63,29.3994,36,0.478603
1359,7.20576e+16,2.3792e+14,2.74878e+11,56,33.7451,38,0.494694
1360,1.44115e+17,6.0519e+14,1.37439e+11,57,32.1572,37,0.511446
1361,1.15292e+18,1.68464e+15,6.87196e+10,60,31.416,36,0.594506
1362,2.30584e+18,3.07641e+15,2.74878e+11,61,34.4053,38,0.52101
1363,7.20576e+16,3.07013e+14,6.87196e+10,56,31.2441,36,0.41429
1364,2.8823e+17,8.69198e+14,2.74878e+11,58,32.7266,38,0.487877
1365,1.15292e+18,2.06502e+15,2.74878e+11,60,33.3965,38,0.525243
1366,1.15292e+18,2.141e+15,2.74878e+11,60,33.876,38,0.550223
1367,4.61169e+18,5.45865e+15,5.49756e+11,62,34.7246,39,0.552395
1368,1.15292e+18,1.43969e+15,2.74878e+11,60,34.4395,38,0.520027
1369,3.60288e+16,2.35033e+14,2.74878e+11,55,34.6143,38,0.509971
1370,2.30584e+18,2.72832e+15,2.74878e+11,61,34.2334,38,0.516663
1371,2.8823e+17,8.15642e+14,2.74878e+11,58,32.0127,38,0.52333
1372,1.44115e+17,7.00308e+14,1.37439e+11,57,31.4727,37,0.516674
1373,2.8823e+17,8.81345e+14,1.37439e+11,58,30.877,37,0.486749
1374,1.44115e+17,3.11126e+14,1.37439e+11,57,31.3809,37,0.526893
1375,1.44115e+17,4.38691e+14,6.87196e+10,57,30.1162,36,0.548275
1376,4.61169e+18,5.11198e+15,1.37439e+11,62,32.4082,37,0.595123
1377,2.8823e+17,5.27243e+14,2.74878e+11,58,34.1328,38,0.49104
1378,3.60288e+16,1.5154e+14,2.74878e+11,55,33.2578,38,0.435251
1379,5.76461e+17,9.6894e+14,1.37439e+11,59,32.1328,37,0.406666
1380,5.76461e+17,1.52804e+15,2.74878e+11,59,33.5469,38,0.536669
1381,9.22337e+18,9.78429e+15,6.87196e+10,63,30.7588,36,0.548102
1382,3.60288e+16,2.38077e+14,2.74878e+11,55,34.5244,38,0.470351
1383,5.76461e+17,1.35466e+15,1.37439e+11,59,32.8789,37,0.546655
1384,9.22337e+18,9.22431e+15,6.87196e+10,63,31.3408,36,0.468268
1385,2.8823e+17,6.33618e+14,5.49756e+11,58,35.5186,39,0.603282
1386,1.44115e+17,6.14599e+14,2.74878e+11,57,35.124,38,0.500052
1387,2.8823e+17,7.66579e+14,1.37439e+11,58,32.957,37,0.391983
1388,2.30584e+18,2.91448e+15,2.74878e+11,61,33.8906,38,0.517297
1389,1.15292e+18,1.93016e+15,2.74878e+11,60,33.7637,38,0.575143
1390,1.15292e+18,1.3884e+15,6.87196e+10,60,32,36,0.471819
1391,2.30584e+18,3.87587e+15,2.74878e+11,61,34.0029,38,0.551847
1392,7.20576e+16,3.67603e+14,1.37439e+11,56,33.0674,37,0.438573
1393,1.44115e+17,6.57123e+14,2.74878e+11,57,32.6826,38,0.458583
1394,7.20576e+16,1.73321e+14,2.74878e+11,56,33.3926,38,0.470464
1395,1.15292e+18,2.43352e+15,1.37439e+11,60,32.7891,37,0.547897
1396,5.76461e+17,1.08286e+15,1.37439e+11,59,34.0703,37,0.522986
1397,1.15292e+18,1.26137e+15,6.87196e+10,60,31.6729,36,0.526709
1398,1.15292e+18,1.96559e+15,2.74878e+11,60,32.8945,38,0.471916
1399,5.76461e+17,1.20466e+15,1.37439e+11,59,33.459,37,0.525575
1400,4.61169e+18,4.72226e+15,6.87196e+10,62,32.4873,36,0.527129
1401,1.44115e+17,4.15996e+14,6.87196e+10,57,31.9727,36,0.414109
1402,2.8823e+17,7.72273e+14,6.87196e+10,58,32.7295,36,0.471235
1403,5.76461e+17,7.38013e+14,6.87196e+10,59,32.6523,36,0.474298
1404,5.76461e+17,8.50686e+14,1.37439e+11,59,31.9746,37,0.54115
1405,7.20576e+16,2.11726e+14,6.87196e+10,56,31.7861,36,0.4701
1406,1.80144e+16,1.24227e+14,1.718e+10,54,29.5771,34,0.494473
1407,4.61169e+18,4.96621e+15,6.87196e+10,62,31.1279,36,0.478763
1408,7.20576e+16,2.35852e+14,1.37439e+11,56,33.6475,37,0.534613
1409,1.80144e+16,9.8223e+13,1.37439e+11,54,33.8936,37,0.583241
1410,2.8823e+17,1.01413e+15,1.37439e+11,58,33.0723,37,0.567362
1411,9.22337e+18,1.00823e+16,1.37439e+11,63,33.2949,37,0.527874
1412,1.15292e+18,3.29873e+15,2.74878e+11,60,33.4717,38,0.504805
1413,9.22337e+18,9.95045e+15,1.37439e+11,63,31.2383,37,0.575967
1414,5.76461e+17,2.65571e+15,2.74878e+11,59,32.8701,38,0.450708
1415,1.15292e+18,2.15542e+15,2.74878e+11,60,32.2959,38,0.496639
1416,1.44115e+17,1.05502e+15,2.74878e+11,57,31.8672,38,0.47667
1417,3.68935e+19,3.74111e+16,3.43598e+10,65,29.1973,35,0.516707
1418,5.76461e+17,1.61983e+15,6.87196e+10,59,30.3955,36,0.566674
1419,4.61169e+18,5.45005e+15,6.87196e+10,62,30.6338,36,0.493338
1420,1.15292e+18,1.68124e+15,3.43599e+10,60,29.415,35,0.494603
1421,1.15292e+18,3.06596e+15,1.37439e+11,60,31.167,37,0.482035
1422,9.22337e+18,1.03989e+16,3.43599e+10,63,30.6494,35,0.433313
1423,2.30584e+18,3.74741e+15,2.74878e+11,61,32.374,38,0.526666
1424,1.15292e+18,2.22805e+15,6.87196e+10,60,30.6777,36,0.489941
1425,1.84467e+19,2.15786e+16,6.87196e+10,64,31.668,36,0.548854
1426,2.8823e+17,1.40992e+15,6.87196e+10,58,31.2031,36,0.411437
1427,1.15292e+18,2.95534e+15,6.87196e+10,60,31.4453,36,0.493071
1428,2.30584e+18,6.50067e+15,1.37439e+11,61,31.5176,37,0.560601
1429,1.15292e+18,3.28426e+15,1.37439e+11,60,32.0264,37,0.602791
1430,1.15292e+18,4.09533e+15,1.37439e+11,60,32.5547,37,0.555133
1431,2.8823e+17,1.62854e+15,6.87196e+10,58,31.9561,36,0.504353
1432,2.8823e+17,9.50711e+14,6.87196e+10,58,31.3779,36,0.453899
1433,2.8823e+17,1.01184e+15,2.74878e+11,58,31.8291,38,0.466578
1434,5.76461e+17,1.86471e+15,6.87196e+10,59,30.877,36,0.500537
1435,5.76461e+17,1.14371e+15,6.87196e+10,59,29.8623,36,0.552818
1436,1.15292e+18,2.16382e+15,6.87196e+10,60,30.5381,36,0.513925
1437,5.76461e+17,1.22086e+15,1.37439e+11,59,32.6201,37,0.544184
1438,2.8823e+17,8.87225e+14,6.87196e+10,58,31.0195,36,0.576377
1439,7.20576e+16,4.69577e+14,1.37439e+11,56,32.293,37,0.491029
1440,2.30584e+18,4.73626e+15,6.87196e+10,61,31.3047,36,0.39955
1441,4.61169e+18,5.49135e+15,2.74878e+11,62,32.6455,38,0.368299
1442,4.61169e+18,7.61197e+15,6.87196e+10,62,30.2002,36,0.373482
1443,4.61169e+18,1.06189e+16,6.87196e+10,62,30.4814,36,0.326321
1444,4.61169e+18,5.46311e+15,6.87196e+10,62,31.5449,36,0.345193
1445,4.61169e+18,5.51274e+15,1.37439e+11,62,31.7646,37,0.351565
1446,2.30584e+18,3.35375e+15,1.37439e+11,61,32.8076,37,0.377426
1447,4.61169e+18,6.96813e+15,1.718e+10,62,30.8887,34,0.385056
1448,2.8823e+17,8.00633e+14,6.87196e+10,58,33.2891,36,0.371088
1449,4.61169e+18,7.73264e+15,1.37439e+11,62,34.502,37,0.39954
1450,1.84467e+19,2.1638e+16,1.37439e+11,64,33.2568,37,0.36215
1451,9.22337e+18,1.14127e+16,1.37439e+11,63,33.3818,37,0.379953
1452,2.30584e+18,2.93291e+15,6.87196e+10,61,32.6035,36,0.367046
1453,2.30584e+18,5.39138e+15,1.37439e+11,61,33.5176,37,0.372785
1454,2.8823e+17,1.4098e+15,6.87196e+10,58,32.8496,36,0.361527
1455,2.95148e+20,2.92618e+17,6.87196e+10,68,33.3945,36,0.370631
1456,5.76461e+17,2.20669e+15,6.87196e+10,59,33.4609,36,0.365834
1457,2.30584e+18,6.03834e+15,6.87196e+10,61,32.248,36,0.355007
1458,9.22337e+18,1.00562e+16,3.43598e+10,63,31.1514,35,0.372752
1459,2.30584e+18,3.88274e+15,6.87196e+10,61,32.501,36,0.356698
1460,1.15292e+18,2.26629e+15,3.43599e+10,60,31.4219,35,0.336886
1461,1.15292e+18,3.91607e+15,3.43598e+10,60,31.5635,35,0.347988
1462,4.61169e+18,6.18111e+15,3.43599e+10,62,31.7451,35,0.346671
1463,2.30584e+18,5.87788e+15,6.87196e+10,61,31.2061,36,0.37694
1464,9.22337e+18,1.50938e+16,3.43598e+10,63,30.9297,35,0.370581
1465,3.68935e+19,4.31493e+16,1.718e+10,65,29.5996,34,0.356183
1466,2.8823e+17,7.76462e+14,6.87196e+10,58,31.4502,36,0.363088
1467,7.20576e+16,2.92855e+14,3.43599e+10,56,29.8564,35,0.350636
1468,3.68935e+19,4.42499e+16,3.43599e+10,65,30.7168,35,0.35357
1469,2.30584e+18,3.498e+15,6.87196e+10,61,31.0254,36,0.34926
1470,2.30584e+18,8.64149e+15,1.37439e+11,61,31.5117,37,0.359818
1471,3.68935e+19,4.25953e+16,2.74878e+11,65,31.9443,38,0.388564
1472,1.15292e+18,3.17809e+15,2.74878e+11,60,31.8506,38,0.379608
1473,2.30584e+18,7.34606e+15,1.37439e+11,61,31.5137,37,0.347292
1474,4.61169e+18,8.54541e+15,2.74878e+11,62,32.6016,38,0.379275
1475,3.68935e+19,6.15204e+16,6.87196e+10,65,30.8682,36,0.38603
1476,4.61169e+18,7.85151e+15,6.87196e+10,62,30.5,36,0.365216
1477,5.90296e+20,6.5881e+17,1.37439e+11,69,31.3906,37,0.375726
1478,2.30584e+18,4.5595e+15,2.74878e+11,61,32.9971,38,0.347887
1479,4.72237e+21,4.6247e+18,1.37439e+11,72,32.7002,37,0.392846
1480,4.61169e+18,1.16681e+16,6.87196e+10,62,31.5146,36,0.363487
1481,1.15292e+18,2.62149e+15,3.43598e+10,60,29.3291,35,0.328689
1482,2.30584e+18,3.87245e+15,1.37439e+11,61,30.9268,37,0.357651
1483,4.61169e+18,8.94472e+15,1.37439e+11,62,31.71,37,0.371446
1484,2.30584e+18,5.02056e+15,3.43599e+10,61,29.7402,35,0.338488
1485,4.61169e+18,1.03195e+16,1.718e+10,62,28.6309,34,0.345837
1486,7.3787e+19,8.2167e+16,6.87196e+10,66,29.2178,36,0.332249
1487,3.68935e+19,4.17611e+16,3.43599e+10,65,29.2539,35,0.339192
1488,1.15292e+18,3.8695e+15,6.87196e+10,60,30.5566,36,0.338121
1489,1.15292e+18,3.14866e+15,1.37439e+11,60,32.2256,37,0.359159
1490,1.15292e+18,5.47231e+15,3.43599e+10,60,29.8652,35,0.356044
1491,1.47574e+20,1.49645e+17,1.37439e+11,67,32.0303,37,0.357548
1492,1.15292e+18,6.67606e+15,2.74878e+11,60,32.5947,38,0.371394
1493,4.61169e+18,7.3601e+15,1.37439e+11,62,30.7324,37,0.333748
1494,2.30584e+18,6.51767e+15,2.74878e+11,61,32.6084,38,0.384373
1495,4.61169e+18,1.22305e+16,6.87196e+10,62,29.9062,36,0.347101
1496,4.61169e+18,7.78947e+15,2.74878e+11,62,32.7939,38,0.35587
1497,1.84467e+19,2.17573e+16,1.37439e+11,64,32.0938,37,0.388873
1498,2.30584e+18,8.08011e+15,1.37439e+11,61,32.6592,37,0.383445
1499,3.68935e+19,4.26532e+16,2.74878e+11,65,33.5273,38,0.408087
