97.1392
0,434.818,6.97941,4,2,0.0253906,0,0.00645451
1,111.425,9.45923,4,1,0.0478516,0,0.00643055
2,435.053,9.64268,5,2,0.0478516,0,0.00646481
3,434.129,9.41384,4,2,0.0458984,0,0.006495
4,434.639,8.68777,4,2,0.0361328,0,0.00648019
5,435.127,9.60834,5,2,0.0439453,0,0.00656616
6,435.151,10.2514,5,2,0.0488281,0,0.00660137
7,435.151,10.6827,5,2,0.0488281,0,0.00659615
8,435.149,11.9567,5,2,0.0576172,0,0.00661251
9,110.903,11.438,5,1,0.0605469,0,0.00671923
10,435.151,10.8222,5,2,0.0527344,0,0.00680519
11,435.149,11.1609,5,2,0.0546875,0,0.00684336
12,435.053,10.7473,5,2,0.0458984,0,0.00678456
13,435.076,11.7215,5,2,0.0576172,0,0.00666358
14,113.897,10.3322,5,1,0.0527344,0,0.00660405
15,435.053,10.6581,6,2,0.0458984,0,0.00683113
16,435.149,11.2293,6,2,0.046875,0,0.00685425
17,435.151,11.0551,6,2,0.0488281,0,0.00674055
18,434.954,10.5868,6,2,0.0478516,0,0.00674654
19,434.412,10.9663,6,2,0.0537109,0,0.00666789
20,435.117,10.7772,6,2,0.0478516,0,0.00675375
21,435.053,10.559,6,2,0.0458984,0,0.00673611
22,435.151,11.9607,6,2,0.0576172,0,0.00667904
23,435.053,9.93741,6,2,0.0429688,0,0.00666853
24,110.903,9.70626,6,1,0.0429688,0,0.00672449
25,137.796,11.0888,6,1,0.0556641,0,0.00680852
26,435.127,12.4838,6,2,0.0595703,0,0.00671014
27,434.818,10.7089,6,2,0.0498047,0,0.00673763
28,435.127,12.4917,6,2,0.0634766,0,0.00674597
29,435.127,11.1925,6,2,0.0517578,0,0.00672295
30,111.937,11.5264,6,1,0.0605469,0,0.00675844
31,435.127,11.9529,6,2,0.0556641,0,0.00680257
32,435.151,11.2543,6,2,0.0546875,0,0.00691635
33,1008.92,11.9641,6,3,0.0585938,0,0.00670175
34,435.149,11.973,6,2,0.0546875,0,0.00685237
35,435.151,12.3764,6,2,0.0576172,0,0.00681607
36,112.44,12.039,6,1,0.0634766,0,0.00677474
37,435.127,11.1918,6,2,0.0527344,0,0.0068012
38,435.151,12.209,6,2,0.0576172,0,0.00685102
39,435.151,12.943,6,2,0.0595703,0,0.0068283
40,435.149,11.7018,6,2,0.0556641,0,0.0069231
41,435.053,13.6136,6,2,0.0742188,0,0.00679577
42,435.053,13.5441,6,2,0.0712891,0,0.00682351
43,435.076,11.9179,6,2,0.0566406,0,0.00678794
44,435.127,13.6936,6,2,0.0712891,0,0.00691434
45,113.419,11.3472,6,1,0.0556641,0,0.00685975
46,435.151,13.9071,6,2,0.0712891,0,0.00684149
47,434.954,12.1831,6,2,0.0615234,0,0.00685792
48,435.117,11.328,6,2,0.0498047,0,0.00680493
49,435.149,11.7452,6,2,0.0537109,0,0.00676074
50,435.053,12.6622,6,2,0.0615234,0,0.00677469
51,434.954,11.6696,6,2,0.0537109,0,0.00689619
52,435.053,12.5569,6,2,0.0644531,0,0.00693177
53,1012.18,16.4631,6,3,0.0849609,0,0.00694918
54,435.053,12.6804,6,2,0.0595703,0,0.00702197
55,1008.92,16.3095,7,3,0.0878906,0,0.00704688
56,435.149,14.1716,7,2,0.0703125,0,0.00704329
57,1008.92,16.2706,7,3,0.0859375,0,0.00703734
58,435.151,13.3465,7,2,0.0605469,0,0.00702253
59,1009.59,16.6829,7,3,0.0839844,0,0.0071188
60,435.151,14.3364,7,2,0.0693359,0,0.00698101
61,435.151,14.5463,7,2,0.0712891,0,0.00691992
62,435.151,15.3352,7,2,0.0751953,0,0.0070554
63,435.053,14.8057,7,2,0.0791016,0,0.00704783
64,435.076,13.0899,7,2,0.0615234,0,0.00708346
65,435.127,16.1772,7,2,0.0878906,0,0.0071208
66,434.954,13.4571,7,2,0.0673828,0,0.0071027
67,435.151,16.4927,7,2,0.0888672,0,0.00712365
68,435.053,13.8522,6,2,0.0722656,0,0.00703941
69,435.149,14.4668,7,2,0.078125,0,0.00712079
70,1010.21,15.3526,7,3,0.0761719,0,0.00703464
71,435.127,16.602,7,2,0.0869141,0,0.00714718
72,435.127,12.8586,7,2,0.0634766,0,0.00706616
73,434.954,14.4065,7,2,0.0712891,0,0.00708015
74,1004.99,15.2106,7,3,0.0742188,0,0.00698936
75,434.902,14.2686,7,2,0.0751953,0,0.00704665
76,435.149,16.6361,7,2,0.0869141,0,0.00710125
77,435.127,14.8325,7,2,0.0791016,0,0.00711265
78,435.151,18.7183,8,2,0.0927734,0,0.00721889
79,435.151,12.4757,7,2,0.0556641,0,0.00713391
80,435.127,13.5407,7,2,0.0625,0,0.00713478
81,435.149,15.4068,7,2,0.0800781,0,0.00714846
82,435,16.496,8,2,0.0917969,0,0.00718861
83,1010.21,16.5719,7,3,0.0859375,0,0.00727143
84,434.954,15.3128,7,2,0.0830078,0,0.00713824
85,435.127,15.9778,7,2,0.0869141,0,0.00706866
86,435.127,15.3188,8,2,0.078125,0,0.00731193
87,435.151,16.5832,8,2,0.0859375,0,0.00737699
88,435.127,15.9535,7,2,0.0859375,0,0.00724961
89,435.151,13.4279,7,2,0.0625,0,0.00718054
90,435.053,15.3085,8,2,0.0791016,0,0.00724288
91,435.151,16.2692,8,2,0.0849609,0,0.00717313
92,1011.78,17.3497,7,3,0.0859375,0,0.00730998
93,435.149,16.1285,8,2,0.0830078,0,0.0072165
94,435.149,13.984,7,2,0.0703125,0,0.00713755
95,435.149,17.8595,8,2,0.0986328,0,0.00734508
96,1011.31,16.5517,8,3,0.0859375,0,0.0071975
97,435.151,18.0772,8,2,0.0966797,0,0.00730755
98,435.151,18.138,8,2,0.0986328,0,0.00730713
99,435.151,15.3695,8,2,0.0732422,0,0.00733822
100,435.151,16.114,8,2,0.0820312,0,0.00726705
101,435.151,17.6022,8,2,0.0986328,0,0.00727065
102,1007.46,16.5632,8,3,0.0820312,0,0.00729855
103,435.151,17.5939,8,2,0.0996094,0,0.00737875
104,435.127,17.6647,8,2,0.0927734,0,0.00737602
105,435.151,17.4956,8,2,0.0898438,0,0.0073851
106,435.127,17.6307,8,2,0.0996094,0,0.00740583
107,435.127,16.9113,8,2,0.0908203,0,0.00733674
108,435.151,17.9394,8,2,0.0927734,0,0.00746305
109,435.151,17.8485,8,2,0.0957031,0,0.00736186
110,435.149,19.2795,8,2,0.102539,0,0.00733604
111,435.151,18.9026,8,2,0.105469,0,0.0074232
112,435.117,17.0578,8,2,0.09375,0,0.00735065
113,435.151,18.9054,8,2,0.0976562,0,0.00739641
114,435.151,18.3316,8,2,0.101562,0,0.00734625
115,435.127,18.9957,8,2,0.105469,0,0.0073815
116,435.127,19.1513,8,2,0.113281,0,0.00735357
117,1011.78,21.5311,8,3,0.115234,0,0.00739496
118,1009.59,22.4808,8,3,0.128906,0,0.0073582
119,435.151,21.1666,8,2,0.123047,0,0.00748439
120,435.127,18.2752,8,2,0.103516,0,0.00736543
121,435.151,17.7159,8,2,0.0966797,0,0.00742391
122,435.149,21.1897,9,2,0.124023,0,0.00751175
123,1011.78,19.7394,9,3,0.106445,0,0.00749889
124,1011.31,21.8958,9,3,0.121094,0,0.00748391
125,435.151,21.0622,9,2,0.118164,0,0.00751227
126,1008.92,24.3365,8,3,0.135742,0,0.00742314
127,1008.92,22.3301,9,3,0.121094,0,0.00754489
128,435.151,22.8579,9,2,0.125977,0,0.00752725
129,435.151,23.5514,9,2,0.137695,0,0.00755682
130,435.151,23.1241,9,2,0.125977,0,0.00767278
131,1010.21,27.5201,9,3,0.163086,0,0.00762186
132,435.151,23.5685,9,2,0.131836,0,0.0075896
133,435.151,25.8769,9,2,0.151367,0,0.00778563
134,435.149,25.6639,9,2,0.145508,0,0.00773905
135,1008.92,25.6415,9,3,0.150391,0,0.00782692
136,435.151,26.6201,9,2,0.15332,0,0.00775764
137,1010.21,28.5553,9,3,0.161133,0,0.00778354
138,1008.92,25.8146,9,3,0.142578,0,0.00774689
139,435.151,27.2085,9,2,0.167969,0,0.00785393
140,435.149,28.2278,9,2,0.166016,0,0.00788178
141,435.151,27.5822,9,2,0.170898,0,0.0078392
142,435.151,24.9872,9,2,0.151367,0,0.00769269
143,435.151,26.0139,9,2,0.167969,0,0.00781287
144,435.149,26.8322,9,2,0.168945,0,0.00786158
145,1008.92,25.3071,9,3,0.146484,0,0.00774099
146,1008.92,28.6595,9,3,0.169922,0,0.0075828
147,435.149,28.686,9,2,0.179688,0,0.0076058
148,1012.18,28.3629,9,3,0.173828,0,0.00762911
149,435.149,27.7702,9,2,0.169922,0,0.00773088
150,435.151,27.8139,9,2,0.170898,0,0.00761122
151,1011.78,34.3311,9,3,0.208008,0,0.00774043
152,1010.21,30.9241,9,3,0.1875,0,0.00777373
153,435.151,32.249,9,2,0.195312,0,0.00768145
154,1008.92,34.3474,9,3,0.208008,0,0.00780646
155,1009.59,31.0683,9,3,0.195312,0,0.00785026
156,1008.92,32.8867,9,3,0.194336,0,0.00764846
157,1846.55,34.5703,9,4,0.208008,0,0.00776931
158,435.151,33.4331,9,2,0.217773,0,0.00769057
159,435.151,28.5829,9,2,0.180664,0,0.0076843
160,435.151,36.3342,9,2,0.233398,0,0.00775028
161,1008.92,32.9716,9,3,0.210938,0,0.0077913
162,435.151,31.9458,9,2,0.204102,0,0.00771947
163,1846.55,36.764,9,4,0.225586,0,0.00782912
164,435.151,29.1004,9,2,0.186523,0,0.00775279
165,1008.92,34.6531,9,3,0.217773,0,0.00771614
166,435.151,37.7395,9,2,0.246094,0,0.00774001
167,1009.59,37.0269,9,3,0.238281,0,0.00778647
168,1009.59,34.6695,9,3,0.212891,0,0.00772035
169,1011.31,37.9245,9,3,0.230469,0,0.00783304
170,435.151,32.6321,9,2,0.21582,0,0.00779814
171,435.151,33.7205,9,2,0.222656,0,0.0078105
172,1010.21,40.5173,9,3,0.251953,0,0.0077737
173,1012.18,34.5666,9,3,0.225586,0,0.00782189
174,1010.21,37.3412,10,3,0.243164,0,0.00787946
175,1008.92,37.5261,10,3,0.239258,0,0.00783898
176,435.151,34.3761,10,2,0.229492,0,0.00784551
177,435.151,37.6384,9,2,0.242188,0,0.00782258
178,1008.92,37.9904,11,3,0.254883,0,0.00789404
179,1008.92,40.6193,9,3,0.257812,0,0.00778755
180,1009.59,41.4219,10,3,0.256836,0,0.00783532
181,1008.92,42.2435,9,3,0.267578,0,0.00781859
182,435.151,37.1225,9,2,0.25,0,0.00776292
183,1008.92,36.6889,9,3,0.226562,0,0.00783563
184,1008.92,42.5845,9,3,0.28418,0,0.00787686
185,1008.92,39.1552,9,3,0.249023,0,0.00778939
186,1010.21,42.1499,9,3,0.273438,0,0.007811
187,1012.18,42.2816,10,3,0.283203,0,0.00784859
188,435.151,37.3114,9,2,0.244141,0,0.00776894
189,435.151,38.8658,10,2,0.251953,0,0.00796687
190,1009.59,39.7714,10,3,0.269531,0,0.00807974
191,435.151,39.9049,9,2,0.271484,0,0.00784754
192,435.151,39.6031,9,2,0.263672,0,0.00791208
193,1009.59,43.6141,9,3,0.274414,0,0.00780048
194,435.151,42.5237,10,2,0.27832,0,0.00796354
195,1011.31,42.5971,10,3,0.274414,0,0.00791687
196,435.151,44.3139,11,2,0.300781,0,0.00791291
197,1011.31,44.358,9,3,0.286133,0,0.0078558
198,1011.78,42.1089,9,3,0.277344,0,0.00784331
199,435.151,41.8333,9,2,0.267578,0,0.00779679
200,1002.23,42.3808,10,3,0.286133,0,0.0078585
201,1008.92,40.14,9,3,0.264648,0,0.00776895
202,1008.92,40.6705,9,3,0.261719,0,0.0078032
203,1008.92,39.8774,10,3,0.261719,0,0.00783704
204,1010.79,43.2337,9,3,0.265625,0,0.00789067
205,435.151,43.6969,10,2,0.286133,0,0.00794119
206,435.151,44.0158,10,2,0.298828,0,0.00792585
207,1011.31,42.8598,10,3,0.291992,0,0.00792712
208,435.151,43.0196,10,2,0.287109,0,0.00793034
209,1009.59,44.9587,10,3,0.275391,0,0.00789334
210,1845.26,41.1213,9,4,0.257812,0,0.00782813
211,1011.31,46.2188,10,3,0.294922,0,0.00789544
212,435.151,42.58,9,2,0.27832,0,0.00792446
213,435.151,44.9864,10,2,0.301758,0,0.00787982
214,1009.59,45.0457,9,3,0.297852,0,0.00784353
215,1008.92,48.6901,9,3,0.311523,0,0.00784282
216,435.151,43.4138,10,2,0.289062,0,0.00790673
217,435.151,46.2319,10,2,0.316406,0,0.00798862
218,1007.46,46.6652,10,3,0.302734,0,0.00800084
219,1009.59,43.6971,10,3,0.272461,0,0.00806369
220,1010.21,47.4956,11,3,0.302734,0,0.00796613
221,1011.78,46.4054,9,3,0.283203,0,0.00789887
222,435.151,41.0156,9,2,0.268555,0,0.00786796
223,1012.18,49.2177,10,3,0.310547,0,0.00796845
224,1010.79,48.1089,10,3,0.306641,0,0.00799766
225,435.151,46.0472,10,2,0.30957,0,0.00802644
226,1011.31,49.0065,10,3,0.326172,0,0.00782103
227,1011.31,51.0195,10,3,0.332031,0,0.00787824
228,435.151,44.6226,10,2,0.291992,0,0.00787433
229,1008.92,46.0168,11,3,0.300781,0,0.0079178
230,1008.92,45.3562,11,3,0.294922,0,0.00798814
231,1009.59,45.7759,10,3,0.287109,0,0.00786054
232,1008.92,43.1872,11,3,0.280273,0,0.0080511
233,1008.92,45.6803,10,3,0.293945,0,0.00792938
234,1843.9,51.153,11,4,0.331055,0,0.00798082
235,1843.9,48.846,11,4,0.314453,0,0.00798271
236,1011.31,54.9057,11,3,0.350586,0,0.00791812
237,435.151,47.6017,10,2,0.333984,0,0.00788012
238,435.151,44.6657,10,2,0.298828,0,0.00793628
239,1011.31,49.7939,10,3,0.324219,0,0.00785372
240,1010.21,41.8044,10,3,0.290039,0,0.00788204
241,1011.31,46.4391,10,3,0.310547,0,0.00797738
242,1011.31,43.9122,10,3,0.287109,0,0.00804237
243,1010.21,46.6671,10,3,0.307617,0,0.00795882
244,1010.79,45.0821,10,3,0.293945,0,0.00805875
245,435.151,46.6443,11,2,0.323242,0,0.00802491
246,435.151,50.7805,11,2,0.348633,0,0.00794541
247,1011.31,45.3912,11,3,0.305664,0,0.00801018
248,1011.31,53.5115,11,3,0.34082,0,0.00807263
249,1008.92,46.4913,10,3,0.310547,0,0.00806421
250,1008.92,52.1127,11,3,0.325195,0,0.0079757
251,1011.31,49.2279,11,3,0.313477,0,0.00806112
252,1009.59,47.6848,11,3,0.316406,0,0.0079796
253,1010.79,49.1239,10,3,0.333008,0,0.0080986
254,1012.18,46.2028,10,3,0.291016,0,0.00798753
255,1011.31,47.8976,11,3,0.31543,0,0.00797482
256,1846.55,48.8592,11,4,0.319336,0,0.00796722
257,1008.92,44.7024,10,3,0.310547,0,0.00799276
258,1008.92,46.5787,11,3,0.314453,0,0.00801086
259,1010.21,44.3723,11,3,0.306641,0,0.00801725
260,435.151,53.079,11,2,0.354492,0,0.00804256
261,1010.21,53.5284,11,3,0.337891,0,0.00806441
262,1008.92,49.8801,11,3,0.331055,0,0.00796632
263,1009.59,46.6949,11,3,0.314453,0,0.00802573
264,1008.92,48.391,11,3,0.326172,0,0.00803082
265,1843.9,51.7904,12,4,0.350586,0,0.00800091
266,1011.31,52.9787,11,3,0.349609,0,0.00799672
267,1011.31,50.2333,11,3,0.328125,0,0.00816092
268,1012.18,52.569,11,3,0.339844,0,0.00807072
269,1847.77,50.8404,11,4,0.314453,0,0.0079963
270,435.151,50.5519,11,2,0.332031,0,0.00807971
271,1008.92,45.8688,10,3,0.307617,0,0.00794704
272,435.151,44.0166,11,2,0.302734,0,0.00815484
273,1009.59,47.0235,11,3,0.30957,0,0.00799364
274,1011.31,44.4285,11,3,0.296875,0,0.0079675
275,435.151,49.4492,12,2,0.333008,0,0.00805736
276,1009.59,47.1013,11,3,0.318359,0,0.00810527
277,1011.78,55.2218,12,3,0.337891,0,0.00805744
278,435.151,47.9926,11,2,0.31543,0,0.00795548
279,435.151,55.714,12,2,0.374023,0,0.00811417
280,1011.31,48.9681,12,3,0.318359,0,0.00820542
281,435.151,44.9518,11,2,0.30957,0,0.00798975
282,1011.31,49.1401,12,3,0.341797,0,0.00801674
283,1010.79,50.2444,12,3,0.335938,0,0.00808102
284,435.151,48.5851,11,2,0.325195,0,0.00810941
285,1011.31,48.2072,11,3,0.308594,0,0.00810447
286,1010.21,49.0539,12,3,0.316406,0,0.00816058
287,1008.92,44.6864,12,3,0.296875,0,0.00808915
288,1008.92,49.5563,11,3,0.330078,0,0.00807537
289,1843.9,51.6395,12,4,0.327148,0,0.00812141
290,1008.92,50.8755,12,3,0.334961,0,0.00815655
291,1009.59,48.2776,12,3,0.320312,0,0.00801259
292,1008.92,48.2721,11,3,0.329102,0,0.00804548
293,1008.92,47.1251,10,3,0.30957,0,0.0081538
294,435.151,43.6059,11,2,0.294922,0,0.00823906
295,1008.92,48.5916,11,3,0.3125,0,0.00814565
296,1009.59,53.919,12,3,0.335938,0,0.00812751
297,435.151,47.4389,12,2,0.30957,0,0.00818391
298,1011.31,53.9357,11,3,0.334961,0,0.00813751
299,1009.59,46.2591,11,3,0.316406,0,0.00800483
300,1008.92,46.5293,12,3,0.307617,0,0.00803778
301,1008.92,48.1601,11,3,0.322266,0,0.00811025
302,1008.92,51.5038,12,3,0.331055,0,0.00801313
303,1012.18,51.2157,12,3,0.335938,0,0.00813964
304,1012.18,49.343,12,3,0.328125,0,0.00802679
305,1008.92,50.4153,11,3,0.330078,0,0.00800504
306,1011.78,52.1359,12,3,0.338867,0,0.00807711
307,1008.92,54.7949,11,3,0.349609,0,0.0080175
308,1009.59,52.852,13,3,0.358398,0,0.00810891
309,1011.31,51.6621,13,3,0.34668,0,0.00813343
310,1008.92,51.614,13,3,0.34375,0,0.00824062
311,1008.92,46.801,11,3,0.303711,0,0.00801018
312,435.151,48.9885,12,2,0.331055,0,0.00813936
313,1011.31,53.4359,12,3,0.34375,0,0.00812777
314,1009.59,48.7687,11,3,0.319336,0,0.00811586
315,1008.92,55.2613,13,3,0.375,0,0.00804854
316,435.151,50.1515,13,2,0.342773,0,0.00812015
317,1843.9,50.3132,12,4,0.326172,0,0.00803557
318,1009.59,48.6645,12,3,0.333984,0,0.00809998
319,1011.31,53.1329,12,3,0.352539,0,0.0081978
320,1008.92,54.304,13,3,0.357422,0,0.00823793
321,1008.92,50.1677,12,3,0.34375,0,0.00814029
322,1010.79,49.7906,11,3,0.332031,0,0.00808907
323,1011.31,47.7049,11,3,0.3125,0,0.00808576
324,435.151,49.4201,12,2,0.333008,0,0.00810388
325,1009.59,49.9919,12,3,0.327148,0,0.00810148
326,1008.92,52.9859,13,3,0.345703,0,0.00822759
327,1011.31,49.7838,12,3,0.330078,0,0.0081722
328,435.151,47.0778,13,2,0.320312,0,0.00814565
329,1008.92,50.3411,12,3,0.324219,0,0.0080726
330,1004.1,51.5791,12,3,0.339844,0,0.00814457
331,1010.79,48.1369,12,3,0.314453,0,0.00817545
332,1011.31,48.2094,12,3,0.323242,0,0.00821067
333,1009.59,50.9528,13,3,0.338867,0,0.00832313
334,1008.92,49.3172,12,3,0.330078,0,0.008235
335,435.151,43.6005,11,2,0.288086,0,0.00804032
336,1008.92,50.8539,12,3,0.34082,0,0.00813563
337,1010.21,51.408,12,3,0.347656,0,0.00823407
338,1009.59,45.9277,12,3,0.316406,0,0.00814277
339,1008.92,49.0167,12,3,0.329102,0,0.00818616
340,1011.78,47.5109,12,3,0.318359,0,0.00810777
341,1008.92,49.3943,13,3,0.344727,0,0.00814794
342,1843.9,55.3461,13,4,0.338867,0,0.00816519
343,435.151,48.0363,12,2,0.317383,0,0.00822896
344,1011.31,55.183,13,3,0.349609,0,0.00819396
345,1011.31,53.1973,13,3,0.34375,0,0.0081926
346,435.151,49.6152,13,2,0.34082,0,0.00818614
347,1010.21,53.4012,13,3,0.342773,0,0.00824281
348,1011.31,50.7861,12,3,0.338867,0,0.00813682
349,1011.31,49.9404,12,3,0.320312,0,0.0082891
350,1009.59,54.3196,13,3,0.338867,0,0.00832719
351,1010.21,53.807,13,3,0.342773,0,0.00822566
352,1009.59,53.1109,13,3,0.341797,0,0.00820769
353,1008.92,43.7123,10,3,0.285156,0,0.00811198
354,1008.92,49.8961,12,3,0.327148,0,0.00807857
355,1011.31,49.8987,12,3,0.322266,0,0.0081276
356,1008.92,47.3276,12,3,0.306641,0,0.0081954
357,1008.92,49.9788,12,3,0.331055,0,0.00816013
358,1008.92,49.0019,13,3,0.328125,0,0.00818122
359,1011.31,49.1986,12,3,0.327148,0,0.0081552
360,1010.21,51.1152,13,3,0.344727,0,0.00828687
361,1008.92,49.969,12,3,0.331055,0,0.00814356
362,1011.31,46.8408,13,3,0.314453,0,0.00816864
363,1011.78,50.7206,12,3,0.327148,0,0.00816817
364,435.151,49.3902,13,2,0.330078,0,0.00811074
365,1008.92,55.6034,13,3,0.373047,0,0.00815562
366,1007.46,48.2517,12,3,0.320312,0,0.00812026
367,435.151,51.6249,12,2,0.341797,0,0.00814304
368,1011.31,49.5135,12,3,0.325195,0,0.00812136
369,1008.92,50.7383,13,3,0.333984,0,0.00814835
370,435.151,46.8067,11,2,0.318359,0,0.00810938
371,1008.92,49.5067,13,3,0.330078,0,0.00820955
372,1008.92,50.4374,13,3,0.331055,0,0.00823169
373,1008.92,47.8644,13,3,0.31543,0,0.00828066
374,1843.9,58.1325,13,4,0.37207,0,0.00827521
375,1009.59,53.4394,13,3,0.345703,0,0.00838094
376,1009.59,49.3819,12,3,0.311523,0,0.00823102
377,1008.92,50.04,13,3,0.344727,0,0.00824589
378,1011.31,54.548,13,3,0.359375,0,0.00811961
379,1011.31,52.6565,13,3,0.354492,0,0.00822183
380,1009.59,50.0261,13,3,0.333008,0,0.00813796
381,1008.92,50.592,13,3,0.329102,0,0.00815365
382,1009.59,51.5168,13,3,0.337891,0,0.00827171
383,1008.92,46.7888,12,3,0.305664,0,0.00814762
384,1009.59,50.0932,13,3,0.331055,0,0.00828664
385,1843.9,54.3363,13,4,0.351562,0,0.00827048
386,1010.21,52.869,13,3,0.345703,0,0.00822997
387,1843.9,54.0175,13,4,0.341797,0,0.00827976
388,1843.9,51.0085,13,4,0.331055,0,0.0082371
389,1008.92,46.7065,12,3,0.313477,0,0.00819965
390,1008.92,55.8858,13,3,0.361328,0,0.00821351
391,435.151,51.9472,13,2,0.337891,0,0.00832597
392,1011.31,54.3131,13,3,0.360352,0,0.00824923
393,1008.92,52.6336,13,3,0.323242,0,0.00828857
394,1008.92,52.375,13,3,0.352539,0,0.00820758
395,1843.9,56.3613,13,4,0.357422,0,0.00827527
396,1008.92,47.6534,13,3,0.323242,0,0.00824788
397,1843.9,49.5232,13,4,0.313477,0,0.00822601
398,1008.92,48.7467,12,3,0.317383,0,0.00818694
399,1011.31,51.6337,13,3,0.333984,0,0.00815592
400,1011.31,53.5207,13,3,0.349609,0,0.0081914
401,1009.59,50.9993,13,3,0.339844,0,0.00823021
402,435.151,48.7016,13,2,0.334961,0,0.00821022
403,1011.31,52.1877,13,3,0.34668,0,0.00827869
404,435.151,48.9843,13,2,0.329102,0,0.00832687
405,1004.1,48.3375,13,3,0.324219,0,0.00823382
406,1011.31,51.901,13,3,0.341797,0,0.00826139
407,1010.21,54.8751,13,3,0.352539,0,0.00830148
408,1011.31,52.8706,13,3,0.34375,0,0.00823022
409,1008.92,47.5436,13,3,0.308594,0,0.0082354
410,435.151,50.6747,13,2,0.341797,0,0.00833362
411,435.151,46.983,13,2,0.318359,0,0.00834176
412,1011.31,56.6261,13,3,0.351562,0,0.00834189
413,1008.92,53.7782,13,3,0.352539,0,0.0083064
414,1008.92,50.6802,13,3,0.333984,0,0.0084336
415,1009.59,52.3562,13,3,0.34668,0,0.00842435
416,1008.92,52.8367,13,3,0.356445,0,0.00834823
417,1008.92,48.7781,13,3,0.325195,0,0.0082851
418,435.149,49.982,13,2,0.332031,0,0.00833199
419,1008.92,50.4866,13,3,0.34082,0,0.00841573
420,1009.59,56.3833,13,3,0.364258,0,0.00838908
421,435.151,49.6551,13,2,0.338867,0,0.00834817
422,1843.9,57.0973,13,4,0.354492,0,0.00837364
423,1008.92,53.1195,13,3,0.338867,0,0.00843654
424,1010.79,48.0517,13,3,0.320312,0,0.00832654
425,1008.92,55.5862,13,3,0.37207,0,0.00834413
426,1008.92,51.3889,13,3,0.332031,0,0.0083188
427,1008.92,55.0024,13,3,0.347656,0,0.0083756
428,1008.92,47.3356,13,3,0.313477,0,0.00851901
429,1008.92,49.6678,13,3,0.329102,0,0.00838588
430,1000.23,51.2043,13,3,0.336914,0,0.00833045
431,1008.92,52.8441,13,3,0.332031,0,0.00834618
432,1843.9,53.5389,13,4,0.338867,0,0.00849702
433,1011.31,52.1869,13,3,0.334961,0,0.00833604
434,1008.92,53.151,13,3,0.34082,0,0.00840466
435,1011.31,49.6174,13,3,0.318359,0,0.00842583
436,1007.46,50.5338,13,3,0.325195,0,0.00845431
437,1008.92,52.8697,13,3,0.353516,0,0.00850941
438,1005.85,55.2472,13,3,0.354492,0,0.00845481
439,1007.46,54.7577,13,3,0.357422,0,0.00850553
440,1011.78,53.8555,13,3,0.345703,0,0.00852787
441,1008.92,53.4144,13,3,0.350586,0,0.00853205
442,1009.59,54.1504,13,3,0.358398,0,0.00859023
443,1008.92,53.4116,13,3,0.332031,0,0.00858995
444,1848.92,50.9734,13,4,0.325195,0,0.00850843
445,1008.92,54.2764,13,3,0.359375,0,0.00859203
446,1008.92,54.1202,13,3,0.349609,0,0.00870903
447,1011.31,59.1484,13,3,0.362305,0,0.00868932
448,1842.49,56.5762,13,4,0.34375,0,0.00868477
449,1845.26,60.1731,13,4,0.371094,0,0.00879253
450,1011.31,52.732,13,3,0.34082,0,0.00870863
451,1008.92,55.5816,13,3,0.355469,0,0.00900373
452,1008.92,58.163,13,3,0.366211,0,0.00894081
453,1007.46,58.6848,14,3,0.367188,0,0.00890654
454,1008.92,62.2865,15,3,0.397461,0,0.00902684
455,1008.92,58.5528,15,3,0.374023,0,0.00888948
456,1831.15,58.2533,15,4,0.361328,0,0.00902271
457,1008.92,64.252,15,3,0.386719,0,0.00907453
458,1000.23,57.9247,15,3,0.371094,0,0.00918232
459,1010.21,58.032,15,3,0.370117,0,0.00905959
460,1841.02,57.8284,15,4,0.364258,0,0.00923239
461,1008.92,63.9141,15,3,0.390625,0,0.0093093
462,1008.92,56.508,15,3,0.352539,0,0.00941433
463,1834.62,65.2551,15,4,0.383789,0,0.00923178
464,1005.85,61.8935,15,3,0.386719,0,0.00915944
465,435.151,56.9555,15,2,0.369141,0,0.00930404
466,1009.59,62.1962,15,3,0.373047,0,0.00919695
467,1011.31,63.9623,15,3,0.379883,0,0.00931292
468,1005.85,60.7622,16,3,0.393555,0,0.00919987
469,1837.92,65.0474,16,4,0.405273,0,0.00934975
470,1006.68,64.4917,17,3,0.399414,0,0.0093644
471,1008.92,64.3376,15,3,0.387695,0,0.00934592
472,1834.62,60.6626,17,4,0.371094,0,0.00946279
473,1008.21,62.2208,17,3,0.382812,0,0.00947238
474,1008.92,65.9825,17,3,0.40625,0,0.00949819
475,1827.51,64.8185,17,4,0.382812,0,0.00949776
476,1007.46,61.8459,17,3,0.375977,0,0.00964112
477,1010.21,67.4975,17,3,0.40625,0,0.00966167
478,1010.21,68.4365,17,3,0.429688,0,0.00939139
479,1008.92,60.2537,17,3,0.378906,0,0.00959572
480,1008.92,68.3833,17,3,0.429688,0,0.00968489
481,1007.46,65.2025,17,3,0.40625,0,0.00940629
482,435.151,62.3546,17,2,0.40625,0,0.00946506
483,1842.49,66.8299,17,4,0.413086,0,0.00952122
484,1006.68,61.2,17,3,0.381836,0,0.00958262
485,1009.59,67.6097,17,3,0.419922,0,0.00969161
486,1834.62,68.0527,17,4,0.402344,0,0.00966403
487,1008.21,63.8568,17,3,0.395508,0,0.0096419
488,1010.21,63.1189,17,3,0.388672,0,0.00965644
489,1005.85,68.0913,17,3,0.397461,0,0.00963305
490,1008.21,62.5252,17,3,0.392578,0,0.00952405
491,1010.21,63.5112,17,3,0.390625,0,0.00966804
492,1011.78,64.1714,17,3,0.402344,0,0.00959029
493,1010.79,71.6901,17,3,0.44043,0,0.00970773
494,2937.8,77.1045,17,5,0.441406,0,0.00957832
495,1008.92,63.3407,17,3,0.388672,0,0.0095319
496,1010.79,64.8374,17,3,0.391602,0,0.0097647
497,1005.85,65.4914,17,3,0.404297,0,0.00986187
498,1823.71,69.5157,17,4,0.429688,0,0.00967784
499,1837.92,69.5491,17,4,0.435547,0,0.00960395
500,1008.92,67.5682,17,3,0.415039,0,0.00960829
501,1002.23,67.4055,17,3,0.405273,0,0.00986838
502,1008.92,65.74,17,3,0.407227,0,0.0098691
503,1010.21,69.1368,18,3,0.423828,0,0.00982236
504,1004.99,71.047,19,3,0.456055,0,0.00978142
505,1827.51,72.2542,17,4,0.424805,0,0.00971328
506,1827.51,69.2608,17,4,0.414062,0,0.00966289
507,1831.15,66.6017,17,4,0.40625,0,0.00967419
508,1008.21,64.4435,17,3,0.396484,0,0.00967013
509,1008.92,77.7046,17,3,0.453125,0,0.00990998
510,1008.92,72.6646,17,3,0.432617,0,0.00975864
511,1005.85,70.3448,17,3,0.438477,0,0.00996194
512,1008.92,64.132,17,3,0.384766,0,0.00972369
513,1008.92,71.775,17,3,0.436523,0,0.00972311
514,1827.51,74.0175,18,4,0.447266,0,0.00979912
515,1008.92,66.5566,17,3,0.400391,0,0.00991469
516,1012.18,70.7933,17,3,0.431641,0,0.00993132
517,1008.92,69.6442,17,3,0.40918,0,0.0100311
518,1008.21,75.1845,18,3,0.438477,0,0.00997965
519,1819.76,73.914,17,4,0.451172,0,0.00985662
520,1007.46,70.6768,19,3,0.441406,0,0.00987191
521,1010.21,70.4065,18,3,0.419922,0,0.0103095
522,1834.62,80.3865,19,4,0.475586,0,0.0100537
523,1004.99,68.4557,18,3,0.420898,0,0.01007
524,1841.02,74.9684,18,4,0.436523,0,0.010347
525,1005.85,72.313,19,3,0.435547,0,0.0100947
526,1011.78,71.7019,19,3,0.429688,0,0.0104779
527,1010.21,75.4738,19,3,0.446289,0,0.0104235
528,1837.92,82.8303,19,4,0.464844,0,0.0102575
529,1007.46,69.5088,19,3,0.418945,0,0.0105727
530,1823.71,73.3001,19,4,0.421875,0,0.0107392
531,1006.68,83.5977,23,3,0.481445,0,0.0111325
532,1831.15,74.5012,21,4,0.428711,0,0.0110309
533,1005.85,81.443,22,3,0.460938,0,0.0110439
534,2819.22,84.1783,23,5,0.461914,0,0.011539
535,1012.18,86.2241,23,3,0.458984,0,0.0124809
536,1681.01,86.2548,25,4,0.459961,0,0.0127955
537,1008.92,78.6773,24,3,0.425781,0,0.0134587
538,1009.59,88.3109,30,3,0.474609,0,0.0139923
539,1800.39,88.4232,38,4,0.458008,0,0.0152135
540,1007.46,83.8161,36,3,0.439453,0,0.0162312
541,2932.65,93.0838,42,5,0.447266,0,0.0162125
542,1834.62,93.0475,48,4,0.467773,0,0.0157288
543,1793.4,103.576,77,4,0.507812,0,0.0166805
544,1788.61,98.5007,71,4,0.494141,0,0.0157056
545,1755.09,102.822,60,4,0.490234,0,0.0162799
546,1811.47,104.889,88,4,0.482422,0,0.0169249
547,1802.66,97.4797,85,4,0.463867,0,0.01742
548,2849.48,105.627,85,5,0.474609,0,0.017205
549,1778.72,110.903,101,4,0.508789,0,0.018063
550,1738.37,105.386,92,4,0.470703,0,0.0182545
551,1841.02,109.473,101,4,0.5,0,0.0180084
552,1827.51,107.547,101,4,0.470703,0,0.018584
553,1821.75,114.917,101,4,0.540039,0,0.018234
554,2881.17,112.967,101,5,0.496094,0,0.0191438
555,1773.62,104.558,101,4,0.483398,0,0.0185565
556,2853.13,112.434,101,5,0.503906,0,0.0193174
557,1807.12,100.678,101,4,0.441406,0,0.0188672
558,2940.29,107.798,101,5,0.481445,0,0.0194442
559,1783.71,113.579,101,4,0.522461,0,0.0187695
560,2842.09,108.992,101,5,0.478516,0,0.0191123
561,1804.91,116.077,101,4,0.512695,0,0.0198199
562,4191.47,116.726,101,6,0.505859,0,0.019464
563,1708.97,123.659,101,4,0.549805,0,0.0193132
564,2644.57,117.144,101,5,0.520508,0,0.019849
565,2757.91,123.933,101,5,0.541016,0,0.0197938
566,2937.8,130.952,101,5,0.568359,0,0.0195571
567,2749.33,131.871,101,5,0.584961,0,0.019757
568,1765.81,121.198,101,4,0.536133,0,0.0193216
569,2757.91,132.355,101,5,0.573242,0,0.0198429
570,1763.17,126.071,101,4,0.583008,0,0.0190182
571,1791.02,132.334,101,4,0.571289,0,0.0195225
572,2927.27,133.933,101,5,0.575195,0,0.0196221
573,1813.59,134.881,101,4,0.603516,0,0.019789
574,2842.09,142.616,101,5,0.617188,0,0.0193571
575,2811.38,137.241,101,5,0.602539,0,0.0198714
576,4270.03,150.362,101,6,0.657227,0,0.0194975
577,2482.81,148.676,101,5,0.645508,0,0.0198831
578,2770.61,129.484,101,5,0.557617,0,0.0195141
579,2884.52,147.46,101,5,0.644531,0,0.0205055
580,5710.03,156.442,101,7,0.65918,0,0.0202257
581,4051.83,160.91,101,6,0.669922,0,0.0204508
582,2791.31,153.538,101,5,0.651367,0,0.0204764
583,2811.38,170.414,101,5,0.710938,0,0.0207836
584,2654.09,162.649,101,5,0.685547,0,0.0201626
585,2783.1,171.114,101,5,0.736328,0,0.0197266
586,4181.49,169.093,101,6,0.695312,0,0.0205558
587,2867.41,189.933,108.709,5,0.802734,1,0.0203065
588,2819.22,179.228,101,5,0.744141,0,0.0199055
589,2723.05,185.027,101,5,0.760742,0,0.0209616
590,4022.75,192.527,109.829,6,0.800781,1,0.0204348
591,3835.74,187.36,104.312,6,0.773438,1,0.0204549
592,2838.35,191.075,110.903,5,0.817383,1,0.0200833
593,5594.12,211.968,110.903,7,0.863281,1,0.0199746
594,12596.7,214.14,110.903,10,0.847656,1,0.0209596
595,3861.83,209.075,110.903,6,0.865234,1,0.020947
596,5681.8,204.653,110.903,7,0.844727,1,0.0208315
597,4074.61,230.866,110.371,6,0.896484,1,0.0207915
598,7628.26,217.408,111.425,8,0.888672,1,0.0200413
599,7226.23,231.474,112.44,8,0.902344,1,0.0200379
600,2745.01,219.029,111.937,5,0.904297,1,0.0207292
601,4040.28,228.709,111.937,6,0.898438,1,0.0210572
602,4145.5,244.761,112.44,6,0.961914,1,0.020208
603,5842.69,231.489,113.419,7,0.948242,1,0.0209449
604,5940.15,247.036,113.419,8,0.966797,1,0.0202024
605,5422.79,276.049,114.828,7,1.0293,1,0.0219716
606,7761.63,263.604,113.419,8,0.990234,1,0.0208052
607,5836.42,280.545,115.729,7,1.05371,1,0.0205193
608,7575.75,279.399,112.934,8,0.989258,1,0.0222708
609,7175.96,323.181,117.865,8,1.11914,1,0.0226227
610,5256.55,289.184,115.729,7,1.07324,1,0.0220166
611,5660.3,325.845,118.273,7,1.16211,1,0.021576
612,9913.74,339.61,117.45,9,1.16895,1,0.0224974
613,7155.67,370.488,118.675,8,1.2373,1,0.0229563
614,4851.52,378.991,118.273,7,1.23926,1,0.0229623
615,7761.63,360.524,119.462,8,1.2373,1,0.0229017
616,7145.48,372.118,116.603,8,1.21777,1,0.0223499
617,8420.29,386.88,118.675,9,1.26074,1,0.023925
618,10337.1,397.988,121.334,10,1.32715,1,0.0230138
619,16216.2,454.63,132.04,11,1.41895,1,0.0234412
620,11679,420.197,122.047,10,1.32422,1,0.0248017
621,12831.9,451.659,125.024,10,1.39258,1,0.0236412
622,10132.4,474.087,124.394,10,1.39648,1,0.0252896
623,9136.19,455.471,129.741,9,1.39355,1,0.0249508
624,36662.3,587.054,136.624,14,1.46875,1,0.0251908
625,12028.8,481.728,131.384,10,1.44336,1,0.0253942
626,20014.2,557.026,137.427,12,1.57422,1,0.0256014
627,12545.3,594.575,137.675,10,1.59668,1,0.0251397
628,11664.1,545.562,136.902,10,1.53027,1,0.024304
629,20779.8,637.038,137.427,12,1.65137,1,0.0274182
630,9763.41,530.143,136.624,9,1.53418,1,0.0259954
631,14963.9,682.316,138.143,11,1.71191,1,0.0267401
632,11250.8,652.059,137.675,10,1.69824,1,0.0268686
633,9186.37,732.728,138.363,9,1.81445,1,0.0264219
634,12983.7,719.72,138.872,10,1.81152,1,0.0264278
635,35181.8,774.847,138.143,14,1.81836,1,0.0275135
636,34931.5,778.932,139.059,14,1.85645,1,0.0275869
637,28004.2,933.411,370.936,13,2.04297,2,0.0278121
638,13169.1,859.409,140.649,11,1.97754,1,0.0280908
639,23733.7,923.957,360.433,13,2.04688,2,0.0279505
640,28023.6,1027.38,357.18,13,2.14844,2,0.0281975
641,38760.4,1054.79,360.433,14,2.16992,2,0.0287505
642,27257.2,1072.52,408.585,13,2.20605,2,0.0294252
643,27131,1193.76,396.449,13,2.30273,2,0.0286202
644,57332.8,1244.41,420.846,15,2.37402,2,0.0291292
645,17920.9,1083.28,389.352,12,2.25684,2,0.0297712
646,26234.6,1272.12,422.61,13,2.4248,2,0.0311444
647,28309,1270.56,414.37,13,2.38281,2,0.0300513
648,38409.1,1353.35,420.846,14,2.50586,2,0.0315567
649,59690.4,1546.6,424.824,15,2.63965,2,0.0309185
650,26722.7,1388.85,422.61,13,2.54395,2,0.0323795
651,57821.4,1496.26,418.362,15,2.53809,2,0.0305348
652,25938.9,1597.87,426.375,13,2.68164,2,0.0324993
653,563512,2374.35,427.827,19,2.88965,2,0.0331981
654,90577.1,2222.43,424.824,16,2.94336,2,0.03382
655,1.08672e+06,4432.76,431.878,20,3.24023,2,0.0358991
656,565146,5021.09,886.43,19,3.98535,3,0.0428951
657,1.68408e+07,28729.4,994.777,24,4.76465,3,0.0472549
658,1.09215e+06,13427.6,2700.57,20,5.9209,5,0.054305
659,1.68382e+07,33509.8,2740.66,24,6.17676,5,0.0566741
660,6.71805e+07,87387.1,3285.4,26,6.44043,6,0.0580136
661,563947,18868.5,3962.71,19,6.90918,6,0.0614937
662,3.3619e+07,49880.1,3925.55,25,6.80078,6,0.0610881
663,8.43887e+06,29930.6,2826.95,23,6.48047,5,0.0590665
664,4.25157e+06,18023.2,2860.33,22,6.33301,5,0.0596808
665,1.0958e+06,17923.2,2977.57,20,6.41211,6,0.0595111
666,8.44386e+06,31823.5,2799.41,23,6.45703,5,0.0599882
667,6.71674e+07,89718.9,2849.48,26,6.47266,5,0.0604254
668,4.23733e+06,27166.9,3253.92,22,6.60742,6,0.0627622
669,1.68385e+07,33058.4,2870.9,24,6.51074,5,0.0619306
670,1.68245e+07,48035.5,3528.8,24,6.65527,6,0.0644623
671,1.68337e+07,43458.9,3514.05,24,6.70508,6,0.0635907
672,6.71738e+07,99245.2,3782.6,26,6.90234,6,0.0656916
673,1.34296e+08,272640,4420.2,27,7.27246,7,0.0689772
674,6.71652e+07,117443,4005,26,7.07129,6,0.0683625
675,6.71796e+07,133557,4172.16,26,7.05762,7,0.0686092
676,2.68504e+08,475420,3439.35,28,6.79395,6,0.0673633
677,6.71795e+07,234053,3728.22,26,6.88477,6,0.0670837
678,1.34299e+08,288469,3587.15,27,6.9502,6,0.069723
679,1.34299e+08,237454,2830.78,27,6.78809,5,0.0712491
680,1.68265e+07,99105.9,3980.98,24,7.25,6,0.0697851
681,1.34296e+08,223260,3672.64,27,6.91406,6,0.0688167
682,8.4308e+06,60184.4,2811.38,23,6.61621,5,0.0652058
683,8.44485e+06,48308.6,2791.31,23,6.56055,5,0.0638289
684,1.34298e+08,335516,2803.43,27,6.47754,5,0.0662632
685,6.71767e+07,236927,4034.46,26,7.41016,6,0.0730403
686,2.68525e+08,450346,3912.98,28,7.17285,6,0.0718773
687,6.71764e+07,142250,3285.4,26,6.94336,6,0.0694025
688,1.34294e+08,308389,4239.12,27,7.34766,6,0.0731696
689,1.34294e+08,284271,4580.71,27,7.40527,7,0.0702471
690,6.71692e+07,240903,3900.32,26,7.16797,6,0.0690994
691,5.36965e+08,1.21931e+06,3672.64,29,7.15918,6,0.0688062
692,5.36955e+08,676700,3076.84,29,6.93848,6,0.0664162
693,2.68519e+08,336506,1760.49,28,6.1377,4,0.060531
694,6.71777e+07,375184,2714.12,26,6.53809,5,0.0635819
695,1.34289e+08,435524,2625.3,27,6.46094,5,0.0643911
696,3.36185e+07,118389,2736.29,25,6.58594,5,0.0652074
697,1.34294e+08,353441,2714.12,27,6.80566,5,0.0670812
698,6.71693e+07,208910,2795.37,26,6.66211,5,0.0656248
699,2.14759e+09,2.4093e+06,2826.95,31,6.86719,5,0.0659461
700,2.68514e+08,336677,3944.23,28,7.20312,6,0.0661347
701,2.14759e+09,3.44862e+06,3150.06,31,7.19824,6,0.0701248
702,1.34301e+08,474009,4639.85,27,7.58984,7,0.0697452
703,4.29508e+09,4.81363e+06,4145.5,32,7.35449,6,0.0695026
704,6.71769e+07,381160,2783.1,26,7.03027,5,0.065852
705,8.44253e+06,82151.6,2560.74,23,6.54297,5,0.0637597
706,5.36955e+08,977361,2686.83,29,6.64844,5,0.0626158
707,1.34295e+08,396561,3714.43,27,7.21289,6,0.0658652
708,1.07384e+09,1.77727e+06,2390.4,30,6.55469,5,0.0635065
709,6.71845e+07,256434,2778.96,26,6.99805,5,0.0616024
710,1.3429e+08,440986,2705.11,27,6.92969,5,0.0631765
711,6.71777e+07,301335,2560.74,26,6.87109,5,0.0636529
712,1.07383e+09,2.0498e+06,3035.7,30,7.0625,6,0.0626241
713,2.14757e+09,3.84441e+06,3755.56,31,7.64453,6,0.0699958
714,1.34298e+08,742457,4981.75,27,7.88281,7,0.0688758
715,2.68506e+08,524586,3931.8,28,7.42578,6,0.0681879
716,4.29508e+09,5.92834e+06,3741.93,32,7.33496,6,0.0650999
717,1.34294e+08,571049,3558.11,27,7.62598,6,0.0666708
718,1.34293e+08,502965,3919.27,27,7.61621,6,0.0666892
719,4.29507e+09,5.95379e+06,3663.16,32,7.19629,7,0.0640655
720,2.68515e+08,928484,2625.3,28,6.73242,5,0.0615754
721,6.7181e+07,544669,2807.41,26,7.32812,5,0.0635942
722,1.34292e+08,885686,3815.97,27,7.58105,6,0.0670376
723,4.29507e+09,5.88495e+06,3950.42,32,7.44141,6,0.0657477
724,1.07382e+09,2.2796e+06,3393.79,30,7.49414,6,0.0668153
725,5.36961e+08,1.20589e+06,5556.33,29,8.36328,7,0.0743513
726,1.07382e+09,2.20923e+06,5373.9,30,8.30371,7,0.0723499
727,2.6851e+08,908113,4678.94,28,8.02148,7,0.070926
728,1.07384e+09,2.51958e+06,4107.95,30,7.80957,6,0.0714059
729,2.68512e+08,798040,4134.93,28,7.73047,6,0.0693816
730,2.14759e+09,3.02201e+06,5143.71,31,8.06152,7,0.0725668
731,1.07383e+09,2.28935e+06,5027.38,30,7.96387,7,0.0697328
732,2.68518e+08,856706,4080.24,28,7.78418,6,0.0677339
733,1.34281e+08,523901,5398.45,27,8.30273,7,0.0718359
734,3.43599e+10,3.40725e+07,5222.21,35,7.99902,7,0.0739308
735,2.68505e+08,752618,3782.6,28,7.74707,6,0.0686193
736,3.43599e+10,3.67689e+07,3900.32,35,7.6543,6,0.0693035
737,2.14758e+09,3.96716e+06,3915.92,31,7.68652,7,0.0660306
738,2.68515e+08,1.26577e+06,4580.71,28,7.73047,7,0.0690142
739,5.36944e+08,1.19787e+06,3789.31,29,7.58398,6,0.0662507
740,5.36955e+08,1.61623e+06,3789.31,29,7.46191,6,0.0670707
741,1.07382e+09,1.60015e+06,5548.69,30,8.13672,7,0.0711026
742,1.07383e+09,4.7853e+06,6773.61,30,8.42969,8,0.0735235
743,1.07383e+09,3.1938e+06,5744.56,30,8.37988,7,0.0735243
744,1.34287e+08,940296,6444.93,27,8.71191,8,0.075941
745,5.36951e+08,1.52278e+06,7611.81,29,8.79492,9,0.0779981
746,5.36953e+08,2.21648e+06,8434.15,29,8.88672,9,0.0759704
747,2.14757e+09,3.65304e+06,8693.38,31,8.99414,9,0.078526
748,2.14759e+09,3.18878e+06,7420.35,31,8.82715,8,0.0765617
749,2.68517e+08,1.27905e+06,11528.4,28,9.58789,10,0.083521
750,1.07384e+09,2.53103e+06,7721.05,30,8.64258,8,0.0784751
751,1.07383e+09,2.29839e+06,5307.39,30,8.16602,7,0.0744196
752,1.37439e+11,1.39485e+08,7083.83,37,8.73438,8,0.077173
753,8.59004e+09,1.10432e+07,11543.6,33,9.71582,10,0.0848603
754,8.59003e+09,1.20031e+07,11693.9,33,9.86035,10,0.0838544
755,2.14759e+09,1.33671e+07,12920.2,31,9.95703,11,0.0844179
756,2.74878e+11,2.73881e+08,8879.13,38,9.43945,9,0.0836758
757,4.29506e+09,9.74782e+06,12779.5,32,10.1416,11,0.0864354
758,4.29507e+09,8.49878e+06,13684.5,32,10.1992,11,0.0835382
759,1.07383e+09,2.45523e+06,10655.1,30,9.53711,10,0.079044
760,2.14759e+09,9.98815e+06,12926.2,31,10.3662,10,0.0857376
761,4.29507e+09,1.279e+07,11328.7,32,9.87988,10,0.0832984
762,5.36957e+08,3.1673e+06,12493.3,29,10.0947,10,0.0862332
763,2.68524e+08,3.34119e+06,11782.8,28,9.94434,10,0.0860349
764,4.29508e+09,1.25586e+07,11156.4,32,9.9668,10,0.084279
765,1.37439e+11,1.4674e+08,12672.6,37,10.4004,10,0.0876405
766,1.07383e+09,3.11754e+06,14593.7,30,10.1611,11,0.0854898
767,1.37439e+11,1.40571e+08,14376.7,37,10.3047,11,0.0896949
768,4.29508e+09,1.21202e+07,11986,32,10.0752,10,0.0844943
769,1.07383e+09,4.487e+06,9334.3,30,9.52246,9,0.0781877
770,1.718e+10,2.53663e+07,9663.07,34,9.66211,9,0.0812345
771,1.07383e+09,4.8109e+06,15050.2,30,10.5264,11,0.0849235
772,4.29507e+09,1.11911e+07,9501.69,32,9.70508,9,0.0834017
773,1.07383e+09,6.41063e+06,11957.3,30,9.92969,10,0.0839503
774,3.43598e+10,4.42151e+07,11634.1,35,10.0596,10,0.0842801
775,4.29505e+09,1.72257e+07,12493.3,32,10.4277,10,0.0847684
776,8.59003e+09,2.18496e+07,10753.8,33,9.9248,10,0.0828895
777,2.14757e+09,1.01245e+07,14593.7,31,10.582,11,0.0884778
778,2.14757e+09,5.37286e+06,9322.12,31,9.53223,9,0.0796687
779,2.14758e+09,4.53025e+06,7094.17,31,9.06641,8,0.0795022
780,2.14758e+09,7.01246e+06,10737.4,31,9.74219,10,0.0823377
781,8.59005e+09,1.75495e+07,10622,33,9.91016,10,0.0838774
782,1.07384e+09,5.45819e+06,8378.58,30,9.27246,9,0.080721
783,2.14759e+09,5.65615e+06,9382.71,31,9.5625,9,0.0786613
784,2.74878e+11,2.80779e+08,9260.83,38,9.68262,9,0.080883
785,1.718e+10,2.9887e+07,12099.5,34,10.415,10,0.0857771
786,4.29507e+09,1.07699e+07,10622,32,10,10,0.0831957
787,1.07384e+09,6.84409e+06,11140.6,30,10.0186,10,0.0849298
788,1.37439e+11,1.68107e+08,11359.7,37,10.0264,10,0.0839339
789,2.14759e+09,1.3362e+07,11467.5,31,10.4229,10,0.0864293
790,4.29507e+09,1.16631e+07,7512.9,32,9.47949,8,0.0801981
791,2.14758e+09,9.50984e+06,6617.1,31,9.29004,8,0.0796994
792,8.59004e+09,1.91406e+07,5494.43,33,9.04883,7,0.0780642
793,1.07383e+09,6.32944e+06,4842.08,30,8.97852,7,0.0791753
794,2.14758e+09,1.17746e+07,6304.01,31,9.22266,8,0.0763154
795,1.718e+10,2.42923e+07,5571.53,34,8.91504,7,0.0744076
796,1.07383e+09,6.86834e+06,2830.78,30,8.12109,5,0.0732106
797,3.43599e+10,4.45836e+07,3630.2,35,8.41992,6,0.0724912
798,1.718e+10,2.48994e+07,2472.15,34,7.87793,5,0.0701844
799,5.36956e+08,3.60196e+06,3714.43,29,8.24023,6,0.0751509
800,2.14758e+09,6.82848e+06,5213.58,31,8.58594,7,0.0739754
801,1.718e+10,2.25613e+07,5660.3,34,8.95312,7,0.0806214
802,1.07383e+09,5.70572e+06,6374.81,30,9.01855,8,0.0811561
803,2.14758e+09,7.84046e+06,5548.69,31,9.09668,7,0.0790754
804,4.29508e+09,1.06047e+07,5373.9,32,8.86621,7,0.0791213
805,5.36955e+08,2.60144e+06,5414.7,29,8.62012,7,0.0793652
806,8.59003e+09,1.40549e+07,6957.85,33,9.25391,8,0.0801063
807,4.29506e+09,8.53065e+06,7114.77,32,9.06543,8,0.0778442
808,2.14758e+09,7.64808e+06,6925.82,31,9.12207,8,0.076874
809,4.29506e+09,1.40912e+07,6957.85,32,9.10254,8,0.0795304
810,1.718e+10,2.50575e+07,7186.07,34,9.39453,8,0.0814361
811,5.36961e+08,3.43824e+06,7285.66,29,9.1377,8,0.0799742
812,2.14757e+09,8.57724e+06,7324.72,31,9.24219,8,0.0794965
813,4.29507e+09,8.7303e+06,5418.31,32,8.7373,8,0.0779855
814,8.59005e+09,3.74834e+07,9110.94,33,9.5957,9,0.0840649
815,3.43599e+10,6.43365e+07,7581.83,35,9.22852,9,0.0796543
816,1.718e+10,2.66503e+07,9678.88,34,9.38379,10,0.0822704
817,4.29507e+09,1.08693e+07,10916.6,32,9.91895,10,0.0853769
818,1.37439e+11,1.4537e+08,8489.39,37,9.22559,9,0.0791047
819,4.29508e+09,1.2762e+07,7324.72,32,9.19629,8,0.0795747
820,2.14759e+09,8.80304e+06,8944.33,31,9.34375,9,0.0820314
821,4.29508e+09,1.34378e+07,7551.78,32,9.2832,9,0.0808854
822,2.14759e+09,8.22884e+06,9148.78,31,9.57812,9,0.0817788
823,1.07384e+09,5.35878e+06,9483.07,30,9.8418,10,0.0814424
824,1.07384e+09,7.22567e+06,9606.16,30,9.58887,9,0.0818738
825,5.36956e+08,3.3572e+06,8892.22,29,9.15918,9,0.0805077
826,6.87196e+10,1.11184e+08,7512.9,36,9.22168,8,0.0791699
827,4.39805e+12,4.32329e+09,8892.22,42,9.54785,9,0.0810116
828,1.718e+10,2.33129e+07,9123.58,34,9.57715,9,0.0819691
829,1.37439e+11,1.41876e+08,11203.7,37,9.61035,10,0.083028
830,4.29507e+09,8.77493e+06,9098.28,32,9.59082,9,0.0837854
831,8.59003e+09,1.53153e+07,9136.19,33,9.21094,9,0.0810699
832,1.718e+10,2.74329e+07,8530.59,34,8.95117,9,0.0833588
833,8.59002e+09,1.22545e+07,11124.7,33,9.42578,10,0.084173
834,8.59004e+09,2.00061e+07,7334.42,33,8.70898,8,0.0760812
835,8.59004e+09,1.06644e+07,6850.26,33,8.33105,8,0.0741435
836,4.29507e+09,1.14073e+07,7457.75,32,8.68066,8,0.0775403
837,4.29506e+09,6.39573e+06,10320.2,32,9.15918,10,0.0806533
838,1.07383e+09,3.58174e+06,9173.87,30,9.1582,9,0.0817793
839,1.718e+10,2.38169e+07,9048.11,34,9.13379,10,0.0791679
840,2.14758e+09,4.63344e+06,10166.7,31,9.31641,10,0.0819506
841,2.14759e+09,1.04575e+07,8167.18,31,8.96484,9,0.0787911
842,1.07383e+09,2.66688e+06,9186.37,30,9.08008,9,0.0813113
843,4.29506e+09,6.89381e+06,8503.14,32,8.9668,9,0.0800273
844,1.07382e+09,4.53747e+06,10704.6,30,9.27051,10,0.0812727
845,2.14758e+09,4.95616e+06,9008.92,31,9.09277,9,0.0776153
846,5.36955e+08,1.68792e+06,7467.02,29,8.5332,8,0.0755311
847,2.74878e+11,2.81934e+08,9230.61,38,9.10352,10,0.0807562
848,8.59005e+09,2.23002e+07,9466.31,33,9.53516,9,0.0819531
849,6.87196e+10,7.82703e+07,7165.83,36,8.90918,8,0.0788977
850,4.29507e+09,7.41673e+06,9211.3,32,9.36816,9,0.0827746
851,3.43599e+10,3.97003e+07,9629.02,35,9.42969,9,0.0823
852,4.29508e+09,7.73083e+06,9248.49,32,9.66211,9,0.0820816
853,2.14759e+09,6.4927e+06,9719.16,31,9.71387,9,0.0833397
854,8.59004e+09,1.89021e+07,12071.3,33,10.377,10,0.0874618
855,1.37439e+11,1.43023e+08,9583.16,37,9.5293,9,0.0832128
856,1.718e+10,2.40747e+07,7042.23,34,9,8,0.081283
857,2.14758e+09,7.67641e+06,5248,31,8.45312,7,0.0777863
858,2.1476e+09,5.92837e+06,7410.92,31,8.87305,8,0.0778683
859,4.29508e+09,1.19206e+07,8800.09,32,9.41602,9,0.0822455
860,4.29506e+09,8.9778e+06,8892.22,32,9.55078,9,0.0822333
861,1.718e+10,3.09916e+07,6695.87,34,8.85449,8,0.0767972
862,1.718e+10,2.36226e+07,6196.55,34,8.99609,8,0.0787042
863,3.43599e+10,4.68461e+07,8266.41,35,9.31836,9,0.0807117
864,8.59004e+09,2.20202e+07,8167.18,33,9.47461,9,0.0821906
865,4.29507e+09,3.25377e+07,8364.63,32,9.56055,9,0.0821047
866,3.43599e+10,5.60498e+07,7165.83,35,9.42578,8,0.0823328
867,8.59005e+09,1.99802e+07,6220.56,33,8.91504,8,0.0797522
868,3.43599e+10,6.94572e+07,5357.41,35,8.56641,7,0.0797752
869,4.29507e+09,1.30074e+07,7922.13,32,9.0957,9,0.0826721
870,1.718e+10,3.78546e+07,6806.59,34,9.06348,8,0.082106
871,2.74878e+11,2.7776e+08,5470.78,38,8.64844,7,0.0754974
872,8.59003e+09,1.8247e+07,8866.02,33,9.65723,9,0.0797202
873,4.29508e+09,2.59113e+07,4389.66,32,8.52148,7,0.0743162
874,3.43599e+10,4.54749e+07,6915.1,35,9.09082,8,0.0765102
875,1.718e+10,4.70435e+07,9285.01,34,9.75488,10,0.0780344
876,2.74878e+11,3.02601e+08,8746.92,38,9.8125,9,0.0777902
877,4.29508e+09,1.58567e+07,6468.14,32,9.00293,8,0.0757546
878,8.59003e+09,2.2918e+07,5502.26,33,8.89453,7,0.0730936
879,4.29507e+09,2.51411e+07,6989.67,32,9.16406,8,0.0750327
880,1.37439e+11,2.46417e+08,6673.47,37,8.94238,8,0.0779826
881,4.29508e+09,1.85812e+07,6773.61,32,8.98828,8,0.0767422
882,8.59005e+09,1.45958e+07,6583.03,33,9.11523,8,0.0795182
883,3.43599e+10,5.30133e+07,5273.59,35,8.66797,7,0.0748611
884,1.07384e+09,6.89188e+06,7206.2,30,9.21094,8,0.0787982
885,1.09951e+12,1.09976e+09,6548.77,40,9.0625,8,0.0750672
886,1.718e+10,6.6462e+07,6457.35,34,9.22461,9,0.0771261
887,1.37439e+11,1.63552e+08,6525.84,37,8.94141,8,0.0755591
888,1.718e+10,4.36267e+07,7246.15,34,9.15723,8,0.0790073
889,4.29508e+09,1.64976e+07,7679.45,32,9.33496,8,0.0801512
890,3.43599e+10,1.04566e+08,7186.07,35,9.4209,8,0.0798526
891,6.87196e+10,8.78632e+07,6904.35,36,9.14648,8,0.0815459
892,4.29507e+09,2.2986e+07,9571.62,32,9.94824,9,0.0892265
893,8.59005e+09,4.22201e+07,7686.44,33,9.33887,9,0.0838387
894,1.37439e+11,3.44241e+08,9640.4,37,9.78711,9,0.0863067
895,1.37439e+11,2.42318e+08,9554.54,37,9.77539,10,0.0873979
896,1.718e+10,5.75775e+07,11914.1,34,10.1504,10,0.0895434
897,1.37439e+11,1.58674e+08,8996.05,37,9.3623,9,0.0842713
898,8.59005e+09,4.42393e+07,11318.6,33,9.81934,11,0.08642
899,6.87196e+10,1.12809e+08,10786.6,36,9.87695,10,0.0874267
900,8.59004e+09,3.36319e+07,8666.47,33,9.47168,9,0.0813431
901,3.43599e+10,7.80774e+07,9223.72,35,9.51465,9,0.0808827
902,6.87196e+10,1.12001e+08,11782.8,36,10.3027,10,0.0868677
903,4.29508e+09,1.80448e+07,8266.41,32,9.56152,9,0.0838459
904,4.29508e+09,2.2109e+07,9334.3,32,9.63184,9,0.083752
905,6.87196e+10,1.28181e+08,6904.74,36,8.92969,9,0.0782732
906,3.43599e+10,5.44023e+07,5090.44,35,8.53027,7,0.0774641
907,3.43599e+10,6.34336e+07,6099.79,35,8.83789,8,0.0766078
908,5.49756e+11,5.45552e+08,6861.13,39,8.76758,8,0.0754493
909,1.37439e+11,1.51059e+08,7391.97,37,9.52637,8,0.0753886
910,3.43599e+10,1.13241e+08,9454.45,35,10.1025,9,0.0823805
911,5.49756e+11,5.89721e+08,9085.59,39,9.82812,9,0.0802234
912,6.87196e+10,1.28912e+08,8944.33,36,9.96191,9,0.0838535
913,6.87196e+10,1.80498e+08,10387.9,36,10.2568,10,0.0835662
914,6.87196e+10,1.31103e+08,6795.62,36,9.4502,8,0.0782848
915,5.49756e+11,5.65739e+08,6773.61,39,9.39746,8,0.078421
916,6.87196e+10,1.30999e+08,7461.2,36,9.88184,9,0.0804652
917,8.59005e+09,5.64553e+07,8224.01,33,9.95605,9,0.0819741
918,1.718e+10,5.96355e+07,7265.96,34,9.84961,8,0.0834922
919,1.37439e+11,2.07068e+08,7922.13,37,9.99023,9,0.0794677
920,1.37439e+11,1.97257e+08,9358.56,37,10.1309,9,0.0829172
921,3.43599e+10,1.06569e+08,5752.38,35,9.30566,8,0.0765016
922,3.43599e+10,6.76166e+07,6491.28,35,9.02051,8,0.0743779
923,1.718e+10,6.32556e+07,5533.32,34,9.30762,7,0.0759227
924,6.87196e+10,9.75662e+07,5902.9,36,9.37402,8,0.076744
925,2.74878e+11,3.04051e+08,8110.04,38,10.0479,9,0.0822789
926,8.59004e+09,3.1606e+07,7671.55,33,9.85254,9,0.079857
927,6.87196e+10,1.78679e+08,5478.69,36,9.5293,7,0.0787606
928,1.09951e+12,1.66736e+09,8720.2,40,9.96387,9,0.0842316
929,1.37439e+11,2.85967e+08,7073.47,37,9.82422,8,0.0791231
930,1.37439e+11,2.62088e+08,5036.45,37,9.24023,7,0.0766966
931,3.43599e+10,8.49366e+07,5256.55,35,9.33105,7,0.078303
932,2.74878e+11,3.14261e+08,8530.59,38,10.0986,9,0.0848598
933,5.49756e+11,7.55839e+08,9309.92,39,10.4912,9,0.0836888
934,1.718e+10,6.16494e+07,7125.03,34,9.85645,8,0.0794495
935,3.43599e+10,1.30614e+08,6662.24,35,9.50488,8,0.0759902
936,3.43599e+10,1.30385e+08,6839.38,35,9.92773,8,0.0791163
937,8.59004e+09,4.2258e+07,7104.48,33,10.1758,8,0.0807591
938,3.43599e+10,1.31742e+08,8944.33,35,10.583,9,0.082876
939,1.718e+10,9.81577e+07,7165.83,34,10.0557,8,0.0804986
940,6.87196e+10,1.70227e+08,7236.2,36,10.0566,8,0.0798583
941,1.37439e+11,1.92617e+08,9034.58,37,10.5381,9,0.0809888
942,1.718e+10,7.03947e+07,6548.77,34,9.69141,8,0.0787552
943,2.19902e+12,2.27984e+09,6871.97,41,9.99512,8,0.0791079
944,1.37439e+11,2.37905e+08,9752.4,37,11.0352,9,0.0906274
945,6.87196e+10,1.93457e+08,9731.88,36,10.8389,10,0.0906697
946,1.718e+10,8.10284e+07,9837.37,34,10.9092,10,0.0933346
947,6.87196e+10,1.54523e+08,10948.9,36,10.9521,10,0.0908166
948,2.74878e+11,3.95974e+08,9161.33,38,10.7529,9,0.0893943
949,1.37439e+11,3.48604e+08,11203.7,37,11.0547,10,0.0942643
950,6.87196e+10,3.53017e+08,11406.1,36,11.1729,10,0.092858
951,1.718e+10,8.35279e+07,9525.12,34,10.6377,9,0.0916161
952,6.87196e+10,1.59739e+08,9060.14,36,10.5605,9,0.0900904
953,5.49756e+11,8.43633e+08,12279.6,39,11.2334,10,0.0904169
954,1.09951e+12,1.27287e+09,14229.9,40,11.6689,11,0.0935849
955,5.49756e+11,9.23625e+08,14376.7,39,11.5137,11,0.0930096
956,1.37439e+11,6.24979e+08,13988,37,11.8564,11,0.0924928
957,5.49756e+11,8.50921e+08,15152.8,39,11.959,11,0.0975176
958,1.37439e+11,3.90701e+08,18942.9,37,12.1455,12,0.0936581
959,5.49756e+11,1.15466e+09,18630.1,39,12.4541,12,0.0937573
960,5.49756e+11,2.38368e+09,14753.9,39,11.9512,11,0.0895559
961,2.74878e+11,8.42035e+08,17275.5,38,12.3174,12,0.0939691
962,6.87196e+10,5.4358e+08,16331.7,36,12.1377,11,0.0957178
963,1.37439e+11,4.5961e+08,12000.3,37,11.5039,10,0.0896066
964,2.19902e+12,3.29105e+09,11942.9,41,11.6641,10,0.091986
965,7.03687e+13,6.92502e+10,5653.06,46,10.0908,7,0.0845928
966,5.49756e+11,1.32801e+09,19784,39,12.7393,12,0.0958714
967,1.75922e+13,3.55196e+10,19004.7,44,12.5068,12,0.0947767
968,2.74878e+11,4.31201e+08,18482,38,12.2852,12,0.0965995
969,2.74878e+11,3.90731e+08,24608.1,38,12.9639,13,0.0977483
970,1.09951e+12,1.27342e+09,22219.9,40,12.7705,13,0.100836
971,6.87196e+10,2.01689e+08,19045.7,36,12.2852,12,0.0937993
972,2.74878e+11,5.42297e+08,19168.2,38,12.4307,12,0.097086
973,2.74878e+11,6.51454e+08,26480.7,38,13.4785,13,0.10249
974,2.19902e+12,2.77719e+09,22005.2,41,12.8936,13,0.101823
975,1.09951e+12,2.80139e+09,23090.6,40,12.8623,13,0.0959597
976,5.49756e+11,1.80123e+09,19086.7,39,12.5371,12,0.0965922
977,5.49756e+11,1.7902e+09,18030.2,39,12.5498,12,0.0951534
978,5.49756e+11,1.37177e+09,16865.1,39,12.3516,12,0.0982727
979,1.37439e+11,4.84072e+08,20917.9,37,12.5781,12,0.0967916
980,8.79609e+12,9.22252e+09,23012.5,43,12.7891,13,0.0999855
981,1.37439e+11,6.00054e+08,22353.4,37,12.8428,13,0.103905
982,6.87196e+10,3.31653e+08,17899,36,12.4482,12,0.100461
983,8.79609e+12,9.03545e+09,15808.3,43,11.6797,12,0.0982105
984,2.19902e+12,7.17879e+09,12360.8,41,11.7871,10,0.0977768
985,5.49756e+11,1.03306e+09,7602.16,39,10.4902,8,0.0885038
986,4.39805e+12,5.14865e+09,11235.1,42,10.8965,10,0.0901623
987,3.51844e+13,3.48137e+10,10252.2,45,10.8271,10,0.0901733
988,1.37439e+11,4.70296e+08,14248.4,37,11.6377,11,0.0933477
989,5.49756e+11,8.19655e+08,10572.2,39,10.8789,10,0.0891405
990,3.43599e+10,3.57447e+08,16118,35,11.6064,12,0.0921736
991,1.75922e+13,1.79334e+10,15374,44,11.8613,12,0.0953699
992,6.87196e+10,3.44121e+08,8322.66,36,10.2012,9,0.0851985
993,5.49756e+11,9.3136e+08,11812.1,39,11.1562,10,0.0902624
994,1.09951e+12,2.80762e+09,10522.2,40,10.8105,10,0.0890279
995,4.39805e+12,5.06066e+09,10981.1,42,11.1143,10,0.0895141
996,3.43599e+10,1.10947e+08,10149.6,35,10.8936,10,0.0883804
997,5.49756e+11,1.55255e+09,8983.16,39,10.4922,9,0.0860167
998,1.09951e+12,1.49967e+09,8503.14,40,10.8037,9,0.0896582
999,2.19902e+12,2.59318e+09,9211.3,41,10.7529,9,0.0890691
1000,4.39805e+12,6.00653e+09,9617.6,42,11.248,9,0.0931888
1001,2.19902e+12,3.98078e+09,9406.74,41,11.1338,9,0.0908363
1002,2.19902e+12,2.57406e+09,9871.54,41,10.9277,9,0.0895229
1003,4.39805e+12,6.32936e+09,14593.7,42,11.9316,11,0.0978594
1004,2.19902e+12,3.23664e+09,11102.4,41,11.168,11,0.093172
1005,4.39805e+12,9.18176e+09,12293.2,42,11.5059,10,0.0934579
1006,1.37439e+11,8.30282e+08,9236.12,37,10.8213,9,0.0897644
1007,2.19902e+12,2.62886e+09,8983.16,41,10.8213,9,0.0902667
1008,4.39805e+12,7.18376e+09,11093,42,11.4307,10,0.0951526
1009,1.09951e+12,1.51769e+09,10046.2,40,10.6484,10,0.0925655
1010,3.51844e+13,4.18874e+10,10303.2,45,11.0557,10,0.0941658
1011,4.39805e+12,7.4013e+09,11297.6,42,11.6699,10,0.0986213
1012,2.74878e+11,7.5328e+08,15220.6,38,11.9707,11,0.0993982
1013,2.81475e+14,2.82818e+11,10884.2,48,11.3066,10,0.100205
1014,2.19902e+12,4.75541e+09,13569.2,41,12.1123,11,0.0974306
1015,8.79609e+12,1.26339e+10,18524.4,43,12.5723,12,0.0991208
1016,2.19902e+12,2.74826e+09,19229.1,41,12.1748,12,0.0969753
1017,1.1259e+15,1.12355e+12,18984.1,50,12.8994,12,0.106073
1018,7.03687e+13,9.44798e+10,16118,46,12.4023,12,0.0997157
1019,1.1259e+15,1.11011e+12,14700.8,50,12.2129,11,0.0982375
1020,8.79609e+12,1.16499e+10,15321.3,43,12.2871,11,0.099937
1021,1.09951e+12,2.49749e+09,12879.4,40,11.4707,10,0.0934759
1022,1.09951e+12,2.13358e+09,14266.8,40,11.6758,11,0.0947144
1023,2.19902e+12,6.02772e+09,14841.9,41,11.8125,11,0.0980621
1024,2.19902e+12,4.68949e+09,13988,41,11.4492,11,0.0953958
1025,1.40737e+14,1.39195e+11,12141.5,47,11.4033,10,0.0944535
1026,5.6295e+14,5.67617e+11,16842.1,49,12.5898,12,0.102796
1027,1.1259e+15,1.10515e+12,13491.8,50,11.7871,11,0.0958766
1028,3.51844e+13,1.0241e+11,17811.1,45,12.9492,12,0.106604
1029,1.09951e+12,2.5615e+09,13912.7,40,12.3496,11,0.102837
1030,9.0072e+15,8.8382e+12,11618.3,53,11.9326,11,0.101697
1031,1.09951e+12,3.94786e+09,16053,40,12.5791,11,0.104342
1032,2.19902e+12,4.28414e+09,13722.8,41,12.0947,11,0.102555
1033,2.19902e+12,5.88696e+09,15712.4,41,12.2266,12,0.100678
1034,1.09951e+12,2.46369e+09,13722.8,40,11.8359,11,0.0975821
1035,1.09951e+12,2.3059e+09,10686.7,40,11.3154,11,0.0956867
1036,2.19902e+12,3.768e+09,11738.5,41,11.8115,10,0.100419
1037,3.51844e+13,8.13422e+10,11219.4,45,11.5479,10,0.100779
1038,8.79609e+12,1.20511e+10,11899.6,43,11.71,10,0.0981734
1039,8.79609e+12,1.86631e+10,8110.04,43,10.8799,9,0.0934261
1040,8.79609e+12,8.94506e+09,5054.52,43,9.70703,7,0.0868673
1041,1.09951e+12,3.71012e+09,7551.78,40,10.7109,9,0.0974452
1042,2.19902e+12,6.88929e+09,5239.43,41,10.0078,7,0.0926408
1043,1.40737e+14,3.16016e+11,8052.57,47,10.4453,9,0.0919897
1044,3.51844e+13,9.19146e+10,5777.64,45,10.3213,8,0.0971031
1045,3.51844e+13,5.98566e+10,8598.81,45,10.7549,9,0.096822
1046,8.79609e+12,2.1121e+10,8294.58,43,10.9082,9,0.0980522
1047,1.40737e+14,2.1625e+11,7391.97,47,10.8203,8,0.0992355
1048,4.39805e+12,8.656e+09,7951.26,42,10.2871,9,0.0947947
1049,3.51844e+13,5.97019e+10,3906.66,45,9.3457,6,0.0920644
1050,1.75922e+13,2.74278e+10,4166.27,44,9.28809,6,0.0914482
1051,2.19902e+12,4.41598e+09,4926.38,41,9.65039,7,0.0923737
1052,1.75922e+13,1.84504e+10,7878.31,44,10.9053,9,0.0973669
1053,7.03687e+13,9.82039e+10,5599.52,46,10.0176,8,0.0927708
1054,1.40737e+14,1.58866e+11,8679.94,47,10.7051,9,0.0967461
1055,2.81475e+14,3.31764e+11,6196.55,48,10.2285,8,0.0964088
1056,2.81475e+14,6.92286e+11,6795.62,48,10.6152,8,0.100889
1057,1.75922e+13,3.60724e+10,5663.49,44,10.3096,8,0.100567
1058,1.1259e+15,1.11408e+12,4935.66,50,9.94629,7,0.0960136
1059,2.19902e+12,5.72437e+09,2493.4,41,8.69238,5,0.0913595
1060,5.6295e+14,5.69825e+11,2722.3,49,8.59961,7,0.0867882
1061,2.81475e+14,4.18538e+11,6795.62,48,10.248,8,0.0964778
1062,1.40737e+14,1.52579e+11,5509.3,47,10.3604,8,0.0991419
1063,1.1259e+15,1.4235e+12,3872.46,50,9.59473,7,0.0942602
1064,1.40737e+14,2.04007e+11,4261.42,47,9.92773,6,0.0993269
1065,4.39805e+12,8.45151e+09,5964.9,42,10.1289,8,0.0970128
1066,3.51844e+13,4.80304e+10,10252.2,45,10.8574,10,0.100938
1067,1.75922e+13,3.36301e+10,15349.7,44,11.9834,12,0.107277
1068,3.60288e+16,3.52749e+13,15600.3,55,12.1475,11,0.110233
1069,4.39805e+12,1.04606e+10,16188.9,42,11.8711,12,0.103168
1070,4.39805e+12,1.03609e+10,21352.9,42,12.2383,13,0.104072
1071,4.39805e+12,6.81913e+09,14894.4,42,11.709,11,0.10362
1072,1.75922e+13,2.80192e+10,17410.7,44,11.9775,12,0.101807
1073,2.74878e+11,1.31917e+09,11753.3,38,11.0908,10,0.0958953
1074,2.19902e+12,5.47124e+09,11634.1,41,11.3135,10,0.0986572
1075,1.75922e+13,3.20048e+10,10916.6,44,11.0859,10,0.0971729
1076,5.6295e+14,6.99159e+11,15118.7,49,11.8184,11,0.102103
1077,8.79609e+12,1.66629e+10,15118.7,43,11.7939,11,0.105194
1078,7.03687e+13,8.41128e+10,11956.3,46,10.9814,11,0.105556
1079,8.79609e+12,1.94671e+10,13988,43,12.0117,11,0.10208
1080,1.75922e+13,2.10486e+10,12519.4,44,11.4395,10,0.100164
1081,1.40737e+14,1.48113e+11,12293.2,47,11.8574,10,0.107153
1082,3.51844e+13,5.68229e+10,14321.9,45,11.7891,11,0.101689
1083,5.6295e+14,5.61124e+11,10704.6,49,11.5908,10,0.10454
1084,2.81475e+14,2.87244e+11,18735,48,12.6367,12,0.106172
1085,1.40737e+14,1.69044e+11,14340.2,47,12.1768,11,0.105359
1086,1.75922e+13,2.75155e+10,12155.5,44,11.5732,10,0.100377
1087,1.09951e+12,3.5171e+09,11543.6,40,11.7422,10,0.106815
1088,2.19902e+12,3.22452e+09,11723.6,41,11.7598,10,0.101395
1089,4.39805e+12,1.09992e+10,11447.5,42,11.5264,11,0.107181
1090,4.39805e+12,8.10004e+09,11421.5,42,11.5068,10,0.102867
1091,1.09951e+12,2.35238e+09,7863.66,40,10.7246,9,0.102493
1092,8.79609e+12,1.21033e+10,7581.83,43,10.751,9,0.099451
1093,4.39805e+12,1.12386e+10,8905.29,42,11.0078,9,0.0991643
1094,8.79609e+12,1.67852e+10,7256.07,43,10.8652,8,0.103288
1095,4.39805e+12,8.05578e+09,5573.82,42,10.2246,8,0.098517
1096,4.39805e+12,1.29309e+10,7476.34,42,10.5908,9,0.101639
1097,2.19902e+12,9.9286e+09,6136.21,41,10.541,8,0.0929151
1098,8.79609e+12,1.28376e+10,8209.83,43,10.8096,9,0.0947664
1099,1.40737e+14,1.71069e+11,8931.34,47,11.4004,9,0.100472
1100,7.03687e+13,7.59021e+10,8892.22,46,11.1943,9,0.097932
1101,1.09951e+12,5.66202e+09,10835.5,40,11.7197,10,0.1017
1102,4.39805e+12,7.78754e+09,8944.33,42,11.3818,9,0.101999
1103,1.75922e+13,2.30053e+10,9696.57,44,11.6592,10,0.0989304
1104,1.40737e+14,2.12686e+11,9924.74,47,11.3896,10,0.0984923
1105,8.79609e+12,2.24332e+10,7878.31,43,11.3174,9,0.10307
1106,2.19902e+12,4.73877e+09,5764.08,41,10.5635,9,0.097536
1107,1.75922e+13,1.93541e+10,7125.03,44,10.9082,8,0.0949923
1108,1.40737e+14,1.62989e+11,7602.16,47,11.3574,8,0.0999333
1109,1.37439e+11,6.59439e+08,3594.37,37,9.35645,6,0.0872017
1110,1.75922e+13,2.51099e+10,5681.8,44,10.2207,7,0.0911456
1111,4.39805e+12,8.46449e+09,5571.53,42,10.3164,7,0.0948702
1112,3.51844e+13,8.25025e+10,6220.56,45,10.791,8,0.100353
1113,8.79609e+12,2.56839e+10,7265.96,43,11.3574,8,0.0988382
1114,3.51844e+13,1.15088e+11,7256.07,45,11.0713,8,0.0991892
1115,8.79609e+12,2.24184e+10,7285.66,43,10.9736,8,0.0965557
1116,2.19902e+12,6.30601e+09,6915.1,41,10.5957,8,0.0943505
1117,2.81475e+14,5.733e+11,6502.82,48,10.2461,8,0.0936774
1118,8.79609e+12,1.51749e+10,9731.88,43,11.8506,10,0.0993687
1119,1.40737e+14,1.61138e+11,10472,47,12.6445,10,0.104587
1120,1.1259e+15,2.6427e+12,4898.44,50,11.0566,7,0.0954161
1121,3.51844e+13,5.45692e+10,7175.96,45,11.8701,8,0.0987053
1122,3.51844e+13,6.4282e+10,9098.28,45,11.9873,9,0.0990518
1123,1.40737e+14,1.60182e+11,9749.51,47,12.0352,10,0.100377
1124,1.75922e+13,5.38249e+10,9297.69,44,12.168,9,0.103156
1125,7.03687e+13,1.29236e+11,10166.7,46,12.6221,10,0.103657
1126,2.2518e+15,2.26349e+12,9186.37,51,12.1221,9,0.105896
1127,1.40737e+14,2.63687e+11,14321.9,47,12.8467,11,0.103765
1128,2.2518e+15,2.33649e+12,9021.76,51,11.7725,9,0.0981204
1129,1.75922e+13,5.23606e+10,8475.61,44,11.6953,9,0.0947652
1130,5.6295e+14,6.10132e+11,7363.33,49,11.7178,8,0.0958767
1131,7.03687e+13,1.46202e+11,13761,46,12.7031,11,0.102044
1132,1.75922e+13,3.04644e+10,11406.1,44,12.3701,10,0.101846
1133,3.51844e+13,1.19229e+11,8186.46,45,11.9805,10,0.0977944
1134,3.51844e+13,7.44026e+10,8905.29,45,11.7119,9,0.0971432
1135,1.75922e+13,4.48966e+10,10488.7,44,12.1338,10,0.101867
1136,7.03687e+13,2.63713e+11,11187.9,46,12.9424,10,0.109511
1137,2.2518e+15,2.43055e+12,11421.5,51,13.2842,10,0.111848
1138,2.81475e+14,4.31061e+11,10851.8,48,12.7363,10,0.106269
1139,2.81475e+14,5.34616e+11,9944.99,48,12.791,9,0.104542
1140,1.40737e+14,3.20223e+11,10166.7,47,12.7754,10,0.106253
1141,3.51844e+13,1.36296e+11,10622,45,12.5361,10,0.101911
1142,3.60288e+16,3.56102e+13,9607.94,55,12.4424,10,0.10018
1143,2.2518e+15,2.2061e+12,6904.35,51,11.332,8,0.0924826
1144,7.03687e+13,9.34408e+10,5586.68,46,10.7529,8,0.0893706
1145,1.1259e+15,1.84869e+12,6871.97,50,11.8789,8,0.0972425
1146,5.6295e+14,1.13477e+12,10916.6,49,13.1592,10,0.10613
1147,5.6295e+14,1.28137e+12,14137.4,49,13.4131,11,0.106287
1148,5.6295e+14,1.0266e+12,10948.9,49,13.0098,10,0.107023
1149,2.81475e+14,5.58371e+11,7247.41,48,12.0234,9,0.100351
1150,5.6295e+14,9.00217e+11,8852.88,49,12.833,9,0.104764
1151,4.5036e+15,4.47193e+12,13296.8,52,12.8652,11,0.106665
1152,1.40737e+14,1.86722e+11,4963.37,47,11.5469,7,0.0983869
1153,7.03687e+13,3.61392e+11,5751.36,46,12.1104,7,0.101486
1154,2.81475e+14,1.01648e+12,5509.3,48,11.7617,8,0.0972407
1155,1.1259e+15,2.00626e+12,7226.23,50,12.0186,8,0.101242
1156,9.0072e+15,9.57049e+12,9785.33,53,12.5488,9,0.102684
1157,7.03687e+13,4.04401e+11,13931.6,46,13.7354,11,0.111892
1158,7.03687e+13,3.77355e+11,8350.66,46,12.7314,9,0.106558
1159,4.5036e+15,4.67416e+12,7052.67,52,12.7393,8,0.111789
1160,4.5036e+15,5.88804e+12,10438.4,52,12.7236,10,0.109858
1161,1.80144e+16,2.02664e+13,10997.1,54,12.4775,10,0.105095
1162,3.60288e+16,3.82079e+13,9021.76,55,12.7627,9,0.106215
1163,1.15292e+18,1.16139e+15,8023.72,60,12.0215,9,0.105806
1164,3.51844e+13,1.20498e+11,7324.72,45,11.0801,8,0.0996681
1165,5.6295e+14,6.29801e+11,7154.75,49,11.6143,9,0.0986021
1166,4.5036e+15,7.24071e+12,9021.76,52,11.6162,9,0.0999625
1167,2.81475e+14,7.14386e+11,10538.9,48,11.9639,10,0.0967443
1168,1.40737e+14,3.45023e+11,12000.3,47,12.6533,10,0.103146
1169,7.03687e+13,1.93331e+11,11619.1,46,12.8174,10,0.10311
1170,1.40737e+14,3.31202e+11,11942.9,47,12.2109,10,0.0984946
1171,2.81475e+14,3.87197e+11,8066.97,48,11.8105,9,0.0983103
1172,1.75922e+13,8.67109e+10,8918.33,44,11.6377,9,0.0987377
1173,2.81475e+14,6.03076e+11,7125.03,48,10.8555,8,0.0943177
1174,1.40737e+14,2.25258e+11,5382.11,47,11.4287,7,0.0956932
1175,2.81475e+14,5.39511e+11,7265.96,48,11.6416,8,0.0970259
1176,4.5036e+15,4.65719e+12,7531.03,52,12.0537,8,0.100315
1177,2.81475e+14,8.86182e+11,11693.9,48,12.9766,10,0.106673
1178,2.81475e+14,9.53611e+11,12413,48,13.4199,11,0.109288
1179,1.1259e+15,1.82618e+12,14736.2,50,13.7041,11,0.110013
1180,9.0072e+15,1.36041e+13,11575.7,53,12.8145,11,0.10382
1181,1.80144e+16,1.87631e+13,11528.4,54,13.1221,10,0.110038
1182,5.6295e+14,7.57458e+11,13722.8,49,13.7549,11,0.114207
1183,3.51844e+13,1.28043e+11,15453.8,45,14.209,11,0.112796
1184,5.6295e+14,7.1783e+11,12306.8,49,13.3213,10,0.106808
1185,5.6295e+14,8.48064e+11,12506.4,49,13.2041,10,0.109264
1186,1.40737e+14,1.94851e+11,13414.1,47,13.2588,11,0.108778
1187,1.80144e+16,2.02153e+13,12224.8,54,13.293,10,0.110279
1188,1.44115e+17,1.43522e+14,19706.2,57,14.0596,12,0.114021
1189,1.40737e+14,4.24117e+11,36740.4,47,15.7158,14,0.120305
1190,7.03687e+13,1.9652e+11,18545.6,46,13.8662,12,0.110324
1191,5.6295e+14,6.27543e+11,16023.1,49,13.4834,12,0.106566
1192,2.81475e+14,3.66097e+11,26657.1,48,14.8955,13,0.115637
1193,1.1259e+15,1.338e+12,35347.5,50,14.4443,14,0.108611
1194,7.03687e+13,2.53978e+11,17833.1,46,14.0918,12,0.111789
1195,2.81475e+14,5.51443e+11,26809.7,48,15.1846,13,0.119462
1196,2.81475e+14,8.13427e+11,19350,48,15.1553,12,0.118448
1197,1.1259e+15,2.56919e+12,12920.2,50,13.666,11,0.109934
1198,4.5036e+15,5.14694e+12,19667.2,52,14.1621,12,0.111342
1199,3.51844e+13,1.97186e+11,35865.5,45,14.8633,14,0.115233
1200,2.2518e+15,2.46567e+12,24509.8,51,14.6748,13,0.119714
1201,2.81475e+14,5.23633e+11,19289.7,48,14.4121,12,0.116587
1202,2.81475e+14,8.07981e+11,17410.7,48,14.1797,12,0.114331
1203,1.40737e+14,3.52209e+11,11977.3,47,13.1221,11,0.10899
1204,4.5036e+15,4.62788e+12,25284.6,52,14.5996,13,0.113711
1205,9.0072e+15,1.48682e+13,34819.6,53,15.8691,14,0.125959
1206,2.81475e+14,7.79064e+11,52660.2,48,15.918,15,0.13195
1207,2.81475e+14,5.32799e+11,20014.2,48,14.7871,12,0.126196
1208,2.2518e+15,2.95309e+12,37853.8,51,15.8945,14,0.126094
1209,1.44115e+17,1.46191e+14,35648.6,57,15.3467,14,0.120694
1210,5.6295e+14,1.70274e+12,33150.9,49,15.1133,14,0.120898
1211,2.81475e+14,1.01621e+12,24997.3,48,14.8477,13,0.118537
1212,4.5036e+15,4.78086e+12,17388.2,52,14.3936,12,0.117133
1213,1.1259e+15,2.4513e+12,19647.6,50,14.1455,12,0.111349
1214,1.1259e+15,2.19713e+12,37730.6,50,15.1006,14,0.116277
1215,2.81475e+14,3.76832e+11,14911.8,48,13.9023,11,0.11052
1216,2.81475e+14,7.50313e+11,14449.5,48,13.5176,11,0.11226
1217,5.6295e+14,1.05776e+12,8124.35,49,12.4297,9,0.10428
1218,9.0072e+15,1.09227e+13,11928.5,53,13.6807,10,0.111561
1219,5.6295e+14,7.345e+11,14394.9,49,13.79,11,0.11112
1220,4.5036e+15,4.51127e+12,9536.79,52,13.0762,9,0.10575
1221,9.0072e+15,1.16483e+13,20052.1,53,14.5361,12,0.113934
1222,1.1259e+15,2.18188e+12,26569.2,50,14.749,13,0.115639
1223,2.81475e+14,1.1646e+12,18735,48,14.4307,12,0.114748
1224,2.2518e+15,3.59255e+12,19208.8,51,14.2852,12,0.110079
1225,4.5036e+15,6.88326e+12,14575.8,52,13.8066,11,0.110444
1226,5.6295e+14,1.15965e+12,17410.7,49,13.6367,12,0.106926
1227,4.5036e+15,6.82467e+12,14789.2,52,13.8027,11,0.108945
1228,2.81475e+14,9.09523e+11,10704.6,48,12.9697,10,0.10111
1229,2.2518e+15,2.7515e+12,10046.5,51,12.5176,9,0.098801
1230,1.1259e+15,1.19107e+12,6315.86,50,11.3057,8,0.095035
1231,2.2518e+15,3.89362e+12,16330.3,51,14.5586,12,0.114279
1232,9.0072e+15,1.28879e+13,19725.7,53,14.957,12,0.116833
1233,5.6295e+14,1.41768e+12,17298.1,49,14.002,12,0.109652
1234,5.6295e+14,8.49131e+11,9148.78,49,12.6279,9,0.102086
1235,5.6295e+14,9.93617e+11,15853.9,49,13.9629,11,0.111293
1236,4.5036e+15,6.02831e+12,20146.3,52,14.5361,12,0.116864
1237,1.1259e+15,3.10731e+12,10522.2,50,12.8672,10,0.105887
1238,4.5036e+15,6.3546e+12,11664.1,52,13.4736,10,0.109637
1239,1.80144e+16,2.02355e+13,13799,54,14.0029,11,0.111531
1240,1.80144e+16,2.61338e+13,14647.4,54,13.8691,11,0.114457
1241,1.80144e+16,5.92045e+13,17433.1,54,14.2051,12,0.113909
1242,4.5036e+15,5.86826e+12,15354.6,52,14.1699,11,0.113085
1243,1.1259e+15,2.1281e+12,14806.8,50,14.1631,11,0.111254
1244,4.5036e+15,8.7236e+12,14824.4,52,14.5049,11,0.116536
1245,4.5036e+15,7.94584e+12,9536.79,52,13.1719,9,0.110633
1246,1.80144e+16,3.84465e+13,11812.1,54,13.8887,10,0.11713
1247,7.20576e+16,7.42776e+13,9123.58,56,13.4932,9,0.119605
1248,4.5036e+15,1.12361e+13,35070.8,52,16.3564,14,0.132293
1249,7.20576e+16,7.63514e+13,25544.4,56,15.915,13,0.132018
1250,2.2518e+15,5.48962e+12,159434,51,18,17,0.141273
1251,3.60288e+16,5.91795e+13,91304.9,55,17.3223,16,0.134738
1252,9.0072e+15,2.9357e+13,92901,53,17.5762,16,0.13631
1253,2.8823e+17,2.94396e+14,37481.5,58,16.834,14,0.134559
1254,1.80144e+16,2.08544e+13,5802.82,54,13.7354,8,0.120437
1255,1.1259e+15,4.08179e+12,36688.4,50,16.8057,14,0.133713
1256,1.44115e+17,1.791e+14,26098.8,57,16.749,13,0.135319
1257,3.60288e+16,4.74009e+13,26547.1,55,16.4365,13,0.130071
1258,1.1259e+15,3.84935e+12,25846.8,50,16.6133,13,0.130586
1259,5.76461e+17,5.65638e+14,18289.7,59,15.4043,12,0.124045
1260,9.0072e+15,1.69264e+13,6957.85,53,13.5156,8,0.114229
1261,4.5036e+15,7.87966e+12,6160.4,52,13.0986,8,0.109313
1262,2.2518e+15,4.71542e+12,13099.5,51,14.5488,11,0.121023
1263,9.0072e+15,1.29979e+13,14394.9,53,14.4766,11,0.118533
1264,5.6295e+14,1.53345e+12,10704.6,49,13.9502,10,0.115249
1265,9.0072e+15,9.80065e+12,9382.71,53,13.7676,9,0.116394
1266,4.5036e+15,7.14129e+12,7400.46,52,12.9707,9,0.112427
1267,4.5036e+15,1.18925e+13,6904.74,52,13.1582,9,0.112596
1268,4.5036e+15,1.14435e+13,5631.18,52,12.127,7,0.109334
1269,1.80144e+16,1.86225e+13,5247.37,54,11.5615,8,0.102815
1270,1.80144e+16,1.90814e+13,12197.1,54,13.335,10,0.107119
1271,3.60288e+16,3.82471e+13,8095.7,55,12.4209,9,0.107964
1272,4.5036e+15,6.72453e+12,7278.15,52,12.7012,9,0.109883
1273,7.20576e+16,7.24478e+13,7491.47,56,12.3262,9,0.107846
1274,7.20576e+16,7.35178e+13,3674.29,56,10.3848,7,0.108758
1275,1.15292e+18,1.12984e+15,4981.75,60,10.7637,7,0.0965545
1276,1.1259e+15,1.47568e+12,6491.28,50,10.9043,8,0.0960243
1277,2.81475e+14,5.13039e+11,4746.72,48,10.7285,7,0.0948271
1278,9.0072e+15,1.05366e+13,5964.9,53,11.2031,8,0.100814
1279,7.20576e+16,8.68476e+13,5298.97,56,11.0596,7,0.101017
1280,1.80144e+16,1.78945e+13,6409.96,54,11.4248,8,0.100196
1281,9.0072e+15,3.50512e+13,7175.96,53,12.3623,8,0.113944
1282,2.8823e+17,4.41507e+14,8826.79,58,13.0957,10,0.112649
1283,4.5036e+15,1.18669e+13,5927.75,52,12.8584,8,0.115101
1284,1.44115e+17,1.49554e+14,4530.98,57,11.9268,7,0.111306
1285,1.80144e+16,3.22419e+13,4678.94,54,11.6484,7,0.106705
1286,2.8823e+17,2.93197e+14,4813.65,58,11.2803,7,0.100441
1287,7.20576e+16,9.64573e+13,3769.12,56,11.1152,6,0.101062
1288,1.80144e+16,2.27832e+13,5108.27,54,12.5195,7,0.116375
1289,3.60288e+16,6.49017e+13,4765.93,55,12.8203,7,0.11667
1290,2.8823e+17,4.75814e+14,5054.52,58,12.8008,7,0.116434
1291,1.80144e+16,3.21641e+13,6386.55,54,13.1738,8,0.118005
1292,2.30584e+18,2.3018e+15,7839.85,61,13.665,10,0.126544
1293,2.2518e+15,5.4187e+12,6548.77,51,13.1699,8,0.115662
1294,2.8823e+17,3.08648e+14,9303.11,58,13.7012,10,0.120766
1295,1.80144e+16,2.83264e+13,9309.92,54,13.8281,9,0.121792
1296,9.0072e+15,2.06723e+13,11045.2,53,14.1621,10,0.125291
1297,1.1259e+15,1.98586e+12,14521.8,50,13.7803,11,0.121651
1298,1.80144e+16,2.28243e+13,10770.2,54,13.499,10,0.122408
1299,1.1259e+15,3.8063e+12,14593.7,50,14.1982,11,0.120677
1300,1.44115e+17,1.59904e+14,12453.9,57,13.4375,10,0.119191
1301,1.80144e+16,2.23306e+13,19086.7,54,14.3516,12,0.129573
1302,1.1259e+15,1.86877e+12,6639.71,50,11.7637,8,0.107498
1303,3.60288e+16,4.3001e+13,11558.8,55,13.582,10,0.118022
1304,7.20576e+16,8.40164e+13,35621.4,56,14.8145,14,0.123989
1305,4.5036e+15,8.54015e+12,20621.4,52,14.2871,12,0.126468
1306,9.0072e+15,1.96915e+13,26166.8,53,14.9297,13,0.126796
1307,1.80144e+16,2.995e+13,33995.6,54,15.1982,14,0.129916
1308,3.60288e+16,4.66358e+13,22645.1,55,14.5879,13,0.128565
1309,9.0072e+15,1.21422e+13,25684.6,53,14.7139,13,0.129628
1310,4.5036e+15,1.47449e+13,12597.1,52,12.9502,11,0.116739
1311,3.60288e+16,4.73799e+13,11490.3,55,13.4521,11,0.117473
1312,3.60288e+16,4.40622e+13,24924.9,55,14.8281,13,0.125038
1313,1.15292e+18,1.12787e+15,26212.1,60,14.501,13,0.127383
1314,1.1259e+15,4.731e+12,54327.6,50,15.4746,15,0.1279
1315,9.0072e+15,1.48112e+13,157226,53,16.6152,17,0.13733
1316,4.5036e+15,5.43824e+12,56832.5,52,15.3184,15,0.129745
1317,1.15292e+18,1.13494e+15,36818.4,60,15.6416,14,0.128063
1318,2.8823e+17,5.85781e+14,19107.1,58,14.1201,12,0.125099
1319,3.60288e+16,5.30125e+13,38290,55,15.5439,14,0.131253
1320,3.60288e+16,6.67862e+13,26121.5,55,15.3818,13,0.132009
1321,2.30584e+18,2.26514e+15,36610,61,15.4932,14,0.130041
1322,4.5036e+15,1.60005e+13,25141.5,52,14.9922,13,0.128606
1323,7.20576e+16,1.20585e+14,36740.4,56,15.6602,14,0.132276
1324,7.20576e+16,1.20485e+14,17116.8,56,13.9072,12,0.12343
1325,3.60288e+16,4.85345e+13,19608.3,55,14.2314,12,0.124446
1326,2.30584e+18,2.29151e+15,14118.8,61,13.4102,11,0.117832
1327,1.80144e+16,2.14507e+13,35347.5,54,14.7422,14,0.123644
1328,1.80144e+16,4.00328e+13,35043,54,15.207,14,0.126854
1329,9.22337e+18,9.15975e+15,23784.4,63,14.4482,13,0.124
1330,9.0072e+15,1.80112e+13,20089.9,53,13.917,12,0.119226
1331,1.80144e+16,2.3433e+13,34253.6,54,14.6934,14,0.125542
1332,1.80144e+16,3.71179e+13,37681,54,15.4688,14,0.13113
1333,2.8823e+17,3.36383e+14,23860.5,58,14.4004,13,0.128357
1334,2.30584e+18,2.28302e+15,55681.6,61,15.8076,15,0.136841
1335,2.2518e+15,6.99336e+12,27046.1,51,15.127,13,0.133909
1336,7.20576e+16,9.59177e+13,30029.3,56,15.0498,14,0.143823
1337,3.60288e+16,6.17747e+13,25497.4,55,15.0664,13,0.135936
1338,5.76461e+17,6.08492e+14,22803.1,59,14.3154,13,0.124508
1339,7.20576e+16,1.34054e+14,25938.9,56,14.6992,13,0.130678
1340,4.61169e+18,5.22098e+15,35648.6,62,15.0859,14,0.129757
1341,9.0072e+15,1.90468e+13,19208.8,53,14.0156,12,0.130969
1342,9.0072e+15,1.25674e+13,14557.8,53,13.3438,11,0.117817
1343,4.5036e+15,7.77869e+12,14503.8,52,13.2988,11,0.123963
1344,2.8823e+17,2.96594e+14,18396.8,58,13.8662,12,0.124317
1345,1.1259e+15,2.81925e+12,14285.2,50,13.1016,11,0.11993
1346,1.44115e+17,1.45949e+14,11108.9,57,12.5918,10,0.116441
1347,1.44115e+17,2.64511e+14,14174.5,57,13.1191,11,0.115443
1348,9.0072e+15,1.5369e+13,12940.2,53,12.1182,11,0.110603
1349,7.20576e+16,2.45437e+14,13912.7,56,13.3096,11,0.11926
1350,3.60288e+16,6.30809e+13,13039.9,55,13.3662,11,0.12136
1351,4.5036e+15,1.62811e+13,8252.3,52,12.207,9,0.112771
1352,1.80144e+16,2.52186e+13,10354.1,54,12.6357,10,0.114646
1353,4.61169e+18,5.24691e+15,6888.97,62,12.0645,9,0.113291
1354,3.60288e+16,1.1567e+14,20939.2,55,13.5088,13,0.119555
1355,1.44115e+17,2.73203e+14,13722.8,57,12.7832,11,0.118618
1356,2.8823e+17,3.73585e+14,16447.5,58,13.8389,12,0.121959
1357,3.60288e+16,5.10269e+13,12392.4,55,13.4561,11,0.123965
1358,7.20576e+16,1.26924e+14,8209.83,56,12.4346,9,0.119592
1359,1.44115e+17,1.50157e+14,7285.66,57,12.9082,8,0.118854
1360,2.8823e+17,5.7606e+14,19168.2,58,14.4287,12,0.123934
1361,3.60288e+16,9.16041e+13,26076,55,15.3701,13,0.137365
1362,1.44115e+17,2.59113e+14,17656.3,57,14.4336,12,0.125894
1363,1.44115e+17,2.72988e+14,20239.6,57,15.1924,12,0.131121
1364,2.8823e+17,3.77986e+14,14340.2,58,14.582,11,0.131199
1365,2.30584e+18,2.37522e+15,24386.2,61,15.9492,13,0.137742
1366,5.90296e+20,5.78977e+17,11942.9,69,14.5322,10,0.126431
1367,1.15292e+18,1.15349e+15,36636.1,60,15.5596,14,0.129363
1368,9.0072e+15,3.21422e+13,19208.8,53,14.623,12,0.124876
1369,2.8823e+17,3.26608e+14,18332.6,58,14.8105,12,0.129491
1370,5.76461e+17,9.97991e+14,11543.6,59,13.8936,10,0.120773
1371,7.20576e+16,2.24164e+14,13988,56,14.332,11,0.130251
1372,2.8823e+17,4.53247e+14,15880.1,58,15.1201,12,0.12798
1373,4.61169e+18,5.12395e+15,17722.8,62,15.2568,12,0.130891
1374,2.30584e+18,3.67747e+15,18030.2,61,14.7588,12,0.127098
1375,1.44115e+17,1.71172e+14,23759.1,57,15.1865,13,0.130737
1376,4.61169e+18,5.66837e+15,13588.4,62,14.1299,11,0.123192
1377,1.15292e+18,2.72404e+15,20276.6,60,15.2822,12,0.132948
1378,1.15292e+18,1.75954e+15,24386.2,60,15.1729,13,0.132706
1379,3.60288e+16,9.02912e+13,14210.5,55,14.4912,12,0.127936
1380,1.44115e+17,2.75756e+14,14911.8,57,14.7959,11,0.132787
1381,2.8823e+17,3.18302e+14,23116.6,58,15.7812,13,0.14161
1382,7.3787e+19,7.83572e+16,90975.9,66,17.2666,16,0.149675
1383,5.76461e+17,1.17232e+15,57332.8,59,17.1221,15,0.151313
1384,2.8823e+17,9.63159e+14,93332.5,58,17.3828,16,0.153425
1385,1.15292e+18,1.5005e+15,55886.7,60,16.8281,15,0.14657
1386,1.15292e+18,1.19536e+15,161219,60,17.4531,17,0.150902
1387,1.15292e+18,1.20451e+15,55563.7,60,16.5947,15,0.146485
1388,9.22337e+18,1.41607e+16,558733,63,18.8311,19,0.158988
1389,2.95148e+20,2.97337e+17,1.08686e+06,68,19.7031,20,0.167217
1390,3.02231e+23,2.96538e+20,1.08677e+06,78,19.4434,20,0.167889
1391,5.76461e+17,6.58553e+14,558337,59,18.3721,19,0.161901
1392,1.15292e+18,1.89551e+15,1.08667e+06,60,19.1338,20,0.16682
1393,2.36118e+21,2.89158e+18,560886,71,19.5293,19,0.169103
1394,2.95148e+20,2.93623e+17,1.09124e+06,68,19.9199,20,0.169681
1395,9.44473e+21,9.55761e+18,1.08142e+06,73,19.5088,20,0.168465
1396,4.61169e+18,6.1579e+15,295975,62,18.6973,18,0.164272
1397,4.61169e+18,4.91402e+15,1.08873e+06,62,20.1025,20,0.170271
1398,1.15292e+18,2.5873e+15,1.0848e+06,60,19.9922,20,0.17281
1399,1.15292e+18,2.03473e+15,557893,60,19.3184,19,0.167468
1400,2.95148e+20,7.02114e+17,1.08986e+06,68,20.3184,20,0.180053
1401,7.55579e+22,7.4119e+19,1.08696e+06,76,20.1484,20,0.177263
1402,1.84467e+19,2.33821e+16,1.08982e+06,64,20.7617,20,0.183924
1403,1.18059e+21,1.21165e+18,1.08328e+06,70,20.0098,20,0.185997
1404,7.3787e+19,1.7962e+17,1.07953e+06,66,20.4551,20,0.185469
1405,1.84467e+19,4.5308e+16,2.13387e+06,64,20.8604,21,0.18595
1406,5.90296e+20,5.91274e+17,288044,69,18.4619,18,0.172192
1407,7.3787e+19,1.00781e+17,159324,66,17.666,17,0.165117
1408,3.68935e+19,4.32068e+16,552534,65,18.7617,19,0.174148
1409,2.30584e+18,4.75601e+15,85441.5,61,16.9004,16,0.162184
1410,1.84467e+19,2.57253e+16,90241.4,64,17.0869,16,0.158344
1411,1.84467e+19,3.99743e+16,559561,64,19.5215,19,0.175597
1412,7.3787e+19,2.32625e+17,560928,66,19.7969,19,0.173992
1413,1.47574e+20,1.73388e+17,162519,67,18.9033,17,0.171894
1414,4.61169e+18,7.58404e+15,562545,62,19.6387,19,0.178838
1415,1.47574e+20,2.03417e+17,1.09102e+06,67,21.0967,20,0.188727
1416,2.30584e+18,5.72239e+15,558908,61,20.3516,19,0.17996
1417,3.68935e+19,5.01906e+16,565411,65,19.9648,19,0.175116
1418,5.90296e+20,7.37216e+17,1.08091e+06,69,20.1055,20,0.178634
1419,1.47574e+20,2.47098e+17,1.08667e+06,67,21.0918,20,0.191824
1420,4.61169e+18,1.20446e+16,556590,62,20.791,19,0.191192
1421,2.36118e+21,2.32856e+18,558381,71,20.502,19,0.183811
1422,2.95148e+20,4.91388e+17,293472,68,20.3623,18,0.185019
1423,1.18059e+21,1.51124e+18,159434,70,19.3701,17,0.18111
1424,4.72237e+21,4.71403e+18,164946,72,19.4258,17,0.178529
1425,4.72237e+21,5.2601e+18,2.13908e+06,72,22.1631,21,0.195039
1426,5.90296e+20,9.76348e+17,2.13769e+06,69,22.585,21,0.202057
1427,9.44473e+21,1.06873e+19,555998,73,20.3594,19,0.1839
1428,1.47574e+20,1.76012e+17,156221,67,18.9307,17,0.171731
1429,1.47574e+20,2.68749e+17,292866,67,20.0811,18,0.186113
1430,7.3787e+19,1.1419e+17,159434,66,19.1885,17,0.17534
1431,1.84467e+19,4.49041e+16,162951,64,19,17,0.17401
1432,4.61169e+18,6.24042e+15,158956,62,17.8652,17,0.164795
1433,2.36118e+21,4.70711e+18,159543,71,18.7725,17,0.168287
1434,3.77789e+22,3.72332e+19,158808,75,19.1758,17,0.175958
1435,4.72237e+21,4.70519e+18,2.12853e+06,72,21.6113,21,0.191375
1436,5.90296e+20,1.00418e+18,1.07859e+06,69,21.1777,20,0.188189
1437,3.02231e+23,2.95197e+20,1.08112e+06,78,20.2637,20,0.178712
1438,5.90296e+20,7.86592e+17,290077,69,19.3164,18,0.176836
1439,5.90296e+20,8.78063e+17,289176,69,18.9404,18,0.173666
1440,1.84467e+19,1.94597e+16,89113,64,17.5684,16,0.168409
1441,9.44473e+21,9.29128e+18,90376,73,17.6797,16,0.161423
1442,5.90296e+20,6.03824e+17,38073.4,69,17.0078,14,0.162074
1443,1.51116e+23,1.47681e+20,292866,77,19.1885,18,0.173989
1444,5.90296e+20,8.13237e+17,291467,69,19.2607,18,0.173434
1445,2.36118e+21,3.61698e+18,52207.5,71,18.0947,15,0.16827
1446,1.88895e+22,1.85642e+19,91173.7,74,18.9561,16,0.170227
1447,2.36118e+21,2.38496e+18,560334,71,19.916,19,0.179152
1448,3.77789e+22,4.43584e+19,296504,75,20.3096,18,0.192978
1449,7.55579e+22,1.20155e+20,155909,76,19.3701,17,0.184289
1450,9.44473e+21,2.16165e+19,55945.1,73,19.25,15,0.187446
1451,6.04463e+23,5.98159e+20,14963.9,79,17.7207,11,0.180104
1452,1.18059e+21,2.00766e+18,13780,70,16.6797,11,0.163058
1453,9.22337e+18,2.83833e+16,33764.7,63,17.5615,14,0.168888
1454,5.90296e+20,1.33424e+18,23426.9,69,17.0908,13,0.162405
1455,1.88895e+22,1.9765e+19,8937.76,74,15.5098,10,0.154481
1456,5.90296e+20,1.36231e+18,14155.9,69,17.0459,11,0.164614
1457,3.77789e+22,3.98152e+19,88974.2,75,18.7354,16,0.178509
1458,2.36118e+21,3.55754e+18,31464.7,71,17.4756,14,0.170575
1459,1.51116e+23,1.47734e+20,54419.7,77,17.8096,15,0.17673
1460,1.51116e+23,1.4819e+20,162652,77,18.9727,17,0.184747
1461,4.72237e+21,7.24517e+18,90342.4,72,18.7236,16,0.177905
1462,1.88895e+22,1.89688e+19,34847.6,74,17.9404,14,0.174693
1463,1.88895e+22,2.90889e+19,16657.2,74,17.335,12,0.177526
1464,1.88895e+22,2.77685e+19,14321.9,74,16.3389,11,0.169135
1465,1.51116e+23,1.50073e+20,22085.8,77,16.7275,13,0.172343
1466,2.41785e+24,2.36179e+21,15252.2,81,15.6807,12,0.160392
1467,6.04463e+23,5.90318e+20,11589,79,15.6377,10,0.15423
1468,3.77789e+22,5.539e+19,34707.2,75,17.7656,14,0.182843
1469,6.04463e+23,5.90856e+20,19025.2,79,17.124,12,0.163826
1470,3.77789e+22,4.89142e+19,13626.9,75,17.1445,11,0.167986
1471,3.77789e+22,4.42522e+19,8530.59,75,16.6006,9,0.161385
1472,9.44473e+21,1.15535e+19,11872.2,73,17.1875,11,0.164606
1473,6.04463e+23,6.88289e+20,11634.1,79,17.8711,10,0.181338
1474,5.90296e+20,1.69688e+18,10286.2,69,17.9033,10,0.169031
1475,1.20893e+24,1.19815e+21,6695.87,80,16.8027,8,0.178547
1476,3.77789e+22,4.82844e+19,9625.7,75,16.5566,10,0.173106
1477,6.04463e+23,9.00521e+20,13039.9,79,18.9043,11,0.183223
1478,1.20893e+24,1.1827e+21,13240.5,80,18.3545,12,0.187793
1479,7.55579e+22,2.04409e+20,8023.72,76,17.543,9,0.184733
1480,1.88895e+22,2.64824e+19,8974.62,74,17.9814,10,0.183982
1481,6.1897e+26,6.04631e+23,10183.9,89,17.0547,10,0.169535
1482,1.18059e+21,2.40895e+18,5454.88,70,15.2334,7,0.155735
1483,2.36118e+21,4.23389e+18,7063.08,71,15.8525,8,0.160922
1484,1.88895e+22,2.88901e+19,9429.27,74,16.7627,10,0.169072
1485,9.44473e+21,1.01685e+19,25707.9,73,19.123,13,0.183059
1486,1.51116e+23,2.83529e+20,92272.6,77,22.3438,16,0.219103
1487,3.02231e+23,4.9347e+20,23911,78,19.9404,13,0.198688
1488,1.51116e+23,2.31028e+20,13626.9,77,19.2373,11,0.190451
1489,5.90296e+20,1.34796e+18,157111,69,20.9951,17,0.210524
1490,4.72237e+21,8.08139e+18,156957,72,21.3848,17,0.20942
1491,9.44473e+21,2.60329e+19,284912,73,22.0576,18,0.217688
1492,4.8357e+24,4.77788e+21,291216,82,22.6924,18,0.222045
1493,1.18059e+21,5.08166e+18,562341,70,23.1631,19,0.226904
1494,9.44473e+21,1.23499e+19,295363,73,22.666,18,0.221667
1495,7.55579e+22,9.56727e+19,559474,76,22.6436,19,0.211917
1496,9.44473e+21,1.93409e+19,2.1309e+06,73,23.1621,21,0.219091
1497,1.20893e+24,1.22351e+21,293150,80,21.9473,18,0.22454
1498,3.77789e+22,7.10146e+19,292130,75,22.2598,18,0.213443
1499,7.55579e+22,1.44141e+20,91500.8,76,20.918,16,0.212469
