77.611
0,435.053,6.81365,4,2,0.0253906,0,0.00619819
1,435.117,10.1601,4,2,0.0517578,0,0.00620609
2,435.151,10.3814,5,2,0.0478516,0,0.0062334
3,435.053,9.17517,5,2,0.0419922,0,0.00630081
4,435.151,11.0898,5,2,0.0527344,0,0.00628851
5,434.954,10.7889,5,2,0.0527344,0,0.00638854
6,114.828,8.68283,5,1,0.0380859,0,0.00642841
7,435.117,9.64146,5,2,0.0419922,0,0.00654583
8,434.818,10.2538,5,2,0.0488281,0,0.00640731
9,109.829,10.2324,5,1,0.0517578,0,0.00657097
10,435.117,10.6531,5,2,0.0498047,0,0.006485
11,434.639,10.7682,6,2,0.0507812,0,0.00649091
12,434.818,11.5941,6,2,0.0585938,0,0.00644912
13,435.117,10.9044,6,2,0.0517578,0,0.00646552
14,435.117,12.8645,6,2,0.0625,0,0.00649044
15,435.053,10.7427,6,2,0.0449219,0,0.00653886
16,435.151,10.7595,6,2,0.0488281,0,0.00653204
17,435.151,10.5491,6,2,0.0458984,0,0.00643019
18,435.076,12.0577,6,2,0.0576172,0,0.00655252
19,435.151,11.7791,6,2,0.0605469,0,0.0065341
20,435.151,11.111,6,2,0.0488281,0,0.00656806
21,435.053,11.9616,6,2,0.0585938,0,0.00656797
22,435.053,11.8111,6,2,0.0585938,0,0.00666503
23,435.127,11.3282,6,2,0.0527344,0,0.00678527
24,435.149,12.8257,6,2,0.0673828,0,0.0067133
25,435.127,10.6903,6,2,0.0458984,0,0.00673509
26,434.954,12.1687,6,2,0.0595703,0,0.00667208
27,434.954,10.787,6,2,0.0478516,0,0.00661609
28,1010.79,13.847,6,3,0.0722656,0,0.00665766
29,435.151,11.9465,6,2,0.0566406,0,0.00670036
30,435.053,12.1915,6,2,0.0595703,0,0.00669964
31,435.127,11.5764,6,2,0.0546875,0,0.00665222
32,434.639,12.8789,6,2,0.0683594,0,0.00664011
33,435.151,12.9693,6,2,0.0634766,0,0.00656741
34,435.151,12.7379,6,2,0.0664062,0,0.00668139
35,435.151,12.8245,6,2,0.0615234,0,0.00665048
36,435.127,12.5485,6,2,0.0595703,0,0.00668993
37,434.954,11.732,6,2,0.0537109,0,0.00668873
38,435.151,11.7945,6,2,0.0556641,0,0.00668503
39,435.127,13.4099,6,2,0.0732422,0,0.00665486
40,435.151,11.8033,6,2,0.0556641,0,0.00660931
41,435.076,11.8878,6,2,0.0556641,0,0.00662465
42,435.151,13.8635,6,2,0.0722656,0,0.00668836
43,435.053,12.3119,6,2,0.0546875,0,0.00676297
44,435.149,13.2451,6,2,0.0654297,0,0.00674686
45,434.129,12.3713,6,2,0.0605469,0,0.00676069
46,1008.21,16.2826,6,3,0.0830078,0,0.0067694
47,435.127,13.5582,7,2,0.0712891,0,0.00676861
48,1010.79,14.3058,7,3,0.0703125,0,0.00683827
49,435.151,14.955,7,2,0.0751953,0,0.00691723
50,435.053,15.7351,7,2,0.0869141,0,0.00694554
51,1008.92,15.2314,7,3,0.0712891,0,0.00696155
52,435.151,14.1522,6,2,0.0693359,0,0.00679818
53,435.151,14.2093,7,2,0.0722656,0,0.00679498
54,435.127,14.5978,7,2,0.0751953,0,0.00684747
55,435.151,15.0939,7,2,0.0791016,0,0.00687825
56,435.151,15.0752,7,2,0.0771484,0,0.00691074
57,435.151,14.301,7,2,0.0693359,0,0.00685874
58,1010.21,16.0666,7,3,0.0810547,0,0.00693966
59,1010.21,15.4846,7,3,0.0703125,0,0.00714763
60,435.151,16.1317,7,2,0.0810547,0,0.00685966
61,435.149,16.4286,7,2,0.0888672,0,0.00698797
62,435.149,14.4925,7,2,0.0683594,0,0.00691294
63,435.127,15.7866,7,2,0.0830078,0,0.00692695
64,435.151,16.9908,7,2,0.0947266,0,0.00683254
65,435.127,16.0361,7,2,0.0800781,0,0.00686379
66,435.151,14.2102,7,2,0.0703125,0,0.00689445
67,434.954,14.6984,7,2,0.0791016,0,0.00693553
68,435.149,16.3214,7,2,0.0849609,0,0.00693192
69,435.053,15.8786,7,2,0.0849609,0,0.00695779
70,435.127,16.2778,7,2,0.0849609,0,0.00711679
71,435.127,16.4519,8,2,0.0810547,0,0.00707848
72,435.149,16.0824,7,2,0.0908203,0,0.00697787
73,435.149,13.8268,7,2,0.0683594,0,0.00719553
74,435.053,13.3593,7,2,0.0615234,0,0.00699458
75,435.151,15.1335,7,2,0.0761719,0,0.00696903
76,435.127,17.051,8,2,0.0898438,0,0.00704591
77,435.149,16.1786,8,2,0.0830078,0,0.00696292
78,434.954,14.8876,8,2,0.0800781,0,0.00694988
79,435.149,16.1607,8,2,0.0810547,0,0.00708244
80,435.127,15.8889,8,2,0.0771484,0,0.00700083
81,435.151,15.9999,8,2,0.0859375,0,0.00710512
82,1008.92,15.7677,8,3,0.0791016,0,0.00696592
83,435.149,19.6166,8,2,0.113281,0,0.00704711
84,435.127,13.7372,7,2,0.0664062,0,0.00688387
85,435.151,17.0062,8,2,0.0888672,0,0.00700614
86,435.149,17.739,8,2,0.105469,0,0.00691057
87,435.149,15.7096,8,2,0.0810547,0,0.00694798
88,435.151,17.8511,8,2,0.09375,0,0.00710513
89,435.127,15.9216,8,2,0.0849609,0,0.0070573
90,435.053,15.3134,8,2,0.0771484,0,0.00708867
91,435.127,18.9104,8,2,0.0986328,0,0.00707556
92,434.954,17.4499,8,2,0.0966797,0,0.00726638
93,1009.59,19.6559,8,3,0.102539,0,0.00718018
94,435.127,17.7896,8,2,0.0986328,0,0.00711847
95,435.151,15.5159,8,2,0.0820312,0,0.00707041
96,435.151,16.9886,8,2,0.0820312,0,0.00721024
97,435.151,18.7544,8,2,0.102539,0,0.00727564
98,435.127,18.0734,8,2,0.0957031,0,0.0071747
99,1011.31,20.2814,8,3,0.107422,0,0.00724683
100,1011.31,22.092,8,3,0.12793,0,0.00727689
101,1009.59,21.3681,8,3,0.119141,0,0.00716919
102,435.151,18.9081,8,2,0.0976562,0,0.00718575
103,435.149,19.4752,8,2,0.106445,0,0.00716993
104,435.127,21.2366,9,2,0.129883,0,0.00725458
105,435.151,20.6446,9,2,0.120117,0,0.00727307
106,435.149,21.6658,8,2,0.118164,0,0.0072651
107,435.151,22.0825,8,2,0.126953,0,0.00732828
108,435.127,20.794,8,2,0.118164,0,0.00732487
109,435.151,24.5834,9,2,0.135742,0,0.00741852
110,435.151,21.221,9,2,0.121094,0,0.00755193
111,435.149,21.9031,9,2,0.12207,0,0.00746774
112,1008.92,20.9585,8,3,0.110352,0,0.00729482
113,1008.92,24.9835,9,3,0.144531,0,0.00738564
114,435.151,28.1699,9,2,0.160156,0,0.007568
115,435.151,22.0053,9,2,0.123047,0,0.00740816
116,435.151,24.8683,9,2,0.151367,0,0.00741238
117,435.151,21.9611,9,2,0.124023,0,0.00733695
118,1008.92,25.2626,9,3,0.147461,0,0.00742958
119,1011.31,23.7407,9,3,0.133789,0,0.00741914
120,1012.52,24.0522,9,3,0.131836,0,0.00736873
121,1010.21,23.4421,9,3,0.133789,0,0.0075074
122,435.151,25.4979,9,2,0.154297,0,0.00754335
123,435.151,25.1162,9,2,0.146484,0,0.00742145
124,1009.59,25.7678,9,3,0.15918,0,0.00733019
125,1011.31,25.7047,9,3,0.147461,0,0.00744068
126,435.151,23.235,9,2,0.136719,0,0.0075348
127,435.151,24.5064,9,2,0.147461,0,0.00749648
128,1009.59,28.9224,9,3,0.166992,0,0.00748652
129,1011.78,29.2344,9,3,0.171875,0,0.00761088
130,435.151,24.666,9,2,0.152344,0,0.00743358
131,1010.21,32.1124,9,3,0.195312,0,0.00756226
132,435.149,27.3162,9,2,0.166992,0,0.0075743
133,1009.59,28.343,9,3,0.176758,0,0.00749046
134,435.149,26.8454,9,2,0.158203,0,0.0075861
135,435.151,28.9042,9,2,0.181641,0,0.00755607
136,1843.9,31.998,9,4,0.19043,0,0.00750833
137,435.151,28.6188,9,2,0.175781,0,0.007504
138,435.151,30.1575,9,2,0.188477,0,0.00754257
139,1009.59,30.8485,9,3,0.188477,0,0.00765117
140,435.151,32.4672,9,2,0.199219,0,0.00759344
141,1009.59,34.7329,9,3,0.21875,0,0.00760987
142,435.151,34.2972,9,2,0.223633,0,0.00773163
143,435.151,32.5761,9,2,0.206055,0,0.00759591
144,435.151,40.4238,9,2,0.260742,0,0.00759879
145,1010.21,30.7353,9,3,0.198242,0,0.0076878
146,1012.52,38.9435,9,3,0.24707,0,0.00766503
147,435.151,32.976,9,2,0.207031,0,0.00772638
148,1010.21,35.6261,9,3,0.242188,0,0.00765496
149,1010.21,38.6992,9,3,0.248047,0,0.00770944
150,1010.79,36.6741,9,3,0.239258,0,0.00773447
151,1010.79,40.3742,9,3,0.24707,0,0.00779628
152,435.151,34.0567,9,2,0.223633,0,0.00777619
153,1008.92,37.1805,9,3,0.242188,0,0.00770478
154,1009.59,39.8185,9,3,0.249023,0,0.00767834
155,1849.99,40.7236,10,4,0.254883,0,0.00778034
156,435.151,39.9523,9,2,0.257812,0,0.00770952
157,1011.31,43.0716,9,3,0.264648,0,0.00773098
158,435.151,35.8655,9,2,0.22168,0,0.00762461
159,435.151,40.7416,10,2,0.264648,0,0.00780403
160,1010.79,38.814,9,3,0.242188,0,0.00780306
161,1010.21,39.9904,9,3,0.25293,0,0.00770741
162,1011.31,43.018,9,3,0.258789,0,0.00767068
163,1008.92,34.7688,10,3,0.219727,0,0.00788087
164,1008.92,39.8756,9,3,0.260742,0,0.00781868
165,1008.92,41.3015,10,3,0.263672,0,0.00790527
166,1010.21,38.7612,10,3,0.25293,0,0.00777351
167,1843.9,43.7754,9,4,0.280273,0,0.00767199
168,1008.92,43.7788,10,3,0.28125,0,0.0078316
169,1010.21,41.4601,9,3,0.273438,0,0.00792218
170,435.151,41.856,10,2,0.272461,0,0.00795981
171,1011.78,43.2819,9,3,0.271484,0,0.00785286
172,1009.59,41.2566,9,3,0.272461,0,0.00778464
173,1009.59,40.5614,9,3,0.262695,0,0.00778134
174,1011.31,45.462,9,3,0.285156,0,0.00777979
175,1010.21,41.0113,10,3,0.263672,0,0.0078624
176,1008.92,41.4281,9,3,0.276367,0,0.007941
177,1843.9,44.4374,10,4,0.283203,0,0.0077844
178,1846.55,46.8787,10,4,0.291016,0,0.00787964
179,1010.21,44.4684,10,3,0.28125,0,0.00783075
180,1008.92,45.9704,9,3,0.294922,0,0.00777484
181,1843.9,48.1035,10,4,0.303711,0,0.00776475
182,1011.31,44.3781,9,3,0.291992,0,0.00772222
183,1008.92,47.5253,11,3,0.316406,0,0.00790116
184,435.151,44.2236,9,2,0.286133,0,0.00785436
185,1012.52,50.8802,10,3,0.327148,0,0.00776594
186,435.151,48.6864,11,2,0.318359,0,0.00783576
187,1011.78,45.2078,9,3,0.285156,0,0.0079094
188,1009.59,44.4428,9,3,0.298828,0,0.00777287
189,1011.31,43.1896,9,3,0.271484,0,0.00773242
190,1011.31,46.2937,9,3,0.293945,0,0.00768601
191,2959.56,48.6805,10,5,0.303711,0,0.00781654
192,1008.92,45.907,10,3,0.296875,0,0.00792896
193,1011.31,43.8283,10,3,0.28125,0,0.00782827
194,435.151,43.2596,10,2,0.293945,0,0.00775364
195,1847.77,49.965,10,4,0.324219,0,0.00779364
196,1008.92,50.206,11,3,0.324219,0,0.00785042
197,1008.92,49.1706,11,3,0.333008,0,0.00779735
198,435.151,45.1582,11,2,0.30957,0,0.00788238
199,1839.49,52.1426,10,4,0.323242,0,0.00783026
200,1843.9,44.1897,10,4,0.286133,0,0.00785779
201,1011.31,46.0596,10,3,0.301758,0,0.00782701
202,1008.92,49.3176,11,3,0.323242,0,0.00785329
203,435.151,47.201,11,2,0.320312,0,0.00801933
204,1011.78,48.093,11,3,0.313477,0,0.00792677
205,1008.92,43.1276,11,3,0.277344,0,0.00785976
206,1008.92,46.4096,12,3,0.313477,0,0.00796835
207,1009.59,46.3581,12,3,0.31543,0,0.00799032
208,1011.31,43.6312,11,3,0.291992,0,0.00801645
209,1011.31,49.1213,11,3,0.319336,0,0.00796552
210,1010.21,44.9569,11,3,0.294922,0,0.00791119
211,1008.92,49.2163,11,3,0.326172,0,0.00789734
212,1008.92,46.7342,10,3,0.299805,0,0.00782597
213,1010.21,49.5264,12,3,0.332031,0,0.00788302
214,1008.92,50.4804,12,3,0.347656,0,0.0078904
215,1010.21,46.572,10,3,0.311523,0,0.0077791
216,435.151,44.9847,11,2,0.302734,0,0.00785846
217,1008.92,46.8102,10,3,0.303711,0,0.00789825
218,435.151,48.5646,11,2,0.323242,0,0.00787126
219,1008.92,49.2632,11,3,0.324219,0,0.00784407
220,1010.21,48.4502,12,3,0.319336,0,0.00793475
221,435.151,49.9057,11,2,0.328125,0,0.00787273
222,1011.78,49.1675,12,3,0.330078,0,0.00785302
223,1011.31,51.5148,12,3,0.335938,0,0.00794201
224,1011.31,47.1505,11,3,0.298828,0,0.0078926
225,1008.92,42.8913,11,3,0.280273,0,0.00785699
226,1011.31,50.6488,12,3,0.330078,0,0.00786374
227,1845.26,49.6,12,4,0.324219,0,0.00786883
228,1011.78,52.1724,11,3,0.327148,0,0.00787438
229,1008.92,42.8955,11,3,0.28418,0,0.00794083
230,1012.52,45.8327,11,3,0.307617,0,0.00787627
231,435.151,40.0466,10,2,0.265625,0,0.00794504
232,1009.59,52.612,12,3,0.341797,0,0.00797458
233,1009.59,46.9504,12,3,0.314453,0,0.00787899
234,1008.92,49.4832,11,3,0.325195,0,0.00796196
235,1008.92,48.919,12,3,0.319336,0,0.00794514
236,1008.92,43.2097,11,3,0.296875,0,0.00794741
237,1011.31,53.0201,12,3,0.341797,0,0.00796222
238,435.149,45.5795,11,2,0.299805,0,0.00803079
239,435.151,45.1689,12,2,0.299805,0,0.00807061
240,435.151,48.7253,12,2,0.329102,0,0.00805267
241,1007.46,50.6658,12,3,0.339844,0,0.00811757
242,1010.21,47.5878,12,3,0.318359,0,0.00793783
243,1012.18,51.7508,12,3,0.347656,0,0.00795278
244,1009.59,48.0346,12,3,0.31543,0,0.00800447
245,1010.21,49.3697,12,3,0.335938,0,0.0080553
246,1011.31,46.4297,12,3,0.307617,0,0.00801507
247,1845.26,52.4614,12,4,0.331055,0,0.00803379
248,1010.79,47.9631,12,3,0.316406,0,0.00801809
249,1009.59,46.7317,12,3,0.306641,0,0.00801596
250,1008.92,53.2694,12,3,0.333984,0,0.00795156
251,1008.92,49.6591,12,3,0.326172,0,0.00808391
252,1008.92,44.6038,12,3,0.289062,0,0.00808199
253,1008.92,53.1215,12,3,0.347656,0,0.00824742
254,1009.59,48.5689,12,3,0.299805,0,0.00797648
255,1008.92,48.5716,12,3,0.328125,0,0.00800134
256,435.151,47.8718,12,2,0.323242,0,0.00795372
257,1009.59,48.416,12,3,0.314453,0,0.00803428
258,1009.59,49.3042,11,3,0.307617,0,0.00798603
259,1008.92,44.2664,12,3,0.295898,0,0.00803608
260,1009.59,52.007,12,3,0.336914,0,0.00802129
261,1008.92,48.306,12,3,0.333984,0,0.00804153
262,435.151,41.5099,12,2,0.292969,0,0.00800568
263,1008.92,50.3326,12,3,0.335938,0,0.00809355
264,1008.92,48.9125,12,3,0.31543,0,0.00794251
265,435.151,48.5228,12,2,0.318359,0,0.00793391
266,1008.92,52.8894,12,3,0.338867,0,0.00811737
267,1008.92,51.3408,12,3,0.333008,0,0.00804302
268,1010.21,52.3895,12,3,0.342773,0,0.00804092
269,1843.9,54.4115,13,4,0.355469,0,0.00790793
270,1011.31,53.0528,12,3,0.349609,0,0.00792962
271,1011.31,48.0237,12,3,0.326172,0,0.00795136
272,1011.31,54.4772,12,3,0.356445,0,0.0080476
273,1008.92,52.6007,13,3,0.349609,0,0.0081638
274,1010.79,55.0602,13,3,0.367188,0,0.00815357
275,1843.9,51.2598,12,4,0.341797,0,0.00798482
276,1008.92,52.0862,12,3,0.337891,0,0.00802228
277,1008.92,49.7705,12,3,0.328125,0,0.00801723
278,1010.21,53.7524,13,3,0.336914,0,0.00802931
279,1011.31,50.4966,12,3,0.329102,0,0.00806584
280,1008.92,49.4153,13,3,0.337891,0,0.00806313
281,1008.92,49.1149,12,3,0.335938,0,0.0079974
282,1011.31,47.8026,12,3,0.308594,0,0.00816866
283,1008.92,48.244,12,3,0.314453,0,0.00812762
284,435.151,50.3394,13,2,0.341797,0,0.00805373
285,1010.79,54.804,13,3,0.350586,0,0.00796714
286,1008.92,52.4816,13,3,0.337891,0,0.00805816
287,435.151,47.6069,12,2,0.3125,0,0.00809189
288,435.151,47.566,13,2,0.328125,0,0.00805551
289,1009.59,48.6718,13,3,0.321289,0,0.00808555
290,1008.92,53.5181,13,3,0.34375,0,0.00805883
291,1011.31,48.3256,12,3,0.314453,0,0.00818609
292,1008.21,48.7019,13,3,0.331055,0,0.00817675
293,1843.9,50.6502,13,4,0.324219,0,0.00813112
294,1009.59,49.7712,13,3,0.317383,0,0.00813102
295,1843.9,52.7948,13,4,0.333984,0,0.00812018
296,1008.92,52.0294,13,3,0.335938,0,0.00808869
297,1011.31,50.0241,13,3,0.328125,0,0.00807262
298,1011.31,50.5136,13,3,0.331055,0,0.00802546
299,1008.92,46.5187,12,3,0.311523,0,0.00801705
300,435.149,49.9251,13,2,0.338867,0,0.00800153
301,1011.31,49.963,12,3,0.325195,0,0.00808048
302,1008.92,49.4469,13,3,0.327148,0,0.00798438
303,1011.31,50.5495,13,3,0.329102,0,0.00801506
304,1010.79,49.1541,13,3,0.320312,0,0.00800952
305,1008.92,45.5368,12,3,0.301758,0,0.00792043
306,1008.92,48.0238,13,3,0.301758,0,0.00814941
307,1008.92,51.1873,13,3,0.326172,0,0.00808307
308,1011.31,46.6006,13,3,0.307617,0,0.00816772
309,1008.92,50.365,12,3,0.331055,0,0.00799592
310,1011.31,48.5209,13,3,0.314453,0,0.00803629
311,1009.59,47.0437,12,3,0.310547,0,0.0079515
312,435.151,48.959,13,2,0.330078,0,0.00827516
313,435.151,48.2855,13,2,0.316406,0,0.00815786
314,1011.78,52.3873,13,3,0.339844,0,0.00816073
315,1008.92,47.0593,12,3,0.30957,0,0.00808301
316,1843.9,54.551,13,4,0.336914,0,0.00807359
317,1008.92,48.3819,12,3,0.304688,0,0.00813837
318,1011.78,52.0902,13,3,0.319336,0,0.00806848
319,1008.92,46.4321,13,3,0.313477,0,0.00809034
320,435.151,42.1805,12,2,0.279297,0,0.00799992
321,435.151,46.749,13,2,0.317383,0,0.00809706
322,435.151,49.7202,13,2,0.330078,0,0.00806458
323,1011.78,54.9574,13,3,0.357422,0,0.00814215
324,1008.92,43.8185,13,3,0.294922,0,0.00811151
325,1008.92,48.5029,13,3,0.322266,0,0.00814047
326,1008.92,51.758,13,3,0.349609,0,0.00803942
327,1009.59,54.8614,13,3,0.354492,0,0.00817068
328,1011.78,45.2688,12,3,0.286133,0,0.00802026
329,435.151,45.0856,13,2,0.292969,0,0.00802353
330,1843.9,53.7409,13,4,0.327148,0,0.00808354
331,435.151,49.175,13,2,0.325195,0,0.00818106
332,1008.92,51.3309,13,3,0.335938,0,0.00810302
333,1008.92,49.2108,13,3,0.324219,0,0.00823864
334,435.151,48.237,13,2,0.323242,0,0.00824488
335,1008.92,49.8637,13,3,0.333984,0,0.00808157
336,1008.92,47.3454,12,3,0.300781,0,0.00810103
337,1008.92,50.3937,13,3,0.330078,0,0.00809392
338,1010.21,50.327,13,3,0.332031,0,0.00802148
339,435.151,46.3154,13,2,0.318359,0,0.00803753
340,1010.21,51.5865,12,3,0.325195,0,0.00807758
341,435.149,46.0506,13,2,0.303711,0,0.00824641
342,1009.59,52.2779,13,3,0.331055,0,0.00812189
343,1008.92,46.549,13,3,0.311523,0,0.00818399
344,1011.31,48.5786,13,3,0.314453,0,0.00806398
345,1010.21,53.4455,13,3,0.352539,0,0.00814327
346,1843.9,53.6702,13,4,0.34668,0,0.00811935
347,435.151,48.0937,13,2,0.324219,0,0.0081245
348,1008.92,49.3404,13,3,0.319336,0,0.00799427
349,1008.92,52.9429,13,3,0.352539,0,0.00803513
350,1843.9,49.7218,13,4,0.308594,0,0.0081981
351,1008.92,48.7952,13,3,0.333008,0,0.00797255
352,1010.79,48.565,13,3,0.306641,0,0.00805806
353,1006.68,51.1711,13,3,0.338867,0,0.00813635
354,1011.31,52.6461,13,3,0.345703,0,0.00806837
355,435.127,47.2719,13,2,0.319336,0,0.00808439
356,1008.92,48.1203,13,3,0.319336,0,0.00810741
357,1008.92,52.1726,13,3,0.338867,0,0.00809772
358,1011.31,50.5976,13,3,0.328125,0,0.00814101
359,1011.31,50.1169,13,3,0.322266,0,0.00817914
360,1008.92,51.1115,13,3,0.333008,0,0.00807171
361,1011.31,51.1634,13,3,0.318359,0,0.0080083
362,1011.31,54.5574,13,3,0.347656,0,0.00812771
363,1011.31,46.7846,13,3,0.30957,0,0.00806567
364,1008.92,52.2834,13,3,0.342773,0,0.00813607
365,1009.59,54.8431,13,3,0.361328,0,0.00802521
366,1843.9,53.2319,13,4,0.323242,0,0.00815139
367,1845.26,52.023,13,4,0.337891,0,0.00804694
368,1011.31,54.7533,13,3,0.357422,0,0.00802637
369,435.151,46.8867,13,2,0.31543,0,0.00813969
370,1011.31,48.9279,13,3,0.322266,0,0.00804109
371,1011.31,48.8255,13,3,0.321289,0,0.00809421
372,1008.92,50.8179,13,3,0.337891,0,0.0079808
373,1009.59,51.3401,13,3,0.326172,0,0.00811054
374,1010.21,54.6151,13,3,0.348633,0,0.00809499
375,1008.92,52.2569,13,3,0.335938,0,0.00813863
376,1011.31,53.6987,13,3,0.352539,0,0.00819295
377,1008.92,48.7979,13,3,0.331055,0,0.00822229
378,1008.92,45.8297,13,3,0.31543,0,0.00815658
379,435.151,49.7411,13,2,0.335938,0,0.00806452
380,435.151,47.629,13,2,0.3125,0,0.00808072
381,1012.18,57.6082,13,3,0.376953,0,0.00817403
382,1011.31,50.3224,13,3,0.332031,0,0.00820333
383,1008.92,49.7731,13,3,0.318359,0,0.00816818
384,1009.59,52.4776,13,3,0.328125,0,0.00814271
385,1843.9,49.9986,13,4,0.313477,0,0.00819772
386,1011.31,50.295,13,3,0.338867,0,0.00822491
387,1008.92,47.8957,12,3,0.310547,0,0.00808279
388,1009.59,50.8238,13,3,0.324219,0,0.00806222
389,1008.92,50.3358,13,3,0.316406,0,0.00808399
390,1010.79,51.8236,13,3,0.334961,0,0.00807272
391,435.151,50.2474,13,2,0.333008,0,0.00818857
392,435.151,53.4829,13,2,0.350586,0,0.00817319
393,1010.21,53.0594,13,3,0.344727,0,0.00800199
394,1008.92,51.4668,13,3,0.339844,0,0.00819751
395,1843.9,56.3821,13,4,0.352539,0,0.00816598
396,1008.92,52.5033,13,3,0.34082,0,0.00811013
397,435.151,49.036,13,2,0.321289,0,0.00811067
398,435.151,48.3579,13,2,0.326172,0,0.00811619
399,435.127,49.9618,13,2,0.328125,0,0.00812442
400,1008.92,45.3693,13,3,0.298828,0,0.00818358
401,1008.92,48.1086,13,3,0.314453,0,0.00830112
402,435.151,51.4224,13,2,0.339844,0,0.00818709
403,1008.92,54.9554,13,3,0.348633,0,0.0082204
404,435.151,48.4114,13,2,0.314453,0,0.00808487
405,1008.92,53.1463,13,3,0.345703,0,0.0081848
406,1008.92,47.182,13,3,0.319336,0,0.00813978
407,1011.31,48.3641,13,3,0.313477,0,0.00814909
408,1843.9,49.5845,13,4,0.321289,0,0.00811642
409,1008.92,57.8817,13,3,0.374023,0,0.00815525
410,1008.92,53.6482,13,3,0.347656,0,0.00809628
411,1009.59,53.9632,13,3,0.357422,0,0.00810033
412,1008.92,53.0402,13,3,0.34375,0,0.00820038
413,1010.21,51.6548,13,3,0.342773,0,0.0081108
414,1011.31,52.5822,13,3,0.334961,0,0.00807895
415,1008.92,50.6155,13,3,0.335938,0,0.00812912
416,1008.92,51.5912,13,3,0.335938,0,0.00814779
417,1008.92,55.8233,13,3,0.375,0,0.00825042
418,1008.92,47.941,13,3,0.327148,0,0.00813899
419,1008.92,49.952,13,3,0.324219,0,0.00815376
420,1008.92,52.0359,13,3,0.345703,0,0.00816269
421,435.151,48.2708,13,2,0.335938,0,0.00815384
422,1010.21,55.1598,13,3,0.358398,0,0.00821187
423,1008.92,53.0561,13,3,0.341797,0,0.0082451
424,1010.21,52.631,13,3,0.329102,0,0.00815947
425,1841.02,52.1115,13,4,0.331055,0,0.00812925
426,1011.78,52.0442,13,3,0.331055,0,0.00814535
427,1011.31,52.0822,13,3,0.34375,0,0.00820364
428,1011.31,53.1958,13,3,0.330078,0,0.00816596
429,1843.9,50.3793,13,4,0.329102,0,0.00818327
430,1008.92,57.4529,13,3,0.366211,0,0.00825771
431,1011.31,47.4084,13,3,0.31543,0,0.00823237
432,1008.92,51.3802,13,3,0.338867,0,0.00823815
433,1008.92,54.4192,13,3,0.361328,0,0.00813635
434,435.151,48.7928,13,2,0.338867,0,0.00817422
435,1011.78,48.9931,13,3,0.320312,0,0.00815621
436,1009.59,56.2735,13,3,0.360352,0,0.00806959
437,435.151,48.7369,13,2,0.337891,0,0.00810349
438,1008.92,50.4318,13,3,0.324219,0,0.00814688
439,1011.31,50.4797,13,3,0.331055,0,0.008207
440,1008.92,51.764,13,3,0.334961,0,0.00811585
441,1011.31,51.7972,13,3,0.347656,0,0.0081737
442,1011.31,52.7469,13,3,0.349609,0,0.00812587
443,1848.92,54.784,13,4,0.345703,0,0.00817894
444,1008.92,48.1092,13,3,0.304688,0,0.00813114
445,1008.92,56.0888,13,3,0.360352,0,0.00816684
446,1008.92,52.8661,13,3,0.348633,0,0.0081706
447,1008.92,52.9602,13,3,0.350586,0,0.00818504
448,1011.31,50.1569,13,3,0.329102,0,0.00826979
449,1011.31,52.0191,13,3,0.334961,0,0.0082125
450,1009.59,47.5977,13,3,0.302734,0,0.00821027
451,435.151,52.0649,13,2,0.347656,0,0.00822435
452,1011.31,55.4467,13,3,0.360352,0,0.00815528
453,1008.92,51.809,13,3,0.339844,0,0.00836681
454,1008.92,54.6888,13,3,0.352539,0,0.00825805
455,1008.92,53.4257,13,3,0.348633,0,0.00831975
456,1011.31,52.3463,13,3,0.333008,0,0.00806563
457,435.151,48.5381,13,2,0.323242,0,0.00814671
458,1009.59,54.3733,13,3,0.348633,0,0.00816133
459,1009.59,49.8955,13,3,0.323242,0,0.00814504
460,1011.31,53.0379,13,3,0.339844,0,0.00826231
461,1845.26,54.4129,13,4,0.330078,0,0.00824875
462,1010.21,50.5614,13,3,0.333984,0,0.00818717
463,1008.92,49.737,13,3,0.310547,0,0.00820352
464,1011.31,48.8362,13,3,0.319336,0,0.00811138
465,1008.92,52.8224,13,3,0.341797,0,0.00816493
466,1008.92,50.6546,13,3,0.329102,0,0.00813918
467,1008.92,54.8699,13,3,0.326172,0,0.00819356
468,1008.21,50.9457,13,3,0.330078,0,0.00823646
469,1011.78,54.4211,13,3,0.355469,0,0.00828352
470,1008.92,54.8128,13,3,0.354492,0,0.00817459
471,1011.31,46.674,13,3,0.31543,0,0.00821156
472,1843.9,53.0725,13,4,0.334961,0,0.00819667
473,1011.31,53.1042,13,3,0.361328,0,0.00815194
474,1010.21,53.2827,13,3,0.356445,0,0.00820799
475,1008.92,50.4303,13,3,0.330078,0,0.00823691
476,1011.78,55.4243,13,3,0.364258,0,0.0081988
477,1008.92,54.0646,13,3,0.347656,0,0.00816369
478,1011.31,53.2715,13,3,0.34668,0,0.00819911
479,1011.31,51.0614,13,3,0.329102,0,0.00816788
480,1010.79,54.5763,13,3,0.363281,0,0.00833772
481,435.151,56.3227,13,2,0.373047,0,0.00825096
482,1009.59,52.7088,13,3,0.352539,0,0.00827525
483,1011.31,51.5504,13,3,0.336914,0,0.00828374
484,1011.31,50.9856,13,3,0.331055,0,0.0082168
485,1008.92,51.2221,13,3,0.332031,0,0.00819816
486,1010.79,54.0381,13,3,0.345703,0,0.00828141
487,1011.31,52.5789,13,3,0.341797,0,0.00812461
488,1009.59,52.3874,13,3,0.34375,0,0.00820892
489,1010.21,53.6903,13,3,0.336914,0,0.00827252
490,1008.92,53.1526,13,3,0.336914,0,0.00826095
491,1011.31,51.4173,13,3,0.323242,0,0.00828387
492,1843.9,50.9025,13,4,0.325195,0,0.00825634
493,1011.31,43.1627,13,3,0.276367,0,0.00829084
494,1008.92,57.4195,13,3,0.354492,0,0.00826984
495,1008.92,51.1421,13,3,0.333984,0,0.00830892
496,1011.31,53.4258,13,3,0.333984,0,0.0082483
497,1843.9,51.9944,13,4,0.334961,0,0.00825804
498,1010.21,55.7868,13,3,0.355469,0,0.00830355
499,435.151,57.919,13,2,0.375977,0,0.00837855
500,1834.62,50.0898,13,4,0.314453,0,0.00828421
501,1008.92,53.9092,13,3,0.358398,0,0.00836934
502,1011.78,52.5315,13,3,0.351562,0,0.00839932
503,1011.31,56.9882,13,3,0.357422,0,0.00840545
504,1008.21,52.5144,13,3,0.360352,0,0.00835036
505,1011.31,55.7892,13,3,0.345703,0,0.00828441
506,1008.92,54.4427,13,3,0.355469,0,0.00836359
507,1008.92,58.4544,13,3,0.357422,0,0.00831028
508,1010.21,55.346,13,3,0.353516,0,0.00833814
509,1005.85,55.0784,13,3,0.34668,0,0.00853378
510,1007.46,58.582,13,3,0.381836,0,0.00864773
511,1008.92,55.2379,13,3,0.348633,0,0.00863582
512,1010.21,55.0728,13,3,0.362305,0,0.00871488
513,435.151,50.4893,13,2,0.327148,0,0.00853764
514,1008.92,57.8735,13,3,0.363281,0,0.00856075
515,1008.92,59.9784,14,3,0.360352,0,0.00861018
516,1008.92,61.172,15,3,0.402344,0,0.0085723
517,1843.9,59.5132,14,4,0.378906,0,0.00871537
518,1009.59,59.8649,14,3,0.37793,0,0.00872094
519,1011.31,61.9414,15,3,0.379883,0,0.0086932
520,1008.92,55.8784,15,3,0.359375,0,0.00866526
521,1011.31,61.4427,15,3,0.394531,0,0.00875945
522,1843.9,65.0311,15,4,0.40332,0,0.00874253
523,1011.31,54.8612,15,3,0.358398,0,0.00873207
524,435.149,53.2084,15,2,0.350586,0,0.00871787
525,1009.59,61.8932,15,3,0.394531,0,0.00879621
526,1010.79,64.3492,15,3,0.387695,0,0.00880074
527,1010.79,63.3392,15,3,0.399414,0,0.00883347
528,1008.92,64.1183,15,3,0.402344,0,0.00875196
529,1008.92,62.2936,15,3,0.386719,0,0.00872525
530,1009.59,64.4546,15,3,0.396484,0,0.00884629
531,435.151,64.3828,16,2,0.414062,0,0.0089197
532,1010.21,61.1562,15,3,0.392578,0,0.00881999
533,1010.21,62.0819,15,3,0.390625,0,0.00889517
534,1010.21,59.688,15,3,0.385742,0,0.00900456
535,1007.46,63.6145,15,3,0.393555,0,0.00884034
536,1010.21,63.8357,16,3,0.393555,0,0.00908952
537,1841.02,71.7324,17,4,0.436523,0,0.00908145
538,1010.21,62.792,15,3,0.399414,0,0.0090088
539,1011.31,67.588,17,3,0.40332,0,0.00901443
540,1842.49,65.6117,15,4,0.400391,0,0.00899058
541,1007.46,63.5967,16,3,0.396484,0,0.00898458
542,1008.92,67.8126,16,3,0.407227,0,0.00921929
543,1008.92,66.8104,17,3,0.426758,0,0.00922657
544,1011.78,63.8235,17,3,0.391602,0,0.00912765
545,1010.21,62.4746,17,3,0.395508,0,0.00898786
546,1006.68,66.1412,17,3,0.401367,0,0.00916425
547,1008.21,61.0127,17,3,0.392578,0,0.00906855
548,1008.92,63.0299,17,3,0.40625,0,0.00910742
549,1006.68,61.3305,15,3,0.382812,0,0.0090427
550,1005.85,71.2629,17,3,0.435547,0,0.00914995
551,1834.62,67.1453,17,4,0.410156,0,0.00909685
552,1009.59,69.0031,17,3,0.420898,0,0.00914233
553,1011.78,69.7046,17,3,0.432617,0,0.00914585
554,1008.92,65.9361,17,3,0.415039,0,0.00909733
555,1008.21,70.967,17,3,0.44043,0,0.00914746
556,1842.49,70.0816,17,4,0.421875,0,0.00918947
557,1004.1,64.122,17,3,0.415039,0,0.00929868
558,1011.78,66.0052,17,3,0.426758,0,0.00924684
559,1845.26,78.2515,17,4,0.464844,0,0.00903576
560,1010.21,66.104,17,3,0.412109,0,0.00915704
561,1007.46,69.204,17,3,0.428711,0,0.00919489
562,1836.29,70.1239,17,4,0.417969,0,0.00929122
563,1839.49,67.1002,17,4,0.418945,0,0.00923295
564,1815.68,70.8591,17,4,0.424805,0,0.00929171
565,1010.21,73.0458,17,3,0.458984,0,0.00923312
566,1009.59,62.8568,16,3,0.393555,0,0.00916709
567,1007.46,64.9224,17,3,0.40625,0,0.00931302
568,1011.31,68.7605,17,3,0.429688,0,0.00949089
569,1007.46,64.4096,17,3,0.414062,0,0.00930749
570,1011.31,76.0461,17,3,0.462891,0,0.00923982
571,1008.92,69.0206,17,3,0.419922,0,0.00934023
572,1837.92,73.1194,17,4,0.423828,0,0.00928622
573,1010.79,73.7201,17,3,0.444336,0,0.00937063
574,1809.31,72.906,17,4,0.432617,0,0.00937844
575,1009.59,66.4554,17,3,0.427734,0,0.00935958
576,1008.92,64.734,17,3,0.396484,0,0.00940715
577,1008.92,67.4006,17,3,0.424805,0,0.00942105
578,1843.9,70.3228,17,4,0.454102,0,0.00927909
579,1009.59,72.5799,17,3,0.454102,0,0.00932997
580,1007.46,69.4041,17,3,0.435547,0,0.00957567
581,1002.23,70.9147,17,3,0.449219,0,0.0094789
582,1009.59,73.1523,17,3,0.443359,0,0.00964585
583,1008.21,66.12,17,3,0.421875,0,0.00939778
584,1007.46,68.7225,17,3,0.412109,0,0.00933499
585,1008.21,73.2186,17,3,0.458984,0,0.00951984
586,1827.51,66.4607,17,4,0.412109,0,0.00947232
587,1005.85,73.9564,17,3,0.458008,0,0.00962157
588,1831.15,75.5823,17,4,0.466797,0,0.00944949
589,1842.49,73.0733,17,4,0.442383,0,0.00956612
590,1839.49,74.7238,17,4,0.450195,0,0.00948646
591,1827.51,72.4928,17,4,0.447266,0,0.00936384
592,1837.92,77.5672,17,4,0.473633,0,0.00946878
593,1008.92,70.0827,17,3,0.424805,0,0.00938437
594,1008.92,76.9076,18,3,0.46875,0,0.00957644
595,1843.9,71.6923,17,4,0.439453,0,0.00962771
596,435.151,61.5788,17,2,0.393555,0,0.00974728
597,1008.92,63.9948,17,3,0.40332,0,0.00983607
598,1010.21,72.8207,17,3,0.427734,0,0.00979941
599,1007.46,76.3392,20,3,0.474609,0,0.00986555
600,1008.21,71.5044,18,3,0.432617,0,0.00972936
601,1010.79,67.1443,18,3,0.414062,0,0.00998277
602,1011.78,69.2913,18,3,0.415039,0,0.0102637
603,1008.92,83.1621,19,3,0.470703,0,0.00990559
604,1010.79,71.4523,17,3,0.413086,0,0.0101626
605,1841.02,80.0728,21,4,0.467773,0,0.0101994
606,1831.15,80.2903,19,4,0.461914,0,0.0101994
607,1008.92,77.701,19,3,0.454102,0,0.010442
608,2937.8,84.7122,22,5,0.473633,0,0.0108499
609,1831.15,75.1218,21,4,0.436523,0,0.0108646
610,1003.18,73.8968,21,3,0.43457,0,0.0109677
611,1007.46,66.9056,22,3,0.381836,0,0.0117453
612,1841.02,83.2742,25,4,0.441406,0,0.0123342
613,1800.39,82.2802,31,4,0.455078,0,0.0129037
614,1004.1,86.8596,35,3,0.458984,0,0.0137054
615,1755.09,88.3878,35,4,0.448242,0,0.0142318
616,997.036,83.9409,40,3,0.44043,0,0.0144498
617,1005.85,91.4466,45,3,0.443359,0,0.0153634
618,1831.15,93.953,56,4,0.448242,0,0.015517
619,995.918,91.3444,71,3,0.454102,0,0.0162618
620,1008.21,95.919,101,3,0.467773,0,0.0169907
621,1781.23,94.2919,101,4,0.446289,0,0.0165794
622,1783.71,92.9246,101,4,0.430664,0,0.0177079
623,1832.91,93.0806,101,4,0.407227,0,0.0176234
624,1003.18,92.9707,101,3,0.431641,0,0.0182725
625,1006.68,95.0671,101,3,0.415039,0,0.0183316
626,1823.71,100.586,101,4,0.428711,0,0.0190844
627,1011.78,106.507,101,3,0.474609,0,0.0186043
628,4074.61,99.7284,101,6,0.419922,0,0.0189734
629,1545.87,102.419,101,4,0.439453,0,0.0191111
630,1631.55,113.127,101,4,0.501953,0,0.0197861
631,1837.92,104.447,101,4,0.446289,0,0.0197813
632,1004.1,102.067,101,3,0.436523,0,0.0197376
633,1827.51,105.819,101,4,0.425781,0,0.0207685
634,1004.99,104.353,101,3,0.442383,0,0.0208662
635,2915.92,110.141,101,5,0.43457,0,0.0210367
636,1809.31,110.067,101,4,0.444336,0,0.0213205
637,1765.81,111.18,101,4,0.450195,0,0.021322
638,1008.92,107.052,101,3,0.449219,0,0.0207546
639,2863.89,113.067,101,5,0.457031,0,0.0210829
640,1829.35,114.21,101,4,0.466797,0,0.0210613
641,1011.31,114.643,101,3,0.460938,0,0.0218296
642,1843.9,120.076,101,4,0.493164,0,0.021226
643,1815.68,121.893,101,4,0.513672,0,0.0212211
644,1002.23,119.421,101,3,0.509766,0,0.0210932
645,1763.17,110.8,101,4,0.481445,0,0.0208267
646,1837.92,122.376,101,4,0.491211,0,0.0219753
647,1821.75,122.464,101,4,0.500977,0,0.0222775
648,1811.47,131.99,101,4,0.542969,0,0.0219991
649,1827.51,126.076,101,4,0.543945,0,0.0204783
650,1752.35,121.076,101,4,0.520508,0,0.022033
651,1815.68,117.608,101,4,0.505859,0,0.0213971
652,998.128,122.3,101,3,0.55957,0,0.0210632
653,1795.76,133.208,101,4,0.570312,0,0.0215578
654,1834.62,145.358,101,4,0.62207,0,0.0211678
655,1831.15,135.086,101,4,0.589844,0,0.0214001
656,1813.59,129.251,101,4,0.575195,0,0.0213046
657,1783.71,133.621,101,4,0.572266,0,0.0204791
658,4239.12,138.674,101,6,0.617188,0,0.0202084
659,1804.91,141.301,101,4,0.617188,0,0.0212228
660,4166.27,156.879,101,6,0.665039,0,0.0204923
661,1760.49,146.259,101,4,0.643555,0,0.0208557
662,1765.81,135.937,101,4,0.599609,0,0.0207873
663,1776.18,151.483,101,4,0.671875,0,0.0212684
664,4176.45,160.749,101,6,0.68457,0,0.020694
665,2770.61,152.054,101,5,0.665039,0,0.0212652
666,1804.91,154.089,101,4,0.674805,0,0.0207172
667,2727.49,146.163,101,5,0.65918,0,0.0213384
668,1831.15,154.145,105.663,4,0.708984,1,0.0205947
669,4091.41,165.933,101,6,0.702148,0,0.0196953
670,2845.8,159.934,108.709,5,0.723633,1,0.0218555
671,1819.76,167.903,109.275,4,0.756836,1,0.0202316
672,1829.35,146.777,101,4,0.672852,0,0.0207981
673,1825.63,156.771,105,4,0.708008,1,0.0204944
674,4140.23,163.03,105.663,6,0.713867,1,0.020557
675,1811.47,172.75,108.709,4,0.761719,1,0.0206689
676,1793.4,167.346,108.13,4,0.738281,1,0.0209173
677,1809.31,170.994,110.371,4,0.775391,1,0.0209825
678,1841.02,169.53,107.538,4,0.741211,1,0.0210259
679,2803.43,187.553,111.937,5,0.822266,1,0.021198
680,2877.78,179.673,110.903,5,0.786133,1,0.0205906
681,1827.51,175.139,112.934,4,0.798828,1,0.0208802
682,1795.76,166.859,109.829,4,0.753906,1,0.021797
683,4016.86,179.838,109.275,6,0.78125,1,0.0213018
684,2897.56,193.043,111.937,5,0.823242,1,0.0213955
685,4140.23,198.376,113.897,6,0.880859,1,0.0210362
686,2877.78,202.328,112.44,5,0.87793,1,0.0211585
687,3887.57,187.437,111.425,6,0.806641,1,0.0214169
688,2891.12,206.351,114.828,5,0.904297,1,0.0214875
689,1836.29,192.607,113.419,4,0.869141,1,0.0209775
690,2860.33,218.625,113.419,5,0.90332,1,0.0218762
691,4140.23,207.273,113.419,6,0.885742,1,0.021005
692,2819.22,220.331,116.603,5,0.960938,1,0.0208648
693,2718.6,203.359,114.366,5,0.888672,1,0.0211978
694,2867.41,227.231,117.45,5,0.973633,1,0.0215703
695,2918.83,254.992,118.273,5,1.04102,1,0.0219343
696,7671.02,244.193,116.17,8,0.984375,1,0.0211577
697,4107.95,251.472,117.45,6,1.02344,1,0.0210787
698,7876.67,238.282,117.45,8,0.996094,1,0.0205436
699,7083.83,240.688,116.17,8,0.983398,1,0.0211228
700,4243.67,227.057,115.729,6,0.941406,1,0.0218248
701,5332.51,261.784,117.865,7,1.03906,1,0.0211682
702,4181.49,258.379,115.282,6,1.0127,1,0.021209
703,4134.93,266.075,116.603,6,1.03027,1,0.0219514
704,4074.61,254.231,117.45,6,1.04297,1,0.0211984
705,5810.94,293.463,117.865,7,1.0957,1,0.0205943
706,5737.72,261.173,117.03,7,1.03613,1,0.0209029
707,4270.03,267.214,119.462,6,1.06836,1,0.0218762
708,2877.78,259.76,119.462,5,1.06641,1,0.0221171
709,5771.56,280.622,120.227,7,1.08594,1,0.0222992
710,8970.24,292.628,121.693,9,1.14746,1,0.0220384
711,7372.91,277.969,118.273,8,1.11035,1,0.0214008
712,5823.76,296.132,120.601,7,1.125,1,0.0224414
713,2884.52,306.536,121.334,5,1.19727,1,0.0216247
714,5723.94,293.428,122.047,7,1.14453,1,0.0220515
715,4074.61,282.36,118.273,6,1.09961,1,0.0214357
716,4248.17,272.154,119.462,6,1.09082,1,0.0220523
717,5931.34,331.905,123.415,7,1.20801,1,0.0219411
718,9839.49,313.43,120.227,9,1.1416,1,0.0229693
719,4166.27,317.028,122.741,6,1.20703,1,0.0226345
720,7801.14,330.814,119.462,8,1.18262,1,0.0222381
721,5616.45,344.119,122.741,7,1.23633,1,0.0226722
722,9236.12,351.242,125.332,9,1.28125,1,0.0221583
723,7785.47,337.246,125.024,8,1.2666,1,0.0222298
724,7610.9,360.9,122.396,8,1.27148,1,0.0222362
725,9548.43,373.566,125.332,9,1.29688,1,0.0229229
726,9617.6,389.633,125.938,9,1.33203,1,0.0229157
727,9466.31,405.577,127.38,9,1.36914,1,0.0233826
728,16098,408.708,125.332,11,1.33398,1,0.023175
729,7315,360.151,129.741,8,1.31055,1,0.0231113
730,5688.91,422.672,129.242,7,1.41406,1,0.0231955
731,9839.49,424.427,130.465,9,1.37305,1,0.0233776
732,12265.9,436.753,136.902,10,1.44727,1,0.0222874
733,6315.86,429.485,136.902,8,1.40918,1,0.0232375
734,8350.66,445.234,137.3,9,1.45801,1,0.023644
735,7584.59,448.811,124.711,8,1.39941,1,0.0227507
736,9085.59,470.073,137.17,9,1.46973,1,0.0232658
737,5764.86,440.752,127.099,7,1.42383,1,0.0226606
738,7687.85,442.38,136.624,8,1.43848,1,0.0226574
739,9478.13,444.711,136.902,9,1.44141,1,0.0228324
740,7584.59,444.948,133.268,8,1.45703,1,0.0222181
741,5494.43,432.157,136.902,8,1.46484,1,0.0221973
742,7521.98,454.954,137.675,8,1.50879,1,0.0229942
743,7155.67,448.163,136.624,8,1.48438,1,0.0230091
744,7135.27,461.78,137.17,8,1.49414,1,0.0225373
745,7619.6,482.28,137.3,8,1.52051,1,0.0230883
746,9430.66,475.577,137.796,9,1.52734,1,0.0223958
747,7671.02,497.235,137.427,8,1.54199,1,0.0235642
748,15169.8,503.579,138.573,11,1.57617,1,0.0228434
749,5861.24,489.233,137.553,7,1.56445,1,0.0230287
750,7285.66,454.439,136.624,8,1.4502,1,0.0233161
751,9774.39,482.29,137.17,9,1.49707,1,0.0239175
752,15853.9,554.334,138.363,11,1.62305,1,0.0240018
753,12609.4,503.017,136.902,10,1.49414,1,0.0243273
754,11708.8,534.309,137.427,10,1.57617,1,0.0235586
755,9161.33,499.986,138.143,9,1.5498,1,0.0239332
756,7785.47,570.531,139.937,8,1.68359,1,0.0246199
757,9394.74,621.803,138.967,9,1.72461,1,0.0242573
758,9839.49,555.091,138.143,9,1.61816,1,0.0241792
759,12710,624.394,138.573,10,1.69141,1,0.0248434
760,7892.94,616.902,137.796,9,1.70117,1,0.0253632
761,15977.2,610.495,139.059,11,1.69238,1,0.024551
762,12771.5,665.96,138.675,10,1.73828,1,0.0253023
763,16540.3,631.116,138.469,11,1.71191,1,0.0249725
764,13856,700.364,344.87,11,1.8252,2,0.0258695
765,20089.9,725.076,277.971,12,1.85547,2,0.0257546
766,10286.2,618.1,138.872,10,1.75,1,0.0248819
767,53266.5,791.166,138.573,15,1.83496,1,0.0255632
768,12710,657.474,138.469,10,1.74512,1,0.0254274
769,13931.6,685.751,140.131,11,1.79395,1,0.0249218
770,12306.8,686.749,140.606,10,1.80469,1,0.025942
771,15254.3,699.741,201.914,11,1.84668,2,0.0264863
772,16098,764.345,361.507,11,1.90039,2,0.0268468
773,24386.2,771.794,349.415,13,1.9082,2,0.0266253
774,35457.4,862.797,374.985,14,1.98535,2,0.0263402
775,14503.8,844.243,407.827,11,2.03223,2,0.025921
776,26212.1,953.391,408.585,13,2.0918,2,0.0266349
777,27109.8,904.224,400.671,13,2.04883,2,0.0263056
778,58192.8,981.102,398.158,15,2.05859,2,0.0265654
779,13607.7,974.714,416.405,11,2.15723,2,0.0278907
780,19045.7,1025.53,418.362,12,2.17969,2,0.0275779
781,19350,928.421,406.288,12,2.09766,2,0.0278941
782,37951.7,1062.94,415.057,14,2.21387,2,0.0280352
783,93424,1144.64,414.37,16,2.22168,2,0.0273681
784,22960.3,1059.55,422.61,13,2.28418,2,0.0305187
785,53361.4,1197.08,417.066,15,2.29785,2,0.029156
786,56804.4,1243.04,420.846,15,2.34863,2,0.0289425
787,32914.4,1308.07,415.057,14,2.39941,2,0.0307892
788,38432.8,1292.63,427.354,14,2.4834,2,0.0285026
789,161045,1444.26,417.066,17,2.4248,2,0.0293109
790,25355.8,1240.3,423.179,13,2.42578,2,0.029162
791,37127.1,1480.12,425.352,14,2.57227,2,0.0307483
792,94755.1,1299.02,423.179,16,2.39648,2,0.0295986
793,36426.1,1382.11,423.179,14,2.50586,2,0.0305902
794,54846.1,1537.59,426.375,15,2.59277,2,0.02937
795,38121.8,1400.24,427.827,14,2.57129,2,0.0302701
796,25638,1433.14,423.179,13,2.53418,2,0.0302005
797,55886.7,1343.32,424.286,15,2.52148,2,0.0301627
798,55117.2,1680.14,425.352,15,2.70801,2,0.0310491
799,38073.4,1374.84,422.61,14,2.47168,2,0.0295916
800,293833,1973.99,428.288,18,2.78223,2,0.0308585
801,38361.6,1738.17,429.6,14,2.84277,2,0.0317892
802,57713.8,1718.1,426.87,15,2.74414,2,0.031026
803,38194.1,1855.57,429.6,14,2.83301,2,0.0311027
804,57497,1915,429.175,15,2.87207,2,0.0316602
805,92462.6,2076.23,430.013,16,2.93945,2,0.0318186
806,58140.2,1935.66,431.878,15,2.94141,2,0.0336517
807,92807.7,2167.63,430.413,16,3.0625,2,0.0326499
808,57821.4,2308.91,434.294,15,3.21094,2,0.0335371
809,162552,2379.89,433.637,17,3.16016,2,0.0337722
810,296766,2614.79,431.878,18,3.22168,2,0.0354879
811,163181,2748.77,434.294,17,3.41602,2,0.0347151
812,163699,2689.7,433.637,17,3.32227,2,0.0351847
813,56888.7,2781.98,792.453,15,3.5791,3,0.0377191
814,91953.3,2935.81,696.088,16,3.44434,3,0.0361887
815,161978,3139.38,435.076,17,3.55176,2,0.0359197
816,93484.8,2910.41,435.127,16,3.48828,2,0.0352571
817,155238,3278.45,848.109,17,3.68066,4,0.0359256
818,92272.6,3121.76,892.687,16,3.71191,3,0.0373173
819,94783.7,3215.09,780.02,16,3.66406,3,0.0380742
820,162619,3497.64,914.806,17,3.84668,3,0.0396756
821,562504,3996.02,933.708,19,3.88281,3,0.0399588
822,58961.8,3502.02,937.341,15,4.00879,3,0.041248
823,163344,3963.39,959.636,17,4.09473,3,0.0406687
824,165599,3977.51,953.029,17,4.04492,3,0.0425056
825,94524.4,3896.3,973.593,16,4.11914,3,0.0425124
826,162452,3921.72,900.883,17,4.01562,3,0.0407397
827,565637,5189.34,959.636,19,4.27344,3,0.0419806
828,90443.2,4097.56,1163.92,16,4.4082,4,0.0413389
829,563908,5070.91,970.606,19,4.21191,3,0.0407621
830,91727.9,4370.28,998.128,16,4.42676,3,0.043069
831,90376,4056.02,979.358,16,4.24707,3,0.0414006
832,96392.5,4425.17,991.21,16,4.38379,3,0.0426854
833,163570,4913.62,1281.02,17,4.54688,4,0.0440257
834,94143.9,4313.57,982.131,16,4.33496,3,0.0424399
835,94143.9,4566.4,1412.72,16,4.50391,4,0.043193
836,299952,4886.66,1586.07,18,4.57617,4,0.0453156
837,562667,5026.74,1392.11,19,4.54492,4,0.045009
838,295670,5843.85,1638.33,18,4.79297,4,0.0467793
839,165715,5242.41,1720.96,17,4.94531,4,0.0475302
840,94202.9,5160.57,1607.34,16,4.77344,4,0.0449822
841,160265,4981.66,1681.01,17,4.80957,4,0.0449045
842,94232.3,5524.78,1715,16,5.0166,4,0.047663
843,296504,5796.19,1567.99,18,4.7832,4,0.0458481
844,292335,5576.92,1553.29,18,4.79199,4,0.0451647
845,161807,5866.64,1693.6,17,5.00977,4,0.0466251
846,161739,5495.35,1661.63,17,4.92285,4,0.0470424
847,162752,5372.73,1469.09,17,4.83887,4,0.0463493
848,160657,5732.57,1693.6,17,5.01367,4,0.0468428
849,561054,6584.29,1746.82,19,5.09766,4,0.0458253
850,95430.5,5783,1771.04,16,5.14062,4,0.048102
851,162951,7244.78,1795.76,17,5.39746,4,0.0499232
852,94466.3,6085.31,1726.84,16,5.11621,4,0.048842
853,295517,6368.12,1738.37,18,5.15527,4,0.0487502
854,299377,7897.84,2482.81,18,5.54297,5,0.0481358
855,162216,6908.39,1760.49,17,5.28223,4,0.0487771
856,299067,6883.17,1793.4,18,5.23145,4,0.0483128
857,1.0885e+06,8313.6,2187.96,20,5.5,5,0.049968
858,561473,7635.27,2339.85,19,5.41699,5,0.0501489
859,295785,8682.75,2270.79,18,5.6084,5,0.0521005
860,298009,8359.72,2339.85,18,5.64746,5,0.0538683
861,299445,7410.44,2241.48,18,5.50098,5,0.0505506
862,1.09022e+06,8540.69,2401.49,20,5.54395,5,0.0503906
863,296354,8654.88,2663.54,18,5.79785,5,0.0522864
864,4.24334e+06,14907.2,2723.05,22,5.96387,5,0.0531825
865,296127,8606.3,2815.31,18,6.03418,5,0.0564105
866,296616,9773.99,3355.41,18,6.18555,6,0.0559356
867,1.09453e+06,9903.76,2514.4,20,5.80469,5,0.0539661
868,2.14856e+06,14489.2,2803.43,21,6.10938,5,0.054135
869,8.44582e+06,19129.9,2783.1,23,6.04395,5,0.0546368
870,1.34299e+08,294584,3991.47,27,6.77637,7,0.0591611
871,2.68518e+08,992161,6560.21,28,8.45996,8,0.072073
872,1.07384e+09,2.82326e+06,8280.5,30,9.48926,9,0.0769415
873,2.68521e+08,1.87278e+06,9774.39,28,9.76172,9,0.0774926
874,2.14758e+09,3.81807e+06,9136.19,31,9.83789,9,0.0768827
875,1.07384e+09,3.34657e+06,8336.67,30,9.78613,9,0.0771366
876,2.14759e+09,8.46281e+06,9260.83,31,9.86523,9,0.0806772
877,1.07385e+09,4.75646e+06,11077.1,30,10.4316,10,0.0786442
878,8.59005e+09,1.04371e+07,8489.39,33,9.72656,9,0.0766135
879,1.718e+10,2.37088e+07,9008.92,34,9.72363,9,0.0780765
880,4.29508e+09,1.41152e+07,7628.26,32,9.7793,8,0.0808476
881,1.07384e+09,6.99795e+06,7540.04,30,9.5957,8,0.0804293
882,2.1476e+09,1.09464e+07,9594.67,31,10.124,9,0.083362
883,1.07384e+09,6.5536e+06,10320.2,30,10.168,10,0.0815645
884,8.59005e+09,1.46966e+07,9198.85,33,10.2783,9,0.0838172
885,6.87196e+10,7.13588e+07,8336.67,36,9.94922,9,0.0820653
886,2.14759e+09,7.57651e+06,8195.64,31,9.97852,9,0.078723
887,1.07384e+09,4.3667e+06,7980.3,30,9.95117,9,0.0807605
888,5.36956e+08,2.82727e+06,7641.71,29,9.57031,9,0.0775384
889,1.07384e+09,4.62898e+06,8557.94,30,9.87012,9,0.079978
890,4.29509e+09,9.62757e+06,9186.37,32,9.94434,9,0.0816666
891,8.59004e+09,1.41935e+07,7551.78,33,9.79492,9,0.0815905
892,8.59004e+09,1.743e+07,8110.04,33,9.75879,9,0.0812203
893,2.14759e+09,5.3771e+06,8252.3,31,9.65527,9,0.0802102
894,2.14758e+09,7.95781e+06,8720.2,31,9.96777,9,0.0828669
895,2.14759e+09,8.5486e+06,7092.64,31,9.3125,9,0.0787724
896,1.07384e+09,6.03126e+06,6968.48,30,9.52441,8,0.0786807
897,4.29508e+09,1.14885e+07,7439.11,32,9.61621,8,0.0803782
898,1.07384e+09,7.07882e+06,6871.97,30,9.36328,8,0.0796199
899,1.07384e+09,3.41409e+06,7073.47,30,9.36816,8,0.0795058
900,1.07384e+09,7.43035e+06,8406.41,30,9.79395,9,0.0813238
901,4.29507e+09,1.41687e+07,6208.56,32,9.26855,8,0.0808984
902,3.43599e+10,4.96775e+07,8696.54,35,10.043,10,0.0841916
903,1.07383e+09,4.7588e+06,5496.34,30,8.99707,8,0.0787184
904,1.718e+10,2.42731e+07,7295.47,34,9.19531,8,0.0802649
905,1.07384e+09,6.24843e+06,5594.12,30,9.00781,7,0.0790507
906,1.07384e+09,7.16773e+06,6099.79,30,9.17383,8,0.0820921
907,5.36961e+08,2.04002e+06,5332.51,29,8.49316,7,0.0764841
908,4.29508e+09,1.06177e+07,5586.62,32,9.24707,7,0.0809064
909,2.14757e+09,7.83449e+06,7611.81,31,9.74414,9,0.0827585
910,4.29508e+09,1.09708e+07,8957.3,32,10.1709,9,0.0883447
911,1.07384e+09,7.85587e+06,8447.99,30,10.3564,9,0.0883647
912,1.37439e+11,1.43133e+08,10337.1,37,10.6465,10,0.0881955
913,2.1476e+09,1.80613e+07,16888.1,31,12.2715,12,0.101997
914,1.718e+10,2.97376e+07,18117.1,34,12.541,12,0.100887
915,4.29507e+09,1.6103e+07,19667.2,32,12.8877,12,0.0990675
916,6.87196e+10,9.17546e+07,23708.2,36,12.7998,13,0.100679
917,2.14758e+09,1.4882e+07,24852.2,31,13.0752,13,0.0964285
918,1.718e+10,5.43725e+07,21002.8,34,12.8682,12,0.096296
919,4.29508e+09,1.39229e+07,27728.2,32,13.168,13,0.0978594
920,1.37439e+11,1.44257e+08,25707.9,37,12.9854,13,0.0960799
921,2.14759e+09,1.3246e+07,22592.3,31,13.1201,13,0.100984
922,4.29506e+09,1.2801e+07,22618.7,32,12.9258,13,0.0993166
923,8.59004e+09,2.78661e+07,18609,33,12.877,12,0.0986408
924,2.1476e+09,1.45181e+07,19899.7,31,12.709,12,0.0977074
925,4.29509e+09,1.58469e+07,20183.7,32,12.9209,12,0.0978129
926,4.29508e+09,2.05589e+07,14876.9,32,11.9463,11,0.091372
927,8.59005e+09,2.61044e+07,19025.2,33,12.7373,12,0.0979914
928,4.29508e+09,2.31344e+07,17789,32,12.6016,12,0.0994356
929,3.43599e+10,4.67245e+07,18354.1,35,12.5117,12,0.096595
930,1.37439e+11,1.76361e+08,18160.4,37,12.5508,12,0.0975823
931,1.718e+10,3.73431e+07,17522.7,34,12.7373,12,0.102759
932,4.29508e+09,2.28405e+07,14700.8,32,12.2393,11,0.0986469
933,8.59005e+09,3.53534e+07,15227.8,33,12.4072,12,0.0986945
934,4.29508e+09,2.02074e+07,14700.8,32,12.2676,11,0.0999277
935,1.718e+10,3.21243e+07,14303.5,34,12.2139,11,0.0979832
936,6.87196e+10,1.12098e+08,18651.1,36,12.582,12,0.0983983
937,8.59006e+09,5.00484e+07,15951.7,33,12.7275,12,0.102144
938,2.14759e+09,1.44445e+07,13684.5,31,12.0752,11,0.0968508
939,6.87196e+10,9.38302e+07,18942.9,36,13.0576,12,0.102271
940,4.29508e+09,2.13206e+07,12169.4,32,11.6689,10,0.0922883
941,1.07384e+09,1.33038e+07,13722.8,30,11.9092,11,0.0965709
942,2.14759e+09,1.54426e+07,14358.5,31,11.7881,11,0.0948982
943,2.14759e+09,1.77118e+07,15592,31,12.4062,12,0.0972114
944,8.59005e+09,3.1726e+07,16842.1,33,12.4619,12,0.0984016
945,1.718e+10,4.16692e+07,14575.8,34,11.9453,11,0.0938076
946,4.29507e+09,2.64814e+07,14629.5,32,12.0596,11,0.0953417
947,2.14758e+09,1.53499e+07,14100.2,31,11.832,11,0.0930632
948,1.718e+10,4.47234e+07,16749.8,34,12.1689,12,0.0956122
949,1.718e+10,5.54729e+07,17433.1,34,12.541,12,0.0965104
950,8.59005e+09,2.52796e+07,15404.3,33,12.3955,11,0.0975051
951,8.59006e+09,3.45941e+07,14193,33,12.0664,11,0.0952494
952,4.29508e+09,2.95689e+07,16796,32,12.4932,12,0.097498
953,1.718e+10,3.60028e+07,14876.9,34,12.2979,11,0.0966923
954,1.718e+10,6.08934e+07,15084.5,34,12.583,11,0.0983224
955,1.37439e+11,3.73671e+08,20797.2,37,13.0254,12,0.102462
956,1.718e+10,4.84548e+07,18503.2,34,12.4795,12,0.0978813
957,3.43599e+10,7.72096e+07,15118.7,35,12.2334,11,0.0965254
958,8.59006e+09,4.64251e+07,14025.5,33,12.123,11,0.0963322
959,6.87196e+10,1.1297e+08,15015.8,36,12.4551,11,0.0986913
960,6.87196e+10,1.84573e+08,16023.1,36,12.3848,12,0.102171
961,6.87196e+10,1.2123e+08,14894.4,36,12.2158,11,0.0981274
962,1.37439e+11,2.03472e+08,13780,37,11.9062,11,0.0993653
963,1.37439e+11,1.62607e+08,9483.07,37,11.0059,10,0.0936629
964,8.59005e+09,5.70269e+07,14485.7,33,12.2891,11,0.0978486
965,8.59004e+09,3.62126e+07,15118.7,33,12.126,11,0.0961477
966,6.87196e+10,1.59594e+08,18396.8,36,12.5986,12,0.100194
967,1.718e+10,6.41294e+07,11634.1,34,11.5654,10,0.0957192
968,3.43599e+10,7.72687e+07,12185.8,35,11.6992,11,0.0982457
969,1.718e+10,6.43158e+07,10770.2,34,11.1523,10,0.0916663
970,3.43599e+10,9.13649e+07,13198.4,35,11.6357,11,0.0982501
971,1.718e+10,6.5125e+07,13799,34,12.124,11,0.100093
972,1.718e+10,8.3438e+07,14521.8,34,12.3877,11,0.0985844
973,8.59005e+09,4.40779e+07,15349.7,33,12.3164,12,0.0980723
974,8.59005e+09,6.49898e+07,13218.1,33,12.0049,11,0.100712
975,1.718e+10,5.43614e+07,16353.8,34,12.3994,12,0.098359
976,8.59005e+09,5.09169e+07,13607.7,33,12.1113,11,0.097815
977,8.59005e+09,5.8471e+07,12839.9,33,12.1543,11,0.0969897
978,3.43599e+10,7.34205e+07,15304.6,35,12.3926,11,0.101053
979,3.43599e+10,9.22766e+07,10916.6,35,11.4756,10,0.0938223
980,3.43599e+10,1.11402e+08,11344.3,35,11.5977,10,0.0956761
981,2.19902e+12,2.30123e+09,13059.8,41,12.2412,11,0.10178
982,1.37439e+11,1.86773e+08,15648.5,37,12.5479,11,0.103113
983,6.87196e+10,1.88034e+08,7216.59,36,10.624,9,0.101913
984,1.37439e+11,2.77435e+08,9375.31,37,11.5635,10,0.100629
985,1.37439e+11,5.29918e+08,11406.1,37,12.1074,10,0.104205
986,6.87196e+10,3.33421e+08,10505.5,36,12.123,10,0.104068
987,6.87196e+10,1.83698e+08,8095.7,36,11.3164,9,0.0996231
988,1.37439e+11,2.87115e+08,10522.2,37,11.8555,10,0.0998178
989,5.49756e+11,8.1021e+08,9034.58,39,11.4463,9,0.0978109
990,2.74878e+11,6.65796e+08,9942.16,38,11.7334,10,0.101741
991,1.37439e+11,3.89821e+08,9047.37,37,11.5947,9,0.0996343
992,6.87196e+10,1.92244e+08,9447.22,36,11.3057,10,0.0974094
993,7.03687e+13,7.33875e+10,9924.74,46,11.4492,10,0.099255
994,1.718e+10,1.80074e+08,13020,34,12.1953,11,0.104234
995,1.09951e+12,1.24028e+09,11851.2,40,11.791,11,0.101082
996,4.39805e+12,6.82049e+09,14118.8,42,12.1807,11,0.102829
997,6.87196e+10,1.78757e+08,12597.1,36,11.8623,11,0.103499
998,6.87196e+10,2.53585e+08,13722.8,36,12.1885,11,0.101706
999,2.74878e+11,6.80699e+08,10981.1,38,11.5596,10,0.101781
1000,1.37439e+11,3.79341e+08,12185.8,37,12.1943,11,0.104002
1001,5.49756e+11,9.51845e+08,12678.3,39,12.2324,11,0.103642
1002,8.79609e+12,9.16162e+09,12880.1,43,11.7998,11,0.100276
1003,1.37439e+11,3.95774e+08,20071,37,13.2266,12,0.105812
1004,5.49756e+11,7.76039e+08,15975.5,39,12.8096,12,0.103798
1005,2.74878e+11,5.18003e+08,13799,38,12.291,11,0.100976
1006,2.74878e+11,5.692e+08,14929.2,38,12.3701,11,0.099355
1007,1.37439e+11,7.54493e+08,15287.8,37,12.5117,11,0.0996829
1008,1.75922e+13,1.90175e+10,13818,44,12.2549,11,0.0999707
1009,2.74878e+11,6.28891e+08,15033,38,12.7178,11,0.101642
1010,5.49756e+11,1.26769e+09,13703.7,39,12.3096,11,0.0989602
1011,1.37439e+11,4.80877e+08,14736.2,37,12.4043,11,0.0978013
1012,1.09951e+12,1.40831e+09,10786.6,40,11.6406,10,0.0948571
1013,2.19902e+12,2.67194e+09,10721,41,12.0186,10,0.0988421
1014,1.37439e+11,4.96629e+08,10371,37,11.0967,10,0.0923029
1015,2.74878e+11,5.12962e+08,10387.9,38,11.3809,10,0.0922766
1016,1.37439e+11,4.55733e+08,9924.74,37,11.3359,10,0.0940072
1017,1.09951e+12,1.18294e+09,10555.5,40,11.5869,10,0.094225
1018,2.74878e+11,9.1368e+08,11513.2,38,11.8125,10,0.0975168
1019,3.43599e+10,1.7648e+08,12597.1,35,11.7285,11,0.0979654
1020,6.87196e+10,4.18576e+08,10721,36,11.3506,10,0.0957859
1021,1.37439e+11,3.21165e+08,8773.55,37,10.7305,9,0.0903811
1022,5.49756e+11,1.38301e+09,9913.74,39,10.9473,9,0.0918056
1023,6.87196e+10,1.6993e+08,10132.4,36,11.0889,10,0.0911308
1024,2.74878e+11,4.57357e+08,10166.7,38,11.1914,10,0.0936064
1025,1.37439e+11,2.52089e+08,11124.7,37,11.4131,10,0.09818
1026,6.87196e+10,2.26839e+08,11080.7,36,11.3721,11,0.0933387
1027,1.718e+10,1.18942e+08,11634.1,34,11.6436,10,0.0956308
1028,1.718e+10,1.08806e+08,10252.2,34,11.0303,10,0.0935535
1029,3.43599e+10,1.21432e+08,10981.1,35,11.3955,10,0.0915014
1030,2.74878e+11,4.82954e+08,10708.8,38,11.0918,11,0.0905771
1031,1.37439e+11,2.04171e+08,9976.93,37,10.8955,10,0.0915853
1032,5.49756e+11,1.16738e+09,10932.8,39,11.208,10,0.0937644
1033,5.49756e+11,7.21654e+08,10421.6,39,11.0889,10,0.0915093
1034,6.87196e+10,1.08835e+08,9346.44,36,10.2881,9,0.0928621
1035,1.37439e+11,3.35542e+08,7922.13,37,10.1006,9,0.0894296
1036,2.74878e+11,4.98017e+08,8852.88,38,10.4238,9,0.0906459
1037,1.09951e+12,3.21952e+09,10638.5,40,11.0293,10,0.0956617
1038,3.43599e+10,1.94984e+08,10149.6,35,11.0811,10,0.093342
1039,1.37439e+11,4.44591e+08,9643.45,37,10.5107,10,0.0921411
1040,2.74878e+11,8.08818e+08,8392.5,38,10.4277,9,0.0935971
1041,8.79609e+12,9.24954e+09,10354.1,43,11,10,0.0936008
1042,2.74878e+11,9.45038e+08,12060.9,38,11.7119,11,0.0973193
1043,5.49756e+11,8.42189e+08,10538.9,39,11.0869,10,0.0923797
1044,5.49756e+11,1.23357e+09,9161.33,39,10.9258,9,0.0913087
1045,2.74878e+11,9.2034e+08,9357.29,38,10.9434,10,0.0934539
1046,2.74878e+11,5.33396e+08,9230.61,38,10.6543,10,0.0906726
1047,5.49756e+11,1.01843e+09,9466.31,39,10.7061,9,0.0913721
1048,5.49756e+11,1.18154e+09,9643.45,39,10.9893,10,0.0928673
1049,1.37439e+11,5.97108e+08,9590.16,37,10.7412,10,0.0897748
1050,6.87196e+10,4.3977e+08,9230.61,36,10.5527,10,0.0908322
1051,2.74878e+11,8.90603e+08,10488.7,38,10.8975,10,0.0922594
1052,1.37439e+11,4.48707e+08,9429.27,37,10.4541,10,0.0899089
1053,5.49756e+11,1.97076e+09,8879.13,39,10.3604,9,0.0891214
1054,1.75922e+13,1.77239e+10,9375.31,44,11.0283,10,0.0968666
1055,2.74878e+11,6.59879e+08,9518.84,38,10.6055,10,0.0946325
1056,5.49756e+11,1.40265e+09,8138.65,39,10.2744,9,0.0915898
1057,1.75922e+13,2.59875e+10,8209.83,44,9.99707,9,0.089858
1058,5.49756e+11,6.20183e+08,9442.57,39,10.1836,9,0.0896015
1059,1.37439e+11,3.88999e+08,9248.49,37,10.1631,9,0.0907629
1060,5.49756e+11,9.52199e+08,9518.84,39,10.2256,10,0.090919
1061,1.09951e+12,1.33761e+09,7686.44,40,9.53809,9,0.0887556
1062,2.74878e+11,5.82965e+08,8625.94,38,9.89648,9,0.0891889
1063,5.49756e+11,8.05098e+08,8181.42,39,10.0205,9,0.0915898
1064,1.37439e+11,3.17385e+08,9714.23,37,10.5117,10,0.0974076
1065,1.09951e+12,2.26091e+09,9924.74,40,10.8359,10,0.0955265
1066,1.09951e+12,1.9222e+09,10884.2,40,11.0967,10,0.096968
1067,1.09951e+12,1.57274e+09,10981.1,40,10.9561,10,0.0944346
1068,1.37439e+11,2.95274e+08,9661.17,37,10.0889,10,0.0924365
1069,4.39805e+12,4.43059e+09,9572.36,42,10.4414,10,0.0934991
1070,6.87196e+10,2.0418e+08,10286.2,36,10.0215,10,0.0920572
1071,2.74878e+11,3.65985e+08,9346.44,38,9.39941,9,0.0896464
1072,1.09951e+12,1.25166e+09,9483.07,40,9.98535,10,0.0917275
1073,1.37439e+11,4.38778e+08,9121.32,37,9.5293,10,0.0900862
1074,6.87196e+10,2.13652e+08,9625.7,36,10.123,10,0.0931503
1075,2.74878e+11,5.62024e+08,9994.29,38,10.2158,10,0.0938538
1076,3.43599e+10,9.25249e+07,9889.85,35,10.3701,10,0.0969908
1077,1.09951e+12,1.23857e+09,9536.79,40,10.1924,9,0.0920401
1078,2.74878e+11,5.35582e+08,8280.5,38,9.74512,9,0.0891956
1079,1.40737e+14,1.37602e+11,7936.71,47,9.40723,9,0.087862
1080,5.49756e+11,1.17567e+09,8350.66,39,9.46191,9,0.0891782
1081,3.43599e+10,1.01655e+08,8845.33,35,9.41113,10,0.0885923
1082,5.49756e+11,7.75694e+08,8023.72,39,9.49609,9,0.090148
1083,4.39805e+12,5.22837e+09,8557.94,42,9.30762,9,0.0875136
1084,2.74878e+11,6.21294e+08,7293.5,38,8.73633,9,0.0846154
1085,8.79609e+12,9.42849e+09,8963.99,43,9.54492,11,0.0883518
1086,6.87196e+10,1.28504e+08,8612.39,36,9.1582,9,0.0867221
1087,1.37439e+11,4.0893e+08,9121.32,37,9.38867,10,0.089974
1088,1.37439e+11,3.72248e+08,9590.16,37,9.75195,10,0.0896497
1089,6.87196e+10,2.11686e+08,7684.17,36,8.89746,10,0.0851753
1090,6.87196e+10,2.53357e+08,8124.35,36,9.5,9,0.0941768
1091,5.49756e+11,7.02601e+08,7716.16,39,9.12695,9,0.0851862
1092,8.79609e+12,9.51684e+09,7907.55,43,9.2334,9,0.0865214
1093,1.09951e+12,2.23625e+09,7804.88,40,9.5498,9,0.0876037
1094,2.74878e+11,5.3047e+08,8195.64,38,9.6543,9,0.087192
1095,2.19902e+12,3.13986e+09,8565.45,41,9.62402,10,0.0905738
1096,1.09951e+12,2.46896e+09,8715.2,40,9.97168,10,0.0901376
1097,5.49756e+11,9.19007e+08,8280.5,39,9.65527,9,0.0879732
1098,1.75922e+13,1.95164e+10,8746.92,44,10.0186,9,0.0909502
1099,4.39805e+12,5.60025e+09,9590.16,42,10.4932,10,0.096912
1100,5.49756e+11,1.92643e+09,9011.4,39,10.4004,10,0.0979437
1101,4.39805e+12,5.33021e+09,9837.37,42,10.458,10,0.0953916
1102,5.49756e+11,1.68213e+09,9749.51,39,10.5859,10,0.0984795
1103,1.09951e+12,3.68091e+09,10201,40,11.1729,10,0.101789
1104,5.49756e+11,2.27903e+09,9907.31,39,10.8135,10,0.105635
1105,1.40737e+14,1.43704e+11,9285.43,47,10.6445,9,0.0987807
1106,2.74878e+11,8.55845e+08,7549.02,38,9.40527,8,0.0940913
1107,2.19902e+12,4.42551e+09,8752.46,41,10.4629,10,0.0997751
1108,2.74878e+11,9.6338e+08,8931.34,38,10.0986,9,0.0946714
1109,7.03687e+13,6.97275e+10,8983.16,46,10.2607,9,0.0957
1110,2.19902e+12,4.1642e+09,9872.38,41,10.5742,10,0.098361
1111,1.37439e+11,3.43542e+08,8243.72,37,9.98926,10,0.0946104
1112,5.49756e+11,1.91625e+09,8612.39,39,10.1572,9,0.0957076
1113,2.74878e+11,6.52557e+08,7745.81,38,9.83594,9,0.0940716
1114,1.718e+10,1.27595e+08,8565.45,34,10.0371,10,0.0939966
1115,2.74878e+11,7.12204e+08,9157.82,38,10.2158,10,0.0958225
1116,2.74878e+11,7.57001e+08,8693.38,38,9.78613,9,0.0922657
1117,6.87196e+10,3.77975e+08,9942.16,36,10.3955,10,0.0984011
1118,2.74878e+11,6.14588e+08,9572.36,38,10.3672,10,0.0966724
1119,1.09951e+12,1.59418e+09,9466.31,40,10.5049,9,0.0964026
1120,2.74878e+11,8.06976e+08,8023.72,38,9.68945,9,0.0945291
1121,3.51844e+13,4.34191e+10,8395.72,45,9.86621,10,0.0962388
1122,4.39805e+12,9.38009e+09,10638.5,42,10.7402,10,0.102509
1123,2.19902e+12,4.19631e+09,10421.6,41,10.9414,10,0.102785
1124,1.40737e+14,1.39068e+11,10264.9,47,10.9102,11,0.103595
1125,2.19902e+12,3.47746e+09,12371.9,41,11.2832,11,0.105332
1126,8.79609e+12,1.38265e+10,11841.4,43,11.5488,10,0.107095
1127,1.09951e+12,2.97816e+09,12144.3,40,11.5205,11,0.107113
1128,5.49756e+11,2.25077e+09,11872.2,39,11.4414,11,0.104827
1129,1.09951e+12,4.23194e+09,10993.6,40,11.1553,11,0.104783
1130,5.49756e+11,1.31404e+09,11589,39,11.0967,10,0.103622
1131,2.19902e+12,6.17161e+09,8752.46,41,10.5996,10,0.100245
1132,3.51844e+13,3.81147e+10,8715.2,45,10.7861,10,0.100508
1133,4.39805e+12,1.26226e+10,11426.1,42,11.0146,11,0.102105
1134,7.03687e+13,7.18627e+10,10555.5,46,10.8076,10,0.100646
1135,1.75922e+13,2.42262e+10,7503.79,44,10.5586,8,0.100836
1136,1.09951e+12,3.28455e+09,10622,40,11.0303,10,0.105588
1137,2.74878e+11,2.0704e+09,7354.73,38,10.5234,9,0.0983925
1138,1.09951e+12,2.82254e+09,6111.95,40,9.92773,8,0.0951941
1139,2.19902e+12,3.66578e+09,7859.24,41,10.1201,10,0.0973339
1140,4.39805e+12,1.18021e+10,8625.94,42,10.6611,9,0.0968413
1141,1.09951e+12,2.12309e+09,5307.39,40,9.62109,7,0.0898807
1142,2.74878e+11,9.38321e+08,7701.31,38,9.93848,9,0.0938871
1143,2.19902e+12,6.98232e+09,8420.29,41,10.5703,9,0.0983295
1144,1.75922e+13,1.89227e+10,8752.46,44,10.4336,10,0.0954057
1145,1.09951e+12,2.25043e+09,7760.61,40,10.1348,9,0.0937525
1146,2.19902e+12,4.17726e+09,8752.46,41,10.6689,10,0.10097
1147,2.19902e+12,5.04331e+09,9248.76,41,10.6777,10,0.098947
1148,4.39805e+12,6.0894e+09,7671.55,42,10.1699,9,0.0990333
1149,2.19902e+12,3.84764e+09,8733.84,41,10.4609,10,0.098386
1150,5.49756e+11,2.17646e+09,8392.5,39,10.5801,9,0.101363
1151,3.51844e+13,4.72704e+10,10115.2,45,11.5342,10,0.106388
1152,4.39805e+12,8.92398e+09,8395.72,42,10.5908,10,0.101516
1153,1.75922e+13,1.97319e+10,10488.7,44,11.1846,10,0.104137
1154,4.39805e+12,9.54806e+09,7175.96,42,10.3994,8,0.099229
1155,4.39805e+12,7.58224e+09,12081.8,42,11.8135,11,0.106333
1156,1.75922e+13,1.82863e+10,8364.63,44,10.4062,9,0.0985983
1157,8.79609e+12,1.18906e+10,9714.23,43,10.7139,10,0.0994365
1158,4.39805e+12,1.02076e+10,11102.4,42,11.165,11,0.104281
1159,4.39805e+12,5.75419e+09,11708.8,42,11.5273,10,0.106619
1160,2.19902e+12,5.50194e+09,14957.9,41,12.3682,12,0.113166
1161,2.19902e+12,4.97604e+09,14303.5,41,12.2168,11,0.115087
1162,1.09951e+12,4.22735e+09,12920.2,40,11.8545,11,0.110529
1163,2.19902e+12,4.3824e+09,12310,41,11.4482,11,0.108791
1164,2.19902e+12,3.2822e+09,10149.6,41,11.2871,10,0.109879
1165,8.79609e+12,9.63003e+09,9260.83,43,10.8564,9,0.101826
1166,8.79609e+12,1.02745e+10,12495,43,12.0752,11,0.112013
1167,4.39805e+12,1.63775e+10,14118.8,42,12.2852,11,0.111793
1168,1.09951e+12,5.52221e+09,14193,40,12.0371,11,0.108547
1169,8.79609e+12,1.49556e+10,12637.7,43,11.9922,11,0.105504
1170,5.49756e+11,3.50407e+09,11589,39,11.6738,10,0.103837
1171,1.75922e+13,2.86242e+10,11426.1,44,11.5078,11,0.101426
1172,8.79609e+12,2.24536e+10,13626.9,43,12.2734,11,0.108106
1173,4.39805e+12,1.1148e+10,12238.5,42,11.502,10,0.102629
1174,4.39805e+12,1.22977e+10,12880.1,42,11.9492,11,0.102728
1175,3.51844e+13,5.53271e+10,12330.7,45,11.793,11,0.105797
1176,4.39805e+12,5.96558e+09,10572.2,42,11.4521,10,0.102817
1177,1.75922e+13,3.77624e+10,10851.8,44,11.373,10,0.101094
1178,8.79609e+12,1.20328e+10,11558.8,43,11.4404,10,0.104874
1179,8.79609e+12,1.53417e+10,9819.84,43,11.2256,10,0.101778
1180,5.49756e+11,3.56389e+09,8503.14,39,11.0205,9,0.0989557
1181,8.79609e+12,1.11196e+10,7145.48,43,10.3281,8,0.0925899
1182,1.75922e+13,1.86493e+10,9021.76,44,11.0127,9,0.100053
1183,4.39805e+12,1.58912e+10,10354.1,42,10.998,10,0.0969719
1184,8.79609e+12,1.73768e+10,9859.66,43,11.3652,11,0.100318
1185,1.75922e+13,2.50517e+10,9426.28,44,11.1152,11,0.0992713
1186,8.79609e+12,2.76278e+10,6850.26,43,10.4941,8,0.0938425
1187,1.75922e+13,2.29295e+10,8679.94,44,11.3809,9,0.10103
1188,3.51844e+13,4.57107e+10,6915.1,45,10.7168,8,0.0967517
1189,7.03687e+13,1.44216e+11,6682.58,46,10.8721,9,0.0971885
1190,4.39805e+12,2.29907e+10,8066.97,42,11.3184,9,0.0972582
1191,8.79609e+12,1.85855e+10,8152.93,43,10.9863,9,0.0995384
1192,1.75922e+13,3.26458e+10,6639.71,44,10.3799,8,0.0952283
1193,8.79609e+12,1.55087e+10,5927.75,43,10.1143,8,0.0929231
1194,2.81475e+14,2.84994e+11,7506.57,48,10.8271,9,0.0965836
1195,4.39805e+12,1.18296e+10,8350.66,42,11.0645,9,0.100637
1196,3.51844e+13,5.08788e+10,7305.25,45,11.1523,8,0.104107
1197,1.75922e+13,4.86979e+10,8852.88,44,11.7979,9,0.103562
1198,1.75922e+13,5.20855e+10,10522.2,44,11.6074,10,0.105445
1199,2.81475e+14,2.92228e+11,8294.58,48,11.6328,9,0.102571
1200,4.39805e+12,1.60246e+10,12576.7,42,12.1875,11,0.109932
1201,3.51844e+13,6.51664e+10,14521.8,45,12.6611,11,0.110905
1202,8.79609e+12,2.38209e+10,14700.8,43,12.4229,11,0.110926
1203,7.03687e+13,7.57569e+10,9802.29,46,11.123,10,0.102763
1204,4.39805e+12,8.87786e+09,11660.8,42,11.6826,11,0.109275
1205,1.09951e+12,7.82945e+09,12289.4,40,11.5898,11,0.111205
1206,4.39805e+12,2.34144e+10,12085.4,42,11.4072,10,0.10908
1207,8.79609e+12,4.02635e+10,12637.7,43,11.874,11,0.111116
1208,1.75922e+13,3.54102e+10,12102.6,44,11.9453,11,0.109336
1209,1.40737e+14,1.95605e+11,12165.1,47,12.0254,11,0.110086
1210,7.03687e+13,1.08129e+11,11935.3,46,12.2178,11,0.110406
1211,7.03687e+13,1.51621e+11,12071.3,46,12.1504,10,0.110446
1212,1.1259e+15,1.1552e+12,7593.39,50,11.0117,8,0.106057
1213,3.51844e+13,1.05745e+11,12371.9,45,12.5117,11,0.113566
1214,7.03687e+13,1.45496e+11,11809,46,11.8301,11,0.108501
1215,1.1259e+15,1.45422e+12,15784.4,50,12.875,12,0.114926
1216,3.51844e+13,1.65464e+11,12495,45,12.1162,11,0.110462
1217,1.40737e+14,1.97976e+11,14841.9,47,12.4531,11,0.113141
1218,7.03687e+13,1.91946e+11,16540.9,46,13.0361,12,0.11558
1219,1.75922e+13,5.32849e+10,13665.4,44,12.3301,11,0.111326
1220,7.03687e+13,8.23675e+10,14736.2,46,12.2441,11,0.113644
1221,7.03687e+13,2.07721e+11,14661,46,12.7363,12,0.115052
1222,1.75922e+13,9.07179e+10,15404.3,44,13.375,11,0.116802
1223,1.75922e+13,5.60944e+10,13646.2,44,12.9541,11,0.114476
1224,7.03687e+13,1.23935e+11,11313.2,46,11.9561,10,0.108096
1225,3.51844e+13,1.01766e+11,12392.4,45,12.7178,11,0.110873
1226,1.75922e+13,4.02684e+10,11575.7,44,11.9902,11,0.104795
1227,1.75922e+13,6.2094e+10,12351.3,44,12.4697,11,0.111613
1228,2.19902e+12,1.52949e+10,10455.2,41,11.7285,10,0.106502
1229,1.40737e+14,1.90777e+11,11219.4,47,12.0107,10,0.104859
1230,1.40737e+14,2.53067e+11,7494.65,47,11.4395,8,0.109428
1231,3.51844e+13,7.83428e+10,6936.52,45,11.0303,8,0.102902
1232,7.03687e+13,1.14255e+11,6522.01,46,10.8232,9,0.100689
1233,7.03687e+13,1.59027e+11,7907.55,46,11.2734,9,0.1059
1234,2.81475e+14,7.09112e+11,12185.8,48,12.1611,11,0.109047
1235,1.40737e+14,1.70979e+11,7175.96,47,11.1494,8,0.10358
1236,3.51844e+13,8.38742e+10,12227.3,45,12.75,11,0.112358
1237,4.5036e+15,4.48518e+12,13336,52,13.2783,11,0.114414
1238,8.79609e+12,4.93209e+10,3868.3,43,10.5342,6,0.101538
1239,7.03687e+13,1.64542e+11,10688.1,46,12.2549,10,0.108708
1240,1.75922e+13,6.83398e+10,9121.32,44,11.8936,10,0.104983
1241,4.39805e+12,2.09727e+10,8892.22,42,11.6211,9,0.10652
1242,1.75922e+13,6.10802e+10,7965.79,44,11.6201,9,0.105017
1243,4.39805e+12,1.95492e+10,8621.73,42,11.3525,10,0.105926
1244,3.51844e+13,5.88818e+10,7596.83,45,11.4375,9,0.104624
1245,3.51844e+13,6.8126e+10,9149.64,45,11.54,11,0.10439
1246,7.03687e+13,2.36619e+11,10183.9,46,12.3281,10,0.111321
1247,1.40737e+14,1.87243e+11,7155.67,47,10.7061,8,0.101173
1248,2.81475e+14,3.52346e+11,4775.51,48,10.0303,7,0.0976916
1249,1.75922e+13,6.17609e+10,7863.66,44,11.5713,9,0.106469
1250,1.40737e+14,1.61912e+11,6502.82,47,10.5752,8,0.10197
1251,5.6295e+14,6.80776e+11,7206.2,49,10.9111,8,0.100705
1252,3.51844e+13,1.04905e+11,4860.94,45,10.46,7,0.0986922
1253,2.81475e+14,3.101e+11,2918.84,48,9.45215,6,0.0917413
1254,1.75922e+13,5.35051e+10,3893.96,44,9.5957,6,0.0904898
1255,8.79609e+12,3.24829e+10,3363.11,43,9.02637,6,0.0858946
1256,8.79609e+12,6.23934e+10,3721.33,43,9.68359,6,0.0932489
1257,3.51844e+13,1.29183e+11,4161.64,45,9.91406,7,0.0937819
1258,1.40737e+14,1.59988e+11,5638.51,47,10.5469,7,0.0994533
1259,1.75922e+13,2.23987e+10,3261.81,44,8.97461,6,0.0883706
1260,3.51844e+13,9.71649e+10,3269.69,45,9.82129,6,0.0919373
1261,8.79609e+12,1.95436e+10,3324.44,43,9.07422,6,0.0885895
1262,8.79609e+12,4.52715e+10,5365.98,43,10.5693,8,0.09546
1263,1.40737e+14,1.84032e+11,4794.62,47,10.2373,7,0.0980286
1264,1.75922e+13,8.1216e+10,6479.72,44,11.1094,8,0.10357
1265,1.75922e+13,3.93671e+10,7154.75,44,11.1641,9,0.102576
1266,1.75922e+13,6.12071e+10,7863.66,44,11.5938,9,0.107318
1267,7.03687e+13,1.13997e+11,6386.55,46,11.2686,8,0.102278
1268,3.51844e+13,9.61877e+10,10387.9,45,12.2656,10,0.110007
1269,1.40737e+14,2.49706e+11,8109.88,47,11.46,10,0.104655
1270,7.03687e+13,1.48966e+11,9034.58,46,11.666,9,0.108403
1271,5.6295e+14,7.92358e+11,9661.17,49,12.0039,10,0.114459
1272,7.03687e+13,1.51232e+11,8434.15,46,11.8896,9,0.106208
1273,7.03687e+13,1.10606e+11,8395.72,46,11.627,10,0.105314
1274,7.03687e+13,1.14004e+11,7790.14,46,11.5244,9,0.110766
1275,7.03687e+13,1.31326e+11,12371.9,46,12.292,11,0.109673
1276,7.03687e+13,1.27262e+11,6957.85,46,10.9834,8,0.102085
1277,4.5036e+15,4.7407e+12,9731.88,52,12.1836,10,0.110542
1278,1.75922e+13,6.94778e+10,10269.2,44,11.9609,10,0.109947
1279,3.51844e+13,8.53432e+10,7596.83,45,11.5938,9,0.105571
1280,7.03687e+13,1.49985e+11,10555.5,46,12.0088,10,0.108871
1281,7.03687e+13,1.70789e+11,11140.6,46,12.3975,10,0.109494
1282,1.75922e+13,8.14449e+10,12535.9,44,12.2754,11,0.108337
1283,3.51844e+13,1.09241e+11,10786.6,45,12.291,10,0.109233
1284,5.6295e+14,8.48917e+11,11108.9,49,12.5674,10,0.11047
1285,5.6295e+14,7.68394e+11,13414.1,49,12.8164,11,0.114822
1286,7.03687e+13,1.98433e+11,14413.1,46,13.3223,11,0.116864
1287,2.81475e+14,5.80819e+11,13158.9,48,13.168,11,0.117483
1288,2.81475e+14,4.5722e+11,17184.9,48,13.4375,12,0.118864
1289,3.51844e+13,1.19893e+11,11375.2,45,12.4014,10,0.111546
1290,2.81475e+14,3.87517e+11,10076.1,48,12.4883,9,0.113634
1291,1.75922e+13,7.50257e+10,11124.7,44,12.7188,10,0.113476
1292,1.75922e+13,9.12274e+10,10371,44,12.2227,10,0.109879
1293,1.75922e+13,1.00973e+11,10337.1,44,12.334,10,0.112482
1294,2.81475e+14,3.55589e+11,12759.3,48,12.7568,11,0.116447
1295,1.40737e+14,4.06011e+11,13626.9,47,13.7217,11,0.125257
1296,1.40737e+14,4.81295e+11,12617.4,47,13.0723,11,0.11671
1297,2.81475e+14,4.31039e+11,14321.9,48,13.3867,11,0.117613
1298,2.2518e+15,2.76774e+12,15961.9,51,14.3965,11,0.128316
1299,2.81475e+14,5.67115e+11,11998.2,48,13.0742,11,0.121688
1300,5.6295e+14,1.11383e+12,14593.7,49,13.6826,11,0.119839
1301,3.51844e+13,1.10288e+11,14911.8,45,13.0137,11,0.117512
1302,2.81475e+14,3.76563e+11,12980.2,48,13.292,11,0.119021
1303,1.40737e+14,4.91484e+11,16610.8,47,13.6982,12,0.121616
1304,7.03687e+13,3.87762e+11,15080.9,46,13.416,12,0.120377
1305,2.81475e+14,4.81257e+11,12576.7,48,13.1689,11,0.119461
1306,2.81475e+14,5.37234e+11,10948.9,48,12.8076,10,0.11482
1307,5.6295e+14,9.59581e+11,13316.4,49,13.2178,11,0.117245
1308,5.6295e+14,1.13482e+12,8625.94,49,12.3018,9,0.113765
1309,7.03687e+13,1.47718e+11,10840.6,46,12.6816,11,0.118365
1310,2.81475e+14,7.31816e+11,10404.7,48,13.2939,10,0.121018
1311,2.81475e+14,6.85287e+11,9357.29,48,12.8809,10,0.121608
1312,5.6295e+14,1.20661e+12,12040,49,13.2969,11,0.120613
1313,2.81475e+14,3.60184e+11,6778.17,48,11.8193,9,0.11119
1314,1.40737e+14,4.48183e+11,6409.96,47,12.1631,8,0.117355
1315,1.40737e+14,3.07373e+11,7936.71,47,12.2617,9,0.111971
1316,1.40737e+14,5.20511e+11,7849,47,12.291,9,0.114375
1317,7.03687e+13,2.72931e+11,7804.88,46,12.1826,9,0.114289
1318,1.1259e+15,1.78134e+12,7391.97,50,12.2178,8,0.11285
1319,2.81475e+14,9.2017e+11,7262.79,48,12.1094,9,0.115498
1320,2.81475e+14,7.4082e+11,8181.42,48,12.0254,9,0.112004
1321,5.6295e+14,1.13396e+12,8433.55,49,12.2217,10,0.114589
1322,9.0072e+15,1.55437e+13,7324.72,53,12.3066,8,0.117058
1323,1.40737e+14,5.73534e+11,7092.64,47,11.8174,9,0.112563
1324,1.1259e+15,1.6675e+12,5927.75,50,11.3516,8,0.109587
1325,2.81475e+14,7.02664e+11,9339.24,48,12.5381,10,0.117785
1326,2.81475e+14,8.01081e+11,6957.85,48,12.8115,8,0.123625
1327,2.2518e+15,4.22731e+12,5784.84,51,11.9336,7,0.111518
1328,5.6295e+14,1.15733e+12,5072.52,49,11.5176,7,0.11265
1329,2.81475e+14,8.87451e+11,10235.2,48,13.2783,10,0.121424
1330,2.81475e+14,5.16995e+11,5390.29,48,11.7275,7,0.115372
1331,2.81475e+14,6.8195e+11,7400.46,48,12.1777,9,0.113293
1332,1.40737e+14,4.30488e+11,5609.03,47,11.4688,7,0.11071
1333,2.81475e+14,9.24434e+11,5827.94,48,11.9424,8,0.109953
1334,9.0072e+15,1.03538e+13,7951.26,53,12.6699,9,0.115306
1335,5.6295e+14,1.87353e+12,11809,49,13.7256,11,0.123057
1336,2.81475e+14,7.54194e+11,12920.2,48,13.8193,11,0.124081
1337,2.81475e+14,1.14089e+12,8706.8,48,12.7471,9,0.11152
1338,1.1259e+15,1.9092e+12,8720.2,50,12.998,9,0.116395
1339,5.6295e+14,1.51565e+12,8970.24,49,13.0703,9,0.119509
1340,1.1259e+15,2.38911e+12,7073.47,50,12.5205,8,0.114104
1341,2.2518e+15,3.58826e+12,7581.83,51,12.8389,9,0.119456
1342,1.40737e+14,8.93e+11,5573.82,47,12.0479,8,0.114573
1343,2.81475e+14,6.60703e+11,5952.54,48,11.9648,8,0.112088
1344,2.81475e+14,9.16153e+11,7353.72,48,13.0449,8,0.117516
1345,1.1259e+15,1.9167e+12,7892.94,50,12.5264,9,0.113661
1346,1.1259e+15,2.88144e+12,10605.4,50,13.502,10,0.119609
1347,1.1259e+15,2.02557e+12,7686.44,50,12.3291,9,0.111796
1348,1.40737e+14,4.23353e+11,9643.45,47,12.7656,10,0.116373
1349,1.1259e+15,1.61398e+12,11359.7,50,13.4941,10,0.119065
1350,5.6295e+14,1.05257e+12,12043,49,13.3633,10,0.119812
1351,2.81475e+14,5.89904e+11,10455.2,48,12.4893,10,0.114353
1352,2.81475e+14,8.05167e+11,12306.8,48,13.0928,10,0.119645
1353,3.60288e+16,3.55929e+13,12197.1,55,13.2705,10,0.119682
1354,2.81475e+14,1.08111e+12,12678.3,48,14.3145,11,0.124611
1355,5.6295e+14,2.28068e+12,13316.4,49,14.3428,11,0.134245
1356,5.6295e+14,1.61934e+12,12310,49,13.4229,11,0.124979
1357,2.81475e+14,8.33227e+11,14062.9,48,14.6846,11,0.130666
1358,4.5036e+15,5.68379e+12,13511.2,52,14.3203,11,0.127194
1359,5.6295e+14,1.91627e+12,13039.9,49,14.083,11,0.124347
1360,1.1259e+15,2.60356e+12,14358.5,50,14.8506,11,0.127163
1361,2.81475e+14,1.48489e+12,11787.9,48,14.4844,11,0.128008
1362,1.40737e+14,7.83778e+11,13257.5,47,14.0801,11,0.124401
1363,5.6295e+14,9.04874e+11,12515.5,49,13.9961,11,0.124757
1364,2.81475e+14,1.17112e+12,14118.8,48,14.0322,11,0.126095
1365,5.6295e+14,1.9615e+12,11406.1,49,13.2197,10,0.11679
1366,1.1259e+15,2.67245e+12,14044.2,50,13.5762,11,0.121487
1367,2.81475e+14,1.45667e+12,11787.9,48,13.4893,11,0.123567
1368,1.1259e+15,2.62805e+12,10555.5,50,12.9424,10,0.117742
1369,2.81475e+14,6.56348e+11,11928.5,48,13.3145,10,0.123153
1370,2.81475e+14,1.06889e+12,14193,48,13.8975,11,0.128047
1371,2.81475e+14,1.11056e+12,13761,48,13.6826,11,0.121384
1372,5.6295e+14,1.31826e+12,14118.8,49,13.8711,11,0.12366
1373,1.1259e+15,1.42949e+12,12392.4,50,13.3193,11,0.123981
1374,2.81475e+14,1.67408e+12,14511.5,48,14.3535,12,0.126688
1375,2.81475e+14,8.85338e+11,12839.9,48,13.5898,11,0.123217
1376,2.81475e+14,1.71612e+12,11543.6,48,13.8887,10,0.125024
1377,2.81475e+14,6.65606e+11,10376.5,48,13.2363,11,0.120089
1378,2.81475e+14,8.9027e+11,7980.3,48,12.6201,9,0.117669
1379,7.03687e+13,4.79261e+11,9583.16,46,13.0137,9,0.116531
1380,1.40737e+14,5.85584e+11,7063.08,47,12.3291,8,0.113761
1381,5.6295e+14,1.05022e+12,10737.4,49,13.1045,10,0.115505
1382,2.81475e+14,1.20588e+12,9447.22,48,12.7617,10,0.116275
1383,5.6295e+14,1.21444e+12,10455.2,49,12.8945,10,0.117469
1384,1.1259e+15,1.59296e+12,12169.4,50,13.5879,10,0.121126
1385,1.1259e+15,2.36676e+12,10080.8,50,13.2129,10,0.119325
1386,5.6295e+14,1.88597e+12,9173.87,49,13.5303,9,0.120792
1387,5.6295e+14,1.43543e+12,11693.9,49,13.5166,10,0.123513
1388,2.81475e+14,1.37668e+12,10320.2,48,13.5361,10,0.125539
1389,2.81475e+14,1.1306e+12,5952.54,48,11.5186,8,0.109049
1390,2.2518e+15,3.44972e+12,6339.5,51,11.9131,8,0.108396
1391,1.1259e+15,2.85812e+12,9907.31,50,12.9619,10,0.116075
1392,7.03687e+13,4.56121e+11,12238.5,46,13.3203,10,0.119721
1393,2.81475e+14,1.07847e+12,10421.6,48,13.0244,10,0.118699
1394,2.2518e+15,3.5613e+12,6967.64,51,11.9443,9,0.108223
1395,1.1259e+15,2.31958e+12,7994.8,50,12.458,9,0.11757
1396,4.5036e+15,1.02905e+13,11140.6,52,13.6025,10,0.122602
1397,5.6295e+14,1.2644e+12,14025.5,49,13.5645,11,0.121843
1398,5.6295e+14,1.14639e+12,9731.88,49,13.0371,10,0.119405
1399,2.2518e+15,3.40343e+12,13355.5,51,13.1201,11,0.116486
1400,4.5036e+15,5.24428e+12,8652.99,52,12.0117,9,0.112547
1401,7.03687e+13,5.64972e+11,13433.5,46,13.3135,11,0.119015
1402,5.6295e+14,9.13721e+11,9429.27,49,12.1309,10,0.11692
1403,1.80144e+16,1.81743e+13,13119.4,54,13.2441,11,0.119528
1404,1.1259e+15,1.77595e+12,9285.43,50,12.498,9,0.116795
1405,1.1259e+15,1.64559e+12,8124.35,50,12.0439,9,0.11395
1406,2.81475e+14,9.04067e+11,9186.37,48,12.1357,9,0.112278
1407,2.81475e+14,6.24115e+11,11077.1,48,12.8994,10,0.119319
1408,2.81475e+14,9.14838e+11,7994.8,48,12.293,9,0.114358
1409,1.75922e+13,8.01867e+10,7878.31,44,11.4541,9,0.108638
1410,2.81475e+14,3.90405e+11,10269.2,48,12.4053,10,0.112943
1411,2.81475e+14,6.97873e+11,10688.1,48,12.9951,10,0.119514
1412,5.6295e+14,1.11945e+12,8905.29,49,12.1562,9,0.112335
1413,3.51844e+13,1.55627e+11,7488.19,45,11.9014,10,0.111285
1414,5.6295e+14,1.06988e+12,9236.12,49,12.8027,9,0.116763
1415,1.1259e+15,1.65334e+12,8490.18,50,12.5859,10,0.119049
1416,2.2518e+15,3.60462e+12,7031.77,51,12.084,8,0.11559
1417,2.81475e+14,9.25589e+11,9661.17,48,12.7148,10,0.117504
1418,9.0072e+15,1.03668e+13,10115.2,53,12.9834,10,0.119043
1419,5.6295e+14,1.30958e+12,10337.1,49,13.1016,10,0.117963
1420,5.6295e+14,2.41552e+12,8970.24,49,12.8662,9,0.117506
1421,2.81475e+14,7.90817e+11,9211.3,48,12.9512,9,0.118238
1422,2.2518e+15,4.12662e+12,8882.35,51,12.5859,10,0.115501
1423,4.5036e+15,1.03863e+13,9309.92,52,12.9912,9,0.123087
1424,1.1259e+15,4.02993e+12,8944.33,50,13.3418,9,0.122151
1425,4.5036e+15,1.08089e+13,9430.66,52,12.7988,9,0.113239
1426,1.1259e+15,3.62187e+12,7994.8,50,12.8467,9,0.115236
1427,4.5036e+15,7.89693e+12,10655.1,52,13.043,10,0.118392
1428,4.5036e+15,1.12763e+13,11634.1,52,13.7559,10,0.125132
1429,5.6295e+14,2.1359e+12,11297.6,49,13.3779,10,0.117077
1430,2.2518e+15,7.3174e+12,10932.8,51,13.7822,10,0.125885
1431,2.2518e+15,2.94883e+12,13931.6,51,13.5293,11,0.121446
1432,1.1259e+15,2.25765e+12,10522.2,50,13.04,10,0.114991
1433,4.5036e+15,9.58561e+12,12019.1,52,13.333,11,0.119349
1434,1.80144e+16,1.85333e+13,9640.4,54,13.042,9,0.120802
1435,9.0072e+15,1.31842e+13,9248.76,53,13.1738,10,0.117155
1436,1.1259e+15,1.87339e+12,6936.52,50,12.4082,8,0.11373
1437,4.5036e+15,7.81052e+12,6594.41,52,12.3086,8,0.112896
1438,5.6295e+14,2.66358e+12,8516.87,49,13.1025,9,0.12221
1439,4.5036e+15,6.47063e+12,9554.54,52,13.2852,10,0.117587
1440,2.81475e+14,1.12407e+12,7216.59,48,12.4316,9,0.108087
1441,4.5036e+15,9.69225e+12,8773.55,52,13.2031,9,0.114001
1442,9.0072e+15,1.015e+13,7278.15,53,12.5312,9,0.111483
1443,5.6295e+14,9.65277e+11,8434.15,49,12.7188,9,0.112545
1444,1.80144e+16,1.84668e+13,10371,54,12.9023,10,0.110513
1445,2.2518e+15,3.61752e+12,8813.32,51,13.2246,9,0.112611
1446,1.1259e+15,3.04283e+12,11266.4,50,14.0664,10,0.119425
1447,5.6295e+14,1.81005e+12,11235.1,49,13.6934,10,0.115033
1448,5.6295e+14,2.22417e+12,6479.72,49,12.0107,8,0.110135
1449,2.81475e+14,8.71933e+11,11558.8,48,13.3574,10,0.116781
1450,1.1259e+15,2.53664e+12,9802.29,50,12.7334,10,0.109823
1451,1.1259e+15,2.52817e+12,9571.62,50,13.2979,9,0.114737
1452,1.1259e+15,2.60821e+12,9518.84,50,12.8721,10,0.112633
1453,4.5036e+15,5.74147e+12,9161.33,52,12.625,9,0.113075
1454,2.81475e+14,1.079e+12,12960.2,48,13.623,11,0.113933
1455,1.1259e+15,4.21141e+12,10046.2,50,13.0566,10,0.121788
1456,1.1259e+15,4.56138e+12,12759.3,50,13.5674,11,0.116196
1457,9.0072e+15,1.07555e+13,12000.3,53,13.3936,10,0.1135
1458,5.6295e+14,1.54854e+12,10981.1,49,13.5371,10,0.116762
1459,2.2518e+15,3.32797e+12,12351.3,51,13.624,11,0.116685
1460,5.6295e+14,9.49707e+11,10835.5,49,13.3525,10,0.118182
1461,2.81475e+14,6.53896e+11,15203.7,48,13.9922,11,0.121372
1462,4.5036e+15,5.59014e+12,14876.9,52,14.5342,11,0.122173
1463,1.1259e+15,1.74134e+12,13139.2,50,13.6201,11,0.119183
1464,2.81475e+14,6.94879e+11,13257.5,48,13.3223,11,0.114308
1465,5.6295e+14,7.81355e+11,12506.4,49,13.6494,10,0.11571
1466,1.1259e+15,2.92756e+12,11172.2,50,13.3203,10,0.114887
1467,1.1259e+15,2.55699e+12,12040,50,12.8965,11,0.108377
1468,5.6295e+14,1.24152e+12,11826.8,49,13.0078,10,0.110982
1469,1.40737e+14,3.13712e+11,11124.7,47,12.9238,10,0.111943
1470,2.2518e+15,6.91192e+12,12771.5,51,13.3584,10,0.117362
1471,7.03687e+13,4.74248e+11,11421.5,46,13.3896,10,0.11357
1472,1.1259e+15,1.62252e+12,11467.5,50,13.2383,10,0.112779
1473,2.81475e+14,7.03318e+11,9123.58,48,12.541,9,0.108433
1474,2.81475e+14,6.7468e+11,8527.85,48,12.3535,10,0.111871
1475,2.2518e+15,4.36418e+12,10965,51,12.9375,10,0.113889
1476,5.6295e+14,1.0749e+12,11977.3,49,13.3906,11,0.114805
1477,2.81475e+14,8.24876e+11,10932.8,48,13.0918,10,0.109543
1478,1.1259e+15,2.49348e+12,19938,50,14.3584,12,0.118753
1479,4.5036e+15,6.77579e+12,18942.9,52,13.9082,12,0.117377
1480,7.03687e+13,2.2361e+11,14211.5,46,13.4932,11,0.118012
1481,1.1259e+15,2.3861e+12,11318.6,50,13.0859,11,0.11624
1482,2.81475e+14,3.63435e+11,13684.5,48,13.5137,11,0.114523
1483,2.81475e+14,5.41885e+11,9358.56,48,12.6123,9,0.110022
1484,2.81475e+14,5.04185e+11,10572.2,48,12.748,10,0.114317
1485,1.1259e+15,1.50498e+12,7878.31,50,12.0703,9,0.107458
1486,1.1259e+15,1.29529e+12,8294.58,50,12.0137,9,0.106246
1487,7.20576e+16,7.11324e+13,12678.3,56,13.3594,11,0.116974
1488,2.2518e+15,2.44669e+12,6160.4,51,11.3037,8,0.105202
1489,2.2518e+15,4.64163e+12,8585.21,51,12.1377,9,0.107129
1490,1.1259e+15,1.28253e+12,6920.49,50,11.3994,9,0.100338
1491,2.2518e+15,2.46836e+12,11344.3,51,12.5664,10,0.109205
1492,1.1259e+15,1.9111e+12,11558.8,50,12.8604,10,0.109909
1493,1.1259e+15,1.78711e+12,9047.37,50,12.2041,9,0.104973
1494,1.1259e+15,1.56079e+12,10965,50,12.7676,10,0.110298
1495,2.2518e+15,2.68038e+12,12532.3,51,12.7773,10,0.107446
1496,5.6295e+14,7.61218e+11,9309.92,49,12.4336,9,0.105606
1497,1.40737e+14,2.20307e+11,8452.45,47,11.2051,10,0.0967171
1498,1.40737e+14,2.61922e+11,9625.7,47,11.875,10,0.10105
1499,1.1259e+15,1.74021e+12,8378.58,50,11.9746,9,0.103452
