59.8383
0,434.412,7.63391,4,2,0.0322266,0,0.0182716
1,435.151,8.96385,4,2,0.0429688,0,0.0166537
2,434.639,9.93396,4,2,0.0517578,0,0.0233855
3,435.151,9.84311,5,2,0.0449219,0,0.0250351
4,435.053,9.31133,5,2,0.0419922,0,0.0249411
5,435,10.0869,5,2,0.0439453,0,0.0266895
6,434.954,8.86781,5,2,0.0380859,0,0.0266417
7,435.151,10.7401,5,2,0.0527344,0,0.0167146
8,435.053,11.2156,5,2,0.0527344,0,0.0233116
9,111.937,10.4565,5,1,0.0566406,0,0.0233078
10,111.425,8.83656,5,1,0.0380859,0,0.0233301
11,112.934,9.60784,5,1,0.0449219,0,0.0266683
12,111.937,9.3154,5,1,0.0419922,0,0.0133352
13,434.639,10.8133,5,2,0.0537109,0,0.0299985
14,111.937,10.4956,6,1,0.0527344,0,0.0200018
15,435.151,11.2957,6,2,0.0566406,0,0.0266635
16,435.151,10.8457,6,2,0.0458984,0,0.0233315
17,435.149,10.9421,6,2,0.0488281,0,0.0199866
18,435.127,11.5905,6,2,0.0537109,0,0.0266693
19,434.818,11.243,6,2,0.0556641,0,0.0233549
20,109.829,10.0988,6,1,0.0458984,0,0.0266437
21,435.053,11.1135,6,2,0.0527344,0,0.019999
22,435.151,13.003,6,2,0.0683594,0,0.0266685
23,435.151,11.4995,6,2,0.0546875,0,0.0299987
24,435.127,11.1644,6,2,0.0507812,0,0.020025
25,435.151,11.738,6,2,0.0566406,0,0.0266397
26,434.954,11.9937,6,2,0.0634766,0,0.0300007
27,1010.21,11.7214,6,3,0.0537109,0,0.0167144
28,435.127,11.6918,6,2,0.0585938,0,0.0266185
29,434.639,12.4783,6,2,0.0615234,0,0.0299973
30,435.117,10.5722,6,2,0.046875,0,0.0233381
31,435.053,10.2825,6,2,0.0439453,0,0.0266619
32,435.053,11.7551,6,2,0.0566406,0,0.0266699
33,1012.52,14.4335,6,3,0.0664062,0,0.0199993
34,435.053,13.1308,6,2,0.0673828,0,0.0233372
35,435.053,12.5614,6,2,0.0615234,0,0.0299958
36,435.117,12.6003,6,2,0.0664062,0,0.0233312
37,435.127,11.4865,6,2,0.0537109,0,0.0200034
38,434.954,12.0494,6,2,0.0576172,0,0.0299974
39,435.053,14.0539,6,2,0.0683594,0,0.0266672
40,435.151,14.3777,6,2,0.0722656,0,0.0167315
41,435.127,13.1291,6,2,0.0644531,0,0.0266011
42,1009.59,14.4568,6,3,0.0703125,0,0.0266703
43,435.149,13.5741,6,2,0.0712891,0,0.0233292
44,435.149,14.4061,6,2,0.0712891,0,0.0233612
45,435.117,14.3891,6,2,0.0693359,0,0.0266374
46,435.053,13.0402,6,2,0.0673828,0,0.0266693
47,435.117,12.7657,6,2,0.0615234,0,0.0233601
48,435.149,12.2611,6,2,0.0537109,0,0.0200458
49,435.149,13.9941,6,2,0.0712891,0,0.0232617
50,435.151,14.8154,6,2,0.0693359,0,0.0233344
51,435.149,13.1847,6,2,0.0615234,0,0.0233445
52,112.44,12.5926,7,1,0.0625,0,0.0299692
53,435.117,12.1467,7,2,0.0546875,0,0.0266666
54,435.151,13.7763,7,2,0.0664062,0,0.0166955
55,435.151,13.7395,7,2,0.0693359,0,0.0233522
56,435.151,14.9002,6,2,0.0771484,0,0.0266495
57,435.053,14.3944,7,2,0.0732422,0,0.0199736
58,435.127,15.071,7,2,0.0771484,0,0.0299991
59,435.151,14.7708,7,2,0.0722656,0,0.0233365
60,115.729,14.3343,7,1,0.078125,0,0.020023
61,435.151,15.6168,7,2,0.0810547,0,0.0299961
62,435.151,13.3998,7,2,0.0673828,0,0.020003
63,435.151,14.3271,7,2,0.0722656,0,0.0266646
64,435.151,15.0101,7,2,0.078125,0,0.0233102
65,435.053,13.8459,7,2,0.0683594,0,0.029995
66,435.151,13.2819,7,2,0.0644531,0,0.0233339
67,1011.31,14.722,7,3,0.0732422,0,0.0266662
68,435.076,13.9132,7,2,0.0673828,0,0.0200243
69,435.149,13.3271,7,2,0.0634766,0,0.0266409
70,435.127,15.0491,7,2,0.0761719,0,0.0300009
71,435.151,15.0823,7,2,0.0771484,0,0.0233349
72,435.149,15.1493,7,2,0.0751953,0,0.0266703
73,435.149,16.7121,7,2,0.09375,0,0.0266634
74,1008.92,18.5601,8,3,0.0957031,0,0.0300041
75,435.151,16.0639,8,2,0.0849609,0,0.0266636
76,435.149,14.0755,8,2,0.0683594,0,0.0266694
77,1011.78,17.371,8,3,0.0957031,0,0.026662
78,1008.92,18.6558,8,3,0.0996094,0,0.026666
79,435.149,16.6517,8,2,0.0859375,0,0.0266672
80,435.151,16.5472,8,2,0.0869141,0,0.029999
81,435.151,16.386,8,2,0.0839844,0,0.0179668
82,435.127,16.9619,8,2,0.0947266,0,0.0287028
83,435.053,17.2615,8,2,0.09375,0,0.0233351
84,435.151,16.0707,8,2,0.0830078,0,0.0299705
85,1008.92,19.0911,8,3,0.0976562,0,0.0233601
86,435.053,15.3608,8,2,0.0751953,0,0.0233598
87,435.127,17.2727,8,2,0.0927734,0,0.0200166
88,435.151,20.7856,8,2,0.108398,0,0.0232924
89,435.127,16.0631,8,2,0.0830078,0,0.0299967
90,109.829,16.1843,8,1,0.0859375,0,0.0199997
91,1010.21,20.0668,8,3,0.0986328,0,0.0200275
92,435.151,18.9409,8,2,0.100586,0,0.029975
93,435.151,20.7282,8,2,0.118164,0,0.0233347
94,435.127,19.766,9,2,0.116211,0,0.0166656
95,435.151,23.6678,8,2,0.131836,0,0.0266633
96,1011.31,19.4755,9,3,0.103516,0,0.0200294
97,435.151,21.7548,9,2,0.125,0,0.026638
98,1009.59,23.5734,9,3,0.129883,0,0.0130928
99,435.151,18.7992,9,2,0.102539,0,0.0222034
100,435.151,21.5457,9,2,0.128906,0,0.0221225
101,435.149,25.1324,9,2,0.147461,0,0.0186267
102,435.151,24.0138,9,2,0.135742,0,0.0238101
103,1010.21,26.1825,9,3,0.146484,0,0.0165822
104,435.151,23.9612,9,2,0.136719,0,0.0235445
105,1008.92,23.367,9,3,0.129883,0,0.0181413
106,435.151,22.6861,9,2,0.130859,0,0.0185788
107,435.151,24.4142,9,2,0.145508,0,0.0220686
108,435.151,26.649,9,2,0.157227,0,0.0239077
109,435.151,24.5526,9,2,0.141602,0,0.022623
110,435.151,27.6664,9,2,0.174805,0,0.0192874
111,435.151,25.2803,9,2,0.144531,0,0.021469
112,435.053,22.5568,9,2,0.133789,0,0.0227657
113,435.151,25.2084,9,2,0.152344,0,0.0205716
114,1008.92,23.503,9,3,0.129883,0,0.018079
115,1008.92,26.5787,9,3,0.152344,0,0.02303
116,435.151,25.5627,9,2,0.15625,0,0.0191582
117,1008.92,28.5287,9,3,0.169922,0,0.0141607
118,435.127,29.1688,9,2,0.176758,0,0.0142094
119,435.149,30.1902,9,2,0.19043,0,0.0130307
120,1010.21,31.324,9,3,0.180664,0,0.0134922
121,1010.21,30.9232,9,3,0.186523,0,0.0129595
122,435.151,27.2024,9,2,0.165039,0,0.0128532
123,435.151,30.0655,9,2,0.18457,0,0.0130439
124,435.151,27.9051,9,2,0.177734,0,0.0174636
125,435.127,28.1152,9,2,0.162109,0,0.0130281
126,1008.92,32.6228,9,3,0.196289,0,0.0132688
127,1012.18,28.5545,9,3,0.171875,0,0.0132244
128,435.151,33.0195,9,2,0.204102,0,0.0144518
129,1010.21,32.8849,9,3,0.202148,0,0.0133146
130,1011.31,36.9591,9,3,0.21875,0,0.0130531
131,1011.31,33.3495,9,3,0.203125,0,0.0132645
132,435.151,33.2517,9,2,0.205078,0,0.0133376
133,435.151,29.7892,9,2,0.194336,0,0.0131701
134,435.151,33.6296,9,2,0.206055,0,0.0131862
135,435.151,34.1099,10,2,0.216797,0,0.0133873
136,435.151,38.013,9,2,0.238281,0,0.0163433
137,1008.92,35.7385,9,3,0.212891,0,0.0133287
138,1849.99,36.2763,9,4,0.21875,0,0.0132422
139,435.151,33.5243,9,2,0.210938,0,0.01434
140,1008.92,30.367,9,3,0.191406,0,0.0130768
141,435.151,31.9285,9,2,0.202148,0,0.0131636
142,435.151,32.8533,9,2,0.216797,0,0.0134815
143,435.151,32.1694,9,2,0.207031,0,0.0136427
144,1007.46,37.5302,9,3,0.227539,0,0.0143568
145,1008.92,35.7383,9,3,0.228516,0,0.0134906
146,1008.92,35.5032,9,3,0.231445,0,0.0136314
147,1008.92,36.3969,9,3,0.240234,0,0.0131666
148,1011.31,36.2455,10,3,0.235352,0,0.0135413
149,435.151,35.295,9,2,0.235352,0,0.0134402
150,1009.59,40.5736,10,3,0.25,0,0.0156805
151,1008.92,39.1905,9,3,0.255859,0,0.0135482
152,1011.31,39.8577,9,3,0.249023,0,0.0130205
153,1011.31,40.5753,10,3,0.255859,0,0.0143773
154,1008.92,41.6389,10,3,0.267578,0,0.0131328
155,435.151,36.006,9,2,0.231445,0,0.0128685
156,1843.9,44.0896,10,4,0.268555,0,0.0131079
157,1008.92,35.2544,9,3,0.231445,0,0.0138495
158,1009.59,41.5811,10,3,0.248047,0,0.0130519
159,435.151,37.416,9,2,0.242188,0,0.0129946
160,1008.92,39.2813,9,3,0.262695,0,0.0130173
161,435.151,39.8372,9,2,0.259766,0,0.0130254
162,1011.31,40.1501,9,3,0.254883,0,0.0130764
163,1008.92,38.429,9,3,0.241211,0,0.0132111
164,1008.92,42.0592,11,3,0.276367,0,0.0130938
165,1010.79,45.7295,10,3,0.285156,0,0.0129832
166,435.151,42.4924,10,2,0.274414,0,0.0131132
167,435.151,39.197,9,2,0.256836,0,0.0130711
168,1011.31,38.8594,10,3,0.245117,0,0.0131752
169,1011.78,43.0633,10,3,0.275391,0,0.013103
170,1010.21,47.3323,10,3,0.292969,0,0.0131856
171,435.151,39.129,9,2,0.255859,0,0.013109
172,1011.31,47.3695,11,3,0.288086,0,0.013175
173,1009.59,42.7387,11,3,0.275391,0,0.0139697
174,435.149,37.7216,10,2,0.257812,0,0.0132817
175,435.151,41.7795,10,2,0.267578,0,0.0139939
176,435.151,44.2899,11,2,0.302734,0,0.0134081
177,1008.92,41.5969,11,3,0.272461,0,0.0131901
178,435.149,43.2261,11,2,0.291992,0,0.0133117
179,435.151,48.4026,11,2,0.310547,0,0.013184
180,1011.31,45.1571,11,3,0.28125,0,0.0131924
181,1011.31,42.953,10,3,0.290039,0,0.013784
182,435.151,40.8659,11,2,0.273438,0,0.0138311
183,1843.9,44.5752,10,4,0.291992,0,0.0136367
184,1008.92,47.6556,11,3,0.313477,0,0.0132403
185,1011.31,46.8126,11,3,0.306641,0,0.0132904
186,1011.31,49.228,11,3,0.319336,0,0.013314
187,435.151,41.4047,11,2,0.286133,0,0.0115401
188,1008.92,45.1516,11,3,0.293945,0,0.0116862
189,1010.79,49.9228,11,3,0.31543,0,0.0129081
190,435.151,42.563,11,2,0.285156,0,0.012822
191,1007.46,47.8877,12,3,0.303711,0,0.0199788
192,1008.92,51.3575,11,3,0.337891,0,0.0149435
193,1008.92,46.3514,11,3,0.311523,0,0.0216399
194,1010.21,46.2896,11,3,0.301758,0,0.0362621
195,1011.31,42.2239,10,3,0.274414,0,0.0349741
196,1008.92,49.3213,11,3,0.30957,0,0.0387648
197,1843.9,49.4416,11,4,0.316406,0,0.0433901
198,1011.31,45.5995,11,3,0.296875,0,0.0224747
199,435.151,46.6117,11,2,0.3125,0,0.0244068
200,1008.92,46.8292,11,3,0.310547,0,0.0244396
201,435.151,49.1476,11,2,0.316406,0,0.0244264
202,435.151,43.5449,11,2,0.296875,0,0.0243553
203,1009.59,46.9502,10,3,0.296875,0,0.0242405
204,1011.31,48.6844,11,3,0.305664,0,0.0244268
205,435.151,44.5807,11,2,0.296875,0,0.0274059
206,435.151,49.4806,12,2,0.327148,0,0.0242863
207,1009.59,48.7241,12,3,0.316406,0,0.024329
208,1008.92,45.3544,11,3,0.295898,0,0.024288
209,1008.92,45.5156,11,3,0.304688,0,0.024454
210,435.151,46.9124,11,2,0.314453,0,0.0244394
211,435.151,44.3703,11,2,0.308594,0,0.0243771
212,1010.21,44.8325,11,3,0.285156,0,0.0244373
213,1011.31,43.3889,11,3,0.293945,0,0.0233888
214,1012.18,51.4542,12,3,0.332031,0,0.0244992
215,1008.92,48.6478,12,3,0.310547,0,0.0244589
216,1008.92,47.6426,11,3,0.305664,0,0.0230575
217,435.151,45.6771,12,2,0.313477,0,0.0246866
218,1843.9,50.7144,12,4,0.321289,0,0.0244531
219,1011.78,49.5025,11,3,0.301758,0,0.0243163
220,1009.59,41.9882,11,3,0.282227,0,0.0253771
221,1008.92,42.1801,10,3,0.274414,0,0.0243704
222,1846.55,44.8352,11,4,0.298828,0,0.0244127
223,1010.79,45.4518,11,3,0.296875,0,0.0244416
224,435.151,42.1859,11,2,0.277344,0,0.0243954
225,1011.31,43.1844,10,3,0.277344,0,0.0291154
226,1008.92,44.2483,11,3,0.304688,0,0.0241327
227,435.151,44.5699,11,2,0.293945,0,0.024251
228,435.151,43.9596,10,2,0.292969,0,0.0241184
229,1008.92,39.5393,10,3,0.259766,0,0.0242367
230,1843.9,50.0729,11,4,0.319336,0,0.0243123
231,435.151,47.0254,12,2,0.319336,0,0.0244069
232,1011.78,49.3375,12,3,0.329102,0,0.0244842
233,1842.49,43.8548,10,4,0.290039,0,0.0242663
234,1011.31,50.4464,11,3,0.311523,0,0.0243073
235,435.151,45.8655,11,2,0.310547,0,0.0244696
236,1008.92,43.8127,10,3,0.282227,0,0.0244059
237,435.151,43.3921,11,2,0.295898,0,0.0244673
238,1008.92,45.6798,11,3,0.297852,0,0.0245385
239,1009.59,47.7461,11,3,0.303711,0,0.0225167
240,1008.92,47.2493,12,3,0.313477,0,0.0246983
241,1012.52,49.5394,11,3,0.313477,0,0.0242724
242,1008.92,49.3019,11,3,0.324219,0,0.0245722
243,435.151,47.4751,12,2,0.319336,0,0.0244905
244,435.151,45.3009,12,2,0.3125,0,0.0243618
245,435.151,47.5346,12,2,0.322266,0,0.0245019
246,1011.31,50.4344,11,3,0.320312,0,0.0244153
247,435.151,48.6868,12,2,0.329102,0,0.0245243
248,1008.92,50.3373,12,3,0.332031,0,0.0244514
249,1011.31,47.6411,11,3,0.301758,0,0.0245787
250,1843.9,50.9534,12,4,0.328125,0,0.0245495
251,435.151,46.1801,11,2,0.297852,0,0.0244452
252,1011.31,47.62,11,3,0.305664,0,0.0244064
253,1011.78,45.4972,11,3,0.313477,0,0.0243132
254,435.151,52.7699,12,2,0.337891,0,0.030647
255,1011.31,44.8331,9,3,0.291992,0,0.0267076
256,1843.9,52.2132,11,4,0.334961,0,0.0211946
257,1009.59,52.3438,12,3,0.338867,0,0.0287957
258,1008.92,45.5548,10,3,0.308594,0,0.0300024
259,1008.92,46.9888,12,3,0.318359,0,0.0299796
260,1008.92,52.8462,12,3,0.348633,0,0.0266865
261,1008.92,45.9331,11,3,0.300781,0,0.0299986
262,1008.92,50.2248,12,3,0.331055,0,0.0266473
263,1006.68,48.9394,11,3,0.326172,0,0.0266638
264,1010.79,55.8644,12,3,0.34375,0,0.0233364
265,1011.31,47.4306,12,3,0.308594,0,0.033331
266,1004.99,47.8616,12,3,0.313477,0,0.0267068
267,1008.92,49.6475,12,3,0.327148,0,0.026626
268,435.151,48.5032,12,2,0.325195,0,0.0333337
269,1008.92,50.9126,12,3,0.336914,0,0.0266653
270,1008.92,49.5478,12,3,0.333984,0,0.0235774
271,1008.92,45.6649,12,3,0.307617,0,0.0264228
272,1011.31,48.6488,12,3,0.325195,0,0.0300019
273,1008.92,49.5581,12,3,0.328125,0,0.0333307
274,1009.59,49.617,12,3,0.317383,0,0.0203339
275,1010.21,49.5982,12,3,0.322266,0,0.0312104
276,1008.92,48.9461,12,3,0.311523,0,0.0284585
277,1009.59,48.8393,13,3,0.328125,0,0.0266677
278,1011.31,46.6406,12,3,0.305664,0,0.0235932
279,1008.92,51.8275,12,3,0.335938,0,0.0297383
280,1011.31,47.0798,12,3,0.318359,0,0.0233331
281,1011.31,51.1661,12,3,0.327148,0,0.0300008
282,1008.92,50.8096,12,3,0.333984,0,0.026665
283,1011.31,50.2156,12,3,0.341797,0,0.029981
284,1008.92,48.271,12,3,0.318359,0,0.0266639
285,435.151,51.6819,13,2,0.34375,0,0.0300217
286,1009.59,48.2164,12,3,0.317383,0,0.026923
287,1008.92,52.3059,13,3,0.347656,0,0.0233077
288,1008.92,53.4028,12,3,0.342773,0,0.0233615
289,1011.31,53.7567,12,3,0.355469,0,0.0330744
290,1008.92,53.7006,12,3,0.339844,0,0.0299787
291,1011.31,50.0322,12,3,0.333008,0,0.0267062
292,1008.92,51.9093,13,3,0.34668,0,0.0235878
293,1008.92,54.1288,13,3,0.345703,0,0.0209017
294,1008.92,45.5901,12,3,0.302734,0,0.0288458
295,1008.92,51.5987,12,3,0.326172,0,0.0233674
296,1009.59,49.954,13,3,0.334961,0,0.0299443
297,1008.92,56.0134,13,3,0.357422,0,0.0268589
298,1008.92,47.6255,12,3,0.307617,0,0.0280023
299,1008.92,50.87,13,3,0.339844,0,0.0284742
300,1009.59,48.6401,13,3,0.314453,0,0.0211763
301,1008.92,53.707,13,3,0.352539,0,0.0248846
302,1008.92,51.1817,13,3,0.341797,0,0.0250374
303,1008.92,47.633,13,3,0.317383,0,0.0249704
304,1008.92,54.4402,13,3,0.348633,0,0.0229465
305,1011.31,52.109,13,3,0.338867,0,0.0249168
306,1011.31,50.7886,13,3,0.324219,0,0.0249388
307,1008.21,50.0782,13,3,0.34082,0,0.0244001
308,1836.29,51.2727,13,4,0.324219,0,0.024975
309,1011.31,51.3413,13,3,0.352539,0,0.0208246
310,1010.79,53.31,13,3,0.34668,0,0.0258618
311,1008.92,49.1145,13,3,0.329102,0,0.0206126
312,1008.92,52.5535,13,3,0.353516,0,0.0247425
313,1011.31,53.4365,13,3,0.337891,0,0.0248876
314,1009.59,51.2478,13,3,0.341797,0,0.022866
315,1008.92,53.5965,13,3,0.354492,0,0.0252501
316,1008.92,50.7508,13,3,0.331055,0,0.0207438
317,435.151,49.2252,13,2,0.330078,0,0.0248184
318,1011.31,52.0831,12,3,0.336914,0,0.0248708
319,435.151,49.4622,13,2,0.329102,0,0.025796
320,1008.92,49.9509,12,3,0.323242,0,0.025088
321,1008.92,54.7838,13,3,0.34375,0,0.0196967
322,435.151,47.8985,13,2,0.318359,0,0.0250685
323,1009.59,50.5158,13,3,0.332031,0,0.02517
324,435.151,49.9499,13,2,0.327148,0,0.0249743
325,1008.92,48.2485,12,3,0.307617,0,0.0207209
326,435.151,46.8122,12,2,0.305664,0,0.0237059
327,1008.92,49.5144,13,3,0.3125,0,0.0244765
328,1008.92,54.3676,13,3,0.34668,0,0.0253721
329,1008.92,51.8168,13,3,0.333008,0,0.0248577
330,1008.92,48.2669,12,3,0.311523,0,0.0220345
331,1008.92,44.818,13,3,0.28418,0,0.0252801
332,1011.31,52.8876,13,3,0.337891,0,0.0251954
333,1008.92,49.153,13,3,0.333984,0,0.0266238
334,435.151,46.4734,13,2,0.3125,0,0.0211406
335,2903.85,53.5619,13,5,0.335938,0,0.0238854
336,1011.31,54.8223,13,3,0.353516,0,0.0231581
337,1011.31,57.4642,13,3,0.370117,0,0.0252067
338,1008.92,52.1922,13,3,0.350586,0,0.0252904
339,1009.59,49.1679,13,3,0.324219,0,0.02505
340,1846.55,57.0967,13,4,0.365234,0,0.02359
341,1011.31,55.9054,13,3,0.349609,0,0.0265684
342,435.151,47.8329,13,2,0.323242,0,0.0251938
343,1010.21,49.9116,13,3,0.325195,0,0.0227869
344,1008.92,52.5671,13,3,0.348633,0,0.0232604
345,435.151,48.0463,13,2,0.327148,0,0.0243797
346,1008.92,46.9558,13,3,0.311523,0,0.0272202
347,1008.92,49.3058,13,3,0.325195,0,0.0240926
348,435.151,50.8837,13,2,0.333008,0,0.0254482
349,1008.92,53.4388,13,3,0.349609,0,0.0209915
350,1011.31,53.6872,12,3,0.322266,0,0.024578
351,1010.79,54.661,13,3,0.360352,0,0.0256688
352,1008.92,56.6664,13,3,0.361328,0,0.0215709
353,1008.92,54.4303,13,3,0.358398,0,0.0257156
354,1008.21,47.4318,13,3,0.3125,0,0.0255175
355,1798.09,53.6934,13,4,0.337891,0,0.0243636
356,1011.31,55.3339,13,3,0.358398,0,0.0273554
357,1010.21,50.1538,13,3,0.322266,0,0.0213548
358,1008.92,50.2418,13,3,0.331055,0,0.0256718
359,1008.92,58.9632,13,3,0.374023,0,0.0261465
360,1009.59,55.8779,13,3,0.351562,0,0.0237365
361,1008.92,57.2733,13,3,0.364258,0,0.0195455
362,1007.46,57.3421,13,3,0.364258,0,0.0143987
363,1009.59,59.587,13,3,0.357422,0,0.0143942
364,1009.59,60.5833,13,3,0.375977,0,0.0152473
365,1823.71,61.6345,13,4,0.37793,0,0.0149039
366,1011.31,59.5261,13,3,0.353516,0,0.0146814
367,1010.79,52.0591,13,3,0.322266,0,0.0146149
368,1841.02,59.8461,13,4,0.371094,0,0.0155896
369,1008.92,58.5047,14,3,0.379883,0,0.0150918
370,1827.51,62.2872,13,4,0.374023,0,0.0152081
371,1008.92,59.0241,15,3,0.366211,0,0.015931
372,1842.49,71.5105,15,4,0.416992,0,0.0170068
373,1834.62,66.898,15,4,0.408203,0,0.0157896
374,1008.92,66.2389,15,3,0.405273,0,0.01577
375,1836.29,66.8669,15,4,0.389648,0,0.0156023
376,1837.92,63.4163,16,4,0.390625,0,0.0157621
377,1008.21,58.0328,15,3,0.352539,0,0.0155271
378,1009.59,70.0576,15,3,0.404297,0,0.0157895
379,1007.46,68.9324,17,3,0.408203,0,0.0161558
380,1834.62,66.5531,17,4,0.393555,0,0.013832
381,1008.92,66.348,16,3,0.396484,0,0.013763
382,1827.51,67.6588,16,4,0.40332,0,0.0155622
383,1008.92,68.6814,17,3,0.408203,0,0.0147643
384,2903.85,72.7292,17,5,0.40918,0,0.0158825
385,2849.48,83.1163,17,5,0.46875,0,0.016081
386,2932.65,74.8091,17,5,0.429688,0,0.0158305
387,1837.92,82.3554,18,4,0.456055,0,0.0152221
388,2891.12,86.9828,19,5,0.484375,0,0.0145909
389,2909.97,81.2251,17,5,0.456055,0,0.0148521
390,1827.51,71.5544,17,4,0.408203,0,0.0155208
391,1839.49,82.1931,19,4,0.462891,0,0.0153482
392,1807.12,82.6455,19,4,0.456055,0,0.0146455
393,1009.59,75.056,19,3,0.425781,0,0.0152477
394,1834.62,85.7455,21,4,0.472656,0,0.0149644
395,1778.72,77.7868,21,4,0.46582,0,0.0144402
396,2909.97,91.5538,20,5,0.508789,0,0.0176302
397,1832.91,84.0689,21,4,0.496094,0,0.015729
398,1823.71,80.6305,20,4,0.44043,0,0.0154309
399,1798.09,91.7656,22,4,0.5,0,0.0137666
400,1811.47,91.3253,23,4,0.509766,0,0.01575
401,1007.46,89.4951,21,3,0.488281,0,0.0154368
402,1832.91,104.627,25,4,0.557617,0,0.0153175
403,1010.21,92.9846,24,3,0.525391,0,0.0155161
404,1809.31,91.5972,24,4,0.507812,0,0.0161967
405,1783.71,98.0537,25,4,0.522461,0,0.015198
406,1811.47,100.383,27,4,0.548828,0,0.0171801
407,1813.59,92.5606,23,4,0.501953,0,0.0188119
408,1788.61,97.6612,26,4,0.526367,0,0.0170997
409,2834.58,98.2605,27,5,0.519531,0,0.0159248
410,4220.53,103.348,27,6,0.526367,0,0.0153771
411,2849.48,104.702,32,5,0.541016,0,0.0176292
412,2815.31,101.915,33,5,0.544922,0,0.0175879
413,1815.68,96.7051,32,4,0.517578,0,0.0191838
414,1811.47,98.0094,33,4,0.527344,0,0.0294378
415,1827.51,100.313,29,4,0.526367,0,0.0359223
416,1821.75,95.649,33,4,0.513672,0,0.0388672
417,1842.49,99.2901,31,4,0.513672,0,0.0327696
418,1823.71,104.861,35,4,0.555664,0,0.0398715
419,1004.99,103.21,33,3,0.541016,0,0.0373676
420,1788.61,111.246,35,4,0.573242,0,0.0317121
421,1839.49,111.332,37,4,0.568359,0,0.0416343
422,2811.38,111.386,39,5,0.583008,0,0.0426941
423,1007.46,108.831,39,3,0.56543,0,0.0419248
424,2915.92,112.135,41,5,0.575195,0,0.0399054
425,2863.89,105.301,44,5,0.569336,0,0.0369095
426,1841.02,115.393,39,4,0.579102,0,0.0584817
427,1819.76,115.866,47,4,0.598633,0,0.040058
428,1765.81,108.029,43,4,0.585938,0,0.0499801
429,4265.75,127.484,45,6,0.614258,0,0.0433306
430,2819.22,105.773,37,5,0.564453,0,0.0402455
431,1783.71,106.049,41,4,0.545898,0,0.049734
432,1783.71,101.657,41,4,0.540039,0,0.0466678
433,1819.76,122.341,49,4,0.624023,0,0.0433314
434,2900.72,126.624,45,5,0.617188,0,0.0433348
435,2863.89,120.823,43,5,0.595703,0,0.043332
436,2842.09,129.513,50,5,0.644531,0,0.0533124
437,1776.18,113.478,50,4,0.601562,0,0.043336
438,1763.17,108.748,42,4,0.5625,0,0.0400615
439,1819.76,108.716,44,4,0.569336,0,0.053269
440,1809.31,121.053,53,4,0.620117,0,0.0433552
441,2891.12,108.086,45,5,0.5625,0,0.0468789
442,1823.71,117.812,51,4,0.605469,0,0.0431616
443,2906.93,127.59,47,5,0.621094,0,0.0499591
444,1827.51,118.762,53,4,0.612305,0,0.043332
445,1837.92,124.691,49,4,0.624023,0,0.0433547
446,2870.9,129.736,53,5,0.639648,0,0.0466479
447,1791.02,115.835,53,4,0.603516,0,0.048205
448,1760.49,121.39,52,4,0.619141,0,0.0451285
449,1834.62,125.621,47,4,0.611328,0,0.0466654
450,1005.85,118.342,52,3,0.621094,0,0.0466649
451,1827.51,119.23,53,4,0.615234,0,0.0466688
452,1795.76,128.797,54,4,0.648438,0,0.0433121
453,1819.76,120.866,53,4,0.624023,0,0.0466661
454,1823.71,123.912,49,4,0.615234,0,0.0533349
455,1807.12,114.949,53,4,0.613281,0,0.046687
456,1819.76,120.933,45,4,0.606445,0,0.0433352
457,4229.91,122.111,47,6,0.601562,0,0.0466448
458,2909.97,122.579,53,5,0.614258,0,0.0433512
459,1832.91,119.697,53,4,0.623047,0,0.0466675
460,1829.35,114.133,48,4,0.580078,0,0.0410594
461,1813.59,129.551,54,4,0.646484,0,0.0489197
462,2778.96,124.843,62,5,0.634766,0,0.0433664
463,2795.37,130.708,107.538,5,0.669922,1,0.0398578
464,1831.15,123.703,53,4,0.626953,0,0.0467982
465,2807.41,128.656,49,5,0.626953,0,0.0466648
466,1831.15,128.267,54,4,0.633789,0,0.0402222
467,1807.12,116.153,46,4,0.594727,0,0.0530926
468,1815.68,116.456,54,4,0.614258,0,0.0400021
469,1832.91,131.08,55,4,0.65625,0,0.0466636
470,2900.72,122.114,48,5,0.600586,0,0.0466875
471,1821.75,122.451,65,4,0.643555,0,0.0433337
472,1776.18,120.023,51,4,0.626953,0,0.0466462
473,1788.61,130.856,104.312,4,0.672852,1,0.0466897
474,1819.76,127.256,106.93,4,0.666016,1,0.0466614
475,1793.4,124.261,105,4,0.655273,1,0.0466489
476,1831.15,124.658,61,4,0.645508,0,0.043351
477,1813.59,122.79,53,4,0.633789,0,0.0466509
478,1726.84,124.679,63,4,0.655273,0,0.0466633
479,1834.62,130.609,54,4,0.657227,0,0.0400007
480,2791.31,123.685,60,5,0.641602,0,0.0466841
481,4234.53,153.425,106.93,6,0.728516,1,0.0466483
482,1832.91,135.354,108.13,4,0.705078,1,0.046667
483,2887.84,131.032,106.306,5,0.668945,1,0.046686
484,2815.31,142.205,108.13,5,0.707031,1,0.0466482
485,1843.9,127.638,62,4,0.654297,0,0.0433551
486,1798.09,122.547,66,4,0.647461,0,0.0466645
487,1002.23,118.358,53,3,0.62793,0,0.0433134
488,2877.78,144.195,105.663,5,0.706055,1,0.0466852
489,1809.31,124.243,55,4,0.644531,0,0.0433131
490,2927.27,154.721,67,5,0.709961,0,0.0402271
491,1831.15,128.447,63,4,0.658203,0,0.0497729
492,1815.68,132.139,50,4,0.646484,0,0.043365
493,1819.76,125.398,65,4,0.647461,0,0.0433025
494,2807.41,129.548,104.312,5,0.665039,1,0.0433353
495,4298.58,129.768,57,6,0.648438,0,0.0466424
496,1823.71,121.881,51,4,0.617188,0,0.050023
497,1771.04,128.904,74,4,0.660156,0,0.0435885
498,2863.89,118.08,49,5,0.599609,0,0.0430778
499,2863.89,129.625,50,5,0.650391,0,0.0466649
500,1802.66,137.199,108.709,4,0.705078,1,0.0466884
501,1823.71,132.719,74,4,0.670898,0,0.0432934
502,1819.76,126.732,56,4,0.647461,0,0.0433541
503,2860.33,131.597,53,5,0.636719,0,0.0402178
504,1841.02,132.451,54,4,0.657227,0,0.049761
505,1821.75,138.185,107.538,4,0.692383,1,0.0466671
506,1008.21,122.535,106.306,3,0.650391,1,0.0384295
507,1827.51,138.673,67,4,0.675781,0,0.0349707
508,2927.27,126.941,53,5,0.636719,0,0.031496
509,2845.8,143.8,104.312,5,0.694336,1,0.0416322
510,1798.09,125.316,74,4,0.65625,0,0.0466842
511,1827.51,136.11,104.312,4,0.669922,1,0.0391913
512,2863.89,127.822,51,5,0.631836,0,0.0389448
513,2894.36,132.199,106.306,5,0.669922,1,0.0293766
514,1832.91,137.525,72,4,0.683594,0,0.0255583
515,1749.6,137.846,107.538,4,0.697266,1,0.0253796
516,1804.91,131.265,108.709,4,0.682617,1,0.0256192
517,1809.31,127.027,64,4,0.65332,0,0.0250616
518,1807.12,136.568,66,4,0.674805,0,0.0254369
519,1811.47,130.015,70,4,0.663086,0,0.0244806
520,2874.36,125.403,66,5,0.649414,0,0.0247169
521,1819.76,130.476,108.13,4,0.68457,1,0.0252961
522,1783.71,141.58,108.13,4,0.711914,1,0.0254231
523,1831.15,136.74,109.275,4,0.704102,1,0.0257815
524,2897.56,128.264,55,5,0.651367,0,0.0249151
525,2834.58,131.713,74,5,0.666016,0,0.0243219
526,1749.6,131.659,76,4,0.673828,0,0.0241954
527,1809.31,140.469,108.13,4,0.706055,1,0.0250254
528,1841.02,143.989,107.538,4,0.714844,1,0.0206206
529,1813.59,128.69,105.663,4,0.666992,1,0.0205544
530,2929.99,130.314,106.306,5,0.665039,1,0.0213967
531,1738.37,128.268,54,4,0.651367,0,0.0202949
532,1795.76,125.622,106.93,4,0.652344,1,0.0208243
533,1757.8,129.796,109.275,4,0.696289,1,0.0201607
534,1817.74,137.342,108.13,4,0.702148,1,0.0207375
535,1741.21,118.324,49,4,0.614258,0,0.0202853
536,1815.68,142.699,105.663,4,0.697266,1,0.0250222
537,2909.97,128.165,105.663,5,0.661133,1,0.0197049
538,1831.15,133.471,107.538,4,0.681641,1,0.0242844
539,2856.74,134.607,108.13,5,0.686523,1,0.0205522
540,1800.39,134.772,105.663,4,0.677734,1,0.0236742
541,1819.76,127.357,66,4,0.646484,0,0.0265462
542,1827.51,133.276,106.93,4,0.68457,1,0.0403058
543,1817.74,129.238,108.709,4,0.682617,1,0.0402492
544,2778.96,139.552,106.306,5,0.683594,1,0.043707
545,1825.63,131.528,107.538,4,0.677734,1,0.042129
546,1773.62,124.766,76,4,0.649414,0,0.045755
547,1823.71,132.624,106.93,4,0.671875,1,0.0422322
548,1817.74,124.831,76,4,0.649414,0,0.0434698
549,1798.09,134.775,63,4,0.665039,0,0.0414734
550,1823.71,121.718,106.306,4,0.648438,1,0.0412338
551,1802.66,124.787,105.663,4,0.660156,1,0.0476018
552,1802.66,133.345,109.275,4,0.700195,1,0.0434435
553,1813.59,130.193,106.93,4,0.664062,1,0.0378511
554,1827.51,135.967,105.663,4,0.680664,1,0.0439395
555,2877.78,142.989,73,5,0.6875,0,0.0410379
556,2891.12,135.413,62,5,0.667969,0,0.044507
557,2906.93,143.971,106.93,5,0.694336,1,0.0513397
558,2815.31,131.232,76,5,0.65918,0,0.0464404
559,4298.58,140.955,108.13,6,0.689453,1,0.0471612
560,2909.97,140.935,67,5,0.68457,0,0.0478763
561,2881.17,145.924,107.538,5,0.711914,1,0.0397265
562,1798.09,133.503,74,4,0.660156,0,0.0419365
563,1837.92,129.655,107.538,4,0.665039,1,0.0381244
564,1807.12,139.825,107.538,4,0.702148,1,0.0434498
565,1807.12,133.901,76,4,0.674805,0,0.0409173
566,1823.71,135.372,109.829,4,0.693359,1,0.0508095
567,2877.78,145.1,107.538,5,0.705078,1,0.0503889
568,1807.12,133.748,110.371,4,0.699219,1,0.0455907
569,1811.47,142.625,110.371,4,0.717773,1,0.0509582
570,1819.76,133.398,106.93,4,0.675781,1,0.0415034
571,1809.31,130.169,104.312,4,0.660156,1,0.0508911
572,2924.51,152.535,110.903,5,0.746094,1,0.0429347
573,2874.36,148.393,108.13,5,0.71582,1,0.0509244
574,1834.62,136.032,66,4,0.665039,0,0.0423154
575,1813.59,154.598,110.371,4,0.750977,1,0.0472205
576,1795.76,130.525,64,4,0.652344,0,0.0424759
577,2783.1,148.75,108.13,5,0.716797,1,0.0509609
578,1821.75,136.648,106.93,4,0.6875,1,0.0420328
579,1832.91,135.3,54,4,0.666016,0,0.0390002
580,1798.09,146.865,109.829,4,0.725586,1,0.0494943
581,1811.47,137.009,110.903,4,0.71582,1,0.043228
582,1811.47,138.648,107.538,4,0.69043,1,0.0503232
583,2856.74,138.329,107.538,5,0.69043,1,0.0429281
584,1813.59,132.529,106.93,4,0.669922,1,0.043327
585,1848.92,143.603,109.829,4,0.71875,1,0.0501576
586,1793.4,131.111,107.538,4,0.673828,1,0.0430416
587,1827.51,146.731,108.709,4,0.71875,1,0.0503544
588,4140.23,148.407,109.275,6,0.714844,1,0.0432977
589,1834.62,138.024,109.829,4,0.703125,1,0.0502091
590,2853.13,135.203,76,5,0.670898,0,0.042954
591,2921.69,136.761,107.538,5,0.692383,1,0.0381154
592,1831.15,148.758,110.903,4,0.744141,1,0.0418129
593,1815.68,134.625,107.538,4,0.676758,1,0.0501708
594,1823.71,147.87,74,4,0.704102,0,0.041105
595,2863.89,137.554,108.13,5,0.6875,1,0.0484857
596,1807.12,137.366,109.275,4,0.700195,1,0.0416395
597,2845.8,138.636,109.829,5,0.710938,1,0.0497382
598,2849.48,148.409,110.371,5,0.75,1,0.0436964
599,4225.24,141.117,107.538,6,0.698242,1,0.0492429
600,1783.71,132.433,106.93,4,0.672852,1,0.0461831
601,1827.51,145.538,110.371,4,0.731445,1,0.0406933
602,2877.78,146.61,108.709,5,0.711914,1,0.0441546
603,2856.74,145.159,109.275,5,0.709961,1,0.0437858
604,5855.1,162.051,110.371,7,0.754883,1,0.0441535
605,1819.76,131.531,109.829,4,0.688477,1,0.0515302
606,2935.25,133.149,107.538,5,0.675781,1,0.0465108
607,1795.76,137.861,110.371,4,0.707031,1,0.0410641
608,2830.78,139.239,108.13,5,0.694336,1,0.0462435
609,1819.76,139.083,108.709,4,0.703125,1,0.0403532
610,1793.4,140.835,110.371,4,0.730469,1,0.0481484
611,1823.71,148.193,110.371,4,0.729492,1,0.0433365
612,1804.91,141.95,109.275,4,0.700195,1,0.0315265
613,2856.74,153.37,107.538,5,0.719727,1,0.0479731
614,1800.39,143.557,108.709,4,0.709961,1,0.0429444
615,2877.78,143.719,109.829,5,0.720703,1,0.0440364
616,1825.63,143.148,105.663,4,0.698242,1,0.0516849
617,1815.68,142.259,111.425,4,0.739258,1,0.0455407
618,1823.71,138.683,109.829,4,0.709961,1,0.0417743
619,2891.12,155.202,109.829,5,0.738281,1,0.0445614
620,2924.51,143.174,108.13,5,0.697266,1,0.0462032
621,2906.93,148.198,111.425,5,0.744141,1,0.0473151
622,1843.9,143.283,110.371,4,0.713867,1,0.0528389
623,1800.39,136.776,107.538,4,0.685547,1,0.0407466
624,2778.96,138.978,70,5,0.679688,0,0.0448153
625,1841.02,144.662,109.275,4,0.719727,1,0.0462216
626,2803.43,146.022,107.538,5,0.711914,1,0.0409853
627,1800.39,139.776,107.538,4,0.699219,1,0.0404518
628,1836.29,131.808,109.275,4,0.679688,1,0.0395261
629,2863.89,131.633,62,5,0.647461,0,0.0397495
630,1846.55,144.498,108.13,4,0.716797,1,0.0438702
631,1811.47,150.374,110.903,4,0.742188,1,0.0509533
632,1819.76,147.811,108.13,4,0.725586,1,0.0412668
633,2845.8,156.059,110.371,5,0.748047,1,0.044136
634,2891.12,148.464,110.903,5,0.741211,1,0.0458644
635,2757.91,141.03,109.275,5,0.692383,1,0.0455559
636,1807.12,154.787,109.829,4,0.733398,1,0.0485299
637,1827.51,143.283,109.829,4,0.702148,1,0.0337253
638,1802.66,155.047,111.425,4,0.767578,1,0.0282593
639,4201.3,153.136,111.937,6,0.761719,1,0.0289956
640,1823.71,145.509,111.937,4,0.732422,1,0.0292271
641,5947.72,150.512,110.903,7,0.731445,1,0.0289699
642,2830.78,143.976,111.425,5,0.724609,1,0.0283309
643,2897.56,141.115,108.709,5,0.697266,1,0.028887
644,1823.71,136.084,109.829,4,0.693359,1,0.0286248
645,1788.61,138.088,61,4,0.678711,0,0.028087
646,1807.12,162.878,111.937,4,0.790039,1,0.0282682
647,1825.63,139.766,110.903,4,0.71582,1,0.0287661
648,2845.8,157.901,109.829,5,0.741211,1,0.0287859
649,1834.62,141.724,108.709,4,0.695312,1,0.0291615
650,1825.63,153.715,109.829,4,0.736328,1,0.0282521
651,1821.75,143.072,111.425,4,0.717773,1,0.028592
652,2740.66,145.167,109.275,5,0.703125,1,0.0283728
653,1755.09,137.177,107.538,4,0.688477,1,0.0285797
654,2834.58,147.236,109.275,5,0.706055,1,0.028028
655,1793.4,139.036,110.903,4,0.713867,1,0.0285705
656,1834.62,137.114,76,4,0.673828,0,0.028769
657,2815.31,138.372,71,5,0.670898,0,0.0273368
658,1804.91,129.986,62,4,0.645508,0,0.0281511
659,4234.53,134.59,106.93,6,0.672852,1,0.028664
660,1720.96,137.85,109.275,4,0.689453,1,0.0299541
661,2774.8,141.264,75,5,0.682617,0,0.029463
662,1749.6,131.364,109.829,4,0.689453,1,0.0281835
663,1795.76,142.255,110.903,4,0.713867,1,0.0288493
664,2909.97,140.495,109.275,5,0.692383,1,0.0283767
665,1802.66,141.446,110.371,4,0.708984,1,0.0293382
666,1798.09,138.632,76,4,0.681641,0,0.0281125
667,2870.9,155.92,111.425,5,0.760742,1,0.0275403
668,1755.09,145.059,110.371,4,0.726562,1,0.0286514
669,1802.66,138.92,76,4,0.678711,0,0.0257826
670,1831.15,152.154,111.937,4,0.749023,1,0.0237095
671,4248.17,144.819,110.903,6,0.71875,1,0.0235583
672,1821.75,144.252,107.538,4,0.695312,1,0.0234003
673,7662.54,155.375,106.93,8,0.714844,1,0.0281186
674,1821.75,136.368,109.829,4,0.688477,1,0.0244932
675,1802.66,144.35,110.371,4,0.706055,1,0.0240638
676,2894.36,165.031,110.371,5,0.751953,1,0.0235458
677,1811.47,149.135,111.425,4,0.737305,1,0.0224842
678,1815.68,138.6,110.371,4,0.692383,1,0.024544
679,1791.02,150.478,106.306,4,0.717773,1,0.0244195
680,2736.29,139.788,109.829,5,0.69043,1,0.0232531
681,5855.1,160.094,112.934,7,0.786133,1,0.0287414
682,1827.51,139.394,108.13,4,0.6875,1,0.0226604
683,1746.82,141.571,108.709,4,0.699219,1,0.0250593
684,1813.59,154.787,113.419,4,0.770508,1,0.0246392
685,2830.78,153.824,112.934,5,0.764648,1,0.024154
686,1000.23,130.285,111.425,3,0.676758,1,0.0295461
687,2815.31,140.877,108.13,5,0.6875,1,0.0400063
688,4181.49,153.534,110.903,6,0.736328,1,0.0477012
689,1804.91,140.271,111.937,4,0.716797,1,0.0474974
690,4150.74,167.341,113.419,6,0.790039,1,0.0471586
691,1005.85,142.787,110.371,3,0.717773,1,0.0457817
692,1804.91,150.799,106.93,4,0.710938,1,0.0429721
693,1788.61,140.016,102.835,4,0.68457,1,0.0491208
694,1821.75,152.521,111.425,4,0.739258,1,0.0466914
695,4265.75,144.479,110.371,6,0.711914,1,0.0425887
696,1815.68,143.317,110.903,4,0.723633,1,0.045658
697,4186.5,154.78,111.937,6,0.749023,1,0.0448829
698,1795.76,141.862,111.425,4,0.71875,1,0.0461908
699,2823.1,137.461,105,5,0.672852,1,0.0486158
700,1778.72,143.665,110.371,4,0.714844,1,0.0458169
701,2915.92,150.067,112.44,5,0.727539,1,0.0423456
702,2799.41,145.689,109.829,5,0.705078,1,0.0457695
703,1827.51,135.032,75,4,0.65918,0,0.0510259
704,1802.66,142.112,76,4,0.682617,0,0.0476463
705,2842.09,146.43,111.425,5,0.722656,1,0.0526396
706,2884.52,154.929,109.829,5,0.725586,1,0.0485028
707,1837.92,139.797,108.13,4,0.685547,1,0.0476612
708,4080.24,150.093,111.937,6,0.723633,1,0.0500779
709,1802.66,146.761,110.371,4,0.726562,1,0.0442381
710,1800.39,146.248,110.903,4,0.725586,1,0.0469199
711,1802.66,139.355,110.903,4,0.708008,1,0.0455598
712,2867.41,154.025,112.44,5,0.742188,1,0.0495441
713,2863.89,140.011,109.275,5,0.694336,1,0.0537456
714,1845.26,142.299,109.275,4,0.695312,1,0.0443572
715,1829.35,145.014,109.829,4,0.708984,1,0.0489644
716,1823.71,130.848,104.312,4,0.660156,1,0.0426513
717,2894.36,135.363,106.93,5,0.666992,1,0.0474109
718,2863.89,145.871,106.93,5,0.6875,1,0.0430326
719,2915.92,140.328,108.709,5,0.69043,1,0.049415
720,1829.35,134.931,107.538,4,0.680664,1,0.0508145
721,1783.71,138.991,109.829,4,0.708008,1,0.0430229
722,2906.93,142.764,104.312,5,0.683594,1,0.0415174
723,1795.76,149.95,109.275,4,0.72168,1,0.0450068
724,2845.8,163.071,110.371,5,0.749023,1,0.0536225
725,2897.56,155.189,110.371,5,0.727539,1,0.0429962
726,1841.02,160.561,110.371,4,0.756836,1,0.048302
727,1821.75,141.124,111.425,4,0.71582,1,0.0491448
728,1815.68,140.974,76,4,0.686523,0,0.0464956
729,2787.22,149.881,108.709,5,0.71875,1,0.0432288
730,2815.31,147.948,108.13,5,0.712891,1,0.0478921
731,1008.92,134.299,109.829,3,0.688477,1,0.0441818
732,2877.78,142.54,107.538,5,0.695312,1,0.0489638
733,2897.56,154.791,111.425,5,0.742188,1,0.0465497
734,4234.53,143.347,109.829,6,0.701172,1,0.0530439
735,1791.02,139.266,108.709,4,0.694336,1,0.0445318
736,2803.43,145.369,110.903,5,0.719727,1,0.0421687
737,2891.12,151.199,109.275,5,0.716797,1,0.0474126
738,2783.1,129.252,62,5,0.640625,0,0.0453903
739,2887.84,141.583,109.829,5,0.697266,1,0.0462552
740,2834.58,138.359,107.538,5,0.682617,1,0.0549447
741,2834.58,142.013,110.371,5,0.703125,1,0.0487373
742,1804.91,135.306,111.425,4,0.695312,1,0.0426471
743,1807.12,148.971,111.937,4,0.739258,1,0.0501705
744,2909.97,148.951,106.93,5,0.710938,1,0.0560831
745,2906.93,144.474,111.425,5,0.712891,1,0.0549468
746,1793.4,155.131,111.937,4,0.760742,1,0.0465838
747,1793.4,155.413,111.937,4,0.75293,1,0.0556642
748,2740.66,150.411,111.937,5,0.750977,1,0.0562898
749,2881.17,142.697,110.371,5,0.705078,1,0.0508588
750,1821.75,142.786,110.371,4,0.710938,1,0.0466951
751,1788.61,138.205,106.93,4,0.678711,1,0.0444967
752,2906.93,136.178,109.829,5,0.681641,1,0.0448677
753,1809.31,140.729,111.425,4,0.714844,1,0.0471255
754,1773.62,132.921,110.371,4,0.680664,1,0.0443843
755,2884.52,143.709,109.829,5,0.705078,1,0.0448496
756,1815.68,142.958,111.937,4,0.720703,1,0.0460226
757,1829.35,140.395,111.937,4,0.710938,1,0.0505351
758,1823.71,151.188,111.425,4,0.733398,1,0.0505613
759,2749.33,144.741,110.903,5,0.732422,1,0.0543278
760,2897.56,153.672,111.425,5,0.744141,1,0.052084
761,2811.38,149.267,111.425,5,0.734375,1,0.0504033
762,4215.78,157.932,111.425,6,0.740234,1,0.0504359
763,2830.78,152.098,110.371,5,0.71875,1,0.0466705
764,5817.37,147.435,110.371,7,0.708984,1,0.0502593
765,2803.43,141.107,110.903,5,0.704102,1,0.0477505
766,1786.17,143.411,112.934,4,0.732422,1,0.0586728
767,1819.76,137.154,75,4,0.668945,0,0.050564
768,2842.09,144.573,74,5,0.683594,0,0.0494061
769,2778.96,137.68,109.829,5,0.695312,1,0.0447188
770,2842.09,156.529,113.419,5,0.770508,1,0.0435768
771,1809.31,142.27,110.371,4,0.709961,1,0.0466592
772,1778.72,150.762,110.371,4,0.725586,1,0.0473282
773,1811.47,157.096,112.44,4,0.762695,1,0.0402739
774,1793.4,134.707,72,4,0.664062,0,0.0473959
775,4155.95,145.321,109.275,6,0.699219,1,0.0457963
776,2887.84,145.375,110.371,5,0.708008,1,0.0507927
777,4206.17,147.953,110.903,6,0.713867,1,0.0434131
778,1809.31,138.551,109.275,4,0.686523,1,0.0499246
779,1776.18,141,109.829,4,0.698242,1,0.0458912
780,1823.71,143.729,110.371,4,0.712891,1,0.050046
781,2823.1,162.977,109.829,5,0.730469,1,0.0572478
782,1831.15,143.829,109.275,4,0.701172,1,0.0468287
783,2884.52,148.571,111.937,5,0.723633,1,0.046822
784,2842.09,145.699,113.897,5,0.732422,1,0.0467777
785,2770.61,147.052,111.937,5,0.71875,1,0.0320538
786,2819.22,152.164,111.937,5,0.732422,1,0.0323256
787,2849.48,151.592,112.44,5,0.737305,1,0.0339923
788,2795.37,146.396,113.419,5,0.730469,1,0.0323552
789,1825.63,142.627,109.275,4,0.688477,1,0.032477
790,1827.51,153.377,110.903,4,0.732422,1,0.0322716
791,1788.61,152.235,113.897,4,0.746094,1,0.0321985
792,2884.52,149.795,113.419,5,0.726562,1,0.0334048
793,1827.51,152.3,111.937,4,0.719727,1,0.0260502
794,1823.71,144.932,113.419,4,0.726562,1,0.0258371
795,1836.29,140.48,112.44,4,0.709961,1,0.0250796
796,1783.71,148.664,111.937,4,0.71875,1,0.0308092
797,2891.12,153.65,110.371,5,0.720703,1,0.0253667
798,1809.31,155.026,111.937,4,0.751953,1,0.0254713
799,4057.57,156.849,113.419,6,0.753906,1,0.0254686
800,2870.9,157.978,113.897,5,0.748047,1,0.0255115
801,1783.71,154.788,113.419,4,0.755859,1,0.0253037
802,2815.31,142.133,112.44,5,0.695312,1,0.032479
803,5744.56,144.871,110.903,7,0.704102,1,0.0364041
804,2838.35,155.583,112.934,5,0.739258,1,0.0466205
805,2807.41,146.208,113.419,5,0.722656,1,0.0533555
806,1821.75,159.147,112.934,4,0.75,1,0.0515926
807,1793.4,144.427,113.419,4,0.720703,1,0.0617219
808,1773.62,154.397,112.934,4,0.742188,1,0.0566976
809,2811.38,142.66,113.897,5,0.717773,1,0.0499729
810,1837.92,144.895,111.937,4,0.699219,1,0.0466625
811,4057.57,151.283,113.897,6,0.741211,1,0.0400269
812,2856.74,143.354,109.829,5,0.694336,1,0.0533358
813,2778.96,153.532,108.709,5,0.712891,1,0.0433062
814,1829.35,156.416,113.897,4,0.754883,1,0.0466934
815,2856.74,154.571,111.937,5,0.732422,1,0.0466462
816,2856.74,146.82,112.44,5,0.703125,1,0.0433253
817,4068.96,159.752,113.897,6,0.762695,1,0.0500028
818,2731.9,152.17,114.366,5,0.75293,1,0.0499978
819,1813.59,143.926,113.897,4,0.717773,1,0.0466679
820,1817.74,139.819,67,4,0.662109,0,0.0500035
821,1802.66,151.779,109.829,4,0.72168,1,0.0466605
822,1786.17,149.132,113.419,4,0.732422,1,0.0433652
823,2834.58,151.945,105.663,5,0.701172,1,0.0433324
824,1825.63,151.343,111.425,4,0.719727,1,0.0499694
825,1813.59,154.093,112.934,4,0.74707,1,0.0433343
826,2853.13,146.475,107.538,5,0.6875,1,0.0466702
827,1817.74,148.295,110.371,4,0.702148,1,0.0400669
828,1795.76,145.293,108.13,4,0.697266,1,0.0432606
829,1815.68,146.537,111.937,4,0.707031,1,0.0466676
830,2838.35,156.767,113.897,5,0.740234,1,0.0466927
831,2795.37,161.871,114.366,5,0.750977,1,0.0466392
832,1781.23,148.528,115.729,4,0.735352,1,0.050001
833,1821.75,155.854,115.729,4,0.757812,1,0.04667
834,2867.41,150.147,106.306,5,0.696289,1,0.0466886
835,2815.31,154.248,112.934,5,0.736328,1,0.0433074
836,1815.68,143.778,111.937,4,0.719727,1,0.0466662
837,2909.97,155.334,114.366,5,0.741211,1,0.0499758
838,2749.33,144.945,111.937,5,0.697266,1,0.0400525
839,2860.33,142.838,114.366,5,0.706055,1,0.043333
840,2787.22,157.543,114.366,5,0.753906,1,0.043309
841,1752.35,156.21,115.729,4,0.760742,1,0.0466631
842,2731.9,141.925,104.312,5,0.68457,1,0.046693
843,2900.72,157.447,112.44,5,0.732422,1,0.0466671
844,4124.23,161.905,113.419,6,0.746094,1,0.0433557
845,2918.83,155.469,112.934,5,0.730469,1,0.0466691
846,2753.63,142.24,76,5,0.668945,0,0.0433116
847,1809.31,149.594,114.828,4,0.734375,1,0.0466367
848,1811.47,151.19,116.17,4,0.757812,1,0.0466689
849,1755.09,147.096,113.897,4,0.723633,1,0.049998
850,2909.97,168.53,115.282,5,0.775391,1,0.0466665
851,2749.33,149.947,112.934,5,0.704102,1,0.0466538
852,1768.44,151.839,114.828,4,0.742188,1,0.0433823
853,2897.56,151.051,112.44,5,0.714844,1,0.0499488
854,1819.76,155.581,116.603,4,0.761719,1,0.0466891
855,1771.04,157.21,114.828,4,0.749023,1,0.046668
856,1825.63,158.546,115.729,4,0.760742,1,0.0466695
857,2807.41,157.581,113.419,5,0.742188,1,0.0499707
858,2830.78,151.546,114.828,5,0.722656,1,0.0400265
859,1802.66,150.98,113.897,4,0.724609,1,0.0433666
860,1760.49,144.781,113.897,4,0.720703,1,0.0432767
861,1791.02,155.129,114.828,4,0.726562,1,0.040024
862,1807.12,153.351,115.282,4,0.730469,1,0.0433452
863,1811.47,154.739,114.828,4,0.736328,1,0.0466268
864,2774.8,165.518,116.17,5,0.770508,1,0.04336
865,1768.44,152.044,114.366,4,0.736328,1,0.0499766
866,2838.35,148.516,112.934,5,0.705078,1,0.0433828
867,5902.97,155.08,114.366,7,0.734375,1,0.0466137
868,2860.33,153.67,111.425,5,0.714844,1,0.0533327
869,2881.17,153.322,112.44,5,0.71582,1,0.0400287
870,2830.78,155.661,114.828,5,0.732422,1,0.0533336
871,1813.59,154.118,115.282,4,0.744141,1,0.0499711
872,1798.09,149.461,114.366,4,0.724609,1,0.0433602
873,2856.74,152.18,111.425,5,0.716797,1,0.0466397
874,1829.35,154.064,113.897,4,0.731445,1,0.0433401
875,2807.41,157.734,115.282,5,0.746094,1,0.0433284
876,1829.35,155.947,114.828,4,0.75,1,0.0500505
877,2838.35,166.974,116.603,5,0.797852,1,0.0499499
878,2799.41,154.367,113.897,5,0.731445,1,0.0500004
879,4239.12,145.489,113.897,6,0.707031,1,0.0466918
880,1795.76,153.269,116.17,4,0.751953,1,0.0466659
881,2749.33,145.114,111.937,5,0.692383,1,0.0466408
882,1791.02,160.496,114.828,4,0.753906,1,0.0500003
883,2863.89,158.41,111.937,5,0.722656,1,0.0466954
884,2887.84,157.166,115.729,5,0.748047,1,0.0466627
885,2918.83,148.979,114.366,5,0.717773,1,0.0499676
886,2815.31,147.427,109.829,5,0.702148,1,0.0467151
887,4166.27,169.192,112.934,6,0.75293,1,0.0446071
888,2891.12,156.709,115.729,5,0.751953,1,0.0520125
889,2856.74,151.203,114.828,5,0.719727,1,0.0466927
890,2863.89,148.66,114.828,5,0.731445,1,0.0466771
891,1791.02,150.425,114.366,4,0.724609,1,0.0466563
892,2757.91,160.168,116.603,5,0.770508,1,0.0399994
893,2791.31,168.448,116.603,5,0.785156,1,0.0381667
894,2778.96,153.335,114.366,5,0.727539,1,0.0551365
895,1783.71,158.217,114.828,4,0.753906,1,0.0427635
896,2815.31,153.672,115.282,5,0.730469,1,0.0622732
897,2856.74,162.151,113.419,5,0.736328,1,0.0585421
898,2823.1,161.363,114.828,5,0.740234,1,0.0675699
899,1829.35,151.186,116.17,4,0.736328,1,0.0509068
900,2815.31,155.042,110.903,5,0.717773,1,0.0636892
901,2912.97,151.733,110.903,5,0.708984,1,0.0559868
902,1786.17,141.921,103.594,4,0.677734,1,0.0558728
903,4057.57,157.438,116.17,6,0.743164,1,0.0634367
904,2849.48,153.32,115.729,5,0.731445,1,0.0563941
905,2731.9,167.843,116.603,5,0.799805,1,0.0643488
906,2874.36,160.098,115.729,5,0.755859,1,0.0522315
907,1795.76,157.91,115.729,4,0.759766,1,0.0348802
908,4181.49,166.337,114.828,6,0.74707,1,0.0378347
909,4171.38,171.944,116.17,6,0.77832,1,0.0354714
910,5879.4,165.122,115.282,7,0.745117,1,0.0319242
911,2838.35,156.467,114.828,5,0.755859,1,0.0345133
912,2867.41,152.489,111.937,5,0.708008,1,0.0396894
913,2815.31,157.275,113.897,5,0.742188,1,0.0341926
914,2909.97,167.148,114.828,5,0.764648,1,0.0338691
915,1836.29,153.852,115.282,4,0.75,1,0.0341236
916,994.777,146.877,115.282,3,0.742188,1,0.0345285
917,2842.09,170.091,116.17,5,0.78125,1,0.0356752
918,2823.1,157.313,114.828,5,0.744141,1,0.032661
919,1773.62,155.133,116.17,4,0.758789,1,0.0417716
920,2863.89,157.114,114.828,5,0.734375,1,0.0362599
921,1825.63,151.849,116.17,4,0.74707,1,0.0344238
922,2766.4,160.85,115.282,5,0.74707,1,0.0366438
923,1791.02,143.532,114.828,4,0.697266,1,0.0273692
924,4286.66,170.666,115.282,6,0.766602,1,0.0281614
925,2887.84,150.484,114.366,5,0.72168,1,0.0284564
926,2799.41,153.059,115.282,5,0.724609,1,0.034471
927,2774.8,155.286,114.828,5,0.736328,1,0.0290073
928,1735.52,156.43,115.729,4,0.754883,1,0.0277767
929,4161.13,157.958,115.729,6,0.739258,1,0.0287608
930,2838.35,157.517,116.603,5,0.75293,1,0.0355649
931,1781.23,157.549,117.03,4,0.748047,1,0.0487397
932,2745.01,167.458,117.865,5,0.791016,1,0.0537874
933,2834.58,152.765,118.273,5,0.746094,1,0.0668404
934,1807.12,142.372,109.829,4,0.682617,1,0.0568957
935,4220.53,160.772,116.17,6,0.738281,1,0.0678258
936,2740.66,160.565,114.366,5,0.742188,1,0.0546844
937,4261.42,149.118,114.366,6,0.702148,1,0.0665133
938,4257.05,154.38,116.17,6,0.740234,1,0.0675435
939,1788.61,154.303,115.282,4,0.742188,1,0.0525947
940,4113.41,168.453,115.282,6,0.755859,1,0.0677186
941,2860.33,165.858,117.865,5,0.796875,1,0.0604037
942,1823.71,146.334,112.44,4,0.698242,1,0.0529103
943,2853.13,147.706,113.897,5,0.701172,1,0.0677126
944,1776.18,157.436,115.282,4,0.744141,1,0.051827
945,1793.4,154.263,115.729,4,0.739258,1,0.0672587
946,2803.43,157.39,114.366,5,0.735352,1,0.0564339
947,1793.4,151.515,115.729,4,0.735352,1,0.0682924
948,1771.04,147.211,115.282,4,0.71875,1,0.054449
949,2745.01,164.145,116.17,5,0.754883,1,0.0672183
950,2867.41,155.477,116.17,5,0.74707,1,0.0557769
951,4176.45,153.829,115.282,6,0.726562,1,0.0598965
952,2766.4,160.895,114.366,5,0.75,1,0.0676088
953,5920.14,149.396,114.366,7,0.709961,1,0.0515606
954,2863.89,156.779,114.366,5,0.738281,1,0.0658677
955,2757.91,150.185,116.17,5,0.728516,1,0.0559967
956,1749.6,153.958,115.282,4,0.746094,1,0.0649048
957,1798.09,142.291,115.729,4,0.71582,1,0.0511382
958,2749.33,163.19,115.282,5,0.75293,1,0.0676984
959,4145.5,154.024,115.729,6,0.743164,1,0.0582186
960,2815.31,144.769,111.937,5,0.692383,1,0.06621
961,2770.61,163.171,115.729,5,0.761719,1,0.0517301
962,2826.95,160.214,115.729,5,0.759766,1,0.0627884
963,2842.09,151.36,115.282,5,0.71875,1,0.0653608
964,1807.12,156.054,113.897,4,0.726562,1,0.0548427
965,1836.29,138.029,76,4,0.664062,0,0.0605715
966,2834.58,168.989,117.45,5,0.798828,1,0.0561986
967,1776.18,153.653,116.17,4,0.736328,1,0.0675268
968,2753.63,158.946,116.17,5,0.762695,1,0.0550922
969,2860.33,157.507,114.828,5,0.729492,1,0.0642291
970,1781.23,152.395,115.729,4,0.742188,1,0.0544608
971,2770.61,154.949,114.828,5,0.729492,1,0.0654461
972,2783.1,144.48,114.366,5,0.703125,1,0.053895
973,2815.31,157.44,114.828,5,0.746094,1,0.0668247
974,1760.49,161.091,117.45,4,0.787109,1,0.05758
975,4161.13,159.837,114.366,6,0.738281,1,0.0667399
976,1768.44,153.588,114.828,4,0.737305,1,0.0580359
977,1795.76,157.258,116.17,4,0.759766,1,0.0670473
978,2823.1,155.072,113.897,5,0.720703,1,0.0660012
979,2849.48,150.184,113.897,5,0.71582,1,0.0566588
980,1798.09,154.905,116.603,4,0.774414,1,0.0651418
981,1819.76,151.081,114.366,4,0.716797,1,0.0649959
982,1752.35,148.261,116.603,4,0.75,1,0.0647976
983,1793.4,161.697,117.865,4,0.770508,1,0.0554426
984,1788.61,159.361,115.729,4,0.751953,1,0.0656363
985,4068.96,151.75,76,6,0.688477,0,0.0655957
986,1813.59,147.062,113.897,4,0.713867,1,0.0638258
987,1800.39,167.153,115.282,4,0.766602,1,0.0522852
988,2787.22,151.622,115.729,5,0.724609,1,0.0642115
989,2838.35,151.004,114.828,5,0.728516,1,0.0544991
990,2731.9,152.952,115.282,5,0.737305,1,0.0625888
991,1802.66,153.366,110.903,4,0.712891,1,0.0524098
992,4057.57,164.726,114.828,6,0.746094,1,0.0654647
993,4155.95,158.904,115.282,6,0.751953,1,0.0557515
994,2842.09,153.926,112.934,5,0.722656,1,0.0490253
995,2753.63,155.287,115.282,5,0.739258,1,0.065995
996,4140.23,150.929,115.729,6,0.731445,1,0.0557551
997,1813.59,153.518,115.729,4,0.738281,1,0.0501534
998,1791.02,150.702,116.17,4,0.743164,1,0.0410296
999,2826.95,152.735,111.425,5,0.708984,1,0.0362528
1000,1778.72,157.508,115.282,4,0.748047,1,0.035215
1001,1757.8,151.285,117.45,4,0.742188,1,0.0353763
1002,5848.92,164.613,118.675,7,0.78418,1,0.0411772
1003,4215.78,158.777,116.17,6,0.739258,1,0.035978
1004,1793.4,156.018,116.603,4,0.743164,1,0.0354995
1005,2740.66,160.925,115.282,5,0.731445,1,0.0381329
1006,1795.76,155.773,119.071,4,0.755859,1,0.0377076
1007,2749.33,155.494,117.45,5,0.736328,1,0.0356877
1008,1699.8,151.874,116.17,4,0.727539,1,0.0284446
1009,2891.12,161.378,118.273,5,0.770508,1,0.0296338
1010,2757.91,157.978,115.729,5,0.733398,1,0.0294202
1011,2838.35,162.117,117.03,5,0.750977,1,0.0301271
1012,4068.96,158.153,118.273,6,0.750977,1,0.0281979
1013,2891.12,153.447,116.17,5,0.732422,1,0.0336707
1014,1829.35,161.407,116.17,4,0.762695,1,0.0298764
1015,2753.63,153.098,116.603,5,0.750977,1,0.0287332
1016,1763.17,152.98,116.603,4,0.742188,1,0.0277004
1017,1783.71,154.122,114.828,4,0.728516,1,0.0292588
1018,1788.61,171.074,116.17,4,0.775391,1,0.0309162
1019,2811.38,155.998,115.729,5,0.736328,1,0.0340788
1020,2815.31,144.14,114.828,5,0.704102,1,0.0287679
1021,2867.41,162.237,117.03,5,0.765625,1,0.0278082
1022,2770.61,153.863,113.897,5,0.71582,1,0.0292888
1023,2736.29,148.781,114.828,5,0.727539,1,0.028966
1024,4201.3,163.221,116.17,6,0.750977,1,0.0284656
1025,2838.35,154.9,115.729,5,0.72168,1,0.0320772
1026,2807.41,156.434,114.828,5,0.728516,1,0.0287871
1027,2731.9,147.703,115.282,5,0.713867,1,0.0348688
1028,4181.49,173.151,118.675,6,0.791992,1,0.0297461
1029,2783.1,159.663,115.729,5,0.746094,1,0.0288451
1030,1802.66,147.045,107.538,4,0.685547,1,0.0281746
1031,1786.17,148.302,113.897,4,0.706055,1,0.0324592
1032,1768.44,157.285,116.603,4,0.756836,1,0.0293456
1033,1783.71,144.598,115.282,4,0.698242,1,0.0289314
1034,2881.17,160.374,117.45,5,0.755859,1,0.0304456
1035,2912.97,157.752,117.865,5,0.758789,1,0.0341096
1036,1788.61,148.894,116.17,4,0.712891,1,0.0287334
1037,1763.17,152.827,116.17,4,0.730469,1,0.0292536
1038,1788.61,154.892,117.45,4,0.745117,1,0.0291779
1039,1807.12,155.091,117.03,4,0.744141,1,0.0291795
1040,2770.61,154.727,115.282,5,0.716797,1,0.0300919
1041,1781.23,160.741,114.828,4,0.746094,1,0.0292145
1042,2736.29,158.169,116.603,5,0.748047,1,0.0347009
1043,2783.1,158.917,117.865,5,0.761719,1,0.0353585
1044,1757.8,146.472,112.44,4,0.703125,1,0.0346562
1045,1773.62,149.461,116.17,4,0.733398,1,0.0297322
1046,2826.95,156.444,116.17,5,0.741211,1,0.0293334
1047,1791.02,152.526,115.282,4,0.713867,1,0.0299721
1048,2826.95,160.667,117.865,5,0.75293,1,0.0268673
1049,2811.38,164.387,118.273,5,0.790039,1,0.0725951
1050,1749.6,151.927,118.273,4,0.746094,1,0.0499988
1051,1807.12,149.279,117.45,4,0.720703,1,0.0566449
1052,1783.71,150.368,116.17,4,0.708008,1,0.0500037
1053,5717,152.881,116.17,7,0.72168,1,0.0500537
1054,2811.38,151.385,117.03,5,0.730469,1,0.0566134
1055,2731.9,146.293,117.45,5,0.72168,1,0.0499933
1056,1811.47,166.445,115.729,4,0.75,1,0.050002
1057,2830.78,155.63,113.419,5,0.712891,1,0.05
1058,1811.47,166.853,118.273,4,0.769531,1,0.0500024
1059,1793.4,164.861,119.462,4,0.782227,1,0.0500236
1060,1781.23,156.111,118.675,4,0.75,1,0.0499773
1061,2897.56,153.764,116.603,5,0.726562,1,0.0533293
1062,1795.76,157.997,116.17,4,0.739258,1,0.0533337
1063,1702.88,150.879,117.865,4,0.746094,1,0.0533322
1064,1720.96,166.804,119.071,4,0.792969,1,0.0533424
1065,2770.61,157.861,118.675,5,0.743164,1,0.0533292
1066,2838.35,151.959,116.603,5,0.724609,1,0.0566684
1067,1793.4,154.935,117.03,4,0.736328,1,0.046665
1068,1804.91,156.689,118.675,4,0.750977,1,0.0467127
1069,2749.33,153.799,115.282,5,0.722656,1,0.0532833
1070,2819.22,174.584,118.273,5,0.786133,1,0.0466947
1071,2842.09,157.065,118.273,5,0.762695,1,0.0533023
1072,1749.6,159.112,115.729,4,0.739258,1,0.0466972
1073,2757.91,142.324,115.729,5,0.696289,1,0.0533087
1074,2783.1,157.33,118.273,5,0.74707,1,0.0533335
1075,2834.58,157.469,117.45,5,0.742188,1,0.0533294
1076,4074.61,162.314,118.675,6,0.769531,1,0.0533399
1077,1773.62,153.943,116.17,4,0.731445,1,0.053351
1078,2807.41,151.677,116.17,5,0.719727,1,0.0466407
1079,1798.09,161.49,117.45,4,0.761719,1,0.0533332
1080,4134.93,155.957,118.273,6,0.737305,1,0.0500049
1081,4166.27,177.424,117.45,6,0.776367,1,0.053333
1082,1763.17,144.633,116.603,4,0.704102,1,0.0533336
1083,2826.95,162.466,119.071,5,0.767578,1,0.0566626
1084,1793.4,163.392,119.071,4,0.767578,1,0.0533329
1085,2787.22,161.041,119.071,5,0.766602,1,0.0533383
1086,5710.03,171.192,119.847,7,0.811523,1,0.0533319
1087,2757.91,147.305,117.865,5,0.714844,1,0.050055
1088,1788.61,163.87,117.865,4,0.760742,1,0.0532805
1089,1763.17,157.149,119.071,4,0.760742,1,0.0533323
1090,2783.1,164.277,118.273,5,0.759766,1,0.0533283
1091,2877.78,173.848,119.847,5,0.81543,1,0.0533421
1092,2842.09,165.304,118.273,5,0.765625,1,0.0533289
1093,1757.8,151.843,119.071,4,0.761719,1,0.0533293
1094,2860.33,165.444,118.273,5,0.767578,1,0.0533337
1095,1786.17,157.799,117.45,4,0.746094,1,0.0500028
1096,1765.81,168.325,119.071,4,0.787109,1,0.0533349
1097,1800.39,161.163,119.071,4,0.758789,1,0.0566655
1098,2815.31,159.922,117.45,5,0.74707,1,0.0499988
1099,4057.57,161.635,116.17,6,0.745117,1,0.0533357
1100,1757.8,160.462,118.675,4,0.764648,1,0.0499952
1101,1802.66,158.313,117.865,4,0.755859,1,0.0466529
1102,1778.72,144.587,116.603,4,0.703125,1,0.0567152
1103,2874.36,162.319,118.273,5,0.754883,1,0.053281
1104,2731.9,161.245,117.45,5,0.754883,1,0.0500273
1105,2807.41,167.373,116.603,5,0.744141,1,0.053305
1106,2749.33,163.899,118.675,5,0.762695,1,0.0533349
1107,1757.8,149.847,118.675,4,0.742188,1,0.05
1108,2807.41,153.609,116.17,5,0.717773,1,0.0533337
1109,2770.61,161.385,117.865,5,0.75,1,0.0533574
1110,1768.44,152.267,117.45,4,0.719727,1,0.0499749
1111,2834.58,175.138,119.071,5,0.775391,1,0.0533369
1112,2799.41,156.035,119.071,5,0.738281,1,0.0533347
1113,1788.61,159.619,119.847,4,0.782227,1,0.0533303
1114,2830.78,166.094,118.273,5,0.753906,1,0.0533351
1115,2778.96,159.83,119.071,5,0.750977,1,0.0500428
1116,1804.91,173.458,120.227,4,0.8125,1,0.0566239
1117,1809.31,155.027,118.675,4,0.743164,1,0.0566657
1118,1802.66,151.77,115.282,4,0.71582,1,0.0500219
1119,2823.1,164.036,119.071,5,0.755859,1,0.053335
1120,1778.72,163.392,118.675,4,0.761719,1,0.053307
1121,1763.17,163.46,119.847,4,0.790039,1,0.0566649
1122,2799.41,160.15,118.273,5,0.748047,1,0.0533374
1123,1755.09,154.271,119.071,4,0.745117,1,0.053332
1124,1793.4,155.667,116.603,4,0.726562,1,0.0533304
1125,2891.12,158.866,118.675,5,0.745117,1,0.0533382
1126,1760.49,160.095,119.462,4,0.767578,1,0.0533328
1127,2803.43,165.204,119.847,5,0.786133,1,0.0500001
1128,2815.31,165.493,118.675,5,0.779297,1,0.0533342
1129,989.976,147.431,115.729,3,0.708984,1,0.049999
1130,2830.78,167.581,117.45,5,0.748047,1,0.0499953
1131,2826.95,149.619,119.847,5,0.748047,1,0.0566662
1132,2815.31,152.997,119.071,5,0.734375,1,0.0533342
1133,2826.95,166.104,119.462,5,0.768555,1,0.0566707
1134,2740.66,166.404,119.462,5,0.774414,1,0.0499972
1135,1773.62,143.268,118.273,4,0.702148,1,0.0500254
1136,1757.8,159.008,119.071,4,0.756836,1,0.0533356
1137,1781.23,152.714,119.071,4,0.734375,1,0.0533289
1138,1771.04,159.648,119.462,4,0.771484,1,0.0500019
1139,1755.09,160.687,119.847,4,0.783203,1,0.053334
1140,1729.75,148.571,118.675,4,0.730469,1,0.0466667
1141,2799.41,155.303,116.603,5,0.716797,1,0.0566492
1142,2874.36,156.772,117.865,5,0.728516,1,0.0395132
1143,1773.62,156.431,119.462,4,0.744141,1,0.0525438
1144,2731.9,162.82,118.675,5,0.748047,1,0.0389198
1145,2915.92,156.467,119.071,5,0.738281,1,0.0401787
1146,1827.51,153.59,117.03,4,0.731445,1,0.0378241
1147,2803.43,155.628,118.675,5,0.725586,1,0.0383634
1148,2830.78,163.446,119.847,5,0.768555,1,0.0382867
1149,2842.09,154.956,118.273,5,0.726562,1,0.0393635
1150,4181.49,168.032,119.847,6,0.78125,1,0.0367246
1151,2753.63,158.378,119.847,5,0.765625,1,0.037365
1152,2826.95,151.866,117.865,5,0.723633,1,0.0384838
1153,1783.71,161.778,115.729,4,0.741211,1,0.0387747
1154,2749.33,178.388,119.071,5,0.803711,1,0.0387991
1155,2860.33,172.397,119.462,5,0.78418,1,0.0378225
1156,2826.95,162.572,119.847,5,0.758789,1,0.038389
1157,1802.66,163.708,119.071,4,0.761719,1,0.0390367
1158,2778.96,157.127,119.071,5,0.740234,1,0.0381214
1159,2736.29,147.766,118.675,5,0.703125,1,0.038753
1160,1690.48,147.834,118.273,4,0.712891,1,0.0389632
1161,1776.18,169.163,119.462,4,0.783203,1,0.0457968
1162,2736.29,158.62,119.847,5,0.750977,1,0.0386204
1163,2807.41,169.112,119.462,5,0.760742,1,0.0389623
1164,2731.9,164.896,119.847,5,0.756836,1,0.0313703
1165,2947.39,159.589,119.071,5,0.738281,1,0.0303969
1166,2823.1,150.79,119.071,5,0.719727,1,0.0313714
1167,2877.78,165.604,119.847,5,0.78418,1,0.0308296
1168,2863.89,158.043,116.603,5,0.71875,1,0.0374838
1169,2731.9,154.714,117.45,5,0.726562,1,0.0303175
1170,2863.89,163.946,119.847,5,0.771484,1,0.037953
1171,1749.6,147.06,119.071,4,0.707031,1,0.0311311
1172,2740.66,164.174,119.071,5,0.768555,1,0.0421136
1173,2731.9,155.176,119.462,5,0.740234,1,0.0540649
1174,1755.09,157.691,118.675,4,0.737305,1,0.0500004
1175,2887.84,167.444,118.273,5,0.773438,1,0.0533333
1176,2863.89,167.76,119.071,5,0.760742,1,0.0499991
1177,1795.76,152.911,119.462,4,0.738281,1,0.056667
1178,2853.13,156.795,119.071,5,0.735352,1,0.0499998
1179,1771.04,149.315,119.071,4,0.722656,1,0.0417674
1180,1802.66,161.144,118.675,4,0.741211,1,0.0549006
1181,2830.78,171.709,120.227,5,0.806641,1,0.0499991
1182,2731.9,173.744,118.675,5,0.764648,1,0.0533302
1183,2757.91,158.56,119.071,5,0.762695,1,0.0533364
1184,4186.5,163.113,118.675,6,0.755859,1,0.0466926
1185,2860.33,152.083,118.675,5,0.730469,1,0.0533071
1186,2826.95,160.668,119.462,5,0.757812,1,0.0533061
1187,2823.1,150.495,116.603,5,0.710938,1,0.0533592
1188,2740.66,167.232,119.847,5,0.785156,1,0.0533335
1189,1763.17,155.303,119.071,4,0.744141,1,0.0566658
1190,1800.39,148.986,118.273,4,0.708008,1,0.046719
1191,2860.33,147.08,111.937,5,0.68457,1,0.0499485
1192,2787.22,163.847,119.071,5,0.757812,1,0.0533316
1193,2826.95,152.62,116.17,5,0.711914,1,0.053335
1194,1783.71,164.926,119.071,4,0.77832,1,0.0500008
1195,4085.84,166.973,119.071,6,0.754883,1,0.0566665
1196,2791.31,171.305,119.462,5,0.792969,1,0.0466669
1197,4074.61,171.936,119.071,6,0.777344,1,0.0500005
1198,1760.49,148.166,119.462,4,0.745117,1,0.053359
1199,1807.12,169.155,119.847,4,0.791992,1,0.0566639
1200,1757.8,143.245,119.071,4,0.720703,1,0.0533111
1201,2770.61,168.498,119.462,5,0.775391,1,0.0500293
1202,2838.35,166.413,120.227,5,0.787109,1,0.0532853
1203,2823.1,170.6,119.847,5,0.767578,1,0.0533423
1204,1702.88,160.979,119.462,4,0.759766,1,0.056657
1205,1802.66,155.699,117.865,4,0.729492,1,0.05
1206,1798.09,170.17,119.847,4,0.787109,1,0.0499981
1207,2740.66,162.885,119.847,5,0.785156,1,0.0533326
1208,2731.9,158.888,119.847,5,0.764648,1,0.0500047
1209,4091.41,186.462,119.462,6,0.799805,1,0.0466898
1210,4057.57,173.219,119.847,6,0.782227,1,0.0600007
1211,2770.61,162.506,119.462,5,0.758789,1,0.0533336
1212,2849.48,151.601,113.419,5,0.697266,1,0.0533085
1213,2749.33,157.611,119.071,5,0.723633,1,0.0466893
1214,1783.71,162.976,119.847,4,0.78418,1,0.0566419
1215,2731.9,156.226,119.071,5,0.738281,1,0.0499978
1216,1807.12,162.197,119.462,4,0.760742,1,0.0500274
1217,2731.9,167.791,119.847,5,0.785156,1,0.0566653
1218,2731.9,156.191,119.462,5,0.746094,1,0.0466506
1219,1823.71,165.407,119.847,4,0.78125,1,0.0566951
1220,2845.8,161.772,119.847,5,0.764648,1,0.0533192
1221,1771.04,162.782,119.847,4,0.769531,1,0.0533606
1222,2731.9,152.106,119.071,5,0.72168,1,0.0532878
1223,1800.39,149.376,119.462,4,0.725586,1,0.0499944
1224,1744.03,145.267,119.847,4,0.72168,1,0.0533355
1225,1800.39,161.549,119.847,4,0.760742,1,0.0566671
1226,2731.9,158.476,119.071,5,0.736328,1,0.0533321
1227,2877.78,158.647,119.462,5,0.737305,1,0.0500005
1228,1804.91,161.414,119.847,4,0.773438,1,0.0533331
1229,4124.23,160.375,119.847,6,0.751953,1,0.0533355
1230,1715,152.271,119.071,4,0.728516,1,0.0566648
1231,1755.09,160.407,120.227,4,0.78125,1,0.0533325
1232,1802.66,161.06,119.847,4,0.756836,1,0.0500268
1233,1768.44,159.072,119.071,4,0.738281,1,0.0533096
1234,1809.31,161.353,119.847,4,0.780273,1,0.0499977
1235,2811.38,161.925,119.847,5,0.75293,1,0.0499997
1236,1760.49,157.2,119.071,4,0.745117,1,0.0599972
1237,1757.8,152.828,119.847,4,0.724609,1,0.0533379
1238,4206.17,153.965,119.847,6,0.729492,1,0.0499996
1239,1802.66,164.88,119.847,4,0.766602,1,0.0599984
1240,2826.95,172.783,119.847,5,0.789062,1,0.0533334
1241,1800.39,164.759,119.847,4,0.761719,1,0.0566658
1242,1720.96,150.604,119.847,4,0.722656,1,0.0533335
1243,5688.91,168.978,119.847,7,0.786133,1,0.0533327
1244,2823.1,153.669,119.071,5,0.732422,1,0.0566664
1245,2795.37,157.865,119.071,5,0.727539,1,0.0500249
1246,2736.29,162.845,119.847,5,0.757812,1,0.0500382
1247,4057.57,170.128,119.462,6,0.780273,1,0.0566042
1248,2762.17,154.99,119.462,5,0.736328,1,0.050026
1249,1788.61,172.248,120.227,4,0.81543,1,0.0599778
1250,1755.09,148.982,119.847,4,0.724609,1,0.0499929
1251,2823.1,175.365,119.847,5,0.801758,1,0.0533191
1252,1729.75,152.608,119.847,4,0.739258,1,0.0566926
1253,1807.12,158.498,117.03,4,0.730469,1,0.0499733
1254,4176.45,158.437,119.847,6,0.75293,1,0.0533354
1255,4057.57,164.653,119.847,6,0.776367,1,0.0500323
1256,2838.35,153.295,119.847,5,0.751953,1,0.0533196
1257,2736.29,157.84,119.462,5,0.729492,1,0.0433128
1258,1793.4,159.237,119.847,4,0.774414,1,0.0758532
1259,2770.61,167.223,120.227,5,0.779297,1,0.061935
1260,7671.02,174.716,119.847,8,0.786133,1,0.0753091
1261,2749.33,166.951,119.847,5,0.763672,1,0.0416475
1262,2731.9,168.817,119.847,5,0.785156,1,0.041042
1263,2867.41,168.885,119.847,5,0.77832,1,0.040145
1264,2740.66,165.045,119.847,5,0.791016,1,0.0403279
1265,2774.8,161.971,119.847,5,0.756836,1,0.0401602
1266,2803.43,155.54,119.071,5,0.728516,1,0.0402537
1267,1705.93,152.827,119.847,4,0.735352,1,0.0394949
1268,2826.95,167.351,119.847,5,0.761719,1,0.0401223
1269,1802.66,163.265,119.847,4,0.762695,1,0.0403378
1270,1778.72,152.8,119.847,4,0.734375,1,0.0397637
1271,4201.3,155.693,119.847,6,0.734375,1,0.0396896
1272,1827.51,162.521,119.847,4,0.761719,1,0.0401172
1273,4155.95,173.41,120.227,6,0.796875,1,0.041356
1274,1755.09,150.949,119.847,4,0.731445,1,0.0394063
1275,4063.27,169.893,119.847,6,0.774414,1,0.0404607
1276,2891.12,166.983,119.847,5,0.766602,1,0.040447
1277,1757.8,163.48,119.847,4,0.765625,1,0.040211
1278,1791.02,165.641,119.847,4,0.770508,1,0.0397093
1279,1757.8,153.462,119.847,4,0.744141,1,0.0395845
1280,2826.95,160.552,119.847,5,0.750977,1,0.0404229
1281,1690.48,163.28,120.227,4,0.799805,1,0.0402485
1282,2731.9,168.485,119.847,5,0.766602,1,0.0401037
1283,1760.49,156.579,120.227,4,0.756836,1,0.040341
1284,2787.22,163.753,119.847,5,0.749023,1,0.0400523
1285,2826.95,171.186,119.847,5,0.782227,1,0.0410376
1286,2838.35,163.579,119.462,5,0.744141,1,0.0401494
1287,1765.81,164.747,120.227,4,0.801758,1,0.0407954
1288,1755.09,160.261,119.847,4,0.760742,1,0.0402942
1289,2740.66,152.465,116.603,5,0.705078,1,0.0315677
1290,2749.33,160.024,119.847,5,0.738281,1,0.0372036
1291,2731.9,148.556,119.847,5,0.716797,1,0.050443
1292,1690.48,149.259,119.847,4,0.730469,1,0.0700047
1293,2757.91,170.006,120.227,5,0.779297,1,0.0699324
1294,2826.95,162.079,119.071,5,0.741211,1,0.0633579
1295,2778.96,160.604,119.847,5,0.74707,1,0.0666868
1296,2731.9,162.159,119.071,5,0.738281,1,0.0600039
1297,1773.62,165.753,119.847,4,0.770508,1,0.0633293
1298,1825.63,157.856,115.729,4,0.71582,1,0.0633201
1299,2736.29,156.851,119.847,5,0.730469,1,0.0666607
1300,2736.29,165.478,119.847,5,0.761719,1,0.0699743
1301,2753.63,146.01,119.462,5,0.706055,1,0.0567145
1302,2749.33,166.658,120.227,5,0.792969,1,0.0800146
1303,2783.1,168.828,119.847,5,0.783203,1,0.0699391
1304,1757.8,159.108,119.847,4,0.75,1,0.0633373
1305,2803.43,162.476,120.227,5,0.769531,1,0.0667087
1306,2731.9,167.763,119.847,5,0.777344,1,0.0699527
1307,2749.33,159.593,119.847,5,0.75,1,0.0666894
1308,1800.39,153.462,120.227,4,0.762695,1,0.0699792
1309,2867.41,167.368,119.847,5,0.756836,1,0.0733713
1310,1744.03,153.608,119.462,4,0.732422,1,0.0699815
1311,2749.33,157.118,119.462,5,0.729492,1,0.0699978
1312,1798.09,149.847,119.462,4,0.726562,1,0.0633235
1313,2823.1,144.264,119.847,5,0.714844,1,0.0615262
1314,1760.49,155.686,119.462,4,0.724609,1,0.071801
1315,2736.29,161.467,119.071,5,0.74707,1,0.0699952
1316,2791.31,156.406,119.847,5,0.741211,1,0.0733346
1317,1813.59,157.272,119.847,4,0.750977,1,0.0666879
1318,2849.48,157.764,119.847,5,0.736328,1,0.0666474
1319,2731.9,173.23,119.847,5,0.792969,1,0.0733318
1320,1755.09,157.763,119.847,4,0.753906,1,0.0700004
1321,2736.29,163.157,119.847,5,0.766602,1,0.0666865
1322,2731.9,154.86,119.847,5,0.737305,1,0.0733139
1323,2731.9,162.602,119.847,5,0.758789,1,0.0666436
1324,1781.23,156.801,120.227,4,0.759766,1,0.0667033
1325,1757.8,150.897,119.847,4,0.725586,1,0.0732982
1326,1757.8,163.385,119.847,4,0.75,1,0.0699981
1327,2860.33,173.164,120.227,5,0.785156,1,0.0648723
1328,2826.95,170.379,120.227,5,0.796875,1,0.0685029
1329,4140.23,166.892,119.071,6,0.750977,1,0.0633534
1330,2757.91,158.496,117.45,5,0.72168,1,0.0648148
1331,2731.9,156.53,119.847,5,0.744141,1,0.0684983
1332,3974.91,168.007,119.847,6,0.764648,1,0.0700004
1333,4057.57,169.272,119.071,6,0.758789,1,0.0733126
1334,1755.09,150.558,120.227,4,0.740234,1,0.0666869
1335,1755.09,162.301,120.227,4,0.776367,1,0.0475296
1336,2803.43,161.4,119.847,5,0.750977,1,0.05917
1337,1776.18,155.147,114.366,4,0.705078,1,0.0560783
1338,2795.37,156.079,119.847,5,0.726562,1,0.0661148
1339,1755.09,152.201,119.847,4,0.727539,1,0.0569738
1340,2766.4,165.245,119.847,5,0.764648,1,0.0709757
1341,1768.44,148.953,119.847,4,0.717773,1,0.0617891
1342,1746.82,147.855,116.603,4,0.691406,1,0.0696398
1343,4186.5,169.911,120.227,6,0.789062,1,0.0565341
1344,2884.52,177.929,120.227,5,0.813477,1,0.0600389
1345,2731.9,159.985,119.847,5,0.749023,1,0.0570436
1346,1819.76,158.85,119.462,4,0.74707,1,0.0546206
1347,1768.44,164.795,120.227,4,0.789062,1,0.0593701
1348,4166.27,175.163,119.847,6,0.806641,1,0.062347
1349,1702.88,154.638,119.847,4,0.744141,1,0.0599332
1350,2867.41,159.963,119.071,5,0.723633,1,0.0668483
1351,1757.8,157.337,119.462,4,0.724609,1,0.0616311
1352,2783.1,155.193,120.227,5,0.742188,1,0.0610151
1353,1717.99,151.796,119.847,4,0.746094,1,0.0649251
1354,2830.78,163.667,120.227,5,0.753906,1,0.0712698
1355,2860.33,161.869,119.847,5,0.736328,1,0.0645993
1356,1757.8,170.143,120.227,4,0.792969,1,0.0623918
1357,2826.95,161.904,119.847,5,0.763672,1,0.0390414
1358,2849.48,161.598,119.071,5,0.734375,1,0.0394633
1359,2853.13,163.964,116.603,5,0.731445,1,0.040231
1360,1809.31,149.45,119.847,4,0.730469,1,0.0390371
1361,2736.29,155.232,119.847,5,0.732422,1,0.0308155
1362,2884.52,175.566,120.227,5,0.8125,1,0.0313137
1363,1765.81,165.399,120.227,4,0.796875,1,0.0341322
1364,2731.9,153.175,119.462,5,0.726562,1,0.0321535
1365,1823.71,144.872,119.847,4,0.716797,1,0.032672
1366,2845.8,146.322,119.847,5,0.714844,1,0.0320623
1367,4057.57,166.394,119.847,6,0.774414,1,0.0325675
1368,1690.48,146.917,119.071,4,0.708008,1,0.0326675
1369,1802.66,170.036,120.227,4,0.806641,1,0.0315432
1370,2731.9,155.62,119.847,5,0.739258,1,0.0384131
1371,1760.49,160.396,119.847,4,0.744141,1,0.0316471
1372,2731.9,169.548,120.227,5,0.817383,1,0.0330865
1373,1757.8,154.057,120.227,4,0.749023,1,0.0312835
1374,2778.96,156.096,119.847,5,0.716797,1,0.032071
1375,1793.4,167.781,119.847,4,0.783203,1,0.0355607
1376,2826.95,169.179,119.847,5,0.772461,1,0.0313451
1377,4107.95,169.111,119.847,6,0.773438,1,0.0330278
1378,1778.72,161.922,120.227,4,0.77832,1,0.0307286
1379,2887.84,164.156,120.227,5,0.762695,1,0.0326103
1380,1807.12,158.137,120.227,4,0.771484,1,0.0315244
1381,1800.39,156.262,119.071,4,0.725586,1,0.0326365
1382,2731.9,156.024,120.227,5,0.75293,1,0.0328229
1383,2736.29,157.851,119.462,5,0.736328,1,0.0322193
1384,2731.9,157.851,119.847,5,0.754883,1,0.0314829
1385,1786.17,167.77,119.847,4,0.759766,1,0.0333788
1386,1781.23,151.404,119.462,4,0.71875,1,0.0319162
1387,1757.8,164.489,120.227,4,0.78418,1,0.0320833
1388,1732.64,149.435,119.071,4,0.714844,1,0.0309482
1389,2778.96,155.242,120.227,5,0.75293,1,0.0296868
1390,1802.66,162.591,120.227,4,0.762695,1,0.0318684
1391,1793.4,151.263,119.847,4,0.728516,1,0.0324366
1392,2731.9,172.359,119.847,5,0.777344,1,0.0294693
1393,1800.39,161.582,119.071,4,0.726562,1,0.0315684
1394,2799.41,165.93,119.462,5,0.749023,1,0.0339175
1395,2770.61,165.786,120.227,5,0.763672,1,0.031727
1396,2766.4,161.216,120.227,5,0.761719,1,0.0322657
1397,2783.1,156.197,119.847,5,0.736328,1,0.039763
1398,2736.29,164.102,119.847,5,0.772461,1,0.0414695
1399,1746.82,159.654,120.227,4,0.767578,1,0.0591078
1400,1802.66,163.099,119.847,4,0.756836,1,0.073973
1401,2740.66,171.803,119.462,5,0.78125,1,0.0613761
1402,2807.41,163.312,120.227,5,0.760742,1,0.0656722
1403,2819.22,156.351,119.847,5,0.744141,1,0.0574886
1404,1757.8,161.929,120.227,4,0.777344,1,0.0599583
1405,1696.71,149.208,119.071,4,0.708984,1,0.0636728
1406,4057.57,162.192,120.227,6,0.770508,1,0.057972
1407,2757.91,158.95,119.847,5,0.745117,1,0.063139
1408,4057.57,164.274,120.227,6,0.765625,1,0.0600799
1409,4140.23,161.904,119.847,6,0.75,1,0.0729834
1410,2823.1,156.224,120.227,5,0.766602,1,0.063939
1411,1760.49,147.475,119.847,4,0.724609,1,0.0584245
1412,1760.49,158.976,118.675,4,0.735352,1,0.0607831
1413,2863.89,153.52,119.847,5,0.72168,1,0.0632073
1414,1800.39,160.243,119.462,4,0.744141,1,0.0563324
1415,1771.04,149.308,119.847,4,0.71875,1,0.0568303
1416,1757.8,158.303,119.847,4,0.745117,1,0.061356
1417,1723.91,152.681,119.847,4,0.729492,1,0.0602416
1418,2823.1,160.896,119.847,5,0.74707,1,0.0581806
1419,1802.66,157.849,119.462,4,0.736328,1,0.0522514
1420,1729.75,167.291,120.227,4,0.783203,1,0.0693334
1421,1791.02,163.87,119.847,4,0.764648,1,0.0649553
1422,1760.49,150.204,119.847,4,0.72168,1,0.0715269
1423,1768.44,149.28,119.847,4,0.727539,1,0.0638918
1424,1717.99,166.088,119.847,4,0.779297,1,0.0640157
1425,1757.8,161.651,119.847,4,0.768555,1,0.0679355
1426,2770.61,171.96,120.227,5,0.797852,1,0.0733792
1427,4057.57,160.933,119.462,6,0.734375,1,0.0621481
1428,1757.8,152.422,119.847,4,0.746094,1,0.061145
1429,1702.88,161.606,119.847,4,0.763672,1,0.0713946
1430,1717.99,150.466,119.847,4,0.720703,1,0.0917673
1431,2749.33,158.525,119.847,5,0.732422,1,0.0766616
1432,2830.78,159.525,119.847,5,0.75,1,0.0611042
1433,2749.33,152.358,119.462,5,0.722656,1,0.0688991
1434,2731.9,167.801,119.847,5,0.764648,1,0.0666229
1435,1768.44,163.703,120.227,4,0.780273,1,0.0700425
1436,2783.1,166.671,119.847,5,0.760742,1,0.0666461
1437,2823.1,159.049,119.847,5,0.741211,1,0.0633332
1438,2823.1,155.302,118.273,5,0.722656,1,0.0666699
1439,1802.66,161.719,119.462,4,0.729492,1,0.0666634
1440,1786.17,163.884,120.227,4,0.764648,1,0.0648579
1441,2753.63,166.339,120.227,5,0.775391,1,0.0684535
1442,7753.6,159.833,118.675,8,0.711914,1,0.0700221
1443,2736.29,165.958,120.227,5,0.775391,1,0.0682005
1444,2778.96,149.9,119.847,5,0.728516,1,0.0684868
1445,2826.95,169.087,120.227,5,0.779297,1,0.069979
1446,1752.35,152.927,119.071,4,0.720703,1,0.0648613
1447,4057.57,155.634,119.847,6,0.726562,1,0.0684707
1448,1763.17,165.956,120.227,4,0.775391,1,0.0648904
1449,1757.8,162.073,119.847,4,0.745117,1,0.0653737
1450,1768.44,154.91,119.071,4,0.72168,1,0.0664062
1451,2834.58,157.642,120.227,5,0.754883,1,0.0666747
1452,1757.8,157.097,119.847,4,0.74707,1,0.0538147
1453,4225.24,170.899,120.227,6,0.793945,1,0.0678426
1454,7753.6,168.712,119.847,8,0.764648,1,0.0584775
1455,1696.71,174.103,118.273,4,0.776367,1,0.0712994
1456,2826.95,145.55,119.847,5,0.717773,1,0.0642069
1457,1744.03,150.422,120.227,4,0.733398,1,0.0638662
1458,1798.09,161.847,120.227,4,0.774414,1,0.0634014
1459,1757.8,159.451,119.847,4,0.753906,1,0.0630477
1460,1696.71,151.208,120.227,4,0.755859,1,0.0632932
1461,4107.95,175.386,119.847,6,0.78125,1,0.0545873
1462,2838.35,157.041,119.847,5,0.736328,1,0.0653396
1463,1763.17,161.899,120.227,4,0.770508,1,0.0746862
1464,2823.1,169.55,119.847,5,0.770508,1,0.0641403
1465,2757.91,168.447,119.847,5,0.760742,1,0.0682186
1466,2774.8,163.514,119.847,5,0.758789,1,0.075655
1467,2823.1,172.615,120.227,5,0.789062,1,0.0624361
1468,2811.38,147.241,116.603,5,0.700195,1,0.0632212
1469,2887.84,165.713,120.227,5,0.768555,1,0.0665064
1470,4176.45,157.391,117.45,6,0.712891,1,0.070284
1471,1802.66,166.023,119.847,4,0.759766,1,0.0580596
1472,2823.1,156.559,119.462,5,0.727539,1,0.0345614
1473,1778.72,162.534,120.227,4,0.763672,1,0.0367283
1474,1749.6,152.303,119.847,4,0.741211,1,0.0372065
1475,1765.81,165.031,119.847,4,0.75293,1,0.0314457
1476,1781.23,167.518,120.227,4,0.804688,1,0.0311755
1477,1791.02,170.297,120.227,4,0.802734,1,0.0288905
1478,2749.33,156.052,120.227,5,0.755859,1,0.0382695
1479,1800.39,144.684,118.675,4,0.701172,1,0.0325062
1480,2766.4,171.157,119.847,5,0.775391,1,0.0319084
1481,2731.9,157.574,119.847,5,0.765625,1,0.0333189
1482,2740.66,153.605,119.847,5,0.720703,1,0.0383735
1483,2774.8,166.453,120.227,5,0.803711,1,0.0317726
1484,2736.29,172.776,119.847,5,0.771484,1,0.0319579
1485,2791.31,155.6,120.227,5,0.754883,1,0.0314537
1486,1776.18,158.237,119.847,4,0.745117,1,0.0315474
1487,1735.52,152.669,119.847,4,0.733398,1,0.0491245
1488,4118.83,160.958,119.462,6,0.748047,1,0.0440414
1489,4091.41,157.942,119.071,6,0.730469,1,0.0699765
1490,2745.01,164.427,119.462,5,0.757812,1,0.0600248
1491,1802.66,159.9,119.847,4,0.760742,1,0.053303
1492,1811.47,154.704,119.847,4,0.749023,1,0.0500254
1493,1699.8,147.941,118.273,4,0.710938,1,0.0499758
1494,1755.09,153.039,119.071,4,0.734375,1,0.0533324
1495,1804.91,156.442,120.227,4,0.75,1,0.0533566
1496,2826.95,159.078,119.847,5,0.748047,1,0.0533083
1497,1757.8,172.165,119.847,4,0.795898,1,0.0566681
1498,2731.9,157.68,119.847,5,0.746094,1,0.0533318
1499,5778.21,163.068,119.847,7,0.746094,1,0.0533334
