398.265
0,114.366,7.51732,4,1,0.0332031,0,0.00990507
1,434.818,8.7323,4,2,0.0390625,0,0.0201796
2,109.829,7.52864,4,1,0.03125,0,0.0267135
3,435.127,10.3401,5,2,0.0527344,0,0.0216734
4,435.149,9.61437,5,2,0.0390625,0,0.021634
5,435.117,9.0854,5,2,0.0390625,0,0.0169363
6,434.639,9.03161,5,2,0.0390625,0,0.0173145
7,435.151,9.24702,5,2,0.0341797,0,0.0207851
8,435.053,10.6314,5,2,0.0527344,0,0.0149482
9,435.151,9.75492,5,2,0.0429688,0,0.0094645
10,434.781,10.181,5,2,0.0507812,0,0.00852537
11,435.127,11.3523,5,2,0.0576172,0,0.0153949
12,434.954,11.327,5,2,0.0566406,0,0.019599
13,435.117,10.132,5,2,0.0478516,0,0.0194371
14,435.149,9.82487,5,2,0.046875,0,0.0191003
15,435.151,10.0564,6,2,0.046875,0,0.0193776
16,113.419,9.89551,5,1,0.046875,0,0.0208134
17,435.149,10.9733,6,2,0.0527344,0,0.0179021
18,110.903,10.9607,6,1,0.0566406,0,0.019557
19,435.149,10.5104,6,2,0.046875,0,0.017358
20,435.053,10.5053,6,2,0.0498047,0,0.0130035
21,435.117,11.3436,6,2,0.0527344,0,0.00857041
22,435.053,11.2495,6,2,0.0537109,0,0.019006
23,435.127,12.126,6,2,0.0625,0,0.0262777
24,1012.52,11.1815,6,3,0.046875,0,0.0266298
25,435.127,12.0548,6,2,0.0605469,0,0.0199988
26,1010.21,11.1786,6,3,0.0498047,0,0.0199694
27,434.954,11.3121,6,2,0.0546875,0,0.0233853
28,435.151,12.2854,6,2,0.0605469,0,0.0153115
29,435.127,11.1472,6,2,0.0517578,0,0.0174971
30,111.937,11.0968,6,1,0.0556641,0,0.00959885
31,435.127,10.6398,6,2,0.046875,0,0.00939192
32,435.151,10.899,6,2,0.0498047,0,0.0159888
33,434.954,11.0486,6,2,0.0478516,0,0.0254937
34,435.053,11.5864,6,2,0.0517578,0,0.0273574
35,435.149,11.5969,6,2,0.0517578,0,0.0200765
36,435.149,12.395,6,2,0.0546875,0,0.0198651
37,1846.55,12.6783,6,4,0.0478516,0,0.0199114
38,435.151,13.3695,6,2,0.0693359,0,0.0176511
39,434.818,11.0966,6,2,0.0488281,0,0.0125154
40,434.954,11.5928,6,2,0.0546875,0,0.0125845
41,435.151,14.4171,6,2,0.0742188,0,0.0114836
42,435.149,10.7624,6,2,0.0488281,0,0.0113482
43,435.151,10.7969,6,2,0.0488281,0,0.0156789
44,435.076,12.3879,6,2,0.0634766,0,0.0199048
45,435.053,11.6793,6,2,0.0576172,0,0.0197408
46,435.151,10.7424,6,2,0.0429688,0,0.0200943
47,435.149,10.9767,6,2,0.0488281,0,0.0217006
48,110.903,10.9775,6,1,0.0517578,0,0.0202099
49,434.639,11.0648,6,2,0.0517578,0,0.0182047
50,435.117,11.5121,6,2,0.0537109,0,0.0111886
51,435.127,11.2523,6,2,0.0517578,0,0.0107599
52,435.151,12.2928,6,2,0.0585938,0,0.0107495
53,435.127,14.0966,6,2,0.0761719,0,0.0107209
54,435,13.0819,6,2,0.0673828,0,0.0111877
55,1001.24,13.175,6,3,0.0634766,0,0.010687
56,113.897,11.8093,6,1,0.0605469,0,0.00953925
57,435.151,12.141,6,2,0.0595703,0,0.0151107
58,435.127,13.1895,6,2,0.0683594,0,0.0350429
59,1011.31,12.4113,6,3,0.0566406,0,0.0233769
60,1012.18,12.6739,6,3,0.0566406,0,0.0299792
61,435.151,14.121,6,2,0.0712891,0,0.0236081
62,435.149,11.6385,6,2,0.0556641,0,0.0199959
63,435.117,13.5686,6,2,0.0683594,0,0.0110418
64,435.117,12.8318,6,2,0.0615234,0,0.0108122
65,1011.78,14.7928,6,3,0.078125,0,0.0115082
66,435.149,14.5392,6,2,0.0810547,0,0.0131041
67,110.371,11.456,6,1,0.0527344,0,0.0199062
68,435.151,12.9808,6,2,0.0634766,0,0.0267425
69,435.151,13.859,6,2,0.0625,0,0.0266227
70,435.127,13.6273,6,2,0.0703125,0,0.0233562
71,435.151,13.437,6,2,0.0683594,0,0.0299717
72,435.053,14.9031,7,2,0.0791016,0,0.0200408
73,434.954,13.7121,7,2,0.0664062,0,0.0132065
74,435.149,14.4027,6,2,0.0742188,0,0.0119269
75,1011.78,14.0216,7,3,0.0634766,0,0.0118829
76,435.151,12.0782,7,2,0.0498047,0,0.0108969
77,435.117,13.6134,7,2,0.0703125,0,0.0131707
78,435.149,14.7242,7,2,0.0712891,0,0.0173101
79,435.053,13.674,7,2,0.0654297,0,0.0206553
80,1008.92,15.1548,7,3,0.0673828,0,0.0211669
81,435.149,14.4373,7,2,0.0771484,0,0.0208023
82,435.151,14.5196,7,2,0.0703125,0,0.0209421
83,435.127,13.6902,7,2,0.0673828,0,0.0210327
84,435.151,14.0441,7,2,0.0664062,0,0.0169633
85,435.151,15.9499,7,2,0.0878906,0,0.0185103
86,1012.18,13.8102,7,3,0.0625,0,0.0135744
87,435.127,14.262,7,2,0.0703125,0,0.0116882
88,435.053,12.682,7,2,0.0585938,0,0.0229123
89,435.149,15.3469,7,2,0.0810547,0,0.0266679
90,435.151,12.8183,7,2,0.0595703,0,0.0299771
91,435.127,12.9154,6,2,0.0615234,0,0.0233126
92,435.151,14.9856,7,2,0.0791016,0,0.0300203
93,1008.92,13.5665,7,3,0.0625,0,0.0150073
94,435.151,13.4815,7,2,0.0664062,0,0.0119193
95,435.149,13.7041,7,2,0.0664062,0,0.0117279
96,109.829,13.0708,7,1,0.0664062,0,0.0111909
97,435.127,14.686,7,2,0.0742188,0,0.0100021
98,1010.21,14.8234,7,3,0.0722656,0,0.0183059
99,435.117,14.8586,7,2,0.0771484,0,0.0170477
100,435.149,15.2805,7,2,0.0791016,0,0.0213477
101,434.818,11.803,7,2,0.0517578,0,0.0208752
102,435.053,13.3921,7,2,0.0654297,0,0.0211834
103,435.151,14.3986,7,2,0.0722656,0,0.0207843
104,435.127,13.0659,7,2,0.0644531,0,0.0208764
105,435.053,12.9108,7,2,0.0546875,0,0.0154286
106,1011.78,14.5628,7,3,0.0673828,0,0.0119837
107,435.127,13.1965,7,2,0.0605469,0,0.01119
108,435.151,13.9483,7,2,0.0703125,0,0.011237
109,435.117,14.101,7,2,0.0732422,0,0.0101836
110,435.127,15.167,7,2,0.078125,0,0.0263595
111,435.149,13.0735,7,2,0.0605469,0,0.0199981
112,435.076,13.3594,7,2,0.0615234,0,0.0233993
113,435.127,14.1868,7,2,0.0712891,0,0.0266002
114,435.127,14.0567,7,2,0.0742188,0,0.0216001
115,435.151,14.5738,7,2,0.0761719,0,0.0222611
116,434.954,13.7255,8,2,0.0634766,0,0.0160982
117,435.117,13.5537,8,2,0.0644531,0,0.011888
118,435.127,13.7175,7,2,0.0683594,0,0.00987629
119,110.371,13.8864,7,1,0.0722656,0,0.00965029
120,435.127,14.2236,7,2,0.0644531,0,0.0101401
121,435.053,13.4217,8,2,0.0634766,0,0.00787112
122,434.781,13.6047,8,2,0.0634766,0,0.0155691
123,111.425,12.9604,7,1,0.0634766,0,0.0173193
124,1843.9,15.6463,8,4,0.0742188,0,0.0213864
125,435.149,14.4737,8,2,0.0693359,0,0.0216681
126,435.127,13.4819,8,2,0.0605469,0,0.0217802
127,435.149,16.1101,8,2,0.0849609,0,0.021758
128,435.151,15.8296,8,2,0.0839844,0,0.0219493
129,434.954,14.29,8,2,0.0703125,0,0.0143522
130,435.127,14.9365,8,2,0.0712891,0,0.0116367
131,435.149,17.3095,8,2,0.0986328,0,0.0115025
132,435.151,15.2447,8,2,0.0771484,0,0.0114179
133,435.117,16.0347,8,2,0.0820312,0,0.0116675
134,435.149,15.6096,8,2,0.0732422,0,0.0121562
135,435.127,16.5392,8,2,0.0878906,0,0.0197785
136,1008.92,15.9703,8,3,0.0771484,0,0.0299934
137,435.151,20.2109,8,2,0.111328,0,0.0300036
138,1008.92,18.8247,8,3,0.0947266,0,0.0299976
139,435.053,18.6177,8,2,0.105469,0,0.0200255
140,1008.92,17.5426,8,3,0.0830078,0,0.0215216
141,435.151,19.2274,8,2,0.103516,0,0.0181458
142,1008.92,17.1918,8,3,0.0849609,0,0.0116258
143,435.151,15.4894,8,2,0.0751953,0,0.0105691
144,435.151,20.0731,8,2,0.110352,0,0.010638
145,435.151,19.5969,8,2,0.106445,0,0.0103558
146,435.149,20.6678,8,2,0.116211,0,0.01122
147,435.151,18.4699,8,2,0.0986328,0,0.0142396
148,435.151,20.528,8,2,0.111328,0,0.0224844
149,435.151,21.6615,8,2,0.12207,0,0.0224126
150,435.149,20.4216,9,2,0.118164,0,0.0225765
151,1008.92,22.1418,9,3,0.125977,0,0.022607
152,435.151,20.6546,9,2,0.121094,0,0.0227711
153,435.149,21.5173,9,2,0.115234,0,0.0172615
154,995.918,23.302,9,3,0.134766,0,0.0121296
155,435.127,21.2236,9,2,0.119141,0,0.0127679
156,435.151,21.0876,9,2,0.118164,0,0.0119914
157,435.151,21.2477,9,2,0.116211,0,0.0110851
158,435.149,23.8076,9,2,0.134766,0,0.010754
159,435.127,22.9113,9,2,0.131836,0,0.00982644
160,435.151,21.5846,9,2,0.129883,0,0.0152901
161,1011.31,25.4162,9,3,0.146484,0,0.0232803
162,1011.78,23.5023,9,3,0.128906,0,0.0216222
163,435.151,19.8811,9,2,0.113281,0,0.0188193
164,1009.59,26.5085,9,3,0.144531,0,0.0239352
165,1011.31,23.3274,9,3,0.128906,0,0.0333348
166,435.151,26.1583,9,2,0.160156,0,0.0245575
167,435.151,27.4063,9,2,0.161133,0,0.0165244
168,1009.59,26.3474,9,3,0.151367,0,0.0108507
169,1008.92,29.1836,9,3,0.166992,0,0.0107608
170,435.149,25.2248,9,2,0.148438,0,0.008894
171,1009.59,24.7741,9,3,0.141602,0,0.0217464
172,1011.31,30.5597,9,3,0.189453,0,0.0233319
173,435.151,27.4082,9,2,0.166016,0,0.0300744
174,1008.92,31.1199,9,3,0.192383,0,0.0299561
175,1011.31,27.7276,9,3,0.162109,0,0.029996
176,1008.92,28.8769,9,3,0.174805,0,0.0218618
177,435.151,29.5756,9,2,0.172852,0,0.0132646
178,435.151,27.1024,9,2,0.162109,0,0.0130979
179,435.151,29.0044,9,2,0.178711,0,0.0134767
180,1008.92,30.9939,9,3,0.182617,0,0.0134277
181,1011.31,29.3304,9,3,0.166992,0,0.0242945
182,1011.78,35.9108,9,3,0.208008,0,0.0244719
183,435.151,27.8215,9,2,0.169922,0,0.0191405
184,1010.21,28.9534,9,3,0.176758,0,0.0242948
185,435.151,28.808,9,2,0.178711,0,0.0244272
186,1843.9,33.7019,9,4,0.194336,0,0.0196263
187,1010.79,30.6877,9,3,0.185547,0,0.0131474
188,1008.92,33.5641,9,3,0.206055,0,0.0127577
189,1008.92,33.2217,9,3,0.197266,0,0.0128843
190,435.151,31.0925,9,2,0.191406,0,0.0127667
191,1008.92,31.5885,9,3,0.195312,0,0.0128378
192,435.149,33.5744,9,2,0.201172,0,0.0129626
193,435.151,36.4857,9,2,0.230469,0,0.021777
194,1008.92,34.0964,9,3,0.203125,0,0.0427917
195,435.151,35.8405,9,2,0.224609,0,0.0250543
196,435.151,36.5602,9,2,0.228516,0,0.0249713
197,435.151,33.572,9,2,0.205078,0,0.0236921
198,1008.92,32.607,9,3,0.201172,0,0.0226392
199,435.151,35.3976,9,2,0.225586,0,0.013927
200,1009.59,35.0057,9,3,0.21875,0,0.0135628
201,1009.59,36.5636,9,3,0.230469,0,0.0112878
202,1008.92,36.1875,10,3,0.226562,0,0.0161123
203,1008.92,36.29,9,3,0.230469,0,0.0247583
204,435.151,37.396,10,2,0.235352,0,0.0251128
205,1008.92,39.8108,11,3,0.24707,0,0.0251278
206,435.149,33.497,10,2,0.21582,0,0.0250276
207,1009.59,38.3515,11,3,0.246094,0,0.0243089
208,1010.21,39.6457,10,3,0.253906,0,0.0183668
209,435.151,37.7286,11,2,0.249023,0,0.0140128
210,1008.92,40.6451,11,3,0.257812,0,0.0132071
211,1011.31,37.6217,10,3,0.245117,0,0.0131527
212,1009.59,40.7016,10,3,0.248047,0,0.0130991
213,1012.18,40.0745,10,3,0.261719,0,0.0125934
214,1010.21,41.0049,10,3,0.257812,0,0.0172125
215,1011.31,39.1121,11,3,0.259766,0,0.0294388
216,1009.59,40.1076,10,3,0.241211,0,0.0267179
217,1008.92,36.6063,10,3,0.229492,0,0.0266159
218,1008.92,43.759,10,3,0.280273,0,0.0266663
219,1008.92,41.0279,11,3,0.265625,0,0.020126
220,435.151,40.7609,11,2,0.283203,0,0.0265687
221,1011.31,40.8438,9,3,0.255859,0,0.0222626
222,1010.21,42.9475,11,3,0.276367,0,0.0177185
223,1008.92,43.0839,11,3,0.264648,0,0.020916
224,1009.59,37.5007,10,3,0.246094,0,0.0252537
225,435.151,38.3212,10,2,0.245117,0,0.0253393
226,1008.92,41.1235,11,3,0.267578,0,0.0246935
227,435.151,40.3664,10,2,0.259766,0,0.0252202
228,1008.92,42.4984,10,3,0.257812,0,0.0223878
229,1010.21,45.03,11,3,0.293945,0,0.013237
230,435.151,42.9061,11,2,0.27832,0,0.0131948
231,435.151,38.4723,10,2,0.253906,0,0.0131714
232,1008.21,45.943,10,3,0.297852,0,0.0138165
233,1008.92,41.1847,10,3,0.265625,0,0.0146232
234,1837.92,43.2674,11,4,0.282227,0,0.0281673
235,1010.21,42.3722,11,3,0.277344,0,0.0333368
236,1010.21,45.2542,11,3,0.283203,0,0.033306
237,435.151,41.158,11,2,0.262695,0,0.0273835
238,1007.46,44.958,11,3,0.294922,0,0.0194806
239,1011.31,42.5207,11,3,0.277344,0,0.0187732
240,1008.92,41.8041,10,3,0.263672,0,0.0142651
241,1008.92,43.8645,10,3,0.267578,0,0.0118419
242,1008.92,46.9503,11,3,0.303711,0,0.0114826
243,1008.92,42.5855,11,3,0.274414,0,0.0118034
244,435.151,41.9068,11,2,0.271484,0,0.0216893
245,435.151,44.5354,11,2,0.291016,0,0.0204683
246,435.151,40.4699,11,2,0.269531,0,0.0233299
247,1009.59,46.5191,12,3,0.299805,0,0.0328017
248,1012.18,50.1398,11,3,0.317383,0,0.0214846
249,1007.46,41.0818,11,3,0.263672,0,0.0252222
250,1008.92,50.4743,12,3,0.321289,0,0.0209874
251,1008.92,45.8208,11,3,0.300781,0,0.0184113
252,1008.92,46.8298,11,3,0.299805,0,0.0144591
253,1011.31,47.7545,11,3,0.299805,0,0.025739
254,1012.18,49.8395,11,3,0.314453,0,0.0256393
255,1009.59,49.2744,12,3,0.317383,0,0.0211466
256,1843.9,50.5707,11,4,0.316406,0,0.0245818
257,1011.31,45.3473,12,3,0.299805,0,0.0307197
258,1008.92,43.9994,11,3,0.291016,0,0.0198232
259,435.149,48.3628,12,2,0.316406,0,0.0159659
260,1008.92,46.2606,11,3,0.299805,0,0.0166186
261,1008.92,45.4212,11,3,0.298828,0,0.010682
262,1008.92,46.3674,12,3,0.292969,0,0.0251923
263,1011.31,49.2176,12,3,0.323242,0,0.0266651
264,1010.21,55.0284,13,3,0.352539,0,0.0333067
265,1008.92,47.489,12,3,0.306641,0,0.0266928
266,1008.92,52.5502,12,3,0.330078,0,0.0231105
267,1008.92,45.1108,12,3,0.285156,0,0.0211305
268,435.151,41.2977,12,2,0.292969,0,0.0137208
269,1011.78,45.5936,12,3,0.294922,0,0.0117255
270,1011.31,52.3853,12,3,0.334961,0,0.0136862
271,1008.92,55.4687,12,3,0.352539,0,0.0140818
272,1011.31,50.0652,13,3,0.316406,0,0.0159248
273,1008.92,51.1185,13,3,0.337891,0,0.0299502
274,1008.92,50.3437,13,3,0.333008,0,0.030004
275,1008.92,46.396,13,3,0.306641,0,0.0333077
276,435.151,50.6355,12,2,0.333008,0,0.0333253
277,1843.9,48.7359,12,4,0.304688,0,0.0129781
278,435.151,46.5255,13,2,0.308594,0,0.0190139
279,1010.21,50.4178,13,3,0.325195,0,0.0141603
280,1008.92,50.0121,12,3,0.317383,0,0.0134155
281,1008.92,47.6171,12,3,0.298828,0,0.0204087
282,1008.92,44.7183,12,3,0.288086,0,0.0300292
283,1008.92,49.6508,13,3,0.319336,0,0.0299997
284,1011.31,51.5394,13,3,0.338867,0,0.0300295
285,1008.92,47.1402,12,3,0.294922,0,0.0233474
286,1011.31,48.8948,13,3,0.321289,0,0.0199579
287,1008.92,49.9484,13,3,0.332031,0,0.0202739
288,1011.31,47.9818,13,3,0.314453,0,0.0140155
289,1011.31,53.619,13,3,0.349609,0,0.0138248
290,435.151,48.2548,13,2,0.313477,0,0.00886865
291,435.151,47.1027,13,2,0.30957,0,0.0197234
292,1008.92,52.4125,13,3,0.349609,0,0.023263
293,1011.31,50.4641,12,3,0.326172,0,0.03338
294,1008.92,48.1881,13,3,0.325195,0,0.0233762
295,1843.9,49.1767,13,4,0.316406,0,0.0332906
296,1011.31,47.5497,13,3,0.320312,0,0.021501
297,1008.92,47.479,13,3,0.316406,0,0.0122069
298,1007.46,45.9407,12,3,0.298828,0,0.0139698
299,1008.92,51.0675,13,3,0.318359,0,0.0138151
300,1009.59,51.0317,13,3,0.329102,0,0.00911194
301,1011.78,50.9345,13,3,0.332031,0,0.0132616
302,435.151,47.254,13,2,0.313477,0,0.0246887
303,435.151,45.072,13,2,0.306641,0,0.0280736
304,1011.78,50.1649,13,3,0.327148,0,0.0433619
305,1009.59,51.8062,13,3,0.326172,0,0.0299989
306,435.127,46.3585,12,2,0.304688,0,0.0177879
307,1011.31,51.5451,13,3,0.337891,0,0.0162353
308,1004.99,52.925,13,3,0.342773,0,0.0147868
309,1843.9,52.2337,13,4,0.332031,0,0.0145285
310,1011.31,51.6429,13,3,0.322266,0,0.016662
311,1008.92,58.0492,13,3,0.359375,0,0.0333039
312,1011.31,50.3154,12,3,0.328125,0,0.029974
313,1008.92,50.3886,13,3,0.317383,0,0.0233607
314,1011.78,51.0354,13,3,0.333984,0,0.0233544
315,1004.1,47.9085,13,3,0.320312,0,0.0258309
316,1008.92,52.7478,13,3,0.356445,0,0.01616
317,1008.92,50.8189,13,3,0.334961,0,0.0171709
318,1012.52,52.5944,13,3,0.341797,0,0.0119442
319,435.151,48.1007,13,2,0.322266,0,0.0218889
320,1008.92,58.9446,13,3,0.374023,0,0.0303167
321,1011.78,50.0805,13,3,0.325195,0,0.0433093
322,1843.9,53.6745,13,4,0.34375,0,0.0363977
323,1008.92,49.3197,13,3,0.317383,0,0.0234271
324,1008.92,55.4056,13,3,0.345703,0,0.0143973
325,1008.92,51.5422,13,3,0.313477,0,0.0121062
326,1843.9,52.6307,13,4,0.329102,0,0.0170029
327,1008.92,51.1814,13,3,0.336914,0,0.040028
328,1843.9,53.8802,13,4,0.345703,0,0.0300001
329,1008.92,48.641,13,3,0.305664,0,0.0333364
330,435.151,54.3422,13,2,0.358398,0,0.0233685
331,2951.77,53.0081,13,5,0.336914,0,0.019445
332,1008.92,51.872,13,3,0.336914,0,0.0175078
333,1008.21,55.337,13,3,0.364258,0,0.0155697
334,1010.21,49.5311,13,3,0.324219,0,0.0374782
335,1008.92,53.2499,13,3,0.339844,0,0.0366486
336,1841.02,47.73,13,4,0.305664,0,0.0300305
337,1008.21,50.5568,13,3,0.328125,0,0.0300077
338,1008.92,48.9891,13,3,0.311523,0,0.0209368
339,435.151,52.7774,13,2,0.356445,0,0.0121251
340,1009.59,57.5777,13,3,0.347656,0,0.0123598
341,1008.92,54.7917,13,3,0.345703,0,0.014243
342,1006.68,60.8782,13,3,0.370117,0,0.0236789
343,1011.78,58.4157,13,3,0.367188,0,0.0265936
344,1008.92,58.6802,13,3,0.360352,0,0.0200025
345,2947.39,62.4149,13,5,0.380859,0,0.0266907
346,1008.92,57.0477,14,3,0.355469,0,0.0233541
347,1012.18,64.1572,15,3,0.394531,0,0.0266513
348,1009.59,56.9765,13,3,0.344727,0,0.0266464
349,1008.92,64.4079,15,3,0.375977,0,0.013969
350,1011.31,59.2799,15,3,0.369141,0,0.0154929
351,1008.92,59.0409,15,3,0.364258,0,0.0213012
352,1834.62,60.9744,15,4,0.357422,0,0.0291819
353,1005.85,57.7761,15,3,0.361328,0,0.0433307
354,1008.92,59.3494,15,3,0.374023,0,0.0371106
355,1004.1,52.7942,15,3,0.333008,0,0.0212838
356,1837.92,57.3876,15,4,0.34668,0,0.0130493
357,1008.92,56.3807,15,3,0.361328,0,0.0150229
358,1008.92,55.3054,15,3,0.350586,0,0.0128669
359,435.151,58.3848,15,2,0.378906,0,0.0158232
360,1004.1,60.9141,15,3,0.375977,0,0.0282173
361,1005.85,56.4587,15,3,0.365234,0,0.036655
362,435.151,57.9838,15,2,0.366211,0,0.0300231
363,2947.39,64.4157,15,5,0.394531,0,0.0200204
364,1007.46,61.9539,15,3,0.384766,0,0.0249122
365,1006.68,63.429,15,3,0.387695,0,0.0279894
366,1819.76,58.3969,15,4,0.362305,0,0.0270797
367,1005.85,63.6958,16,3,0.384766,0,0.0399773
368,1007.46,68.3827,17,3,0.421875,0,0.0333293
369,1007.46,61.6717,15,3,0.380859,0,0.0294042
370,1010.21,67.3826,15,3,0.386719,0,0.0217557
371,1841.02,68.8401,15,4,0.417969,0,0.0187946
372,1008.92,59.4154,17,3,0.380859,0,0.0162181
373,1007.46,61.5927,15,3,0.375977,0,0.0210099
374,1007.46,68.1533,17,3,0.407227,0,0.0266744
375,1008.92,66.4344,17,3,0.404297,0,0.039467
376,1819.76,71.4065,17,4,0.435547,0,0.0299981
377,1008.21,62.2869,17,3,0.374023,0,0.0249413
378,1005.85,75.0609,17,3,0.435547,0,0.022564
379,1831.15,71.8038,17,4,0.442383,0,0.0161614
380,1008.92,71.5397,17,3,0.421875,0,0.0163156
381,1005.85,65.14,17,3,0.408203,0,0.0166898
382,1004.1,63.5804,17,3,0.394531,0,0.0276571
383,1005.85,62.7744,17,3,0.383789,0,0.0310791
384,1819.76,73.0321,17,4,0.424805,0,0.0285438
385,1839.49,69.1423,17,4,0.422852,0,0.0255423
386,1008.92,69.6709,17,3,0.418945,0,0.0310551
387,1006.68,67.4699,17,3,0.410156,0,0.0173321
388,1004.1,71.5784,17,3,0.424805,0,0.0136226
389,1004.1,74.2963,17,3,0.427734,0,0.0187989
390,1012.18,63.5015,17,3,0.371094,0,0.0321917
391,1005.85,73.3525,19,3,0.439453,0,0.0291914
392,1815.68,70.3326,17,4,0.393555,0,0.0263862
393,994.777,71.2389,19,3,0.438477,0,0.0296804
394,1004.1,76.0343,18,3,0.44043,0,0.0264529
395,1006.68,76.4456,19,3,0.449219,0,0.0269381
396,1004.1,71.9808,19,3,0.432617,0,0.0145442
397,991.21,74.9184,20,3,0.458008,0,0.0228587
398,1841.02,77.6956,19,4,0.448242,0,0.0290707
399,1010.79,78.4097,19,3,0.458008,0,0.035715
400,1834.62,83.6007,21,4,0.473633,0,0.0330002
401,1004.1,73.7172,19,3,0.431641,0,0.0344701
402,1802.66,74.6669,19,4,0.4375,0,0.0207535
403,1807.12,78.8518,21,4,0.442383,0,0.023721
404,1008.92,75.6608,21,3,0.443359,0,0.0213466
405,1831.15,73.69,19,4,0.429688,0,0.0399982
406,1798.09,76.4701,21,4,0.446289,0,0.0500021
407,1802.66,80.4879,21,4,0.459961,0,0.0318408
408,1811.47,87.0224,22,4,0.484375,0,0.0152935
409,1819.76,94.8765,23,4,0.511719,0,0.0161663
410,1783.71,82.829,23,4,0.482422,0,0.0168103
411,2897.56,86.7698,22,5,0.475586,0,0.017226
412,1006.68,82.727,21,3,0.460938,0,0.0172085
413,2874.36,87.5566,21,5,0.461914,0,0.0426598
414,1819.76,83.8287,23,4,0.474609,0,0.0395006
415,1010.79,79.5487,22,3,0.454102,0,0.0399763
416,1836.29,77.813,22,4,0.433594,0,0.0333952
417,1827.51,90.7339,24,4,0.492188,0,0.0279441
418,1793.4,86.1892,27,4,0.487305,0,0.0225017
419,1815.68,87.9402,25,4,0.482422,0,0.0261645
420,2819.22,95.6246,27,5,0.503906,0,0.0400311
421,1007.46,90.837,25,3,0.493164,0,0.0432995
422,1802.66,97.7094,29,4,0.498047,0,0.0400011
423,1009.59,90.7004,31,3,0.5,0,0.0399982
424,1811.47,98.9849,31,4,0.507812,0,0.0267314
425,1765.81,88.8584,31,4,0.481445,0,0.043244
426,1807.12,99.5791,31,4,0.506836,0,0.0666672
427,1811.47,98.704,35,4,0.495117,0,0.042755
428,1811.47,107.272,42,4,0.541016,0,0.0218978
429,2877.78,96.7331,37,5,0.477539,0,0.0200977
430,1005.85,94.9059,37,3,0.477539,0,0.0319688
431,1008.21,107.079,55,3,0.514648,0,0.0566121
432,1802.66,108.483,57,4,0.513672,0,0.0505519
433,4129.59,115.245,56,6,0.526367,0,0.0396365
434,1001.24,111.882,101,3,0.541016,0,0.0325633
435,2870.9,117.414,101,5,0.547852,0,0.034457
436,2891.12,108.542,95,5,0.490234,0,0.0594817
437,1807.12,117.032,101,4,0.542969,0,0.0411007
438,4085.84,111.903,101,6,0.501953,0,0.0437274
439,1845.26,119.868,101,4,0.536133,0,0.0335101
440,1813.59,126.459,101,4,0.579102,0,0.0350129
441,1757.8,118.129,101,4,0.532227,0,0.0364647
442,1755.09,112.735,101,4,0.506836,0,0.0568513
443,2811.38,120.648,101,5,0.53125,0,0.0528208
444,1832.91,114.24,101,4,0.52832,0,0.0340552
445,2787.22,118.27,101,5,0.547852,0,0.0398069
446,1793.4,115.862,101,4,0.519531,0,0.0566493
447,1819.76,120.512,101,4,0.541016,0,0.0514098
448,1807.12,125.024,101,4,0.544922,0,0.0353776
449,1819.76,129.926,101,4,0.592773,0,0.0355573
450,2897.56,127.838,101,5,0.574219,0,0.0409643
451,1800.39,118.208,101,4,0.555664,0,0.0833845
452,2915.92,124.323,101,5,0.564453,0,0.0437208
453,1815.68,123.478,101,4,0.556641,0,0.0292583
454,1813.59,127.086,101,4,0.549805,0,0.0298899
455,2625.3,133.533,101,5,0.560547,0,0.070607
456,2863.89,128.045,101,5,0.576172,0,0.0630692
457,2834.58,134.588,101,5,0.605469,0,0.0366358
458,2686.83,128.444,101,5,0.584961,0,0.0312868
459,2745.01,137.264,101,5,0.615234,0,0.0671808
460,5804.47,141.131,101,7,0.605469,0,0.0581986
461,2887.84,147.661,101,5,0.619141,0,0.0403759
462,1819.76,141.163,101,4,0.620117,0,0.0364107
463,2778.96,142.18,101,5,0.609375,0,0.0632941
464,2877.78,131.51,101,5,0.575195,0,0.0667438
465,1815.68,151.416,101,4,0.666992,0,0.0390593
466,2770.61,153.482,101,5,0.651367,0,0.0265388
467,2774.8,148.332,101,5,0.633789,0,0.0410455
468,4113.41,152.317,101,6,0.642578,0,0.0599721
469,5771.56,144.82,101,7,0.607422,0,0.0566905
470,3230.16,152.664,101,6,0.673828,0,0.0418509
471,5931.34,163.381,101,7,0.666016,0,0.038188
472,5737.72,146.197,101,7,0.626953,0,0.0566029
473,2830.78,157.795,101,5,0.663086,0,0.0413198
474,5357.41,164.339,101,7,0.689453,0,0.0408513
475,5273.59,167.195,101,7,0.697266,0,0.0368114
476,4229.91,165.854,101,6,0.68457,0,0.0384196
477,2877.78,169.987,101,5,0.727539,0,0.067561
478,2745.01,155.55,101,5,0.678711,0,0.0561551
479,3974.91,162.07,101,6,0.703125,0,0.0525169
480,1817.74,167.631,101,4,0.724609,0,0.059716
481,7382.45,168.781,101,8,0.707031,0,0.0602652
482,3868.3,175.336,101,6,0.731445,0,0.0421215
483,6817.54,192.865,101,8,0.754883,0,0.0301232
484,5836.42,177.308,101,7,0.746094,0,0.0375239
485,4063.27,176.23,106.93,6,0.745117,1,0.0699684
486,4243.67,166.946,106.93,6,0.738281,1,0.0532857
487,4257.05,184.058,101,6,0.753906,0,0.0361536
488,4040.28,186.572,101,6,0.760742,0,0.0278937
489,2830.78,179.607,108.709,5,0.780273,1,0.0325519
490,5571.53,206.475,101,7,0.785156,0,0.0742496
491,2921.69,194.817,110.903,5,0.816406,1,0.0658356
492,2807.41,201.665,106.93,5,0.81543,1,0.0460417
493,4161.13,200.68,109.829,6,0.816406,1,0.0402636
494,4134.93,210.26,109.829,6,0.841797,1,0.0688675
495,9975.87,216.387,108.13,9,0.833984,1,0.0539882
496,6893.58,227.387,112.44,8,0.908203,1,0.0417407
497,2887.84,215.774,109.829,5,0.849609,1,0.0313327
498,7645.47,219.305,106.93,8,0.839844,1,0.0611566
499,9828.73,236.073,113.419,9,0.94043,1,0.0650006
500,5653.06,230.376,113.419,7,0.927734,1,0.0453308
501,5357.41,239.579,112.934,7,0.927734,1,0.0356187
502,7485.47,250.573,113.897,8,0.947266,1,0.0678956
503,3887.57,231.139,110.903,6,0.888672,1,0.0656536
504,5571.53,256.306,114.828,7,0.974609,1,0.0507698
505,7729.25,262.674,110.903,8,0.918945,1,0.0428807
506,4091.41,243.138,112.934,6,0.942383,1,0.052269
507,7777.57,259.539,114.828,8,0.984375,1,0.062518
508,5817.37,279.646,113.897,7,1.02441,1,0.0500151
509,7671.02,274.935,113.897,8,0.999023,1,0.075832
510,3987.02,293.243,115.282,6,1.0498,1,0.0739375
511,12014.6,316.765,114.828,10,1.0918,1,0.0294539
512,12414.2,332.811,115.282,10,1.10449,1,0.0336476
513,10114.9,320.167,115.282,9,1.09668,1,0.0491112
514,7353.72,329.315,116.17,8,1.13281,1,0.0599735
515,9763.41,355.083,116.17,9,1.1543,1,0.0600445
516,9785.33,350.324,117.45,9,1.17285,1,0.0337877
517,12306.8,365.376,119.071,10,1.23145,1,0.0428863
518,9223.72,388.64,119.071,9,1.25195,1,0.0633136
519,7439.11,418.612,120.601,8,1.31445,1,0.05997
520,7485.47,387.687,119.071,8,1.27441,1,0.0466261
521,8983.16,384.696,121.334,9,1.28125,1,0.0467104
522,9763.41,418.041,121.334,9,1.29883,1,0.0666672
523,14718.5,416.837,120.601,11,1.30371,1,0.0566869
524,9148.78,409.123,125.024,9,1.33203,1,0.047733
525,11693.9,451.572,120.601,10,1.33594,1,0.0422186
526,9871.54,460.314,122.741,9,1.38672,1,0.0866663
527,56634.9,578.339,123.415,15,1.47461,1,0.0454203
528,12333.8,440.475,121.693,10,1.35645,1,0.0460866
529,15304.6,576.298,128.466,11,1.54102,1,0.0484942
530,37152.7,553.458,130.7,14,1.5,1,0.110148
531,37279.8,536.274,127.657,14,1.48047,1,0.0369267
532,15337.9,554.935,123.415,11,1.48438,1,0.0496345
533,25614.6,624.723,131.606,13,1.58984,1,0.0799642
534,55147.2,751.852,137.914,15,1.76855,1,0.0661213
535,14736.2,623.885,136.902,11,1.62305,1,0.0409392
536,25426.7,714.462,137.3,13,1.72852,1,0.0467972
537,58401.6,843.883,138.143,15,1.81934,1,0.0828095
538,55799,882.501,136.624,15,1.80078,1,0.0800722
539,37976.1,902.613,139.059,14,1.92676,1,0.0555696
540,37853.8,848.309,137.675,14,1.83887,1,0.0733292
541,58427.5,1053.1,138.573,15,2.00586,1,0.0910219
542,92304.4,1280.71,366.798,16,2.19336,2,0.0666507
543,94697.7,1295.62,370.936,16,2.20508,2,0.093005
544,92399.4,1442.9,370.936,16,2.35156,2,0.0409493
545,94611.2,1566.48,415.735,16,2.42676,2,0.0560902
546,92807.7,1521.24,364.698,16,2.31445,2,0.0833539
547,92869.9,1532.51,369.909,16,2.37988,2,0.0665508
548,93025,1991.91,415.057,16,2.71777,2,0.0531825
549,560334,2581.52,425.352,19,2.71094,2,0.0849321
550,564532,2400.36,419.622,19,2.64648,2,0.061049
551,560970,3713.91,426.87,19,3.12207,2,0.0582816
552,93179.2,2509.62,429.175,16,3.03027,2,0.0992713
553,299851,3763.8,431.173,18,3.24316,2,0.0594482
554,562095,3653.96,429.175,19,3.19043,2,0.0601339
555,298928,4366.12,431.532,18,3.4541,2,0.113679
556,563312,4506.54,434.294,19,3.57129,2,0.0851247
557,2.14654e+06,7377.21,908.906,21,4.03125,3,0.135254
558,563031,7484.59,922.511,19,4.06445,3,0.0635685
559,2.14395e+06,11766.1,970.606,21,4.31445,3,0.0812086
560,2.14563e+06,14058.4,967.552,21,4.52832,3,0.122049
561,3.36153e+07,63406.9,979.358,25,4.70996,3,0.0928752
562,1.68372e+07,54981.2,1681.01,24,5.56348,4,0.110069
563,3.36171e+07,121117,1696.71,25,5.5752,4,0.109949
564,1.3429e+08,283304,1674.61,27,6.11328,4,0.10569
565,2.68518e+08,439681,1763.17,28,6.30371,4,0.137623
566,6.71738e+07,232916,2305.55,26,6.7793,5,0.125417
567,1.34287e+08,331897,2282.43,27,6.92676,5,0.0894278
568,6.71781e+07,212430,2205.91,26,6.74414,5,0.17179
569,3.36212e+07,299742,2223.75,25,6.75098,5,0.157594
570,6.71743e+07,320794,2749.33,26,7.06836,5,0.102464
571,6.71795e+07,390872,3308.87,26,7.16016,6,0.154403
572,6.7181e+07,350654,2509.17,26,6.97754,5,0.088046
573,6.71732e+07,300113,2718.6,26,7.38281,5,0.134213
574,2.68513e+08,510756,2654.09,28,7.28809,5,0.126053
575,1.34299e+08,669149,2891.12,27,7.64746,5,0.133943
576,2.68517e+08,606108,3881.17,28,8.08203,6,0.149665
577,3.36155e+07,313803,3789.31,25,7.74512,6,0.176261
578,3.36213e+07,224797,3700.57,25,7.64551,6,0.109757
579,2.6852e+08,735828,3962.71,28,8.05566,6,0.166155
580,6.71781e+07,566496,4990.92,26,8.45508,7,0.109901
581,5.36956e+08,1.61397e+06,4470.79,29,8.33496,7,0.195919
582,1.34292e+08,462212,5230.83,27,8.51855,7,0.185641
583,1.07384e+09,1.66966e+06,6444.93,30,9.12695,8,0.166706
584,5.36955e+08,1.28266e+06,5663.49,29,9.05859,8,0.156306
585,6.71799e+07,786403,6063.21,26,9.21289,8,0.163707
586,1.07382e+09,2.22857e+06,6398.26,30,9.26758,8,0.19329
587,2.68515e+08,975394,7063.08,28,9.23633,8,0.156253
588,2.68514e+08,873159,5599.52,28,9.14941,8,0.164215
589,5.36961e+08,1.13847e+06,7305.25,29,9.53125,8,0.1866
590,5.36956e+08,1.81827e+06,6351.29,29,9.33496,8,0.193467
591,5.36947e+08,1.26753e+06,5486.57,29,8.76465,7,0.169764
592,2.68502e+08,773728,6979.09,28,9.11328,8,0.128144
593,1.07384e+09,4.38214e+06,6662.24,30,9.45605,8,0.169189
594,1.34293e+08,1.33325e+06,6947.2,27,9.46582,8,0.200707
595,2.68517e+08,1.74061e+06,6560.21,28,9.31836,8,0.138334
596,1.34283e+08,755792,7165.83,27,9.33398,8,0.173858
597,2.14758e+09,3.67655e+06,7775.38,31,9.65234,9,0.194098
598,5.36953e+08,1.92618e+06,9186.37,29,10.0391,9,0.191434
599,2.14759e+09,3.99372e+06,9198.85,31,10.1855,9,0.253216
600,5.36963e+08,3.1095e+06,15951.7,29,11.0498,12,0.150197
601,2.68515e+08,1.63171e+06,8879.13,28,9.73047,9,0.22166
602,1.07383e+09,2.83349e+06,15220.6,30,11.0156,11,0.241546
603,2.14758e+09,6.64254e+06,24754.9,31,11.7549,13,0.187289
604,2.14758e+09,3.55607e+06,18880.8,31,11.2725,12,0.18966
605,1.718e+10,1.97727e+07,9994.29,34,10.4014,10,0.19682
606,5.3696e+08,2.8668e+06,6634.57,29,9.41309,9,0.128682
607,4.29509e+09,6.59852e+06,6751.5,32,9.5459,8,0.205004
608,8.59005e+09,1.0253e+07,7052.67,33,9.31543,8,0.200412
609,5.36957e+08,3.16689e+06,15502.9,29,11.0195,11,0.199488
610,2.14758e+09,6.17994e+06,14118.8,31,10.8818,11,0.163291
611,2.14758e+09,4.70367e+06,15203.7,31,11.0869,11,0.227165
612,1.718e+10,2.06258e+07,20258.1,34,11.9082,12,0.229952
613,4.29508e+09,9.92202e+06,14285.2,32,11.0723,11,0.166245
614,1.07383e+09,4.55229e+06,8892.22,30,9.98438,9,0.182223
615,2.14758e+09,6.38577e+06,6421.63,31,9.57617,8,0.157795
616,2.6852e+08,2.76803e+06,11708.8,28,10.8682,10,0.186601
617,5.36967e+08,3.86727e+06,12860,29,11.0469,11,0.203383
618,4.29507e+09,9.91492e+06,14521.8,32,11.0342,11,0.186619
619,1.07384e+09,5.94949e+06,13856,30,11.0146,11,0.170387
620,1.07384e+09,6.03962e+06,12014.6,30,10.8613,10,0.206269
621,1.07383e+09,4.34386e+06,16353.8,30,11.2803,12,0.166681
622,4.29507e+09,1.86423e+07,22406.6,32,11.9209,13,0.232895
623,2.14759e+09,7.16044e+06,15084.5,31,11.165,11,0.180472
624,2.14757e+09,6.47997e+06,18776.8,31,11.3965,12,0.199921
625,2.14757e+09,7.521e+06,13988,31,11.1689,11,0.200064
626,1.718e+10,2.14994e+07,14285.2,34,11.1934,11,0.160115
627,5.36952e+08,5.27057e+06,17899,29,11.5303,12,0.237996
628,2.14757e+09,9.13281e+06,14824.4,31,11.3672,11,0.165229
629,1.07383e+09,5.43097e+06,12535.9,30,11.1787,11,0.20204
630,2.14758e+09,9.37193e+06,14394.9,31,11.2803,11,0.191309
631,8.59004e+09,1.69338e+07,11723.6,33,10.8047,10,0.173293
632,8.59004e+09,1.54788e+07,9394.74,33,10.9199,9,0.233367
633,1.07382e+09,8.6079e+06,10932.8,30,10.8232,10,0.168494
634,1.718e+10,2.811e+07,12440.7,34,11.0967,10,0.177372
635,3.43599e+10,4.3684e+07,23194.5,35,11.957,13,0.159241
636,8.59005e+09,2.35912e+07,35594.1,33,12.8232,14,0.248144
637,4.29508e+09,2.70203e+07,57713.8,32,13.6074,15,0.245959
638,2.14758e+09,1.59616e+07,55622.7,31,13.3203,15,0.226008
639,4.29508e+09,2.4376e+07,57056.3,32,13.6553,15,0.241749
640,1.718e+10,4.25582e+07,35539.5,34,13.0049,14,0.201922
641,8.59005e+09,2.21195e+07,55147.2,33,13.2354,15,0.233219
642,4.29508e+09,2.01714e+07,58453.4,32,13.749,15,0.169743
643,4.29506e+09,1.98078e+07,56521.3,32,13.7441,15,0.294783
644,4.29507e+09,1.50416e+07,37976.1,32,13.168,14,0.174546
645,2.14759e+09,2.07398e+07,35043,31,12.9365,14,0.222292
646,1.718e+10,2.89445e+07,54724.8,34,13.4268,15,0.232825
647,4.29507e+09,2.86191e+07,38456.4,32,13.5557,14,0.226965
648,2.14758e+09,1.10712e+07,37456.4,31,12.9775,14,0.220032
649,1.718e+10,4.97488e+07,54846.1,34,13.3389,15,0.203292
650,2.14758e+09,1.32756e+07,36505.1,31,12.9893,14,0.234512
651,1.07384e+09,8.01308e+06,18117.1,30,12.0703,12,0.14433
652,4.29507e+09,1.15295e+07,18609,32,11.8896,12,0.227857
653,2.14759e+09,1.03969e+07,20350.3,31,12.3115,12,0.193834
654,4.29507e+09,1.56986e+07,26436.2,32,12.6836,13,0.219473
655,2.14759e+09,1.54656e+07,38145.9,31,13.1201,14,0.19
656,2.14757e+09,1.17392e+07,35838.5,31,12.9404,14,0.200001
657,4.29508e+09,1.71576e+07,26324.5,32,12.9463,13,0.219037
658,1.718e+10,3.29094e+07,18375.4,34,11.874,12,0.146139
659,4.29508e+09,2.74413e+07,19706.2,32,12.3516,12,0.254819
660,3.43599e+10,7.56841e+07,17920.9,35,11.8652,12,0.161172
661,1.37439e+11,1.82648e+08,34310.7,37,13.1807,14,0.217828
662,8.59005e+09,4.28053e+07,36818.4,33,13.0469,14,0.223225
663,3.43599e+10,7.41058e+07,35784.4,35,12.7227,14,0.208215
664,3.43599e+10,5.89667e+07,14521.8,35,11.8682,11,0.178923
665,8.59005e+09,3.84659e+07,36557.6,33,13.082,14,0.213894
666,1.718e+10,4.55698e+07,26436.2,34,12.6328,13,0.206061
667,8.59006e+09,3.8601e+07,38049.1,33,13.207,14,0.164089
668,8.59004e+09,3.35675e+07,37556.6,33,13.334,14,0.202625
669,1.718e+10,3.59983e+07,36053.8,34,12.9854,14,0.208791
670,4.29508e+09,2.93132e+07,56691.5,32,13.5137,15,0.208553
671,8.59004e+09,4.58364e+07,58034.6,33,13.7734,15,0.206167
672,8.59005e+09,3.32109e+07,37902.8,33,13.0449,14,0.260001
673,8.59004e+09,2.73436e+07,36583.8,33,13.082,14,0.270508
674,1.718e+10,4.01109e+07,38145.9,34,13.1826,14,0.218046
675,3.43599e+10,5.63921e+07,27194.3,35,12.5352,13,0.149014
676,4.29507e+09,2.42819e+07,26788,32,12.502,13,0.261327
677,6.87196e+10,1.04485e+08,22881.8,36,12.3066,13,0.229846
678,1.718e+10,4.06408e+07,36610,34,13.0684,14,0.244134
679,1.718e+10,6.02108e+07,35512.1,34,13.002,14,0.23538
680,8.59005e+09,3.40411e+07,26679,33,12.5586,13,0.202224
681,1.718e+10,5.95634e+07,37229,34,12.8447,14,0.151173
682,8.59006e+09,4.38271e+07,36583.8,33,13.2549,14,0.248823
683,4.29508e+09,2.07261e+07,24287,32,12.5244,13,0.229995
684,8.59005e+09,2.18389e+07,20762.4,33,12.082,12,0.170001
685,1.718e+10,3.42373e+07,38266.1,34,13.1299,14,0.20192
686,8.59005e+09,3.89505e+07,34791.5,33,12.5273,14,0.149304
687,8.59005e+09,3.36264e+07,26547.1,33,12.6328,13,0.242116
688,8.59006e+09,3.48907e+07,32135.5,33,12.8545,14,0.213347
689,4.29508e+09,1.97271e+07,19686.7,32,11.8496,12,0.203296
690,3.43599e+10,7.98281e+07,18630.1,35,11.9229,12,0.177826
691,4.29507e+09,2.08514e+07,19249.3,32,11.5439,12,0.220591
692,1.718e+10,4.84919e+07,20459.8,34,12.1641,12,0.20489
693,1.718e+10,6.73052e+07,26302.1,34,12.6045,13,0.171721
694,6.87196e+10,1.0854e+08,26831.4,36,12.4229,13,0.204975
695,6.87196e+10,1.06068e+08,37927.3,36,13.2822,14,0.172735
696,4.29507e+09,2.04168e+07,22645.1,32,12.1914,13,0.202023
697,1.718e+10,7.68561e+07,19086.7,34,11.7793,12,0.165914
698,4.29507e+09,1.52009e+07,19289.7,32,11.9629,12,0.245993
699,1.718e+10,4.75986e+07,24411,34,12.0518,13,0.228447
700,1.718e+10,3.15264e+07,20165,34,12.251,12,0.228218
701,1.718e+10,7.83572e+07,36896,34,12.9355,14,0.155629
702,2.14758e+09,1.37909e+07,53392.9,31,13.25,15,0.185362
703,1.718e+10,5.46037e+07,36870.1,34,13.0684,14,0.202316
704,4.29507e+09,2.92458e+07,39214.6,32,13.4307,14,0.217443
705,1.718e+10,5.95302e+07,38852.6,34,13.5205,14,0.212254
706,8.59006e+09,4.34385e+07,24112.2,33,12.5312,13,0.167032
707,8.59006e+09,6.74422e+07,36636.1,33,12.8271,14,0.208854
708,2.74878e+11,3.54698e+08,35126.4,38,13.042,14,0.164104
709,3.43599e+10,9.32284e+07,91468.2,35,14.5303,16,0.240769
710,1.718e+10,4.51582e+07,55681.6,34,13.8555,15,0.20291
711,4.29508e+09,2.21202e+07,37730.6,32,13.207,14,0.18302
712,3.43599e+10,5.94956e+07,55886.7,35,13.5449,15,0.243996
713,3.43599e+10,1.0216e+08,56292.3,35,13.5615,15,0.206281
714,8.59006e+09,4.96885e+07,58349.6,33,14.083,15,0.167354
715,4.29508e+09,2.70735e+07,54266.1,32,13.4697,15,0.146215
716,1.718e+10,6.48298e+07,55236.9,34,13.6211,15,0.245853
717,8.59006e+09,3.95127e+07,56748,33,13.7861,15,0.270609
718,1.718e+10,7.17338e+07,91760.2,34,14.4775,16,0.223524
719,3.43599e+10,9.42284e+07,38409.1,35,13.7314,14,0.196793
720,8.59005e+09,4.00873e+07,90710.5,33,14.4902,16,0.211359
721,4.29507e+09,3.53757e+07,91337.6,32,14.3076,16,0.244288
722,3.43599e+10,1.17995e+08,56776.2,35,13.9355,15,0.233313
723,6.87196e+10,1.58794e+08,54511.5,36,13.7061,15,0.167565
724,1.718e+10,4.17458e+07,54572.6,34,13.6348,15,0.229949
725,1.718e+10,7.12533e+07,54633.6,34,13.6924,15,0.193202
726,3.43599e+10,1.11926e+08,57195,35,13.8564,15,0.198574
727,6.87196e+10,1.15061e+08,55296.6,36,13.5059,15,0.195621
728,3.43599e+10,1.20101e+08,57000.5,35,14.001,15,0.226783
729,6.87196e+10,1.46202e+08,58582.1,36,14.5039,15,0.261266
730,6.87196e+10,2.48929e+08,39693.9,36,14.0869,14,0.215049
731,1.37439e+11,3.79024e+08,56378.4,37,14.4688,15,0.182919
732,6.87196e+10,1.81943e+08,55711,36,13.9482,15,0.220198
733,1.37439e+11,2.88164e+08,35098.6,37,13.6553,14,0.192958
734,1.37439e+11,5.86955e+08,92272.6,37,15.1182,16,0.243271
735,5.49756e+11,1.16482e+09,57794.5,39,14.8906,15,0.227043
736,1.09951e+12,1.65028e+09,90909.8,40,15.0332,16,0.209733
737,1.37439e+11,5.01634e+08,57713.8,37,14.8398,15,0.200335
738,1.718e+10,1.51003e+08,89698.2,34,15.0381,16,0.232907
739,2.19902e+12,2.54269e+09,93025,41,15.127,16,0.186708
740,1.09951e+12,1.41945e+09,162250,40,16.166,17,0.229964
741,4.39805e+12,7.30136e+09,163311,42,16.209,17,0.256673
742,5.49756e+11,1.14593e+09,162250,39,16.1143,17,0.236633
743,5.49756e+11,1.33488e+09,163115,39,16.2822,17,0.255496
744,1.09951e+12,1.96124e+09,93936.3,40,15.6475,16,0.177813
745,2.74878e+11,7.44322e+08,93332.5,38,15.2588,16,0.243808
746,2.74878e+11,6.29974e+08,161978,38,15.4697,17,0.242937
747,1.09951e+12,2.07732e+09,96340.8,40,15.3311,16,0.209944
748,1.09951e+12,2.05323e+09,89902.8,40,15.0264,16,0.219874
749,2.74878e+11,1.29979e+09,161704,38,15.877,17,0.230171
750,1.75922e+13,1.78645e+10,93393.5,44,15.5264,16,0.179842
751,2.19902e+12,2.58488e+09,161978,41,16.0801,17,0.170097
752,2.74878e+11,1.19122e+09,163115,38,16.2188,17,0.231142
753,5.49756e+11,1.57649e+09,290162,39,16.5713,18,0.238856
754,5.49756e+11,1.2985e+09,162080,39,16.3779,17,0.188524
755,4.39805e+12,5.32585e+09,294897,42,16.3799,18,0.263922
756,8.79609e+12,9.9017e+09,293231,43,16.5742,18,0.224135
757,1.09951e+12,2.34969e+09,161219,40,15.9033,17,0.196747
758,1.09951e+12,2.10367e+09,159067,40,15.8105,17,0.256668
759,5.49756e+11,2.15332e+09,91953.3,39,15.4316,16,0.243339
760,2.74878e+11,1.38044e+09,57139.6,38,15.1992,15,0.223354
761,1.09951e+12,3.48329e+09,56321.1,40,14.7705,15,0.1991
762,1.09951e+12,2.35754e+09,91435.6,40,15.1797,16,0.244275
763,2.74878e+11,1.43531e+09,57954.9,38,14.8555,15,0.216628
764,5.49756e+11,1.65071e+09,160798,39,15.8857,17,0.225282
765,2.74878e+11,1.3308e+09,163311,38,16.4512,17,0.241379
766,4.39805e+12,5.39555e+09,57551.4,42,15.2314,15,0.217316
767,1.09951e+12,3.75729e+09,89664,40,15.3076,16,0.249373
768,1.37439e+11,7.80347e+08,36714.4,37,14.4951,14,0.163469
769,2.74878e+11,1.40477e+09,20917.9,38,13.8184,12,0.22655
770,5.49756e+11,1.27708e+09,37481.5,39,14.6396,14,0.186577
771,5.49756e+11,1.55455e+09,36053.8,39,14.2637,14,0.247369
772,1.09951e+12,2.09029e+09,58113.9,40,15.2314,15,0.217662
773,5.49756e+11,1.15918e+09,92081.5,39,15.0938,16,0.219017
774,2.74878e+11,1.2925e+09,94983,38,15.748,16,0.25109
775,5.49756e+11,1.87787e+09,58192.8,39,15.2559,15,0.260822
776,5.49756e+11,2.28953e+09,92240.9,39,15.4678,16,0.224072
777,1.09951e+12,2.6299e+09,158771,40,15.833,17,0.223139
778,2.19902e+12,4.64883e+09,162719,41,16.1562,17,0.243494
779,1.09951e+12,3.06631e+09,162385,40,16.3203,17,0.193362
780,8.79609e+12,1.03082e+10,295861,43,16.7188,18,0.266566
781,8.79609e+12,1.13219e+10,57740.8,43,15.8477,15,0.243453
782,8.79609e+12,1.64332e+10,57084.1,43,15.4307,15,0.210023
783,5.49756e+11,1.27141e+09,35292.4,39,14.4863,14,0.242604
784,1.75922e+13,2.68662e+10,35484.8,44,14.4883,14,0.169137
785,1.09951e+12,3.49049e+09,162485,40,16.4248,17,0.228279
786,5.49756e+11,2.6374e+09,161359,39,16.2227,17,0.178866
787,5.49756e+11,2.16737e+09,292826,39,16.3936,18,0.266212
788,2.74878e+11,1.14979e+09,162385,38,16.1074,17,0.174861
789,4.39805e+12,5.49343e+09,162452,42,16.5811,17,0.236947
790,2.19902e+12,3.30788e+09,162918,41,16.3838,17,0.236382
791,1.09951e+12,3.51499e+09,294897,40,16.6602,18,0.218526
792,1.09951e+12,2.93813e+09,161978,40,16.2432,17,0.292321
793,1.09951e+12,2.66089e+09,560674,40,17.624,19,0.21584
794,4.39805e+12,8.37801e+09,160586,42,16.2695,17,0.229579
795,2.19902e+12,6.85089e+09,93876.6,41,16.375,16,0.243774
796,8.79609e+12,1.28685e+10,161359,43,16.459,17,0.177239
797,8.79609e+12,1.27083e+10,93484.8,43,16.0459,16,0.22606
798,2.19902e+12,5.65453e+09,92901,41,16.3262,16,0.191126
799,2.19902e+12,6.81261e+09,158174,41,16.3896,17,0.20889
800,1.09951e+12,5.6479e+09,55356.2,40,15.625,15,0.231468
801,3.51844e+13,6.14483e+10,95319.7,45,16.5176,16,0.261824
802,1.09951e+12,8.15373e+09,94466.3,40,16.5625,16,0.193328
803,4.39805e+12,1.13421e+10,57821.4,42,16.2012,15,0.27331
804,3.51844e+13,7.07986e+10,290289,45,17.3125,18,0.280566
805,4.39805e+12,1.29187e+10,159177,42,16.5771,17,0.290789
806,4.39805e+12,1.0765e+10,36505.1,42,15.3271,14,0.27815
807,2.19902e+12,5.40643e+09,161944,41,16.7686,17,0.187163
808,3.51844e+13,4.33655e+10,162785,45,17.1777,17,0.278502
809,2.19902e+12,7.64119e+09,88939.4,41,16.2559,16,0.297274
810,8.79609e+12,2.34636e+10,163922,43,17.4873,17,0.257606
811,3.51844e+13,4.94317e+10,58658.8,45,16.4756,15,0.226868
812,2.19902e+12,1.27464e+10,158399,41,16.9961,17,0.243102
813,7.03687e+13,7.4217e+10,91500.8,46,16.2285,16,0.255483
814,4.39805e+12,8.73707e+09,53076,42,15.5,15,0.30425
815,8.79609e+12,1.61058e+10,27278.1,43,15.0557,13,0.185689
816,1.09951e+12,5.86899e+09,54997,40,15.5781,15,0.322709
817,4.39805e+12,1.13598e+10,37456.4,42,15.4697,14,0.229013
818,8.79609e+12,2.18852e+10,54603.1,43,15.2041,15,0.20419
819,4.39805e+12,9.48811e+09,56719.8,42,15.7773,15,0.222009
820,2.19902e+12,6.18552e+09,89732.4,41,16.0703,16,0.275282
821,8.79609e+12,1.51707e+10,59258.4,43,15.7861,15,0.228048
822,4.39805e+12,2.00315e+10,57332.8,42,16.1924,15,0.213911
823,1.40737e+14,1.73413e+11,93424,47,16.4844,16,0.19597
824,1.40737e+14,2.52751e+11,92620,47,16.8848,16,0.313458
825,1.40737e+14,1.99785e+11,54603.1,47,15.9795,15,0.246667
826,1.40737e+14,4.47113e+11,94173.4,47,17.0332,16,0.200825
827,7.03687e+13,1.03023e+11,92431,46,17.085,16,0.255888
828,3.51844e+13,8.73095e+10,56606.6,45,16.4209,15,0.218678
829,2.81475e+14,3.9712e+11,55769.7,48,16.4854,15,0.264649
830,1.75922e+13,6.28717e+10,56691.5,44,16.4375,15,0.239998
831,1.40737e+14,2.5289e+11,88414.3,47,17.0303,16,0.302143
832,1.40737e+14,2.39075e+11,26700.9,47,14.9385,13,0.179475
833,3.51844e+13,8.20966e+10,93575.8,45,16.8955,16,0.327867
834,3.51844e+13,1.23199e+11,94232.3,45,17.2461,16,0.329306
835,4.5036e+15,5.12085e+12,93086.8,52,17.208,16,0.257867
836,2.81475e+14,4.62515e+11,295014,48,18.168,18,0.247131
837,9.0072e+15,9.39377e+12,158585,53,17.5811,17,0.325233
838,1.40737e+14,3.39644e+11,92081.5,47,17.2227,16,0.253347
839,1.40737e+14,4.27067e+11,38875.5,47,15.6465,14,0.297588
840,3.51844e+13,1.68519e+11,58375.6,45,16.3252,15,0.266665
841,1.75922e+13,1.1985e+11,94378.9,44,17.125,16,0.246663
842,1.40737e+14,2.21655e+11,93025,47,16.4775,16,0.256672
843,3.51844e+13,8.53519e+10,92807.7,45,16.8633,16,0.263382
844,2.81475e+14,5.19316e+11,92462.6,48,16.9736,16,0.231651
845,7.03687e+13,1.67507e+11,38597.6,46,15.4873,14,0.218552
846,5.6295e+14,6.99188e+11,157986,49,17.1309,17,0.219753
847,3.51844e+13,6.85172e+10,38290,45,15.3867,14,0.246643
848,1.40737e+14,3.36537e+11,89043.6,47,16.46,16,0.224963
849,3.51844e+13,1.19029e+11,55236.9,45,16.5195,15,0.268429
850,8.79609e+12,5.60969e+10,86438.8,43,16.0635,16,0.239959
851,7.03687e+13,1.94806e+11,89078.3,46,16.3223,16,0.286685
852,5.6295e+14,1.10727e+12,54664,49,15.7402,15,0.181921
853,1.40737e+14,3.4139e+11,54633.6,47,15.7041,15,0.318366
854,1.1259e+15,1.27264e+12,55622.7,50,16.0322,15,0.315653
855,2.81475e+14,2.94524e+11,24411,48,13.8828,13,0.220642
856,1.40737e+14,4.85783e+11,56464.2,47,16.4756,15,0.262432
857,2.81475e+14,8.05923e+11,55356.2,48,16.457,15,0.287598
858,7.03687e+13,2.04323e+11,91663.1,46,16.835,16,0.23943
859,7.03687e+13,1.49966e+11,56119.3,46,16.5537,15,0.271235
860,4.5036e+15,9.30673e+12,57740.8,52,16.9307,15,0.252664
861,2.81475e+14,5.49677e+11,55681.6,48,16.3467,15,0.247564
862,2.2518e+15,3.07024e+12,54511.5,51,16.2451,15,0.216206
863,3.51844e+13,8.48737e+10,38266.1,45,15.71,14,0.306201
864,3.51844e+13,9.59507e+10,54603.1,45,16.3838,15,0.273413
865,2.81475e+14,6.70975e+11,53644.6,48,16.4453,15,0.296615
866,1.1259e+15,3.11409e+12,37355.7,50,15.5449,14,0.218273
867,5.6295e+14,1.2286e+12,36844.3,49,15.5801,14,0.253603
868,1.40737e+14,2.09548e+11,91272.2,47,16.5498,16,0.230532
869,1.40737e+14,3.51037e+11,55147.2,47,15.7744,15,0.36399
870,1.1259e+15,1.68076e+12,33851.5,50,14.8916,14,0.319543
871,7.03687e+13,3.79082e+11,32526.8,46,15.3242,14,0.257451
872,3.51844e+13,1.50435e+11,57111.9,45,16.1221,15,0.195069
873,1.40737e+14,5.41898e+11,36688.4,47,15.7539,14,0.295179
874,1.40737e+14,2.20591e+11,36973.3,47,15.1465,14,0.192999
875,1.40737e+14,2.03136e+11,34707.2,47,14.9697,14,0.276611
876,2.81475e+14,4.75617e+11,27236.3,48,14.9482,13,0.175931
877,7.03687e+13,2.10958e+11,25754.3,46,14.6631,13,0.264735
878,2.81475e+14,7.97169e+11,18332.6,48,13.9736,12,0.307271
879,7.03687e+13,1.6875e+11,17002.7,46,13.8418,12,0.18579
880,1.80144e+16,1.76535e+13,15900.4,54,13.7627,11,0.259687
881,2.81475e+14,4.27307e+11,15101.6,48,13.5791,11,0.294098
882,2.81475e+14,4.58354e+11,15371.2,48,13.167,11,0.242568
883,1.1259e+15,1.17507e+12,19469.9,50,13.4209,12,0.211568
884,1.40737e+14,4.2629e+11,17252.9,47,13.5244,12,0.235098
885,1.40737e+14,3.00469e+11,15999.3,47,13.5586,12,0.208139
886,1.40737e+14,2.11739e+11,12289.4,47,12.5918,11,0.228498
887,1.40737e+14,4.91671e+11,12113.5,47,12.8271,10,0.215157
888,2.81475e+14,9.17437e+11,9994.29,48,12.1484,10,0.218251
889,5.6295e+14,1.41954e+12,7372.91,49,11.3809,8,0.183973
890,2.81475e+14,3.86836e+11,9173.87,48,11.7441,9,0.202695
891,1.40737e+14,2.51618e+11,8238.16,47,11.3682,9,0.18621
892,7.03687e+13,1.32672e+11,4990.92,46,9.9707,7,0.147131
893,2.81475e+14,5.73257e+11,7083.83,48,11.1016,8,0.206632
894,2.2518e+15,2.27912e+12,9663.07,51,12.2188,9,0.186986
895,7.03687e+13,2.29065e+11,8557.94,46,11.4082,9,0.265184
896,1.1259e+15,1.15571e+12,6904.35,50,10.791,8,0.241158
897,1.40737e+14,2.2104e+11,14006.7,47,12.2266,11,0.170423
898,1.40737e+14,4.24074e+11,11679,47,12.4951,10,0.229556
899,4.5036e+15,5.5619e+12,11297.6,52,12.7363,10,0.220942
900,4.5036e+15,5.57296e+12,14998.5,52,13.582,11,0.249079
901,2.2518e+15,4.26097e+12,19995.2,51,14.3447,12,0.213084
902,4.5036e+15,7.61588e+12,15276.6,52,13.8262,12,0.188214
903,1.44115e+17,1.5271e+14,14044.2,57,13.3047,11,0.279868
904,1.1259e+15,4.84755e+12,20146.3,50,14.6748,12,0.318769
905,7.20576e+16,8.93584e+13,15535.5,56,13.8223,11,0.303852
906,1.15292e+18,1.12767e+15,10770.2,60,12.7275,10,0.269503
907,2.2518e+15,8.604e+12,11856,51,13.1885,10,0.209519
908,1.1259e+15,1.99345e+12,12185.8,50,12.7705,11,0.271741
909,3.68935e+19,3.60402e+16,15067.4,65,13.9004,11,0.178813
910,9.0072e+15,1.92663e+13,36134,53,16.2012,14,0.274828
911,9.0072e+15,1.37059e+13,26436.2,53,15.8457,13,0.181773
912,4.5036e+15,1.57777e+13,93545.5,52,17.7178,16,0.315546
913,1.44115e+17,1.61093e+14,92336.1,57,17.5176,16,0.33783
914,7.20576e+16,8.62645e+13,159978,56,17.4033,17,0.305354
915,2.2518e+15,7.15962e+12,93756.7,51,17.5254,16,0.235142
916,3.60288e+16,4.19396e+13,92431,55,17.0527,16,0.272786
917,7.20576e+16,9.40573e+13,161393,56,18.2988,17,0.316816
918,1.15292e+18,1.16244e+15,2.14149e+06,60,20.4209,21,0.303623
919,3.60288e+16,8.51103e+13,4.24521e+06,55,20.9141,22,0.242866
920,3.60288e+16,7.82937e+13,559257,55,19.6328,19,0.341604
921,9.0072e+15,1.3069e+13,563947,53,19.3379,19,0.285088
922,2.30584e+18,3.48232e+15,1.08977e+06,61,19.3818,20,0.263384
923,1.47574e+20,1.44828e+17,1.0885e+06,67,19.7061,20,0.337211
924,1.15292e+18,1.67761e+15,1.09346e+06,60,20.0664,20,0.316097
925,4.5036e+15,1.98737e+13,294975,52,18.7451,18,0.27997
926,1.80144e+16,4.01662e+13,565108,54,19.9023,19,0.329087
927,5.76461e+17,9.21793e+14,564494,59,19.1768,19,0.342646
928,1.84467e+19,2.03904e+16,1.08804e+06,64,19.502,20,0.284941
929,2.8823e+17,6.67563e+14,4.23778e+06,58,20.7197,22,0.26101
930,9.0072e+15,2.72387e+13,2.14104e+06,53,20.5391,21,0.239049
931,2.8823e+17,3.69187e+14,1.09013e+06,58,20.0117,20,0.300756
932,1.80144e+16,4.01612e+13,1.09296e+06,54,20.2607,20,0.294989
933,1.44115e+17,2.1963e+14,2.14222e+06,57,20.668,21,0.267546
934,1.44115e+17,1.65277e+14,1.09102e+06,57,20.0742,20,0.318241
935,9.0072e+15,2.35394e+13,1.08841e+06,53,20.6387,20,0.288862
936,1.80144e+16,3.15115e+13,1.08887e+06,54,20.1074,20,0.256716
937,5.76461e+17,1.17409e+15,295401,59,19.1484,18,0.3211
938,7.20576e+16,1.6314e+14,295363,56,18.5381,18,0.232232
939,2.8823e+17,3.57878e+14,294269,58,18.6377,18,0.35219
940,1.15292e+18,1.22159e+15,1.09283e+06,60,20.1709,20,0.293975
941,1.44115e+17,2.52059e+14,558733,57,19.2383,19,0.259307
942,1.15292e+18,1.33471e+15,298824,60,19.125,18,0.317867
943,4.61169e+18,4.53741e+15,295517,62,18.6797,18,0.1959
944,3.60288e+16,9.85183e+13,1.08562e+06,55,20.001,20,0.370328
945,5.76461e+17,7.88951e+14,294111,59,18.3262,18,0.29242
946,1.15292e+18,1.21428e+15,159652,60,18.166,17,0.247645
947,9.0072e+15,2.70412e+13,293793,53,18.2061,18,0.331385
948,2.36118e+21,2.38024e+18,295594,71,18.7158,18,0.240252
949,3.60288e+16,9.37525e+13,562177,55,19.9756,19,0.291373
950,2.30584e+18,2.58784e+15,294780,61,18.9287,18,0.347087
951,1.84467e+19,1.90662e+16,560632,64,19.748,19,0.233132
952,2.30584e+18,3.48859e+15,1.08882e+06,61,20.3926,20,0.328914
953,2.8823e+17,4.1983e+14,290459,58,19.3135,18,0.22157
954,3.68935e+19,3.77152e+16,561764,65,20.6289,19,0.326104
955,2.30584e+18,4.86858e+15,2.14124e+06,61,21.083,21,0.374936
956,4.72237e+21,4.61232e+18,93786.7,72,18.4941,16,0.291782
957,4.61169e+18,7.31177e+15,2.13526e+06,62,20.9531,21,0.245208
958,1.47574e+20,1.45539e+17,562259,67,19.8604,19,0.306108
959,2.30584e+18,4.23459e+15,4.23984e+06,61,21.3271,22,0.312899
960,3.68935e+19,3.86949e+16,2.14428e+06,65,21.0674,21,0.412445
961,1.44115e+17,5.15754e+14,4.2451e+06,57,21.5977,22,0.316623
962,9.22337e+18,1.05165e+16,2.14242e+06,63,20.7285,21,0.373891
963,2.30584e+18,4.62958e+15,2.14456e+06,61,20.8584,21,0.362467
964,9.22337e+18,9.83346e+15,2.14276e+06,63,21.0605,21,0.368184
965,9.22337e+18,1.39785e+16,2.14461e+06,63,21.2568,21,0.354657
966,1.44115e+17,3.21712e+14,1.09062e+06,57,20.4746,20,0.34416
967,2.8823e+17,8.81574e+14,2.14324e+06,58,20.9707,21,0.303358
968,1.47574e+20,1.45945e+17,296391,67,19.0869,18,0.333947
969,9.22337e+18,1.0535e+16,1.09076e+06,63,20.166,20,0.309428
970,1.84467e+19,2.85071e+16,2.13964e+06,64,20.4893,21,0.23062
971,9.22337e+18,1.42305e+16,89147.7,63,17.6377,16,0.327392
972,2.95148e+20,2.88576e+17,295709,68,18.9639,18,0.223841
973,9.22337e+18,1.26082e+16,558381,63,19.9443,19,0.384125
974,5.76461e+17,1.20129e+15,159906,59,17.7578,17,0.353953
975,5.76461e+17,9.13503e+14,161080,59,18.0605,17,0.278786
976,1.47574e+20,1.81639e+17,161080,67,18.4951,17,0.241247
977,1.84467e+19,1.83625e+16,92209,64,18.0771,16,0.290769
978,1.47574e+20,2.16653e+17,91403,67,17.9785,16,0.235926
979,9.22337e+18,1.32245e+16,159761,63,18.7617,17,0.295611
980,5.90296e+20,5.956e+17,162283,69,19.3076,17,0.290993
981,4.61169e+18,7.37281e+15,559518,62,20.6006,19,0.323361
982,1.15292e+18,2.55602e+15,55027.1,60,17.4404,15,0.283303
983,2.36118e+21,2.32818e+18,92431,71,18.2959,16,0.304633
984,1.84467e+19,1.87592e+16,91630.7,64,18.0771,16,0.359062
985,1.84467e+19,3.31693e+16,94726.4,64,19.0469,16,0.303374
986,4.61169e+18,1.02019e+16,159761,62,18.1201,17,0.314778
987,3.60288e+16,1.40237e+14,92209,55,18.3721,16,0.335254
988,1.84467e+19,2.17868e+16,92963.1,64,18.6357,16,0.276281
989,1.15292e+18,1.654e+15,160974,60,19.0801,17,0.318177
990,5.90296e+20,5.80861e+17,295517,69,20.4922,18,0.324798
991,1.15292e+18,4.34334e+15,293513,60,19.1807,18,0.300308
992,1.47574e+20,1.80393e+17,56832.5,67,17.8623,15,0.37485
993,1.47574e+20,1.56842e+17,158024,67,18.3779,17,0.251816
994,9.22337e+18,1.14178e+16,294936,63,19.2139,18,0.342062
995,7.3787e+19,1.1513e+17,292663,66,19.0029,18,0.281275
996,7.3787e+19,1.44829e+17,91727.9,66,18.4121,16,0.316605
997,1.84467e+19,2.31823e+16,93936.3,64,18.3682,16,0.303392
998,2.95148e+20,2.9216e+17,2.13654e+06,68,21.3926,21,0.371704
999,5.90296e+20,6.37827e+17,90308.8,69,19.3018,16,0.345571
1000,4.61169e+18,5.49697e+15,1.0861e+06,62,20.6953,20,0.262393
1001,1.84467e+19,6.7041e+16,91173.7,64,19.8301,16,0.36976
1002,3.68935e+19,4.85861e+16,90710.5,65,19.5273,16,0.24167
1003,5.90296e+20,5.98672e+17,162752,69,20.0059,17,0.242219
1004,4.72237e+21,4.65272e+18,4.2451e+06,72,22.1953,22,0.271849
1005,4.61169e+18,7.91742e+15,559127,62,21.1641,19,0.274239
1006,2.30584e+18,4.69639e+15,91565.8,61,19.0732,16,0.253527
1007,3.68935e+19,6.59217e+16,560249,65,20.4863,19,0.239402
1008,4.72237e+21,4.62912e+18,2.1331e+06,72,21.7373,21,0.277649
1009,3.68935e+19,8.7807e+16,1.09342e+06,65,22.3916,20,0.285813
1010,1.84467e+19,6.28269e+16,159030,64,19.8574,17,0.292629
1011,1.84467e+19,3.08152e+16,1.08258e+06,64,21.9893,20,0.29212
1012,2.30584e+18,1.04602e+16,297865,61,21.0508,18,0.259274
1013,1.15292e+18,4.93969e+15,297210,60,21.0742,18,0.283608
1014,1.47574e+20,1.59373e+17,1.09215e+06,67,22.46,20,0.313775
1015,3.68935e+19,7.28821e+16,4.24276e+06,65,23.1465,22,0.295282
1016,2.36118e+21,2.64849e+18,2.1428e+06,71,22.9121,21,0.327523
1017,1.47574e+20,3.66527e+17,2.13994e+06,67,23.3154,21,0.303338
1018,2.95148e+20,3.39975e+17,8.43899e+06,68,23.3701,23,0.328441
1019,1.18059e+21,2.64891e+18,561264,70,21.0439,19,0.304912
1020,5.90296e+20,6.35061e+17,4.24412e+06,69,23.0527,22,0.316359
1021,3.68935e+19,5.21155e+16,92240.9,65,19.584,16,0.256595
1022,5.90296e+20,7.8178e+17,162351,69,20.748,17,0.265296
1023,1.18059e+21,1.86405e+18,560547,70,21.8594,19,0.281057
1024,2.30584e+18,1.20141e+16,554285,61,20.7061,19,0.279167
1025,3.02231e+23,2.97762e+20,1.09206e+06,78,22.3691,20,0.305594
1026,1.18059e+21,1.24729e+18,6.71787e+07,70,26.5781,26,0.322064
1027,4.72237e+21,7.20716e+18,3.36145e+07,72,25.8027,25,0.347826
1028,9.44473e+21,9.43126e+18,4.24099e+06,73,24.3262,22,0.340824
1029,1.18059e+21,1.4986e+18,4.24921e+06,70,24.333,22,0.355183
1030,1.18059e+21,2.97922e+18,1.68297e+07,70,24.9365,24,0.356664
1031,5.90296e+20,1.27676e+18,2.13887e+06,69,22.793,21,0.303709
1032,1.18059e+21,1.80909e+18,2.14059e+06,70,22.9961,21,0.279574
1033,2.36118e+21,4.97514e+18,8.44061e+06,71,24.1328,23,0.323709
1034,2.95148e+20,9.04328e+17,4.24061e+06,68,23.9082,22,0.347445
1035,2.36118e+21,4.60143e+18,4.24536e+06,71,23.6064,22,0.28061
1036,3.77789e+22,3.7599e+19,564260,75,22.3828,19,0.291621
1037,4.72237e+21,9.94552e+18,4.24662e+06,72,23.124,22,0.293812
1038,1.51116e+23,1.49687e+20,8.44101e+06,77,23.7402,23,0.311357
1039,5.90296e+20,6.45182e+17,1.68318e+07,69,24.7871,24,0.317336
1040,7.55579e+22,7.4387e+19,8.43591e+06,76,23.4521,23,0.291855
1041,7.55579e+22,7.68707e+19,8.44197e+06,76,25.0146,23,0.340471
1042,2.36118e+21,1.20084e+19,2.14442e+06,71,23.7051,21,0.313856
1043,1.88895e+22,3.62939e+19,4.24652e+06,74,24.2783,22,0.325912
1044,7.55579e+22,1.17859e+20,4.24147e+06,76,23.7402,22,0.299208
1045,1.88895e+22,2.36639e+19,1.08864e+06,74,23.2041,20,0.298376
1046,1.20893e+24,1.19299e+21,1.08648e+06,80,23.001,20,0.306952
1047,3.77789e+22,5.96184e+19,559431,75,21.9951,19,0.2975
1048,6.04463e+23,1.051e+21,158287,79,21.0654,17,0.263592
1049,1.18059e+21,2.44497e+18,297062,70,22.1396,18,0.300234
1050,2.36118e+21,7.02742e+18,295053,71,21.8301,18,0.296184
1051,4.72237e+21,5.84583e+18,559474,72,22.0996,19,0.304287
1052,3.77789e+22,6.16436e+19,559083,75,21.3018,19,0.286763
1053,7.55579e+22,8.40329e+19,160974,76,20.1904,17,0.242788
1054,3.77789e+22,4.01434e+19,560547,75,21.5889,19,0.269475
1055,1.18059e+21,3.68839e+18,562870,70,21.2295,19,0.316677
1056,6.04463e+23,5.91211e+20,297099,79,20.2832,18,0.307458
1057,1.51116e+23,2.08397e+20,557982,77,22.3154,19,0.27358
1058,9.44473e+21,1.40091e+19,2.13862e+06,73,23.877,21,0.352277
1059,2.36118e+21,4.47157e+18,1.08524e+06,71,22.7637,20,0.271771
1060,2.36118e+21,4.60275e+18,561723,71,22.6934,19,0.358253
1061,4.72237e+21,7.54132e+18,1.08859e+06,72,22.9209,20,0.276631
1062,1.88895e+22,3.4255e+19,2.14074e+06,74,24.6006,21,0.354779
1063,9.44473e+21,1.53473e+19,4.24757e+06,73,24.0342,22,0.321914
1064,3.02231e+23,3.92373e+20,1.08193e+06,78,23.0615,20,0.309124
1065,7.55579e+22,9.22616e+19,294936,76,21.9443,18,0.290688
1066,3.77789e+22,4.99092e+19,8.44026e+06,75,25.6475,23,0.334738
1067,3.02231e+23,3.42741e+20,1.68366e+07,78,25.9707,24,0.330728
1068,6.04463e+23,7.57401e+20,3.36134e+07,79,26.4668,25,0.32743
1069,9.44473e+21,2.05856e+19,3.36194e+07,73,26.8076,25,0.334565
1070,7.55579e+22,1.61723e+20,1.68334e+07,76,26.2695,24,0.354996
1071,3.77789e+22,5.30646e+19,1.68232e+07,75,25.7705,24,0.321492
1072,9.67141e+24,9.46427e+21,3.36246e+07,83,25.8125,25,0.352469
1073,9.44473e+21,2.26808e+19,5.36945e+08,73,28.8232,29,0.39887
1074,1.20893e+24,1.25939e+21,5.36941e+08,80,28.5791,29,0.398647
1075,3.02231e+23,3.28507e+20,5.36945e+08,78,28.6504,29,0.389178
1076,6.04463e+23,7.64965e+20,2.68517e+08,79,28.9844,28,0.397125
1077,2.41785e+24,2.9155e+21,6.71781e+07,81,26.6758,26,0.33849
1078,7.73713e+25,7.5868e+22,6.71812e+07,86,27.0127,26,0.366558
1079,2.36118e+21,6.96099e+18,1.68382e+07,71,24.3682,24,0.326487
1080,9.44473e+21,2.03315e+19,3.36206e+07,73,25.3682,25,0.33842
1081,9.44473e+21,1.72038e+19,6.7182e+07,73,26.7168,26,0.359986
1082,6.04463e+23,5.96657e+20,6.71693e+07,79,25.9541,26,0.345159
1083,9.44473e+21,1.59058e+19,5.36949e+08,73,28.7412,29,0.3739
1084,1.51116e+23,1.80328e+20,3.36167e+07,77,25.4941,25,0.33394
1085,1.54743e+26,1.51137e+23,6.71779e+07,87,26.8066,26,0.340992
1086,1.51116e+23,1.61396e+20,6.71738e+07,77,26.2441,26,0.362717
1087,3.77789e+22,5.35807e+19,3.36077e+07,75,24.958,25,0.396652
1088,9.44473e+21,1.15486e+19,3.36097e+07,73,24.8916,25,0.359967
1089,1.88895e+22,2.75619e+19,8.4437e+06,74,24.9883,23,0.38887
1090,1.88895e+22,3.78978e+19,1.34295e+08,74,27.9072,27,0.377862
1091,1.23794e+27,1.21443e+24,1.34292e+08,90,28.4639,27,0.377814
1092,6.04463e+23,6.91301e+20,2.68515e+08,79,28.6924,28,0.382628
1093,2.41785e+24,2.47667e+21,1.34297e+08,81,28.8623,27,0.409519
1094,9.44473e+21,1.07607e+19,1.6838e+07,73,26.3867,24,0.383812
1095,7.55579e+22,1.04232e+20,1.34285e+08,76,28.1904,27,0.418245
1096,4.72237e+21,2.93738e+19,1.34291e+08,72,27.9385,27,0.398651
1097,3.77789e+22,5.95138e+19,1.68373e+07,75,26.0146,24,0.375979
1098,9.67141e+24,9.4586e+21,1.68395e+07,83,26.0391,24,0.347861
1099,7.55579e+22,1.00901e+20,3.36172e+07,76,26.9746,25,0.393576
1100,2.36118e+21,5.24391e+18,3.36216e+07,71,26.4902,25,0.345209
1101,3.77789e+22,6.71958e+19,8.44797e+06,75,24.9619,23,0.376431
1102,7.92282e+28,7.73713e+25,3.3616e+07,96,26.6543,25,0.381934
1103,9.44473e+21,2.32891e+19,6.71811e+07,73,27.5137,26,0.3919
1104,9.44473e+21,1.81403e+19,3.36187e+07,73,26.0322,25,0.337837
1105,3.77789e+22,4.24382e+19,1.68394e+07,75,25.9707,24,0.33519
1106,7.55579e+22,9.87711e+19,6.71738e+07,76,27.1699,26,0.403299
1107,7.73713e+25,7.55767e+22,6.71807e+07,86,27.3848,26,0.397222
1108,1.88895e+22,3.03467e+19,1.68402e+07,74,26.1094,24,0.347457
1109,7.55579e+22,1.97084e+20,1.683e+07,76,25.3682,24,0.320504
1110,1.88895e+22,5.39646e+19,8.44512e+06,74,25.0518,23,0.359615
1111,3.86856e+25,3.78137e+22,1.68376e+07,85,25.5586,24,0.421892
1112,3.77789e+22,9.83748e+19,8.44264e+06,75,24.7031,23,0.333425
1113,3.02231e+23,3.18398e+20,8.4449e+06,78,23.957,23,0.375985
1114,6.04463e+23,6.5936e+20,8.44003e+06,79,24.0625,23,0.327279
1115,1.20893e+24,2.15034e+21,1.68344e+07,80,25.8164,24,0.399955
1116,1.23794e+27,1.20955e+24,8.44157e+06,90,24.8848,23,0.320085
1117,3.02231e+23,4.62722e+20,8.4418e+06,78,24.4756,23,0.317971
1118,1.51116e+23,3.01611e+20,2.14357e+06,77,22.8467,21,0.29275
1119,7.73713e+25,7.71551e+22,8.44843e+06,86,24.2168,23,0.392065
1120,4.8357e+24,5.01387e+21,3.36158e+07,82,26.9072,25,0.456215
1121,2.41785e+24,2.52784e+21,1.68309e+07,81,25.1035,24,0.394117
1122,1.20893e+24,1.22319e+21,1.68319e+07,80,25.708,24,0.395297
1123,4.8357e+24,4.94736e+21,2.14405e+06,82,22.5645,21,0.359486
1124,4.8357e+24,5.70825e+21,3.36174e+07,82,26.9863,25,0.373851
1125,3.86856e+25,4.14797e+22,3.36225e+07,85,28.1602,25,0.435903
1126,1.51116e+23,2.12788e+20,3.36153e+07,77,27.376,25,0.398655
1127,7.55579e+22,1.81651e+20,3.36153e+07,76,26.5615,25,0.413629
1128,1.20893e+24,1.32632e+21,3.36155e+07,80,26.5176,25,0.413338
1129,3.02231e+23,3.44346e+20,8.44386e+06,78,25.0938,23,0.403358
1130,7.73713e+25,7.59762e+22,1.34284e+08,86,28.5332,27,0.431299
1131,9.67141e+24,1.07773e+22,6.71785e+07,83,28.5068,26,0.400839
1132,2.41785e+24,2.55518e+21,2.68514e+08,81,29.6064,28,0.498852
1133,3.77789e+22,1.15651e+20,3.36117e+07,75,27.8008,25,0.450314
1134,6.04463e+23,1.11525e+21,3.36218e+07,79,27.0537,25,0.425304
1135,3.02231e+23,7.7303e+20,3.36192e+07,78,27.5488,25,0.393361
1136,3.02231e+23,5.6212e+20,6.71812e+07,78,27.7852,26,0.414401
1137,3.09485e+26,3.07023e+23,3.36185e+07,88,26.3643,25,0.392285
1138,6.04463e+23,8.35487e+20,1.34295e+08,79,29.1709,27,0.45483
1139,3.02231e+23,4.76011e+20,1.3429e+08,78,28.9854,27,0.441791
1140,9.67141e+24,2.2836e+22,2.68505e+08,83,29.0996,28,0.440049
1141,3.77789e+22,1.15564e+20,1.34288e+08,75,27.7588,27,0.439799
1142,1.51116e+23,3.31212e+20,6.71729e+07,77,27.6523,26,0.380519
1143,1.93428e+25,2.01636e+22,6.71773e+07,84,27.9375,26,0.450405
1144,3.86856e+25,4.94509e+22,8.44512e+06,85,26.418,23,0.418557
1145,7.73713e+25,7.65487e+22,6.71805e+07,86,28.4062,26,0.347583
1146,6.04463e+23,1.12882e+21,5.36957e+08,79,31.3535,29,0.528095
1147,3.09485e+26,3.07438e+23,1.34277e+08,88,27.915,27,0.414309
1148,7.73713e+25,8.70927e+22,5.36959e+08,86,31.2246,29,0.42109
1149,1.20893e+24,1.8729e+21,2.68518e+08,80,30.6357,28,0.529647
1150,7.92282e+28,7.73776e+25,2.68514e+08,96,30.1279,28,0.416633
1151,1.93428e+25,2.32782e+22,1.34298e+08,84,29.5127,27,0.43498
1152,6.1897e+26,1.22547e+24,5.36953e+08,89,29.8438,29,0.455694
1153,4.95176e+27,4.83886e+24,5.36942e+08,92,30.2539,29,0.435689
1154,1.23794e+27,1.21221e+24,3.36172e+07,90,27.0645,25,0.403673
1155,7.92282e+28,8.25131e+25,1.07382e+09,96,31.1357,30,0.493278
1156,2.41785e+24,5.69119e+21,1.07382e+09,81,31.3008,30,0.446668
1157,3.09485e+26,4.65423e+23,1.34295e+08,88,30.1309,27,0.454372
1158,1.93428e+25,2.73844e+22,2.68514e+08,84,30.5381,28,0.449543
1159,1.23794e+27,2.41902e+24,2.14757e+09,90,32.5908,31,0.458172
1160,3.96141e+28,3.86956e+25,5.36955e+08,95,30.9268,29,0.554634
1161,1.93428e+25,2.68749e+22,5.3695e+08,84,30.4033,29,0.486638
1162,7.92282e+28,7.75227e+25,1.34293e+08,96,28.5654,27,0.439566
1163,3.86856e+25,4.39493e+22,1.07382e+09,85,30.9414,30,0.510434
1164,7.92282e+28,1.56108e+26,1.07383e+09,96,30.9277,30,0.446616
1165,4.95176e+27,4.83758e+24,1.07383e+09,92,31.7148,30,0.439707
1166,1.23794e+27,1.21007e+24,2.68512e+08,90,29.2627,28,0.460319
1167,1.54743e+26,1.98735e+23,6.71785e+07,87,27.7158,26,0.41664
1168,1.20893e+24,1.62418e+21,6.71782e+07,80,27.9814,26,0.43338
1169,7.92282e+28,7.73731e+25,5.36937e+08,96,29.8301,29,0.426981
1170,7.92282e+28,7.73746e+25,1.07383e+09,96,31.0127,30,0.462995
1171,1.23794e+27,1.28675e+24,3.36149e+07,90,27.043,25,0.383968
1172,4.8357e+24,9.76429e+21,5.36948e+08,82,30.2891,29,0.509743
1173,3.86856e+25,4.0646e+22,2.68509e+08,85,29.8828,28,0.523448
1174,2.47588e+27,2.41841e+24,1.07384e+09,91,31.4873,30,0.46116
1175,2.47588e+27,2.72465e+24,6.71715e+07,91,29.5801,26,0.492718
1176,1.54743e+26,1.65549e+23,3.36147e+07,87,27.4766,25,0.385276
1177,6.1897e+26,6.14034e+23,6.71785e+07,89,28.7334,26,0.460353
1178,2.41785e+24,1.07003e+22,8.59004e+09,81,32.4834,33,0.515036
1179,1.51116e+23,3.28785e+20,1.07382e+09,77,30.2881,30,0.4635
1180,1.20893e+24,2.02995e+21,1.07384e+09,80,31.0918,30,0.467727
1181,3.86856e+25,3.90257e+22,4.29507e+09,85,32.0498,32,0.516355
1182,1.23794e+27,1.20997e+24,2.14757e+09,90,32.1826,31,0.56407
1183,4.8357e+24,1.43664e+22,3.36188e+07,82,26.9922,25,0.460031
1184,4.8357e+24,5.79579e+21,6.71789e+07,82,27.7842,26,0.436622
1185,4.8357e+24,7.15021e+21,2.68515e+08,82,29.3965,28,0.494402
1186,1.93428e+25,2.24749e+22,2.14758e+09,84,30.9961,31,0.468942
1187,4.8357e+24,5.90183e+21,1.07383e+09,82,31.8203,30,0.48908
1188,1.23794e+27,1.21438e+24,8.44242e+06,90,26.2959,23,0.392362
1189,1.93428e+25,3.10559e+22,5.36953e+08,84,30.5791,29,0.490333
1190,9.67141e+24,2.03416e+22,2.14758e+09,83,32.5518,31,0.518206
1191,7.73713e+25,1.14998e+23,8.59004e+09,86,33.2051,33,0.531577
1192,6.1897e+26,6.3012e+23,2.68508e+08,89,29.5566,28,0.465088
1193,7.92282e+28,7.93373e+25,1.718e+10,96,34.5771,34,0.514714
1194,7.92282e+28,7.73981e+25,4.29507e+09,96,33.9355,32,0.481932
1195,1.23794e+27,1.36195e+24,2.14758e+09,90,32.4785,31,0.560071
1196,4.8357e+24,9.4977e+21,1.718e+10,82,34.082,34,0.530753
1197,1.93428e+25,4.0238e+22,1.34291e+08,84,29.7188,27,0.553841
1198,3.02231e+23,4.44495e+20,1.718e+10,78,33.5127,34,0.48247
1199,1.23794e+27,1.25087e+24,4.29507e+09,90,32.5957,32,0.479532
1200,3.02231e+23,5.51141e+20,8.59005e+09,78,32.332,33,0.520045
1201,1.51116e+23,2.90384e+20,2.14758e+09,77,31.8145,31,0.534126
1202,7.92282e+28,7.73731e+25,4.29507e+09,96,32.2295,32,0.485828
1203,9.67141e+24,1.08422e+22,1.718e+10,83,33.9463,34,0.546669
1204,7.92282e+28,7.73796e+25,5.36959e+08,96,31.5801,29,0.480518
1205,3.09485e+26,6.04932e+23,4.29505e+09,88,32.4033,32,0.413792
1206,7.92282e+28,7.75273e+25,2.14755e+09,96,31.999,31,0.452351
1207,4.8357e+24,9.20015e+21,1.07383e+09,82,31.127,30,0.455107
1208,3.09485e+26,3.28582e+23,2.68514e+08,88,30.3115,28,0.548229
1209,4.8357e+24,6.28534e+21,1.07383e+09,82,31.5361,30,0.487183
1210,1.23794e+27,2.10633e+24,2.68518e+08,90,30.4668,28,0.514721
1211,7.92282e+28,3.39129e+26,1.34286e+08,96,29.5039,27,0.398443
1212,7.92282e+28,7.99807e+25,6.71756e+07,96,28.1367,26,0.423052
1213,7.92282e+28,3.43044e+26,2.68508e+08,96,31.3271,28,0.511331
1214,7.92282e+28,3.63147e+26,6.71758e+07,96,29.9863,26,0.514079
1215,7.92282e+28,4.08007e+26,2.68512e+08,96,31.2754,28,0.432479
1216,7.92282e+28,3.73634e+26,1.3429e+08,96,31.1494,27,0.408197
1217,7.92282e+28,5.46537e+26,2.6852e+08,96,31.665,28,0.410083
1218,7.92282e+28,3.09929e+26,1.34289e+08,96,30.7568,27,0.408043
1219,7.92282e+28,2.32425e+26,1.34295e+08,96,30.9219,27,0.44628
1220,7.92282e+28,5.05416e+26,2.68512e+08,96,32.2891,28,0.449443
1221,7.92282e+28,5.43553e+26,2.68511e+08,96,31.7158,28,0.536664
1222,7.92282e+28,1.5885e+26,2.6851e+08,96,31.6523,28,0.546674
1223,7.92282e+28,2.85361e+26,4.29505e+09,96,34.6758,32,0.59001
1224,7.92282e+28,4.10913e+26,2.68516e+08,96,32.2354,28,0.546694
1225,7.92282e+28,3.3938e+26,2.68503e+08,96,32.0693,28,0.539954
1226,7.92282e+28,5.22816e+26,2.685e+08,96,31.7637,28,0.540053
1227,7.92282e+28,3.25647e+26,1.34291e+08,96,31.1797,27,0.480015
1228,7.92282e+28,3.89305e+26,5.36947e+08,96,33.375,29,0.623848
1229,7.92282e+28,5.1269e+26,1.34304e+08,96,31.915,27,0.466131
1230,7.92282e+28,4.83976e+26,1.3429e+08,96,30.7627,27,0.525243
1231,7.92282e+28,3.48578e+26,1.34287e+08,96,30.9775,27,0.527097
1232,7.92282e+28,5.49829e+26,2.68512e+08,96,32.0391,28,0.550954
1233,7.92282e+28,6.33257e+26,2.14756e+09,96,33.3682,31,0.549993
1234,7.92282e+28,6.25182e+26,5.36947e+08,96,32.4365,29,0.576667
1235,7.92282e+28,3.92931e+26,1.34292e+08,96,31.3945,27,0.52336
1236,7.92282e+28,3.18132e+26,5.36956e+08,96,32.4385,29,0.519547
1237,7.92282e+28,9.82691e+26,2.14757e+09,96,33.3467,31,0.473074
1238,7.92282e+28,8.63738e+26,1.07382e+09,96,33.2959,30,0.566029
1239,7.92282e+28,4.43866e+26,1.07383e+09,96,33.5273,30,0.479522
1240,7.92282e+28,8.86761e+26,5.36952e+08,96,31.8779,29,0.55514
1241,7.92282e+28,4.68491e+26,2.68514e+08,96,31.1719,28,0.569686
1242,7.92282e+28,4.7953e+26,2.14756e+09,96,33.1074,31,0.556979
1243,7.92282e+28,5.32044e+26,1.718e+10,96,34.5098,34,0.533366
1244,7.92282e+28,5.65159e+26,4.29507e+09,96,34.041,32,0.545206
1245,7.92282e+28,9.15494e+26,4.29507e+09,96,33.415,32,0.506617
1246,7.92282e+28,6.24046e+26,5.3694e+08,96,31.126,29,0.45072
1247,7.92282e+28,5.07007e+26,5.36948e+08,96,31.6494,29,0.519309
1248,7.92282e+28,2.01513e+26,1.07384e+09,96,31.8633,30,0.44757
1249,7.92282e+28,5.42268e+26,2.14758e+09,96,33.5723,31,0.470586
1250,7.92282e+28,7.04947e+26,5.36952e+08,96,31.0039,29,0.593267
1251,7.92282e+28,5.62283e+26,2.6852e+08,96,31.8789,28,0.566667
1252,7.92282e+28,4.85776e+26,1.07383e+09,96,31.8691,30,0.608301
1253,7.92282e+28,4.37997e+26,4.29505e+09,96,33.3789,32,0.474678
1254,7.92282e+28,7.42697e+26,2.68514e+08,96,31.3994,28,0.477049
1255,7.92282e+28,8.63482e+26,2.68507e+08,96,30.2861,28,0.50189
1256,7.92282e+28,1.07273e+27,6.717e+07,96,30.1035,26,0.445286
1257,7.92282e+28,5.85636e+26,3.36187e+07,96,29.7227,25,0.569468
1258,7.92282e+28,1.20876e+27,2.68519e+08,96,31.585,28,0.514088
1259,7.92282e+28,7.82198e+26,6.71729e+07,96,30.2881,26,0.437823
1260,7.92282e+28,1.83976e+27,1.07383e+09,96,33.8789,30,0.509917
1261,7.92282e+28,1.06418e+27,1.07382e+09,96,32.9043,30,0.598217
1262,7.92282e+28,1.34184e+27,2.68512e+08,96,32.5977,28,0.556951
1263,7.92282e+28,1.0039e+27,2.68517e+08,96,32.8477,28,0.511825
1264,7.92282e+28,1.11097e+27,2.68513e+08,96,32.4893,28,0.569699
1265,7.92282e+28,9.3559e+26,5.36942e+08,96,32.9844,29,0.538163
1266,7.92282e+28,1.3978e+27,1.3428e+08,96,31.5791,27,0.550043
1267,7.92282e+28,1.44678e+27,5.36938e+08,96,32.5244,29,0.4543
1268,7.92282e+28,1.38073e+27,1.07381e+09,96,33.5049,30,0.592279
1269,7.92282e+28,1.86294e+27,5.36947e+08,96,33.1416,29,0.513717
1270,7.92282e+28,1.37874e+27,5.36959e+08,96,33.3105,29,0.613867
1271,7.92282e+28,1.7853e+27,5.36946e+08,96,33.624,29,0.539127
1272,7.92282e+28,1.47857e+27,5.36952e+08,96,33.5195,29,0.573334
1273,7.92282e+28,1.45953e+27,5.36955e+08,96,32.666,29,0.564934
1274,7.92282e+28,1.56162e+27,5.36948e+08,96,33.6465,29,0.61327
1275,7.92282e+28,1.36653e+27,4.29506e+09,96,35.4414,32,0.532414
1276,7.92282e+28,9.12454e+26,1.07383e+09,96,34.7227,30,0.564768
1277,7.92282e+28,2.27864e+27,4.29506e+09,96,36.1318,32,0.567072
1278,7.92282e+28,1.56042e+27,4.29506e+09,96,35.959,32,0.609616
1279,7.92282e+28,2.13682e+27,4.29505e+09,96,35.8662,32,0.664574
1280,7.92282e+28,2.05229e+27,1.07382e+09,96,34.8613,30,0.656682
1281,7.92282e+28,1.6252e+27,1.07383e+09,96,35.2061,30,0.610008
1282,7.92282e+28,1.93175e+27,4.29506e+09,96,35.1084,32,0.63333
1283,7.92282e+28,9.52967e+26,2.14758e+09,96,35.3535,31,0.589671
1284,7.92282e+28,2.1905e+27,2.14756e+09,96,34.8105,31,0.545331
1285,7.92282e+28,2.21576e+27,2.14758e+09,96,35.9951,31,0.57553
1286,7.92282e+28,2.0175e+27,2.14756e+09,96,35.0635,31,0.665113
1287,7.92282e+28,1.75789e+27,8.59002e+09,96,36.084,33,0.657916
1288,7.92282e+28,1.80288e+27,8.59003e+09,96,36.2295,33,0.6131
1289,7.92282e+28,2.72589e+27,8.59002e+09,96,36.5088,33,0.640006
1290,7.92282e+28,2.42242e+27,1.718e+10,96,37.4033,34,0.625008
1291,7.92282e+28,1.92738e+27,8.59002e+09,96,36.8984,33,0.533362
1292,7.92282e+28,2.91064e+27,1.718e+10,96,37.3369,34,0.719426
1293,7.92282e+28,2.83968e+27,1.718e+10,96,37.6084,34,0.728821
1294,7.92282e+28,2.0213e+27,1.718e+10,96,37.8057,34,0.666717
1295,7.92282e+28,2.16797e+27,8.59003e+09,96,37.2422,33,0.649999
1296,7.92282e+28,2.59454e+27,1.718e+10,96,38.2852,34,0.702833
1297,7.92282e+28,1.81247e+27,8.59002e+09,96,37.1523,33,0.68893
1298,7.92282e+28,2.98408e+27,1.37439e+11,96,40.1592,37,0.638756
1299,7.92282e+28,2.33657e+27,1.718e+10,96,37.8008,34,0.701307
1300,7.92282e+28,2.36361e+27,1.718e+10,96,38.0078,34,0.794835
1301,7.92282e+28,2.06389e+27,1.718e+10,96,36.9805,34,0.619933
1302,7.92282e+28,2.49061e+27,1.718e+10,96,37.9912,34,0.611488
1303,7.92282e+28,1.98052e+27,8.59004e+09,96,36.2783,33,0.708595
1304,7.92282e+28,2.24073e+27,8.59004e+09,96,37.3242,33,0.733332
1305,7.92282e+28,2.77406e+27,1.718e+10,96,37.8828,34,0.631785
1306,7.92282e+28,2.85739e+27,1.718e+10,96,38.084,34,0.694847
1307,7.92282e+28,2.76458e+27,1.37439e+11,96,39.8418,37,0.663286
1308,7.92282e+28,2.44449e+27,8.59003e+09,96,36.8291,33,0.736733
1309,7.92282e+28,2.25398e+27,3.43598e+10,96,38.5449,35,0.592122
1310,7.92282e+28,2.25262e+27,4.29505e+09,96,36.5146,32,0.611722
1311,7.92282e+28,2.87686e+27,8.59003e+09,96,37.4209,33,0.574632
1312,7.92282e+28,3.24016e+27,1.718e+10,96,37.8857,34,0.660807
1313,7.92282e+28,3.42254e+27,6.87196e+10,96,38.8643,36,0.733984
1314,7.92282e+28,2.20812e+27,1.718e+10,96,37.4297,34,0.664211
1315,7.92282e+28,2.46276e+27,1.718e+10,96,37.6816,34,0.70581
1316,7.92282e+28,2.40033e+27,8.59002e+09,96,36.6035,33,0.66182
1317,7.92282e+28,2.46453e+27,1.718e+10,96,37.126,34,0.673357
1318,7.92282e+28,2.3069e+27,1.718e+10,96,37.8037,34,0.683206
1319,7.92282e+28,2.35967e+27,3.43598e+10,96,38.6582,35,0.650175
1320,7.92282e+28,3.06155e+27,3.43598e+10,96,38.2578,35,0.638127
1321,7.92282e+28,2.7281e+27,1.71799e+10,96,36.6143,34,0.640004
1322,7.92282e+28,2.2617e+27,1.718e+10,96,37.7236,34,0.676349
1323,7.92282e+28,2.38129e+27,1.718e+10,96,37.54,34,0.714346
1324,7.92282e+28,3.42463e+27,1.71799e+10,96,37.7012,34,0.57268
1325,7.92282e+28,1.60708e+27,1.718e+10,96,37.1807,34,0.674985
1326,7.92282e+28,2.80836e+27,4.29505e+09,96,36.3213,32,0.744948
1327,7.92282e+28,2.58188e+27,3.43598e+10,96,38.7402,35,0.615441
1328,7.92282e+28,3.15548e+27,8.59003e+09,96,37.7979,33,0.666441
1329,7.92282e+28,3.09298e+27,1.718e+10,96,38.085,34,0.631599
1330,7.92282e+28,2.96605e+27,6.87196e+10,96,38.8965,36,0.678459
1331,7.92282e+28,3.11622e+27,3.43598e+10,96,38.1221,35,0.658318
1332,7.92282e+28,3.0893e+27,6.87196e+10,96,38.6572,36,0.660554
1333,7.92282e+28,4.20163e+27,3.43598e+10,96,38.8027,35,0.702495
1334,7.92282e+28,3.77881e+27,3.43598e+10,96,38.6943,35,0.638272
1335,7.92282e+28,3.27902e+27,1.718e+10,96,38.1641,34,0.599999
1336,7.92282e+28,3.13114e+27,1.718e+10,96,37.958,34,0.735792
1337,7.92282e+28,3.62401e+27,6.87196e+10,96,39.1768,36,0.572675
1338,7.92282e+28,3.30888e+27,1.37439e+11,96,39.6689,37,0.77055
1339,7.92282e+28,3.4463e+27,2.74878e+11,96,39.4287,38,0.687719
1340,7.92282e+28,3.73592e+27,3.43598e+10,96,39.8428,35,0.638327
1341,7.92282e+28,4.55095e+27,6.87196e+10,96,40.8467,36,0.701584
1342,7.92282e+28,3.2383e+27,6.87196e+10,96,38.8086,36,0.714724
1343,7.92282e+28,3.37909e+27,1.37439e+11,96,39.5254,37,0.71038
1344,7.92282e+28,3.23269e+27,6.87196e+10,96,39.4707,36,0.736672
1345,7.92282e+28,2.91177e+27,3.43598e+10,96,38.667,35,0.723326
1346,7.92282e+28,3.34121e+27,6.87196e+10,96,39.0283,36,0.65669
1347,7.92282e+28,4.4791e+27,6.87196e+10,96,40.3408,36,0.709999
1348,7.92282e+28,3.7583e+27,3.43598e+10,96,39.0674,35,0.752867
1349,7.92282e+28,4.87893e+27,6.87196e+10,96,40.7754,36,0.787089
1350,7.92282e+28,4.45934e+27,2.74878e+11,96,40.6475,38,0.746721
1351,7.92282e+28,5.19775e+27,1.09951e+12,96,41.9668,40,0.759968
1352,7.92282e+28,4.84766e+27,5.49756e+11,96,41.7861,39,0.665232
1353,7.92282e+28,4.79231e+27,8.59003e+09,96,39.7451,33,0.644817
1354,7.92282e+28,4.35543e+27,1.718e+10,96,38.915,34,0.611078
1355,7.92282e+28,3.81201e+27,2.74878e+11,96,40.9883,38,0.734297
1356,7.92282e+28,4.21912e+27,6.87196e+10,96,40.0498,36,0.791406
1357,7.92282e+28,4.40555e+27,1.37439e+11,96,40.4668,37,0.613822
1358,7.92282e+28,3.73926e+27,1.37439e+11,96,40.4805,37,0.692943
1359,7.92282e+28,4.29482e+27,2.74878e+11,96,40.7793,38,0.706904
1360,7.92282e+28,5.08752e+27,2.74878e+11,96,41.5273,38,0.674353
1361,7.92282e+28,4.18225e+27,6.87196e+10,96,40.3623,36,0.717728
1362,7.92282e+28,4.51238e+27,2.74878e+11,96,41.1914,38,0.655431
1363,7.92282e+28,4.47122e+27,2.74878e+11,96,41.1182,38,0.73002
1364,7.92282e+28,4.68644e+27,2.74878e+11,96,41.3877,38,0.653559
1365,7.92282e+28,3.81882e+27,5.49756e+11,96,41.1123,39,0.805075
1366,7.92282e+28,4.254e+27,5.49756e+11,96,41.4385,39,0.678257
1367,7.92282e+28,4.49684e+27,5.49756e+11,96,41.3848,39,0.798395
1368,7.92282e+28,4.63576e+27,2.19902e+12,96,43.1016,41,0.74666
1369,7.92282e+28,5.20255e+27,6.87196e+10,96,41.0342,36,0.648533
1370,7.92282e+28,4.55444e+27,5.49756e+11,96,41.8584,39,0.819709
1371,7.92282e+28,4.37644e+27,2.74878e+11,96,41.5742,38,0.66176
1372,7.92282e+28,3.81796e+27,6.87196e+10,96,40.9004,36,0.798269
1373,7.92282e+28,4.07551e+27,1.37439e+11,96,40.3857,37,0.590257
1374,7.92282e+28,3.63571e+27,1.37439e+11,96,40.3652,37,0.689414
1375,7.92282e+28,4.71521e+27,2.74878e+11,96,40.6357,38,0.710396
1376,7.92282e+28,4.39343e+27,5.49756e+11,96,41.7227,39,0.767833
1377,7.92282e+28,6.02136e+27,5.49756e+11,96,42.3438,39,0.67717
1378,7.92282e+28,5.15498e+27,2.74878e+11,96,41.9541,38,0.669683
1379,7.92282e+28,4.99514e+27,1.37439e+11,96,40.9951,37,0.673093
1380,7.92282e+28,4.43408e+27,6.87196e+10,96,40.3271,36,0.79775
1381,7.92282e+28,5.61556e+27,5.49756e+11,96,41.9922,39,0.712859
1382,7.92282e+28,5.43212e+27,1.09951e+12,96,43.2939,40,0.731944
1383,7.92282e+28,6.33969e+27,1.09951e+12,96,42.2188,40,0.874659
1384,7.92282e+28,4.88795e+27,5.49756e+11,96,41.8154,39,0.76298
1385,7.92282e+28,5.97475e+27,6.87196e+10,96,40.9863,36,0.754424
1386,7.92282e+28,4.79069e+27,3.43598e+10,96,39.2451,35,0.717356
1387,7.92282e+28,4.94353e+27,6.87196e+10,96,40.4678,36,0.766869
1388,7.92282e+28,4.77383e+27,1.37439e+11,96,41.3711,37,0.699083
1389,7.92282e+28,5.29499e+27,5.49756e+11,96,41.7529,39,0.764249
1390,7.92282e+28,3.8577e+27,5.49756e+11,96,41.6426,39,0.756869
1391,7.92282e+28,4.53332e+27,2.74878e+11,96,41.3232,38,0.729687
1392,7.92282e+28,3.78682e+27,3.43598e+10,96,39.3711,35,0.724346
1393,7.92282e+28,5.12551e+27,6.87196e+10,96,40.624,36,0.775561
1394,7.92282e+28,5.73688e+27,2.74878e+11,96,42.7002,38,0.712615
1395,7.92282e+28,5.31891e+27,6.87196e+10,96,40.5127,36,0.702185
1396,7.92282e+28,5.30747e+27,1.37439e+11,96,41.5303,37,0.683076
1397,7.92282e+28,5.173e+27,2.74878e+11,96,41.8291,38,0.688842
1398,7.92282e+28,5.02156e+27,3.43598e+10,96,39.957,35,0.72581
1399,7.92282e+28,4.50459e+27,6.87196e+10,96,39.9502,36,0.749379
1400,7.92282e+28,4.73246e+27,2.74878e+11,96,41.6006,38,0.651928
1401,7.92282e+28,5.63902e+27,4.39805e+12,96,43.8467,42,0.826742
1402,7.92282e+28,5.03718e+27,2.74878e+11,96,41.5791,38,0.711371
1403,7.92282e+28,5.01883e+27,6.87196e+10,96,41.1025,36,0.666648
1404,7.92282e+28,4.78382e+27,2.74878e+11,96,42.0918,38,0.711947
1405,7.92282e+28,5.39395e+27,5.49756e+11,96,42.0459,39,0.803181
1406,7.92282e+28,4.93652e+27,5.49756e+11,96,41.7148,39,0.781731
1407,7.92282e+28,5.3283e+27,2.74878e+11,96,42.0146,38,0.856172
1408,7.92282e+28,4.583e+27,4.39805e+12,96,42.8975,42,0.723185
1409,7.92282e+28,5.18331e+27,5.49756e+11,96,41.7998,39,0.760464
1410,7.92282e+28,5.19176e+27,2.74878e+11,96,41.873,38,0.673302
1411,7.92282e+28,4.46054e+27,2.74878e+11,96,41.9092,38,0.819693
1412,7.92282e+28,4.36054e+27,1.37439e+11,96,41.458,37,0.762685
1413,7.92282e+28,4.3783e+27,1.09951e+12,96,42.9346,40,0.700645
1414,7.92282e+28,6.00806e+27,4.39805e+12,96,43.9219,42,0.786973
1415,7.92282e+28,5.31419e+27,2.74878e+11,96,42.9951,38,0.766367
1416,1.58456e+29,6.37912e+27,8.79609e+12,97,44.1445,43,0.916667
1417,7.92282e+28,6.15616e+27,2.19902e+12,96,43.3281,41,0.836511
1418,7.92282e+28,6.90026e+27,2.19902e+12,96,43.9209,41,0.827876
1419,7.92282e+28,5.28361e+27,2.74878e+11,96,41.8867,38,0.759197
1420,7.92282e+28,5.32042e+27,2.74878e+11,96,42.5684,38,0.616197
1421,7.92282e+28,5.37644e+27,1.09951e+12,96,43.7236,40,0.709981
1422,7.92282e+28,5.49012e+27,1.09951e+12,96,42.4336,40,0.682696
1423,7.92282e+28,4.80122e+27,1.37439e+11,96,41.0488,37,0.671185
1424,7.92282e+28,4.75318e+27,1.09951e+12,96,42.3604,40,0.821377
1425,7.92282e+28,5.41847e+27,4.39805e+12,96,43.5205,42,0.692504
1426,7.92282e+28,5.85523e+27,5.49756e+11,96,42.9102,39,0.842958
1427,7.92282e+28,4.63854e+27,2.19902e+12,96,42.8564,41,0.73169
1428,7.92282e+28,5.29006e+27,2.19902e+12,96,42.7363,41,0.833066
1429,7.92282e+28,4.10313e+27,2.19902e+12,96,42.1553,41,0.728368
1430,1.58456e+29,5.41292e+27,2.19902e+12,97,44.3604,41,0.853878
1431,7.92282e+28,4.44036e+27,5.49756e+11,96,41.8828,39,0.79133
1432,7.92282e+28,5.02092e+27,2.19902e+12,96,43.4346,41,0.773363
1433,7.92282e+28,6.48873e+27,2.19902e+12,96,43.5176,41,0.688104
1434,7.92282e+28,5.36763e+27,4.39805e+12,96,43.6855,42,0.71763
1435,7.92282e+28,6.48834e+27,8.79609e+12,96,44.251,43,0.89234
1436,7.92282e+28,5.75516e+27,5.49756e+11,96,42.4961,39,0.770089
1437,7.92282e+28,5.27762e+27,1.09951e+12,96,43.4111,40,0.757018
1438,7.92282e+28,5.82286e+27,2.19902e+12,96,43.4541,41,0.732605
1439,7.92282e+28,5.74973e+27,3.51844e+13,96,45.7793,45,0.745479
1440,7.92282e+28,5.90478e+27,2.19902e+12,96,43.7969,41,0.795696
1441,7.92282e+28,5.17653e+27,1.75922e+13,96,44.1084,44,0.821998
1442,7.92282e+28,5.32243e+27,1.75922e+13,96,44.373,44,0.797138
1443,7.92282e+28,5.4882e+27,1.40737e+14,96,45.3848,47,0.861565
1444,7.92282e+28,6.46085e+27,3.51844e+13,96,45.5713,45,0.838494
1445,7.92282e+28,5.47746e+27,8.79609e+12,96,44.4268,43,0.746631
1446,7.92282e+28,5.90849e+27,2.19902e+12,96,43.9238,41,0.757726
1447,7.92282e+28,6.08799e+27,8.79609e+12,96,44.1748,43,0.784183
1448,7.92282e+28,5.66978e+27,7.03687e+13,96,44.8848,46,0.831893
1449,7.92282e+28,6.07486e+27,8.79609e+12,96,44.6963,43,0.78724
1450,7.92282e+28,5.37763e+27,2.74878e+11,96,42.7432,38,0.734503
1451,7.92282e+28,4.77993e+27,1.09951e+12,96,42.8867,40,0.757294
1452,7.92282e+28,7.10306e+27,5.49756e+11,96,43.3174,39,0.84043
1453,7.92282e+28,6.99865e+27,5.49756e+11,96,43.2832,39,0.783505
1454,7.92282e+28,6.34614e+27,4.39805e+12,96,43.7773,42,0.788344
1455,7.92282e+28,5.63623e+27,2.19902e+12,96,43.1475,41,0.758991
1456,7.92282e+28,6.00709e+27,8.79609e+12,96,43.9189,43,0.815022
1457,7.92282e+28,7.24585e+27,1.75922e+13,96,45.3682,44,0.780803
1458,7.92282e+28,7.28886e+27,1.40737e+14,96,46.832,47,0.716667
1459,7.92282e+28,6.74709e+27,1.75922e+13,96,45.7705,44,0.843355
1460,7.92282e+28,5.46272e+27,1.75922e+13,96,44.2832,44,0.903314
1461,7.92282e+28,7.26013e+27,3.51844e+13,96,45.5342,45,0.690624
1462,7.92282e+28,6.06693e+27,1.75922e+13,96,45.0186,44,0.837557
1463,7.92282e+28,7.18525e+27,1.09951e+12,96,43.7441,40,0.781818
1464,7.92282e+28,7.42936e+27,8.79609e+12,96,45.2959,43,0.876364
1465,7.92282e+28,7.2725e+27,4.39805e+12,96,44.6875,42,0.868875
1466,7.92282e+28,6.98143e+27,1.75922e+13,96,45.5293,44,0.798157
1467,7.92282e+28,7.15392e+27,1.40737e+14,96,46.5986,47,0.719718
1468,7.92282e+28,7.32817e+27,3.51844e+13,96,46.4297,45,0.860216
1469,7.92282e+28,6.4231e+27,1.09951e+12,96,44.127,40,0.824173
1470,7.92282e+28,8.86419e+27,1.40737e+14,96,46.9053,47,0.781502
1471,7.92282e+28,7.92037e+27,1.75922e+13,96,45.1748,44,0.922737
1472,7.92282e+28,8.33988e+27,8.79609e+12,96,46.0996,43,0.691636
1473,7.92282e+28,8.0983e+27,1.40737e+14,96,47.4014,47,0.928185
1474,7.92282e+28,7.79855e+27,1.40737e+14,96,46.9795,47,0.768482
1475,7.92282e+28,7.33302e+27,1.40737e+14,96,46.7217,47,0.751538
1476,7.92282e+28,7.2233e+27,7.03687e+13,96,46.5557,46,0.801752
1477,7.92282e+28,8.33219e+27,7.03687e+13,96,46.4932,46,0.777745
1478,1.58456e+29,7.47568e+27,1.1259e+15,97,47.1943,50,0.788969
1479,7.92282e+28,7.84493e+27,7.03687e+13,96,45.8789,46,0.873258
1480,7.92282e+28,7.29795e+27,2.81475e+14,96,46.4385,48,0.770859
1481,7.92282e+28,8.68323e+27,1.40737e+14,96,46.6396,47,0.80263
1482,7.92282e+28,8.43745e+27,1.40737e+14,96,47.3691,47,0.734004
1483,7.92282e+28,8.32727e+27,1.40737e+14,96,47.1562,47,0.709738
1484,7.92282e+28,8.12105e+27,2.81475e+14,96,47.4062,48,0.941081
1485,7.92282e+28,8.22676e+27,1.40737e+14,96,46.8535,47,0.891752
1486,7.92282e+28,8.92716e+27,1.1259e+15,96,48.5371,50,0.97716
1487,7.92282e+28,8.66871e+27,1.1259e+15,96,48.1631,50,0.866536
1488,7.92282e+28,9.35181e+27,5.6295e+14,96,47.748,49,0.892034
1489,7.92282e+28,9.77204e+27,4.5036e+15,96,49.3682,52,0.984228
1490,7.92282e+28,1.003e+28,7.03687e+13,96,47.9863,46,0.924939
1491,7.92282e+28,9.62357e+27,1.1259e+15,96,48.5469,50,0.868394
1492,7.92282e+28,9.0125e+27,2.81475e+14,96,47.7314,48,0.926685
1493,7.92282e+28,8.73325e+27,2.2518e+15,96,49.3818,51,0.81665
1494,7.92282e+28,9.2753e+27,1.1259e+15,96,49.417,50,0.816606
1495,7.92282e+28,8.23371e+27,2.2518e+15,96,47.9941,51,0.836413
1496,7.92282e+28,9.96431e+27,2.2518e+15,96,48.499,51,0.918457
1497,7.92282e+28,9.41719e+27,2.2518e+15,96,48.7949,51,0.820443
1498,7.92282e+28,8.81566e+27,2.81475e+14,96,48.2119,48,0.718619
1499,7.92282e+28,1.0481e+28,2.2518e+15,96,50.9805,51,0.940631
