267.58
0,109.275,6.91246,4,1,0.0273438,0,0.00634321
1,434.412,8.82816,4,2,0.0400391,0,0.00625212
2,434.954,8.6821,5,2,0.0390625,0,0.00625746
3,111.937,8.36154,5,1,0.0341797,0,0.00638273
4,435.149,9.62675,5,2,0.0439453,0,0.0063597
5,434.954,10.0156,5,2,0.0449219,0,0.00636286
6,110.903,8.6202,5,1,0.0380859,0,0.00639063
7,111.937,10.564,5,1,0.0556641,0,0.00648933
8,434.818,10.6864,5,2,0.0537109,0,0.00640017
9,110.903,9.5648,5,1,0.046875,0,0.00660415
10,435.149,10.5125,5,2,0.046875,0,0.00663633
11,434.639,9.82784,5,2,0.0439453,0,0.00654729
12,434.954,9.54607,5,2,0.0390625,0,0.00680255
13,435.151,9.07693,5,2,0.0361328,0,0.00653763
14,434.818,10.2307,5,2,0.0488281,0,0.00647283
15,434.954,10.4718,6,2,0.0478516,0,0.00653372
16,434.818,11.3353,6,2,0.0546875,0,0.00671792
17,435.053,11.6632,6,2,0.0576172,0,0.00662302
18,109.829,9.78789,5,1,0.0410156,0,0.00688459
19,434.818,10.9892,6,2,0.0478516,0,0.00686328
20,435.149,11.8467,6,2,0.0537109,0,0.00693908
21,434.412,11.7165,6,2,0.0527344,0,0.00690102
22,434.954,10.7597,6,2,0.0439453,0,0.00691939
23,434.818,12.322,6,2,0.0576172,0,0.00694107
24,434.639,13.6342,6,2,0.0634766,0,0.0071908
25,434.129,14.1597,6,2,0.0615234,0,0.00749967
26,1012.18,16.2018,6,3,0.0644531,0,0.00765819
27,435.127,20.5044,6,2,0.0712891,0,0.00901953
28,434.818,23.4738,7,2,0.0712891,0,0.00979
29,434.954,33.3796,8,2,0.0712891,0,0.01299
30,435.117,44.0769,9,2,0.0927734,0,0.0150227
31,435.149,51.5948,11,2,0.0966797,0,0.0172865
32,435.127,61.8142,101,2,0.0898438,0,0.0202983
33,435.076,64.747,101,2,0.0761719,0,0.0218827
34,435.076,67.6194,101,2,0.0859375,0,0.0223795
35,1831.15,71.6206,101,4,0.0820312,0,0.0231197
36,1006.68,72.638,101,3,0.0791016,0,0.02394
37,435.117,72.9332,101,2,0.0888672,0,0.0241146
38,1011.31,75.4451,101,3,0.100586,0,0.0250787
39,435.149,73.7022,101,2,0.100586,0,0.0231384
40,435.151,73.1119,101,2,0.0654297,0,0.0243502
41,435.151,74.6627,101,2,0.0859375,0,0.0246744
42,999.194,76.6707,101,3,0.0888672,0,0.02437
43,1000.23,72.7426,101,3,0.0742188,0,0.02404
44,435.151,75.3963,101,2,0.0732422,0,0.0253958
45,435.127,78.3791,101,2,0.0927734,0,0.0250721
46,435.151,79.6389,101,2,0.0810547,0,0.0259971
47,967.552,79.1051,101,3,0.0927734,0,0.0254001
48,435.149,78.1981,101,2,0.0898438,0,0.0251844
49,1004.99,81.8154,101,3,0.0869141,0,0.0263353
50,435.149,76.7636,101,2,0.0957031,0,0.0247437
51,844.746,76.0664,101,3,0.0830078,0,0.0254459
52,435.151,79.237,101,2,0.0888672,0,0.0256031
53,435.117,79.9267,101,2,0.0791016,0,0.0265482
54,435.151,80.7616,101,2,0.0830078,0,0.0264558
55,434.954,79.4476,101,2,0.0820312,0,0.026605
56,435.149,82.7373,101,2,0.078125,0,0.0269361
57,1836.29,88.4401,101,4,0.0976562,0,0.027298
58,1011.78,80.5787,101,3,0.0761719,0,0.0259871
59,1006.68,84.7806,101,3,0.100586,0,0.0264133
60,939.138,80.907,101,3,0.0693359,0,0.0269338
61,1003.18,85.9757,101,3,0.106445,0,0.0269428
62,1000.23,84.7255,101,3,0.0839844,0,0.0271012
63,431.878,81.3243,101,2,0.0664062,0,0.0273158
64,1006.68,85.9843,101,3,0.0859375,0,0.0274317
65,1005.85,81.148,101,3,0.0732422,0,0.0268549
66,434.902,79.0857,101,2,0.0693359,0,0.0268461
67,435.149,81.2019,101,2,0.0810547,0,0.0271554
68,1012.18,82.4311,101,3,0.0654297,0,0.027199
69,434.954,84.6231,101,2,0.0742188,0,0.0286244
70,435.117,86.1454,101,2,0.0849609,0,0.02805
71,435.151,86.2001,101,2,0.0878906,0,0.0276834
72,435.151,83.3228,101,2,0.0732422,0,0.0277902
73,435.076,81.7077,101,2,0.0751953,0,0.0270209
74,1823.71,83.8585,101,4,0.0869141,0,0.026563
75,435.117,82.4969,101,2,0.078125,0,0.027039
76,435.151,83.8926,101,2,0.0712891,0,0.0273438
77,435.127,81.8137,101,2,0.0908203,0,0.0268278
78,435.053,82.9118,101,2,0.0849609,0,0.0267832
79,1008.21,83.3587,101,3,0.0820312,0,0.0268485
80,435.149,85.5513,101,2,0.0732422,0,0.0282452
81,991.21,86.0773,101,3,0.0888672,0,0.0280648
82,1008.92,86.3792,101,3,0.0957031,0,0.0278054
83,1010.79,84.0606,101,3,0.0820312,0,0.027733
84,1005.85,87.1845,101,3,0.0957031,0,0.0282097
85,435.127,90.5442,101,2,0.0947266,0,0.0289008
86,435.149,86.3162,101,2,0.101562,0,0.0274568
87,432.828,84.2202,101,2,0.0576172,0,0.0288987
88,1008.92,90.2463,101,3,0.0898438,0,0.0284998
89,435,86.5139,101,2,0.0771484,0,0.0289045
90,1007.46,86.407,101,3,0.0654297,0,0.0284785
91,435.151,86.142,101,2,0.0986328,0,0.0278035
92,435.151,84.1943,101,2,0.0810547,0,0.0276125
93,1001.24,85.8905,101,3,0.0849609,0,0.0273498
94,435.151,86.7037,101,2,0.09375,0,0.0276288
95,435.127,81.7433,101,2,0.0839844,0,0.0277132
96,435.149,82.3012,101,2,0.0761719,0,0.02816
97,435.076,83.9663,101,2,0.0830078,0,0.0274827
98,1007.46,85.7938,101,3,0.0712891,0,0.0286911
99,435.127,86.3092,101,2,0.0839844,0,0.0276098
100,435.127,85.8001,101,2,0.0830078,0,0.028155
101,1834.62,87.935,101,4,0.0839844,0,0.0281991
102,435.149,83.2164,101,2,0.0771484,0,0.0277936
103,1009.59,85.6367,101,3,0.078125,0,0.0283923
104,991.21,86.4273,101,3,0.0751953,0,0.0283769
105,1000.23,87.7678,101,3,0.0878906,0,0.0285543
106,821.48,85.6034,101,3,0.0839844,0,0.0279826
107,435.127,85.5805,101,2,0.0869141,0,0.0280598
108,435.117,83.8795,101,2,0.0683594,0,0.0282577
109,953.029,87.004,101,3,0.104492,0,0.0278154
110,819.107,88.8609,101,3,0.0810547,0,0.0288774
111,987.443,90.4437,101,3,0.0966797,0,0.028531
112,435.127,88.1488,101,2,0.0859375,0,0.0284177
113,972.108,88.9915,101,3,0.0966797,0,0.0283451
114,435.076,88.3903,101,2,0.0800781,0,0.0291416
115,1008.21,89.2338,101,3,0.0917969,0,0.0281533
116,1003.18,88.9321,101,3,0.0917969,0,0.0283585
117,995.918,90.2226,101,3,0.0800781,0,0.0294543
118,435.151,89.9202,101,2,0.0878906,0,0.0293259
119,435.149,86.9859,101,2,0.0800781,0,0.0290145
120,435.053,87.0816,101,2,0.0800781,0,0.0285014
121,435.151,87.8497,101,2,0.0703125,0,0.0290892
122,435.127,88.0944,101,2,0.0722656,0,0.0289386
123,1003.18,89.3,101,3,0.0693359,0,0.0294509
124,435.127,89.1171,101,2,0.0849609,0,0.0291434
125,1836.29,91.1581,101,4,0.0839844,0,0.0287392
126,966,90.8906,101,3,0.0751953,0,0.029781
127,435.151,92.6173,101,2,0.0820312,0,0.029488
128,1004.1,90.932,101,3,0.0771484,0,0.0292362
129,1010.79,92.6389,101,3,0.0761719,0,0.0303239
130,435.149,90.4916,101,2,0.0908203,0,0.0296976
131,435.151,93.0572,101,2,0.104492,0,0.0287393
132,435.151,92.0929,101,2,0.0888672,0,0.0292659
133,435.151,91.5436,101,2,0.0986328,0,0.0290232
134,1002.23,89.3319,101,3,0.0996094,0,0.0282716
135,1802.66,91.3193,101,4,0.100586,0,0.0296623
136,966,88.8916,101,3,0.0986328,0,0.0281627
137,1829.35,91.8527,101,4,0.107422,0,0.0286142
138,435.151,88.1295,101,2,0.0966797,0,0.0284071
139,988.72,90.0351,101,3,0.106445,0,0.0284967
140,999.194,88.7457,101,3,0.101562,0,0.0283466
141,998.128,95.9925,101,3,0.119141,0,0.0296393
142,435.127,87.449,101,2,0.0791016,0,0.0285812
143,435.151,87.7634,101,2,0.0947266,0,0.0288334
144,1010.21,90.2911,101,3,0.09375,0,0.0289794
145,435.117,88.8016,101,2,0.0927734,0,0.029023
146,1004.1,89.7352,101,3,0.0976562,0,0.0284764
147,1009.59,93.9929,101,3,0.109375,0,0.0294547
148,435.127,89.1374,101,2,0.101562,0,0.0287743
149,435.151,91.2918,101,2,0.09375,0,0.0292762
150,987.443,91.1241,101,3,0.100586,0,0.0287186
151,1011.31,90.2461,101,3,0.0947266,0,0.0286734
152,435.117,88.7192,101,2,0.0966797,0,0.0287261
153,1008.92,89.8613,101,3,0.0927734,0,0.0282625
154,949.639,87.321,101,3,0.0888672,0,0.0288224
155,1825.63,89.8976,101,4,0.0820312,0,0.029671
156,1010.21,93.2796,101,3,0.100586,0,0.0293403
157,435.076,86.4524,101,2,0.0869141,0,0.0288541
158,847.024,92.5354,101,3,0.107422,0,0.0292445
159,986.145,90.4265,101,3,0.0830078,0,0.0291155
160,984.827,94.2421,101,3,0.118164,0,0.029161
161,1007.46,92.3432,101,3,0.0878906,0,0.0292091
162,435.151,91.1794,101,2,0.0986328,0,0.0292469
163,979.358,92.4465,101,3,0.104492,0,0.0290964
164,975.061,90.9074,101,3,0.102539,0,0.0290363
165,1010.21,94.6695,101,3,0.12793,0,0.028566
166,1012.18,91.9792,101,3,0.0927734,0,0.0298858
167,1006.68,90.6348,101,3,0.0966797,0,0.0292695
168,435.151,89.9664,101,2,0.0878906,0,0.0292341
169,1000.23,96.0467,101,3,0.124023,0,0.0297595
170,1603.83,95.595,101,4,0.0966797,0,0.0301085
171,435.151,95.8584,101,2,0.0947266,0,0.0306532
172,679.566,96.475,101,3,0.102539,0,0.0299741
173,435.053,91.5753,101,2,0.111328,0,0.0289233
174,1817.74,94.7736,101,4,0.114258,0,0.0293967
175,1819.76,97.7085,101,4,0.116211,0,0.0297351
176,435.117,95.1051,101,2,0.106445,0,0.0300476
177,977.944,95.2605,101,3,0.119141,0,0.0302159
178,821.48,93.1592,101,3,0.0908203,0,0.0301715
179,1008.92,91.5785,101,3,0.0986328,0,0.0289739
180,1003.18,97.6339,101,3,0.118164,0,0.0298742
181,1008.92,94.5277,101,3,0.125,0,0.0288662
182,970.606,93.5636,101,3,0.118164,0,0.0288108
183,435.117,92.3348,101,2,0.115234,0,0.0286768
184,435.151,93.2913,101,2,0.110352,0,0.0293567
185,435.149,95.1552,101,2,0.116211,0,0.0295451
186,1006.68,95.311,101,3,0.113281,0,0.0295985
187,1007.46,95.9642,101,3,0.134766,0,0.029706
188,994.777,93.7878,101,3,0.116211,0,0.0291268
189,1001.24,95.1335,101,3,0.114258,0,0.0291348
190,1383.79,97.3931,101,4,0.135742,0,0.0294936
191,1811.47,97.8643,101,4,0.140625,0,0.0289976
192,988.72,94.9325,101,3,0.132812,0,0.0289884
193,1006.68,93.5984,101,3,0.113281,0,0.0295504
194,1004.1,95.5327,101,3,0.143555,0,0.0288262
195,1778.72,96.6788,101,4,0.144531,0,0.0285018
196,1645.07,97.089,101,4,0.147461,0,0.028791
197,994.777,96.003,101,3,0.145508,0,0.0288159
198,1008.21,98.6699,101,3,0.152344,0,0.0284283
199,435.151,94.7617,101,2,0.133789,0,0.0289862
200,1009.59,96.8912,101,3,0.137695,0,0.0285519
201,1001.24,94.0542,101,3,0.126953,0,0.0287101
202,1720.96,99.62,101,4,0.157227,0,0.0288251
203,1687.34,100.108,101,4,0.168945,0,0.0290161
204,794.917,96.3965,101,3,0.168945,0,0.0284157
205,959.636,95.1806,101,3,0.140625,0,0.0282851
206,1515.71,96.5361,101,4,0.138672,0,0.0289408
207,998.128,99.0157,101,3,0.145508,0,0.028776
208,1003.18,103.821,101,3,0.188477,0,0.0286771
209,1798.09,103.013,101,4,0.185547,0,0.0284959
210,1004.1,99.2202,101,3,0.166016,0,0.0284948
211,944.449,91.7776,101,3,0.139648,0,0.0284681
212,1807.12,98.5189,101,4,0.185547,0,0.0280588
213,1702.88,101.443,101,4,0.167969,0,0.0291476
214,1523.32,101.128,101,4,0.194336,0,0.0280469
215,1010.21,97.7473,101,3,0.182617,0,0.0279089
216,1004.99,100.677,101,3,0.181641,0,0.0281747
217,1004.1,100.666,101,3,0.183594,0,0.0283836
218,998.128,100.776,101,3,0.175781,0,0.0283118
219,1504.2,101.081,101,4,0.182617,0,0.0287177
220,1732.64,99.9054,101,4,0.177734,0,0.0291135
221,949.639,92.9817,101,3,0.164062,0,0.028686
222,1003.18,100.161,101,3,0.178711,0,0.0284167
223,4102.47,104.749,101,6,0.169922,0,0.028474
224,1519.52,101.991,101,4,0.183594,0,0.0288176
225,1793.4,101.521,101,4,0.186523,0,0.0283851
226,1798.09,107.791,101,4,0.199219,0,0.0287954
227,2723.05,108.294,101,5,0.21875,0,0.0285151
228,4257.05,108.015,101,6,0.250977,0,0.0272824
229,1786.17,105.567,101,4,0.262695,0,0.0276333
230,1795.76,105.443,101,4,0.227539,0,0.0278526
231,1829.35,108.653,101,4,0.237305,0,0.0276036
232,1746.82,103.965,101,4,0.253906,0,0.026951
233,2877.78,113.511,101,5,0.28125,0,0.0271061
234,1735.52,115.001,101,4,0.286133,0,0.0270564
235,4270.03,120.75,101,6,0.299805,0,0.0264295
236,2595.86,113.601,101,5,0.301758,0,0.0268638
237,5470.39,115.214,101,8,0.310547,0,0.0256321
238,4080.24,125.718,101,6,0.334961,0,0.0264988
239,12211,140.599,101,10,0.37207,0,0.0268068
240,5579.09,133.098,101,7,0.373047,0,0.0260715
241,7334.42,140.683,101,8,0.40332,0,0.025236
242,2897.56,129.114,101,5,0.413086,0,0.0264132
243,11156.4,145.915,101,10,0.4375,0,0.0243969
244,4196.4,150.189,101,6,0.472656,0,0.0243732
245,2791.31,142.932,101,5,0.475586,0,0.0248097
246,5324.16,162.483,101,7,0.530273,0,0.0237444
247,8238.16,166.389,101,9,0.523438,0,0.0241143
248,5063.53,158.085,101,7,0.552734,0,0.0231058
249,6718.19,207.017,101,8,0.664062,0,0.0230766
250,6560.21,197.282,101,8,0.682617,0,0.0233107
251,12609.4,241.099,101,10,0.773438,0,0.022739
252,9008.92,226.321,101,9,0.763672,0,0.0215961
253,9186.37,231.362,101,9,0.794922,0,0.02133
254,10199.5,268.218,108.709,9,0.922852,1,0.02175
255,9975.87,335.618,101,9,0.970703,0,0.0221676
256,27278.1,361.278,107.538,13,1.02246,1,0.0228479
257,20797.2,340.555,107.538,12,0.995117,1,0.0209558
258,12571.1,423.149,109.275,10,1.13574,1,0.021651
259,162519,644.843,110.903,17,1.20215,1,0.0229832
260,58192.8,691.137,114.828,15,1.38574,1,0.0246666
261,2.14256e+06,2709.11,114.366,21,1.37695,1,0.0244417
262,93816.7,1044.55,137.17,16,1.76855,1,0.0247033
263,57360.3,723.198,136.902,15,1.67383,1,0.0246916
264,37178.2,757.856,136.624,14,1.70898,1,0.0242816
265,27067.4,799.965,136.624,13,1.74902,1,0.0253574
266,38313.9,818.059,137.17,14,1.79688,1,0.0263919
267,57686.9,851.533,136.764,15,1.75586,1,0.024588
268,95785.3,1233.68,137.17,16,1.88477,1,0.025672
269,1.09432e+06,3947.95,137.3,20,1.96875,1,0.0264424
270,1.09093e+06,4173.27,140.864,20,2.38086,1,0.0296215
271,4.24722e+06,10123.8,411.542,22,2.78906,2,0.0308605
272,1.68447e+07,33419.9,370.936,24,3.02051,2,0.0344072
273,1.68413e+07,77737.3,434.476,24,4.17676,2,0.037838
274,3.36211e+07,130400,953.029,25,4.71973,3,0.042092
275,1.34295e+08,236004,956.362,27,4.80762,3,0.0419557
276,5.36969e+08,821262,935.531,29,5.05469,3,0.0433708
277,5.36967e+08,1.09479e+06,972.108,29,5.36133,3,0.0439706
278,5.36961e+08,1.36461e+06,991.21,29,5.35059,3,0.0416938
279,5.36964e+08,2.38486e+06,999.194,29,5.70898,3,0.0456761
280,2.1476e+09,5.90077e+06,986.145,31,5.30078,3,0.04344
281,2.1476e+09,4.95678e+06,984.827,31,5.29297,3,0.0435163
282,2.14758e+09,5.60266e+06,976.512,31,5.35645,3,0.0426041
283,2.14759e+09,4.30768e+06,961.25,31,5.38086,3,0.0423366
284,8.59006e+09,2.69183e+07,993.611,33,5.72168,3,0.0448463
285,1.718e+10,3.12453e+07,1651.74,34,6.05371,4,0.04558
286,8.59006e+09,3.94261e+07,1631.55,33,6.5,4,0.0482518
287,2.14758e+09,1.98438e+07,1763.17,31,7.0752,4,0.0502325
288,1.718e+10,3.37993e+07,1757.8,34,7.15039,4,0.0519336
289,3.43599e+10,1.11758e+08,1768.44,35,6.79297,4,0.0515527
290,3.43599e+10,4.99135e+07,1655.05,35,5.90723,4,0.0463588
291,1.718e+10,4.27705e+07,1488.71,34,6.18945,4,0.0487344
292,3.43599e+10,7.04871e+07,1671.39,35,6.25684,4,0.0482371
293,4.29508e+09,2.0078e+07,1705.93,32,6.11719,4,0.0468067
294,8.59006e+09,3.73057e+07,1420.9,33,6.28418,4,0.0507771
295,3.43599e+10,4.81781e+07,1396.25,35,6.03125,4,0.0478292
296,3.43599e+10,7.53642e+07,1723.91,35,6.13965,4,0.0477674
297,3.43599e+10,5.93605e+07,1699.8,35,6.07715,4,0.0486225
298,1.718e+10,5.76256e+07,1817.74,34,6.9209,4,0.0535353
299,6.87196e+10,1.64973e+08,1690.48,36,6.27148,4,0.0489243
300,1.718e+10,5.37349e+07,1749.6,34,6.46875,4,0.0507808
301,6.87196e+10,3.49983e+08,1763.17,36,6.77637,4,0.0533753
302,6.87196e+10,1.48101e+08,1705.93,36,6.41406,4,0.049266
303,1.09951e+12,1.20239e+09,1783.71,40,6.74219,4,0.0525902
304,5.49756e+11,6.77918e+08,1720.96,39,6.4209,4,0.0514836
305,2.74878e+11,4.86554e+08,2247.37,38,7.21484,5,0.0560484
306,2.74878e+11,6.24957e+08,2247.37,38,7.46484,5,0.0565687
307,2.74878e+11,6.21966e+08,2461.44,38,7.17773,5,0.0576632
308,6.87196e+10,1.37045e+08,2356.82,36,6.93164,5,0.054827
309,1.09951e+12,2.14728e+09,2345.52,40,7.46875,5,0.0600424
310,2.74878e+11,1.19472e+09,2139.58,38,7.33984,5,0.0565707
311,2.74878e+11,3.6017e+08,1776.18,38,6.5498,4,0.0551243
312,1.37439e+11,7.09178e+08,1958.21,37,7.34961,5,0.0562075
313,1.37439e+11,5.10122e+08,2247.37,37,7.5498,5,0.0567501
314,2.19902e+12,2.54804e+09,1690.48,41,7.01855,4,0.0556291
315,1.09951e+12,2.35872e+09,1732.64,40,6.82227,4,0.0508911
316,4.39805e+12,5.27325e+09,1778.72,42,7.5498,4,0.0555826
317,2.74878e+11,9.92255e+08,1771.04,38,7.58496,4,0.054753
318,4.39805e+12,4.97333e+09,1827.51,42,7.10156,4,0.0516527
319,2.74878e+11,4.35307e+08,1778.72,38,6.82617,4,0.0505826
320,1.37439e+11,4.2529e+08,2709.62,37,7.45312,5,0.0535541
321,2.74878e+11,1.11303e+09,2223.75,38,7.42188,5,0.0557645
322,1.09951e+12,3.01539e+09,2368.07,40,7.61426,5,0.0559656
323,1.09951e+12,5.05723e+09,2696.01,40,8.02832,5,0.0577379
324,5.49756e+11,1.5913e+09,2791.31,39,8.08301,5,0.0576702
325,5.49756e+11,2.06489e+09,2615.56,39,7.83105,5,0.056832
326,2.19902e+12,4.28403e+09,2299.79,41,7.75098,5,0.0555238
327,1.09951e+12,2.03007e+09,2658.83,40,7.59668,5,0.0542283
328,1.09951e+12,2.50263e+09,3728.22,40,8.75586,6,0.0623413
329,4.39805e+12,7.22539e+09,2842.09,42,8.32324,5,0.0627023
330,8.79609e+12,1.00414e+10,3416.64,43,8.90332,6,0.0636687
331,2.74878e+11,2.10286e+09,3931.8,38,9.30859,6,0.0678184
332,2.74878e+11,1.37067e+09,3316.66,38,8.4707,6,0.0624313
333,1.09951e+12,3.25015e+09,3141.98,40,8.69043,6,0.0632817
334,5.49756e+11,2.16828e+09,2876.51,39,8.43066,6,0.0642145
335,3.51844e+13,3.81794e+10,3893.96,45,8.82812,6,0.0646299
336,3.51844e+13,4.0369e+10,4297.24,45,9.60547,7,0.0701375
337,2.74878e+11,1.42499e+09,2870.9,38,8.23145,5,0.0621098
338,1.09951e+12,2.46687e+09,3214.25,40,8.375,6,0.0603828
339,2.19902e+12,3.2143e+09,3424.22,41,8.93457,6,0.0653663
340,2.19902e+12,4.65858e+09,4057.57,41,9.09375,6,0.0646768
341,1.09951e+12,6.7493e+09,5134.88,40,9.75195,7,0.0680637
342,8.79609e+12,1.27137e+10,5256.55,43,9.9043,7,0.0730053
343,5.49756e+11,3.5182e+09,4286.66,39,9.53809,6,0.0676638
344,5.49756e+11,2.31338e+09,4717.77,39,9.40625,7,0.0679934
345,5.49756e+11,3.16472e+09,5126.03,39,9.44922,7,0.0665291
346,2.19902e+12,7.53577e+09,4775.51,41,9.80371,7,0.0696426
347,5.6295e+14,5.60092e+11,4580.71,49,9.89062,7,0.0703826
348,4.39805e+12,1.03937e+10,4155.95,42,9.46582,6,0.0650789
349,8.79609e+12,1.79287e+10,5609.03,43,10.041,7,0.0703324
350,2.19902e+12,5.06342e+09,5823.76,41,10.2207,7,0.0715617
351,4.39805e+12,9.5935e+09,7611.81,42,11.042,9,0.0775017
352,8.79609e+12,1.54037e+10,5631.18,43,10.2363,7,0.074538
353,1.09951e+12,7.45853e+09,6398.26,40,10.417,8,0.0733042
354,2.74878e+11,1.60152e+09,7063.08,38,10.5488,8,0.0732843
355,2.19902e+12,7.54708e+09,5631.18,41,10.3691,7,0.0742185
356,1.09951e+12,3.52023e+09,7256.07,40,10.7793,8,0.0753097
357,7.03687e+13,7.60517e+10,6751.5,46,10.9434,8,0.0788669
358,1.75922e+13,2.72646e+10,8209.83,44,11.376,9,0.0773515
359,3.51844e+13,4.61428e+10,7712.81,45,11.7256,8,0.0810467
360,1.75922e+13,2.95218e+10,6662.24,44,10.9502,8,0.0758265
361,3.51844e+13,5.28807e+10,6468.14,45,10.8223,8,0.0745461
362,1.75922e+13,2.40474e+10,6806.59,44,11.3096,8,0.0767235
363,2.19902e+12,1.53375e+10,5902.9,41,10.8564,8,0.0746626
364,8.79609e+12,1.8813e+10,7196.15,43,11.0752,8,0.075972
365,2.19902e+12,1.59605e+10,6639.71,41,11.124,8,0.0778369
366,4.39805e+12,8.60892e+09,5764.86,42,11.0684,7,0.0769118
367,4.39805e+12,1.52912e+10,6850.26,42,10.9893,8,0.0757519
368,4.39805e+12,1.16722e+10,7503.79,42,11.4043,8,0.0795046
369,4.39805e+12,1.81795e+10,7125.03,42,10.8652,8,0.0759285
370,8.79609e+12,2.43007e+10,7175.96,43,11.623,8,0.0807269
371,4.39805e+12,8.53823e+09,8839.72,42,11.5068,9,0.0827724
372,1.75922e+13,3.46544e+10,7391.97,44,11.3291,8,0.0831301
373,4.39805e+12,1.29551e+10,7031.77,42,11.0557,8,0.0805488
374,8.79609e+12,2.1832e+10,7391.97,43,11.2002,8,0.0825764
375,7.03687e+13,8.68977e+10,7636.89,46,11.5498,8,0.0867196
376,1.09951e+12,1.05154e+10,7372.91,40,11.165,8,0.082463
377,8.79609e+12,1.68413e+10,6828.47,43,11.0146,8,0.0784886
378,2.19902e+12,7.42117e+09,9406.74,41,11.7617,9,0.0837005
379,2.19902e+12,1.20839e+10,9763.41,41,12.8301,9,0.0896608
380,7.03687e+13,8.37992e+10,9913.74,46,12.1729,9,0.0855778
381,2.19902e+12,1.04414e+10,14485.7,41,13.418,11,0.096382
382,4.39805e+12,1.09177e+10,14806.8,42,13.1689,11,0.0943082
383,1.40737e+14,2.16885e+11,12183.3,47,12.79,10,0.0927685
384,1.75922e+13,5.7706e+10,19706.2,44,14.7061,12,0.101562
385,1.40737e+14,1.6839e+11,18182,47,14.0645,12,0.101262
386,1.75922e+13,7.69868e+10,21069.9,44,14.9131,12,0.105089
387,8.79609e+12,4.247e+10,20313.5,43,14.6846,12,0.100958
388,7.03687e+13,8.77947e+10,13741.9,46,13.4775,11,0.0963114
389,7.03687e+13,1.14783e+11,15152.8,46,13.8398,11,0.0945555
390,8.79609e+12,3.59503e+10,15680.5,43,14.1475,11,0.0961734
391,8.79609e+12,2.99315e+10,13837,43,13.21,11,0.0912732
392,8.79609e+12,2.38489e+10,12583.9,43,13.1416,10,0.0947422
393,8.79609e+12,2.32378e+10,12014.6,43,13.126,10,0.0922741
394,3.51844e+13,8.10578e+10,15915.8,45,14.1328,11,0.0965198
395,1.75922e+13,5.62889e+10,10835.5,44,13.1406,10,0.0958369
396,3.51844e+13,8.33063e+10,12734.7,45,13.7764,10,0.0960991
397,2.81475e+14,3.20303e+11,11971.7,48,13.4736,10,0.0940755
398,5.6295e+14,6.08421e+11,10455.2,49,12.9609,10,0.0914487
399,3.51844e+13,1.33138e+11,15084.5,45,14.0752,11,0.0968223
400,1.40737e+14,3.55647e+11,15453.8,47,14.4512,11,0.097167
401,7.03687e+13,1.29015e+11,20127.5,46,14.7588,12,0.100855
402,8.79609e+12,3.00688e+10,15551.8,43,14.0615,11,0.0929714
403,1.40737e+14,3.8387e+11,17986.5,47,14.0957,12,0.0945571
404,1.75922e+13,6.52053e+10,19647.6,44,14.6533,12,0.0964002
405,1.75922e+13,1.06599e+11,19608.3,44,14.6455,12,0.0973067
406,3.51844e+13,7.50562e+10,15632.5,45,14.3125,11,0.0960867
407,1.75922e+13,5.1592e+10,11558.8,44,12.5479,10,0.0853437
408,1.40737e+14,2.30792e+11,9730.28,47,12.6602,9,0.0851588
409,3.51844e+13,8.69246e+10,18776.8,45,14.0713,12,0.0943201
410,1.40737e+14,1.57997e+11,15321.3,47,13.5898,11,0.0898707
411,3.51844e+13,1.27425e+11,26679,45,15.1924,13,0.10367
412,3.51844e+13,1.07665e+11,34509.6,45,15.3682,14,0.104823
413,1.75922e+13,7.34052e+10,23606.2,44,14.9473,13,0.0995152
414,7.03687e+13,1.41669e+11,15387.8,46,13.998,11,0.097072
415,1.75922e+13,5.98869e+10,19450,44,14.127,12,0.0932816
416,1.75922e+13,6.01135e+10,17433.1,44,14.1494,12,0.0959414
417,1.40737e+14,1.82317e+11,15884.9,47,14.3164,11,0.0969266
418,8.79609e+12,4.21747e+10,35402.5,43,15.4531,14,0.105219
419,4.39805e+12,3.0442e+10,26960.7,42,15.4404,13,0.103726
420,4.39805e+12,2.01488e+10,19168.2,42,14.2881,12,0.0975791
421,7.03687e+13,1.28054e+11,20239.6,46,14.9316,12,0.104912
422,4.39805e+12,2.34377e+10,18566.8,42,13.9531,12,0.0991898
423,7.03687e+13,1.33768e+11,24187.3,46,14.6006,13,0.100867
424,8.79609e+12,4.16088e+10,19309.8,43,14.3262,12,0.102239
425,3.51844e+13,4.57539e+10,19229.1,45,14.1025,12,0.0973262
426,1.75922e+13,4.22273e+10,20603.6,44,14.5439,12,0.100885
427,1.75922e+13,9.68203e+10,19127.5,44,13.9531,12,0.0961879
428,1.75922e+13,6.68635e+10,18311.2,44,13.6152,12,0.0964168
429,1.40737e+14,1.7545e+11,20276.6,47,14.1104,12,0.0990507
430,7.03687e+13,1.92523e+11,19229.1,46,14.5645,12,0.100385
431,3.51844e+13,1.11217e+11,16402.4,45,14.4893,11,0.0993048
432,3.51844e+13,1.3116e+11,15992.4,45,13.7959,11,0.0965077
433,3.51844e+13,1.00831e+11,19249.3,45,14.0156,12,0.0982996
434,8.79609e+12,4.141e+10,15584.2,43,13.7373,11,0.102636
435,3.51844e+13,8.30403e+10,15220.6,45,13.6514,11,0.0973825
436,3.51844e+13,1.33746e+11,15437.3,45,13.4385,11,0.0985678
437,5.6295e+14,1.51264e+12,15680.5,49,14.4531,11,0.102419
438,7.03687e+13,2.12653e+11,36452.4,46,15.8496,14,0.108447
439,7.03687e+13,2.72809e+11,20165,46,15.0488,12,0.104962
440,8.79609e+12,8.99844e+10,20295.1,43,15.3232,12,0.109307
441,7.03687e+13,1.70852e+11,24803.6,46,15.2686,13,0.110397
442,2.81475e+14,4.39771e+11,27024.8,48,15.5225,13,0.111545
443,1.40737e+14,2.28499e+11,15015.8,47,14.5967,11,0.105998
444,1.40737e+14,3.69916e+11,84955.2,47,17.0186,16,0.121347
445,3.51844e+13,1.51331e+11,37780,45,16.4268,14,0.115914
446,5.6295e+14,7.29879e+11,54755.2,49,16.2275,15,0.115754
447,2.81475e+14,3.65356e+11,292663,48,18.0488,18,0.124492
448,7.03687e+13,2.68581e+11,158362,46,17.2266,17,0.123575
449,7.03687e+13,2.65522e+11,91042,46,16.8398,16,0.117303
450,7.03687e+13,3.93628e+11,162652,46,17.7852,17,0.124278
451,1.1259e+15,1.36142e+12,57551.4,50,16.6221,15,0.116041
452,3.51844e+13,2.05175e+11,56888.7,45,16.8613,15,0.119062
453,3.51844e+13,1.76686e+11,27215.3,45,15.9092,13,0.10985
454,7.03687e+13,3.54625e+11,34959.4,46,16.124,14,0.115167
455,2.81475e+14,3.98765e+11,36844.3,48,15.9316,14,0.110699
456,2.81475e+14,5.8125e+11,24827.9,48,15.4922,13,0.114753
457,7.03687e+13,3.10275e+11,19706.2,46,15.2129,12,0.107835
458,1.40737e+14,2.54388e+11,19976.2,47,14.9463,12,0.106257
459,7.03687e+13,1.54788e+11,12028.8,46,14.085,10,0.102954
460,2.81475e+14,4.40309e+11,14894.4,48,14.3428,11,0.10415
461,7.03687e+13,1.75381e+11,18008.4,46,14.6621,12,0.105432
462,7.03687e+13,2.45508e+11,19899.7,46,14.7734,12,0.107892
463,1.75922e+13,1.28689e+11,18332.6,44,14.2158,12,0.10293
464,1.40737e+14,2.34768e+11,15237.4,47,14.293,11,0.104654
465,1.40737e+14,3.92871e+11,27505.5,47,15.7881,13,0.109293
466,7.03687e+13,2.82649e+11,27152.1,46,15.5693,13,0.107037
467,1.40737e+14,5.12582e+11,91727.9,47,16.7588,16,0.116371
468,1.40737e+14,3.42136e+11,92272.6,47,16.5898,16,0.114665
469,1.1259e+15,1.54642e+12,88025.5,50,16.5273,16,0.113827
470,3.51844e+13,1.9925e+11,58936.8,45,16.5957,15,0.116109
471,1.40737e+14,3.21969e+11,90342.4,47,17.376,16,0.118887
472,7.03687e+13,2.08872e+11,91856.9,46,16.8145,16,0.11785
473,1.40737e+14,4.25851e+11,56748,47,16.2939,15,0.113761
474,7.03687e+13,2.38429e+11,37305.1,46,15.542,14,0.106752
475,7.03687e+13,2.05941e+11,37076,46,15.2061,14,0.107914
476,1.40737e+14,2.85309e+11,53203.1,47,15.6562,15,0.112103
477,3.51844e+13,1.21812e+11,37050.4,45,15.4922,14,0.109529
478,1.1259e+15,1.59077e+12,36134,50,15.3408,14,0.108584
479,3.51844e+13,1.36512e+11,37127.1,45,15.2646,14,0.110155
480,7.03687e+13,2.02187e+11,35070.8,46,14.874,14,0.106079
481,1.40737e+14,3.1583e+11,36583.8,47,15.2656,14,0.108294
482,5.6295e+14,8.08938e+11,54755.2,49,15.7812,15,0.118837
483,5.6295e+14,6.58936e+11,88025.5,49,16.8945,16,0.12129
484,1.40737e+14,3.50683e+11,59233.9,47,16.458,15,0.120904
485,2.81475e+14,4.02729e+11,88238,48,16.6689,16,0.12371
486,2.81475e+14,3.91064e+11,39966.1,48,16.0811,14,0.118549
487,1.75922e+13,1.49727e+11,59011.7,44,16.377,15,0.118096
488,1.75922e+13,1.05009e+11,37606.4,44,15.709,14,0.117194
489,7.03687e+13,1.90773e+11,37050.4,46,15.2725,14,0.110813
490,3.51844e+13,1.0779e+11,55415.6,45,15.8467,15,0.113507
491,3.51844e+13,1.37586e+11,51946.7,45,15.6875,15,0.11199
492,1.75922e+13,1.48647e+11,39369.5,44,15.6992,14,0.117267
493,1.40737e+14,3.02339e+11,36478.8,47,15.2158,14,0.111003
494,7.03687e+13,1.88258e+11,26896.2,46,15.2344,13,0.112067
495,2.81475e+14,4.66677e+11,38714.1,48,15.9932,14,0.119146
496,7.03687e+13,1.89843e+11,56606.6,46,16.3945,15,0.123098
497,7.03687e+13,3.77667e+11,57605.7,46,16.6904,15,0.123533
498,1.40737e+14,3.73903e+11,55974.2,47,16.1982,15,0.11858
499,1.40737e+14,4.82137e+11,50753.8,47,16.3877,15,0.121095
500,1.40737e+14,3.8768e+11,56435.7,47,16.916,15,0.124374
501,5.6295e+14,7.87786e+11,156957,49,17.334,17,0.129904
502,2.81475e+14,3.39001e+11,154118,48,16.9229,17,0.122963
503,1.40737e+14,3.87161e+11,54173.5,47,16.7334,15,0.128732
504,2.81475e+14,6.53621e+11,38597.6,48,16.3438,14,0.129744
505,3.51844e+13,1.53408e+11,33880.3,45,15.7295,14,0.120217
506,1.40737e+14,3.75307e+11,89423.8,47,16.7236,16,0.123524
507,3.51844e+13,1.27723e+11,55769.7,45,16.4189,15,0.122534
508,3.51844e+13,1.68726e+11,92745.2,45,17.2275,16,0.127264
509,8.79609e+12,9.4431e+10,56748,43,16.6953,15,0.126051
510,5.6295e+14,8.92074e+11,55622.7,49,16.6973,15,0.124303
511,1.40737e+14,4.95223e+11,55445.3,47,17.0449,15,0.125565
512,2.81475e+14,5.97627e+11,157149,48,17.5859,17,0.12956
513,7.03687e+13,2.6041e+11,38194.1,46,16.3955,14,0.121614
514,2.81475e+14,1.006e+12,36134,48,16.2109,14,0.122377
515,7.03687e+13,4.41704e+11,94755.1,46,17.8203,16,0.129385
516,1.40737e+14,2.56576e+11,25117.5,47,15.6133,13,0.116803
517,7.03687e+13,3.92629e+11,89732.4,46,17.7549,16,0.129787
518,1.40737e+14,3.04625e+11,91304.9,47,17.1475,16,0.125787
519,2.81475e+14,4.88623e+11,26347,48,15.8828,13,0.121535
520,3.51844e+13,2.21745e+11,160265,45,17.9219,17,0.130973
521,7.03687e+13,3.3026e+11,159906,46,17.6367,17,0.131485
522,7.03687e+13,3.38183e+11,160763,46,17.8135,17,0.129904
523,7.03687e+13,2.89619e+11,293432,46,18.0986,18,0.131459
524,7.03687e+13,2.69662e+11,91140.8,46,17.377,16,0.126478
525,1.75922e+13,1.23629e+11,161359,44,17.8975,17,0.131749
526,1.40737e+14,3.9707e+11,94025.5,47,17.542,16,0.129932
527,2.81475e+14,5.77546e+11,163795,48,17.8896,17,0.130145
528,7.03687e+13,4.00301e+11,296766,46,18.3379,18,0.135275
529,7.03687e+13,2.8544e+11,37127.1,46,16.4912,14,0.127079
530,1.40737e+14,4.04991e+11,55622.7,47,16.626,15,0.128354
531,7.03687e+13,2.95026e+11,157531,46,17.6797,17,0.13242
532,5.6295e+14,1.22807e+12,299818,49,18.7637,18,0.141067
533,2.81475e+14,8.71056e+11,295975,48,18.9727,18,0.140021
534,2.81475e+14,5.34128e+11,158399,48,17.9053,17,0.137028
535,1.40737e+14,8.43663e+11,90876.6,47,17.4941,16,0.136885
536,5.6295e+14,8.12498e+11,157645,49,17.6943,17,0.132243
537,1.1259e+15,1.88079e+12,58453.4,50,17.8389,15,0.132185
538,7.03687e+13,6.24638e+11,161635,46,18.3311,17,0.13568
539,1.1259e+15,2.28137e+12,57084.1,50,17.8848,15,0.13531
540,2.81475e+14,1.55489e+12,161080,48,18.3271,17,0.134649
541,1.40737e+14,5.79669e+11,91206.6,47,17.834,16,0.132702
542,2.2518e+15,2.65401e+12,93816.7,51,18.2832,16,0.13594
543,5.6295e+14,1.06702e+12,295401,49,19.8584,18,0.144642
544,2.2518e+15,3.07244e+12,162216,51,18.7344,17,0.143098
545,5.6295e+14,1.09992e+12,92049.5,49,18.0859,16,0.135432
546,1.1259e+15,2.23365e+12,90677.2,50,17.9541,16,0.134768
547,7.03687e+13,4.77634e+11,94869.4,46,18.1201,16,0.133636
548,2.2518e+15,2.72594e+12,38337.8,51,16.9434,14,0.126856
549,7.03687e+13,2.54357e+11,38313.9,46,16.5947,14,0.12563
550,5.6295e+14,9.52936e+11,37681,49,16.9141,14,0.125215
551,7.03687e+13,5.23798e+11,56407.1,46,16.9219,15,0.128749
552,7.03687e+13,5.75815e+11,92017.5,46,17.6846,16,0.130037
553,5.6295e+14,1.09212e+12,161841,49,18.3057,17,0.132399
554,1.1259e+15,2.47073e+12,563071,50,19.4707,19,0.141216
555,2.81475e+14,1.39827e+12,563631,48,19.9424,19,0.146302
556,5.6295e+14,1.92802e+12,563631,49,19.4307,19,0.145897
557,1.1259e+15,3.4816e+12,1.08421e+06,50,20.0322,20,0.1485
558,2.81475e+14,1.42331e+12,2.1459e+06,48,21.3584,21,0.153836
559,1.40737e+14,1.00085e+12,297136,47,19.2529,18,0.143314
560,1.40737e+14,8.86609e+11,554051,47,19.1484,19,0.142797
561,5.6295e+14,1.35482e+12,554238,49,19.4561,19,0.142823
562,2.81475e+14,7.52062e+11,294467,48,18.7764,18,0.140691
563,1.1259e+15,2.44629e+12,2.14178e+06,50,20.0869,21,0.145295
564,2.81475e+14,2.06039e+12,2.13964e+06,48,20.7695,21,0.154219
565,1.40737e+14,1.19618e+12,1.09102e+06,47,20.5742,20,0.1503
566,1.1259e+15,1.80035e+12,561306,50,19.9619,19,0.153899
567,7.03687e+13,6.9314e+11,1.0915e+06,46,20.2656,20,0.154023
568,1.40737e+14,6.57589e+11,162719,47,18.7578,17,0.142226
569,2.81475e+14,8.72776e+11,553438,48,19.5635,19,0.145111
570,4.5036e+15,5.31381e+12,294741,52,19.0029,18,0.144587
571,1.1259e+15,3.50393e+12,2.14804e+06,50,21.1562,21,0.15671
572,2.2518e+15,5.05774e+12,8.44072e+06,51,21.7598,23,0.158397
573,1.1259e+15,5.02338e+12,2.14627e+06,50,21.418,21,0.155807
574,2.81475e+14,1.38125e+12,562708,48,20.4883,19,0.153282
575,1.1259e+15,3.69357e+12,4.24469e+06,50,21.624,22,0.161086
576,1.40737e+14,1.58996e+12,163376,47,20.2402,17,0.151879
577,1.1259e+15,2.86498e+12,563986,50,20.3223,19,0.153384
578,1.40737e+14,1.1406e+12,1.09053e+06,47,20.7764,20,0.152756
579,1.40737e+14,1.34069e+12,162652,47,19.8271,17,0.145696
580,2.2518e+15,5.08591e+12,293673,51,19.8965,18,0.146395
581,5.6295e+14,2.05519e+12,2.14134e+06,49,20.8594,21,0.153439
582,4.5036e+15,6.2345e+12,1.09219e+06,52,20.54,20,0.154056
583,2.2518e+15,3.19537e+12,157303,51,19.1143,17,0.149638
584,1.1259e+15,3.19597e+12,161807,50,19.207,17,0.151625
585,1.1259e+15,2.98861e+12,94055.2,50,18.7998,16,0.151182
586,5.6295e+14,2.46801e+12,550942,49,19.9746,19,0.154827
587,4.5036e+15,6.39194e+12,93332.5,52,18.9238,16,0.147853
588,2.81475e+14,2.02162e+12,2.14044e+06,48,20.877,21,0.159232
589,1.1259e+15,1.81371e+12,296951,50,19.5576,18,0.152638
590,5.6295e+14,3.00618e+12,8.43579e+06,49,21.9912,23,0.164574
591,1.1259e+15,8.63605e+12,8.44197e+06,50,22.2754,23,0.169681
592,2.2518e+15,7.23522e+12,3.36203e+07,51,23.0293,25,0.172513
593,1.1259e+15,3.99325e+12,1.68387e+07,50,22.29,24,0.167014
594,1.1259e+15,6.45525e+12,3.36169e+07,50,22.2402,25,0.17081
595,4.5036e+15,1.03968e+13,4.24577e+06,52,22.0713,22,0.167119
596,4.5036e+15,9.6938e+12,2.14207e+06,52,20.9707,21,0.159045
597,5.6295e+14,3.29778e+12,4.24464e+06,49,21.4863,22,0.16274
598,9.0072e+15,1.22465e+13,1.08417e+06,53,20.583,20,0.156771
599,9.0072e+15,1.30807e+13,2.68514e+08,53,24.2969,28,0.178747
600,2.2518e+15,8.91688e+12,2.68519e+08,51,24.9756,28,0.182336
601,1.1259e+15,6.68869e+12,1.07384e+09,50,25.9844,30,0.194536
602,4.5036e+15,1.48486e+13,5.36957e+08,52,24.5889,29,0.17983
603,1.1259e+15,4.67126e+12,2.68499e+08,50,23.5176,28,0.173266
604,1.1259e+15,4.73281e+12,1.34296e+08,50,23.8535,27,0.176281
605,2.2518e+15,6.0043e+12,1.68399e+07,51,22.3789,24,0.168326
606,2.2518e+15,9.60773e+12,3.36211e+07,51,23.0312,25,0.173716
607,2.2518e+15,5.45177e+12,6.71758e+07,51,22.8438,26,0.169829
608,4.5036e+15,1.05486e+13,2.68515e+08,52,24.2627,28,0.17747
609,1.1259e+15,3.41295e+12,1.34295e+08,50,23.7207,27,0.173474
610,5.6295e+14,3.63756e+12,3.36197e+07,49,22.2842,25,0.168451
611,2.2518e+15,6.21878e+12,6.71816e+07,51,23.1172,26,0.171982
612,1.1259e+15,4.56286e+12,3.36187e+07,50,22.6064,25,0.1687
613,5.6295e+14,2.74258e+12,8.44106e+06,49,22.1992,23,0.163396
614,2.2518e+15,5.9756e+12,3.36167e+07,51,22.7168,25,0.171409
615,9.0072e+15,1.36713e+13,1.68348e+07,53,22.0938,24,0.164123
616,9.0072e+15,2.58847e+13,3.36209e+07,53,22.9736,25,0.169594
617,1.80144e+16,2.59404e+13,1.34289e+08,54,23.7109,27,0.173866
618,1.80144e+16,3.54338e+13,2.68505e+08,54,24.7412,28,0.183957
619,9.0072e+15,2.26082e+13,5.3695e+08,53,25.3467,29,0.185984
620,1.80144e+16,3.87057e+13,1.07383e+09,54,25.6064,30,0.190094
621,4.5036e+15,1.62327e+13,2.14758e+09,52,26.5615,31,0.20294
622,7.20576e+16,8.96743e+13,2.14757e+09,56,25.9629,31,0.192922
623,4.5036e+15,1.98085e+13,2.14758e+09,52,25.5811,31,0.192583
624,2.2518e+15,1.79011e+13,2.14757e+09,51,25.6523,31,0.193394
625,3.60288e+16,6.7708e+13,1.07382e+09,55,24.7725,30,0.188694
626,9.0072e+15,4.15358e+13,5.36958e+08,53,25.4316,29,0.190605
627,2.8823e+17,3.82081e+14,5.36958e+08,58,25.0479,29,0.19001
628,7.20576e+16,8.80711e+13,2.14758e+09,56,26.0938,31,0.19683
629,4.5036e+15,2.04059e+13,2.14757e+09,52,25.8418,31,0.193367
630,2.8823e+17,3.11667e+14,4.29507e+09,58,26.8066,32,0.200722
631,3.60288e+16,5.24857e+13,2.68515e+08,55,23.7461,28,0.184353
632,4.5036e+15,1.52138e+13,1.34287e+08,52,23.2354,27,0.180421
633,4.5036e+15,2.84288e+13,1.07383e+09,52,25.4375,30,0.1912
634,2.2518e+15,1.89702e+13,5.36954e+08,51,24.8154,29,0.192159
635,4.5036e+15,2.38566e+13,2.68518e+08,52,25.1279,28,0.193294
636,4.5036e+15,1.75947e+13,1.34278e+08,52,23.6768,27,0.1819
637,9.0072e+15,2.20814e+13,5.36957e+08,53,25.3457,29,0.195496
638,5.76461e+17,6.17767e+14,2.14758e+09,59,26.5928,31,0.199402
639,1.80144e+16,5.6898e+13,4.29506e+09,54,26.8789,32,0.204964
640,9.0072e+15,4.19142e+13,4.29506e+09,53,26.5459,32,0.203839
641,1.44115e+17,2.94341e+14,4.29507e+09,57,26.8535,32,0.205515
642,4.5036e+15,2.08289e+13,2.14758e+09,52,26.3672,31,0.19876
643,1.80144e+16,3.88687e+13,2.14758e+09,54,26.1836,31,0.200344
644,4.5036e+15,3.05108e+13,8.59004e+09,52,27.5234,33,0.210583
645,1.44115e+17,2.09258e+14,2.14757e+09,57,26.042,31,0.197351
646,9.0072e+15,3.54666e+13,4.29507e+09,53,26.8066,32,0.201527
647,9.0072e+15,3.61218e+13,2.14757e+09,53,26.0059,31,0.199071
648,9.0072e+15,3.57486e+13,2.14757e+09,53,26.3623,31,0.200665
649,4.5036e+15,2.80963e+13,1.07384e+09,52,26.4795,30,0.2022
650,7.20576e+16,1.14919e+14,5.36957e+08,56,25.5635,29,0.195329
651,4.5036e+15,2.59812e+13,6.71685e+07,52,23.2803,26,0.178237
652,1.80144e+16,4.21665e+13,5.36947e+08,54,25.0898,29,0.197335
653,9.0072e+15,3.13728e+13,1.68333e+07,53,23.1807,24,0.180887
654,7.20576e+16,1.235e+14,1.07383e+09,56,26.3096,30,0.200213
655,9.0072e+15,3.88684e+13,1.07384e+09,53,25.8057,30,0.195202
656,1.80144e+16,5.55552e+13,5.36947e+08,54,24.9844,29,0.190038
657,1.80144e+16,4.17919e+13,1.34276e+08,54,23.8193,27,0.183854
658,7.20576e+16,1.53635e+14,8.44118e+06,56,22.6455,23,0.177616
659,4.5036e+15,2.53744e+13,5.36946e+08,52,24.9941,29,0.193339
660,9.0072e+15,3.70799e+13,1.34289e+08,53,23.7471,27,0.183767
661,3.60288e+16,7.70567e+13,1.34293e+08,55,24.082,27,0.182492
662,1.80144e+16,3.91395e+13,1.07382e+09,54,25.2773,30,0.190507
663,1.44115e+17,1.60522e+14,2.14757e+09,57,26.3936,31,0.198702
664,3.60288e+16,5.04982e+13,8.59004e+09,55,27.3232,33,0.211569
665,4.5036e+15,3.64894e+13,8.59006e+09,52,27.5732,33,0.215829
666,4.5036e+15,1.64167e+13,2.14757e+09,52,26.2188,31,0.20562
667,9.0072e+15,5.40594e+13,2.14759e+09,53,25.9902,31,0.20086
668,7.20576e+16,8.93977e+13,1.07383e+09,56,25.5488,30,0.198969
669,1.1259e+15,1.57862e+13,1.07383e+09,50,24.3105,30,0.189738
670,7.20576e+16,8.95239e+13,1.68387e+07,56,22.3926,24,0.181222
671,1.80144e+16,7.72939e+13,4.29506e+09,54,26.4932,32,0.2054
672,1.80144e+16,4.6067e+13,1.07382e+09,54,24.5986,30,0.193561
673,9.0072e+15,2.31715e+13,1.68244e+07,53,22.4355,24,0.176338
674,2.2518e+15,2.02854e+13,8.43304e+06,51,22.0029,23,0.176974
675,4.5036e+15,2.34438e+13,8.43934e+06,52,21.9277,23,0.173405
676,1.44115e+17,1.50983e+14,2.14129e+06,57,21.5078,21,0.168682
677,4.5036e+15,2.2066e+13,1.07383e+09,52,25.04,30,0.192213
678,7.20576e+16,1.4526e+14,2.68517e+08,56,24.0195,28,0.190564
679,2.8823e+17,3.20491e+14,1.07384e+09,58,24.5703,30,0.19654
680,4.5036e+15,1.87958e+13,5.36952e+08,52,23.7891,29,0.197216
681,7.20576e+16,1.03916e+14,6.71752e+07,56,23.0791,26,0.188456
682,4.5036e+15,1.21698e+13,6.71688e+07,52,22.6074,26,0.183396
683,7.20576e+16,1.14923e+14,1.07384e+09,56,24.4854,30,0.193891
684,1.44115e+17,1.85627e+14,2.14758e+09,57,24.5605,31,0.200825
685,1.80144e+16,5.98275e+13,2.14757e+09,54,24.4385,31,0.193764
686,9.0072e+15,6.0609e+13,2.68522e+08,53,23.6748,28,0.189968
687,3.60288e+16,8.96044e+13,1.34295e+08,55,22.9561,27,0.184591
688,4.5036e+15,3.53162e+13,1.07382e+09,52,24.6709,30,0.19501
689,3.60288e+16,5.57799e+13,1.68308e+07,55,22.1875,24,0.18446
690,1.80144e+16,4.06054e+13,1.34289e+08,54,23.4023,27,0.187621
691,2.2518e+15,2.45738e+13,1.34286e+08,51,23.5029,27,0.188571
692,4.5036e+15,2.0572e+13,5.36953e+08,52,24.2891,29,0.198763
693,2.8823e+17,4.98508e+14,1.07382e+09,58,24.4814,30,0.195504
694,1.15292e+18,1.15441e+15,2.6852e+08,60,24.1777,28,0.191492
695,1.80144e+16,6.83632e+13,1.68377e+07,54,22.7441,24,0.187436
696,9.0072e+15,5.15238e+13,3.36083e+07,53,22.9688,25,0.187933
697,1.44115e+17,1.79265e+14,3.36231e+07,57,22.8271,25,0.182692
698,3.60288e+16,6.40852e+13,3.36167e+07,55,22.4619,25,0.18198
699,1.44115e+17,1.86669e+14,2.68503e+08,57,24.0205,28,0.192012
700,9.0072e+15,4.78386e+13,2.14094e+06,53,21.4307,21,0.177287
701,1.44115e+17,2.20173e+14,2.14198e+06,57,21.1084,21,0.173177
702,4.5036e+15,1.61575e+13,293872,52,20.6045,18,0.168625
703,1.80144e+16,7.15827e+13,1.08653e+06,54,21.4082,20,0.174631
704,3.60288e+16,6.2518e+13,8.44219e+06,55,22.0225,23,0.177712
705,3.60288e+16,6.23684e+13,559474,55,20.918,19,0.170685
706,1.44115e+17,3.00519e+14,1.34283e+08,57,23.7432,27,0.189785
707,9.0072e+15,5.79172e+13,1.68332e+07,53,22.9629,24,0.185566
708,1.80144e+16,6.4981e+13,3.3607e+07,54,22.874,25,0.183545
709,9.0072e+15,3.75527e+13,4.24302e+06,53,21.7148,22,0.173537
710,9.0072e+15,3.77953e+13,1.68333e+07,53,22.0205,24,0.176465
711,1.80144e+16,5.70478e+13,6.71579e+07,54,22.917,26,0.186476
712,9.0072e+15,3.36702e+13,1.34292e+08,53,23.5146,27,0.186862
713,3.60288e+16,8.43927e+13,6.71773e+07,55,23.6572,26,0.189205
714,7.20576e+16,1.25294e+14,6.71589e+07,56,23.4961,26,0.189675
715,1.80144e+16,3.69799e+13,4.24066e+06,54,21.8672,22,0.176766
716,7.20576e+16,1.14854e+14,1.34282e+08,56,23.8584,27,0.19211
717,4.5036e+15,4.14067e+13,6.7172e+07,52,23.3838,26,0.194866
718,9.0072e+15,3.31443e+13,6.71835e+07,53,23.7529,26,0.190915
719,2.8823e+17,3.02756e+14,8.4427e+06,58,22.4307,23,0.182295
720,1.80144e+16,8.87529e+13,2.14757e+09,54,26.3545,31,0.208804
721,1.80144e+16,4.16832e+13,2.68509e+08,54,24.457,28,0.198221
722,3.60288e+16,1.37864e+14,2.68498e+08,55,24.0977,28,0.201903
723,9.0072e+15,6.55591e+13,4.24344e+06,53,21.8418,22,0.184082
724,3.60288e+16,8.51515e+13,2.13706e+06,55,21.3467,21,0.179635
725,4.5036e+15,3.52511e+13,295440,52,20.207,18,0.172346
726,1.80144e+16,4.61216e+13,1.68378e+07,54,22.8486,24,0.196241
727,3.60288e+16,6.9379e+13,3.36159e+07,55,23.1943,25,0.190905
728,7.20576e+16,2.29229e+14,6.71758e+07,56,23.5,26,0.190969
729,9.0072e+15,5.41204e+13,2.13419e+06,53,21.1045,21,0.17609
730,1.80144e+16,1.00277e+14,4.24217e+06,54,21.8262,22,0.187191
731,2.8823e+17,4.32231e+14,3.36198e+07,58,23.2949,25,0.188244
732,7.20576e+16,1.81868e+14,1.68297e+07,56,23.1064,24,0.188266
733,9.0072e+15,3.70203e+13,8.43864e+06,53,22.3506,23,0.180014
734,5.76461e+17,8.21841e+14,3.36141e+07,59,23.3438,25,0.188613
735,1.15292e+18,1.77103e+15,3.36099e+07,60,23.2305,25,0.188625
736,1.44115e+17,2.98541e+14,6.71741e+07,57,24.1025,26,0.199941
737,7.20576e+16,1.37528e+14,8.44287e+06,56,22.3359,23,0.19379
738,1.15292e+18,1.35407e+15,4.23885e+06,60,21.9912,22,0.187589
739,2.8823e+17,6.77439e+14,5.36949e+08,58,25.3584,29,0.210114
740,3.60288e+16,1.64907e+14,3.36141e+07,55,23.7871,25,0.20024
741,9.22337e+18,1.04102e+16,1.34287e+08,63,24.6904,27,0.204646
742,2.8823e+17,4.80462e+14,2.14756e+09,58,26.666,31,0.221024
743,3.60288e+16,3.22849e+14,2.68508e+08,55,26.2803,28,0.22339
744,5.76461e+17,1.05132e+15,2.68495e+08,59,25.2139,28,0.212695
745,1.44115e+17,3.67857e+14,1.07383e+09,57,27.001,30,0.224718
746,5.76461e+17,1.19336e+15,2.68505e+08,59,26.2588,28,0.225397
747,7.20576e+16,3.76203e+14,1.07382e+09,56,27.2676,30,0.24046
748,1.44115e+17,5.86262e+14,1.07382e+09,57,26.792,30,0.228761
749,2.8823e+17,1.0054e+15,1.3428e+08,58,25.3975,27,0.218378
750,2.30584e+18,2.65992e+15,6.71712e+07,61,25.0322,26,0.215764
751,1.44115e+17,4.25608e+14,2.68507e+08,57,25.7402,28,0.217243
752,3.60288e+16,1.73901e+14,2.68494e+08,55,25.7861,28,0.216145
753,3.60288e+16,2.11506e+14,1.34284e+08,55,24.7676,27,0.210054
754,4.61169e+18,9.201e+15,3.36165e+07,62,24.8193,25,0.206694
755,2.30584e+18,3.63145e+15,2.68495e+08,61,25.457,28,0.212696
756,3.68935e+19,3.63671e+16,1.68356e+07,65,23.54,24,0.211613
757,1.84467e+19,1.951e+16,5.36941e+08,64,26.0645,29,0.218388
758,9.22337e+18,1.04135e+16,1.68326e+07,63,23.5342,24,0.206451
759,4.61169e+18,8.92983e+15,8.4387e+06,62,23.2197,23,0.201997
760,4.61169e+18,9.70046e+15,292458,62,21.3857,18,0.188851
761,5.76461e+17,1.65297e+15,4.23868e+06,59,22.4053,22,0.196835
762,1.84467e+19,2.64379e+16,4.23534e+06,64,22.1494,22,0.195241
763,9.22337e+18,2.44588e+16,156533,63,21.042,17,0.188334
764,9.22337e+18,2.31795e+16,4.23767e+06,63,22.4248,22,0.198264
765,5.76461e+17,1.71216e+15,2.13397e+06,59,22.1816,21,0.20008
766,1.47574e+20,1.6491e+17,1.08827e+06,67,21.7686,20,0.189731
767,2.30584e+18,3.1045e+15,562054,61,21.6152,19,0.185943
768,7.3787e+19,7.36657e+16,160798,66,20.6689,17,0.181549
769,4.61169e+18,1.46963e+16,4.23957e+06,62,23.4033,22,0.195271
770,2.30584e+18,5.26348e+15,2.14158e+06,61,22.4775,21,0.192485
771,3.68935e+19,4.03719e+16,1.08543e+06,65,21.7881,20,0.183846
772,2.30584e+18,4.06488e+15,4.24201e+06,61,22.8184,22,0.194627
773,1.84467e+19,5.80581e+16,2.13974e+06,64,22.3301,21,0.192983
774,3.68935e+19,4.14361e+16,1.08658e+06,65,21.9766,20,0.192018
775,9.22337e+18,1.97718e+16,296691,63,21.1504,18,0.185379
776,4.61169e+18,5.27088e+15,1.08475e+06,62,21.9512,20,0.192491
777,1.84467e+19,3.18946e+16,1.68246e+07,64,24.2666,24,0.206471
778,9.22337e+18,2.88505e+16,4.23716e+06,63,22.3818,22,0.197647
779,1.84467e+19,5.19654e+16,2.14168e+06,64,22.2852,21,0.189429
780,3.68935e+19,9.26564e+16,8.43974e+06,65,23.2217,23,0.196915
781,2.30584e+18,7.27261e+15,8.43536e+06,61,23.7129,23,0.197991
782,7.3787e+19,7.78641e+16,4.23946e+06,66,22.7656,22,0.196503
783,1.47574e+20,2.2526e+17,4.23801e+06,67,23.3789,22,0.20038
784,2.95148e+20,4.16891e+17,3.36096e+07,68,25.3418,25,0.22094
785,1.18059e+21,1.38142e+18,3.36127e+07,70,25.5107,25,0.22128
786,5.90296e+20,7.18168e+17,2.14442e+06,69,23.7988,21,0.213348
787,5.90296e+20,9.21221e+17,563112,69,22.2588,19,0.199489
788,7.3787e+19,1.10713e+17,1.68283e+07,66,24.3789,24,0.213931
789,1.47574e+20,3.4711e+17,1.34274e+08,67,26.5166,27,0.228539
790,7.3787e+19,1.7126e+17,8.42543e+06,66,24.4873,23,0.213973
791,4.72237e+21,4.67743e+18,1.68401e+07,72,25.416,24,0.226157
792,4.72237e+21,5.24069e+18,1.6823e+07,72,24.9375,24,0.221587
793,5.90296e+20,1.5817e+18,2.14094e+06,69,24.2891,21,0.222567
794,5.90296e+20,1.15951e+18,4.2426e+06,69,24.4785,22,0.224437
795,1.18059e+21,2.17834e+18,4.23823e+06,70,24.4268,22,0.233488
796,2.36118e+21,2.99171e+18,1.68231e+07,71,24.6113,24,0.221871
797,2.36118e+21,2.82902e+18,1.0777e+06,71,23.082,20,0.22314
798,2.95148e+20,5.17074e+17,2.14333e+06,68,23.957,21,0.212761
799,3.68935e+19,1.69134e+17,1.08667e+06,65,23.0791,20,0.209298
800,5.90296e+20,7.60501e+17,4.2379e+06,69,23.8936,22,0.213998
801,2.95148e+20,7.44621e+17,561473,68,22.9775,19,0.204742
802,1.47574e+20,4.24623e+17,2.14314e+06,67,24.1328,21,0.211103
803,4.72237e+21,5.11191e+18,1.08743e+06,72,23.4443,20,0.21034
804,9.44473e+21,1.80825e+19,5.36951e+08,73,27.5693,29,0.246563
805,5.90296e+20,1.47911e+18,1.07382e+09,69,28.6924,30,0.249948
806,4.72237e+21,5.62973e+18,1.3429e+08,72,27.4414,27,0.24366
807,6.04463e+23,6.31348e+20,6.716e+07,79,26.582,26,0.242832
808,7.55579e+22,9.45994e+19,6.7172e+07,76,26.5146,26,0.24147
809,1.88895e+22,2.68376e+19,1.68341e+07,74,25.374,24,0.232456
810,3.77789e+22,6.4019e+19,4.23557e+06,75,24.8301,22,0.225945
811,7.55579e+22,8.47414e+19,3.36176e+07,76,26.1484,25,0.243685
812,3.77789e+22,6.25794e+19,3.36105e+07,75,26.3994,25,0.239634
813,7.55579e+22,1.06109e+20,4.23756e+06,76,24.543,22,0.230295
814,3.02231e+23,6.76334e+20,2.14094e+06,78,24.9551,21,0.228695
815,1.51116e+23,2.19975e+20,556817,77,23.2695,19,0.220483
816,4.72237e+21,1.38034e+19,8.43823e+06,72,25.0098,23,0.22396
817,1.88895e+22,2.67162e+19,8.43243e+06,74,24.9717,23,0.23366
818,1.51116e+23,1.54081e+20,3.3616e+07,77,26.0908,25,0.239186
819,3.02231e+23,3.00612e+20,8.43681e+06,78,25.3105,23,0.232402
820,1.88895e+22,4.6656e+19,1.68274e+07,74,26.2715,24,0.233573
821,1.54743e+26,1.51147e+23,8.43579e+06,87,25.459,23,0.22807
822,3.02231e+23,5.33212e+20,8.4387e+06,78,25.7227,23,0.234226
823,7.55579e+22,9.79665e+19,1.09189e+06,76,24.1006,20,0.215818
824,6.1897e+26,6.04644e+23,89008.9,89,21.8232,16,0.201769
825,4.95176e+27,4.91282e+24,558601,92,23.3535,19,0.213599
826,7.73713e+25,7.68986e+22,561180,86,22.8311,19,0.208099
827,3.02231e+23,3.0993e+20,291467,78,21.5674,18,0.197667
828,2.47588e+27,2.42748e+24,289949,91,21.0371,18,0.194714
829,7.92282e+28,7.74545e+25,90610.5,96,21.3545,16,0.19318
830,9.67141e+24,9.66455e+21,37531.6,83,20.7666,14,0.193984
831,9.90352e+27,9.67173e+24,52692.3,93,20.7568,15,0.195398
832,3.86856e+25,4.16322e+22,23784.4,85,18.2803,13,0.171544
833,1.88895e+22,5.26205e+19,156996,74,22.2744,17,0.205049
834,2.41785e+24,2.41015e+21,90443.2,81,20.9688,16,0.194599
835,2.41785e+24,2.44981e+21,152193,81,21.374,17,0.19903
836,1.23794e+27,1.20954e+24,88273.3,90,20.2334,16,0.197322
837,6.04463e+23,7.50557e+20,557357,79,22.4414,19,0.205095
838,4.72237e+21,1.13174e+19,1.08831e+06,72,23.9912,20,0.209734
839,6.04463e+23,6.41347e+20,1.08213e+06,79,23.6592,20,0.214145
840,6.04463e+23,9.23587e+20,1.68336e+07,79,27.7393,24,0.247551
841,4.72237e+21,8.45569e+18,4.24334e+06,72,26.0352,22,0.232632
842,1.20893e+24,1.19383e+21,1.08896e+06,80,24.542,20,0.21676
843,4.72237e+21,1.24616e+19,1.08653e+06,72,23.7783,20,0.210567
844,3.02231e+23,2.99631e+20,158474,78,21.0107,17,0.190718
845,1.54743e+26,1.88947e+23,162012,87,21.7725,17,0.20373
846,1.23794e+27,1.20977e+24,55769.7,90,20.8086,15,0.191458
847,6.1897e+26,6.07799e+23,37178.2,89,20.4365,14,0.189585
848,1.23794e+27,1.20911e+24,157303,90,21.877,17,0.212052
849,1.20893e+24,3.64227e+21,51881.2,80,20.4229,15,0.19474
850,3.02231e+23,4.8985e+20,93086.8,78,21.4648,16,0.195908
851,1.20893e+24,1.84795e+21,38667.6,80,20.4316,14,0.191811
852,1.93428e+25,2.14002e+22,35209.5,84,19.2178,14,0.181877
853,4.8357e+24,7.35644e+21,56464.2,82,20.7383,15,0.190486
854,7.73713e+25,9.93491e+22,89868.8,86,21.5059,16,0.192959
855,1.93428e+25,2.07142e+22,90843.5,84,21.2168,16,0.195232
856,3.02231e+23,8.08964e+20,37330.4,78,19.9277,14,0.182928
857,2.41785e+24,4.26098e+21,55415.6,81,20.4248,15,0.188509
858,4.8357e+24,9.87681e+21,22724.2,82,19.0635,13,0.176113
859,7.92282e+28,7.75324e+25,25403.1,96,18.8809,13,0.168438
860,3.09485e+26,4.1628e+23,11935.3,88,17.1719,11,0.165251
861,7.92282e+28,7.74104e+25,33966.9,96,19.6113,14,0.182051
862,9.67141e+24,9.74349e+21,49220.9,83,20.0898,15,0.186764
863,9.67141e+24,1.36855e+22,13703.7,83,17.8682,11,0.167573
864,1.93428e+25,2.49173e+22,36000.1,84,19.7207,14,0.18737
865,1.20893e+24,2.39944e+21,49702.7,80,19.8545,15,0.18127
866,3.77789e+22,5.45597e+19,24657.2,75,18.5283,13,0.17114
867,1.54743e+26,1.5281e+23,154680,87,20.1709,17,0.183314
868,7.73713e+25,8.97391e+22,55652.2,86,19.9053,15,0.180589
869,3.86856e+25,3.89766e+22,21435.1,85,18.6611,13,0.174184
870,6.04463e+23,7.66023e+20,14006.7,79,17.3984,11,0.160147
871,1.18059e+21,5.36602e+18,8266.41,70,15.9736,9,0.149782
872,1.88895e+22,4.25431e+19,14118.8,74,16.9912,11,0.154023
873,1.51116e+23,1.76431e+20,19410.1,77,17.7676,12,0.168096
874,7.55579e+22,7.83552e+19,12293.2,76,17.6133,10,0.161213
875,6.04463e+23,7.18174e+20,12940.2,79,18.2871,11,0.168453
876,3.02231e+23,3.4032e+20,13433.5,78,18.1992,11,0.175537
877,1.20893e+24,1.57564e+21,52272.5,80,20.834,15,0.187686
878,7.73713e+25,7.61081e+22,17678.5,86,19.9648,12,0.186679
879,4.8357e+24,5.95275e+21,36531.3,82,21.1484,14,0.197494
880,1.20893e+24,3.98298e+21,10932.8,80,17.9082,10,0.172545
881,2.47588e+27,2.4191e+24,12123.5,91,18.2686,11,0.17221
882,1.54743e+26,1.51259e+23,16865.1,87,18.7432,12,0.176453
883,3.02231e+23,3.82592e+20,14806.8,78,17.0986,11,0.159719
884,7.55579e+22,8.95816e+19,10916.6,76,16.9912,10,0.152869
885,6.04463e+23,6.77421e+20,13218.1,79,17.1514,11,0.161175
886,2.41785e+24,3.74572e+21,13178.7,81,17.4932,11,0.157787
887,2.41785e+24,2.83415e+21,33648.6,81,20.0742,14,0.183443
888,1.20893e+24,1.85281e+21,564377,80,23.7832,19,0.210346
889,2.36118e+21,1.15364e+19,1.08273e+06,71,23.2158,20,0.207942
890,7.55579e+22,1.0125e+20,291550,76,22.4258,18,0.205665
891,7.73713e+25,8.51942e+22,2.14203e+06,86,24.3848,21,0.212149
892,6.04463e+23,6.17763e+20,52628,79,20.4883,15,0.184988
893,4.8357e+24,4.7644e+21,552963,82,23.7295,19,0.201608
894,9.67141e+24,9.48574e+21,162452,83,22.6523,17,0.194331
895,7.55579e+22,1.75234e+20,55622.7,76,19.9502,15,0.173769
896,1.51116e+23,2.88229e+20,52499.1,77,19.9131,15,0.174404
897,9.44473e+21,1.70423e+19,158771,73,21.7354,17,0.185971
898,2.41785e+24,2.36607e+21,90677.2,81,20.9189,16,0.18564
899,1.88895e+22,5.13846e+19,154440,74,21.9502,17,0.191602
900,7.92282e+28,7.7374e+25,153794,96,22.1416,17,0.198388
901,3.77789e+22,5.54533e+19,57632.8,75,21.8691,15,0.185652
902,1.18059e+21,7.48643e+18,158845,70,21.7861,17,0.186378
903,6.1897e+26,6.04466e+23,91075,89,21.7627,16,0.19591
904,4.8357e+24,4.76216e+21,90443.2,82,21.2314,16,0.182981
905,7.55579e+22,1.44748e+20,14593.7,76,18.3125,11,0.161148
906,7.73713e+25,7.68398e+22,51552.5,86,20.6377,15,0.174227
907,2.36118e+21,6.44112e+18,38783.5,71,20.4482,14,0.175059
908,1.88895e+22,5.58597e+19,14485.7,74,18.4482,11,0.173107
909,9.44473e+21,1.10497e+19,25892.9,73,18.7871,13,0.162862
910,2.47588e+27,2.56962e+24,23708.2,91,18.9111,13,0.16514
911,3.77789e+22,6.4236e+19,35292.4,75,19.0352,14,0.166205
912,3.02231e+23,3.85243e+20,53107.8,78,20.4502,15,0.178209
913,1.20893e+24,1.34305e+21,93240.6,80,21.6777,16,0.184982
914,3.86856e+25,3.78464e+22,91272.2,85,21.4863,16,0.191972
915,1.54743e+26,2.26868e+23,55652.2,87,20.334,15,0.180371
916,1.54743e+26,1.56375e+23,92209,87,21.2148,16,0.184278
917,7.73713e+25,7.58816e+22,55445.3,86,19.8672,15,0.175275
918,3.86856e+25,3.83738e+22,17162.2,85,18.2363,12,0.171845
919,3.09485e+26,3.25928e+23,14876.9,88,18.0957,11,0.164538
920,3.02231e+23,4.88416e+20,9394.74,78,16.4082,9,0.148132
921,9.67141e+24,1.44143e+22,14718.5,83,18.0986,11,0.159768
922,2.41785e+24,2.42302e+21,11885.1,81,16.877,10,0.155124
923,7.92282e+28,1.54743e+26,88025.5,96,20.0215,16,0.174606
924,7.92282e+28,7.73714e+25,89458.2,96,19.7256,16,0.174265
925,2.36118e+21,4.82965e+18,5777.64,71,14.1787,8,0.140854
926,3.96141e+28,3.86857e+25,36896,95,19.5381,14,0.173341
927,3.86856e+25,3.78924e+22,91500.8,85,19.2617,16,0.164484
928,3.09485e+26,3.02259e+23,288351,88,21.0254,18,0.189104
929,7.55579e+22,1.64829e+20,92336.1,76,19.7725,16,0.174944
930,3.09485e+26,3.02591e+23,160337,88,20.1064,17,0.170109
931,4.72237e+21,8.81968e+18,87561.8,72,18.9883,16,0.166256
932,1.20893e+24,1.86502e+21,37481.5,80,18.666,14,0.163421
933,7.73713e+25,7.79553e+22,35375,86,18.7266,14,0.166758
934,6.1897e+26,6.04502e+23,90677.2,89,19.4756,16,0.173208
935,9.67141e+24,1.24737e+22,25332.1,83,17.5713,13,0.152254
936,3.86856e+25,3.80991e+22,13491.8,85,15.6777,11,0.143129
937,6.04463e+23,6.71701e+20,9872.38,79,14.4854,10,0.128006
938,3.09485e+26,3.02273e+23,8308.63,88,13.915,9,0.125951
939,1.51116e+23,1.68032e+20,7145.48,77,13.9492,8,0.125523
940,1.20893e+24,1.18445e+21,6957.85,80,14.2246,8,0.125233
941,1.88895e+22,3.24451e+19,6925.82,74,14.1973,8,0.130407
942,2.41785e+24,3.62902e+21,14665.2,81,15.8164,11,0.143684
943,1.88895e+22,2.74272e+19,8813.32,74,14.3887,9,0.130839
944,7.92282e+28,7.73716e+25,14044.2,96,16.9531,11,0.149014
945,3.86856e+25,3.78157e+22,7063.08,85,14.3799,8,0.128071
946,9.67141e+24,1.02217e+22,7494.65,83,14.9111,8,0.132686
947,2.41785e+24,2.38271e+21,9121.32,81,14.583,10,0.13052
948,1.20893e+24,1.63331e+21,7063.08,80,15.0312,8,0.132261
949,4.72237e+21,9.45779e+18,17744.9,72,16.6611,12,0.144453
950,4.72237e+21,1.50328e+19,11649.1,72,15.9414,10,0.140593
951,3.77789e+22,8.16544e+19,15567.8,75,16.6143,12,0.141873
952,3.02231e+23,5.68606e+20,55563.7,78,19.1201,15,0.163563
953,3.77789e+22,5.36004e+19,24287,75,17.8447,13,0.15298
954,7.55579e+22,9.80847e+19,39080.1,76,18.9727,14,0.160012
955,3.77789e+22,1.10401e+20,54572.6,75,19.6025,15,0.164062
956,1.20893e+24,1.38995e+21,56634.9,80,19.6182,15,0.17669
957,4.72237e+21,1.08588e+19,56521.3,72,19.3086,15,0.165939
958,1.20893e+24,1.64897e+21,35264.8,80,18.4727,14,0.160697
959,3.77789e+22,7.01601e+19,34679,75,18.8359,14,0.157565
960,7.55579e+22,9.36349e+19,33880.3,76,18.5967,14,0.161032
961,3.77789e+22,8.18206e+19,92304.4,75,19.6445,16,0.161002
962,7.73713e+25,7.55787e+22,19822.7,86,17.2949,12,0.144794
963,2.95148e+20,1.16103e+18,93606.1,68,19.3906,16,0.162451
964,3.09485e+26,6.04591e+23,54204.4,88,18.7949,15,0.165204
965,4.8357e+24,4.81031e+21,55828.3,82,18.7578,15,0.160533
966,3.96141e+28,3.86904e+25,55147.2,95,19.5791,15,0.172212
967,4.8357e+24,5.00652e+21,56663.2,82,19.6445,15,0.164471
968,9.67141e+24,1.41849e+22,24900.7,83,17.7549,13,0.15061
969,3.86856e+25,4.02207e+22,25284.6,85,17.79,13,0.149579
970,1.93428e+25,1.89693e+22,25544.4,84,18.5947,13,0.16142
971,1.18059e+21,4.14236e+18,14753.9,70,16.0713,11,0.135447
972,2.47588e+27,2.41801e+24,19489.7,91,17.6807,12,0.148
973,2.47588e+27,2.42262e+24,15304.6,91,17.1299,11,0.144658
974,1.51116e+23,3.63248e+20,20071,77,18.3057,12,0.162894
975,3.02231e+23,5.62091e+20,25567.8,78,18.8389,13,0.161857
976,1.23794e+27,1.20917e+24,14647.4,90,18.0029,11,0.152116
977,1.20893e+24,1.5162e+21,16306.8,80,18.7295,12,0.156674
978,1.51116e+23,1.88795e+20,20014.2,77,18.4668,12,0.156138
979,1.93428e+25,3.40625e+22,90241.4,84,20.3369,16,0.182167
980,7.73713e+25,1.51192e+23,54572.6,86,20.1475,15,0.17234
981,7.73713e+25,8.77184e+22,91107.9,86,21.4209,16,0.186754
982,1.23794e+27,1.21474e+24,92838.8,90,22.415,16,0.201151
983,7.92282e+28,1.54782e+26,56464.2,96,22.3213,15,0.192169
984,6.1897e+26,7.6207e+23,34167.9,89,20.8369,14,0.180787
985,2.47588e+27,2.72863e+24,1.08658e+06,91,25.1367,20,0.221558
986,7.92282e+28,1.59659e+26,294309,96,23.6328,18,0.205858
987,7.92282e+28,8.47029e+25,295053,96,23.4307,18,0.201062
988,7.92282e+28,7.79769e+25,159030,96,23.376,17,0.208837
989,7.92282e+28,1.21227e+26,54542.1,96,23.0156,15,0.205423
990,3.09485e+26,3.14204e+23,156221,88,22.8291,17,0.203369
991,7.92282e+28,7.73924e+25,57848.2,96,21.5234,15,0.189225
992,9.90352e+27,1.11916e+25,55415.6,93,20.5879,15,0.181811
993,7.92282e+28,1.74849e+26,54296.8,96,21.5332,15,0.195147
994,7.92282e+28,1.55061e+26,26722.7,96,20.0049,13,0.176751
995,2.41785e+24,4.96752e+21,14946.6,81,17.9482,11,0.162402
996,7.92282e+28,7.73717e+25,18418.1,96,18.8262,12,0.170307
997,2.47588e+27,2.61057e+24,14006.7,91,18.6631,11,0.174617
998,1.23794e+27,1.22823e+24,25355.8,90,20.2578,13,0.18947
999,4.95176e+27,4.85341e+24,13969.2,92,18.6533,11,0.172485
1000,1.54743e+26,2.09818e+23,11856,87,18.8428,10,0.178158
1001,4.8357e+24,7.50506e+21,10671.6,82,18.4209,10,0.16793
1002,6.04463e+23,1.38382e+21,24509.8,79,19.7295,13,0.177267
1003,7.92282e+28,1.25731e+26,19066.2,96,18.7373,12,0.174375
1004,6.04463e+23,6.49289e+20,19706.2,79,18.46,12,0.172304
1005,1.20893e+24,1.32044e+21,26189.5,80,18.6924,13,0.164177
1006,1.23794e+27,1.47393e+24,51717.1,90,20.1367,15,0.178165
1007,7.92282e+28,7.73777e+25,24852.2,96,17.668,13,0.162407
1008,7.92282e+28,1.54861e+26,55652.2,96,19.9316,15,0.180633
1009,7.73713e+25,7.89901e+22,26302.1,86,18.5664,13,0.165747
1010,7.92282e+28,7.74091e+25,7031.77,96,15.0166,8,0.141103
1011,7.92282e+28,1.55364e+26,8038.16,96,15.793,9,0.151098
1012,9.67141e+24,1.07404e+22,7216.59,83,15.0371,9,0.144423
1013,1.23794e+27,1.21554e+24,13837,90,16.4395,11,0.152615
1014,7.92282e+28,7.73816e+25,11797.5,96,15.8438,10,0.158132
1015,1.20893e+24,1.44246e+21,7878.31,80,14.9053,9,0.142789
1016,7.92282e+28,7.8932e+25,7000.23,96,15.2969,8,0.155286
1017,7.92282e+28,7.74578e+25,7125.03,96,15.5713,8,0.152724
1018,7.92282e+28,3.09868e+26,9465.16,96,17.0098,10,0.165538
1019,7.92282e+28,1.96616e+26,5036.45,96,15.2617,7,0.152073
1020,7.92282e+28,2.01294e+26,6662.24,96,16.4248,8,0.164483
1021,7.92282e+28,9.70791e+25,5398.45,96,16.124,7,0.157244
1022,1.93428e+25,4.09666e+22,5072.52,84,14.3408,7,0.146069
1023,6.1897e+26,1.20906e+24,2090.46,89,11.8535,5,0.128226
1024,4.8357e+24,5.43016e+21,7010.77,82,15.5137,8,0.15133
1025,7.92282e+28,2.38338e+26,15420.8,96,18.8789,11,0.185064
1026,3.86856e+25,4.65395e+22,7135.27,85,15.6367,8,0.151824
1027,1.23794e+27,1.22611e+24,8800.09,90,16.6514,9,0.173403
1028,7.92282e+28,2.37429e+26,10753.8,96,17.5225,10,0.164118
1029,2.41785e+24,2.47931e+21,14467.6,81,17.1318,11,0.170234
1030,9.90352e+27,9.752e+24,24435.7,93,17.5039,13,0.162699
1031,1.54743e+26,1.94484e+23,13139.2,87,17.7676,11,0.173701
1032,7.92282e+28,1.55504e+26,24949,96,18.5811,13,0.171018
1033,3.96141e+28,4.1255e+25,55147.2,95,19.3232,15,0.176578
1034,2.47588e+27,2.46932e+24,23090.6,91,17.8857,13,0.171839
1035,7.92282e+28,7.76748e+25,50686.7,96,19.1016,15,0.178238
1036,9.90352e+27,1.20991e+25,24162.3,93,18.5869,13,0.181264
1037,9.90352e+27,9.67458e+24,55445.3,93,19.165,15,0.186319
1038,7.92282e+28,7.73714e+25,12960.2,96,16.5889,11,0.154826
1039,2.47588e+27,3.0344e+24,12113.5,91,16.7295,10,0.158742
1040,1.54743e+26,2.41642e+23,35648.6,87,19.251,14,0.187783
1041,1.54743e+26,1.71109e+23,19269.5,87,17.8955,12,0.169636
1042,7.92282e+28,7.74595e+25,86658,96,20.3486,16,0.189092
1043,7.92282e+28,7.7948e+25,55740.4,96,21.0352,15,0.189727
1044,7.92282e+28,2.32268e+26,52207.5,96,19.4541,15,0.177077
1045,7.92282e+28,1.7472e+26,34594.4,96,19.7246,14,0.181995
1046,2.47588e+27,2.58039e+24,16141.7,91,17.6982,12,0.169366
1047,1.23794e+27,1.28623e+24,156842,90,20.6074,17,0.184661
1048,4.95176e+27,4.84679e+24,90241.4,92,19.2568,16,0.177931
1049,7.92282e+28,2.54517e+26,31526.2,96,18.9346,14,0.175231
1050,7.92282e+28,8.7119e+25,12351.3,96,17.1396,11,0.165788
1051,7.92282e+28,1.54773e+26,9047.37,96,17.5693,9,0.16575
1052,7.92282e+28,1.56337e+26,12028.8,96,17.8379,10,0.172586
1053,7.92282e+28,1.16813e+26,9696.57,96,17.2549,10,0.164558
1054,7.92282e+28,7.73719e+25,8009.27,96,16.3916,9,0.159947
1055,7.92282e+28,7.74141e+25,6525.84,96,15.0674,8,0.151183
1056,7.92282e+28,2.52667e+26,2745.01,96,14.4609,5,0.143863
1057,7.92282e+28,3.09637e+26,3829.17,96,14.5928,6,0.143427
1058,7.92282e+28,7.74512e+25,6605.76,96,15.502,8,0.153408
1059,3.96141e+28,3.8689e+25,34253.6,95,17.8877,14,0.16472
1060,7.92282e+28,1.83757e+26,90777.1,96,19.6191,16,0.179283
1061,7.92282e+28,2.38008e+26,51453.4,96,18.8623,15,0.172668
1062,7.92282e+28,1.5505e+26,46822.6,96,18.6699,15,0.169825
1063,1.9807e+28,2.05568e+25,51221.4,94,17.8633,15,0.166037
1064,7.92282e+28,7.73771e+25,155948,96,19.0049,17,0.16924
1065,7.92282e+28,1.1606e+26,553532,96,20.8584,19,0.184388
1066,7.92282e+28,7.85812e+25,1.07859e+06,96,21.0547,20,0.191301
1067,7.92282e+28,7.86207e+25,89834.7,96,18.8115,16,0.169424
1068,7.92282e+28,7.76971e+25,88939.4,96,18.2529,16,0.165466
1069,1.9807e+28,1.93434e+25,285322,94,19.6152,18,0.177495
1070,4.95176e+27,6.35328e+24,1.08313e+06,92,21.3926,20,0.187787
1071,7.92282e+28,7.76736e+25,292253,96,19.3643,18,0.175961
1072,7.92282e+28,7.73713e+25,55534.1,96,18.0547,15,0.167493
1073,7.92282e+28,7.7372e+25,8266.41,96,15.1152,9,0.138396
1074,7.92282e+28,2.32266e+26,16283.3,96,16.7734,12,0.154706
1075,1.23794e+27,1.3637e+24,13020,90,16.8926,11,0.152187
1076,7.92282e+28,1.54743e+26,26279.7,96,16.8457,13,0.151124
1077,6.1897e+26,6.81439e+23,18755.9,89,16.7441,12,0.161738
1078,6.1897e+26,6.04829e+23,36187.4,89,18.1074,14,0.169836
1079,9.67141e+24,1.19535e+22,50450.9,83,18.2588,15,0.170336
1080,1.54743e+26,1.51141e+23,90342.4,87,18.9688,16,0.170452
1081,7.55579e+22,1.63544e+20,297173,76,20.3408,18,0.177668
1082,1.23794e+27,1.55546e+24,1.08601e+06,90,21.8311,20,0.190662
1083,4.95176e+27,4.83579e+24,2.14134e+06,92,22.7559,21,0.20558
1084,7.92282e+28,7.7976e+25,1.68273e+07,96,24.623,24,0.221133
1085,7.92282e+28,7.9833e+25,2.13779e+06,96,23.8477,21,0.224141
1086,7.92282e+28,1.16152e+26,54204.4,96,20.749,15,0.193951
1087,7.92282e+28,8.23677e+25,24973.2,96,18.7344,13,0.179455
1088,9.90352e+27,9.97366e+24,18860,93,18.2148,12,0.176791
1089,7.92282e+28,9.18791e+25,52142.4,96,20.3154,15,0.187774
1090,1.54743e+26,2.26689e+23,15437.3,87,18.2295,11,0.188176
1091,3.09485e+26,3.08151e+23,33590.4,88,19.5088,14,0.186909
1092,7.92282e+28,1.55975e+26,91107.9,96,20.5088,16,0.189483
1093,7.92282e+28,7.81665e+25,52012,96,19.9297,15,0.192488
1094,7.92282e+28,8.22076e+25,54755.2,96,19.542,15,0.18117
1095,9.90352e+27,9.67142e+24,37406.1,93,19.1973,14,0.178683
1096,1.23794e+27,1.24688e+24,17025.6,90,18.4473,12,0.168984
1097,4.95176e+27,4.8405e+24,23529.5,92,18.6006,13,0.168444
1098,2.47588e+27,2.41787e+24,34339.2,91,19.2471,14,0.180001
1099,1.54743e+26,2.45715e+23,13818,87,17.5527,11,0.172468
1100,1.9807e+28,1.93835e+25,23580.7,94,18.5195,13,0.16553
1101,6.04463e+23,6.71176e+20,14118.8,79,16.8604,11,0.151759
1102,3.09485e+26,9.06718e+23,17789,88,16.5654,12,0.151843
1103,3.09485e+26,3.02322e+23,18922.2,88,16.9688,12,0.152444
1104,7.92282e+28,1.54762e+26,9198.85,96,15.8379,9,0.143123
1105,6.04463e+23,6.44681e+20,9466.31,79,15.3633,9,0.143097
1106,3.96141e+28,3.8687e+25,11093,95,16.4746,10,0.15563
1107,7.92282e+28,8.04905e+25,6936.22,96,15.8223,9,0.151252
1108,1.23794e+27,1.2279e+24,18482,90,17.2031,12,0.159024
1109,1.9807e+28,1.93664e+25,88061,94,20.2852,16,0.18695
1110,7.92282e+28,3.13986e+26,1.08238e+06,96,22.1289,20,0.198498
1111,7.92282e+28,1.74558e+26,547070,96,21.6934,19,0.198977
1112,2.47588e+27,2.42255e+24,53675.9,91,20.6348,15,0.185939
1113,7.92282e+28,2.3473e+26,287560,96,22.1699,18,0.203672
1114,7.92282e+28,7.74005e+25,49047.9,96,20.0645,15,0.193985
1115,7.92282e+28,1.55392e+26,158956,96,22.3076,17,0.205014
1116,7.92282e+28,1.58078e+26,84047.1,96,21.0635,16,0.194004
1117,7.92282e+28,8.25273e+25,161978,96,22.7168,17,0.211628
1118,7.92282e+28,1.65775e+26,38024.8,96,21.2295,14,0.199597
1119,3.96141e+28,6.04561e+25,92049.5,95,21.0654,16,0.190921
1120,7.92282e+28,2.38179e+26,54572.6,96,21.4531,15,0.197366
1121,7.92282e+28,1.64738e+26,54664,96,21.0176,15,0.198482
1122,7.92282e+28,2.34053e+26,4.23699e+06,96,25.1582,22,0.232643
1123,7.92282e+28,9.13546e+25,554845,96,23.1367,19,0.225907
1124,7.92282e+28,2.39613e+26,4.23979e+06,96,25.3652,22,0.229421
1125,7.92282e+28,4.69776e+26,8.43669e+06,96,26.3125,23,0.243092
1126,7.92282e+28,3.5342e+26,4.23412e+06,96,25.6357,22,0.23676
1127,7.92282e+28,5.63223e+26,3.36099e+07,96,27.7295,25,0.254015
1128,7.92282e+28,5.53461e+26,1.07937e+06,96,23.8438,20,0.218753
1129,7.92282e+28,9.48078e+26,6.71669e+07,96,28.0625,26,0.254205
1130,7.92282e+28,6.75981e+26,3.36165e+07,96,27.4385,25,0.252033
1131,7.92282e+28,3.18701e+26,8.43887e+06,96,26.4072,23,0.246709
1132,7.92282e+28,4.21667e+26,6.71695e+07,96,27.4023,26,0.2556
1133,7.92282e+28,4.29594e+26,1.6822e+07,96,26.6533,24,0.247036
1134,7.92282e+28,8.22944e+26,3.36106e+07,96,27.6348,25,0.255653
1135,7.92282e+28,4.84745e+26,1.68282e+07,96,26.916,24,0.248055
1136,7.92282e+28,5.67048e+26,6.71663e+07,96,27.4365,26,0.251804
1137,7.92282e+28,3.80432e+26,3.36072e+07,96,26.8721,25,0.252918
1138,7.92282e+28,3.17006e+26,3.36082e+07,96,27.8037,25,0.257391
1139,7.92282e+28,3.66562e+26,3.36088e+07,96,27.7354,25,0.258472
1140,7.92282e+28,1.16704e+26,1.68238e+07,96,26.3203,24,0.242241
1141,7.92282e+28,3.52179e+26,2.14489e+06,96,24.5957,21,0.225869
1142,7.92282e+28,3.24682e+26,6.71695e+07,96,27.4922,26,0.252084
1143,7.92282e+28,5.04286e+26,1.6836e+07,96,26.3574,24,0.247547
1144,7.92282e+28,6.24581e+26,3.36083e+07,96,27.0098,25,0.248282
1145,7.92282e+28,3.34436e+26,1.68262e+07,96,25.4092,24,0.237873
1146,7.92282e+28,4.99559e+26,6.71645e+07,96,28.0752,26,0.270953
1147,7.92282e+28,6.31792e+26,3.36116e+07,96,27.2109,25,0.254913
1148,7.92282e+28,5.57423e+26,8.44072e+06,96,26.2549,23,0.245121
1149,7.92282e+28,6.27491e+26,1.68336e+07,96,26.9482,24,0.250762
1150,7.92282e+28,4.37637e+26,1.68234e+07,96,25.4082,24,0.234264
1151,3.16913e+29,8.7131e+26,8.44055e+06,98,26.0449,23,0.239201
1152,7.92282e+28,4.88493e+26,2.14173e+06,96,25.085,21,0.239763
1153,7.92282e+28,4.85196e+26,2.13846e+06,96,24.1338,21,0.224679
1154,7.92282e+28,7.19466e+26,8.44038e+06,96,26.5449,23,0.244015
1155,7.92282e+28,9.34087e+26,4.23511e+06,96,25.0811,22,0.234438
1156,7.92282e+28,4.95279e+26,1.68313e+07,96,26.2891,24,0.249203
1157,7.92282e+28,6.02543e+26,1.34274e+08,96,28.0195,27,0.25972
1158,7.92282e+28,1.04101e+27,6.7167e+07,96,27.8271,26,0.258202
1159,7.92282e+28,7.16655e+26,1.34284e+08,96,28.6836,27,0.274541
1160,7.92282e+28,1.00636e+27,3.36181e+07,96,27.3682,25,0.256065
1161,7.92282e+28,1.00124e+27,2.68509e+08,96,29.5059,28,0.267959
1162,7.92282e+28,9.81751e+26,2.6849e+08,96,29.6143,28,0.27976
1163,7.92282e+28,5.40059e+26,1.34274e+08,96,28.3945,27,0.263351
1164,7.92282e+28,9.5836e+26,6.71597e+07,96,27.79,26,0.261195
1165,7.92282e+28,2.53597e+26,3.36107e+07,96,27.3193,25,0.255798
1166,7.92282e+28,3.2542e+26,3.36115e+07,96,27.834,25,0.254677
1167,7.92282e+28,7.47243e+26,3.36021e+07,96,27.6035,25,0.26311
1168,7.92282e+28,1.17811e+27,6.71643e+07,96,28.1602,26,0.264919
1169,7.92282e+28,4.82837e+26,1.09102e+06,96,25.2363,20,0.243898
1170,7.92282e+28,6.7338e+26,8.43384e+06,96,26.7646,23,0.251375
1171,7.92282e+28,7.20357e+26,4.24365e+06,96,25.9434,22,0.245957
1172,7.92282e+28,8.44216e+26,2.13784e+06,96,26.3086,21,0.24903
1173,7.92282e+28,7.87856e+26,4.2399e+06,96,26.0635,22,0.246662
1174,7.92282e+28,3.19892e+26,8.43579e+06,96,26.4062,23,0.260823
1175,7.92282e+28,9.63747e+26,1.08682e+06,96,26.2441,20,0.247638
1176,7.92282e+28,6.10421e+26,8.42743e+06,96,27.3848,23,0.260596
1177,7.92282e+28,5.19046e+26,8.43298e+06,96,26.8145,23,0.250666
1178,7.92282e+28,9.66517e+26,4.23879e+06,96,26.4453,22,0.256761
1179,7.92282e+28,7.05664e+26,4.23045e+06,96,25.7676,22,0.243776
1180,7.92282e+28,8.85305e+26,4.23313e+06,96,26.2734,22,0.246494
1181,7.92282e+28,8.23887e+26,1.08056e+06,96,24.6621,20,0.231975
1182,7.92282e+28,8.38488e+26,1.08615e+06,96,25.335,20,0.2406
1183,7.92282e+28,5.96355e+26,1.08025e+06,96,24.4404,20,0.230345
1184,7.92282e+28,6.73945e+26,550649,96,25.4004,19,0.23958
1185,7.92282e+28,1.08079e+27,560886,96,24.3154,19,0.230755
1186,7.92282e+28,9.35583e+26,154400,96,22.9766,17,0.218459
1187,7.92282e+28,9.34673e+26,1.08955e+06,96,24.6816,20,0.237724
1188,7.92282e+28,4.76556e+26,562054,96,24.127,19,0.226798
1189,7.92282e+28,3.31618e+26,4.23283e+06,96,25.7363,22,0.237993
1190,7.92282e+28,8.22855e+26,1.08504e+06,96,24.9258,20,0.240651
1191,7.92282e+28,7.6779e+26,4.22581e+06,96,25.3994,22,0.239245
1192,7.92282e+28,7.07788e+26,1.68194e+07,96,26.7881,24,0.252268
1193,7.92282e+28,1.04124e+27,4.23505e+06,96,26.2178,22,0.239964
1194,7.92282e+28,4.72722e+26,2.13918e+06,96,25.2227,21,0.23628
1195,7.92282e+28,6.33955e+26,290162,96,23.3359,18,0.217895
1196,7.92282e+28,9.76161e+26,560674,96,25.0732,19,0.235674
1197,7.92282e+28,7.11613e+26,296877,96,24.002,18,0.227009
1198,7.92282e+28,6.89482e+26,557178,96,23.9717,19,0.227897
1199,7.92282e+28,4.85087e+26,289863,96,23.2275,18,0.219225
1200,7.92282e+28,9.6428e+26,298789,96,24.1699,18,0.22885
1201,7.92282e+28,9.17303e+26,158956,96,23.0557,17,0.225897
1202,7.92282e+28,6.2298e+26,156416,96,22.6895,17,0.215694
1203,7.92282e+28,1.24825e+27,297466,96,24.2695,18,0.229083
1204,7.92282e+28,1.11142e+27,1.08387e+06,96,25.6104,20,0.236994
1205,7.92282e+28,9.78398e+26,285003,96,23.9502,18,0.22553
1206,7.92282e+28,9.61412e+26,553438,96,23.7715,19,0.232158
1207,7.92282e+28,1.00942e+27,1.08213e+06,96,25.1084,20,0.241743
1208,7.92282e+28,1.37498e+27,4.23141e+06,96,27.0879,22,0.265077
1209,7.92282e+28,1.55297e+27,8.42293e+06,96,27.9541,23,0.265795
1210,7.92282e+28,1.38687e+27,8.43704e+06,96,27.3506,23,0.254569
1211,7.92282e+28,1.61157e+27,4.23671e+06,96,26.7139,22,0.251208
1212,7.92282e+28,2.24654e+27,3.36034e+07,96,28.8105,25,0.265624
1213,7.92282e+28,1.76319e+27,1.68259e+07,96,27.5791,24,0.258755
1214,7.92282e+28,1.51316e+27,4.2426e+06,96,27.2246,22,0.25598
1215,7.92282e+28,1.75226e+27,1.08004e+06,96,26.3555,20,0.24661
1216,7.92282e+28,1.16608e+27,1.085e+06,96,26.4707,20,0.253005
1217,7.92282e+28,5.49434e+26,1.09128e+06,96,26.3154,20,0.250831
1218,7.92282e+28,1.43622e+27,1.08538e+06,96,25.9619,20,0.239076
1219,7.92282e+28,1.3735e+27,6.71695e+07,96,28.9453,26,0.270386
1220,7.92282e+28,1.5471e+27,8.43512e+06,96,27.7412,23,0.259572
1221,7.92282e+28,2.0571e+27,2.13923e+06,96,27.4648,21,0.25687
1222,7.92282e+28,1.36777e+27,4.2379e+06,96,27.5508,22,0.259511
1223,7.92282e+28,9.42985e+26,2.14381e+06,96,27.2383,21,0.265388
1224,7.92282e+28,1.18563e+27,8.43536e+06,96,27.8262,23,0.259771
1225,7.92282e+28,2.16686e+27,2.13537e+06,96,27.2539,21,0.256513
1226,7.92282e+28,1.3464e+27,1.68329e+07,96,27.9453,24,0.264243
1227,7.92282e+28,1.32973e+27,8.435e+06,96,28.0518,23,0.264851
1228,7.92282e+28,1.92264e+27,3.36187e+07,96,28.8213,25,0.268772
1229,7.92282e+28,1.98964e+27,1.68166e+07,96,27.9229,24,0.266086
1230,7.92282e+28,9.09169e+26,4.23918e+06,96,27.1689,22,0.260695
1231,7.92282e+28,1.03896e+27,1.68295e+07,96,28.4043,24,0.281199
1232,7.92282e+28,1.45353e+27,1.68179e+07,96,28.0781,24,0.265197
1233,7.92282e+28,1.85258e+27,3.3609e+07,96,28.4414,25,0.272562
1234,7.92282e+28,1.27654e+27,1.68343e+07,96,28.2402,24,0.272501
1235,7.92282e+28,1.26926e+27,3.3607e+07,96,28.5586,25,0.27422
1236,7.92282e+28,1.73811e+27,3.35926e+07,96,28.832,25,0.273538
1237,7.92282e+28,1.59862e+27,1.34267e+08,96,29.2871,27,0.288587
1238,7.92282e+28,1.43748e+27,1.68319e+07,96,27.9873,24,0.26248
1239,7.92282e+28,1.2756e+27,4.24276e+06,96,27.3115,22,0.265544
1240,7.92282e+28,1.08025e+27,1.68244e+07,96,27.4238,24,0.26205
1241,7.92282e+28,1.45819e+27,2.14512e+06,96,27.0059,21,0.263798
1242,7.92282e+28,1.47875e+27,2.13727e+06,96,26.9092,21,0.263421
1243,7.92282e+28,1.63864e+27,559734,96,26.0293,19,0.246367
1244,7.92282e+28,1.57127e+27,2.13419e+06,96,27.5791,21,0.261734
1245,7.92282e+28,1.99174e+27,2.13585e+06,96,27.6846,21,0.26575
1246,7.92282e+28,1.30569e+27,8.4284e+06,96,27.9688,23,0.262974
1247,7.92282e+28,1.4907e+27,8.44174e+06,96,28.6133,23,0.271879
1248,7.92282e+28,2.27054e+27,1.34274e+08,96,30.5742,27,0.289212
1249,7.92282e+28,2.16767e+27,1.68333e+07,96,29.2598,24,0.274129
1250,7.92282e+28,2.25839e+27,6.71684e+07,96,31.4277,26,0.29681
1251,7.92282e+28,2.57256e+27,4.23784e+06,96,29.6709,22,0.283873
1252,7.92282e+28,3.00413e+27,6.7161e+07,96,31.6855,26,0.307457
1253,7.92282e+28,2.23162e+27,1.0738e+09,96,33.2275,30,0.313988
1254,7.92282e+28,2.4895e+27,5.36948e+08,96,32.0352,29,0.305283
1255,7.92282e+28,2.80796e+27,6.71643e+07,96,31.1006,26,0.300609
1256,7.92282e+28,2.95198e+27,2.68503e+08,96,31.8994,28,0.3015
1257,7.92282e+28,1.6335e+27,6.71821e+07,96,30.9248,26,0.290402
1258,7.92282e+28,1.91261e+27,2.685e+08,96,32.3145,28,0.303235
1259,7.92282e+28,2.73877e+27,2.14757e+09,96,34.335,31,0.327996
1260,7.92282e+28,1.87194e+27,2.68494e+08,96,32.2549,28,0.308357
1261,7.92282e+28,1.98708e+27,2.14757e+09,96,32.582,31,0.312275
1262,7.92282e+28,1.96736e+27,2.68496e+08,96,32.6455,28,0.309445
1263,7.92282e+28,1.93179e+27,1.34281e+08,96,31.9004,27,0.30478
1264,7.92282e+28,1.39903e+27,1.3428e+08,96,31.0098,27,0.29444
1265,7.92282e+28,2.98097e+27,5.36944e+08,96,32.9648,29,0.316951
1266,7.92282e+28,2.91412e+27,3.36183e+07,96,31.501,25,0.305409
1267,7.92282e+28,3.35573e+27,1.34293e+08,96,32.877,27,0.309241
1268,7.92282e+28,2.87827e+27,1.3428e+08,96,31.8994,27,0.303832
1269,7.92282e+28,3.09607e+27,1.34276e+08,96,32.2793,27,0.310916
1270,7.92282e+28,2.96138e+27,1.34294e+08,96,33.1572,27,0.315935
1271,7.92282e+28,2.67266e+27,1.34285e+08,96,32.7471,27,0.318925
1272,7.92282e+28,2.55753e+27,3.36023e+07,96,30.7305,25,0.294212
1273,7.92282e+28,2.45573e+27,1.3428e+08,96,30.877,27,0.28904
1274,7.92282e+28,2.67854e+27,6.7175e+07,96,30.8711,26,0.289502
1275,7.92282e+28,2.32861e+27,1.07381e+09,96,32.999,30,0.320917
1276,7.92282e+28,2.61818e+27,5.36937e+08,96,32.498,29,0.304523
1277,7.92282e+28,1.65027e+27,2.68495e+08,96,30.6318,28,0.292655
1278,7.92282e+28,1.92349e+27,6.71696e+07,96,30.6865,26,0.296142
1279,7.92282e+28,1.58118e+27,1.3429e+08,96,31.0596,27,0.295243
1280,7.92282e+28,2.03559e+27,6.71775e+07,96,31.2803,26,0.300136
1281,7.92282e+28,2.43406e+27,6.71649e+07,96,31.0742,26,0.306577
1282,7.92282e+28,2.4764e+27,6.7169e+07,96,31.1816,26,0.297278
1283,7.92282e+28,2.9525e+27,1.68278e+07,96,30.5859,24,0.289154
1284,7.92282e+28,2.12045e+27,2.6849e+08,96,31.1709,28,0.300933
1285,7.92282e+28,1.96967e+27,1.34276e+08,96,31.21,27,0.293079
1286,7.92282e+28,2.11129e+27,6.7172e+07,96,30.5605,26,0.298425
1287,7.92282e+28,1.35577e+27,6.71677e+07,96,30.0586,26,0.290321
1288,7.92282e+28,2.01042e+27,1.68202e+07,96,29.5977,24,0.286851
1289,7.92282e+28,2.11584e+27,1.34288e+08,96,31.25,27,0.293331
1290,7.92282e+28,2.5072e+27,3.36124e+07,96,30.1494,25,0.290511
1291,7.92282e+28,1.62979e+27,1.68259e+07,96,28.5615,24,0.280109
1292,7.92282e+28,2.05579e+27,6.71695e+07,96,30.5186,26,0.298602
1293,7.92282e+28,2.2481e+27,1.68216e+07,96,29.0625,24,0.277168
1294,7.92282e+28,2.49456e+27,4.24505e+06,96,28.793,22,0.289209
1295,7.92282e+28,1.82422e+27,1.6828e+07,96,28.2588,24,0.272508
1296,7.92282e+28,1.44427e+27,3.3619e+07,96,29.582,25,0.283939
1297,7.92282e+28,1.90304e+27,6.71596e+07,96,30.0693,26,0.285789
1298,7.92282e+28,1.68661e+27,1.34277e+08,96,30.4297,27,0.282782
1299,7.92282e+28,1.96042e+27,2.68506e+08,96,31.4014,28,0.299742
1300,7.92282e+28,1.99499e+27,6.71751e+07,96,30.6455,26,0.302749
1301,7.92282e+28,1.9013e+27,5.36935e+08,96,32.0195,29,0.301683
1302,7.92282e+28,2.00703e+27,1.34278e+08,96,30.4541,27,0.289389
1303,7.92282e+28,1.55438e+27,1.34282e+08,96,30.7988,27,0.291431
1304,7.92282e+28,1.77752e+27,1.3426e+08,96,30.6357,27,0.293035
1305,7.92282e+28,1.68416e+27,1.34282e+08,96,30.5596,27,0.289185
1306,7.92282e+28,1.45561e+27,6.71632e+07,96,29.8223,26,0.292282
1307,7.92282e+28,1.5048e+27,2.68504e+08,96,32.1914,28,0.313422
1308,7.92282e+28,1.66945e+27,1.34288e+08,96,31.6504,27,0.306482
1309,1.58456e+29,2.19094e+27,1.07381e+09,97,33.498,30,0.316067
1310,7.92282e+28,1.76774e+27,2.14756e+09,96,33.502,31,0.317452
1311,7.92282e+28,1.71754e+27,5.36948e+08,96,32.9707,29,0.314969
1312,7.92282e+28,2.42388e+27,1.07383e+09,96,32.7686,30,0.309192
1313,7.92282e+28,1.84213e+27,5.36939e+08,96,33.3438,29,0.315599
1314,7.92282e+28,2.89371e+27,5.3695e+08,96,33.5068,29,0.322708
1315,7.92282e+28,2.45929e+27,1.34273e+08,96,32.0078,27,0.307569
1316,7.92282e+28,3.06147e+27,5.36934e+08,96,32.9707,29,0.31114
1317,7.92282e+28,3.56623e+27,2.14756e+09,96,34.2568,31,0.325192
1318,7.92282e+28,3.32094e+27,2.14756e+09,96,34.6367,31,0.325525
1319,7.92282e+28,3.69121e+27,5.36949e+08,96,33.8789,29,0.32124
1320,7.92282e+28,3.48575e+27,6.71733e+07,96,31.7266,26,0.304666
1321,7.92282e+28,3.31768e+27,1.34272e+08,96,31.8945,27,0.301457
1322,7.92282e+28,3.35348e+27,5.36945e+08,96,33.3584,29,0.323347
1323,7.92282e+28,2.98901e+27,1.34273e+08,96,32.2158,27,0.305062
1324,7.92282e+28,3.87146e+27,1.34282e+08,96,32.9619,27,0.315909
1325,7.92282e+28,3.71356e+27,5.36951e+08,96,34.0576,29,0.325634
1326,7.92282e+28,3.5541e+27,2.14757e+09,96,34.7148,31,0.341314
1327,7.92282e+28,3.16362e+27,4.29506e+09,96,34.8867,32,0.336531
1328,7.92282e+28,4.39897e+27,2.14756e+09,96,34.7178,31,0.33084
1329,7.92282e+28,4.61517e+27,8.59003e+09,96,35.9922,33,0.34073
1330,7.92282e+28,3.57956e+27,2.14757e+09,96,33.7812,31,0.32778
1331,7.92282e+28,4.90011e+27,1.71799e+10,96,36.6094,34,0.365607
1332,7.92282e+28,4.26507e+27,2.14756e+09,96,34.3789,31,0.323553
1333,7.92282e+28,4.16822e+27,2.14756e+09,96,34.5801,31,0.329408
1334,7.92282e+28,4.68181e+27,2.14756e+09,96,34.8486,31,0.330648
1335,7.92282e+28,4.40392e+27,1.71799e+10,96,35.9932,34,0.339944
1336,7.92282e+28,4.931e+27,2.14756e+09,96,36.0703,31,0.341804
1337,7.92282e+28,4.46249e+27,1.07384e+09,96,34.9531,30,0.339495
1338,7.92282e+28,3.77403e+27,1.07383e+09,96,34.7871,30,0.337244
1339,1.58456e+29,4.37278e+27,4.29506e+09,97,35.8682,32,0.340574
1340,7.92282e+28,4.48654e+27,1.718e+10,96,37.667,34,0.366107
1341,7.92282e+28,4.29503e+27,4.29504e+09,96,35.2627,32,0.344746
1342,7.92282e+28,4.31355e+27,1.34283e+08,96,33.2617,27,0.322632
1343,7.92282e+28,4.38204e+27,8.59002e+09,96,36.2188,33,0.353814
1344,7.92282e+28,4.3368e+27,1.718e+10,96,35.9863,34,0.345749
1345,7.92282e+28,4.23404e+27,2.14756e+09,96,34.4268,31,0.337006
1346,7.92282e+28,4.75689e+27,1.718e+10,96,37.5742,34,0.355957
1347,7.92282e+28,4.68524e+27,3.43598e+10,96,38.5381,35,0.372296
1348,7.92282e+28,4.04131e+27,1.718e+10,96,37.1953,34,0.35293
1349,7.92282e+28,5.51963e+27,2.14756e+09,96,36.3652,31,0.354675
1350,7.92282e+28,5.10658e+27,3.43598e+10,96,38.749,35,0.369216
1351,3.16913e+29,5.51239e+27,1.718e+10,98,37.9639,34,0.37417
1352,3.16913e+29,5.41132e+27,1.71799e+10,98,37.4863,34,0.362935
1353,7.92282e+28,4.79523e+27,1.718e+10,96,38.3682,34,0.366521
1354,7.92282e+28,4.93358e+27,2.14758e+09,96,36.2646,31,0.350016
1355,7.92282e+28,5.01665e+27,1.718e+10,96,38.1172,34,0.365546
1356,7.92282e+28,5.21708e+27,8.59003e+09,96,37.1104,33,0.358856
1357,7.92282e+28,5.24678e+27,3.43598e+10,96,38.6484,35,0.382124
1358,7.92282e+28,4.3136e+27,8.59003e+09,96,36.8047,33,0.357645
1359,7.92282e+28,4.95415e+27,8.59003e+09,96,37.1875,33,0.355598
1360,7.92282e+28,5.74478e+27,3.43598e+10,96,39.2031,35,0.383772
1361,7.92282e+28,6.65332e+27,1.718e+10,96,38.8242,34,0.369219
1362,7.92282e+28,6.35264e+27,3.43598e+10,96,39.4873,35,0.391406
1363,7.92282e+28,6.34501e+27,3.43598e+10,96,39.0908,35,0.381835
1364,7.92282e+28,5.88317e+27,1.718e+10,96,38.4072,34,0.385187
1365,7.92282e+28,5.64416e+27,1.718e+10,96,38.1094,34,0.369332
1366,3.16913e+29,7.28086e+27,6.87196e+10,98,40.0508,36,0.38435
1367,7.92282e+28,7.00219e+27,3.43598e+10,96,39.3691,35,0.381025
1368,7.92282e+28,6.3477e+27,3.43598e+10,96,39.1211,35,0.372504
1369,3.16913e+29,6.44783e+27,3.43598e+10,98,39.0811,35,0.390571
1370,7.92282e+28,6.82227e+27,1.37439e+11,96,41.7236,37,0.413724
1371,7.92282e+28,6.98467e+27,3.43598e+10,96,40.3252,35,0.392143
1372,7.92282e+28,7.264e+27,5.49756e+11,96,42.5742,39,0.408872
1373,1.58456e+29,6.61713e+27,5.49756e+11,97,41.9902,39,0.407742
1374,7.92282e+28,6.86358e+27,3.43598e+10,96,40.0527,35,0.38412
1375,7.92282e+28,7.90636e+27,1.37439e+11,96,41.5527,37,0.398701
1376,7.92282e+28,6.96235e+27,6.87196e+10,96,40.8457,36,0.397027
1377,7.92282e+28,7.05836e+27,1.37439e+11,96,41.1963,37,0.39448
1378,7.92282e+28,6.90346e+27,3.43598e+10,96,39.8828,35,0.386536
1379,7.92282e+28,8.10091e+27,2.74878e+11,96,42.5596,38,0.408645
1380,7.92282e+28,6.64014e+27,1.37439e+11,96,40.6201,37,0.401624
1381,3.16913e+29,7.96028e+27,1.37439e+11,98,41.0293,37,0.394825
1382,3.16913e+29,7.09455e+27,5.49756e+11,98,42.5557,39,0.427886
1383,7.92282e+28,7.33572e+27,2.74878e+11,96,42.0791,38,0.412217
1384,7.92282e+28,7.41652e+27,5.49756e+11,96,42.5635,39,0.410712
1385,3.16913e+29,8.76923e+27,1.09951e+12,98,43.8779,40,0.421804
1386,7.92282e+28,8.82329e+27,4.39805e+12,96,44.1064,42,0.42092
1387,7.92282e+28,7.47582e+27,2.19902e+12,96,43.8516,41,0.422435
1388,7.92282e+28,8.53131e+27,1.75922e+13,96,45.5273,44,0.440372
1389,7.92282e+28,7.44561e+27,1.09951e+12,96,42.2744,40,0.414786
1390,7.92282e+28,9.51327e+27,4.39805e+12,96,44.1719,42,0.430901
1391,7.92282e+28,9.19066e+27,3.51844e+13,96,45.21,45,0.454924
1392,1.58456e+29,1.10989e+28,1.40737e+14,97,46.1641,47,0.472081
1393,1.58456e+29,9.50175e+27,8.79609e+12,97,44.46,43,0.445493
1394,7.92282e+28,1.0591e+28,1.75922e+13,96,45.3984,44,0.436757
1395,7.92282e+28,1.03978e+28,1.40737e+14,96,47.1484,47,0.452014
1396,7.92282e+28,9.12454e+27,1.40737e+14,96,46.5615,47,0.443955
1397,7.92282e+28,9.53349e+27,1.75922e+13,96,45.8066,44,0.447315
1398,7.92282e+28,9.26466e+27,1.40737e+14,96,46.3877,47,0.457916
1399,7.92282e+28,1.11389e+28,1.75922e+13,96,46.0186,44,0.445118
1400,7.92282e+28,1.06418e+28,7.03687e+13,96,46.9629,46,0.446981
1401,7.92282e+28,1.09896e+28,7.03687e+13,96,46.7139,46,0.444581
1402,7.92282e+28,1.03292e+28,1.75922e+13,96,46.25,44,0.437035
1403,3.16913e+29,1.00191e+28,1.1259e+15,98,47.624,50,0.45592
1404,7.92282e+28,9.7855e+27,5.6295e+14,96,47.6895,49,0.470338
1405,7.92282e+28,1.05863e+28,2.81475e+14,96,47.4521,48,0.470059
1406,7.92282e+28,1.05569e+28,8.79609e+12,96,45.8076,43,0.442683
1407,7.92282e+28,9.81035e+27,3.51844e+13,96,46.3594,45,0.449046
1408,7.92282e+28,1.01522e+28,8.79609e+12,96,45.7207,43,0.446862
1409,7.92282e+28,1.07008e+28,1.1259e+15,96,47.6719,50,0.473201
1410,7.92282e+28,1.25801e+28,3.51844e+13,96,47.376,45,0.461773
1411,7.92282e+28,1.13176e+28,1.75922e+13,96,46.4893,44,0.453619
1412,3.16913e+29,1.04574e+28,7.03687e+13,98,46.7568,46,0.462353
1413,3.16913e+29,1.09325e+28,1.75922e+13,98,46.3359,44,0.455837
1414,7.92282e+28,1.06783e+28,7.03687e+13,96,45.6846,46,0.450711
1415,7.92282e+28,1.13311e+28,7.03687e+13,96,46.8105,46,0.452555
1416,7.92282e+28,1.09507e+28,7.03687e+13,96,46.5381,46,0.452582
1417,3.16913e+29,1.19596e+28,2.81475e+14,98,47.8779,48,0.460512
1418,7.92282e+28,1.10379e+28,7.03687e+13,96,46.877,46,0.457358
1419,7.92282e+28,9.81586e+27,3.51844e+13,96,46.6318,45,0.451326
1420,1.58456e+29,1.00067e+28,5.6295e+14,97,47.4014,49,0.471862
1421,7.92282e+28,1.02275e+28,1.09951e+12,96,45.3486,40,0.436737
1422,3.16913e+29,1.0486e+28,1.40737e+14,98,46.627,47,0.459109
1423,7.92282e+28,1.06506e+28,4.39805e+12,96,44.6182,42,0.453005
1424,7.92282e+28,9.04452e+27,5.49756e+11,96,44.5947,39,0.441751
1425,7.92282e+28,1.07711e+28,7.03687e+13,96,46.6172,46,0.447398
1426,1.58456e+29,9.78087e+27,1.75922e+13,97,46.2715,44,0.452878
1427,3.16913e+29,1.02222e+28,1.75922e+13,98,45.8223,44,0.453428
1428,7.92282e+28,1.08488e+28,3.51844e+13,96,45.8594,45,0.451431
1429,7.92282e+28,1.17236e+28,3.51844e+13,96,46.7744,45,0.460958
1430,7.92282e+28,1.10042e+28,1.40737e+14,96,47.5586,47,0.461039
1431,7.92282e+28,1.15024e+28,1.40737e+14,96,47.4219,47,0.46148
1432,3.16913e+29,1.1845e+28,4.5036e+15,98,49.1934,52,0.480601
1433,7.92282e+28,1.1635e+28,1.75922e+13,96,46.5078,44,0.455664
1434,7.92282e+28,1.19125e+28,1.75922e+13,96,46.9297,44,0.461632
1435,7.92282e+28,1.29458e+28,1.75922e+13,96,47.1025,44,0.458545
1436,7.92282e+28,1.28688e+28,5.6295e+14,96,47.9932,49,0.457823
1437,7.92282e+28,1.33211e+28,1.40737e+14,96,48.1416,47,0.460711
1438,7.92282e+28,1.17659e+28,3.51844e+13,96,47.1279,45,0.465075
1439,7.92282e+28,1.06151e+28,5.6295e+14,96,48.0293,49,0.475197
1440,7.92282e+28,1.25057e+28,5.6295e+14,96,48.4971,49,0.47318
1441,7.92282e+28,1.2108e+28,1.1259e+15,96,48.8418,50,0.475947
1442,7.92282e+28,1.3538e+28,4.5036e+15,96,49.4727,52,0.471916
1443,7.92282e+28,1.2306e+28,2.2518e+15,96,48.9219,51,0.474845
1444,3.16913e+29,1.17417e+28,5.6295e+14,98,48.2881,49,0.472235
1445,7.92282e+28,1.06016e+28,3.51844e+13,96,46.4053,45,0.458555
1446,3.16913e+29,1.25608e+28,1.1259e+15,98,48.8691,50,0.482661
1447,7.92282e+28,1.20898e+28,1.80144e+16,96,49.0186,54,0.475542
1448,3.16913e+29,1.17152e+28,5.6295e+14,98,47.5928,49,0.461111
1449,7.92282e+28,1.08745e+28,4.39805e+12,96,45.7305,42,0.451095
1450,7.92282e+28,1.09207e+28,7.03687e+13,96,46.2549,46,0.446626
1451,7.92282e+28,1.34059e+28,4.5036e+15,96,49.3076,52,0.475443
1452,7.92282e+28,1.16338e+28,3.51844e+13,96,47.0684,45,0.45837
1453,7.92282e+28,1.16311e+28,1.1259e+15,96,48.1455,50,0.462066
1454,7.92282e+28,1.25851e+28,7.03687e+13,96,47.1357,46,0.469366
1455,7.92282e+28,1.26752e+28,5.6295e+14,96,47.9521,49,0.463322
1456,7.92282e+28,1.3908e+28,9.0072e+15,96,49.6318,53,0.475959
1457,3.16913e+29,1.43221e+28,9.0072e+15,98,49.8877,53,0.493739
1458,3.16913e+29,1.31792e+28,2.2518e+15,98,49.2393,51,0.470582
1459,3.16913e+29,1.31997e+28,5.6295e+14,98,48.5586,49,0.473021
1460,7.92282e+28,1.34345e+28,4.5036e+15,96,49.8467,52,0.480607
1461,3.16913e+29,1.38614e+28,2.81475e+14,98,48.4521,48,0.47901
1462,7.92282e+28,1.29808e+28,1.80144e+16,96,50.0127,54,0.482599
1463,7.92282e+28,1.35614e+28,4.5036e+15,96,50.3525,52,0.4795
1464,7.92282e+28,1.32085e+28,9.0072e+15,96,50.377,53,0.485197
1465,3.16913e+29,1.33172e+28,2.2518e+15,98,49.6748,51,0.486243
1466,3.16913e+29,1.34469e+28,9.0072e+15,98,49.4824,53,0.480332
1467,3.16913e+29,1.51747e+28,3.60288e+16,98,51.6641,55,0.499295
1468,7.92282e+28,1.37329e+28,1.1259e+15,96,49.9072,50,0.493618
1469,7.92282e+28,1.42824e+28,3.60288e+16,96,50.416,55,0.487161
1470,7.92282e+28,1.53915e+28,7.20576e+16,96,51.3984,56,0.501287
1471,3.16913e+29,1.53703e+28,2.8823e+17,98,51.6992,58,0.496084
1472,3.16913e+29,1.46738e+28,7.20576e+16,98,51.2119,56,0.498881
1473,1.58456e+29,1.46524e+28,5.76461e+17,97,51.7344,59,0.500137
1474,3.16913e+29,1.51893e+28,1.44115e+17,98,51.3037,57,0.498104
1475,3.16913e+29,1.61889e+28,7.20576e+16,98,52.1953,56,0.499938
1476,3.16913e+29,1.72864e+28,5.76461e+17,98,53.1279,59,0.5169
1477,7.92282e+28,1.58288e+28,4.61169e+18,96,53.7695,62,0.525216
1478,7.92282e+28,1.70739e+28,5.76461e+17,96,53.2393,59,0.512571
1479,7.92282e+28,1.67444e+28,1.15292e+18,96,52.9951,60,0.512651
1480,7.92282e+28,1.4149e+28,7.20576e+16,96,51.9795,56,0.509218
1481,7.92282e+28,1.6419e+28,2.8823e+17,96,53.1387,58,0.509249
1482,7.92282e+28,1.55084e+28,7.20576e+16,96,51.7627,56,0.49508
1483,7.92282e+28,1.64196e+28,5.76461e+17,96,53.6699,59,0.514
1484,7.92282e+28,1.60062e+28,2.8823e+17,96,52.5703,58,0.517409
1485,7.92282e+28,1.51155e+28,1.44115e+17,96,52.7695,57,0.507494
1486,7.92282e+28,1.54048e+28,3.60288e+16,96,51.127,55,0.495677
1487,3.16913e+29,1.61152e+28,1.80144e+16,98,51.4375,54,0.507014
1488,7.92282e+28,1.69947e+28,2.8823e+17,96,52.9629,58,0.511076
1489,3.16913e+29,1.77259e+28,3.60288e+16,98,51.0869,55,0.490121
1490,7.92282e+28,1.55097e+28,2.8823e+17,96,54.1289,58,0.517214
1491,3.16913e+29,1.5844e+28,7.20576e+16,98,51.7891,56,0.49821
1492,1.58456e+29,1.71238e+28,5.76461e+17,97,53.3789,59,0.519095
1493,3.16913e+29,1.78871e+28,5.76461e+17,98,53.7617,59,0.515111
1494,3.16913e+29,1.68172e+28,5.76461e+17,98,52.8672,59,0.508886
1495,7.92282e+28,1.79491e+28,1.15292e+18,96,53.4355,60,0.514504
1496,7.92282e+28,1.68138e+28,5.76461e+17,96,52.668,59,0.511686
1497,7.92282e+28,1.83131e+28,4.61169e+18,96,53.7822,62,0.516487
1498,3.16913e+29,1.78214e+28,1.15292e+18,98,52.8936,60,0.511764
1499,3.16913e+29,1.84092e+28,1.44115e+17,98,52.8398,57,0.505289
